0  0  0  0  43902  30906  3  1  0  0  0  37  78  34  30772  1753  1  0  0  0  0  0  1  81306  0  0  1  0  0  0  14693  17  0  0  0  0  0  0  251  17  0  0  0  0  0  0  3456  0  214  0  0  14354  15501  109  0  2  0  0  0  0  0  47830  1486  8730  0  2  1  15  1  32834  0  0  0  0  0  0  0  0  0  0  0  0  0  0  0  0  0  0  0  4  0  0  0  0  0  0  0  0  0  0  0  0  0  0  2  0  0  0  0  0  0  0  0  0  0  0  0  0  0  0  0  0  0  0  0  0  0  0  0  0  0  0  0  0  0  0  0  0  0  0  0  0  0  6  0  0  0  0  1  252  0  0  3842  97  0  0  0  0  0  0  
0  0  0  0  0  0  0  0  0  0  24  0  0  0  0  0  0  0  54538  5  68558  2770  40  0  6  1  0  0  1  0  0  0  0  6  76  1  4881  19  0  0  0  73106  228  3656  0  0  0  18  0  568  42292  0  0  0  2  8  42383  25  40587  13028  19508  0  0  0  47  0  0  0  0  0  0  4798  1200  0  0  0  0  0  0  0  0  0  0  0  0  0  0  0  0  0  0  0  0  0  16  226  0  0  0  0  0  0  0  0  0  0  0  0  0  0  0  0  0  0  0  0  0  0  0  0  0  0  0  0  7  0  0  0  0  0  0  0  0  0  228  0  0  0  0  0  0  0  0  0  0  0  0  0  36  0  239  25  1  0  0  0  0  0  0  0  
0  0  0  0  0  0  4  14736  4  0  0  0  0  0  0  36888  0  0  0  0  0  0  0  0  0  0  17686  25890  71560  9841  0  0  0  0  0  0  0  0  0  0  0  0  0  0  53941  51062  0  0  0  0  0  0  0  25  0  1  0  0  0  0  0  0  0  0  0  0  1594  0  11296  0  2  0  0  0  0  0  2336  0  0  0  0  15  0  0  0  0  0  0  0  129  0  0  0  0  0  0  0  0  0  0  16  0  0  66  0  0  0  0  0  0  0  0  0  0  0  0  0  0  0  67  0  0  0  0  0  0  0  0  0  0  0  0  0  0  0  0  0  0  0  0  0  0  0  0  5  0  0  0  0  0  0  0  0  0  0  0  0  0  0  0  
0  0  0  0  0  0  0  1  0  2  0  50623  6  596  14  0  244  52  0  0  0  0  1  6  221  51784  0  46341  20870  0  0  0  4328  313  1  1386  0  0  25  914  4038  0  0  0  36667  0  4  107  69847  0  0  44  0  1  178  512  2  0  0  0  0  3  0  4  3  3  8383  28397  12  0  9  0  859  932  0  0  0  0  0  0  0  0  0  0  0  0  0  0  0  0  0  0  0  0  0  0  0  0  0  0  0  0  0  0  0  0  0  0  0  0  0  0  0  0  0  0  0  0  0  0  0  0  0  0  0  0  0  0  0  0  0  0  0  0  0  0  0  0  0  0  0  0  0  0  0  0  0  0  0  5  0  121  1266  186  0  0  0  0  0  0  
42190  0  0  0  0  14269  3  3  0  0  0  2  0  0  146  45579  0  0  0  0  0  0  0  124  0  0  0  0  0  0  15148  1  0  0  0  0  0  0  0  0  0  0  0  0  0  0  145  0  6  0  0  93  35229  80  0  0  0  0  0  0  0  7  5  122  0  0  0  0  1  18919  0  0  0  0  0  0  0  0  5  0  0  0  0  0  0  0  0  0  0  24  0  0  0  0  0  0  0  0  0  0  0  0  0  0  0  0  0  0  0  0  0  0  0  0  0  0  0  0  0  0  0  0  0  0  0  0  0  0  0  0  0  0  0  0  0  0  0  0  0  0  0  0  0  4  0  0  0  0  0  43  0  0  343  6  0  0  0  0  0  0  
21442  0  0  0  38156  0  37530  2038  46  0  0  35  7  7  657  96886  1  24  0  2  0  0  33  8836  2  0  6  2  41  3  125  18554  0  0  0  1  0  0  35  4  0  0  0  0  108  36  2202  0  261  0  0  5549  58714  25631  0  97  3  5  1  0  1  672  9771  12420  17  66111  24  252  312  55514  28  0  3  0  0  0  0  0  41  6654  117  1  0  0  0  0  0  0  0  673  0  0  0  0  0  0  0  0  0  0  0  0  0  0  45  160  0  0  0  0  0  0  0  0  0  0  0  0  0  0  0  0  0  0  0  0  0  0  0  0  0  0  0  0  0  0  0  0  0  7480  0  0  0  197  0  0  0  0  24  82467  0  36  6719  1550  0  11  0  0  0  1  
10  0  1  0  103  40650  0  47916  1109  0  0  5  0  0  743  78750  0  0  0  1  0  0  0  2  1  3  12  7  42  7  0  0  0  0  0  5  0  0  0  0  8  1  0  4  163  40  7  1  14  0  0  547  806  43538  0  266  4  5  1  0  0  0  0  0  35  35187  60  137  251  1  97  0  14  0  0  0  2  0  0  294  4994  1352  3  0  0  0  0  0  0  165  0  0  0  0  0  0  0  0  0  0  0  0  0  0  0  0  0  0  0  0  0  0  0  0  0  0  0  0  0  2  0  0  0  0  0  0  0  0  0  0  0  0  0  0  0  0  0  0  0  342  0  0  0  0  0  0  0  0  0  20201  0  3  111  14  0  0  0  0  0  0  
3  0  10837  0  47  2969  48381  0  16539  0  0  0  0  0  425  42888  0  0  1  7  0  0  0  1  10  2  93  258  2129  24  0  0  0  0  0  17  0  0  0  0  19  0  0  2  34356  33445  0  2  13  0  0  47  234  42021  0  1416  4  13  1  0  0  0  0  0  47  23507  665  183  15575  2  278  0  38  0  0  0  319  0  0  0  24  2855  172  0  0  0  0  0  0  161  0  0  0  0  0  0  0  0  0  0  0  0  0  0  0  0  0  0  0  0  0  0  0  0  0  0  0  0  0  106  0  0  0  0  0  0  0  0  0  0  0  0  0  0  0  0  0  0  0  1  0  0  0  0  9  0  0  0  0  645  0  48  119  39  0  0  0  0  0  0  
0  1  1  0  0  54  859  16209  0  8837  1  0  0  0  80  1  0  0  0  15  0  11  0  0  12  5  30  65  25  6070  0  0  0  0  0  3  0  0  0  0  17  0  0  65  702  20252  0  5  2  0  0  5  0  15  0  1559  7  9  0  0  0  0  0  0  66  30742  445  18  60  0  45996  0  25  0  0  0  0  0  0  0  2  510  3250  17  1  0  0  0  0  0  0  0  0  0  0  0  0  0  0  0  0  0  0  98  0  0  0  0  0  0  0  0  0  0  0  0  0  0  0  116  0  0  0  0  0  0  0  0  0  0  0  0  0  0  0  0  0  0  0  127  0  0  0  0  937  0  0  0  0  341  247  29  42  10  0  0  0  0  1  0  
0  0  0  0  0  0  1  0  11341  0  225  7  0  0  1  0  0  0  2  60  0  1993  8362  0  11  4  6  0  6  15124  0  0  1  0  1  1  0  0  1  5  1358  0  0  32818  32  1  0  919  23  0  0  8  0  2  1  711  1  34  1  0  0  0  0  0  2005  45108  26  8  2  0  969  0  66  17  0  0  0  0  0  0  0  1  54  14  2  0  0  0  0  0  0  0  0  0  0  1  0  0  0  0  0  0  0  21  0  0  0  0  0  0  0  0  0  0  0  0  0  0  0  0  0  0  0  0  0  0  0  0  0  0  0  0  0  0  0  0  0  0  1  40302  0  0  0  0  7  0  0  0  6  1  9744  20000  12973  497  0  0  0  731  0  0  
0  18  0  0  0  0  0  0  0  40  0  0  0  0  0  0  0  0  160  87308  2  15814  3  0  6  0  74  0  0  5936  0  0  0  0  0  0  0  0  0  0  1  24607  0  117801  4  0  0  2  0  0  4  0  0  0  0  22  588  4458  55  0  63  0  0  0  83434  0  0  0  0  0  2  8  10  0  0  0  0  0  0  0  0  0  2  7  8573  0  0  0  0  0  0  0  0  811  0  50  0  0  0  0  0  0  0  231  0  0  0  0  0  0  0  0  0  0  0  185  0  9  0  0  0  0  0  0  0  0  0  0  0  0  0  0  0  0  0  0  0  0  436  0  0  0  0  0  2  0  0  0  3  0  22  5  3  1  0  0  0  0  0  0  
9  0  0  60552  1  47  1  0  1  6  0  0  371  36911  3728  0  45  433  1  0  0  0  0  97  30  82  1  157  6749  0  0  1  124  234  9  8  0  0  96  65709  134  0  0  3  1392  0  103  70  49428  0  0  51166  59  44  18  65  1  1  0  0  0  10  1  11  6  7  121  50542  1  0  2  0  96  1  0  0  0  0  0  0  0  0  0  0  0  0  0  0  0  0  0  0  0  0  0  0  0  0  0  0  0  0  0  0  0  0  0  0  0  0  0  0  0  0  0  0  0  0  0  0  0  0  0  0  0  0  0  0  0  0  0  0  0  0  0  0  0  0  0  0  0  0  0  0  0  0  0  0  0  17  1  32  3935  45  0  0  0  0  0  0  
47  0  0  2  1  29  0  0  0  1  0  561  0  15705  3  0  0  1392  0  0  0  0  0  54750  0  0  0  0  0  0  0  0  1  11  1  0  0  0  26263  78  1  0  0  0  0  0  12918  5  546  0  0  120  16  0  0  1  0  1  0  0  0  4223  4  3097  1  1  0  0  0  0  0  0  0  0  0  0  0  0  0  0  0  0  0  0  0  0  0  0  0  0  0  0  0  0  0  0  0  0  0  0  0  0  0  0  0  0  0  0  0  0  0  0  0  0  0  0  0  0  0  0  0  0  0  0  0  0  0  0  0  0  0  0  0  0  0  0  0  0  0  0  0  0  0  0  0  0  0  0  0  2  0  0  288  2  0  0  0  0  0  0  
63  0  0  18  3  45  0  1  1  22  0  32659  22633  0  4402  0  0  656  0  0  0  0  0  2534  1  1  1  0  2  0  0  0  0  1  0  0  0  0  47228  42339  75  0  0  7  58  0  310  85  20176  0  0  53635  103  15  0  10  0  4  1  0  0  22962  3  370  13  32  0  85  0  0  4  0  15  0  0  0  0  0  0  0  0  0  0  0  0  0  0  0  0  0  0  0  0  0  0  0  0  0  0  0  0  0  0  0  0  0  0  0  0  0  0  0  0  0  0  0  0  0  0  0  0  0  0  0  0  0  0  0  0  0  0  0  0  0  0  0  0  0  0  2  0  0  0  0  0  0  0  0  2  6  4  12  3235  0  0  0  0  0  0  0  
31706  0  0  0  93  1693  532  57  80  0  0  5738  0  5733  0  2107  0  0  0  7  0  0  0  7045  20  2  67  67  11878  18  0  0  0  1  0  5  0  0  3  12  30  0  0  3  1452  61  227  2  1201  0  1  247609  91177  122184  0  817  11  35  2  0  0  24913  6  92  103  33  82  56299  37121  0  140  0  40  0  0  0  0  0  0  0  0  0  0  0  0  0  0  0  0  0  0  0  0  0  0  0  0  0  0  0  0  0  0  0  0  0  0  0  0  0  0  0  0  0  0  0  0  0  0  0  0  0  0  0  0  0  0  0  0  0  0  0  0  0  0  0  0  0  0  0  0  0  0  0  0  0  0  0  0  8486  0  19  1551  99  0  0  0  0  0  0  
2923  0  35321  0  58048  95139  83349  44785  0  0  0  0  0  0  683  0  0  0  0  0  0  0  0  177  0  0  3  0  15179  0  13  1164  0  0  0  1  0  0  0  0  0  0  0  0  5187  804  1  0  0  0  0  61  45080  211987  0  23  0  0  0  0  0  0  1  6  1  6952  23  9  62788  8125  3  0  2  0  0  0  192  0  92  382  721  440  3  0  0  0  0  0  0  3249  0  0  0  0  0  0  0  0  0  0  0  0  0  0  0  2  0  0  0  0  0  0  0  0  0  0  0  0  0  5  0  0  0  0  0  0  0  1  0  0  0  0  0  0  0  0  0  0  0  21  0  0  0  1  0  0  0  0  0  3100  0  0  13  9  0  0  0  0  0  0  
0  0  0  415  0  0  0  0  0  2  0  89  2  0  0  0  0  38780  0  0  9  0  20675  973  1  41  0  2  8  0  6  26  637  79  16650  0  0  1  0  0  13370  0  372  0  156  0  724  48791  24467  18  0  1  0  0  1  9  0  0  0  43  0  0  139  0  1  1  644  2  4  0  2  14  72  0  0  0  0  0  0  0  0  0  0  0  0  0  0  0  0  0  0  0  0  0  0  0  0  0  0  0  0  0  0  0  0  0  0  0  0  0  0  0  0  0  0  0  0  0  0  0  0  0  0  0  0  0  0  0  0  0  0  0  0  0  0  0  0  0  0  1  0  0  0  0  0  0  0  0  7024  0  30  48  150801  6  0  1  0  0  0  1  
0  0  0  146  0  2  0  0  0  0  0  1197  3173  262  2  0  30222  0  0  0  0  0  13409  10226  1  0  0  0  0  0  85  353  10  21  69  0  0  0  3166  12  2  0  4  0  0  0  38254  5649  61568  0  0  8  0  0  0  1  0  0  0  0  0  0  7083  1  0  0  0  6  0  49  0  0  1  0  0  0  0  0  0  1  0  0  0  0  0  0  0  0  0  0  0  0  0  0  0  0  0  0  0  0  0  0  0  0  0  3  0  0  0  0  0  0  0  0  0  0  0  0  0  0  0  0  0  0  0  0  0  0  0  0  0  0  0  0  0  0  0  0  0  0  0  0  0  0  0  0  0  0  3679  1  4  65  138597  104  0  1  0  0  0  0  
0  48628  0  0  0  0  0  0  0  2  150  0  0  0  0  0  0  0  0  18453  1930  483  3  0  33950  7  4  0  3  1  0  0  0  1  9  2  1  7  1  0  68  8711  26  5590  122  0  0  491  7  92  500  0  0  3  11  2075  96715  69798  37073  114  1255  0  0  0  696  3  3  7  5  0  5  25  57183  14  0  0  0  0  0  0  0  0  0  0  0  0  0  0  0  0  0  0  0  0  0  0  0  0  0  0  0  0  0  0  0  0  0  0  0  0  0  0  0  0  0  0  0  0  0  0  0  0  0  0  0  0  0  0  0  0  0  0  0  0  0  0  0  0  0  2  0  0  0  0  0  0  0  0  94  0  44  140  230  0  0  0  0  0  0  0  
0  145  0  0  0  3  2  6  6  1  99138  0  0  0  9  0  0  0  16947  0  23  237  0  0  54  0  18357  3  3  1210  0  0  0  0  1  1  0  0  0  0  1  18075  0  18478  44  14  0  2  1  0  21  46  3  8  0  11360  3588  31563  94  3  73  0  0  0  50338  2  8  0  2  0  3532  3  24  0  0  0  0  0  0  0  0  0  0  0  264  0  0  0  0  0  0  0  0  87  0  0  0  0  0  0  0  0  0  1  0  0  0  0  0  0  0  0  0  0  0  8  0  0  0  0  0  0  0  0  0  0  0  0  0  0  0  0  0  0  0  0  0  0  8  0  0  0  0  0  0  0  0  0  1  2  0  2  18  0  0  0  0  0  0  0  
0  51115  0  0  0  0  0  0  0  0  3  0  0  0  0  0  2  0  1219  1  0  1178  13171  0  12  0  0  0  0  0  0  0  0  61  610  0  13535  80  0  0  0  1578  1659  827  0  0  0  106  0  59144  31548  0  0  0  0  8  1909  5  2675  134709  110445  0  0  0  24  0  0  0  0  0  0  842  471  0  0  0  0  0  0  0  0  0  0  0  0  0  0  0  0  0  0  0  0  0  3  49  0  0  0  0  0  0  0  0  0  0  0  0  0  0  0  0  0  0  0  0  0  0  0  0  0  0  0  0  0  0  0  0  0  0  0  0  0  0  26  0  0  0  0  0  0  0  0  0  0  0  0  0  111  0  2076  63  3  0  0  0  0  0  0  0  
0  4723  0  0  0  0  0  0  0  5614  13170  0  0  0  0  0  0  0  509  140  1111  0  12456  0  8  0  0  0  0  196  0  0  0  0  0  0  0  4  0  0  0  56718  3  191902  5  0  0  1  0  9  41689  0  0  0  0  14  5498  458  1893  27  120609  0  0  0  2236  0  0  0  0  0  1  223  292  0  0  0  0  0  0  0  0  0  4  12  1730  0  0  0  0  0  0  0  0  8  3  1996  0  0  0  0  0  0  0  24  0  0  0  0  0  0  0  0  0  0  0  418  0  165  0  0  0  0  0  0  1  0  0  0  0  0  0  0  0  0  34  0  0  0  13  0  0  0  0  0  1  0  0  0  4  0  831  93  3  1  0  0  0  1  0  0  
0  28  0  3  0  0  0  0  1  4967  37  2  0  1  1  0  26997  24290  18  10  6306  10944  0  224  44  3  1  0  1  16  5  12  0  69  31845  4  2613  33  0  0  208  11  38108  23218  18  0  87  3408  7  29347  22  0  0  0  6  33  26  45  70  866  57259  0  45  0  29  12  0  0  0  1  3  200  477  1  0  0  0  0  0  0  0  0  0  0  0  0  0  0  0  0  0  0  0  0  2  4  0  0  0  0  0  0  0  0  0  0  0  0  0  0  0  0  0  0  0  0  0  0  0  0  0  0  0  0  0  0  0  0  0  0  0  0  0  0  2  0  0  0  0  1  0  0  0  0  0  0  0  0  59239  1  105483  3057  13542  27  0  2  8  3  0  0  
74927  0  0  7  195  6723  0  0  0  0  0  167  41128  2494  9158  287  239  8942  0  0  0  0  144  0  0  0  0  0  0  0  30715  971  0  21  260  0  0  0  985  24  0  0  503  0  0  0  59350  1465  102  0  0  501  563  4  0  0  0  0  0  0  0  71482  124279  135865  0  1  0  4  0  20789  0  0  0  0  0  0  0  0  0  0  0  0  0  0  0  0  0  0  0  0  0  0  0  0  0  0  0  4  0  0  0  0  0  0  5  0  0  0  0  0  0  0  0  0  0  0  0  0  0  0  0  0  0  0  0  0  0  0  0  0  0  0  0  0  0  0  1  0  0  0  0  0  0  1  0  0  0  0  101  15  3  3  13167  272  0  1  0  0  0  0  
0  124  0  45  0  3  0  6  4  21  54  13  3  8  18  0  0  0  39916  61  30  159  3  3  0  28206  2767  0  21  3  0  0  52  13812  19  7111  0  59  10  1  2426  370  26  1845  5239  1  2  3376  225  17  250  19  1  3  67349  85557  1236  17826  1049  12  35  0  0  2  1937  12  454  40  42  0  63  20  245441  360  0  0  0  0  0  0  0  0  0  0  0  0  0  0  0  0  0  0  0  0  0  0  0  0  0  0  0  0  0  0  0  0  0  0  0  0  0  0  0  0  0  0  0  0  0  0  0  0  0  0  0  0  0  0  0  0  0  0  0  0  0  0  0  0  0  6  0  0  0  0  0  0  0  0  494  4  105  1315  3749  94  0  0  0  0  0  0  
6  1  0  53936  0  27  3  1  5  0  0  3363  64  317  283  0  10  0  0  1  0  0  2  49  23039  0  958  9582  183  2  0  0  489  4097  0  78531  0  1  411  483  56578  0  1  22  1439  3  33  506  13059  0  1  817  30  26  23962  8777  1  6  0  0  2  35  1  109  14  5  107092  941  80  0  29  1  3193  734  0  0  0  0  0  0  0  0  0  0  0  0  0  0  0  0  0  0  0  0  0  0  0  0  0  0  0  0  0  0  0  0  0  0  0  0  0  0  0  0  0  0  0  0  0  0  0  0  0  0  0  0  0  0  0  0  0  0  0  0  0  0  0  0  0  1  0  0  0  0  0  0  0  0  26  48  22  669  3174  575  0  0  0  0  0  0  
0  0  19698  2  0  4  2  93  318  0  217  0  0  0  29  1  0  0  8  22089  0  1  0  0  1753  7134  0  3429  174  197404  0  0  0  1  0  44  0  0  0  0  49  1  0  11  3981  40532  0  6  6  0  0  17  0  9  0  200507  4  10  3  0  1  0  0  0  13131  6  52911  7  254  0  5275  0  94  0  0  0  0  0  0  0  0  0  0  0  2  0  0  0  0  0  0  0  0  6  0  0  0  0  0  0  20  0  0  1174  0  0  0  0  0  0  0  0  0  0  0  0  0  0  0  0  0  0  0  0  0  0  0  0  0  0  0  0  0  0  0  0  0  0  5  0  0  0  0  0  1  0  0  0  1  5  1  32  92  19  0  0  0  0  0  0  
0  0  23341  51696  0  0  0  3  11  0  0  24  0  2  16  0  0  0  0  0  0  0  0  0  0  8521  1812  0  7524  37  0  0  2  0  0  0  0  0  6  0  2  0  0  0  157393  2817  0  0  219  0  0  13  0  8  0  29  0  0  0  0  0  1  0  0  0  0  137110  19  12  0  5  0  3  0  0  0  0  0  0  0  0  0  0  0  0  0  0  0  0  0  0  0  0  0  0  0  0  0  0  0  0  0  0  0  0  0  0  0  0  0  0  0  0  0  0  0  0  0  0  0  0  0  0  0  0  0  0  0  0  0  0  0  0  0  0  0  0  0  0  0  0  0  0  0  0  0  0  0  0  2  0  77  53  28  0  0  0  0  0  0  
1  0  62698  24875  0  68  62  2365  272  0  0  7588  0  2  16406  13081  0  0  5  0  0  0  0  0  15  21  72  22051  0  12  0  0  0  0  0  22  0  0  0  1  72  0  0  4  207114  2857  6  18  452  0  1  1104  21  521  0  814  8  6  2  0  0  0  1  0  35  141  1102  94860  147152  0  58  0  69  0  0  0  31  0  0  0  0  0  0  0  0  0  0  0  0  0  0  0  0  0  0  0  0  0  0  0  0  0  0  2  0  0  0  0  0  0  0  0  0  0  0  0  0  0  0  0  0  0  0  0  0  0  0  0  0  0  0  0  0  0  0  0  0  0  0  0  0  0  0  0  0  0  0  0  0  2337  0  1784  2974  1214  0  0  0  0  0  0  
0  1  13619  0  0  3  0  12  7399  17648  6174  0  0  0  3  0  0  0  2  2966  0  1439  12  0  21  0  224313  37  3  0  0  0  0  0  0  1  0  0  0  0  15  1  0  10202  131  28152  0  5  4  0  2  13  0  3  0  77614  5  393  4  0  0  0  0  0  80577  137  84  4  13  0  97422  0  34  0  0  0  3  0  0  0  0  0  126  52  98  0  0  0  0  0  0  0  0  6  0  2  0  0  0  0  101  0  0  6188  0  0  0  0  0  0  0  0  0  0  0  0  0  0  0  14  0  0  0  0  0  0  0  0  0  2  0  0  0  0  0  0  0  0  128  12  0  0  0  0  1940  0  0  0  0  2  572  127  30  5  0  0  0  4  0  0  
21757  0  0  0  14461  530  0  0  0  0  0  0  0  0  0  68  19  86  0  0  0  0  14  30149  0  0  0  0  0  0  0  23366  0  0  0  0  0  0  0  0  0  0  0  0  0  0  10  4  0  0  0  0  0  0  0  0  0  0  0  0  0  0  80283  99  0  1  0  0  0  76260  0  0  0  0  50  0  0  0  0  87  0  0  0  0  0  0  0  0  0  126  0  0  0  0  0  0  0  312  0  0  0  0  0  0  3604  390  0  0  0  0  0  0  0  0  0  0  0  0  0  0  0  0  0  0  0  0  0  0  0  0  0  0  0  0  0  0  58  1  0  5  0  0  0  349  0  0  0  0  8  0  0  8  3706  226  0  13  0  0  9  9  
46  0  0  1  0  18706  0  0  0  0  0  1  1  0  1  1032  163  543  0  0  0  0  546  1088  0  0  0  0  0  0  25746  0  0  0  1  0  0  0  5  0  0  0  0  0  0  0  69  33  1  0  0  4  1  0  0  0  0  0  0  0  0  24  22310  2187  0  28802  0  0  0  14263  0  0  0  0  0  0  0  0  0  180  0  0  0  0  0  0  0  0  0  0  0  0  0  0  0  0  0  0  0  0  0  0  0  0  5  2450  0  0  0  0  0  0  0  0  0  0  0  0  0  0  0  0  0  0  0  0  0  0  0  0  0  0  0  0  0  0  3  0  0  733  0  0  0  0  0  0  0  0  557  2118  4  1002  7499  5155  0  1399  0  282  3  154  
0  0  0  8491  0  0  0  0  0  2  0  414  16  2  0  0  400  2  1  0  0  0  1  15  9  602  0  0  0  0  0  0  0  29102  3834  15484  0  4  0  0  15976  0  0  4  5  0  2  59141  72  0  0  0  0  0  11  4  0  4  2  0  0  0  1  0  1  3  1  0  0  0  0  2  19483  56718  0  0  0  0  0  0  0  0  0  0  0  0  0  0  0  0  0  0  0  0  0  0  0  0  0  0  0  0  0  0  0  0  0  0  0  0  0  0  0  0  0  0  0  0  0  0  0  0  0  0  0  0  0  0  0  0  0  0  0  0  0  0  0  0  0  2  0  0  0  0  0  0  0  0  14  0  27  188  279  0  0  0  0  0  0  0  
0  0  0  708  0  0  0  0  1  0  0  278  71  2  1  0  4  0  0  0  48  0  28  44  12007  4924  0  0  1  0  0  0  32664  0  43461  114642  6  16521  0  0  1706  0  32033  0  11  0  4  61113  4  296  0  0  0  0  5  16  0  2  12  674  0  0  0  0  19  1  4  1  0  0  4  7617  141992  15015  0  0  0  0  0  0  0  0  0  0  0  0  0  0  0  0  0  0  0  0  0  0  0  0  0  0  0  0  0  0  0  0  0  0  0  0  0  0  0  0  0  0  0  0  0  0  0  0  0  0  0  0  0  0  0  0  0  0  0  0  0  0  0  0  0  0  0  0  0  0  0  0  0  0  167  0  130  4  10  0  0  0  0  0  0  0  
0  0  0  6  0  0  0  0  0  0  0  86  3  0  0  0  15803  253  1  0  261  1  32135  259  2  14  0  0  1  0  0  3  2601  50662  0  4  11  637  0  0  11  0  34436  0  0  0  42  66047  0  1153  1  0  0  0  26  4  1  0  81  4129  9  0  4  4  0  0  1  0  1  0  0  1843  7867  13  0  0  0  0  0  0  0  0  0  0  0  0  0  0  0  0  0  0  0  0  0  0  0  0  0  0  0  0  0  0  0  0  0  0  0  0  0  0  0  0  0  0  0  0  0  0  0  0  0  0  0  0  0  0  0  0  0  0  0  0  0  0  0  0  0  0  0  0  0  0  0  0  0  0  9717  0  875  14  26  0  0  0  0  0  0  0  
0  0  0  1039  0  0  1  14  17  2  0  7  0  0  36  0  1  0  2  0  0  0  0  0  1339  83130  34  2  24  7  0  0  12355  130129  4  0  0  5  0  0  41750  2  2  14  353  1  0  650  20  0  0  0  0  2  1221  2054  11  10  6  0  1  0  0  0  66  3  762  19  48  0  74  2  21259  31296  0  0  0  0  0  0  0  0  0  0  0  0  0  0  0  0  0  0  0  0  0  0  0  0  0  0  0  0  0  0  0  0  0  0  0  0  0  0  0  0  0  0  0  0  0  0  0  0  0  0  0  0  0  0  0  0  0  0  0  0  0  0  0  0  0  0  0  0  0  0  0  0  0  0  22  4  25  150  183  112  0  0  0  0  0  0  
0  4435  0  0  0  0  0  0  0  0  0  0  0  0  0  0  0  0  1  0  6259  1  2185  0  0  0  0  0  0  0  0  0  0  9  37  0  0  52642  0  0  0  1  38118  3  0  0  0  33  0  102704  0  0  0  0  0  1  0  0  8499  82538  72  0  0  0  0  0  0  0  0  0  0  183704  185  0  0  0  0  0  0  0  0  0  0  0  0  0  0  0  0  0  0  0  0  0  0  0  0  0  0  0  0  0  0  0  0  0  0  0  0  0  0  0  0  0  0  0  0  0  0  0  0  0  0  0  0  0  0  0  0  0  0  0  0  0  0  0  0  0  0  0  0  0  0  0  0  0  0  0  52  0  192  0  0  0  0  0  0  0  0  0  
0  12  0  0  0  0  0  0  0  0  0  0  0  0  0  0  3  0  26  0  131  11  38  0  170  7  0  0  0  0  0  0  0  20169  797  6  41175  0  0  0  5  12  8757  38  1  0  0  4235  1  8658  18  0  0  0  10  6  16  2  25901  8274  129  0  0  0  0  0  0  0  0  0  0  173487  199114  1  0  0  0  0  0  0  0  0  0  0  0  0  0  0  0  0  0  0  0  0  0  0  0  0  0  0  0  0  0  0  0  0  0  0  0  0  0  0  0  0  0  0  0  0  0  0  0  0  0  0  0  0  0  0  0  0  0  0  0  0  0  0  0  0  0  0  0  0  0  0  0  0  0  0  922  0  416  26  2  0  0  0  0  0  0  0  
971  0  0  5  4  451  0  0  0  10  0  61  34638  48182  43  0  1  6081  1  0  0  0  1  7844  5  0  0  0  0  1  0  5  0  1  0  0  0  0  0  1334  22  0  0  5  16  0  10759  40  28393  0  0  7259  335  21  0  8  0  4  1  0  0  5055  53  13703  14  13  0  16  1  6  0  0  6  0  0  0  0  0  0  0  0  0  0  0  0  0  0  0  0  0  0  0  0  0  0  0  0  0  0  0  0  0  0  0  0  0  0  0  0  0  0  0  0  0  0  0  0  0  0  0  0  0  0  0  0  0  0  0  0  0  0  0  0  0  0  0  0  0  0  0  0  0  0  0  0  0  0  0  0  36  7  5  5798  16  0  0  0  0  0  0  
6  0  0  612  0  21  0  0  1  11  0  70694  29  49372  12  0  0  16  0  0  0  0  0  16  1  12  0  0  3  0  0  0  0  0  0  3  0  0  472  0  35  0  0  3  94  0  18  34  37274  0  0  2502  55  13  0  16  0  4  0  0  0  44  2  26  20  13  5  971  1  0  0  0  12  1  0  0  0  0  0  0  0  0  0  0  0  0  0  0  0  0  0  0  0  0  0  0  0  0  0  0  0  0  0  0  0  0  0  0  0  0  0  0  0  0  0  0  0  0  0  0  0  0  0  0  0  0  0  0  0  0  0  0  0  0  0  0  0  0  0  0  0  0  0  0  0  0  0  0  1  5  4  2  1775  1  0  0  0  0  0  0  
0  2  0  4685  0  23  6  38  55  1039  0  2465  9  566  573  0  8124  0  122  0  1  10  75  11  1871  67908  80  39  269  17  0  0  11931  3088  81  50812  0  14  102  619  0  5  78  406  2414  24  5  36817  32033  42  9  572  5  26  1335  5814  62  250  38  26  7  4  1  20  580  555  6223  954  266  0  218  68  38739  16757  0  0  0  0  0  0  0  0  0  0  0  0  0  0  0  0  0  0  0  0  0  0  0  0  0  0  0  0  0  0  0  0  0  0  0  0  0  0  0  0  0  0  0  0  0  0  0  0  0  0  0  0  0  0  0  0  0  0  0  0  0  0  0  0  0  546  0  0  0  0  0  0  0  0  1262  85  1969  6099  37101  866  0  0  0  4  0  0  
0  65396  0  0  0  0  0  0  0  0  26308  0  0  0  0  0  0  0  7554  16170  955  55676  8  0  11  0  0  0  1  0  0  0  0  0  3  0  0  0  0  0  0  0  3  47400  1  0  0  5  0  9  22791  0  0  0  0  14  46293  84  3792  29  4002  0  0  0  873  0  0  0  0  0  0  19  540  0  0  0  0  0  0  0  0  0  0  0  68  0  0  0  0  0  0  0  0  0  15  239  0  0  0  0  0  0  0  0  0  0  0  0  0  0  0  0  0  0  0  215  0  9  0  0  0  0  0  0  13  0  0  0  0  0  0  0  0  0  251  0  0  0  0  0  0  0  0  0  0  0  0  0  9  0  8  8  1  0  0  0  0  0  0  0  
0  2  0  0  0  0  0  0  0  0  1  0  0  0  0  0  15  0  0  0  230  1  34050  241  0  5  0  0  0  0  0  0  0  33810  30690  0  39231  7936  0  0  2  0  0  1  0  0  0  1751  0  25243  0  0  0  0  11  0  0  0  27  1644  10  0  0  8  0  0  1  0  0  0  0  12877  915  0  0  0  0  0  0  0  0  0  0  0  0  0  0  0  0  0  0  0  0  0  0  0  0  0  0  0  0  0  0  0  0  0  0  0  0  0  0  0  0  0  0  0  0  0  0  0  0  0  0  0  0  0  0  0  0  0  0  0  0  0  0  0  0  0  0  0  0  0  0  0  0  0  0  0  20111  0  864  2  1  0  0  0  0  0  0  0  
0  7046  0  1  0  0  1  1  330  31350  122555  2  0  0  10  0  0  0  4971  10212  621  173060  16417  0  1103  14  25  2  9  11751  0  0  0  0  5  8  2  38  1  1  105  48530  3  0  604  4  0  122  17  23  8418  8  0  2  5  4088  34368  17321  10213  78  22618  0  0  0  75929  91  49  11  8  0  2264  815  7989  1  0  0  0  0  0  0  0  0  2  3  1649  0  0  0  0  0  0  0  0  63  0  76  0  0  0  0  0  0  0  2  0  0  0  0  0  0  0  0  0  0  0  4  0  17  0  0  0  0  0  0  0  0  0  0  0  0  0  0  0  0  0  0  0  0  13  8  0  0  0  0  0  0  0  0  48  1  6125  452  380  18  0  0  0  6  0  0  
8  1  38569  47400  0  176  82  33212  635  5  0  840  28  170  5649  1983  0  0  1  4  0  0  0  41  75  735  2060  180116  210510  132  0  0  0  3  0  88  0  0  204  125  537  1  1  40  0  42176  32  107  11871  0  1  778  49  1356  8  4030  15  38  4  0  0  18  1  58  143  73  140036  13665  104887  0  399  0  520  0  0  0  0  0  0  0  0  0  0  0  0  0  0  0  0  0  0  0  0  0  0  0  0  0  0  0  0  0  0  0  0  0  0  0  0  0  0  0  0  0  0  0  0  0  0  0  0  0  0  0  0  0  0  0  0  0  0  0  0  0  0  0  0  0  0  2  0  0  0  0  0  0  0  0  8  714  3  6332  19935  2496  0  0  0  0  0  0  
0  0  38698  0  0  20  31  32731  20411  0  0  0  0  0  320  496  0  0  2  26  0  0  0  0  13  3  45144  1134  1796  30191  0  0  0  0  0  4  0  0  0  0  9  0  0  6  24313  0  0  2  14  0  0  352  1  203  0  18231  7  25  2  0  0  0  0  0  130  89  28204  28  1821  0  21679  0  24  0  0  0  266  0  0  0  0  60  100  0  0  0  0  0  0  103  0  0  0  0  0  0  0  0  0  0  1  0  0  12  0  0  0  0  0  0  0  0  0  0  0  0  0  0  0  237  0  0  0  0  0  0  0  0  0  0  0  0  0  0  0  0  0  0  0  0  0  0  0  0  269  0  0  0  0  35  0  54  323  131  0  0  0  0  0  0  
1615  0  0  9  32  3597  1  0  0  1  0  183  12686  163  154  0  119  38963  0  0  0  0  10  56436  1  0  0  0  0  0  8  33  1  3  0  0  0  0  6839  21  0  0  1  0  2  0  0  4005  11151  0  0  1167  1943  118  0  1  0  0  0  0  0  390  4375  27983  0  0  0  14  0  33  0  0  0  0  0  0  0  0  0  0  0  0  0  0  0  0  0  0  0  0  0  0  0  0  0  0  0  0  0  0  0  0  0  0  0  0  0  0  0  0  0  0  0  0  0  0  0  0  0  0  0  0  0  0  0  0  0  0  0  0  0  0  0  0  0  0  0  0  0  0  0  0  0  0  0  0  0  0  5  141  1  0  66073  72  0  0  0  0  0  0  
0  4  0  148  1  1  0  0  6  485  1  163  20  14  23  0  39510  7326  34  0  236  10  4258  1773  240  860  5  4  31  4  4  19  46181  63229  72618  473  14  2950  14  11  29280  8  7376  64  400  0  5075  0  339  3879  5  35  2  7  1171  303  12  47  436  6112  24  0  49  0  122  330  784  73  24  1  7  5383  115260  18369  0  0  0  0  0  0  0  0  0  0  0  0  0  0  0  0  0  0  0  0  0  0  0  0  0  0  0  0  0  0  0  0  0  0  0  0  0  0  0  0  0  0  0  0  0  0  0  0  0  0  0  0  0  0  0  0  0  0  0  0  0  0  0  0  0  154  0  0  0  0  0  0  0  0  16082  3  4668  13471  82448  20  0  0  0  1  0  0  
325  0  0  69641  21  1351  7  11  12  265  0  58635  468  19660  514  1  22956  47735  8  3  1  0  1  221  173  6498  47  440  617  7  0  3  21  40  3  206  0  0  18227  33332  34791  1  2  72  21461  19  14060  2359  0  1  2  16461  2457  502  91  1709  4  70  5  0  2  179  39  1117  375  323  12361  28957  345  10  87  2  1279  14  0  0  0  0  0  0  0  0  0  0  0  0  0  0  0  0  0  0  0  0  0  0  0  0  0  0  0  0  0  0  0  0  0  0  0  0  0  0  0  0  0  0  0  0  0  0  0  0  0  0  0  0  0  0  0  0  0  0  0  0  0  0  0  0  0  4  0  0  0  0  0  0  0  0  43  410  98  257  179278  267  0  0  0  0  0  0  
0  222  0  0  0  0  0  0  0  0  0  0  0  0  0  0  18  0  39  0  53609  6  28717  0  1  11  0  0  0  0  0  0  0  857  4532  5  81514  4629  0  0  5  21  54959  26  1  0  0  2420  0  0  23  0  0  0  27  2  42  1  400  66120  10925  0  0  0  0  0  1  0  0  0  1  48481  3003  0  0  0  0  0  0  0  0  0  0  0  0  0  0  0  0  0  0  0  0  0  0  0  0  0  0  0  0  0  0  0  0  0  0  0  0  0  0  0  0  0  0  0  0  0  0  0  0  0  0  0  0  0  0  0  0  0  0  0  0  0  0  0  0  0  0  0  0  0  0  0  0  0  0  0  11102  0  51374  8  0  0  0  0  0  0  0  0  
0  35819  0  0  0  0  0  0  0  0  8  0  0  0  0  0  0  0  1006  12  39295  39071  20  0  27  0  0  0  0  0  0  0  0  0  5  0  1  1  0  0  1  40444  2  6382  0  0  0  18  0  17  0  0  0  0  0  6  7020  54  3180  365  26297  0  0  0  23  0  0  0  0  0  0  182  1664  0  0  0  0  0  0  0  0  0  0  0  0  0  0  0  0  0  0  0  0  0  2  26  0  0  0  0  0  0  0  0  0  0  0  0  0  0  0  0  0  0  0  1  0  0  0  0  0  0  0  0  0  0  0  0  0  0  0  0  0  0  24  0  0  0  0  0  0  0  0  0  0  0  0  0  30  0  14  16  2  0  0  0  0  0  0  0  
7666  0  0  3  62  3550  552  30  19  23  0  57540  212  58814  236436  15  0  6  0  31  0  1  0  306  37  1  21  4  295  9  0  0  0  0  0  0  0  0  16374  3294  39  0  0  17  335  38  4463  53  16944  0  4  0  56978  16775  0  850  16  65  3  0  1  16415  105  1885  254  31  82  76310  111  4  234  0  53  0  0  0  0  0  0  0  0  0  0  0  0  0  0  0  0  0  0  0  0  0  0  0  0  0  0  0  0  0  0  0  0  0  0  0  0  0  0  0  0  0  0  0  0  0  0  0  0  0  0  0  0  0  0  0  0  0  0  0  0  0  0  0  0  0  0  0  0  0  0  0  0  0  0  0  1  9306  2  54  32593  408  0  0  0  0  0  0  
15271  0  0  0  41015  58082  353  28  3  0  0  415  1  11  82135  55453  0  0  0  0  0  0  0  828  0  0  0  0  5  0  0  6  0  0  0  0  0  0  43  19  0  0  0  0  4  3  2480  0  1606  0  0  82353  0  69086  0  3  0  0  0  0  0  682  57  766  0  0  3  186  21  578  2  0  1  0  0  0  0  0  0  0  0  0  0  0  0  0  0  0  0  0  0  0  0  0  0  0  0  0  0  0  0  0  0  0  0  0  0  0  0  0  0  0  0  0  0  0  0  0  0  0  0  0  0  0  0  0  0  0  0  0  0  0  0  0  0  0  0  0  0  0  0  0  0  0  0  0  0  0  0  1105  0  0  6048  28  0  0  0  0  0  0  
65  0  3  0  205  44967  108375  34421  338  2  0  222  0  8  145984  240065  0  0  1  14  0  0  0  15  19  2  54  36  192  19  0  0  0  1  0  10  0  0  2  14  10  0  0  8  796  434  119  3  1144  0  0  24362  79141  0  0  841  7  23  3  0  0  13  7  36  104  166  198  1007  40512  0  205  0  48  0  0  0  0  0  0  0  0  0  0  0  0  0  0  0  0  0  0  0  0  0  0  0  0  0  0  0  0  0  0  0  0  0  0  0  0  0  0  0  0  0  0  0  0  0  0  0  0  0  0  0  0  0  0  0  0  0  0  0  0  0  0  0  0  0  0  0  0  0  0  0  0  0  0  0  0  16543  1  16  1280  76  0  0  0  0  0  0  
0  0  0  12  0  0  0  0  1  1  0  3  0  0  1  0  0  0  9  0  0  0  0  0  36557  27206  1  0  2  0  0  0  6  23  2  1427  0  3  0  0  448  0  4  4  24  0  0  325  7  3  1  0  0  0  0  3243  6  0  2  1  2  0  0  0  8  1  141  2  2  0  9  0  10698  21  0  0  0  0  0  0  0  0  0  0  0  0  0  0  0  0  0  0  0  0  0  0  0  0  0  0  0  0  0  0  0  0  0  0  0  0  0  0  0  0  0  0  0  0  0  0  0  0  0  0  0  0  0  0  0  0  0  0  0  0  0  0  0  0  0  0  0  0  0  0  0  0  0  0  55  1  32  54  26  25  0  0  0  0  0  0  
0  19  13  70  0  95  80  1054  4936  28  20  40  6  6  1020  9  0  0  4147  15539  5  28  0  4  104167  13425  230456  262  2446  42806  0  0  2  46  4  1847  0  0  19  4  3447  57  2  1610  15441  9021  1  356  473  2  34  1111  27  263  1545  0  874  29749  366  1  8  1  0  13  29262  185  84593  456  3011  0  38389  2  41900  7  0  0  0  0  0  0  0  0  0  0  0  0  0  0  0  0  0  0  0  0  0  0  0  0  0  0  0  0  0  0  0  0  0  0  0  0  0  0  0  0  0  0  0  0  0  0  0  0  0  0  0  0  0  0  0  0  0  0  0  0  0  0  0  0  0  4  0  0  0  0  0  0  0  0  44  173  29  1266  6378  774  0  0  0  1  0  0  
0  34539  0  0  0  1  0  1  2  2  707  0  0  0  2  0  0  0  114513  5471  2202  3108  8  0  331  5  25  0  2  6  0  0  0  0  6  2  0  2  0  0  39  49754  19  23278  420  2  1  120  14  66  3406  2  1  1  0  1174  0  10655  27945  74  3174  0  0  0  1004  1  3  3  5  0  15  36  13613  0  0  0  0  0  0  0  0  0  0  0  0  0  0  0  0  0  0  0  0  0  0  0  0  0  0  0  0  0  0  0  0  0  0  0  0  0  0  0  0  0  0  0  0  0  0  0  0  0  0  0  0  0  0  0  0  0  0  0  0  0  0  0  0  0  0  2  0  0  0  0  0  0  0  0  32  2  36  29  187  3  0  0  0  0  0  0  
0  443  0  0  0  0  0  1  2  3  4268  0  0  0  9  0  0  0  89973  39499  74  674  9  0  11157  6  12  0  10  9  0  0  4  1  4  6  0  2  2  0  130  1458  1  17409  560  2  0  573  19  2  1012  29  0  2  4  26722  7074  0  1002  4  201  0  0  0  53394  1  9  5  11  0  71  18  3202  11  0  0  0  0  0  0  0  0  0  0  0  0  0  0  0  0  0  0  0  0  0  0  0  0  0  0  0  0  0  0  0  0  0  0  0  0  0  0  0  0  0  0  0  0  0  0  0  0  0  0  0  0  0  0  0  0  0  0  0  0  0  0  0  0  0  3  0  0  0  0  0  0  0  0  71  0  23  148  549  7  0  0  0  0  0  0  
0  36947  0  0  0  0  0  1  0  0  100  0  0  0  3  0  0  1  39103  26  10247  3545  197  0  522  29  7  0  1  1  0  0  2  31  291  6  7832  33584  0  0  49  5327  542  5556  417  0  0  1228  6  1179  4247  1  0  0  43  860  23144  248  0  5543  15330  0  0  0  82  0  2  0  3  0  18  55205  37273  1  0  0  0  0  0  0  0  0  0  0  0  0  0  0  0  0  0  0  0  0  0  0  0  0  0  0  0  0  0  0  0  0  0  0  0  0  0  0  0  0  0  0  0  0  0  0  0  0  0  0  0  0  0  0  0  0  0  0  0  0  0  0  0  0  0  1  0  0  0  0  0  0  0  0  3994  1  1426  255  211  5  0  0  0  0  0  0  
0  10885  0  0  0  0  0  0  0  0  3  0  0  0  0  0  9  0  196  2  125284  89  427  0  3  7  0  0  0  0  0  0  0  676  2964  0  77409  5712  0  0  8  156  6412  254  2  0  0  1349  0  45368  210  0  0  0  10  5  344  6  3476  0  12902  0  0  0  3  0  2  0  0  0  1  72029  3300  1  0  0  0  0  0  0  0  0  0  0  0  0  0  0  0  0  0  0  0  0  0  0  0  0  0  0  0  0  0  0  0  0  0  0  0  0  0  0  0  0  0  0  0  0  0  0  0  0  0  0  0  0  0  0  0  0  0  0  0  0  0  0  0  0  0  0  0  0  0  0  0  0  0  0  551  0  3107  6  1  0  0  0  0  0  0  0  
0  21143  0  0  0  0  0  0  0  0  350  0  0  0  0  0  3  0  3819  165  110342  102711  58739  0  47  0  1  0  0  1  0  0  0  25  342  0  217  200  0  0  1  9398  1066  25985  15  0  0  94  0  14706  51733  0  0  0  1  60  15558  631  22613  19007  0  0  0  0  639  0  0  0  0  0  0  13338  2441  0  0  0  0  0  0  0  0  0  0  0  0  0  0  0  0  0  0  0  0  0  2  20  0  0  0  0  0  0  0  0  0  0  0  0  0  0  0  0  0  0  0  0  0  0  0  0  0  0  0  0  2  0  0  0  0  0  0  0  0  0  10  0  0  0  0  0  0  0  0  0  0  0  0  0  619  1  32770  45  4  0  0  0  0  1  0  0  
30211  0  0  0  1  656  0  0  0  2  0  7  12755  29219  13576  0  1  1  0  0  0  0  1  62114  0  0  0  0  0  0  0  3  0  0  0  0  0  0  4741  99  0  0  0  0  2  0  931  1  480  0  0  14265  194  2  0  1  0  1  0  0  0  0  26  19563  1  1  0  3  0  4  0  0  0  0  0  0  0  0  0  0  0  0  0  0  0  0  0  0  0  0  0  0  0  0  0  0  0  0  0  0  0  0  0  0  0  0  0  0  0  0  0  0  0  0  0  0  0  0  0  0  0  0  0  0  0  0  0  0  0  0  0  0  0  0  0  0  0  0  0  0  0  0  0  0  0  0  0  0  0  4  0  0  1107  5  0  0  0  0  0  0  
704  0  0  3  15  6771  0  0  0  0  0  9  35  1  4  0  471  7098  0  0  0  0  128  108548  0  0  0  0  0  0  78009  27795  0  0  1  0  0  0  58  1  0  0  1  0  0  0  5671  176  31  0  0  73  46  0  0  0  0  0  0  0  0  701  0  43642  0  0  0  1  0  41241  0  0  0  0  0  0  0  0  0  0  0  0  0  0  0  0  0  0  0  0  0  0  0  0  0  0  0  3  0  0  0  0  0  0  1  7  0  0  0  0  0  0  0  0  0  0  0  0  0  0  0  0  0  0  0  0  0  0  0  0  0  0  0  0  0  0  0  0  0  0  0  0  0  0  0  0  0  0  44  3  0  20  23924  917  0  21  0  0  0  8  
10335  0  0  1  245  23816  0  0  0  1  0  71  10862  1792  243  177  1  14  0  0  0  0  18  150771  0  0  0  0  0  0  102  787  0  0  0  0  0  0  17216  121  6  0  17  0  7  0  25797  4  732  0  0  2410  1064  12  0  1  0  0  0  0  0  25028  33230  0  1  6  0  23  0  6933  0  0  1  0  0  0  0  0  0  0  0  0  0  0  0  0  0  0  0  0  0  0  0  0  0  0  0  0  0  0  0  0  0  0  0  0  0  0  0  0  0  0  0  0  0  0  0  0  0  0  0  0  0  0  0  0  0  0  0  0  0  0  0  0  0  0  0  0  0  0  0  0  0  0  0  0  0  0  8  36  0  6  12191  1612  0  1  0  0  0  0  
0  493  0  3  1  5  8  37  89  48  89819  5  2  1  144  2  0  0  2172  72423  67  1395  10  3  1241  57  12777  7  93  74786  0  0  0  12  1  73  0  1  4  0  299  1042  2  65055  3778  81  0  138  136  2  202  216  8  69  3  31030  7868  54256  1349  3  154  1  0  3  0  19  160  77  115  0  5465  14  1119  0  0  0  0  0  0  0  0  0  0  1  9  0  0  0  0  0  0  0  0  0  0  0  0  0  0  0  0  0  0  76  0  0  0  0  0  0  0  0  0  0  0  0  0  0  0  0  0  0  0  0  0  0  0  0  0  0  0  0  0  0  0  0  0  0  4  0  0  0  0  0  5  0  0  0  20  19  31  73  2318  79  0  0  0  0  0  0  
1  0  0  0  0  59974  51247  29235  36244  60535  1  6  0  1  38  3392  6  36  0  2  0  9  64  1  7  4  6  5  23  182  13  28150  2  0  0  6  0  0  2  2  990  0  0  811  119  35  2  989  18  0  0  5  0  12  0  177  1  9  0  0  0  2  9  16  120  0  65  36  22  27  515  0  95  14  0  0  0  0  1  2179  1020  4495  1051  0  0  0  0  0  1  0  0  0  0  0  0  1  0  0  1  0  0  0  0  2  0  875  0  0  0  0  0  0  0  0  0  0  0  0  1  49  0  0  2  0  0  2  1  4  0  0  0  0  0  0  0  0  0  0  0  19014  0  0  0  0  35  0  0  0  80  95501  2829  1664  7487  647  0  24  0  729  1  1  
1  0  622  11984  0  34  14  207  658  9  0  273  15  28  746  0  6  0  2  11  0  2  0  15  488  101875  54881  134037  1229  65  0  0  0  2  0  376  0  0  60  57  4807  0  0  19  122756  47169  9  74  8873  0  2  308  10  90  170  79247  12  34  16  0  0  2  0  15  115  35  0  990  1003  0  981  0  982  0  0  0  0  0  0  0  0  0  0  0  0  0  0  0  0  0  0  0  0  0  0  0  0  0  0  0  0  0  0  0  0  0  0  0  0  0  0  0  0  0  0  0  0  0  0  0  0  0  0  0  0  0  0  0  0  0  0  0  0  0  0  0  0  0  0  13  0  0  0  0  0  0  0  0  1  117  1  16578  16260  9895  0  0  0  2  0  0  
12  0  0  33282  1  89  84  4  28  3  0  44422  1  530  54695  0  0  0  0  1  0  0  0  0  18  48  13  11  94584  1  0  1  0  3  2  17  0  0  5  1016  51  0  1  4  14529  3  52  12  17724  0  1  53608  145  2674  8  298  2  1  0  0  0  2  2  5  17  12  1329  0  5278  0  13  1  122  1  0  0  0  0  0  0  0  0  0  0  0  0  0  0  0  0  0  0  0  0  0  0  0  0  0  0  0  0  0  0  0  0  0  0  0  0  0  0  0  0  0  0  0  0  0  0  0  0  0  0  0  0  0  0  0  0  0  0  0  0  0  0  0  0  0  1  0  0  0  0  0  0  0  0  0  1150  1  38  27798  253  0  0  0  0  0  0  
1  1  8829  7  0  734  462  11341  783  2  0  3  0  0  43187  59531  0  0  4  5  0  1  0  0  50  29  194  182  153616  35  0  0  0  1  1  79  0  0  4  0  124  0  0  17  70285  9444  36  17  324  0  1  1374  37  34037  0  3270  9  28  5  0  0  0  0  1  111  384  1496  8098  0  0  295  0  211  0  0  0  1  0  0  0  0  0  0  0  0  0  0  0  0  0  0  0  0  0  0  0  0  0  0  0  0  0  0  0  0  0  0  0  0  0  0  0  0  0  0  0  0  0  0  0  0  0  0  0  0  0  0  0  0  0  0  0  0  0  0  0  0  0  0  0  0  0  0  0  0  0  0  0  1  4006  1  1123  3703  1736  0  0  0  0  0  0  
46958  0  0  0  16563  69511  1  0  0  0  0  3  1  0  3  9954  1  104  0  0  0  0  12  26317  0  0  0  0  0  0  68470  17470  0  0  0  0  0  0  4  0  0  0  0  0  0  0  65  0  4  0  0  17  1354  61  0  0  0  0  0  0  0  96  55659  15460  0  3  0  1  0  0  0  0  0  0  11  0  0  0  4  420  0  0  0  0  0  0  0  0  0  150  0  0  0  0  0  0  0  21  0  0  0  0  0  0  2486  449  0  0  0  0  0  0  0  0  0  0  0  0  0  0  0  0  0  0  0  0  0  0  0  0  0  0  0  0  0  0  8  0  0  14  0  0  0  326  0  0  0  0  7  3  0  14  4231  820  0  74  0  0  2  27  
0  0  0  2  0  140  89  1082  53240  145  1  1  0  0  464  8  0  0  7  1087  0  3  1  0  149  53  7523  163  304  93741  0  0  0  2  0  32  0  0  1  0  75  4  0  350  2149  20805  0  17  27  0  1  648  9  194  0  97602  42  194  20  0  0  1  0  1  3792  569  3612  45  588  0  0  0  335  0  0  0  0  0  0  0  0  9  903  0  1  0  0  0  0  0  0  0  0  0  0  0  0  0  0  0  0  0  0  93  0  0  0  0  0  0  0  0  0  0  0  0  0  0  0  20  0  0  0  0  0  0  0  0  0  0  0  0  0  0  0  0  0  0  0  7  0  0  0  0  1757  0  0  0  0  117  6  93  270  84  0  0  0  0  0  0  
0  6044  0  0  0  0  0  0  0  0  44  0  0  0  0  0  5  0  330  8  3968  563  227  0  17  7  0  0  0  0  0  0  0  3251  3273  0  167944  193938  0  0  5  199  14077  907  9  0  0  5142  0  58616  343  0  0  0  17  33  373  60  37790  67501  6551  0  0  0  15  0  1  0  0  0  0  0  21460  0  0  0  0  0  0  0  0  0  0  0  0  0  0  0  0  0  0  0  0  0  0  0  0  0  0  0  0  0  0  0  0  0  0  0  0  0  0  0  0  0  0  0  0  0  0  0  0  0  0  0  0  0  0  0  0  0  0  0  0  0  0  0  0  0  0  0  0  0  0  0  0  0  0  0  2298  0  1399  16  6  1  0  0  0  0  0  0  
0  854  0  40  0  6  6  50  60  11  55  120  1  15  128  1  11  2  88357  31  714  1896  306  0  187909  6964  153  2  70  17  0  0  24958  146775  14696  23476  145  239861  12  23  19574  2627  7426  19602  7643  15  0  108260  319  12723  2673  32  2  16  16370  28519  13921  17555  42106  8693  2295  2  0  3  1976  19  1144  117  118  0  455  28570  0  27958  0  0  0  0  0  0  0  0  0  0  0  0  0  0  0  0  0  0  0  0  0  0  0  0  0  0  0  0  0  0  0  0  0  0  0  0  0  0  0  0  0  0  0  0  0  0  0  0  0  0  0  0  0  0  0  0  0  0  0  0  0  0  0  0  0  0  0  0  0  0  0  0  0  0  7663  32  3425  6395  4234  620  0  0  0  0  0  0  
0  0  0  329  0  0  0  0  0  0  0  4  0  1  0  0  0  0  8  0  0  0  3  0  41  314  0  0  0  0  0  0  47081  13963  59  28468  0  11  0  0  15466  0  1  8  6  0  0  15384  4  2  0  1  0  0  17  17  1  5  0  2  0  0  0  0  5  0  0  0  0  0  0  5  24991  0  0  0  0  0  0  0  0  0  0  0  0  0  0  0  0  0  0  0  0  0  0  0  0  0  0  0  0  0  0  0  0  0  0  0  0  0  0  0  0  0  0  0  0  0  0  0  0  0  0  0  0  0  0  0  0  0  0  0  0  0  0  0  0  0  0  0  0  0  0  0  0  0  0  0  72  0  214  1014  406  1  0  0  0  0  0  0  
6  0  0  0  0  1  0  0  0  0  0  0  0  0  0  0  0  0  0  0  0  0  0  0  0  0  0  0  0  0  285  0  0  0  0  0  0  0  0  0  0  0  0  0  0  0  0  0  0  0  0  0  0  0  0  0  0  0  0  0  0  0  0  0  0  0  0  0  0  147  0  0  0  0  0  0  0  0  49923  24497  33  0  0  0  0  4  0  2101  9044  20745  3  17  0  0  0  0  8  82053  1  1  0  0  38  0  12306  622  0  0  0  1  0  0  230  4  5  0  0  0  87  0  13704  2  1838  0  0  8034  22534  169  0  1  0  0  0  0  0  6430  3075  11919  2  27  37  29  20  14974  1  0  1  0  0  0  0  0  0  0  1  11417  0  0  7041  8  
0  0  0  0  0  0  0  0  0  0  0  0  0  0  0  0  0  0  0  0  0  0  0  0  0  0  0  0  0  0  0  0  0  0  0  0  0  0  0  0  0  0  0  0  0  0  0  0  0  0  0  0  0  0  0  0  0  0  0  0  0  0  0  0  0  0  0  0  0  0  0  0  0  0  0  0  0  0  0  0  0  0  0  0  2  0  0  0  0  0  3  0  62696  36  101917  830  4  0  45  1  1  0  0  0  0  0  0  0  0  1  9896  166  0  0  1  58864  0  1146  1  0  0  0  4  13  13536  0  0  0  1  19  9760  176  38494  42361  8033  0  0  0  42  1  0  0  0  0  0  2962  236  0  0  0  0  0  0  0  0  0  15  0  10  0  
0  0  931  0  0  0  0  92  5  0  0  0  0  0  0  127  0  0  0  0  0  0  0  0  0  0  0  0  4  0  0  0  0  0  0  0  0  0  0  0  0  0  0  0  0  80  0  0  0  0  0  0  0  0  0  0  0  0  0  0  0  0  0  0  0  0  0  0  0  0  0  0  0  0  0  0  0  1  0  3  7  1003  14  1  0  0  0  0  0  30875  19  0  0  0  0  0  0  0  1  0  15911  16031  24803  13232  0  0  0  0  0  0  0  0  0  1  95  0  0  0  40733  43477  0  3  48  0  0  2  0  1  0  6  0  0  0  0  0  0  0  0  0  9  8764  1  16  0  27  0  1  0  0  0  0  0  0  0  0  229  0  1  153  0  
0  0  0  0  0  0  0  0  0  0  0  0  0  0  0  0  0  0  0  0  0  0  0  0  0  0  0  0  0  0  0  0  0  0  0  0  0  0  0  0  0  0  0  0  0  0  0  0  0  0  0  0  0  0  0  0  0  0  0  0  0  0  0  0  0  0  0  0  0  0  0  0  0  0  14  1  0  0  4  26  9  6  5  1  0  67170  0  3  7  7  414  124  3  0  1  0  1  0  542  76555  8  35053  37658  8  0  0  5511  2543  1258  499  0  0  84  8  42241  0  0  14  56335  0  7  934  45454  1  1  60  11  535  255  1379  2  3  0  0  6  0  1  0  60  28  12655  23532  310  0  8  1  87  489  0  0  0  0  0  0  3  94  34  2  462  0  
0  0  0  0  0  71  0  0  0  0  0  0  0  0  0  34  0  0  0  0  0  0  0  0  0  0  0  0  0  0  0  0  0  0  0  0  0  0  0  0  0  0  0  0  0  0  0  0  0  0  0  0  0  0  0  0  0  0  0  0  0  0  0  0  0  0  0  0  0  1  0  0  0  0  42844  0  0  0  0  21734  117  0  0  0  0  1  0  16  31449  73290  1  5  0  0  0  0  0  779  0  0  0  0  0  0  0  16  0  0  0  0  0  0  4  0  0  0  0  0  1  1  1116  0  128  0  0  161  44740  339  0  0  0  0  0  0  0  75  103  2489  0  10  1  3  2  1417  0  0  0  0  0  0  0  0  0  0  0  974  0  0  702  1  
0  0  0  0  0  4573  405  1  0  0  0  0  0  0  0  1088  0  0  0  0  0  0  0  1  0  0  0  0  0  0  100  215  0  0  0  0  0  0  0  0  0  0  0  0  0  0  0  0  0  0  0  0  0  0  0  0  0  0  0  0  0  0  0  0  0  2945  0  0  0  635  0  0  0  0  37414  0  1  0  81641  0  48273  76  14  1  0  6  0  106  4359  134905  139  216  3  0  3  0  27  3835  30  0  13  14  579  4  2867  33583  0  0  0  0  0  0  17  3  186  0  0  40  1146  24  3784  23  1828  0  0  2823  26821  33793  4  105  2  1  6  0  3  91  12667  12716  5  69965  277  108  315  57243  19  0  8  0  1  5956  0  0  0  0  3  23025  0  2  16897  51  
0  0  0  0  0  134  16725  37  2  0  0  0  0  0  0  265  0  0  0  0  0  0  0  0  0  0  0  0  0  0  0  0  0  0  0  0  0  0  0  0  0  0  0  0  0  0  0  0  0  0  0  0  0  0  0  0  0  0  0  0  0  0  0  0  0  2039  0  0  0  0  0  0  0  0  343  59  43  0  666  47973  0  42269  354  4  2  0  0  5  99  106275  44  25  15  0  49  7  0  136  83  1  596  61  189  41  0  4  0  0  0  0  0  0  2  0  143  0  0  646  1675  2505  54  4  301  0  2  478  734  66821  45  1102  44  7  53  0  67  12  4  140  49  38115  532  80  1822  3  1891  0  19  0  0  261  0  1  0  0  0  832  0  0  981  0  
0  0  10  0  0  39  508  2419  163  1  0  0  0  0  0  222  0  0  0  0  0  0  0  0  0  0  0  0  0  0  0  0  0  0  0  0  0  0  0  0  0  0  0  0  0  13  0  0  0  0  0  0  0  0  0  0  0  0  0  0  0  0  0  0  0  4854  0  0  0  0  5  0  0  0  18  7  200  1  19  867  48931  0  16754  19  2  0  0  0  14  95323  57  6  7  0  4  1  0  5  66  0  952  57  2874  149  0  0  0  0  0  1  0  0  3  0  250  1  0  68  2614  28986  3  2  205  0  1  339  133  12416  32  1749  7  7  4  0  13  0  0  5  134  35474  1118  95  15686  0  3391  0  29  0  0  43  0  1  0  0  0  636  0  0  337  0  
0  0  1  0  0  7  30  77  3707  116  4  0  0  0  0  1  0  0  0  0  0  6  0  0  0  0  0  0  0  487  0  0  0  0  0  0  0  0  0  0  0  0  0  4  0  75  0  0  0  0  0  0  0  0  0  0  0  0  0  0  0  0  0  0  1  2702  0  0  0  0  444  0  0  0  0  3  8  0  0  52  202  14998  0  22427  14  0  0  0  0  48  4  0  4  1  4  9  1  0  55  1  405  23  64  7786  0  0  0  0  0  0  0  0  0  0  39  0  0  5843  478  27136  0  1  10  0  3  5  0  27  17  1329  2  118  3  0  1  0  0  0  3090  47939  376  0  44  0  67951  0  11  0  0  12  4  1  0  0  0  32  8  57  33  0  
0  1  0  0  0  0  0  0  19  25  2  0  0  0  0  0  0  0  0  0  0  20  0  0  0  0  0  0  0  106  0  0  0  0  0  0  0  0  0  0  0  0  0  3  0  0  0  0  0  0  0  0  0  0  0  0  0  0  0  0  0  0  0  0  1  5  0  0  0  0  0  0  0  0  0  1  0  0  0  0  1  1  25083  0  22  0  0  0  0  0  2  0  1  4  3  1134  10170  0  24  0  49  6  2  21367  0  0  0  0  0  0  0  0  0  0  100  0  0  43385  37  1  0  14  9  0  0  0  0  3  1  190  1  450  4  0  93  0  0  0  15747  25919  54  0  1  0  2248  0  5  0  0  0  0  0  0  0  0  122  55022  6019  357  0  
0  0  0  0  0  0  0  0  0  0  8501  0  0  0  0  0  0  0  0  190  0  1552  0  0  0  0  1  0  0  46  0  0  0  0  0  0  0  0  0  0  0  92  0  1554  0  0  0  0  0  0  0  0  0  0  0  0  0  0  0  0  0  0  0  0  12  0  0  0  0  0  0  0  0  0  0  443  0  0  0  5  6  0  5  30  0  0  0  0  0  0  1  1  388  94062  689  9603  0  0  709  4  16  0  1  5831  0  0  0  0  0  2  0  0  2  0  26  54418  0  116575  3  0  0  7  29  0  544  3  0  2  17  474  2100  27267  187  0  72  0  0  0  72975  6  31  0  1  0  16  1  544  0  0  0  0  0  0  0  0  8  1  1  116  0  
0  0  0  0  0  0  0  0  0  0  0  0  0  0  0  0  0  0  0  0  0  0  0  0  0  0  0  0  0  0  0  0  0  0  0  0  0  0  0  0  0  0  0  0  0  0  0  0  0  0  0  0  0  0  0  0  0  0  0  0  0  0  0  0  0  0  0  0  0  0  0  0  0  0  3  0  0  56192  3  4  4  0  0  0  0  0  91  25811  3  1  187  1892  0  0  0  0  0  2  1  107  0  0  13345  0  0  0  578  426  3679  4  0  1  2075  27077  89  0  0  0  11163  0  7  911  74454  0  0  23931  10  185  1  8  0  0  0  0  0  1  0  2  0  2  118  81386  71  0  0  0  3  7  0  0  0  0  0  0  0  11  0  0  42  0  
0  0  0  0  0  0  0  0  0  0  0  0  0  0  0  0  0  0  0  0  0  0  0  0  0  0  0  0  0  0  0  0  0  0  0  0  0  0  0  0  0  0  0  0  0  0  0  0  0  0  0  0  0  0  0  0  0  0  0  0  0  0  0  0  0  0  0  0  0  0  0  0  0  0  0  0  0  0  0  0  0  0  0  0  0  23  0  41819  0  0  2  3  0  0  0  0  0  28817  0  0  0  0  0  0  0  0  0  73  50  0  0  0  22458  0  0  0  1  0  0  0  3499  8  0  0  0  19  0  0  0  0  0  0  0  0  0  18643  0  37  0  0  0  0  0  0  0  0  0  0  0  0  0  0  0  0  0  0  0  0  0  0  
0  0  0  0  0  0  0  0  0  0  0  0  0  0  0  0  0  0  0  0  0  0  0  0  0  0  0  0  0  0  0  0  0  0  0  0  0  0  0  0  0  0  0  0  0  0  0  0  0  0  0  0  0  0  0  0  0  0  0  0  0  0  0  0  0  0  0  0  0  0  0  0  0  0  41  0  0  0  1  9  1  0  1  0  0  44423  32265  0  2642  1  30  75  0  0  0  0  7  2203  1  0  1  0  90  0  0  0  0  88  53  1  0  0  87529  23960  5  0  0  0  82  1  129  8  7983  0  0  70561  181  20  0  4  0  0  0  0  0  41469  2  3241  1  14  18  187  47  0  2  0  1  0  0  0  0  0  0  0  0  37  0  0  129  0  
0  0  0  0  0  1  0  0  0  0  0  0  0  0  0  0  0  0  0  0  0  0  0  0  0  0  0  0  0  0  0  0  0  0  0  0  0  0  0  0  0  0  0  0  0  0  0  0  0  0  0  0  0  0  0  0  0  0  0  0  0  0  0  0  0  1  0  0  0  0  0  0  0  0  12551  0  0  3  30479  10165  568  5  2  0  0  12  0  6283  0  32654  30  36  0  0  1  0  3  16299  11  1  1  0  40613  1  0  1  0  0  1  0  0  0  11  1  8  0  0  1  2363  0  215  4  743  0  0  201697  354857  134178  3  27  0  0  2  0  0  50720  18  38  1  110  26  65156  29136  0  4  0  3  0  0  0  0  0  0  0  0  186  0  0  512  0  
10  0  205  0  26  648  254  196  6  0  0  0  0  0  0  4603  0  0  0  0  0  0  0  0  0  0  0  0  0  0  218  0  0  0  0  0  0  0  0  0  0  0  0  0  0  71  0  0  0  0  0  0  0  0  0  0  0  0  0  0  0  0  0  0  0  0  0  0  0  192  0  0  0  0  34171  1  29723  1  111397  143283  65637  60139  69  5  0  0  0  2  28813  0  36  3  1  0  0  0  0  383  8  1  60  23  14011  16  2396  22  0  0  0  0  0  0  1  0  206  0  0  23  1725  10584  35  5  117  0  0  89  3854  163277  7  226  1  0  1  0  3  6  92  1436  14  1300  323  27  39228  13086  61  0  5  0  0  0  0  0  0  0  0  1367  0  1  520  0  
0  0  0  0  0  0  0  0  0  0  0  0  0  0  0  0  0  0  0  0  0  0  0  0  0  0  0  0  0  0  0  0  0  0  0  0  0  0  0  0  0  0  0  0  0  0  0  0  0  0  0  0  0  0  0  0  0  0  0  0  0  0  0  0  0  0  0  0  0  0  0  0  0  0  4  1  29  463  9  116  77  45  95  1  0  156  1  2  25  92  0  54255  0  0  0  1  15613  273  38  2  37  593  5217  18  0  1  149  38  27540  16  4  3  3  0  14064  0  266  11  5127  70  27  68800  21357  134  0  454  151  281  23  341  1  4  0  2  5  1  7  3  8  211  2465  229  375  0  94  25  131  48  0  0  0  0  0  0  2040  3174  2105  2  27954  1  
0  0  0  0  0  0  0  0  0  0  0  0  0  0  0  0  0  0  0  0  0  0  0  0  0  0  0  0  0  0  0  0  0  0  0  0  0  0  0  0  0  0  0  0  0  0  0  0  0  0  0  0  0  0  0  0  0  0  0  0  0  0  0  0  0  0  0  0  0  0  0  0  0  0  236  1  1  19  336  711  48  17  23  0  0  3013  26  152  685  45  70353  0  3  0  0  0  42582  24299  46  1  9  25  735  2  1  24  15  9  10079  2  0  0  822  547  471  0  5  7  4392  14  46867  4933  65797  1  0  1481  8269  1548  14  188  0  0  1  0  0  2  228  1663  5  209  686  825  866  0  21  0  17  27  0  0  0  0  0  0  4992  2030  1570  23  34499  0  
0  0  0  0  0  0  0  0  0  0  0  0  0  0  0  0  0  0  0  0  0  0  0  0  0  0  0  0  0  0  0  0  0  0  0  0  0  0  0  0  0  0  0  0  0  0  0  0  0  0  0  0  0  0  0  0  0  0  0  0  0  0  0  0  0  0  0  0  0  0  0  0  0  0  0  56375  0  0  0  0  3  1  4  0  191  1  0  0  0  0  16  0  0  7672  1301  349  3  0  48050  4  6  0  1  8  0  0  0  0  0  4  115  82  3  0  70  30156  0  1720  21  0  0  14  46  2  2085  1  0  1  40  3630  132112  82880  63326  32  851  0  0  0  1126  7  41  1  1  0  9  17  51519  0  0  0  0  0  0  0  0  23  4  1  318  0  
0  0  0  0  0  0  0  0  0  0  1527  0  0  0  0  0  0  0  0  38  0  8  0  0  0  0  4  0  0  4  0  0  0  0  0  0  0  0  0  0  0  0  0  322  0  0  0  0  0  0  0  0  0  0  0  0  0  0  0  0  0  0  0  0  1  0  0  0  0  0  0  0  0  0  0  78  0  0  0  0  0  0  0  33  87150  0  0  0  0  0  0  0  5399  0  186  1061  0  0  188  0  9364  0  0  35838  0  0  0  0  0  0  0  0  0  0  0  24756  0  8359  0  0  0  0  0  0  820  0  0  0  1  19820  5629  72615  15  0  11  0  0  0  68453  0  0  0  0  0  185  0  1  0  0  0  0  0  0  0  0  0  0  0  0  0  
0  22  0  0  0  0  0  0  0  0  0  0  0  0  0  0  0  0  0  0  4  2  0  0  0  0  0  0  0  0  0  0  0  0  0  0  0  0  0  0  0  45  0  0  0  0  0  0  0  0  2  0  0  0  0  0  0  0  0  0  0  0  0  0  0  0  0  0  0  0  0  0  0  0  0  101624  0  0  0  1  2  0  0  0  5  0  0  0  0  0  3  0  1023  120  0  10686  10147  0  130  0  1  0  0  0  0  5  0  0  6  0  11040  20  0  0  4  23259  1  1280  1  0  0  4  3  59945  36463  1  0  0  5  46  4519  433  2927  115550  130735  0  0  0  123  0  9  0  1  0  0  162  381  0  0  0  0  0  0  0  12  5  137  5  31  2  
0  176  0  0  0  0  0  0  0  0  75  0  0  0  0  0  0  0  0  0  13  3957  1  0  0  0  0  0  0  0  0  0  0  0  0  0  0  0  0  0  0  351  0  94  0  0  0  0  0  0  4  0  0  0  0  0  0  0  0  0  1  0  0  0  1  0  0  0  0  0  0  0  0  0  0  3504  0  0  1  1  2  0  0  3500  9443  0  0  0  0  0  19  0  1905  848  9840  0  31572  0  112  0  1  0  0  3884  0  11  0  0  1  0  0  0  0  0  13  54842  0  138208  4  0  0  7  34  0  40768  0  0  0  5  47  12342  2028  4486  5  95282  0  0  0  12822  2  6  0  0  0  1  1  1191  0  0  0  0  1  0  0  1  8  4242  50  85  3  
0  0  0  0  0  0  0  0  0  0  0  0  0  0  0  0  0  0  0  0  1  0  1  0  0  0  0  0  0  0  0  0  0  0  0  0  0  0  0  0  0  0  0  0  0  0  0  0  0  0  0  0  0  0  0  0  0  0  0  0  0  0  0  0  0  0  0  0  0  0  0  0  0  0  3  6  0  0  0  0  0  0  4  10655  0  2  0  0  0  0  19578  42433  1  0  10335  27277  0  15258  5  0  0  0  0  2  0  14223  5  8  52249  3  412  30  0  0  76  0  35900  40169  5  0  18615  2510  85  51353  1  1  1  0  0  0  3  0  39  642  63539  0  3222  480  26  2387  1  0  0  0  6  159  371  5  0  0  1  1  2  0  52488  9  95739  132  41625  64  
0  0  0  0  0  2  0  0  0  0  0  0  0  0  0  0  0  0  0  0  0  0  0  5  0  0  0  0  0  0  493  1  0  0  0  0  0  0  0  0  0  0  0  0  0  0  0  0  0  0  0  0  0  0  0  0  0  0  0  0  0  0  2  0  0  0  0  0  0  125  0  0  0  0  89206  0  0  0  1577  3954  4  0  0  0  0  36  33428  6122  13544  770  75  24205  0  0  0  0  16715  0  0  1  0  0  8  0  17727  4056  0  148  375  0  0  0  5637  50  0  0  11  0  10  0  84471  65  329  0  0  3135  1900  8  0  0  0  0  0  0  0  65500  138970  170619  0  2  8  3  4  6494  0  0  0  0  0  0  0  0  0  0  86  8907  5  1  10351  11  
0  0  0  0  0  0  0  0  0  0  0  0  0  0  0  0  0  0  0  0  0  0  0  0  0  0  0  0  0  0  0  0  0  0  0  0  0  0  0  0  0  0  0  0  0  0  0  0  0  0  0  0  0  0  0  0  0  0  0  0  0  0  0  0  0  0  0  0  0  0  0  0  0  0  4  279  0  19  0  16  12  5  62  0  94  17  0  6  2  13  140  83  42469  544  312  51  3  0  0  34235  17371  3  36  88  0  0  4  23493  4  10787  0  775  251  0  3124  6  0  1595  933  5  2  157  2826  1  55  97  11  19  119331  120707  722  27602  442  3  121  0  0  1  6218  95  422  52  46  0  191  4  182282  10  0  0  0  0  0  0  0  1049  24  3  1488  0  
0  0  0  0  0  0  0  0  0  0  0  0  0  0  0  0  0  0  0  0  0  0  0  0  0  0  0  0  0  0  0  0  0  0  0  0  0  0  0  0  0  0  0  0  0  0  0  0  0  0  0  0  0  0  0  0  0  0  0  0  0  0  0  0  0  0  0  0  0  0  0  0  0  0  1  0  0  71375  1  4  6  3  2  0  0  93  0  1  1  1  126  74  4  0  5  0  0  0  29815  0  180  8643  33  3  0  0  962  5204  9  110350  0  0  139  9  52918  0  0  27  4249  1  0  890  2552  5  1  74  5  13  44284  12919  5  2  4  1  24  0  0  0  71  3  63536  86  21  0  5  1  1239  521  0  0  0  0  0  0  5  127  189  4  1017  0  
0  0  6  0  0  0  0  0  0  0  0  0  0  0  0  0  0  0  0  0  0  0  0  0  0  0  18  0  0  95  0  0  0  0  0  0  0  0  0  0  0  0  0  0  0  0  0  0  0  0  0  0  0  0  0  0  0  0  0  0  0  0  0  0  0  0  0  0  0  0  0  0  0  0  0  4  15431  0  1  4  21  87  235  8  9  0  0  0  0  26  2  1  3  7724  5  1  0  0  18230  881  0  594  11  130124  0  0  0  0  0  0  0  0  1  0  62  0  0  46  209  1957  0  0  10  0  1  1  1  31  17  149883  6  73  2  0  4  0  0  0  1053  371  63298  2  54  0  5424  0  7  0  0  0  0  0  0  0  0  12  0  1  89  0  
0  0  0  0  0  0  0  0  0  0  0  0  0  0  0  0  0  0  0  0  0  0  0  0  0  0  0  0  0  0  0  0  0  0  0  0  0  0  0  0  0  0  0  0  0  0  0  0  0  0  0  0  0  0  0  0  0  0  0  0  0  0  0  0  0  0  0  0  0  0  0  0  0  0  0  1  15831  38719  0  2  3  12  26  2  0  0  0  0  0  2  26  14  0  0  0  0  0  0  4  10232  296  0  15808  11  0  0  0  0  0  0  0  0  2  0  180  0  0  4  192601  1182  0  3  146  0  0  5  2  6  2  36  0  0  0  0  0  0  0  0  1  39  119660  5  8  0  810  0  1  0  0  0  0  0  0  0  0  15  0  0  181  0  
0  0  0  0  0  0  1  0  0  0  0  0  0  0  0  0  0  0  0  0  0  0  0  0  0  0  0  0  0  0  0  0  0  0  0  0  0  0  0  0  0  0  0  0  0  0  0  0  0  0  0  0  0  0  0  0  0  0  0  0  0  0  0  0  0  1  0  0  0  0  0  0  0  0  22  0  24759  29851  20  181  100  1981  16  2  0  6653  0  12  32243  14413  520  106  2  0  0  0  0  2  25  1  15  17290  0  4  0  0  6  8  27  0  0  0  41  3  764  0  0  5  157108  7937  7  25  1713  0  0  1472  51  2814  8  162  0  2  2  0  0  0  0  0  4  171  479  93114  161868  0  32  0  5  0  0  0  0  0  0  0  1  1272  0  8  1660  0  
0  0  105  0  0  0  0  0  91  55  290  0  0  0  0  0  0  0  0  1  0  52  0  0  0  0  365  0  0  6292  0  0  0  0  0  0  0  0  0  0  0  0  0  34  0  206  0  0  0  0  0  0  0  0  0  0  0  0  0  0  0  0  0  0  173  2  0  0  0  0  115  0  0  0  0  5  14763  0  0  1  3  6  8206  16974  3075  0  0  0  0  8  2  1  20  19415  4  2750  0  0  151  2  171607  19  11  0  0  0  0  0  0  1  0  0  1  0  23  0  0  2793  171  27968  0  0  14  0  0  0  0  4  13  71295  7  10350  1  0  4  0  0  0  91412  350  19553  0  4  0  120158  0  9  0  0  0  4  1  0  0  0  9  7  24  24  0  
4  0  0  0  1  87  0  0  0  0  0  0  0  0  0  1  0  0  0  0  0  0  0  8  0  0  0  0  0  0  3325  10  0  0  0  0  0  0  0  0  0  0  0  0  0  0  0  0  0  0  0  0  0  0  0  0  0  0  0  0  0  0  1  0  0  0  0  0  0  1650  0  0  0  0  21061  0  0  0  0  2032  0  0  0  0  0  0  0  0  0  2245  0  0  0  0  0  0  3  14131  0  0  0  0  0  0  0  52271  0  0  0  0  0  0  0  0  0  0  0  0  0  0  4  0  0  0  0  0  0  0  0  0  0  0  0  0  0  0  87388  5  0  1  0  0  0  45195  0  0  0  0  0  0  0  0  1  0  0  325  0  2  10777  431  
0  0  0  0  0  218  0  0  0  0  0  0  0  0  0  5  1  12  0  0  0  0  16  0  0  0  0  0  0  0  635  3762  0  0  0  0  0  0  0  0  0  0  0  0  0  0  0  0  0  0  0  0  0  0  0  0  0  0  0  0  0  0  37  8  0  256  0  0  0  729  0  0  0  0  99  0  0  0  17  21295  0  0  0  0  0  0  0  0  0  5  0  14  0  0  9  1  11897  2256  0  0  0  0  0  0  58419  0  4  0  0  0  0  0  0  0  52  0  0  3  0  0  1097  91  0  0  0  2  2  0  0  0  0  0  0  0  0  0  54390  335  0  13993  0  0  0  7531  0  0  0  0  21  397  0  181  49  76  8871  9136  2988  1810  69715  18689  
0  0  0  0  0  0  0  0  0  0  0  0  0  0  0  0  0  0  0  0  0  0  0  0  0  0  0  0  0  0  0  0  0  0  0  0  0  0  0  0  0  0  0  0  0  0  0  0  0  0  0  0  0  0  0  0  0  0  0  0  0  0  0  0  0  0  0  0  0  0  0  0  0  0  0  0  0  4903  0  0  0  0  0  0  0  379  0  0  0  0  31  1  0  0  1  0  0  0  16  855  0  0  2  0  0  2  0  23593  32362  4675  0  1  0  0  20218  0  1  4  3  0  0  59723  123  8  0  0  0  0  76  0  1  0  5  1  11  0  0  0  0  0  0  0  0  0  0  1  6963  49925  0  0  0  0  0  0  17  0  1764  4  32  1  
0  0  0  0  0  0  0  0  0  0  0  0  0  0  0  0  0  0  0  0  0  0  0  0  0  0  0  0  0  0  0  0  0  0  0  0  0  0  0  0  0  0  0  0  0  0  0  0  0  0  0  0  0  0  0  0  0  0  0  0  0  0  0  0  0  0  0  0  0  0  0  0  0  0  0  1  0  2847  0  0  0  0  0  0  0  611  398  323  0  0  9  3  0  0  0  0  6  40  23412  4127  0  0  15  0  0  0  20133  0  86766  65085  1  2797  10  1  1718  0  27141  2  22  0  0  13277  84  124  0  0  0  2  257  2  0  0  9  6  29  0  0  0  0  0  2  0  0  0  0  33  113842  12635  0  0  0  0  0  0  5  2  602  0  7  0  
0  0  0  0  0  0  0  0  0  0  0  0  0  0  0  0  0  0  0  0  0  0  0  0  0  0  0  0  0  0  0  0  0  0  0  0  0  0  0  0  0  0  0  0  0  0  0  0  0  0  0  0  0  0  0  0  0  0  0  0  0  0  0  0  0  0  0  0  0  0  0  0  0  0  0  0  0  1454  0  0  0  0  0  0  0  2285  295  203  0  0  24840  9913  0  0  4  0  47017  313  12  9  0  0  8  0  0  0  18389  82446  0  361  18  1537  7  1  158  0  38493  9  1  0  3  74197  77  5635  0  0  1  0  45  0  0  0  1  213  49  0  1  1  0  1  0  1  0  0  0  1340  30746  72  0  0  0  0  0  0  13355  1  1331  0  460  0  
0  0  0  0  0  0  0  0  0  0  0  0  0  0  0  0  0  0  0  0  0  0  0  0  0  0  0  0  0  0  0  0  0  0  0  0  0  0  0  0  0  0  0  0  0  0  0  0  0  0  0  0  0  0  0  0  0  0  0  0  0  0  0  0  0  0  0  0  0  0  0  0  0  0  1  2  0  347  0  0  0  0  1  0  0  8  0  1  0  0  38  12  8  0  4  0  1  0  13837  100925  3  1  16  2  0  0  1790  67777  281  0  0  1  104  3  42279  0  3  18  263  0  0  4002  1047  23  0  47  3  3  10342  11070  4  5  11  1  29  0  0  0  79  2  4576  26  3  0  1  4  15857  35790  0  0  0  0  0  0  4  99  821  1  562  0  
0  0  0  0  0  0  0  0  0  0  0  0  0  0  0  0  0  0  0  0  0  0  0  0  0  0  0  0  0  0  0  0  0  0  0  0  0  0  0  0  0  0  0  0  0  0  0  0  0  0  0  0  0  0  0  0  0  0  0  0  0  0  0  0  0  0  0  0  0  0  0  0  0  0  0  5872  0  0  0  0  0  0  0  0  0  0  0  0  0  0  1  0  21  0  10353  0  507  0  0  0  0  0  0  0  0  0  0  2  125  0  0  49567  0  0  0  0  21868  1  0  0  0  20  0  58171  0  0  0  0  0  0  0  0  10798  75140  44  0  0  0  0  0  0  0  0  0  0  188317  852  0  0  0  0  0  0  0  5  0  8  0  0  0  
0  0  0  0  0  0  0  0  0  0  0  0  0  0  0  0  0  0  0  0  0  0  0  0  0  0  0  0  0  0  0  0  0  0  0  0  0  0  0  0  0  0  0  0  0  0  0  0  0  0  0  0  0  0  0  0  0  0  0  0  0  0  0  0  0  0  0  0  0  0  0  0  0  0  0  177  0  0  0  0  0  0  0  0  0  0  2  2  0  0  0  0  134  0  136  0  20  0  573  0  0  0  0  0  0  0  0  3524  2958  5  54974  0  0  0  3  0  36637  4  0  0  0  842  0  14241  0  0  0  0  6  0  2  0  10630  21914  2622  0  0  0  0  0  0  0  0  0  0  218170  165655  1  0  0  0  0  0  0  33  0  406  0  1  0  
0  0  0  0  0  0  0  0  0  0  0  0  0  0  0  0  0  0  0  0  0  0  0  0  0  0  0  0  0  0  0  0  0  0  0  0  0  0  0  0  0  0  0  0  0  0  0  0  0  0  0  0  0  0  0  0  0  0  0  0  0  0  0  0  0  0  0  0  0  0  0  0  0  0  866  0  0  1  117  108  0  0  0  0  0  3396  16807  81999  47  4  18  280  0  0  0  0  0  7762  8  16  1  0  51  0  0  1  0  3  4  7  0  0  0  2792  98  0  0  0  282  0  28369  2  21326  0  0  22682  560  16  7  15  0  0  0  0  0  11422  29  5439  2  4  308  879  19  0  0  0  7  0  0  0  0  0  0  0  0  23  2  0  88  0  
0  0  0  0  0  0  0  0  0  0  0  0  0  0  0  0  0  0  0  0  0  0  0  0  0  0  0  0  0  0  0  0  0  0  0  0  0  0  0  0  0  0  0  0  0  0  0  0  0  0  0  0  0  0  0  0  0  0  0  0  0  0  0  0  0  0  0  0  0  0  0  0  0  0  3  0  0  0  3  21  0  0  0  0  0  48903  3  28834  17  1  3  145  0  0  0  0  1  6  1  3  0  0  13  0  0  0  0  0  0  0  0  0  5280  0  7  0  0  0  22  0  17  2  10635  0  0  4575  147  24  0  1  0  0  0  0  0  0  0  0  0  15  38  446  18  0  0  0  0  0  0  0  0  0  0  0  0  8  0  0  38  0  
0  0  0  0  0  0  0  0  0  0  0  0  0  0  0  0  0  0  0  0  0  0  0  0  0  0  0  0  0  0  0  0  0  0  0  0  0  0  0  0  0  0  0  0  0  0  0  0  0  0  0  0  0  0  0  0  0  0  0  0  0  0  0  0  0  0  0  0  0  0  0  0  0  0  60  32  11  32077  2  54  41  40  236  36  1  3802  0  183  1  40  12117  264  48  0  20  5  52  9  6090  47422  199  2788  1011  77  0  15  17974  594  366  58649  0  14  5996  536  0  0  7  362  9710  160  42  57571  53223  108  9  3230  27  125  8148  18845  39  21  118  21  874  3  0  5  462  255  18610  5345  101  0  393  107  13383  10241  0  0  0  0  0  0  162  1646  8229  597  29257  26  
0  0  0  0  0  0  0  0  0  0  413  0  0  0  0  0  0  0  0  3  0  1574  0  0  0  0  0  0  0  0  0  0  0  0  0  0  0  0  0  0  0  343  0  101  0  0  0  0  0  0  1  0  0  0  0  0  0  0  0  0  0  0  0  0  0  0  0  0  0  0  0  0  0  0  0  46705  0  0  0  0  0  0  0  0  51983  0  0  0  0  0  0  0  27634  25041  26560  40409  0  0  0  0  0  0  0  0  0  0  0  0  0  0  0  0  0  0  0  0  0  54045  0  0  0  0  0  0  16155  0  0  0  0  1  34421  1958  829  0  26  0  0  0  3  0  0  0  0  0  0  0  2  0  0  0  0  0  0  0  0  0  0  0  0  0  
0  0  0  0  0  0  0  0  0  0  0  0  0  0  0  0  0  0  0  0  0  0  0  0  0  0  0  0  0  0  0  0  0  0  0  0  0  0  0  0  0  0  0  0  0  0  0  0  0  0  0  0  0  0  0  0  0  0  0  0  0  0  0  0  0  0  0  0  0  0  0  0  0  0  0  0  0  0  0  0  0  0  0  0  0  0  0  0  0  0  14  0  0  0  0  0  37531  25  0  0  0  0  0  0  0  0  0  25015  52641  4  21584  30211  0  0  3  0  0  3  0  0  0  2020  0  31106  0  0  0  0  0  0  0  0  0  165  54  0  0  0  0  0  0  0  0  0  0  10164  17087  4  0  0  0  0  0  0  938  0  700  0  0  0  
0  0  0  0  0  0  0  0  0  0  15  0  0  0  0  0  0  0  0  0  0  468  0  0  0  0  0  0  0  0  0  0  0  0  0  0  0  0  0  0  0  18  0  15  0  0  0  0  0  0  0  0  0  0  0  0  0  0  0  0  0  0  0  0  0  0  0  0  0  0  0  0  0  0  0  6429  3  1  0  10  14  0  3772  28982  116035  0  0  1  0  6  168  5  3302  6166  6037  155979  30110  0  2136  6  114  4  16  6022  0  10  22  0  2  9  0  6  10  0  304  43981  0  0  106  2  0  290  924  1  5705  2  3  6  73  1372  22899  45078  14869  454  17655  0  0  0  95521  580  111  2  13  0  2058  476  12748  12  0  0  0  0  0  0  6  152  39400  3722  1852  7  
0  0  0  0  0  0  0  0  0  0  0  0  0  0  0  0  0  0  0  0  0  0  0  0  0  0  0  0  0  0  0  0  0  0  0  0  0  0  0  0  0  0  0  0  0  0  0  0  0  0  0  0  0  0  0  0  0  0  0  0  0  0  0  0  0  0  0  0  0  0  0  0  0  0  88  15  32937  50688  37  542  671  1866  1364  49  2  5532  0  8  57  2430  3522  1444  21  0  14  1  6  14  984  8370  891  220388  158951  462  0  1  2  0  0  33  0  0  630  12  12028  0  0  174  0  48828  65  176  35857  0  1  1936  182  2307  324  5060  9  25  8  0  22  1  4  4  141  1875  171725  31767  47658  0  7392  0  378  0  0  1  0  0  0  0  0  6451  7  38  14114  3  
0  0  43  0  0  0  0  34  245  0  0  0  0  0  0  18  0  0  0  0  0  0  0  0  0  0  0  0  0  44  0  0  0  0  0  0  0  0  0  0  0  0  0  0  1  251  0  0  0  0  0  0  0  0  0  0  0  0  0  0  0  0  0  0  0  32  0  0  0  0  27  0  0  0  2  3  37278  4  5  123  1150  28009  27013  8  0  0  0  0  4  8773  37  3  5  0  2  0  0  2  49  0  12735  2428  3189  30403  0  0  0  0  0  0  0  0  0  0  462  0  0  60  60818  0  1  8  136  0  0  44  19  328  22  5825  5  5  2  0  9  0  0  1  22  922  36001  14  1798  0  46882  0  30  0  0  0  0  0  0  0  0  486  0  3  445  0  
0  0  0  0  0  0  0  0  0  0  0  0  0  0  0  0  0  0  0  0  0  0  0  0  0  0  0  0  0  0  0  0  0  0  0  0  0  0  0  0  0  0  0  0  0  0  0  0  0  0  0  0  0  0  0  0  0  0  0  0  0  0  0  0  0  0  0  0  0  0  0  0  0  0  7628  0  0  0  3945  2299  4  0  0  0  0  85  3711  873  197  29  31  36080  0  0  0  0  7287  80417  0  5  0  0  23  0  3  293  0  0  2  0  0  0  32256  161  6  0  0  0  86  1  0  2  11717  0  0  7179  16744  132  2  3  0  0  0  0  0  3729  12507  40494  0  23  54  14  6  0  0  0  1  0  0  0  0  0  0  0  822  742  1  0  42151  0  
0  0  0  0  0  0  0  0  0  0  0  0  0  0  0  0  0  0  0  0  0  0  0  0  0  0  0  0  0  0  0  0  0  0  0  0  0  0  0  0  0  0  0  0  0  0  0  0  0  0  0  0  0  0  0  0  0  0  0  0  0  0  0  0  0  0  0  0  0  0  0  0  0  0  0  1  0  130  0  5  3  3  16  1  0  285  52  25  2  1  49137  9519  2  0  10  0  1226  28  110  45  5  129  40  1  0  8  42089  8209  99266  6496  27  797  10  0  22102  1  5030  67  436  4  58  0  1100  14794  0  25  3  6  222  24  5  0  43  189  188  0  0  0  1  12  378  6  8  0  14  433  96001  21599  0  0  0  0  0  0  5033  29  22967  228  46805  8  
0  0  0  0  0  0  0  0  0  0  0  0  0  0  0  0  0  0  0  0  0  0  0  0  0  0  0  0  0  0  0  0  0  0  0  0  0  0  0  0  0  0  0  0  0  0  0  0  0  0  0  0  0  0  0  0  0  0  0  0  0  0  0  0  0  0  0  0  0  0  0  0  0  0  3413  5  5  23672  709  2092  352  63  78  2  0  64838  3  4725  2449  344  27998  60031  11  0  3  0  483  875  383  383  44  173  7798  17  0  0  193  10  211  273  0  0  28673  8732  30116  1  2  28  49776  42  12987  2650  0  7  0  55849  20975  7025  539  1251  6  4  8  3  28  67  67  766  40  2054  8162  55618  2459  0  96  6  584  7  0  2  0  0  0  0  619  7185  174  6  32900  0  
0  0  0  0  0  0  0  0  0  0  0  0  0  0  0  0  0  0  0  0  0  0  0  0  0  0  0  0  0  0  0  0  0  0  0  0  0  0  0  0  0  0  0  0  0  0  0  0  0  0  0  0  0  0  0  0  0  0  0  0  0  0  0  0  0  0  0  0  0  0  0  0  0  0  0  27  0  0  0  0  0  0  0  0  0  0  0  0  0  0  41  1  0  0  49981  0  31212  0  0  2  0  0  0  0  0  0  29  83  14361  148  48924  7454  2  0  114  0  39256  10  0  0  0  17762  8  0  0  0  0  0  11  0  0  0  112  53526  11688  0  0  0  0  0  0  0  0  0  0  44715  34272  104  0  0  0  0  0  0  5145  0  16137  0  6  0  
0  0  0  0  0  0  0  0  0  0  0  0  0  0  0  0  0  0  0  0  0  0  0  0  0  0  0  0  0  0  0  0  0  0  0  0  0  0  0  0  0  0  0  0  0  0  0  0  0  0  0  0  0  0  0  0  0  0  0  0  0  0  0  0  0  0  0  0  0  0  0  0  0  0  0  7256  0  0  0  1  0  0  0  0  38  0  0  0  0  0  0  0  1192  766  32644  42746  10  0  79  0  1  0  1  0  0  0  0  0  0  0  0  0  0  0  4  31268  0  3509  1  0  0  1  3  0  0  0  0  0  1  54  11069  1401  5781  51  14867  0  0  0  69  0  4  0  0  0  1  2  58  0  0  0  0  0  0  0  0  0  9  0  7  0  
0  0  0  0  0  0  0  0  0  0  0  0  0  0  0  0  0  0  0  0  0  0  0  0  0  0  0  0  0  0  0  0  0  0  0  0  0  0  0  0  0  0  0  0  0  0  0  0  0  0  0  0  0  0  0  0  0  0  0  0  0  0  0  0  0  0  0  0  0  0  0  0  0  0  6940  5  2  10  754  2870  576  44  17  3  0  20363  0  76129  186133  627  1547  1723  1  0  3  1  220  1940  80  31  8  12  2365  3  0  4  3  0  15  54  0  0  29343  5618  521  0  0  28  5997  29  5525  573  88097  0  1  0  81903  37724  46  229  1  3  2  0  3  40555  187  18292  12  3363  1427  79695  1013  3  27  0  25  1  0  0  0  0  0  0  10  2792  25  2  10405  0  
0  0  0  0  0  0  0  0  0  0  0  0  0  0  0  0  0  0  0  0  0  0  0  0  0  0  0  0  0  0  0  0  0  0  0  0  0  0  0  0  0  0  0  0  0  0  0  0  0  0  0  0  0  0  0  0  0  0  0  0  0  0  0  0  0  0  0  0  0  0  0  0  0  0  21778  1  0  2  53135  29172  402  35  7  0  0  45  0  2149  314606  8268  262  489  0  0  1  0  22  761  32  5  5  4  365  3  0  7  0  0  2  1  0  0  320  13  76  0  0  6  1278  4  13596  38  16082  0  0  84543  0  120203  10  84  0  2  0  0  0  2899  114  581  6  2008  197  189  239  1  5  0  7  0  0  2  0  0  0  0  2  5961  3  0  10908  0  
0  0  0  0  0  0  0  0  0  0  0  0  0  0  0  0  0  0  0  0  0  0  0  0  0  0  0  0  0  0  0  0  0  0  0  0  0  0  0  0  0  0  0  0  0  0  0  0  0  0  0  0  0  0  0  0  0  0  0  0  0  0  0  0  0  0  0  0  0  0  0  0  0  0  1432  11  23  33  5125  49797  39303  3239  126  10  0  9  0  12  131922  210536  216  158  4  0  9  0  20  83  73  2  215  19  5823  34  0  2  0  0  4  2  0  0  11  2  168  0  0  159  8388  482  120  40  2507  0  1  42394  93129  0  22  612  16  7  12  0  23  9  4  118  46  10033  351  13542  37588  3  287  0  14  0  0  10  0  0  0  0  0  2548  0  0  3016  0  
0  0  0  0  0  0  0  0  0  0  0  0  0  0  0  0  0  0  0  0  0  0  0  0  0  0  0  0  0  0  0  0  0  0  0  0  0  0  0  0  0  0  0  0  0  0  0  0  0  0  0  0  0  0  0  0  0  0  0  0  0  0  0  0  0  0  0  0  0  0  0  0  0  0  4  26  1  19  0  9  2  2  8  0  1  31  0  5  1  5  211  113  67  0  23  5  3  0  102290  50499  11  4  104  10  0  0  11  78  63  15936  0  4  397  8  8417  0  3  138  1591  3  3  852  5489  23  4  150  14  19  0  19916  45  24  21  3  62  0  0  1  249  20  252  90  46  0  14  11  52773  21  0  0  0  0  0  0  2  426  180  1  1864  0  
0  0  0  0  0  0  0  0  0  0  0  0  0  0  0  0  0  0  0  0  0  0  0  0  0  0  0  0  0  0  0  0  0  0  0  0  0  0  0  0  0  0  0  0  0  0  0  0  0  0  0  0  0  0  0  0  0  0  0  0  0  0  0  0  0  0  0  0  0  0  0  0  0  0  4  402  42  79  5  240  659  626  2857  47  214  17  0  3  10  472  262  164  3771  19013  391  69  4  1  153178  11507  165507  136  324  51007  0  0  2  0  4  16493  0  0  491  2  17790  4  0  4052  4235  6576  6  94  3472  4  62  246  36  631  20770  0  616  31277  369  3  411  0  0  0  22345  6830  77605  134  981  0  54679  1  3331  1  0  0  0  0  0  0  0  1299  20  47  5284  0  
0  0  0  0  0  0  0  0  0  0  0  0  0  0  0  0  0  0  0  0  0  0  0  0  0  0  0  0  0  0  0  0  0  0  0  0  0  0  0  0  0  0  0  0  0  0  0  0  0  0  0  0  0  0  0  0  0  0  0  0  0  0  0  0  0  0  0  0  0  0  0  0  0  0  0  21370  0  0  0  6  10  1  4  0  137  0  0  0  1  3  34  0  122534  4538  11977  2470  9  0  904  1  5  0  3  0  0  0  0  0  0  2  0  0  1  0  29  32722  0  12542  9  1  0  5  32  0  5516  2  1  5  15  265  0  15671  19940  6  1635  0  0  0  2539  5  22  1  8  0  3  1  5265  0  0  0  0  0  0  0  0  25  12  0  212  0  
0  0  0  0  0  0  0  0  0  0  0  0  0  0  0  0  0  0  0  0  0  0  0  0  0  0  0  0  0  0  0  0  0  0  0  0  0  0  0  0  0  0  0  0  0  0  0  0  0  0  0  0  0  0  0  0  0  0  0  0  0  0  0  0  0  0  0  0  0  0  0  0  0  0  0  1224  4  1  0  7  14  2  116  4  20740  0  0  0  0  7  8  3  107305  85403  1466  4226  0  0  31390  26  299  3  8  5527  0  0  0  0  0  21  0  0  11  0  175  2699  0  83371  74  4  1  13  175  0  2949  7  4  6  103  28974  18927  0  251  0  55  0  0  0  70733  162  143  0  6  0  1250  0  14668  0  0  0  0  0  0  0  0  60  4  5  486  0  
0  0  0  0  0  0  0  0  0  0  0  0  0  0  0  0  0  0  0  0  0  0  0  0  0  0  0  0  0  0  0  0  0  0  0  0  0  0  0  0  0  0  0  0  0  0  0  0  0  0  0  0  0  0  0  0  0  0  0  0  0  0  0  0  0  0  0  0  0  0  0  0  0  0  0  42052  0  0  0  1  1  1  3  0  15  0  0  0  0  0  7  0  45132  2  8541  1010  53  0  322  1  0  0  4  0  0  0  0  0  5  0  10759  9059  0  0  18  1171  1  16620  4  0  0  13  33  743  6906  1  1  2  6  59  19239  217  0  12484  18442  0  0  0  920  1  11  0  1  0  1  22617  53606  0  0  0  0  0  0  0  2  13  118  0  133  0  
0  0  0  0  0  0  0  0  0  0  0  0  0  0  0  0  0  0  0  0  0  0  0  0  0  0  0  0  0  0  0  0  0  0  0  0  0  0  0  0  0  0  0  0  0  0  0  0  0  0  0  0  0  0  0  0  0  0  0  0  0  0  0  0  0  0  0  0  0  0  0  0  0  0  0  46508  0  0  0  0  1  0  0  0  0  0  0  0  0  0  1  0  167  1  109341  42  96  0  2  0  0  0  1  0  0  0  0  5  537  2  69830  25610  0  0  0  6  157  128  0  0  0  367  3  65838  2928  0  0  0  0  0  40  3  12255  0  27806  0  0  0  3  0  0  0  0  0  0  50054  20109  1  0  0  0  0  0  0  70  0  1569  0  2  0  
0  15  0  0  0  0  0  0  0  0  0  0  0  0  0  0  0  0  0  0  0  2  0  0  0  0  0  0  0  0  0  0  0  0  0  0  0  0  0  0  0  28  0  0  0  0  0  0  0  0  0  0  0  0  0  0  0  0  0  0  0  0  0  0  0  0  0  0  0  0  0  0  0  0  0  24203  0  0  0  0  0  1  3  21  4  0  0  0  0  1  21  2  1904  54  128312  84520  58349  0  156  0  1  1  20  1  0  0  3  0  301  6  6  820  2  0  39  277  131  8192  98  0  0  209  485  13673  21003  0  0  1  4  30  2727  230  24589  29701  0  0  0  0  316  0  16  1  2  0  0  10589  7084  4  0  0  0  0  0  0  253  8  35636  2  174  0  
0  0  0  0  0  0  0  0  0  0  0  0  0  0  0  0  0  0  0  0  0  0  0  0  0  0  0  0  0  0  0  0  0  0  0  0  0  0  0  0  0  0  0  0  0  0  0  0  0  0  0  0  0  0  0  0  0  0  0  0  0  0  0  0  0  0  0  0  0  0  0  0  0  0  9372  0  0  0  279  389  2  0  0  0  0  0  13245  72292  48479  11  0  1  0  0  0  0  0  43535  0  0  0  0  0  0  0  2  0  0  0  0  0  0  8278  0  1  0  0  0  10  0  1000  0  208  0  0  47809  15860  1  0  0  0  0  0  0  0  0  40  35052  0  0  4  4  4  0  0  0  0  0  0  0  0  0  0  0  0  28  0  0  150  0  
0  0  0  0  0  1  0  0  0  0  0  0  0  0  0  0  0  0  0  0  0  0  0  1  0  0  0  0  0  0  86  3  0  0  0  0  0  0  0  0  0  0  0  0  0  0  0  0  0  0  0  0  0  0  0  0  0  0  0  0  0  0  0  0  0  0  0  0  0  28  0  0  0  0  5193  0  0  0  203  7532  0  0  0  0  0  0  0  9  2  113  2  115  0  0  0  0  5296  122412  0  0  0  0  1  0  90191  60658  0  0  6  0  0  0  2  0  0  0  0  0  0  0  6441  0  15  0  0  21  60  1  0  0  0  0  0  0  0  12  0  47068  0  15  0  0  0  19391  0  0  0  0  0  0  0  0  1  1  16  25280  4  17  27089  2075  
0  0  0  0  0  0  0  0  0  0  0  0  0  0  0  0  0  0  0  0  0  0  0  0  0  0  0  0  0  0  1  0  0  0  0  0  0  0  0  0  0  0  0  0  0  0  0  0  0  0  0  0  0  0  0  0  0  0  0  0  0  0  0  0  0  0  0  0  0  0  0  0  0  0  13018  0  0  0  5066  15531  10  0  0  0  0  0  7  11757  44  2080  3  2325  0  0  0  0  1116  155888  0  1  0  0  8  0  13  1324  0  0  0  0  0  0  2487  0  4  0  0  0  24  0  34853  2  1791  0  0  12747  965  25  0  0  0  0  0  0  0  34390  67524  0  0  30  16  3  0  364  0  0  0  0  0  0  0  0  0  0  2  13780  1  0  8482  12  
0  0  0  0  0  0  0  0  1  0  232  0  0  0  0  0  0  0  0  3  0  4  0  0  0  0  6  0  0  109  0  0  0  0  0  0  0  0  0  0  0  0  0  8  0  0  0  0  0  0  0  0  0  0  0  0  0  0  0  0  0  0  0  0  11  0  0  0  0  0  0  0  0  0  0  5529  7  1  0  9  30  11  1181  11572  70122  1  0  0  0  21  55  4  2664  64055  4099  6730  9  1  5214  37  982  2  23  100611  0  0  3  0  0  29  0  0  18  0  293  37  0  72897  205  18  0  41  431  0  611  6  3  13  217  11860  10363  74295  2625  5  5108  0  0  1  0  735  537  2  19  0  2615  3  2388  2  0  0  0  0  0  0  0  116  29  9  799  0  
0  0  0  0  0  4374  173  19  74  17530  0  0  0  0  1  24  0  0  0  0  0  2  2  0  2  3  1  2  1  13  26  817  0  0  0  1  0  0  0  0  324  0  0  0  10  1  0  70  2  0  0  0  0  0  0  16  0  0  0  0  0  0  4  1  1  16845  16  1  1  109  3  0  10  0  230  13  20  0  308  67298  33946  25763  50813  41950  13  1  0  3  155  4615  89  51  16  0  12  8  836  19  180  2  1587  38  501  1597  1  14517  0  0  3  0  0  0  5  0  107  0  0  2234  1879  187  80  11  645  0  3  1244  2439  4007  43  5233  25  92  12  0  16  1  11  15  868  0  849  270  2192  2  11867  0  29  0  3  28054  117  8149  3329  521  1  2606  179  23835  1058  2  
0  0  0  0  0  0  0  0  0  0  0  0  0  0  0  0  0  0  0  0  0  0  0  0  0  0  0  0  0  0  0  0  0  0  0  0  0  0  0  0  0  0  0  0  0  0  0  0  0  0  0  0  0  0  0  0  0  0  0  0  0  0  0  0  0  0  0  0  0  0  0  0  0  0  46  75  9254  18628  6  108  210  761  2438  95  2  299  0  20  15  207  2162  1304  61  0  72  9  1  6  1653  85758  68444  116629  673  12263  0  0  17  0  1  4079  0  0  468  47  19859  0  1  1116  128456  17613  26  325  11268  1  5  442  69  479  1072  74292  83  33  69  1  147  0  0  2  700  2224  0  2634  1066  0  15852  0  943  3  0  1  0  0  0  0  5  1627  52  10  7651  1  
0  0  0  0  0  0  0  0  0  0  0  0  0  0  0  0  0  0  0  0  0  0  0  0  0  0  0  0  0  0  0  0  0  0  0  0  0  0  0  0  0  0  0  0  0  0  0  0  0  0  0  0  0  0  0  0  0  0  0  0  0  0  0  0  0  0  0  0  0  0  0  0  0  0  323  0  1  11528  200  1440  806  51  32  5  0  51207  0  1021  46839  755  1107  809  1  0  1  0  8  53  108  87  12  15  121412  8  0  0  5  0  0  90  0  0  3910  2284  1149  0  0  13  42815  9  158  66  36299  0  0  77695  578  13493  53  283  1  1  0  0  3  5  5  39  21  1255  2895  0  5569  0  17  0  22  0  0  1  0  0  0  0  1  2906  10  2  2926  1  
0  0  0  0  0  0  0  0  0  0  0  0  0  0  0  0  0  0  0  0  0  0  0  0  0  0  0  0  0  0  0  0  0  0  0  0  0  0  0  0  0  0  0  0  0  0  0  0  0  0  0  0  0  0  0  0  0  0  0  0  0  0  0  0  0  1  0  0  0  0  0  0  0  0  54  23  42  34  62  1642  2724  10776  259  22  2  8  0  1  27252  68292  142  77  32  0  29  2  5  7  837  3  578  52  184769  71  0  0  0  0  0  2  0  0  9  0  131  0  0  268  49368  612  13  14  611  0  2  1861  355  45447  235  3199  18  26  14  1  25  0  0  9  146  7867  995  10416  0  0  390  0  156  1  0  0  0  0  0  0  0  783  0  0  1036  0  
3  0  0  0  4  47  0  0  0  0  0  0  0  0  0  8  0  0  0  0  0  0  0  0  0  0  0  0  0  0  272  0  0  0  0  0  0  0  0  0  0  0  0  0  0  0  0  0  0  0  0  0  0  0  0  0  0  0  0  0  0  0  0  0  0  0  0  0  0  322  0  0  0  0  21486  0  0  0  6466  46902  0  0  0  0  0  0  0  1  0  18319  0  0  0  0  0  0  0  11097  0  0  0  0  0  0  47973  10664  0  0  0  0  0  0  0  0  0  0  0  0  0  0  3  0  0  0  0  2  2  0  0  0  0  0  0  0  0  2  27927  2824  0  4  0  0  0  0  0  0  0  0  0  0  0  0  0  0  0  8462  0  1  174  25  
0  0  2  0  0  0  0  6  805  16  3  0  0  0  0  0  0  0  0  0  0  2  0  0  0  0  3  0  0  1787  0  0  0  0  0  0  0  0  0  0  0  0  0  3  0  243  0  0  0  0  0  0  0  0  0  0  0  0  0  0  0  0  0  0  6  65  0  0  0  0  852  0  0  0  0  37  94  0  0  22  236  685  73311  139  50  0  0  0  2  255  9  2  81  61  49  8  0  0  734  4  48733  1206  179  132623  0  0  0  0  0  7  0  0  4  0  253  0  0  1354  8437  33624  0  11  70  0  4  25  7  92  113  71299  61  1934  31  0  52  0  1  0  4804  14391  32373  11  112  0  0  0  67  0  0  0  2  0  0  0  0  96  9  6  248  0  
0  0  0  0  0  0  0  0  0  0  0  0  0  0  0  0  0  0  0  0  0  0  0  0  0  0  0  0  0  0  0  0  0  0  0  0  0  0  0  0  0  0  0  0  0  0  0  0  0  0  0  0  0  0  0  0  0  0  0  0  0  0  0  0  0  0  0  0  0  0  0  0  0  0  0  3978  0  0  0  0  0  0  0  0  0  0  0  0  0  0  2  0  13  0  2547  0  41  0  2  0  0  0  0  0  0  0  1  11  4092  2  184208  213434  0  0  4  0  10106  95  0  0  0  890  2  32971  1  0  0  0  0  0  5  0  25028  65331  12469  0  0  0  0  0  0  0  0  0  0  0  30027  7  0  0  0  0  0  0  62  0  377  0  1  0  
0  0  0  0  0  0  0  0  0  0  0  0  0  0  0  0  0  0  0  0  0  0  0  0  0  0  0  0  0  0  0  0  0  0  0  0  0  0  0  0  0  0  0  0  0  0  0  0  0  0  0  0  0  0  0  0  0  0  0  0  0  0  0  0  0  0  0  0  0  0  0  0  0  0  2  2116  3  4  2  55  44  10  37  3  178  8  1  4  1  22  1244  261  51679  0  2153  211  304  0  196834  1615  34  18  513  17  0  0  4191  118469  55957  30593  654  217100  192  1  10424  15  11521  13353  4347  12  4  126882  26844  62895  447  61  15  82  91158  3167  13172  16306  36143  42735  34951  0  0  0  3568  64  559  162  87  0  42  38541  0  1592  0  0  0  0  0  0  380  1447  6528  26  11828  0  
0  0  0  0  0  0  0  0  0  0  0  0  0  0  0  0  0  0  0  0  0  0  0  0  0  0  0  0  0  0  0  0  0  0  0  0  0  0  0  0  0  0  0  0  0  0  0  0  0  0  0  0  0  0  0  0  0  0  0  0  0  0  0  0  0  0  0  0  0  0  0  0  0  0  0  0  0  624  0  0  0  0  0  0  0  1  0  0  0  0  1  0  0  0  0  0  2  0  10  240  0  0  1  0  0  0  38043  23447  156  51876  0  3  0  0  15361  0  3  2  21  0  0  17953  94  28  0  0  0  0  53  0  0  0  15  1  33  0  0  0  0  0  1  0  0  0  0  6  1845  0  0  0  0  0  0  0  1  1  1911  0  4  0  
0  3  0  0  0  2  0  0  0  0  0  2  0  0  0  0  13202  11580  5  0  56  10  93858  27  28  255  1  0  1  0  5  49  3  116  9588  44  4  123  0  1  236  2  31307  22  15  0  1  27563  5  10669  2  0  0  0  596  46  7  6  258  368  51  0  20  9  5  1  4  0  0  5  3  335  6429  2  0  0  0  0  0  0  0  0  0  0  0  0  0  0  0  0  0  0  0  0  1  1  0  0  0  0  0  0  0  0  0  1  0  0  0  0  0  0  0  0  0  0  0  0  0  0  0  0  0  0  0  0  0  0  0  0  0  0  0  0  0  0  0  0  0  0  0  0  0  0  0  0  0  0  0  2  274209  24798  47154  1538  0  2  0  1  0  0  
83  0  0  0  9  84409  21807  974  823  0  0  24  0  5  7935  1100  1  10  1  2  0  0  16  8  5  2  32  6  238  8  0  512  0  0  0  14  0  0  3  3  8  0  0  5  424  13  273  0  264  0  0  15366  1383  8572  0  262  3  9  0  0  0  6  9  46  28  76451  48  1302  1378  1  58  0  23  0  0  0  0  0  2  210  82  31  1  0  0  0  0  0  2  1  0  0  0  0  0  0  0  0  0  0  0  0  1  0  0  50  0  0  0  0  0  0  0  0  0  0  0  0  6  0  0  0  3  0  0  3  12  21  0  0  0  0  0  0  0  0  0  0  0  3823  0  1  1  0  0  0  0  0  1  0  0  68  5445  3088  0  21  0  29  2  0  
0  67  0  11  0  1  0  1  26  7789  12  17  0  7  2  0  52  116  75  18  2315  294  78436  0  203  136  0  1  8  63  0  1  12  104  1388  24  141  215  3  4  1431  26  7461  16159  106  1  0  6655  38  38672  24  10  1  0  197  172  43  81  1005  8411  29729  0  0  1  151  1137  6  30  2  0  41  1609  3061  34  0  0  0  0  0  0  0  0  0  0  0  0  0  0  0  0  0  0  0  0  0  1  0  0  0  0  0  0  0  0  0  0  0  0  0  0  0  0  0  0  0  0  0  0  0  0  0  0  0  0  0  0  0  0  0  0  0  0  0  0  0  0  0  0  0  982  0  0  0  0  0  0  0  0  133357  1  0  52122  4587  227  0  0  6  8  0  0  
2  5  0  12  0  189  8  25  104  13819  0  10  1  4  421  1  215  835  19  4  1  15  2677  4  102  257  23  260  558  12  44  794  17  5  25  41  0  16  3  1  2757  0  25  115  5906  103  6  5692  42  13  2  286  38  147  227  870  6  19  31  6  6  2  30  45  56  1468  8751  405  782  31  70  11  1868  26  0  0  0  0  0  0  0  0  2  0  0  0  0  0  0  0  0  0  0  0  2  2  3  0  0  0  0  0  0  0  0  53  0  0  0  0  0  0  0  0  0  0  0  0  0  0  0  0  0  0  0  0  0  0  0  0  0  0  0  0  2  0  1  0  0  9733  0  0  0  0  0  0  0  0  10259  822  60395  0  36907  40945  0  96  10  2586  1  9  
2357  0  0  95  28  5450  30  14  24  239  0  77  50  7  1804  6  76960  99895  9  1  1  0  7540  7275  91  365  41  59  569  7  944  3397  89  12  743  52  0  6  148  12  3371  0  68  22  6828  31  26830  59944  56919  11  0  11707  2723  1037  123  1638  7  24  16  7  2  1275  10943  13637  83  139  8737  6994  1067  2712  104  12  1307  21  0  0  0  0  0  0  0  0  0  0  0  0  0  0  0  0  0  0  0  0  0  1  0  0  0  0  0  0  0  0  0  5  0  0  0  0  0  0  0  0  0  0  0  0  0  0  0  0  0  0  0  0  0  0  0  0  0  0  0  0  1  0  1  0  0  65  0  0  0  0  0  0  0  0  18382  3187  604  15549  0  155577  0  36  0  2  0  15  
149  1  0  1  8  12595  4  2  4  20  0  1  4  0  408  2  1089  1852  1  0  0  0  4444  351  6  21  5  20  149  3  775  3663  0  2  0  5  0  0  13  0  102  0  0  3  1293  3  161  254  51  0  0  304  38  101  5  198  2  3  1  0  0  152  1479  8013  10  187  1308  484  309  1408  6  1  90  0  0  0  0  0  0  0  0  0  1  0  0  0  0  0  0  0  0  0  0  0  0  0  0  0  0  0  0  0  0  0  0  11  0  0  0  0  0  0  0  0  0  0  0  0  0  0  0  0  0  0  0  0  0  0  0  0  0  0  0  0  0  0  0  0  0  2  0  0  0  0  0  0  0  0  1142  8107  760  61497  420068  0  0  19  3  7  1  5  
0  0  0  0  0  0  0  0  0  0  0  0  0  0  0  0  0  0  0  0  0  0  0  0  0  0  0  0  0  0  0  0  0  0  0  0  0  0  0  0  0  0  0  0  0  0  0  0  0  0  0  0  0  0  0  0  0  0  0  0  0  0  0  0  0  0  0  0  0  0  0  0  0  0  0  0  0  0  0  0  0  0  0  2  0  0  0  0  0  0  2966  6745  0  0  9  2  45151  34  0  0  0  0  0  0  0  15793  99  1  40695  18  25  17  0  0  873  0  4121  45  2  0  1100  19819  32  4269  0  0  0  2  0  0  0  0  1  62  288  0  8  0  0  0  0  0  0  0  0  98  170  81  0  0  0  0  0  1  0  1  263446  3982  82976  7114  
0  0  0  0  0  4  0  0  0  0  0  0  0  0  0  0  0  3  0  0  0  0  1  4  0  0  0  0  0  0  104  741  0  0  0  0  0  0  0  0  0  0  0  0  0  0  0  0  0  0  0  0  1  0  0  0  0  0  0  0  0  0  63  10  0  4  0  0  0  58  0  0  0  0  6573  0  34  0  2299  10485  276  54  35  23  1  0  0  18  643  409  1828  512  5  0  3  0  20  2115  108  0  16  106  3995  7  1038  11440  0  0  0  1  0  0  11  0  2444  0  0  33  2768  43  904  291  3459  0  0  1793  6634  3515  55  446  5  2  2  0  3  32  8123  4280  23  1252  1399  599  729  292  48  0  56  0  2  25  0  17  28  15  1  0  158  7030  171050  41868  
0  0  0  0  0  0  0  0  0  0  0  0  0  0  0  0  0  0  0  0  1  0  1  0  0  0  0  0  0  1  0  0  0  0  0  0  0  0  0  0  0  0  0  0  0  0  0  0  0  0  0  0  0  0  0  0  0  0  0  0  0  0  0  0  0  0  0  0  0  0  0  0  0  0  0  31  0  0  0  0  0  0  195  38733  0  0  0  0  0  1  191  436  3  0  164  1071  54688  5  44  15  1  2  5  93  0  3968  776  63  4950  1591  18  134  3  0  6351  2  1468  35477  37  2  3  23841  155  15469  23  0  0  0  106  14  8  3  211  705  38349  0  5  0  9  359  7  1  0  0  25  480  4035  1195  0  0  3  1  1  0  131008  158  0  30096  13639  3582  
0  0  0  0  0  0  0  0  2  1279  0  0  0  0  0  0  0  3  0  0  0  0  8  0  0  0  0  0  0  2  53  344  0  0  0  0  0  0  0  0  0  0  0  1  0  0  0  0  0  0  0  0  0  0  0  0  0  0  0  0  0  0  30  6  0  148  0  0  0  20  0  0  0  0  0  0  2  0  1  3  0  1  164  1494  0  0  0  0  0  5  17  207  0  0  1  6  14  0  3  0  15  39  103  100  19  3376  150  0  0  0  0  0  0  0  5957  0  0  2649  235  7  0  3467  21  0  0  9  1  10  0  201  0  0  0  0  0  0  23  0  5  16031  143  9  7  0  16  0  2  2  8  42  14  2787  24  36  3988  29138  42933  0  77102  68496  
0  0  0  0  0  0  0  0  0  0  0  0  0  0  0  0  0  0  0  0  0  0  0  0  0  0  0  0  0  0  2  1  0  0  0  0  0  0  0  0  0  0  0  0  0  0  0  0  0  0  0  0  0  0  0  0  0  0  0  0  0  0  0  0  0  1  0  0  0  0  0  0  0  0  6961  4  25  1  3983  6232  189  55  137  11  0  1  0  48  1419  395  15448  22380  2  0  3  2  23061  6467  119  4  62  837  3866  29  11153  55109  40  0  1087  5  1  2  10  0  6545  0  17  22  8669  75  23574  33080  13848  19  0  6926  12599  4194  67  1035  1  1  1  1  8  57  15035  5762  14  1228  3469  525  643  1  124  4  139  23  0  3  0  0  0  0  31965  140044  6110  20127  0  153517  
0  0  0  0  0  0  0  0  0  0  0  0  0  0  0  0  0  1  0  0  1  0  0  1  0  0  0  0  0  0  44  220  0  0  0  0  0  0  0  0  0  0  0  0  0  0  0  0  0  0  0  0  0  0  0  0  0  0  0  0  0  0  22  1  0  0  0  0  0  25  0  0  0  0  1  0  0  0  0  8  1  1  0  0  0  0  0  0  0  0  5  18  0  0  0  1  313  1  0  0  0  1  15  0  515  33369  28  0  0  0  0  0  0  0  375  0  0  1  10  0  0  695  16  0  0  0  0  0  0  3  0  0  1  0  0  0  1558  0  0  3  3  1  0  0  0  0  0  0  0  0  0  9  23  2  1000  144117  2710  101869  448406  0  
