0  0  0  0  45240  16648  7  0  0  0  0  174  6  1379  22680  2940  0  137  0  0  0  0  0  86118  0  0  0  0  0  0  27985  10  0  0  0  0  0  0  212  117  0  0  0  0  0  0  2329  0  6927  0  0  20724  19766  490  0  0  0  0  0  0  0  20859  74  15172  0  3  0  0  1  19272  0  0  0  0  0  0  0  0  0  5  0  0  0  0  0  0  0  0  0  1  0  0  0  0  0  0  0  0  0  0  0  0  0  0  18  0  0  0  0  0  0  0  0  0  0  0  0  0  0  0  0  0  0  0  0  0  0  0  0  0  0  0  0  0  0  0  0  0  0  0  0  0  0  53  0  0  0  0  0  10832  0  0  3923  0  0  0  0  0  0  0  
0  0  0  0  0  0  0  0  0  0  14  0  0  0  0  0  0  0  58498  14  43575  7581  0  0  1  0  0  0  0  0  0  0  0  0  0  0  235  0  0  0  0  34515  0  1327  0  0  0  0  0  0  42410  0  0  0  0  9  41655  255  17887  170  11268  0  0  0  28  0  0  0  0  0  0  98  2629  0  0  1  0  0  0  0  0  0  0  0  0  0  0  0  0  0  0  0  0  0  2  1  0  0  0  0  0  0  0  0  0  0  0  0  0  0  0  0  0  0  0  0  0  0  0  0  0  0  0  0  0  0  0  0  0  0  0  0  0  0  0  0  0  0  0  0  0  0  0  0  0  0  0  0  0  0  0  0  0  0  0  0  0  0  0  0  
0  0  0  0  0  1  106  2771  0  0  0  0  0  0  0  41294  0  0  0  0  0  0  0  0  0  0  13419  38875  32569  19235  0  0  0  0  0  0  0  0  0  0  0  0  0  0  46534  47050  0  0  0  0  0  0  0  131  0  0  0  0  0  0  0  0  0  0  0  0  13931  0  2296  0  1086  0  0  0  0  0  3109  0  0  0  0  9  37  1  0  0  0  0  0  24  0  0  0  0  0  0  0  0  0  0  0  3  0  456  0  0  0  0  0  0  0  0  0  0  0  0  0  0  19  35  0  0  0  0  0  0  0  0  0  0  0  0  0  0  0  0  0  0  0  0  0  0  0  0  57  0  0  0  0  0  0  0  0  0  0  0  0  0  0  0  
0  0  0  0  0  0  0  0  0  0  0  58334  0  2  0  0  647  30  0  0  0  0  0  0  37  55652  0  21517  26353  0  0  0  618  89  1  16  0  0  0  1  10890  0  0  0  45555  0  0  1981  83938  0  0  54  0  0  601  17  1  2  0  0  0  0  0  0  1  0  379  24969  0  0  0  0  119  232  0  0  0  0  0  0  0  0  0  0  0  0  0  0  0  0  0  0  0  0  0  0  0  0  0  0  0  0  0  0  0  0  0  0  0  0  0  0  0  0  0  0  0  0  0  0  0  0  0  0  0  0  0  0  0  0  0  0  0  0  0  0  0  0  0  0  0  0  0  0  0  0  0  0  0  56  1  273  140  0  0  0  0  0  0  0  
41768  0  0  0  0  10705  6  0  0  0  0  0  0  12  23693  46802  0  0  0  0  0  0  0  2461  0  0  0  0  1  0  15172  5  0  0  0  0  0  0  1  0  0  0  0  0  0  0  1  0  6  0  0  98  20252  423  0  0  0  0  0  0  0  1  2  2069  0  3  0  3  1  9188  0  0  0  0  0  0  0  0  0  123  0  0  0  0  0  0  0  0  0  2  0  0  0  0  0  0  0  0  0  0  0  0  0  0  0  0  0  0  0  0  0  0  0  0  0  0  0  0  0  0  0  0  0  0  0  0  0  0  0  0  0  0  0  0  0  0  0  0  0  0  0  0  0  1  0  0  0  0  0  381  0  0  32  0  0  0  0  0  0  0  
25944  0  0  0  19203  0  44883  117  2  1  0  13  2  126  14263  97739  0  32  0  0  0  0  0  914  0  0  0  0  1  0  220  17341  0  0  0  0  0  0  15  10  0  0  0  0  1  1  223  0  389  0  0  4735  3711  62277  0  0  0  0  0  0  0  178  97  11303  0  47171  1  33  8  36532  0  0  0  0  0  0  0  0  0  2228  684  99  2  0  0  0  0  0  0  52  0  0  0  0  0  0  0  0  0  0  0  0  0  0  72  142  0  0  0  0  0  0  0  0  0  0  0  0  0  0  0  0  0  0  0  0  0  0  0  0  0  0  0  0  0  0  0  0  0  2438  0  0  0  469  0  0  0  0  0  24188  0  0  1057  5  0  8  0  0  0  0  
19  0  5  0  2  49111  0  35040  77  11  0  0  0  0  6736  81004  0  0  0  0  0  0  0  0  0  0  0  2  19  0  0  114  0  0  0  0  0  0  0  0  0  0  0  0  71  550  0  0  1  0  0  1077  701  46169  0  1  0  0  0  0  0  1  0  0  0  40275  4  1909  418  1  2  0  0  0  0  0  0  0  0  75  242  764  3  0  0  0  0  0  0  84  0  0  0  0  0  0  0  0  0  0  0  0  0  0  0  3  0  0  0  0  0  0  0  0  0  0  0  0  0  0  0  0  0  0  0  0  0  0  0  0  0  0  0  0  0  0  0  0  0  55  0  0  0  0  0  0  0  0  0  50  0  0  0  0  0  1  0  0  0  0  
1  0  3277  0  0  286  24595  0  17322  154  2  0  0  0  2465  86450  0  0  0  0  0  0  0  0  0  1  11  175  2316  9  0  1  0  0  0  0  0  0  0  0  1  0  0  0  23200  38949  0  1  0  0  0  210  2  8512  0  248  0  0  0  0  0  0  0  0  8  26711  495  759  35017  0  906  0  0  0  0  0  7  0  0  1  126  1128  662  461  0  0  0  0  0  56  0  0  0  0  0  0  0  0  0  0  0  0  0  80  0  0  0  0  0  0  0  0  0  0  0  0  0  0  0  24  0  0  0  0  0  0  0  0  0  0  0  0  0  0  0  0  0  0  0  290  0  0  0  0  313  0  0  0  0  117  1  0  1  0  0  0  0  0  0  0  
0  0  10  0  0  2  135  24732  0  28964  46  0  0  0  16  11  0  0  0  0  0  30  0  0  0  0  1  0  19  9864  0  0  0  0  0  0  0  0  0  0  0  0  0  146  144  13754  0  0  0  0  0  0  0  0  0  2  0  0  0  0  0  0  0  0  138  38465  10  8  115  0  27476  0  0  0  0  0  6  0  0  0  2  24  215  154  0  0  0  0  0  0  0  0  0  0  0  3  0  0  0  0  0  0  0  10  0  0  0  0  0  0  0  0  0  0  0  0  0  0  0  5  0  1  0  0  0  0  0  0  0  0  0  0  0  0  0  0  0  0  0  262  0  0  0  0  34  0  0  0  0  2  0  1  0  0  0  0  0  1  0  0  
0  0  0  0  0  1  27  1822  23718  0  154  0  0  0  6  0  0  0  0  1  0  2258  9872  0  1  0  18  0  0  24162  0  25  0  0  0  0  0  0  0  0  0  0  0  30606  3  15  0  3  0  0  0  0  0  0  0  223  1  0  0  0  0  0  0  0  1797  74908  8  1  7  0  348  0  2  0  0  0  0  0  0  0  0  3  69  141  0  0  0  0  0  0  13  2  0  0  0  1  0  0  0  0  0  0  0  0  0  0  0  0  1  0  0  0  0  0  0  0  0  0  0  0  0  148  0  0  0  0  0  0  0  0  0  0  0  0  0  0  0  0  0  22448  0  0  0  0  6  0  0  0  0  2  2448  11357  103  5  12  11  0  2758  0  3  
0  43  0  0  0  0  0  0  69  201  0  0  0  0  0  0  0  0  1084  89008  0  15541  0  0  0  0  470  0  0  11690  0  0  0  0  0  0  0  0  0  0  0  11987  0  112892  0  1  0  0  0  0  34  0  0  0  0  8  958  16229  0  0  3  0  0  0  63659  1  0  0  0  0  203  0  0  0  0  0  0  0  0  0  0  0  17  6  1277  0  0  0  0  0  0  0  0  11  0  481  0  0  0  0  0  0  0  38  0  0  0  0  0  0  0  0  0  0  0  80  0  14  0  0  0  0  0  0  0  0  0  0  0  0  0  0  0  0  0  0  0  0  6  2  0  0  0  0  24  0  0  0  0  0  0  0  0  0  0  0  0  0  0  0  
22  0  0  70887  0  8  0  0  0  0  0  0  1141  24940  52  0  44  391  0  0  0  0  0  12  11  38  1  0  2001  0  0  0  255  309  726  0  0  0  1414  47537  108  0  0  0  722  0  80  439  56366  0  0  39883  0  0  7  1  0  0  0  0  0  10  0  10  0  0  38  40102  0  0  0  0  4  6  0  0  0  0  0  0  0  0  0  0  0  0  0  0  0  0  0  0  0  0  0  0  0  0  0  0  0  0  0  0  0  0  0  0  0  0  0  0  0  0  0  0  0  0  0  0  0  0  0  0  0  0  0  0  0  0  0  0  0  0  0  0  0  0  0  0  0  0  0  0  0  0  0  0  0  33  2  28  56  0  0  0  0  0  0  0  
87  0  0  2  0  10  0  0  0  0  0  1075  0  8261  1  0  8  584  0  0  0  0  0  34372  0  0  0  0  0  0  0  0  0  14  32  0  0  0  35750  149  0  0  0  0  0  0  14559  2  2121  0  0  104  0  0  0  0  0  0  0  0  0  2082  1  999  0  0  0  0  0  0  0  0  0  0  0  0  0  0  0  0  0  0  0  0  0  0  0  0  0  0  0  0  0  0  0  0  0  0  0  0  0  0  0  0  0  0  0  0  0  0  0  0  0  0  0  0  0  0  0  0  0  0  0  0  0  0  0  0  0  0  0  0  0  0  0  0  0  0  0  0  0  0  0  0  0  0  0  0  0  41  0  0  55  0  0  0  0  0  0  0  
474  0  0  5  0  96  0  0  0  0  0  33354  9236  0  12045  0  0  2  0  0  0  0  0  7023  0  0  0  0  2  0  0  0  0  0  0  0  0  0  16906  20489  0  0  0  0  0  0  379  0  5656  0  0  38977  2  0  0  0  0  0  0  0  0  22671  1  481  0  0  0  3  0  0  0  0  0  0  0  0  0  0  0  0  0  0  0  0  0  0  0  0  0  0  0  0  0  0  0  0  0  0  0  0  0  0  0  0  0  0  0  0  0  0  0  0  0  0  0  0  0  0  0  0  0  0  0  0  0  0  0  0  0  0  0  0  0  0  0  0  0  0  0  0  0  0  0  0  0  0  0  0  0  487  0  0  426  0  0  0  0  0  0  0  
31052  0  0  1  22878  7196  5316  3184  2  0  0  18  0  35115  0  34735  0  6  0  0  0  0  0  9421  0  0  0  2  3474  0  0  0  0  0  0  0  0  0  1  1  0  0  0  0  273  4  8  0  217  0  0  214823  226452  177812  0  5  0  0  0  0  0  26157  0  8  0  8  8  41595  21700  1  3  0  0  0  0  0  0  0  0  0  0  0  0  0  0  0  0  0  0  0  0  0  0  0  0  0  0  0  0  0  0  0  0  0  0  0  0  0  0  0  0  0  0  0  0  0  0  0  0  0  0  0  0  0  0  0  0  0  0  0  0  0  0  0  0  0  0  0  0  0  0  0  0  0  0  0  0  0  0  950  0  0  77  0  0  0  0  0  0  0  
3141  0  39284  0  50835  99136  63976  58679  5  0  0  0  0  0  34738  0  0  0  0  0  0  0  0  372  0  0  0  239  48342  0  372  4  0  0  0  0  0  0  0  0  0  0  0  0  13229  12318  1  0  0  0  0  10  956  220023  0  0  0  0  0  0  0  0  0  2457  0  396  118  1  46575  14919  2  0  0  0  0  0  784  0  2  2526  1823  1103  46  0  0  0  0  0  0  6004  0  0  0  0  0  0  0  0  0  0  0  0  0  1  0  0  0  0  0  0  0  0  0  0  0  0  0  0  0  44  0  0  0  0  0  0  0  0  0  0  0  0  0  0  0  0  0  0  0  30  0  0  0  16  15  0  0  0  0  1188  0  0  5  0  0  0  0  0  0  0  
0  0  0  232  0  0  0  0  0  0  0  33  73  0  0  0  0  50593  0  0  0  0  6876  944  1  4  15  13  10  2  0  35  422  523  19111  0  0  0  0  0  11472  0  678  0  2379  18  379  59818  33798  2  0  1  0  0  0  94  0  0  0  0  0  0  6321  0  30  0  475  208  4  1  17  0  4  24  0  0  0  0  0  0  0  0  0  0  0  0  0  0  0  0  0  0  0  0  0  0  0  0  0  0  0  0  0  0  0  0  0  0  0  0  0  0  0  0  0  0  0  0  0  0  0  0  0  0  0  0  0  0  0  0  0  0  0  0  0  0  0  0  0  0  0  0  0  0  0  0  0  0  8102  439  44  469  83757  533  0  0  0  0  0  0  
105  0  0  67  1  7  0  0  0  0  0  634  727  1  10  0  43111  0  0  0  0  0  2566  4825  0  0  0  0  4  0  17  410  40  9  633  0  0  0  797  11  1  0  1  0  75  1  39328  1178  57307  0  0  412  35  1  0  4  0  0  0  0  0  1  27447  20  0  1  8  13  2  0  3  0  0  0  0  0  0  0  0  0  0  0  0  0  0  0  0  0  0  0  0  0  0  0  0  0  0  0  0  0  0  0  0  0  0  0  0  0  0  0  0  0  0  0  0  0  0  0  0  0  0  0  0  0  0  0  0  0  0  0  0  0  0  0  0  0  0  0  0  0  0  0  0  0  0  0  0  0  2387  339  11  317  98830  96  0  0  0  0  0  0  
0  55517  0  0  0  0  0  0  0  0  442  0  0  0  0  0  0  0  0  6487  633  82  0  0  26232  9  2  0  0  2  0  0  0  0  0  0  414  58  0  0  0  15213  0  831  2  13  0  2  0  0  317  0  0  0  61  1281  116675  70428  37794  156  899  0  0  0  5115  0  26  0  0  0  38  88  49836  0  0  0  0  0  0  0  0  0  0  0  0  0  0  0  0  0  0  0  0  0  0  0  0  0  0  0  0  0  0  0  0  0  0  0  0  0  0  0  0  0  0  0  0  0  0  0  0  0  0  0  0  0  0  0  0  0  0  0  0  0  0  0  0  0  0  0  0  0  0  0  0  0  0  0  0  0  0  0  1  0  0  0  0  0  0  0  
0  12  0  0  0  0  0  0  0  0  93653  0  0  0  0  0  0  0  6795  0  0  17  0  0  508  0  11718  0  0  364  0  0  0  0  0  0  0  0  0  0  0  21523  0  4871  2  45  0  0  0  0  8  0  0  0  0  8367  1348  62853  0  0  1  0  0  0  16176  0  5  0  2  0  36  0  0  0  0  0  0  0  0  0  0  0  0  0  159  0  0  0  0  0  0  0  0  6  0  18  0  0  0  0  0  0  0  1  0  0  0  0  0  0  0  0  0  0  0  15  0  6  0  0  0  0  0  0  0  0  0  0  0  0  0  0  0  0  0  0  0  0  2  0  0  0  0  0  0  0  0  0  0  0  0  0  0  0  0  0  0  0  0  0  
0  44401  0  0  0  0  0  0  0  0  0  0  0  0  0  0  0  0  1284  0  0  6  9188  0  0  0  0  0  0  0  0  0  0  0  0  0  2114  0  0  0  0  0  2  0  0  0  0  0  0  29652  29712  0  0  0  0  1  777  2  22653  85522  87767  0  0  0  0  0  0  0  0  0  0  116  1789  0  0  0  0  0  0  0  0  0  0  0  0  0  0  0  0  0  0  0  0  0  0  3  0  0  0  0  0  0  0  0  0  0  0  0  0  0  0  0  0  0  0  0  0  0  0  0  0  0  0  0  0  0  0  0  0  0  0  0  0  0  0  0  0  0  0  0  0  0  0  0  0  0  0  0  0  0  2624  5  0  0  0  0  0  0  0  0  
0  5703  0  0  0  0  0  0  6  3284  15353  0  0  0  0  0  0  0  40  27  3  0  10468  0  1  0  0  0  0  64  0  0  0  0  0  0  0  0  0  0  0  58628  0  112090  0  0  0  0  0  0  54181  0  0  0  0  0  755  262  0  0  60277  0  0  0  709  3  0  0  0  0  3  0  0  0  0  18  0  0  0  0  0  0  0  1  0  0  0  0  0  0  0  0  0  0  2  47  0  0  0  0  0  0  0  0  0  0  0  0  0  0  0  0  0  0  0  19  0  0  0  0  0  0  0  0  0  0  0  0  0  0  0  0  0  0  0  0  0  0  0  1  0  0  0  0  0  0  0  0  0  0  1018  78  0  0  0  0  0  0  0  0  
0  0  0  0  0  0  0  0  0  7637  0  0  0  0  0  0  10701  8847  0  0  13321  5335  0  11  0  0  0  0  0  8  0  17  0  8232  12480  0  111  4  0  0  0  0  35680  7852  0  0  1  2412  0  18215  0  0  0  0  0  0  1  0  1  0  55706  0  3462  0  141  183  0  0  0  1  0  12  48  0  0  0  0  0  0  0  0  0  0  0  0  0  0  0  0  0  0  0  0  0  0  1  0  0  0  0  0  0  0  0  0  0  0  0  0  0  0  0  0  0  0  0  0  0  0  0  0  0  0  0  0  0  0  0  0  0  0  0  0  0  0  0  0  0  0  0  0  0  0  0  0  0  0  2  25884  28  78218  3561  2666  373  0  0  0  1  0  0  
82083  0  0  0  2046  372  0  0  0  0  0  12  43334  14523  8346  229  55  4128  0  0  0  0  14  0  0  0  0  0  0  0  36956  271  1  52  649  0  0  4  6583  71  0  0  8  0  0  0  46456  14  647  0  0  26  12  0  0  0  0  0  0  0  0  48176  67669  139741  0  0  0  1  0  11456  0  0  0  0  0  0  0  0  0  0  0  0  0  0  0  0  0  0  0  0  0  0  0  0  0  0  0  0  0  0  0  0  0  0  363  0  0  0  0  0  0  0  0  0  0  0  0  0  0  0  0  0  0  0  0  0  0  0  0  0  0  0  0  0  0  0  0  0  0  0  0  0  0  750  0  0  0  0  54  5596  2  18  633  3  0  0  0  0  0  0  
0  53  0  10  0  0  0  2  0  0  1  0  0  0  0  0  0  0  28896  282  0  1  0  0  0  21713  15972  0  1  16  0  0  2  0  0  143  1  5  0  0  108  0  0  138  38  46  0  229  28  0  19  1  0  0  38335  133986  102  12574  6  9  6  0  0  0  1443  0  1908  3  0  0  281  4  121046  7  0  0  0  0  0  0  0  0  0  0  0  0  0  0  0  0  0  0  0  0  0  0  0  0  0  0  0  0  0  0  0  0  0  0  0  0  0  0  0  0  0  0  0  0  0  0  0  0  0  0  0  0  0  0  0  0  0  0  0  0  0  0  0  0  0  0  0  0  0  0  0  0  0  0  0  4  6  5  16  0  0  0  0  0  0  0  
1  0  0  51307  0  0  0  0  0  0  0  83  0  2  0  0  11  0  0  0  0  0  1  0  21566  0  566  7115  20  0  0  0  817  10088  5  75783  1  268  0  1  73206  0  17  0  26607  2  0  7638  13057  1  0  73  0  0  64009  28999  1  4  65  132  3  0  0  0  12  0  93187  245  0  0  1  24  16124  715  0  0  0  0  0  0  0  0  0  0  0  0  0  0  0  0  0  0  0  0  0  0  0  0  0  0  0  0  0  0  0  0  0  0  0  0  0  0  0  0  0  0  0  0  0  0  0  0  0  0  0  0  0  0  0  0  0  0  0  0  0  0  0  0  0  0  0  0  0  0  0  0  0  0  10  148  48  266  868  0  0  0  0  0  0  0  
0  1  11576  0  0  0  2  334  0  0  294  0  0  0  1  0  0  0  2  12547  0  0  0  0  19522  2052  0  9782  158  107867  0  0  0  0  0  0  0  0  0  0  2  0  0  5  918  18144  0  0  1  0  0  1  0  0  0  226903  4  48  0  0  0  0  0  0  19103  1  58585  0  178  0  16313  0  5  0  0  0  0  0  0  0  0  0  0  0  0  0  0  0  0  0  0  0  0  0  0  0  0  0  0  0  0  0  0  0  0  0  0  0  0  0  0  0  0  0  0  0  0  0  0  0  0  0  0  0  0  0  0  0  0  0  0  0  0  0  0  0  0  0  0  0  0  0  0  0  0  0  0  0  0  3  0  0  16  0  0  0  0  0  0  0  
0  1  36591  26597  0  0  0  80  1  0  0  6  0  0  1  52  2  0  1  0  0  0  0  0  18  9647  11900  0  6670  58  0  0  2  0  0  0  0  0  0  0  620  0  0  0  220928  3574  0  692  706  0  1  17  0  2  3  680  0  6  0  0  0  0  0  0  143  0  201259  41  155  0  23  0  7  4  0  0  0  0  0  0  0  0  0  0  0  0  0  0  0  0  0  0  0  0  0  0  0  0  0  0  0  0  0  0  0  0  0  0  0  0  0  0  0  0  0  0  0  0  0  0  0  0  0  0  0  0  0  0  0  0  0  0  0  0  0  0  0  0  0  0  0  0  0  0  0  0  0  0  0  235  0  1  1857  1  0  0  0  0  0  0  
6  0  33143  32894  0  0  69  4185  42  1  0  294  1  3  3611  52905  0  0  1  0  0  0  0  0  0  1  1  8035  0  0  0  0  0  0  0  0  0  0  1  5  5  0  0  1  213849  1585  1  11  15282  0  0  1801  1  215  0  33  0  0  0  0  0  0  0  0  15  0  95  112612  115721  0  15  0  0  0  0  0  0  0  0  0  0  0  0  0  0  0  0  0  0  0  0  0  0  0  0  0  0  0  0  0  0  0  0  0  0  0  0  0  0  0  0  0  0  0  0  0  0  0  0  0  0  0  0  0  0  0  0  0  0  0  0  0  0  0  0  0  0  0  0  0  0  0  0  0  0  0  0  0  0  1991  0  1  155  27  0  0  0  0  0  0  
0  0  17314  0  0  0  4  105  14927  25119  14708  0  0  0  3  0  0  0  2  307  0  375  0  0  7  0  112971  26  4  0  0  0  0  0  0  0  0  0  0  0  0  0  0  11900  46  39042  0  0  0  0  0  0  0  0  0  7771  1  5  0  0  0  0  0  0  58869  107  633  0  12  0  101108  0  3  0  0  0  7  0  0  0  0  2  33  10  179  0  0  0  0  0  0  0  0  71  0  0  0  0  0  0  1  0  0  3247  0  0  0  0  0  0  0  0  0  0  0  0  0  0  0  1  0  0  0  0  0  0  0  0  0  0  0  0  0  0  0  0  0  0  19  2  0  0  0  0  259  0  0  0  0  0  2  1  0  0  0  0  0  0  0  0  
26843  0  0  0  14298  269  0  0  0  0  0  0  0  0  0  592  0  30  0  0  0  0  0  37818  0  0  0  0  0  0  0  17292  0  0  0  0  0  0  1  0  0  0  0  0  0  0  103  0  1  0  0  0  0  0  0  0  0  0  0  0  0  0  69616  2924  0  0  0  0  0  53098  0  0  0  0  0  0  0  0  0  2251  0  0  0  0  0  0  0  0  0  191  0  0  0  0  0  0  0  2  0  0  0  0  0  0  7449  15  0  0  0  0  0  0  0  0  0  0  0  0  0  0  0  0  0  0  0  0  0  0  0  0  0  0  0  0  0  0  0  0  0  0  0  0  0  4098  0  0  0  0  4  3203  0  3  1226  34  0  0  0  0  0  0  
54  0  0  0  2  10148  6  0  0  106  0  0  0  0  0  2  321  1298  0  0  0  0  157  375  0  0  0  0  0  0  17235  0  0  0  0  0  0  0  0  0  0  0  0  0  0  0  224  1  0  0  0  0  0  0  0  0  0  0  0  0  0  0  47951  382  0  16734  0  0  0  30214  0  0  0  0  0  0  0  0  0  58  2  0  0  0  0  0  0  0  0  0  0  0  0  0  0  0  0  2  0  0  0  0  0  0  593  891  0  0  0  0  0  0  0  0  0  0  0  0  0  0  0  0  0  0  0  0  0  0  0  0  0  0  0  0  0  0  4  0  0  32  0  0  0  6  0  0  0  0  498  5543  255  5101  33860  19015  2  327  0  3  5  21  
0  0  0  380  0  0  0  0  0  0  0  99  0  0  0  0  457  24  0  0  0  0  0  1  0  208  0  0  0  0  0  0  0  42017  8420  3752  0  0  0  0  15626  0  0  0  1  0  0  45534  52  0  0  0  0  0  0  0  0  0  0  0  0  0  0  0  0  0  17  0  0  0  0  0  3998  47179  0  0  0  0  0  0  0  0  0  0  0  0  0  0  0  0  0  0  0  0  0  0  0  0  0  0  0  0  0  0  0  0  0  0  0  0  0  0  0  0  0  0  0  0  0  0  0  0  0  0  0  0  0  0  0  0  0  0  0  0  0  0  0  0  0  0  0  0  0  0  0  0  0  0  0  0  1  508  142  0  0  0  0  0  0  0  
0  0  0  56  0  0  0  0  0  0  0  517  14  0  0  0  74  8  0  0  0  0  655  109  19  9953  0  0  0  0  0  0  64890  0  111064  91083  33  28129  0  0  107  0  30176  0  0  0  7  16024  5  292  0  0  0  0  22  34  0  0  104  15  0  0  0  0  0  0  0  0  0  0  0  181  182576  18202  0  0  0  0  0  0  0  0  0  0  0  0  0  0  0  0  0  0  0  0  0  0  0  0  0  0  0  0  0  0  0  0  0  0  0  0  0  0  0  0  0  0  0  0  0  0  0  0  0  0  0  0  0  0  0  0  0  0  0  0  0  0  0  0  0  0  0  0  0  0  0  0  0  0  1551  0  363  3  3  0  0  0  0  0  0  0  
0  0  0  0  0  0  0  0  0  0  0  376  44  0  0  0  26657  3523  0  0  0  0  11375  407  0  3  0  0  0  0  0  1  7035  87995  0  9  4  63  0  0  19  0  33075  0  0  0  24  81913  1  21  0  0  0  0  3  0  0  0  11  2  0  0  41  2  0  0  0  0  0  0  0  27  30114  283  0  0  0  0  0  0  0  0  0  0  0  0  0  0  0  0  0  0  0  0  0  0  0  0  0  0  0  0  0  0  0  0  0  0  0  0  0  0  0  0  0  0  0  0  0  0  0  0  0  0  0  0  0  0  0  0  0  0  0  0  0  0  0  0  0  0  0  0  0  0  0  0  0  0  11387  0  246  52  1138  3  0  0  0  0  0  0  
0  0  0  45  0  0  0  0  0  0  0  0  0  0  0  0  2  0  1  0  0  0  0  0  193  80941  0  1  0  0  0  0  6148  92898  6  0  2  60  0  0  39836  0  8  0  19  0  0  1481  52  2  0  1  0  0  17209  419  1  0  171  384  6  0  0  0  0  0  25  2  0  0  0  106  35673  38123  0  0  0  0  0  0  0  0  0  0  0  0  0  0  0  0  0  0  0  0  0  0  0  0  0  0  0  0  0  0  0  0  0  0  0  0  0  0  0  0  0  0  0  0  0  0  0  0  0  0  0  0  0  0  0  0  0  0  0  0  0  0  0  0  0  0  0  0  0  0  0  0  0  0  9  2  79  20  32  0  0  0  0  0  0  0  
0  446  0  0  0  0  0  0  0  0  0  0  0  0  0  0  0  0  1004  0  869  0  265  0  0  3  0  0  0  0  0  0  0  23  2  0  0  19557  0  0  0  0  27068  0  0  0  0  105  0  45643  0  0  0  0  1  0  0  0  25191  82967  21  0  0  0  0  0  1  1  0  0  0  118317  691  1  0  0  0  0  0  0  0  0  0  0  0  0  0  0  0  0  0  0  0  0  0  0  0  0  0  0  0  0  0  0  0  0  0  0  0  0  0  0  0  0  0  0  0  0  0  0  0  0  0  0  0  0  0  0  0  0  0  0  0  0  0  0  0  0  0  0  0  0  0  0  0  0  0  0  15  0  115  0  1  0  0  0  0  0  0  0  
0  0  0  0  0  0  0  0  0  0  0  0  1  0  0  0  0  0  83  0  0  0  3  4  6  228  0  0  0  0  0  0  0  25348  8  30  19816  0  0  0  1  0  14062  0  0  0  0  41  0  903  0  0  0  0  8  4  0  0  16707  2677  23  0  0  0  0  0  0  0  0  0  0  136176  212828  0  0  0  0  0  0  0  0  0  0  0  0  0  0  0  0  0  0  0  0  0  0  0  0  0  0  0  0  0  0  0  0  0  0  0  0  0  0  0  0  0  0  0  0  0  0  0  0  0  0  0  0  0  0  0  0  0  0  0  0  0  0  0  0  0  0  0  0  0  0  0  0  0  0  0  0  0  203  1  0  0  0  0  0  0  0  0  
640  0  0  0  0  30  0  0  0  0  0  421  38034  18519  1  0  0  529  0  0  0  0  0  3384  0  0  0  0  0  0  0  0  0  1  2  0  0  0  0  2526  0  0  0  0  0  0  5797  0  25168  0  0  380  0  0  0  0  0  0  0  0  0  4188  5  4223  0  0  0  0  0  0  0  0  0  0  0  0  0  0  0  0  0  0  0  0  0  0  0  0  0  0  0  0  0  0  0  0  0  0  0  0  0  0  0  0  0  0  0  0  0  0  0  0  0  0  0  0  0  0  0  0  0  0  0  0  0  0  0  0  0  0  0  0  0  0  0  0  0  0  0  0  0  0  0  0  0  0  0  0  0  282  0  0  298  0  0  0  0  0  0  0  
187  0  0  0  0  31  0  0  0  0  0  37476  163  27809  0  0  0  9  0  0  0  0  0  21  0  0  0  0  0  0  0  0  0  0  0  0  0  0  3914  0  0  0  0  0  0  0  244  0  19915  0  0  2226  0  0  0  0  0  0  0  0  0  141  1  457  0  0  0  15  0  0  0  0  0  0  0  0  0  0  0  0  0  0  0  0  0  0  0  0  0  0  0  0  0  0  0  0  0  0  0  0  0  0  0  0  0  0  0  0  0  0  0  0  0  0  0  0  0  0  0  0  0  0  0  0  0  0  0  0  0  0  0  0  0  0  0  0  0  0  0  0  0  0  0  0  0  0  0  0  0  212  0  0  210  0  0  0  0  0  0  0  
0  1  0  5225  0  0  0  1  0  0  0  334  0  0  0  0  9216  6  1  0  0  0  3  1  204  71105  15  2840  25  0  0  0  11082  730  16  36632  4  9  0  0  0  0  16  0  5441  43  0  72229  32533  2  0  21  0  0  1819  429  2  4  11  9  0  0  0  0  78  0  25138  483  0  0  15  39  15520  34688  0  0  0  0  0  0  0  0  0  0  0  0  0  0  0  0  0  0  0  0  0  0  0  0  0  0  0  0  0  0  0  0  0  0  0  0  0  0  0  0  0  0  0  0  0  0  0  0  0  0  0  0  0  0  0  0  0  0  0  0  0  0  0  0  0  0  0  0  0  0  0  0  0  0  72  340  202  3105  6795  0  0  0  0  0  0  0  
0  30642  0  0  0  0  0  0  0  0  12789  0  0  0  0  0  0  0  14415  19633  0  56660  0  0  0  0  0  0  0  0  0  0  0  0  0  0  0  0  0  0  0  0  0  57882  0  0  0  0  0  0  1962  0  0  0  0  0  40080  73  0  0  14  0  0  0  1  0  0  0  0  0  0  0  0  0  0  0  0  0  0  0  0  0  0  0  0  0  0  0  0  0  0  0  0  0  0  0  0  0  0  0  0  0  0  0  0  0  0  0  0  0  0  0  0  0  0  0  0  0  0  0  0  0  0  0  0  0  0  0  0  0  0  0  0  0  0  0  0  0  0  0  0  0  0  0  0  0  0  0  0  0  0  0  0  0  0  0  0  0  0  0  
0  0  0  0  0  0  0  0  0  0  0  0  0  0  0  0  214  0  0  0  4  0  38466  8  0  10  0  0  0  0  0  0  0  34419  24631  1  23534  13511  0  0  2  0  0  0  0  0  0  4847  0  7811  0  0  0  0  0  0  0  0  30  33  1  0  0  5  0  0  0  0  0  0  0  8783  491  0  0  0  0  0  0  0  0  0  0  0  0  0  0  0  0  0  0  0  0  0  0  0  0  0  0  0  0  0  0  0  0  0  0  0  0  0  0  0  0  0  0  0  0  0  0  0  0  0  0  0  0  0  0  0  0  0  0  0  0  0  0  0  0  0  0  0  0  0  0  0  0  0  0  0  9801  0  439  0  11  0  0  0  0  0  0  0  
0  444  0  0  0  0  1  7  428  32471  110430  0  0  0  0  0  0  0  1160  6764  0  109791  13785  0  19  0  20  1  0  14585  0  0  1  0  0  0  0  0  0  0  0  41572  0  0  0  24  0  1  0  0  1391  0  0  0  3  349  14691  8096  0  2  9511  0  0  0  61024  39  11  0  0  0  137  1  71  1  0  0  0  0  0  0  0  0  0  0  0  0  0  0  0  0  0  0  0  0  0  3  0  0  0  0  0  0  0  0  0  0  0  0  0  0  0  0  0  0  0  1  0  0  0  0  0  1  0  0  0  0  0  0  0  0  0  0  0  0  0  0  0  0  0  1  0  0  0  0  1  0  0  1  0  0  2997  161  0  0  0  0  0  1  0  0  
13  1  44920  54244  0  7  70  18993  359  2  0  490  0  17  343  10340  48  2  2  0  0  0  0  0  35  16105  238  221444  195137  21  0  0  22  0  0  1  0  0  12  25  1018  0  0  1  0  30552  13  1521  39339  0  0  2390  0  128  88  4707  4  10  0  1  0  2  0  2  529  0  55657  30371  30376  0  434  0  27  13  0  0  0  0  0  0  0  0  0  0  0  0  0  0  0  0  0  0  0  0  0  0  0  0  0  0  0  0  0  0  0  0  0  0  0  0  0  0  0  0  0  0  0  0  0  0  0  0  0  0  0  0  0  0  0  0  0  0  0  0  0  0  0  0  0  0  0  0  0  0  0  0  0  0  0  22108  0  44  7222  681  0  0  0  0  0  0  
0  3  42617  0  0  1  255  28133  13237  3  0  0  0  0  6  9022  0  0  23  23  0  0  0  0  37  4  13901  10747  1481  35364  0  0  0  0  0  0  0  0  0  0  4  0  0  18  35783  0  0  4  2  0  1  6  0  430  0  14065  6  72  0  0  0  0  0  0  5351  2  36329  8  7502  0  77009  0  63  0  0  0  17  0  0  0  0  15  17  3  0  0  0  0  0  5  0  0  0  0  0  0  0  0  0  0  0  0  0  237  0  0  0  0  0  0  0  0  0  0  0  0  0  0  0  25  0  0  0  0  0  0  0  0  0  0  0  0  0  0  0  0  0  0  0  1  0  0  0  0  26  0  0  0  0  53  0  0  57  0  0  0  0  0  0  0  
12608  0  0  0  26  561  0  0  0  0  0  251  13481  822  4  7  42  33897  0  0  0  0  0  41925  0  0  0  0  0  0  17  100  0  1  16  0  0  0  5738  141  0  0  0  0  0  0  0  6  15175  0  0  1485  7  2  0  0  0  0  0  0  0  2709  15654  16655  0  0  0  0  0  18  0  0  0  0  0  0  0  0  0  0  0  0  0  0  0  0  0  0  0  0  0  0  0  0  0  0  0  0  0  0  0  0  0  0  0  0  0  0  0  0  0  0  0  0  0  0  0  0  0  0  0  0  0  0  0  0  0  0  0  0  0  0  0  0  0  0  0  0  0  0  0  0  0  0  0  0  0  0  18  1409  0  4  69183  1  0  0  0  0  0  0  
0  0  0  41  0  0  0  1  1  2  0  12  21  0  0  0  50625  4119  1  0  0  0  1627  141  8  1570  13  929  0  1  0  1  38869  16502  74694  319  26  172  0  0  30884  0  2921  1  1935  23  81  0  1155  43  0  1  0  0  93  203  1  0  248  17  1  0  0  0  56  1  4691  4  0  0  8  189  65091  25869  0  0  0  0  0  0  0  0  0  0  0  0  0  0  0  0  0  0  0  0  0  0  0  0  0  0  0  0  0  0  0  0  0  0  0  0  0  0  0  0  0  0  0  0  0  0  0  0  0  0  0  0  0  0  0  0  0  0  0  0  0  0  0  0  0  0  0  0  0  0  0  0  0  0  11635  96  5578  14263  135819  4146  0  0  0  0  0  0  
5142  0  0  77765  12  454  0  0  0  0  0  54523  1983  5526  148  1  21414  51227  1  0  0  0  1  364  47  5719  26  198  9668  0  0  2  218  3  16  11  0  0  20577  15704  34445  0  0  0  33929  57  11278  6319  0  0  0  46978  623  8  506  271  0  0  2  0  0  2529  9  4626  42  0  2301  50030  170  2  97  0  97  348  0  0  0  0  0  0  0  0  0  0  0  0  0  0  0  0  0  0  0  0  0  0  0  0  0  0  0  0  0  0  0  0  0  0  0  0  0  0  0  0  0  0  0  0  0  0  0  0  0  0  0  0  0  0  0  0  0  0  0  0  0  0  0  0  0  0  0  0  0  0  0  0  0  0  4  17992  1  552  109017  30  0  0  0  0  0  0  
0  1  0  0  0  0  0  0  0  0  0  0  0  0  0  0  0  0  0  0  28400  0  18782  0  0  1  0  0  0  0  0  0  0  2575  15  2  43562  1876  0  0  2  0  10457  0  0  0  0  133  0  0  0  0  0  0  1  0  0  0  281  30800  10415  0  0  0  0  0  0  0  0  0  0  7712  545  0  0  0  0  0  0  0  0  0  0  0  0  0  0  0  0  0  0  0  0  0  0  0  0  0  0  0  0  0  0  0  0  0  0  0  0  0  0  0  0  0  0  0  0  0  0  0  0  0  0  0  0  0  0  0  0  0  0  0  0  0  0  0  0  0  0  0  0  0  0  0  0  0  0  0  484  0  33031  0  0  0  0  0  0  0  0  0  
0  50809  0  0  0  0  0  0  0  0  5  0  0  0  0  0  0  0  790  2  23914  49941  0  0  1  0  0  0  0  0  0  0  0  0  0  0  0  0  0  0  0  2637  0  1219  0  0  0  0  0  0  0  0  0  0  0  1  3039  81  23  1  68705  0  0  0  9  0  0  0  0  0  0  0  15  0  0  1  0  0  0  0  0  0  0  0  0  0  0  0  0  0  0  0  0  0  0  2  0  0  0  0  0  0  0  0  0  0  0  0  0  0  0  0  0  0  0  0  0  0  0  0  0  0  0  0  0  0  0  0  0  0  0  0  0  0  0  0  0  0  0  0  0  0  0  0  0  0  0  0  0  0  0  0  0  0  0  0  0  0  0  0  
23284  0  0  84  82  2160  310  13  0  0  0  40828  30  45765  186982  4  0  208  0  0  0  0  0  17  0  1  0  1  1138  0  0  0  0  0  0  0  0  0  687  5085  5  0  0  0  1028  3  597  1  80510  0  0  0  54084  118  0  4  0  0  0  0  0  14013  0  103  2  6  27  75318  78  0  2  0  0  0  0  0  0  0  0  0  0  0  0  0  0  0  0  0  0  0  0  0  0  0  0  0  0  0  0  0  0  0  0  0  0  0  0  0  0  0  0  0  0  0  0  0  0  0  0  0  0  0  0  0  0  0  0  0  0  0  0  0  0  0  0  0  0  0  0  0  0  0  0  0  0  0  0  0  0  23267  0  0  18847  0  0  0  0  0  0  0  
24219  0  0  0  28532  10707  741  23  0  0  0  10  0  42  236115  2196  0  24  0  0  0  0  0  2  0  0  0  0  0  0  0  0  0  0  0  0  0  0  2  5  0  0  0  0  4  0  43  0  441  0  0  63416  0  45371  0  0  0  0  0  0  0  28  1  99  0  2  0  60  9  2  0  0  0  0  0  0  0  0  0  0  0  0  0  0  0  0  0  0  0  0  0  0  0  0  0  0  0  0  0  0  0  0  0  0  0  0  0  0  0  0  0  0  0  0  0  0  0  0  0  0  0  0  0  0  0  0  0  0  0  0  0  0  0  0  0  0  0  0  0  0  0  0  0  0  0  0  0  0  0  1316  0  0  573  0  0  0  0  0  0  0  
201  0  9  0  348  56794  77045  8128  0  0  0  0  0  3  204835  213764  0  0  0  0  0  0  0  0  0  0  2  16  101  0  0  0  0  0  0  0  0  0  1  0  0  0  0  0  334  560  1  0  7  0  0  407  38378  0  0  9  0  0  0  0  0  1  0  0  1  0  4  11141  29752  0  1  0  0  0  0  0  0  0  0  0  0  0  0  0  0  0  0  0  0  0  0  0  0  0  0  0  0  0  0  0  0  0  0  0  0  0  0  0  0  0  0  0  0  0  0  0  0  0  0  0  0  0  0  0  0  0  0  0  0  0  0  0  0  0  0  0  0  0  0  0  0  0  0  0  0  0  0  0  0  53  0  0  13  0  0  0  0  0  0  0  
0  1  0  43  0  0  0  0  0  0  0  3  0  0  0  0  0  0  0  0  0  0  0  0  39473  51430  0  0  0  0  0  0  9  5  1  24798  1  13  0  0  564  0  8  0  91  0  0  1101  121  0  0  4  0  0  0  12091  1  4  212  392  4  0  0  0  6  0  906  14  0  0  1  36  34903  273  0  0  0  0  0  0  0  0  0  0  0  0  0  0  0  0  0  0  0  0  0  0  0  0  0  0  0  0  0  0  0  0  0  0  0  0  0  0  0  0  0  0  0  0  0  0  0  0  0  0  0  0  0  0  0  0  0  0  0  0  0  0  0  0  0  0  0  0  0  0  0  0  0  0  6  2  46  20  45  0  0  0  0  0  0  0  
0  100  8  22  0  0  2  1433  4  2  22  1  0  0  11  1  1  0  525  10393  0  2  0  0  135124  32164  206662  374  333  7538  0  0  3  2  0  171  0  3  0  1  143  0  0  519  4204  12569  0  493  57  0  40  6  1  3  10117  0  221  27406  7  14  10  0  0  0  33406  0  59255  16  422  0  37814  4  3064  4  0  0  0  0  0  0  0  0  0  0  0  0  0  0  0  0  0  0  0  0  0  0  0  0  0  0  0  0  0  0  0  0  0  0  0  0  0  0  0  0  0  0  0  0  0  0  0  0  0  0  0  0  0  0  0  0  0  0  0  0  0  0  0  0  0  0  0  0  0  0  0  0  0  0  0  83  2  8  194  0  0  0  0  0  0  0  
0  41582  0  0  0  0  0  0  0  0  261  0  0  0  0  0  0  0  123695  1456  326  1161  1  0  117  5  0  0  0  0  0  0  0  0  0  0  0  0  0  0  1  41461  0  12856  0  1  0  0  0  0  1535  0  0  0  39  301  0  11898  106  2  6159  0  0  0  1485  0  13  0  0  0  7  0  15534  0  0  0  0  0  0  0  0  0  0  0  0  0  0  0  0  0  0  0  0  0  0  0  0  0  0  0  0  0  0  0  0  0  0  0  0  0  0  0  0  0  0  0  0  0  0  0  0  0  0  0  0  0  0  0  0  0  0  0  0  0  0  0  0  0  0  0  0  0  0  0  0  0  0  0  0  0  3  0  0  0  0  0  0  0  0  0  
0  994  0  0  0  0  0  8  0  0  8828  0  0  0  0  0  0  0  61141  59746  3  152  0  0  11202  4  28  0  1  8  0  0  0  0  0  0  0  0  0  0  2  68  0  6870  10  117  0  0  0  0  591  0  0  0  50  29163  6021  0  0  0  107  0  0  0  20100  0  33  0  1  0  84  0  1445  0  0  0  0  0  0  0  0  0  0  0  0  0  0  0  0  0  0  0  0  0  0  0  0  0  0  0  0  0  0  0  0  0  0  0  0  0  0  0  0  0  0  0  0  0  0  0  0  0  0  0  0  0  0  0  0  0  0  0  0  0  0  0  0  0  0  0  0  0  0  0  0  0  0  0  0  0  0  0  0  0  0  0  0  0  0  0  
0  17654  0  0  0  0  0  0  0  0  0  0  0  0  0  0  0  0  38975  0  19840  0  0  0  0  15  0  0  0  0  0  0  0  4  1  1  19189  15170  0  0  0  0  4  2  0  0  0  42  0  44  53  0  0  0  9  0  446  0  0  32017  574  0  0  0  0  0  0  0  0  0  0  31813  41875  2  0  0  0  0  0  0  0  0  0  0  0  0  0  0  0  0  0  0  0  0  0  0  0  0  0  0  0  0  0  0  0  0  0  0  0  0  0  0  0  0  0  0  0  0  0  0  0  0  0  0  0  0  0  0  0  0  0  0  0  0  0  0  0  0  0  0  0  0  0  0  0  0  0  0  0  0  339  0  0  0  0  0  0  0  0  0  
0  334  0  0  0  0  0  0  0  0  0  0  0  0  0  0  0  0  465  0  65366  0  0  0  2  9  0  0  0  0  0  0  0  10  1  14  66573  4969  0  0  1  0  19  1  0  0  0  6  0  28210  1  0  0  0  6  0  20  0  34350  0  27210  0  0  0  0  0  0  0  0  0  0  21210  2032  0  0  0  0  0  0  0  0  0  0  0  0  0  0  0  0  0  0  0  0  0  0  0  0  0  0  0  0  0  0  0  0  0  0  0  0  0  0  0  0  0  0  0  0  0  0  0  0  0  0  0  0  0  0  0  0  0  0  0  0  0  0  0  0  0  0  0  0  0  0  0  0  0  0  0  1  0  3480  0  0  0  0  0  0  0  0  0  
0  9452  0  0  0  0  0  0  0  1  0  0  0  0  0  0  0  0  3986  0  73618  70604  44040  0  0  1  0  0  0  0  0  0  0  0  0  2  13  25  0  0  0  4  0  8083  0  0  0  3  0  12165  52725  0  0  0  0  1  6968  51  875  29847  0  0  0  0  4  0  0  0  0  0  0  919  724  0  0  1  0  0  0  0  0  0  0  0  0  0  0  0  0  0  0  0  0  0  1  11  0  0  0  0  0  0  0  0  0  0  0  0  0  0  0  0  0  0  0  0  0  0  0  0  0  0  0  0  0  0  0  0  0  0  0  0  0  0  1  0  0  0  0  0  0  0  0  0  0  0  0  0  4  0  68214  12  0  0  0  0  0  0  0  0  
29152  0  0  0  1  126  0  0  0  0  0  75  4029  38559  32071  0  0  17  0  0  0  0  0  44354  0  0  0  0  0  0  0  0  0  0  0  0  0  0  8396  199  0  0  0  0  0  0  886  0  2759  0  0  11296  2  0  0  0  0  0  0  0  0  0  3  9241  0  0  0  0  0  0  0  0  0  0  0  0  0  0  0  0  0  0  0  0  0  0  0  0  0  0  0  0  0  0  0  0  0  0  0  0  0  0  0  0  0  0  0  0  0  0  0  0  0  0  0  0  0  0  0  0  0  0  0  0  0  0  0  0  0  0  0  0  0  0  0  0  0  0  0  0  0  0  0  0  0  0  0  0  0  1249  0  0  576  0  0  0  0  0  0  0  
467  0  0  0  9  202  0  0  0  0  0  0  4  0  0  3  4660  34285  0  0  0  0  5002  74392  0  0  0  0  0  0  81645  41674  0  0  28  0  0  0  9  1  0  0  0  0  0  0  22520  3  10  0  0  0  1  1  0  0  0  0  0  0  0  11  0  36426  0  3  0  0  0  13570  0  0  0  0  0  0  0  0  0  0  0  0  0  0  0  0  0  0  0  0  0  0  0  0  0  0  0  0  0  0  0  0  0  0  43  1  0  0  0  0  0  0  0  0  0  0  0  0  0  0  0  0  0  0  0  0  0  0  0  0  0  0  0  0  0  0  0  0  0  0  0  0  0  23  0  0  0  0  2581  2053  29  1784  90110  4419  0  5  0  0  0  3  
21913  0  0  0  1700  9188  0  0  0  0  0  147  1263  1421  3  1216  0  13  0  0  0  0  0  140212  0  0  0  0  0  0  646  878  0  0  1  0  0  0  9458  704  0  0  3  0  0  0  11420  0  4608  0  0  188  185  1  0  0  0  0  0  0  0  13082  21569  0  0  1  0  1  0  10026  0  0  0  0  0  0  0  0  0  0  0  0  0  0  0  0  0  0  0  0  0  0  0  0  0  0  0  0  0  0  0  0  0  0  0  0  0  0  0  0  0  0  0  0  0  0  0  0  0  0  0  0  0  0  0  0  0  0  0  0  0  0  0  0  0  0  0  0  0  0  0  0  0  0  0  0  0  0  3  35259  0  0  6123  15  0  0  0  0  0  0  
0  37  0  0  0  0  0  41  9  2695  66191  0  0  0  0  0  0  0  734  21616  0  171  55  0  499  11  21697  8  15  70697  0  0  0  0  0  0  0  0  0  0  1  3  0  61080  116  1807  0  7  0  0  8  0  0  0  42  19765  163  13171  0  0  11  0  0  0  0  8  330  0  12  0  5596  0  1547  0  0  0  0  0  0  0  0  0  0  0  8  0  0  0  0  0  0  0  0  0  0  0  0  0  0  0  0  0  0  0  0  0  0  0  0  0  0  0  0  0  0  0  0  0  0  0  0  0  0  0  0  0  0  0  0  0  0  0  0  0  0  0  0  0  0  0  0  0  0  0  1  0  0  0  0  1  57  8  4  0  0  0  0  0  0  0  
2  0  0  0  0  42249  32743  40124  61261  85396  1  0  0  0  10  103  0  4  0  0  0  6  260  0  0  0  4  0  0  5078  0  16247  0  0  0  0  0  0  0  0  0  0  0  456  3  6  0  1  0  0  0  6  2  0  0  43  0  0  0  0  0  0  2  0  296  0  0  0  9  7  118  0  0  0  0  0  0  0  0  384  131  387  650  433  0  0  0  0  0  0  0  0  0  0  0  0  0  0  0  0  0  0  0  24  0  1640  0  0  0  0  0  0  0  0  0  0  0  0  0  0  0  5  0  0  0  0  0  0  0  0  0  0  0  0  0  0  0  0  0  14129  0  0  0  0  92  0  0  0  10  2043  73  67  61  18  0  414  0  26  0  3  
0  10  19454  1306  0  0  5  1148  7  0  0  21  0  0  14  38  32  0  8  3  0  0  0  0  1863  111636  71962  199951  379  1249  0  0  181  0  0  7  0  0  0  0  8257  0  0  6  77219  49738  1  14151  1284  0  3  54  0  8  1886  61599  13  48  1  0  1  0  0  1  2046  0  0  238  451  0  1025  0  873  51  0  0  0  0  0  0  0  0  0  0  0  0  0  0  0  0  0  0  0  0  0  0  0  0  0  0  0  0  0  0  0  0  0  0  0  0  0  0  0  0  0  0  0  0  0  0  0  0  0  0  0  0  0  0  0  0  0  0  0  0  0  0  0  0  0  0  0  0  0  0  0  0  0  0  0  917  0  86  7380  2  0  0  0  0  0  0  
63  0  0  31996  1  49  1610  1188  1  0  0  36192  8  102  53315  0  0  2  0  0  0  0  0  2  2  24  5  5  112130  0  0  0  2  0  0  0  0  0  56  153  61  0  0  0  41124  15  59  256  73305  0  0  81428  66  6832  5  23  0  0  0  0  0  37  0  11  5  1  157  0  5056  0  12  0  1  5  0  0  0  0  0  0  0  0  0  0  0  0  0  0  0  0  0  0  0  0  0  0  0  0  0  0  0  0  0  0  0  0  0  0  0  0  0  0  0  0  0  0  0  0  0  0  0  0  0  0  0  0  0  0  0  0  0  0  0  0  0  0  0  0  0  0  0  0  0  0  0  0  0  0  0  25059  0  12  11618  19  0  0  0  0  0  0  
1  0  538  0  0  9  636  44332  143  7  0  2  0  0  24771  47713  0  0  0  0  0  0  0  0  0  0  4  421  115689  2  0  0  0  0  0  0  0  0  0  0  0  0  0  0  46508  7244  0  0  77  0  0  296  6  33586  0  116  0  0  0  0  0  0  0  0  4  7  275  8629  0  0  42  0  0  0  0  0  0  0  0  0  0  0  0  0  0  0  0  0  0  0  0  0  0  0  0  0  0  0  0  0  0  0  0  0  0  0  0  0  0  0  0  0  0  0  0  0  0  0  0  0  0  0  0  0  0  0  0  0  0  0  0  0  0  0  0  0  0  0  0  0  0  0  0  0  0  0  0  0  0  5369  0  0  67  21  0  0  0  0  0  0  
13184  0  0  0  9943  34578  1  0  0  0  0  0  0  0  2  18273  0  4  0  0  0  0  0  10522  0  0  0  0  0  0  62065  38498  0  0  0  0  0  0  0  0  0  0  0  0  0  0  3  0  0  0  0  0  0  0  0  0  0  0  0  0  0  0  10887  11780  0  17  0  0  0  0  0  0  0  0  0  0  0  0  0  5357  0  0  0  0  0  0  0  0  0  69  0  0  0  0  0  0  0  0  0  0  0  0  0  0  2124  95  0  0  0  0  0  0  0  0  0  0  0  0  0  0  0  0  0  0  0  0  0  0  0  0  0  0  0  0  0  0  2  0  0  0  0  0  0  2456  0  0  0  0  5  15091  0  13  3145  2987  0  3  0  1  1  5  
0  1  1796  0  0  0  4  931  30459  100  43  0  0  0  3  27  0  0  6  36  0  3  0  0  15  0  6178  13  32  78979  0  0  0  0  0  0  0  0  0  0  0  0  0  73  330  48633  0  0  1  0  0  1  0  0  2  18171  3  27  0  0  0  0  0  0  6399  29  531  3  44  0  0  0  24  0  0  0  22  0  0  0  0  0  6  2  0  0  0  0  0  0  0  0  0  0  0  0  0  0  0  0  0  0  0  470  0  0  0  0  0  0  0  0  0  0  0  0  0  0  0  0  0  0  0  0  0  0  0  0  0  0  0  0  0  0  0  0  0  0  0  4  0  0  0  0  142  0  0  0  0  160  0  0  9  0  0  0  0  0  0  0  
0  60  0  1  0  0  0  0  0  0  0  0  0  0  0  0  0  0  70  0  49  0  17  0  2  40  0  0  0  0  0  0  0  1114  4  88  97673  143075  0  0  4  0  6072  2  0  0  0  105  0  2835  0  0  0  0  33  10  7  0  35548  29239  843  0  0  0  0  0  0  0  0  0  0  0  52825  0  0  0  0  0  0  0  0  0  0  0  0  0  0  0  0  0  0  0  0  0  0  0  0  0  0  0  0  0  0  0  0  0  0  0  0  0  0  0  0  0  0  0  0  0  0  0  0  0  0  0  0  0  0  0  0  0  0  0  0  0  0  0  0  0  0  0  0  0  0  0  0  0  0  0  4  0  318  0  0  0  0  0  0  0  0  0  
0  365  0  63  0  0  0  0  0  0  1  4  0  0  0  0  8  0  52706  1  582  5  33  0  112088  27154  0  0  0  1  0  0  4935  174406  49225  35786  205  219890  0  0  4275  0  716  184  28  19  0  63376  114  511  37  0  0  0  40925  2933  8212  594  34907  7354  154  0  0  0  3241  0  499  8  0  0  56  48393  0  25722  0  0  0  0  0  0  0  0  0  0  0  0  0  0  0  0  0  0  0  0  0  0  0  0  0  0  0  0  0  0  0  0  0  0  0  0  0  0  0  0  0  0  0  0  0  0  0  0  0  0  0  0  0  0  0  0  0  0  0  0  0  0  0  0  0  0  0  0  0  0  0  0  0  0  113  3  1128  110  188  0  0  0  0  0  0  0  
0  2  0  101  0  0  0  0  0  0  0  1  0  0  0  0  30  0  1  0  0  0  0  0  3  1474  0  0  0  0  0  0  55564  17950  54  25083  0  2  0  0  21919  0  1  0  5  0  0  23996  85  0  0  0  0  0  386  5  0  2  4  1  0  0  0  0  0  0  2  0  0  0  0  1  20836  0  0  0  0  0  0  0  0  0  0  0  0  0  0  0  0  0  0  0  0  0  0  0  0  0  0  0  0  0  0  0  0  0  0  0  0  0  0  0  0  0  0  0  0  0  0  0  0  0  0  0  0  0  0  0  0  0  0  0  0  0  0  0  0  0  0  0  0  0  0  0  0  0  0  0  122  0  120  2045  709  0  0  0  0  0  0  0  
0  0  0  0  0  0  0  0  0  0  0  0  0  0  0  0  0  0  0  0  0  0  0  0  0  0  0  0  0  0  8  0  0  0  0  0  0  0  0  0  0  0  0  0  0  0  0  0  0  0  0  0  0  0  0  0  0  0  0  0  0  0  0  0  0  0  0  0  0  0  0  0  0  0  0  0  0  0  40512  16501  1  0  0  0  0  0  814  421  9662  16459  0  38  0  0  0  0  0  82148  0  0  0  0  0  0  7401  8  0  0  0  0  0  0  12860  1  0  0  0  0  0  0  5722  0  2019  0  0  3159  21254  81  0  0  0  0  0  0  0  12042  1765  24367  0  0  0  1  0  1488  0  0  0  0  0  0  0  0  0  0  0  10630  0  0  9829  0  
0  2  0  0  0  0  0  0  0  0  0  0  0  0  0  0  0  0  0  0  0  2  0  0  0  0  0  0  0  0  0  0  0  0  0  0  0  0  0  0  0  0  0  0  0  0  0  0  0  0  1  0  0  0  0  0  0  0  0  0  0  0  0  0  0  0  0  0  0  0  0  0  0  0  0  0  0  0  0  0  0  0  0  0  1  0  0  0  0  0  0  0  69193  15  51062  912  0  0  185  0  1  0  0  0  0  0  0  0  0  0  3433  0  0  0  0  39930  0  2991  0  0  0  1  0  0  22213  0  0  0  13  12  18640  99  27193  18914  13432  0  0  0  266  0  0  0  0  0  0  0  213  0  0  0  0  0  0  0  0  0  0  0  0  0  
0  0  5581  0  0  0  0  10  1  0  0  0  0  0  0  296  0  0  0  0  0  0  0  0  0  0  0  0  0  11  0  0  0  0  0  0  0  0  0  0  0  0  0  0  0  26  0  0  0  0  0  0  0  0  0  0  0  0  0  0  0  0  0  0  0  0  0  0  0  0  16  0  0  0  0  0  0  0  0  0  0  550  844  0  0  0  0  0  0  42279  0  0  0  0  0  0  0  0  0  0  12042  9451  37239  8987  0  0  0  0  0  0  0  0  0  0  0  0  0  0  48816  64257  0  0  0  0  0  0  0  3  0  1  0  0  0  0  0  0  0  0  0  0  14486  0  933  0  3026  0  0  0  0  0  0  0  0  0  0  0  0  0  0  0  
0  0  0  0  0  0  0  0  0  0  0  0  0  0  0  0  0  0  0  0  0  0  0  0  0  0  0  0  0  0  0  0  0  0  0  0  0  0  0  0  0  0  0  0  0  0  0  0  0  0  0  0  0  0  0  0  0  0  0  0  0  0  0  0  0  0  0  0  0  0  0  0  0  0  0  0  0  0  0  0  0  0  0  0  0  47783  0  141  0  0  100  54  0  0  0  0  0  0  0  63619  0  40268  39224  0  0  0  214  42  8  185  0  0  0  106  17002  0  0  0  53169  0  0  123  66483  0  0  13  0  0  6  4  0  0  0  0  0  0  0  0  0  0  2120  34697  0  0  0  0  6  58  0  0  0  0  0  0  0  0  0  0  4  0  
0  0  0  0  0  1  0  0  0  0  0  0  0  0  0  0  0  0  0  0  0  0  0  0  0  0  0  0  0  0  1  0  0  0  0  0  0  0  0  0  0  0  0  0  0  0  0  0  0  0  0  0  0  0  0  0  0  0  0  0  0  0  0  0  0  0  0  0  0  1  0  0  0  0  37781  0  0  0  0  36916  90  0  0  0  0  0  0  0  17485  92151  0  172  0  0  0  0  0  1347  0  0  0  0  0  0  37  0  0  0  0  0  0  0  1  0  0  0  0  0  0  0  561  0  129  0  0  113  90785  3290  0  0  0  0  0  0  0  1  38  975  0  0  0  1  0  2108  0  0  0  0  0  0  0  0  0  0  0  1546  0  0  1392  0  
0  0  0  0  27  1559  97  6  0  0  0  0  0  0  0  1072  0  1  0  0  0  0  1  0  0  0  0  0  0  0  266  183  0  0  0  0  0  0  0  0  0  0  0  0  0  0  0  0  0  0  0  0  0  0  0  0  0  0  0  0  0  0  2  0  0  965  0  0  0  1801  0  0  0  0  27287  0  0  0  58176  0  67363  117  0  0  0  0  16  1  11599  105195  0  118  0  0  0  0  0  4849  0  0  0  0  33  0  7669  21417  0  0  0  0  0  0  28  0  1  0  0  0  31  1  2001  0  75  0  0  1318  35728  94120  0  0  0  0  0  0  0  6  3595  12702  0  27796  1  14  700  45189  1  0  0  0  2  0  0  1  1  9  0  45225  0  0  12606  0  
0  0  0  0  0  322  347  94  0  0  0  0  0  0  0  2829  0  0  0  0  0  0  0  0  0  0  0  0  0  1  0  6  0  0  0  0  0  0  0  0  0  0  0  0  0  0  0  0  0  0  0  0  0  0  0  0  0  0  0  0  0  0  0  0  0  626  0  0  0  0  0  0  0  0  0  0  0  0  41  86434  0  48823  201  0  0  0  0  0  2768  36907  0  22  0  0  0  0  0  0  0  0  0  9  778  0  0  53  0  0  0  0  0  0  0  0  0  0  0  0  1526  144  0  0  54  0  0  1519  1423  76999  0  4  0  0  0  0  0  0  1  0  0  43155  42  124  22811  0  340  0  0  0  0  0  0  0  0  0  0  776  0  0  38  0  
0  0  18  0  0  39  146  607  4  2  1  0  0  0  0  661  0  0  0  0  0  0  0  0  0  0  0  0  0  3  0  0  0  0  0  0  0  0  0  0  0  0  0  0  0  62  0  0  0  0  0  0  0  0  0  0  0  0  0  0  0  0  0  0  0  422  0  0  0  0  2  0  0  0  0  0  943  0  0  63  58052  0  26209  439  1  0  0  0  17  108990  0  0  0  0  0  0  0  0  0  0  1  205  6018  114  0  0  0  0  0  0  0  0  0  0  0  0  0  0  7769  38344  0  0  2  0  0  0  1  26213  0  91  0  0  0  0  0  0  0  0  16  25582  1104  15  42995  0  6832  0  0  0  0  0  0  0  0  0  0  20  0  0  4  0  
0  0  47  0  0  0  3  198  130  96  19  0  0  0  0  22  0  0  0  0  0  2  0  0  0  0  0  0  0  22  0  0  0  0  0  0  0  0  0  0  0  0  0  0  0  14  0  0  0  0  0  0  0  0  0  0  0  0  0  0  0  0  0  0  0  218  0  0  0  0  13  0  0  0  0  0  382  0  0  0  265  22350  0  31890  1  0  0  0  0  72  0  0  0  0  0  11  0  0  0  0  0  4  21  9597  0  0  0  0  0  0  0  0  0  0  0  0  0  0  126  17359  0  1  0  0  0  0  0  0  0  3  0  0  0  0  0  0  0  0  48  45016  45  0  38  0  38999  0  0  0  0  0  0  0  1  0  0  0  0  3  0  0  
0  0  2  0  0  0  0  64  45  142  6  0  0  0  0  0  0  0  0  0  0  8  0  0  0  0  0  0  0  3  0  0  0  0  0  0  0  0  0  0  0  0  0  0  0  2  0  0  0  0  0  0  0  0  0  0  0  0  0  0  0  0  0  0  0  124  0  0  0  0  4  0  0  0  0  0  0  0  0  0  27  688  23281  0  5  0  0  0  0  0  0  0  0  0  0  661  5849  0  0  0  0  0  0  35711  0  0  0  0  0  0  0  0  0  0  0  0  0  22237  0  3  0  3  0  0  0  0  0  0  0  0  0  0  0  0  0  0  0  0  19185  44146  0  0  0  0  2899  0  0  0  0  0  0  2  1  0  0  0  3  157  0  0  
0  0  0  0  0  0  0  0  1  0  1101  0  0  0  0  0  0  0  0  168  0  1  0  0  0  0  0  0  0  100  0  0  0  0  0  0  0  0  0  0  0  0  0  0  0  0  0  0  0  0  0  0  0  0  0  0  0  0  0  0  0  0  0  0  6  0  0  0  0  0  1  0  0  0  0  12  0  0  0  0  0  0  0  1  0  0  0  0  0  0  0  0  1  57782  0  6813  0  0  0  0  1  0  0  3398  0  0  0  0  0  0  0  0  0  0  0  28612  0  47431  0  0  0  0  0  0  11  0  0  0  0  0  103  10775  0  0  0  0  0  0  91047  0  0  0  0  0  4  0  1  0  0  0  0  0  0  0  0  0  0  0  0  0  
0  0  0  0  0  0  0  0  0  0  0  0  0  0  0  0  0  0  0  0  0  0  0  0  0  0  0  0  0  0  0  0  0  0  0  0  0  0  0  0  0  0  0  0  0  0  0  0  0  0  0  0  0  0  0  0  0  0  0  0  0  0  0  0  0  0  0  0  0  0  0  0  0  0  0  0  0  65777  0  0  0  0  0  0  0  0  0  19248  1141  0  11  380  0  0  0  0  0  3  0  4  0  2  5091  0  0  0  358  5163  2994  53  0  0  111  32659  1  0  0  0  165  0  16  250  80660  0  0  13149  3  0  0  0  0  0  0  0  0  5  0  0  0  0  1  54220  0  0  0  0  0  73  0  0  0  0  0  0  8  0  0  10  6  0  
0  0  0  0  0  0  0  0  0  0  0  0  0  0  0  0  0  0  0  0  0  0  0  0  0  0  0  0  0  0  0  0  0  0  0  0  0  0  0  0  0  0  0  0  0  0  0  0  0  0  0  0  0  0  0  0  0  0  0  0  0  0  0  0  0  0  0  0  0  0  0  0  0  0  332  0  0  0  1  5  0  0  0  0  0  0  0  18879  0  0  0  2  0  0  0  0  0  54935  0  0  0  0  0  0  0  0  0  1  0  0  0  0  28555  2  0  0  0  0  0  0  12334  0  87  0  0  31  2  0  0  0  0  0  0  0  0  20687  3  3659  0  0  0  0  0  0  0  0  0  0  0  0  0  0  0  0  0  12  0  1  16  0  
0  0  0  0  0  0  0  0  0  0  0  0  0  0  0  0  0  0  0  0  0  0  0  0  0  0  0  0  0  0  0  0  0  0  0  0  0  0  0  0  0  0  0  0  0  0  0  0  0  0  0  0  0  0  0  0  0  0  0  0  0  0  0  0  0  0  0  0  0  0  0  0  0  0  242  0  0  126  1  3  0  0  0  0  0  23403  17969  0  24967  0  0  5  0  0  0  0  0  505  0  0  0  0  50  0  0  0  0  118  9  0  0  0  39472  35175  0  0  0  0  0  0  85  0  8305  0  0  85190  454  0  0  0  0  0  0  0  0  44027  0  156  0  0  0  21  0  0  0  0  0  0  0  0  0  0  0  0  0  13  0  1  6  0  
0  0  0  0  0  0  0  0  0  0  0  0  0  0  0  0  0  0  0  0  0  0  0  0  0  0  0  0  0  0  0  0  0  0  0  0  0  0  0  0  0  0  0  0  0  0  0  0  0  0  0  0  0  0  0  0  0  0  0  0  0  0  0  0  0  0  0  0  0  0  0  0  0  0  9519  0  0  0  12725  8976  4066  2  0  0  0  46  6  17492  0  25453  0  116  0  0  0  0  0  10269  0  0  0  2  4696  0  0  0  0  0  0  0  0  0  33  0  0  0  0  0  13  0  13  0  400  0  0  179090  283299  154401  0  0  0  0  0  0  0  29685  0  1  0  9  2  24353  23919  0  0  0  0  0  0  0  0  0  0  0  0  1215  0  0  133  0  
1  0  51  0  0  28  71  206  0  0  0  0  0  0  0  9257  0  0  0  0  0  0  0  0  0  0  0  0  0  1  326  0  0  0  0  0  0  0  0  0  0  0  0  0  0  88  0  0  0  0  0  0  0  0  0  0  0  0  0  0  0  0  0  0  0  51  0  0  0  71  0  0  0  0  15564  0  48928  0  116356  102418  37301  100581  383  0  0  0  0  0  23203  0  0  0  0  0  0  0  0  6478  0  0  0  9  14245  0  6754  0  0  0  0  0  0  0  0  0  0  0  0  0  2158  21107  1  0  0  0  0  1  634  164473  0  0  0  0  0  0  0  0  3713  3118  0  10  326  0  60372  13217  80  0  0  0  0  0  0  0  0  0  0  134  0  0  3  0  
0  0  0  0  0  0  0  0  0  1  0  0  0  0  0  0  0  0  0  0  0  0  0  0  0  0  0  0  0  0  0  0  0  0  0  0  0  0  0  0  0  0  0  0  0  0  0  0  0  0  0  0  0  0  0  0  0  0  0  0  0  0  0  0  0  0  0  0  0  0  0  0  0  0  0  0  0  31  0  0  3  0  2  1  0  5  0  0  0  0  0  33118  0  0  0  0  784  37  0  17  1  30  506  0  0  0  3  39  5540  1  0  0  2  0  18742  0  124  0  3571  80  237  36566  17583  1  0  1  0  1  7  289  0  1  0  0  0  0  0  0  11  10  2619  188  404  0  9  0  6  6  0  0  0  0  0  0  4780  3367  231  2852  5639  1174  
0  0  0  0  0  0  0  0  0  0  0  0  0  0  0  0  0  0  0  0  0  0  0  0  0  0  0  0  0  0  0  0  0  0  0  0  0  0  0  0  0  0  0  0  0  0  0  0  0  0  0  0  0  0  0  0  0  0  0  0  0  0  0  0  0  0  0  0  0  0  0  0  0  0  1  0  0  6  29  31  3  0  0  0  0  131  1  3  53  0  27603  0  0  0  0  0  171  19336  0  15  0  1  3047  0  1  0  11  72  1034  1  0  0  9  16  335  0  110  0  3146  9  56779  5951  63057  0  0  10907  2052  19  1  23  0  0  0  0  0  2  3  0  0  0  64  3594  4062  0  1  0  0  4  0  0  0  0  0  0  2782  31910  1  1227  73211  8232  
0  0  0  0  0  0  0  0  0  0  0  0  0  0  0  0  0  0  0  0  0  0  0  0  0  0  0  0  0  0  0  0  0  0  0  0  0  0  0  0  0  0  0  0  0  0  0  0  0  0  0  0  0  0  0  0  0  0  0  0  0  0  0  0  0  0  0  0  0  0  0  0  0  0  0  58010  0  0  0  0  0  0  0  0  1  0  0  0  0  0  0  0  0  12186  60  44  0  0  21856  0  0  0  0  0  0  0  0  0  0  0  1057  109  0  0  0  17784  0  1401  0  0  0  0  0  0  215  0  0  0  6  2812  118306  57557  42591  336  741  0  0  0  171  0  0  0  0  0  0  21  32004  0  0  0  0  0  0  0  0  0  0  0  0  0  
0  0  0  0  0  0  0  0  0  0  4  0  0  0  0  0  0  0  0  7  0  0  0  0  0  0  0  0  0  15  0  0  0  0  0  0  0  0  0  0  0  0  0  0  0  0  0  0  0  0  0  0  0  0  0  0  0  0  0  0  0  0  0  0  0  0  0  0  0  0  0  0  0  0  0  45  0  0  0  0  0  0  0  0  60257  0  0  0  0  0  0  0  12709  0  1  128  0  0  23  0  26485  0  0  1608  0  0  0  0  0  0  0  0  0  0  0  28733  0  8027  0  0  0  0  0  0  37  0  0  0  5  12020  10240  73807  2  0  17  0  0  0  62404  0  0  0  0  0  7  0  0  0  0  0  0  0  0  0  0  0  0  0  0  0  
0  4  0  0  0  0  0  0  0  0  0  0  0  0  0  0  0  0  0  0  0  2  2  0  0  0  0  0  0  0  0  0  0  0  0  0  0  0  0  0  0  0  0  0  0  0  0  0  0  0  2  0  0  0  0  0  0  0  0  0  1  0  0  0  0  0  0  0  0  0  0  0  0  0  0  48808  0  0  0  0  0  0  0  0  0  0  0  0  0  0  0  0  267  1  0  461  5458  0  1  0  0  0  0  0  0  0  0  0  0  0  3248  0  0  0  0  5349  8  82  0  0  0  0  0  15327  15039  0  0  0  0  0  1005  1  692  52925  75770  0  0  0  1  0  0  0  0  0  0  0  4  0  0  0  0  0  0  0  51  0  242  0  0  0  
0  3  0  0  0  0  0  0  1  3  407  0  0  0  0  0  0  0  0  45  5  77  6  0  0  0  0  0  0  2  0  0  0  0  0  0  0  0  0  0  0  0  0  2  0  0  0  0  0  0  4  0  0  0  0  0  0  0  0  0  9  0  0  0  0  0  0  0  0  0  1  0  0  0  0  1092  0  0  0  0  0  0  13  984  9753  0  0  0  0  0  0  0  115  13  111  0  17315  0  9  0  0  0  0  245  0  0  0  0  0  0  3  0  0  0  0  85806  0  109860  0  0  0  6  0  0  43145  0  0  0  0  1  1250  22  923  6  70251  0  0  0  698  5023  0  0  0  0  7  1  12  1  0  0  0  0  0  0  0  0  1911  131  0  0  
0  0  0  0  0  0  0  0  0  0  0  0  0  0  0  0  0  0  0  0  0  0  2  0  0  0  0  0  0  0  0  0  0  0  0  0  0  0  0  0  0  0  0  0  0  0  0  0  0  0  0  0  0  0  0  0  0  0  0  0  0  0  0  0  0  0  0  0  0  0  0  0  0  0  0  0  0  0  0  0  0  0  0  6135  0  0  0  0  0  0  1954  8  0  0  3587  16060  0  7  0  0  0  0  0  0  12  11  1  3  2815  0  1544  9  1  0  1  0  24358  11360  0  0  10  820  4  13153  0  0  0  0  0  0  0  0  5  13  60334  0  35  0  0  35359  0  0  0  0  0  20  36  6  0  0  0  1  0  0  14220  0  226786  1618  3  4  
0  0  0  0  0  0  0  0  0  0  0  0  0  0  0  0  0  0  0  0  0  0  0  0  0  0  0  0  0  0  1  4  0  0  0  0  0  0  0  0  0  0  0  0  0  0  0  0  0  0  0  0  0  0  0  0  0  0  0  0  0  0  0  0  0  0  0  0  0  0  0  0  0  0  96855  0  0  0  430  2591  0  0  0  0  0  2  78416  580  9353  4123  27  20863  0  0  0  0  16  0  0  0  0  0  0  0  18744  525  0  128  231  0  0  0  19087  0  0  0  41  0  0  0  61586  74  79  0  0  31  16  0  0  0  0  0  0  0  1  30227  111031  156495  0  0  0  0  0  2065  0  0  0  0  0  0  0  5  3  11  1608  4762  823  3048  52192  9898  
0  0  0  0  0  0  0  0  0  0  0  0  0  0  0  0  0  0  0  0  0  0  0  0  0  0  0  0  0  0  0  0  0  0  0  0  0  0  0  0  0  0  0  0  0  0  0  0  0  0  0  0  0  0  0  0  0  0  0  0  0  0  0  0  0  0  0  0  0  0  0  0  0  0  0  6  0  1  0  0  0  0  0  0  0  0  0  0  0  0  2  7  21393  13  0  4  0  0  0  2249  38  0  2  0  0  0  2  1194  0  5  10  9808  0  0  414  1  1  1985  48  0  0  466  36  0  2  0  0  0  54768  95907  62  2880  69  11  10  0  0  0  5120  0  583  2  1  0  3  9  221642  31  0  0  0  0  0  0  4  0  191  3  7  0  
0  0  0  0  0  0  0  0  0  0  0  0  0  0  0  0  0  0  0  0  0  0  0  0  0  0  0  0  0  0  0  0  0  0  0  0  0  0  0  0  0  0  0  0  0  0  0  0  0  0  0  0  0  0  0  0  0  0  0  0  0  0  0  0  0  0  0  0  0  0  0  0  0  0  0  0  0  65976  0  0  0  0  0  0  0  5  0  0  0  0  119  383  0  0  0  0  0  0  2462  0  1  15671  321  0  0  0  85  10350  0  122445  0  0  1  0  98998  0  0  0  10130  2  1  1645  5670  0  0  23  0  0  41821  18926  0  0  0  0  0  0  0  0  2  1  101254  497  12  0  2  0  30405  26  0  0  0  0  0  0  2  32  0  43  257  0  
0  0  0  0  0  0  0  0  0  0  0  0  0  0  0  0  0  0  0  0  0  0  0  0  0  0  0  0  0  0  0  0  0  0  0  0  0  0  0  0  0  0  0  0  0  0  0  0  0  0  0  0  0  0  0  0  0  0  0  0  0  0  0  0  0  0  0  0  0  0  0  0  0  0  0  0  13801  0  0  0  29  179  0  0  2  0  0  0  0  6  0  0  0  28544  0  0  0  0  117  0  0  4627  226  76955  0  0  0  0  0  0  0  0  0  0  3  0  0  2  1466  45029  0  2  0  0  0  0  0  3  61  132560  0  650  0  0  0  0  0  0  32947  0  34406  0  328  0  3882  0  0  0  0  0  0  0  0  0  0  0  0  0  0  0  
0  0  1  0  0  0  0  0  0  0  0  0  0  0  0  0  0  0  0  0  0  0  0  0  0  0  0  0  0  0  0  0  0  0  0  0  0  0  0  0  0  0  0  0  0  0  0  0  0  0  0  0  0  0  0  0  0  0  0  0  0  0  0  0  0  0  0  0  0  0  0  0  0  0  0  0  9894  40894  0  0  3  83  10  0  0  4  0  2  1  34  250  7  0  0  0  0  0  0  1  19022  2602  0  11110  7  0  0  0  0  0  2  0  0  0  1  204  0  0  0  213060  2842  0  40  1709  0  0  15  0  1  0  64  0  1  0  0  0  0  0  0  15  0  154274  389  33  0  19  0  7  0  0  0  0  0  0  0  0  0  0  0  7  0  
0  0  0  0  0  0  0  0  0  0  0  0  0  0  0  0  0  0  0  0  0  0  0  0  0  0  0  0  0  0  0  0  0  0  0  0  0  0  0  0  0  0  0  0  0  0  0  0  0  0  0  0  0  0  0  0  0  0  0  0  0  0  0  0  0  0  0  0  0  0  0  0  0  0  0  0  52571  33195  0  7  198  12018  8  0  0  8844  0  62  11187  15310  47  2721  0  0  0  0  0  0  0  252  1  10810  0  1  0  0  0  0  0  0  0  0  7  87  38  0  0  0  156278  2700  0  34  8214  0  0  34449  1049  3876  1  116  0  0  0  0  0  0  0  0  7  4  1388  97014  125593  0  16  0  2  0  0  0  0  0  0  0  0  1649  0  0  5585  0  
0  0  175  0  0  0  0  6  5  0  77  0  0  0  0  0  0  0  0  1  0  2  0  0  0  0  0  0  0  2390  0  0  0  0  0  0  0  0  0  0  0  0  0  0  0  30  0  0  0  0  0  0  0  0  0  0  0  0  0  0  0  0  0  0  1  0  0  0  0  0  382  0  0  0  0  0  11481  0  0  0  18  172  13614  19118  4224  0  0  0  0  1  0  0  0  2700  0  62  0  0  2  0  90811  42  20  0  0  0  0  0  0  0  0  0  0  0  0  0  0  146  127  24519  0  1  0  0  0  0  0  1  13  2430  0  1  0  0  0  0  0  0  57064  178  119  0  31  0  99122  0  0  0  0  0  0  0  0  0  0  0  0  0  0  0  
0  0  0  0  0  41  0  0  0  0  0  0  0  0  0  0  2  0  0  0  0  0  1  30  0  0  0  0  0  0  5417  365  0  0  0  0  0  0  0  0  0  0  0  0  0  0  0  0  0  0  0  0  0  0  0  0  0  0  0  0  0  0  7  0  0  0  0  0  0  1488  0  0  0  0  6637  0  0  0  94  6197  0  0  0  0  0  0  0  0  0  8044  0  0  0  0  0  0  3  17292  0  0  0  0  0  0  0  31588  0  0  1  0  0  0  0  0  0  0  0  0  0  0  37  0  0  0  0  0  0  0  0  0  0  0  0  0  0  0  92683  118  0  0  0  0  0  43060  0  0  0  0  2  1  0  1  0  16  17  301  18  689  7068  5003  
0  0  0  0  0  63  0  0  0  0  0  0  0  0  0  0  0  33  0  0  0  0  11  0  0  0  0  0  0  0  23  1326  0  0  0  0  0  0  0  0  0  0  0  0  0  0  0  0  0  0  0  0  0  0  0  0  0  0  0  0  0  0  31  0  0  2691  0  0  0  54  0  0  0  0  247  0  0  0  2  17074  87  0  0  0  0  0  0  0  0  2  0  0  0  0  0  0  11  1513  0  0  0  0  0  0  24337  0  0  0  0  0  0  0  0  0  0  0  0  0  0  0  34  0  0  0  0  0  0  0  0  0  0  0  0  0  0  0  37221  369  0  1264  0  0  0  1240  0  0  0  0  30  24  2  51  75  586  39  19023  16  754  10757  7014  
0  0  0  0  0  0  0  0  0  0  0  0  0  0  0  0  0  0  0  0  0  0  0  0  0  0  0  0  0  0  0  0  0  0  0  0  0  0  0  0  0  0  0  0  0  0  0  0  0  0  0  0  0  0  0  0  0  0  0  0  0  0  0  0  0  0  0  0  0  0  0  0  0  0  0  0  0  217  0  0  0  0  0  0  0  417  0  0  0  0  22  59  0  0  0  0  2  0  1  83  0  0  0  0  0  0  0  31254  18120  2912  0  0  0  0  13262  0  0  0  0  0  0  45715  32  0  0  0  0  0  0  3  0  0  0  0  0  0  0  0  0  1  4  0  0  0  0  0  3431  38616  0  0  0  0  0  0  9  0  4  1420  0  0  
0  0  0  0  0  0  0  0  0  0  0  0  0  0  0  0  0  0  0  0  0  0  0  0  0  0  0  0  0  0  0  0  0  0  0  0  0  0  0  0  0  0  0  0  0  0  0  0  0  0  0  0  0  0  0  0  0  0  0  0  0  0  0  0  0  0  0  0  0  0  0  0  0  0  0  0  0  34  0  0  0  0  0  0  0  2390  0  65  0  0  10  30  0  0  0  0  3  28  839  12524  0  0  0  0  0  0  26836  0  72595  77714  3  15647  17  2  1162  0  19619  0  0  0  4  9968  21  15  0  0  0  0  1  1  0  0  0  0  1  0  0  0  0  0  0  0  0  0  0  2  120992  18402  0  0  0  0  0  0  233  0  181  12  0  0  
0  0  0  0  0  0  0  0  0  0  0  0  0  0  0  0  0  0  0  0  0  0  0  0  0  0  0  0  0  0  0  0  0  0  0  0  0  0  0  0  0  0  0  0  0  0  0  0  0  0  0  0  0  0  0  0  0  0  0  0  0  0  0  0  0  0  0  0  0  0  0  0  0  0  0  0  0  4  0  0  0  0  0  0  0  1207  0  4  0  0  6169  286  0  0  0  0  3211  9  1  0  0  0  0  0  0  0  17600  57820  0  296  4  7  3  0  12  0  22126  0  0  0  27  64485  105  36  0  0  0  0  1  0  0  0  0  0  2  0  1  0  0  0  0  0  0  0  0  1  16752  6982  0  0  0  0  0  0  17358  0  971  223  3  0  
0  0  0  0  0  0  0  0  0  0  0  0  0  0  0  0  0  0  0  0  0  0  0  0  0  0  0  0  0  0  0  0  0  0  0  0  0  0  0  0  0  0  0  0  0  0  0  0  0  0  0  0  0  0  0  0  0  0  0  0  0  0  0  0  0  0  0  0  0  0  0  0  0  0  0  0  0  234  0  0  0  0  0  0  0  16  0  0  0  0  2  3  0  0  0  0  2  0  13  135334  0  4  0  0  0  0  2265  76515  239  0  0  2  0  0  59637  0  0  0  9  0  0  486  11  0  0  0  0  0  12937  1  0  0  0  0  0  0  0  0  0  0  496  0  0  0  0  0  19774  48307  0  0  0  0  0  0  11  0  7  12  1  0  
0  0  0  0  0  0  0  0  0  0  0  0  0  0  0  0  0  0  0  0  0  0  0  0  0  0  0  0  0  0  0  0  0  0  0  0  0  0  0  0  0  0  0  0  0  0  0  0  0  0  0  0  0  0  0  0  0  0  0  0  0  0  0  0  0  0  0  0  0  0  0  0  0  0  0  4617  0  0  0  0  0  0  0  0  0  0  0  0  0  0  0  0  1836  0  2448  1  1544  0  53  0  0  0  0  0  0  0  0  0  1  0  0  17748  0  0  0  0  24580  1  0  0  0  5  0  62024  0  0  0  0  0  0  0  0  22377  66597  4642  0  0  0  2  0  0  0  0  0  0  104299  8384  0  0  0  0  0  0  0  117  0  601  0  0  0  
0  0  0  0  0  0  0  0  0  0  0  0  0  0  0  0  0  0  0  0  0  0  0  0  0  0  0  0  0  0  0  0  0  0  0  0  0  0  0  0  0  0  0  0  0  0  0  0  0  0  0  0  0  0  0  0  0  0  0  0  0  0  0  0  0  0  0  0  0  0  0  0  0  0  0  0  0  0  0  0  0  0  0  0  0  0  0  1  0  0  0  0  37  0  0  0  1  0  11765  0  0  0  0  0  0  0  0  22688  4  0  24827  0  0  0  0  0  18851  0  0  0  0  3  0  327  0  0  0  0  0  3  0  0  7846  124  43  0  0  0  0  0  0  0  0  0  0  152091  170188  0  0  0  0  0  0  0  13  0  39  0  0  0  
0  0  0  0  0  0  0  0  0  0  0  0  0  0  0  0  0  0  0  0  0  0  0  0  0  0  0  0  0  0  0  0  0  0  0  0  0  0  0  0  0  0  0  0  0  0  0  0  0  0  0  0  0  0  0  0  0  0  0  0  0  0  0  0  0  0  0  0  0  0  0  0  0  0  6027  0  0  0  22  32  0  0  0  0  0  60  25144  36991  61  0  0  40  0  0  0  0  0  16306  0  0  0  0  0  0  0  0  0  21  2  0  0  0  0  467  0  0  0  0  0  0  18003  1  20924  0  0  14313  828  2  0  0  0  0  0  0  0  20289  6  6141  0  0  0  18  0  0  0  0  0  0  0  0  0  0  0  0  0  206  0  0  248  0  
0  0  0  0  0  0  0  0  0  0  0  0  0  0  0  0  0  0  0  0  0  0  0  0  0  0  0  0  0  0  0  0  0  0  0  0  0  0  0  0  0  0  0  0  0  0  0  0  0  0  0  0  0  0  0  0  0  0  0  0  0  0  0  0  0  0  0  0  0  0  0  0  0  0  0  0  0  139  0  3  0  0  0  0  0  34685  0  27254  0  0  2  73  0  0  0  0  0  1  0  0  0  0  36  0  0  0  0  16  5  0  0  0  739  0  0  0  0  0  11  0  17  4  37068  0  0  3862  2  0  0  0  0  0  0  0  0  75  0  0  0  0  0  860  0  0  0  0  1  0  0  0  0  0  0  0  4  0  0  4  4  0  
0  0  0  0  0  0  0  0  0  0  0  0  0  0  0  0  0  0  0  0  0  0  0  0  0  0  0  0  0  0  0  0  0  0  0  0  0  0  0  0  0  0  0  0  0  0  0  0  0  0  0  0  0  0  0  0  0  0  0  0  0  0  0  0  0  0  0  0  0  0  0  0  0  0  0  0  0  13014  0  0  0  0  1  0  0  27  0  5  0  0  17217  1848  0  0  0  0  3  2  633  103492  1  123  1262  2  0  0  10175  803  87  59123  0  0  7  9  0  0  3  1  7246  126  8  56404  32357  0  0  43  0  0  19424  6443  0  4  0  0  0  0  0  0  38  9  47898  1791  48  0  16  0  69482  20544  0  0  1  0  0  0  66  62  25  3062  386  7  
0  0  0  0  0  0  0  0  0  0  251  0  0  0  0  0  0  0  0  37  0  12  0  0  0  0  0  0  0  0  0  0  0  0  0  0  0  0  0  0  0  0  0  1  0  0  0  0  0  0  0  0  0  0  0  0  0  0  0  0  0  0  0  0  0  0  0  0  0  0  0  0  0  0  0  51924  0  0  0  0  0  0  0  0  26179  0  0  0  0  0  0  0  20847  29327  2949  64881  0  0  1  0  0  0  0  0  0  0  0  0  0  0  0  0  0  0  0  0  0  64089  0  0  0  0  0  0  43665  0  0  0  0  0  33050  155  68  4  870  0  0  0  7  0  0  0  0  0  0  0  1  0  0  0  0  0  0  0  0  0  0  0  0  0  
0  0  0  0  0  0  0  0  0  0  0  0  0  0  0  0  0  0  0  0  0  0  0  0  0  0  0  0  0  0  0  0  0  0  0  0  0  0  0  0  0  0  0  0  0  0  0  0  0  0  0  0  0  0  0  0  0  0  0  0  0  0  0  0  0  0  0  0  0  0  0  0  0  0  0  0  0  0  0  0  0  0  0  0  0  0  0  0  0  0  5  5  0  0  11  0  22231  2  2  0  0  0  0  0  0  0  0  14537  20747  0  26987  17997  0  0  0  0  0  0  0  0  2  2484  0  9631  0  0  0  0  0  0  0  0  0  0  3  0  0  0  0  0  0  0  0  0  0  3147  10802  0  0  0  0  0  0  0  36803  0  541  0  0  0  
0  0  0  0  0  0  0  0  0  0  36  0  0  0  0  0  0  0  0  15  0  0  0  0  0  0  0  0  0  0  0  0  0  0  0  0  0  0  0  0  0  0  0  0  0  0  0  0  0  0  0  0  0  0  0  0  0  0  0  0  0  0  0  0  0  0  0  0  0  0  0  0  0  0  0  2462  0  0  0  0  0  0  0  21843  59386  0  0  0  0  0  0  0  753  4867  14  122201  11466  0  1337  0  3  0  0  295  0  0  2  0  0  0  1  0  0  0  2  45209  0  0  2  5  0  1  0  0  8354  0  0  0  503  127  12505  7996  4205  75  3467  0  0  0  70607  4634  8  0  1  0  30  1  681  0  0  0  0  0  0  0  1  0  409  117  0  0  
0  0  17  0  0  0  0  0  0  0  0  0  0  0  0  0  0  0  0  0  0  0  0  0  0  0  0  0  0  0  0  0  0  0  0  0  0  0  0  0  0  0  0  0  0  0  0  0  0  0  0  0  0  0  0  0  0  0  0  0  0  0  0  0  0  0  0  0  0  0  0  0  0  0  0  0  40351  41474  0  23  813  5366  93  0  0  46  0  5  68  4617  6701  8417  0  0  0  0  0  0  12  9096  65  227587  163894  54  0  0  0  0  0  0  0  0  17  54  3596  0  0  0  0  24638  0  3161  37883  0  0  427  0  66  72  1519  0  4  0  0  0  0  0  0  183  11  110349  9442  31694  0  234  0  169  0  0  0  0  0  0  0  0  12225  0  1  8605  5  
0  0  87  0  0  0  0  143  1  0  0  0  0  0  0  82  0  0  0  0  0  0  0  0  0  0  0  0  0  2  0  0  0  0  0  0  0  0  0  0  0  0  0  0  0  44  0  0  0  0  0  0  0  0  0  0  0  0  0  0  0  0  0  0  0  0  0  0  0  0  2  0  0  0  0  0  58315  0  0  0  458  36670  18256  3  0  0  0  0  2  28544  4  0  0  1  0  0  0  0  12  0  40205  1399  3767  32220  0  0  0  0  0  0  0  0  0  0  15  0  0  2  18706  0  0  6  1  0  0  0  0  180  212  7035  0  29  0  0  0  0  0  0  3760  1  33207  1  13714  0  57687  0  1  0  0  0  0  0  0  0  0  0  0  0  0  0  
0  0  0  0  0  0  0  0  0  1  0  0  0  0  0  0  0  0  0  0  0  0  0  0  0  0  0  0  0  0  0  0  0  0  0  0  0  0  0  0  0  0  0  0  0  0  0  0  0  0  0  0  0  0  0  0  0  0  0  0  0  0  0  0  0  0  0  0  0  0  0  0  0  0  18527  0  0  0  451  470  1  0  0  0  0  4  14472  142  37  0  144  57086  0  0  0  0  9  55867  0  0  0  0  0  0  39  79  0  32  154  0  0  0  15059  23  0  0  20  0  0  0  0  144  19385  0  0  10808  4592  10  0  0  0  0  0  0  0  697  1273  11157  0  0  0  1  0  1  0  0  0  0  0  0  0  0  0  0  983  13134  0  547  106759  3237  
0  0  0  0  0  0  0  0  0  2  0  0  0  0  0  0  0  0  0  0  0  0  0  0  0  0  0  0  0  0  0  0  0  0  0  0  0  0  0  0  0  0  0  0  0  0  0  0  0  0  0  0  0  0  0  0  0  0  0  0  0  0  0  0  0  0  0  0  0  0  0  0  0  0  0  0  0  24  0  0  1  0  0  2  0  78  0  3  0  0  30190  2868  0  0  0  0  257  35  164  44  1  12  7  5  0  0  41198  20331  59015  354  48  3  1  0  19371  0  1049  0  1436  162  184  0  236  74  0  0  0  0  33  579  0  0  2  0  22  0  2  0  20  46  7359  22  6  0  12  28  73577  20890  0  0  0  0  0  0  13855  1144  11018  34714  522  103  
0  0  0  0  0  0  0  0  0  0  0  0  0  0  0  0  0  0  0  0  0  0  0  0  0  0  0  0  0  0  0  0  0  0  0  0  0  0  0  0  0  0  0  0  0  0  0  0  0  0  0  0  0  0  0  0  0  0  0  0  0  0  0  0  0  0  0  0  0  0  0  0  0  0  1305  0  0  57224  82  122  485  0  0  0  0  56265  24  6482  1003  0  22723  73938  0  0  0  0  54  66  4  1147  1  200  9616  2  0  0  41  187  433  3  0  0  22306  15572  19693  0  7  0  20583  57  20241  2558  0  0  0  69413  5427  1034  51  273  0  0  0  0  0  579  0  128  2  0  4405  67007  897  0  5  0  107  8  0  0  0  0  0  0  130  27666  1  103  16034  3  
0  0  0  0  0  0  0  0  0  0  0  0  0  0  0  0  0  0  0  0  0  0  0  0  0  0  0  0  0  0  0  0  0  0  0  0  0  0  0  0  0  0  0  0  0  0  0  0  0  0  0  0  0  0  0  0  0  0  0  0  0  0  0  0  0  0  0  0  0  0  0  0  0  0  0  0  0  0  0  0  0  0  0  0  0  0  0  0  0  0  0  0  0  0  21775  0  16193  0  3  0  0  0  0  0  0  0  0  6  4  0  75758  676  0  0  0  0  11430  0  0  0  0  39  0  0  0  0  0  0  0  0  0  0  17  5642  21695  0  0  0  0  0  0  0  0  0  0  5475  1720  0  0  0  0  0  0  0  3908  0  4691  0  0  0  
0  0  0  0  0  0  0  0  0  0  1  0  0  0  0  0  0  0  0  0  0  0  0  0  0  0  0  0  0  0  0  0  0  0  0  0  0  0  0  0  0  0  0  0  0  0  0  0  0  0  1  0  0  0  0  0  0  0  0  0  0  0  0  0  0  0  0  0  0  0  0  0  0  0  0  31809  0  0  0  0  0  0  0  0  2  0  0  0  0  0  0  0  1213  23  20177  40815  0  0  7  0  0  0  0  0  0  0  0  0  0  0  1  0  0  0  0  34187  0  4878  0  0  0  0  0  0  0  0  0  0  1  1  13147  34  1219  36  20638  0  0  0  56  0  0  0  0  0  0  1  35  0  0  0  0  0  0  0  0  0  0  0  0  0  
0  0  0  0  0  0  0  0  0  0  0  0  0  0  0  0  0  0  0  0  0  0  0  0  0  0  0  0  0  0  0  0  0  0  0  0  0  0  0  0  0  0  0  0  0  0  0  0  0  0  0  0  0  0  0  0  0  0  0  0  0  0  0  0  0  0  0  0  0  0  0  0  0  0  2565  0  0  3  124  595  8905  0  0  0  0  14714  27  114832  198406  0  1  8546  0  0  0  0  0  39  0  0  0  2  28406  0  0  0  0  0  0  0  0  0  19966  7686  0  0  0  0  236  0  3479  7  77142  0  0  0  79849  5489  0  0  0  0  0  0  0  17765  0  25  0  11  7  75760  798  0  0  0  0  0  0  0  0  0  0  0  0  46533  0  0  807  0  
0  0  0  0  0  0  0  0  0  0  0  0  0  0  0  0  0  0  0  0  0  0  0  0  0  0  0  0  0  0  0  0  0  0  0  0  0  0  0  0  0  0  0  0  0  0  0  0  0  0  0  0  0  0  0  0  0  0  0  0  0  0  0  0  0  0  0  0  0  0  0  0  0  0  22820  0  0  0  116487  33156  724  0  0  0  0  0  11  431  265152  2090  0  1350  0  0  0  0  0  36  0  0  0  0  143  0  0  0  0  0  0  0  0  0  3137  0  0  0  0  0  4  0  2159  0  3329  0  0  94161  0  30783  0  0  0  0  0  0  0  2625  0  6  0  9  0  7  56  0  0  0  0  0  0  0  0  0  0  0  0  13571  0  0  990  0  
0  0  0  0  0  0  0  0  0  0  0  0  0  0  0  0  0  0  0  0  0  0  0  0  0  0  0  0  0  0  0  0  0  0  0  0  0  0  0  0  0  0  0  0  0  0  0  0  0  0  0  0  0  0  0  0  0  0  0  0  0  0  0  0  0  0  0  0  0  0  0  0  0  0  23  0  0  0  1774  41452  95564  13390  0  0  0  0  0  0  156234  127961  2  77  0  0  0  0  0  0  0  0  0  1  5868  0  0  0  0  0  0  0  0  0  0  0  0  0  0  0  40  13  27  0  196  0  0  3904  35606  0  0  1  0  0  0  0  0  0  0  1  0  2  0  569  35589  0  0  0  0  0  0  0  0  0  0  0  0  1008  0  0  238  0  
0  0  0  0  0  0  0  0  0  0  0  0  0  0  0  0  0  0  0  0  0  0  0  0  0  0  0  0  0  0  0  0  0  0  0  0  0  0  0  0  0  0  0  0  0  0  0  0  0  0  0  0  0  0  0  0  0  0  0  0  0  0  0  0  0  0  0  0  0  0  0  0  0  0  0  3  0  1  0  0  0  1  0  0  0  0  0  0  0  0  26  21  7  10  0  3  0  0  49659  33398  75  4  14  15  0  0  14  0  0  5164  0  0  0  0  8531  0  0  1049  155  14  0  462  103  0  0  0  0  0  0  36792  29  294  10  2  3  0  0  0  7414  0  2219  19  2  0  13  0  19118  19  0  0  0  0  0  0  2  2  4  1  17  0  
0  0  0  0  0  0  0  0  0  0  0  0  0  0  0  0  0  0  0  0  0  0  0  0  0  0  0  0  0  0  0  0  0  0  0  0  0  0  0  0  0  0  0  0  0  0  0  0  0  0  0  0  0  0  0  0  0  0  0  0  0  0  0  0  0  0  0  0  0  0  0  0  0  0  0  1  6  3  0  1  33  238  1  0  5  0  0  0  1  1  140  15  3368  12904  0  1  0  0  91153  14777  130974  610  467  1865  0  0  55  0  0  0  0  0  0  0  2836  0  0  262  2569  8261  1  2036  54  0  0  3  0  7  31254  0  20  27908  3  3  2  0  0  0  34174  0  54206  22  477  0  3566  0  5812  1  0  0  0  0  0  0  3  6  14  11  21  1  
0  0  0  0  0  0  0  0  0  0  0  0  0  0  0  0  0  0  0  0  0  0  0  0  0  0  0  0  0  0  0  0  0  0  0  0  0  0  0  0  0  0  0  0  0  0  0  0  0  0  0  0  0  0  0  0  0  0  0  0  0  0  0  0  0  0  0  0  0  0  0  0  0  0  0  19157  0  0  0  0  0  0  0  0  38  0  0  0  0  0  0  0  129670  10453  285  2266  0  0  639  0  1  0  0  0  0  0  0  0  0  0  0  0  0  0  0  27758  0  16309  0  0  0  1  0  0  3077  0  0  0  58  69  0  6360  7571  393  5455  0  0  0  1583  0  0  0  0  0  0  0  11132  0  0  0  0  0  0  0  0  0  1  0  0  0  
0  0  0  0  0  0  0  0  0  0  0  0  0  0  0  0  0  0  0  0  0  0  0  0  0  0  0  0  0  0  0  0  0  0  0  0  0  0  0  0  0  0  0  0  0  0  0  0  0  0  0  0  0  0  0  0  0  0  0  0  0  0  0  0  0  0  0  0  0  0  0  0  0  0  0  75  0  0  0  0  0  0  0  0  8764  0  0  0  0  0  0  0  68425  75814  1  63  0  0  6732  0  444  0  0  34  0  0  0  0  0  0  1  0  0  0  3  159  0  20751  2  0  0  0  0  0  31  0  0  0  107  40842  8092  0  119  67  86  0  0  0  48812  0  2  0  0  0  8  0  6544  0  0  0  0  0  0  0  0  0  0  0  0  0  
0  0  0  0  0  0  0  0  0  0  0  0  0  0  0  0  0  0  0  0  0  0  0  0  0  0  0  0  0  0  0  0  0  0  0  0  0  0  0  0  0  0  0  0  0  0  0  0  0  0  0  0  0  0  0  0  0  0  0  0  0  0  0  0  0  0  0  0  0  0  0  0  0  0  0  23820  0  0  0  0  0  0  0  0  3  0  0  0  0  0  0  0  51884  0  95  306  0  0  628  0  1  0  0  0  0  0  0  0  0  0  23756  8659  0  0  2  3  0  4354  0  0  0  8  0  4  155  0  0  0  44  21  7025  544  0  19646  13274  0  0  0  397  0  0  0  0  0  0  22336  25004  0  0  0  0  0  0  0  0  0  8  0  0  0  
0  0  0  0  0  0  0  0  0  0  0  0  0  0  0  0  0  0  0  0  0  0  0  0  0  0  0  0  0  0  0  0  0  0  0  0  0  0  0  0  0  0  0  0  0  0  0  0  0  0  0  0  0  0  0  0  0  0  0  0  0  0  0  0  0  0  0  0  0  0  0  0  0  0  0  16886  0  0  0  0  0  0  0  0  0  0  0  0  0  0  0  0  116  0  46148  45  2  0  56  0  0  0  0  0  0  0  0  0  0  0  65952  104  0  0  0  0  3  168  0  0  0  3  0  6978  21  0  0  0  2  1  299  18  21772  0  36646  0  0  0  26  0  0  0  0  0  0  682  1172  0  0  0  0  0  0  0  0  0  76  0  0  0  
0  0  0  0  0  0  0  0  0  0  0  0  0  0  0  0  0  0  0  0  1  0  0  0  0  0  0  0  0  0  0  0  0  0  0  0  0  0  0  0  0  0  0  0  0  0  0  0  0  0  0  0  0  0  0  0  0  0  0  0  0  0  0  0  0  0  0  0  0  0  0  0  0  0  0  10197  0  0  0  0  0  0  0  0  1  0  0  0  0  0  0  0  680  14  83111  56441  63238  3  23  0  0  0  0  0  1  2  0  0  1  0  6611  70  0  0  0  1299  8  1924  0  0  0  17  0  19528  21555  0  0  0  1  1  6906  31  14057  31638  0  0  5  0  50  984  0  0  0  0  0  360  654  0  0  0  0  0  0  0  109  0  23628  253  0  1  
0  0  0  0  0  0  0  0  0  0  0  0  0  0  0  0  0  0  0  0  0  0  0  0  0  0  0  0  0  0  0  0  0  0  0  0  0  0  0  0  0  0  0  0  0  0  0  0  0  0  0  0  0  0  0  0  0  0  0  0  0  0  0  0  0  0  0  0  0  0  0  0  0  0  14108  0  0  0  1  8  0  0  0  0  0  1  19831  39762  24093  0  0  0  0  0  0  0  0  29439  0  0  0  0  0  0  0  0  0  0  0  0  0  0  17299  12  0  0  0  0  0  0  196  0  229  0  0  12443  662  0  0  0  0  0  0  0  0  0  0  315  0  0  0  1  0  0  0  0  0  0  0  0  0  0  0  0  0  30  0  0  34  0  
0  0  0  0  0  0  0  0  0  0  0  0  0  0  0  0  0  0  0  0  0  0  0  0  0  0  0  0  0  0  9  22  0  0  0  0  0  0  0  0  0  0  0  0  0  0  0  0  0  0  0  0  0  0  0  0  0  0  0  0  0  0  1  0  0  0  0  0  0  1  0  0  0  0  1523  0  0  0  5  4871  0  0  0  0  0  0  1  0  0  1163  0  2  0  0  0  0  14  120395  0  0  0  0  0  0  79538  43855  0  15  27  0  0  0  2  0  0  0  0  0  0  0  698  23  0  0  0  0  0  0  0  0  0  0  0  0  2  0  0  36880  0  0  0  0  0  31359  0  0  0  0  2  1  0  3  3  15  101  6566  340  3626  47266  6549  
0  0  0  0  0  0  0  0  0  0  0  0  0  0  0  0  0  0  0  0  0  0  0  0  0  0  0  0  0  0  0  0  0  0  0  0  0  0  0  0  0  0  0  0  0  0  0  0  0  0  0  0  0  0  0  0  0  0  0  0  0  0  0  0  0  0  0  0  0  0  0  0  0  0  38565  0  0  0  185  6117  1  0  0  0  0  0  8110  168  0  1106  0  4  0  0  0  0  0  156735  0  0  0  0  0  0  137  737  0  0  3  0  0  0  12227  1  0  0  0  0  0  0  8687  0  342  0  0  111  21  1  0  0  0  0  0  0  0  1216  25588  0  0  0  0  0  0  669  0  0  0  0  0  0  0  0  0  0  6  15036  0  0  6783  0  
0  0  0  0  0  0  0  0  0  0  38  0  0  0  0  0  0  0  0  2  0  3  0  0  0  0  0  0  0  18  0  0  0  0  0  0  0  0  0  0  0  0  0  1  0  0  0  0  0  0  0  0  0  0  0  0  0  0  0  0  0  0  0  0  0  1  0  0  0  0  0  0  0  0  0  100  0  0  0  0  5  27  8  13962  123969  0  0  0  0  1  0  0  148  66754  1  1256  0  0  3132  0  19115  63  61  79088  0  0  0  0  0  0  0  2  0  0  4  38  0  63643  383  704  0  8  0  0  60  0  0  0  5180  32962  2632  47911  167  43  282  0  0  0  0  26  805  0  84  0  4594  0  841  0  0  0  0  0  0  0  0  0  4  0  1  0  
0  0  0  0  0  1655  259  152  208  15226  1  0  0  0  0  62  0  0  0  0  0  0  0  0  0  0  0  0  0  5  0  29  0  0  0  0  0  0  0  0  0  0  0  1  0  0  0  0  0  0  0  0  0  0  0  0  0  0  0  0  0  0  0  0  0  11273  0  0  0  0  7  0  0  0  2  0  0  0  0  32037  42751  30933  73757  67671  0  0  0  0  9  8  35  21  0  0  0  4573  26348  0  0  0  0  0  105  5957  0  1377  6  0  2  0  0  0  0  0  12  0  0  6136  120  4  14  379  0  0  0  2  11  6  0  1  0  0  1  0  1486  0  0  0  521  0  1  1  665  0  2507  0  3  6  0  7  1  22  4  1  10  423  19812  2592  7  8  
0  0  0  0  0  0  0  0  0  0  0  0  0  0  0  0  0  0  0  0  0  0  0  0  0  0  0  0  0  0  0  0  0  0  0  0  0  0  0  0  0  0  0  0  0  0  0  0  0  0  0  0  0  0  0  0  0  0  0  0  0  0  0  0  0  0  0  0  0  0  0  0  0  0  0  0  15449  6526  0  0  44  656  45  0  0  12  0  0  0  291  8608  830  0  1  0  0  0  0  555  115842  38054  155217  1418  370  0  0  1  0  0  37  0  0  0  6  21849  0  0  1  125846  55514  0  8530  8029  0  0  23  0  11  2871  55726  0  19  0  0  0  1  0  0  1758  0  0  1379  607  0  667  0  5033  1  0  0  0  0  0  0  2  67  0  4  680  3  
0  0  0  0  0  0  0  0  0  0  0  0  0  0  0  0  0  0  0  0  0  0  0  0  0  0  0  0  0  0  0  0  0  0  0  0  0  0  0  0  0  0  0  0  0  0  0  0  0  0  0  0  0  0  0  0  0  0  0  0  0  0  0  0  0  0  0  0  0  0  0  0  0  0  1  0  0  50103  0  5  189  0  0  0  0  55198  0  82  23345  0  52  7625  0  0  0  0  0  0  1  188  0  82  110973  0  0  0  0  0  0  0  0  0  165  560  56  0  0  0  2972  6  6  143  71674  0  0  72808  87  1374  7  34  0  0  0  0  0  6  0  0  1  0  271  0  26015  0  0  0  9  0  0  0  0  0  0  0  0  12130  0  0  6860  0  
0  0  0  0  0  0  0  0  0  0  0  0  0  0  0  0  0  0  0  0  0  0  0  0  0  0  0  0  0  0  0  0  0  0  0  0  0  0  0  0  0  0  0  0  0  0  0  0  0  0  0  0  0  0  0  0  0  0  0  0  0  0  0  0  0  0  0  0  0  0  0  0  0  0  0  0  899  1  1  1277  25098  59012  18  0  0  0  0  0  28478  56451  54  2531  0  0  0  0  0  0  0  16  6  77  136131  9  0  0  0  0  0  0  0  0  0  1  11  0  0  0  31184  8733  0  17  481  0  0  424  9  38944  1  81  0  0  0  0  0  0  0  0  54  123  453  20968  0  0  60  0  1  0  0  0  0  0  0  0  0  11649  0  0  6889  0  
0  0  0  0  0  193  0  0  0  0  0  0  0  0  0  11  0  0  0  0  0  0  0  17  0  0  0  0  0  0  2204  7  0  0  0  0  0  0  0  0  0  0  0  0  0  0  0  0  0  0  0  0  0  0  0  0  0  0  0  0  0  0  2  0  0  0  0  0  0  1594  0  0  0  0  2851  0  0  0  1979  41574  0  0  0  0  0  0  0  0  0  14292  0  0  0  0  0  0  0  1718  0  0  0  0  0  0  46989  2217  0  0  0  0  0  0  0  0  0  0  0  0  0  0  1  0  0  0  0  0  0  0  0  0  0  0  0  0  0  0  35346  1334  0  0  0  0  0  0  0  0  0  0  0  0  0  1  0  0  0  4451  0  0  130  1  
0  0  100  0  0  0  0  32  10  8  10  0  0  0  0  10  0  0  0  0  0  1  0  0  0  0  0  0  0  295  0  0  0  0  0  0  0  0  0  0  0  0  0  0  1  9  0  0  0  0  0  0  0  0  0  0  0  0  0  0  0  0  0  0  0  6  0  0  0  0  101  0  0  0  0  0  3825  0  0  0  505  7156  37951  1763  4  0  0  0  0  13  2  0  0  5  0  2  0  0  5  0  4923  51  41  90266  0  0  0  0  0  0  0  0  0  0  5  0  0  1  277  51708  0  2  0  0  0  0  0  0  27  4651  0  1  0  0  0  0  0  0  2035  445  461  0  67  0  0  0  0  0  0  0  0  0  0  0  0  0  0  0  0  0  
0  0  0  0  0  0  0  0  0  0  0  0  0  0  0  0  0  0  0  0  0  0  0  0  0  0  0  0  0  0  0  0  0  0  0  0  0  0  0  0  0  0  0  0  0  0  0  0  0  0  0  0  0  0  0  0  0  0  0  0  0  0  0  0  0  0  0  0  0  0  0  0  0  0  0  0  0  0  0  0  0  0  0  0  0  0  0  0  0  0  0  0  12  0  1  0  3  0  360  0  0  0  0  0  0  0  0  0  0  0  106548  120621  0  0  0  0  1349  8  0  0  0  4  0  2002  0  0  0  0  1  1  1  1  26100  492  224  0  0  0  1  0  0  0  0  0  0  0  36327  0  0  0  0  0  0  0  61  0  62  0  0  0  
0  0  0  0  0  0  0  0  0  0  0  0  0  0  0  0  0  0  0  0  0  0  0  0  0  0  0  0  0  0  0  0  0  0  0  0  0  0  0  0  0  0  0  0  0  0  0  0  0  0  0  0  0  0  0  0  0  0  0  0  0  0  0  0  0  0  0  0  0  0  0  0  0  0  0  24  0  0  0  0  0  0  0  0  0  0  0  0  0  0  35  82  36467  0  0  10  13  0  261041  19138  0  1  24  0  0  0  3266  122506  14264  13099  16266  169927  0  2  43107  0  8836  822  430  0  0  73378  283  1022  3  5  0  0  19054  2327  8326  5116  24619  2052  835  0  0  0  1064  1  1348  63  4  0  0  42156  0  9439  0  0  0  0  0  0  933  8  12256  226  72  0  
0  0  0  0  0  0  0  0  0  0  0  0  0  0  0  0  0  0  0  0  0  0  0  0  0  0  0  0  0  0  0  0  0  0  0  0  0  0  0  0  0  0  0  0  0  0  0  0  0  0  0  0  0  0  0  0  0  0  0  0  0  0  0  0  0  0  0  0  0  0  0  0  0  0  0  0  0  57  0  0  0  0  0  0  0  89  0  0  0  0  20  4  0  0  0  0  17  0  33  53  0  0  2  0  0  0  38340  22395  4684  39681  0  0  0  0  10087  0  1  0  1  0  0  18356  2  1  0  0  0  0  39  1  0  0  0  0  0  0  0  0  0  4  0  0  0  0  0  0  18917  0  0  0  3  0  0  0  149  0  45  1936  0  0  
0  0  0  1  0  1  0  0  0  0  0  0  0  0  0  0  18752  2887  0  0  0  0  42229  116  0  13  0  0  0  0  0  836  0  21209  18331  10  7  2  0  0  44  0  26705  0  0  0  11  50733  1  599  0  0  0  0  0  0  0  0  1  0  9  0  2347  3  0  26  0  0  0  4  0  8  113  499  0  0  0  0  0  0  0  0  0  0  0  0  0  0  0  0  0  0  0  0  0  0  0  0  0  0  0  0  0  0  0  8  0  0  0  0  0  0  0  0  0  0  0  0  0  0  0  0  0  0  0  0  0  0  0  0  0  0  0  0  0  0  0  0  0  0  0  0  0  0  0  0  0  0  0  388  176921  53385  21851  1519  0  5  0  0  0  2  
7748  0  0  1  69  2336  24  50  6  0  0  46  4  356  1140  24  31  374  0  0  0  0  212  760  1  6  36  161  1785  0  91  6240  1  0  0  0  0  0  54  36  5  0  0  0  16172  49  229  25  3013  0  0  12982  833  43  0  249  0  0  0  0  0  922  712  10186  25  642  1505  11098  2683  6853  49  0  0  0  0  0  0  0  0  0  0  0  0  0  0  0  0  0  0  0  0  0  0  0  0  0  0  0  0  0  0  0  0  0  0  4  0  0  0  0  0  0  0  0  0  0  0  0  0  0  0  0  0  0  0  0  0  0  0  0  0  0  0  0  0  0  0  0  0  0  0  0  0  0  0  0  0  0  509  0  26  6068  162614  54618  0  4  0  0  0  2  
0  0  0  0  0  0  0  0  0  3322  0  0  0  0  0  0  90  39  1  0  4948  884  61327  2  0  62  0  0  0  1  0  319  6  362  98  40  22  644  0  0  110  0  352  5341  0  0  1  12424  1  17839  0  0  0  0  19  1  1  0  1911  4952  73130  0  117  0  25  117  0  0  0  1  0  856  1016  1168  0  0  0  0  0  0  0  0  0  0  0  0  0  0  0  0  0  0  0  0  0  0  0  0  0  0  0  0  0  0  0  0  0  0  0  0  0  0  0  0  0  0  0  0  0  0  0  5  0  0  0  0  0  0  0  0  0  0  0  0  0  0  0  0  0  3  0  0  0  0  0  0  0  4  80635  8  0  36817  408  56  0  0  0  5  0  0  
0  0  0  5  0  1  0  0  0  9177  0  0  0  0  0  0  1541  1261  0  0  1  28  3625  0  1  43  0  4  0  1  1  971  101  6  65  12  0  0  0  0  333  0  5  52  1  0  0  16585  1  0  0  0  0  0  11  1  0  0  0  0  30  0  469  0  2  75  4  0  0  33  0  0  323  3491  0  1  0  0  0  0  0  0  0  0  0  0  0  0  0  0  0  0  0  0  0  0  1  0  0  0  0  0  0  0  0  22  0  0  0  0  0  0  0  0  0  0  0  0  0  0  0  15  0  0  0  0  0  0  0  0  0  0  0  0  1  0  0  0  0  46  0  0  0  0  0  0  2  7  15804  33338  34939  0  29122  63621  1  35  0  345  5  15  
3051  0  0  1  16  215  1  4  0  22  0  23  13  113  26  6  55005  68509  0  0  0  0  970  546  0  13  72  210  389  1  352  12013  18  39  665  8  0  0  22  13  308  0  58  0  10011  97  26974  107471  33697  0  0  3552  380  2  2  456  0  0  1  0  0  418  47480  2105  89  10  2778  5146  244  1622  60  0  67  150  0  0  0  0  0  0  0  0  0  0  0  0  0  0  0  0  0  0  0  0  0  0  0  0  0  0  0  0  0  0  0  1  0  0  0  0  0  0  0  0  0  0  0  0  0  0  0  0  0  0  0  0  0  0  0  0  0  0  0  0  0  0  0  0  0  1  0  0  0  0  0  0  0  0  6392  143281  164  23679  0  142102  0  3  0  0  0  3  
1  0  0  0  0  4  0  0  0  0  0  0  0  0  1  0  610  1604  0  0  0  0  2284  3  0  0  0  0  14  0  5  16819  0  0  12  0  0  0  0  0  0  0  0  0  227  1  1  9907  1  0  0  0  0  0  0  1  0  0  0  0  0  0  4422  31  0  97  8  2  5  3833  0  0  0  3  0  0  0  0  0  0  0  0  0  0  0  0  0  0  0  0  0  0  0  0  0  0  0  1  0  0  0  0  0  0  0  58  0  0  0  0  0  0  0  0  0  0  0  0  0  0  0  0  0  0  0  0  0  0  0  0  0  0  0  0  0  0  1  0  0  0  0  0  0  0  0  0  0  0  1184  159472  144  74419  436842  0  1  76  1  0  5  37  
0  0  0  0  0  0  0  0  0  0  0  0  0  0  0  0  0  0  0  0  0  0  0  0  0  0  0  0  0  0  0  2  0  0  0  0  0  0  0  0  0  0  0  0  0  0  0  0  0  0  0  0  0  0  0  0  0  0  0  0  0  0  1  0  0  1  0  0  0  0  0  0  0  0  0  0  0  0  0  0  0  0  0  0  0  4  5  1  0  0  7440  1770  0  0  16  0  20552  1240  2  0  0  0  0  0  112  82  1  144  30112  1  625  12  7  3  8  0  50113  0  0  0  2578  37623  23  4500  0  0  0  0  0  0  0  0  1  0  48  0  311  0  0  1  0  0  0  0  0  302  505  45  0  1  0  0  1  13  0  1416  87420  28728  81  304  
0  0  0  0  0  2  0  0  0  1  0  0  0  0  0  0  2  11  0  0  0  0  4  0  0  0  0  0  0  0  0  66  0  0  0  0  0  0  0  0  0  0  0  0  0  0  0  0  0  0  0  0  0  0  0  0  0  0  0  0  0  0  14  0  0  165  0  0  0  3  0  0  0  0  8363  0  0  0  244  14663  3713  1  0  0  0  0  1  1  1036  12  4919  22736  0  0  0  0  1  1146  0  0  0  1  1686  0  269  10543  0  0  1  0  0  0  7  0  5  0  2  0  11732  2  9202  2286  12579  0  0  21005  4371  1342  0  9  0  0  0  0  0  12  1674  2426  0  72  109  5534  11418  1139  1  0  0  0  14  12  2  19  14  167  232  0  5  13725  107546  44434  
0  0  0  0  0  0  0  0  0  0  0  0  0  0  0  0  0  0  0  0  0  0  0  0  0  0  0  0  0  0  0  0  0  0  0  0  0  0  0  0  0  0  0  0  0  0  0  0  0  0  0  0  0  0  0  0  0  0  0  0  0  0  0  0  0  0  0  0  0  0  0  0  0  0  0  0  0  0  0  0  0  0  0  0  0  0  0  0  0  0  276  0  0  0  213  1370  198689  173  64  0  0  0  0  0  203  64  10  21  425  2  1674  64  0  0  11  0  267  163  0  0  2  9533  0  4873  1  0  0  0  5  3  0  0  57  77  32540  0  572  0  1  30833  0  0  0  0  0  354  5741  87  0  0  0  1  0  2  60444  11  0  7927  13  193  
0  0  0  0  0  0  0  0  0  2289  0  0  0  0  0  0  0  5  0  0  0  0  5  0  0  0  0  0  0  0  0  14  0  0  0  0  0  0  0  0  0  0  0  0  0  0  0  0  0  0  0  0  0  0  0  0  0  0  0  0  0  0  5  0  0  55  0  0  0  4  0  0  0  0  0  0  0  0  0  0  0  0  0  90  0  2  3  2  0  0  1730  1578  0  0  2  22  822  614  7  1  0  0  0  0  679  1151  345  51  677  15  0  0  4  0  293  0  94  18  0  0  732  31341  3  0  0  0  0  0  3  3  0  0  0  0  79  0  1679  0  0  3105  0  0  0  0  0  0  441  2833  4  2  7  404  8  51  21748  54496  8818  0  98  41328  
0  0  0  0  0  0  0  0  0  0  0  0  0  0  0  0  0  1  0  0  0  0  1  0  0  0  0  0  0  0  1  3  0  0  0  0  0  0  0  0  0  0  0  0  0  0  0  0  0  0  0  0  0  0  0  0  0  0  0  0  0  0  2  0  0  0  0  0  0  0  0  0  0  0  12938  0  0  0  222  1127  40  0  0  0  0  2  4  0  86  0  6404  126786  0  0  0  0  38  64152  0  1  0  3  2732  0  3307  7938  0  12  82  0  0  0  22  0  13  0  2  0  3137  4  103677  1219  25093  0  0  205  60  140  1  17  0  0  0  0  0  11  50769  3170  0  1  75  4571  6012  96  2  0  1  0  0  1  0  1  2  12  233  203070  15  332  0  155884  
0  0  0  0  0  0  0  0  0  0  0  0  0  0  0  0  1  11  0  0  0  0  3  0  0  0  0  0  0  0  0  17  0  0  0  0  0  0  0  0  0  0  0  0  0  0  0  0  0  0  0  0  0  0  0  0  0  0  0  0  0  0  7  0  0  5  0  0  0  2  0  0  0  0  0  0  0  0  0  0  0  0  0  0  0  0  0  1  0  0  2847  28053  0  0  0  0  6  21528  0  0  0  0  0  0  4211  6124  0  4  126  0  0  0  0  0  4  0  26  0  4  0  5505  117  1  0  0  0  0  0  0  0  0  0  0  0  0  0  7099  0  0  0  3  1  0  0  0  0  0  0  13  2  0  11  18  168  2835  205587  692  68244  229342  0  
