0  0  0  0  28736  7342  0  0  0  0  0  1  0  114  10046  446  0  0  0  0  0  0  0  55322  0  0  0  0  0  0  38440  48  0  0  0  0  0  0  71  2  0  0  0  0  0  0  694  2  797  0  0  39853  24069  7  0  2  0  0  0  0  0  16442  1816  8439  0  114  0  15  1  31131  0  0  0  0  2  0  0  0  0  9  0  0  0  0  0  0  0  0  0  55  0  0  0  0  0  0  0  184  0  0  0  0  0  0  339  0  0  0  0  0  0  0  0  0  0  0  0  0  0  0  0  0  0  0  0  0  0  0  0  0  0  0  0  0  0  0  0  0  0  0  0  0  0  105  0  0  0  0  0  176  0  1  23495  5046  0  0  0  0  0  0  
0  0  0  0  0  0  0  0  0  0  0  0  0  0  0  0  0  0  48124  0  58575  19184  0  0  0  0  0  1  0  0  0  0  0  0  0  0  1888  198  0  0  1  37137  0  535  0  0  0  0  1  0  44998  0  0  0  0  4  11408  57  29249  5571  1516  0  0  0  3  0  0  0  0  0  0  1165  42  0  0  0  0  0  0  0  0  0  0  0  0  0  0  0  0  0  0  0  0  0  1  0  0  0  0  0  0  0  0  0  0  0  0  0  0  0  0  0  0  0  0  0  0  0  0  0  0  0  0  0  0  0  0  0  0  0  0  0  0  0  0  0  0  0  0  0  0  0  0  0  0  0  0  0  0  0  2  0  0  0  0  0  0  0  0  0  
0  0  0  0  0  0  0  377  41  0  0  0  0  0  0  68385  0  0  0  0  0  0  0  0  0  0  6941  11628  24495  5098  0  0  0  0  0  0  0  0  0  0  0  0  0  0  40548  29833  0  0  0  0  0  0  0  0  0  0  0  0  0  0  0  0  0  0  0  0  15058  0  6024  0  214  0  0  0  0  0  2629  0  0  0  0  24  115  0  0  0  0  0  0  162  0  0  0  0  0  0  0  0  0  0  0  2  0  16  0  0  0  0  0  0  0  0  0  0  0  0  0  0  22  231  0  0  0  0  0  0  0  0  0  0  0  0  0  0  0  0  0  0  0  0  0  0  0  0  0  0  0  0  0  0  0  0  0  0  0  0  0  0  0  0  
0  0  0  0  0  1  0  0  25  13  0  28487  0  10  7  0  495  48  0  0  0  0  0  0  1  54999  3  25665  32861  30  0  0  1847  105  0  169  0  0  0  0  6459  0  0  5  15374  0  0  418  57800  0  4  410  1  4  10  89  2  1  1  1  12  0  0  0  42  108  9553  34350  13  0  6  0  121  204  0  0  0  0  0  0  0  0  0  0  0  0  0  0  0  0  0  0  0  0  0  0  0  0  0  0  0  0  0  0  0  0  0  0  0  0  0  0  0  0  0  0  0  0  0  0  0  0  0  0  0  0  0  0  0  0  0  0  0  0  0  0  0  0  0  0  0  0  0  0  0  0  0  0  16  86  110  29  306  11  0  0  0  0  0  0  
30531  0  0  0  0  12371  2  0  0  0  0  2  0  0  41  54508  0  0  0  0  0  0  0  32  0  0  0  0  0  0  19799  33  0  0  0  0  0  0  0  0  0  0  0  0  0  0  2  0  78  0  0  129  36381  12  0  0  0  0  0  0  0  0  1  27  0  620  0  1  0  7035  0  0  0  0  0  0  0  0  2  43  0  0  0  0  0  0  0  0  0  30  0  0  0  0  0  0  0  0  0  0  0  0  0  0  0  0  0  0  0  0  0  0  0  0  0  0  0  0  0  0  0  0  0  0  0  0  0  0  0  0  0  0  0  0  0  0  0  0  0  1  0  0  0  0  0  0  0  0  0  46  0  1  5174  1341  0  0  0  0  0  0  
15288  0  0  0  39834  0  41050  38  2  0  0  6  0  0  1246  92913  0  1  0  0  0  0  0  12  0  0  0  2  5  0  890  13890  0  0  0  0  0  0  11  0  1  0  0  0  10  2  4  0  512  0  0  4919  60539  36922  0  7  0  0  0  0  0  6  2  182  0  78590  5  318  182  48661  0  0  0  0  2  0  0  0  2  3701  1169  7  0  0  0  0  0  0  0  967  0  0  0  0  0  0  1  0  0  0  0  0  0  0  163  52  0  0  0  0  0  0  0  0  0  0  0  0  0  0  0  0  0  0  0  0  0  0  0  0  0  0  0  0  0  0  0  0  0  6590  0  0  0  46  0  0  0  0  0  1168  0  47  8100  6474  0  8  0  0  0  0  
3  0  0  0  2  46682  0  22899  2  0  0  3  0  0  291  67548  0  0  0  0  0  0  0  0  0  0  0  1  3  1  0  0  0  0  0  1  0  0  0  0  0  0  0  0  10  2  0  0  40  0  0  802  2403  27670  0  14  0  0  0  0  0  0  0  0  1  46040  5  202  323  0  1  0  0  0  0  0  1  0  0  68  3710  1654  0  0  0  0  0  0  0  289  0  0  0  0  0  0  0  0  0  0  0  0  0  0  0  0  0  0  0  0  0  0  0  0  0  0  0  0  2  0  0  0  0  0  0  0  0  0  0  0  0  0  0  0  0  0  0  0  0  6297  0  0  0  0  0  0  0  0  0  168  0  0  353  2  0  1  0  0  0  0  
0  0  183  0  0  1081  25750  0  8986  0  0  0  0  0  19  42751  0  0  0  0  0  0  0  0  0  0  3  217  5950  0  0  0  0  0  0  0  0  0  0  0  0  0  0  0  35230  26131  0  0  13  0  0  87  48  1706  0  105  0  0  0  0  0  0  0  0  2  30217  686  115  47756  0  28  0  0  0  0  0  4  0  0  7  381  4248  453  1  0  0  0  0  0  195  0  0  0  0  0  0  0  0  0  0  0  0  0  0  0  0  0  0  0  0  0  0  0  0  0  0  0  0  0  83  0  0  0  0  0  0  0  0  0  0  0  0  0  0  0  0  0  0  0  6652  0  0  0  0  0  0  0  0  0  290  0  0  107  3  0  1  0  0  0  1  
0  0  14  0  0  1  3  8212  0  3223  0  0  0  0  0  14  2  1  0  0  2  9  0  0  19  8  180  300  272  11769  0  0  0  0  0  32  0  0  0  0  103  0  0  85  730  12051  0  14  7  0  1  0  0  1  29  2382  0  2  0  0  20  0  0  0  4931  35604  1257  4  14  0  34914  0  53  1  0  0  0  0  0  0  0  2  5023  113  85  0  0  0  0  0  0  0  0  0  0  11  0  0  0  0  0  0  0  18  0  0  0  0  0  0  0  0  0  0  0  0  0  0  0  36  0  0  0  0  0  0  0  0  0  0  0  0  0  0  0  0  0  0  0  4096  0  0  0  0  108  0  0  0  5  398  51  5  135  46  0  0  1  0  0  0  
0  0  0  2  0  1  1  0  3619  0  2  0  0  0  0  0  1  0  1  0  1  378  4890  0  18  18  45  15  1  13389  0  0  2  0  0  128  0  0  0  0  322  0  0  23082  102  1  0  110  44  0  4  2  0  1  21  821  0  0  0  0  25  0  0  0  120  63185  393  31  1  0  31  0  103  1  0  0  0  0  0  0  0  0  212  389  3  0  0  0  0  0  0  1  0  0  0  60  0  0  0  0  0  0  0  0  0  0  0  0  0  5  0  0  0  0  11  0  0  0  0  0  0  3  1  0  0  0  0  0  1  0  0  0  0  0  0  0  0  0  0  2964  0  1  0  0  4  0  4  0  11  328  3149  528  3262  1586  0  0  3398  66  106  0  
0  0  0  0  0  0  0  0  2  1  0  0  0  0  0  0  0  0  26  82473  0  9688  1  0  0  0  86  0  0  12299  0  0  0  0  0  0  0  0  0  0  0  8283  0  108020  0  0  0  0  0  0  8  0  0  0  0  0  41  5138  0  0  41  0  0  0  50674  0  0  0  0  0  3  0  2  0  0  0  0  0  0  0  0  0  0  1  9951  0  0  0  0  0  0  0  0  731  0  1075  0  0  0  0  0  0  0  306  0  0  0  0  0  0  0  0  0  0  0  1  0  44  0  0  0  0  0  0  0  0  0  0  0  0  0  0  0  0  0  0  0  0  0  0  0  0  0  0  2  0  0  0  0  0  0  0  0  0  0  0  0  0  0  0  
1  0  0  38964  1  16  2  0  1  0  0  0  92  34362  3872  1  129  2638  0  0  0  0  0  728  0  887  0  195  398  1  0  0  358  939  58  7  0  0  268  10978  251  0  0  2  205  0  139  67  48255  0  0  26733  127  12  0  2  0  0  1  0  0  3  0  0  4  14  348  72772  1  0  1  0  78  5  0  0  0  0  0  0  0  0  0  0  0  0  0  0  0  0  0  0  0  0  0  0  0  0  0  0  0  0  0  0  0  0  0  0  0  0  0  0  0  0  0  0  0  0  0  0  0  0  0  0  0  0  0  0  0  0  0  0  0  0  0  0  0  0  0  0  0  0  0  0  0  0  0  0  2  38  55  3  252  1  0  0  0  0  0  0  
1  0  0  0  0  0  0  0  0  0  0  422  0  9037  0  0  1  342  0  0  0  0  0  53096  0  0  0  0  0  0  0  0  0  2  3  0  0  0  22673  2  0  0  1  0  0  0  7751  0  20  0  0  62  0  0  0  0  0  0  0  0  0  7962  0  438  0  0  0  0  0  0  0  0  0  0  0  0  0  0  0  0  0  0  0  0  0  0  0  0  0  0  0  0  0  0  0  0  0  0  0  0  0  0  0  0  0  0  0  0  0  0  0  0  0  0  0  0  0  0  0  0  0  0  0  0  0  0  0  0  0  0  0  0  0  0  0  0  0  0  0  0  0  0  0  0  0  0  0  0  0  0  0  0  1  0  0  0  0  0  0  0  
40  0  0  13  0  10  1  0  0  0  0  36757  12113  0  5655  1  1  93  0  0  0  0  0  1496  0  0  0  0  2  0  0  0  0  2  2  0  0  0  34827  30816  0  0  0  0  0  0  67  1  8232  0  0  39161  40  6  0  0  0  0  0  0  0  22352  58  1006  0  1  0  15  1  1  0  0  0  0  0  0  0  0  0  0  0  0  0  0  0  0  0  0  0  0  0  0  0  0  0  0  0  0  0  0  0  0  0  0  0  0  0  0  0  0  0  0  0  0  0  0  0  0  0  0  0  0  0  0  0  0  0  0  0  0  0  0  0  0  0  0  0  0  0  0  0  0  0  0  0  0  0  0  0  5  1  0  101  0  0  0  0  0  0  0  
10659  0  0  68  3  1124  401  5  0  0  0  8451  0  5549  0  384  0  1  0  0  0  0  0  14885  0  0  0  3  13222  0  0  1  0  0  0  0  0  0  2  2  0  0  0  0  44  0  1  0  1306  0  0  170657  173337  123073  0  8  0  0  0  0  0  11897  0  2  0  1567  4  34917  7024  0  0  0  0  0  0  0  0  0  0  0  0  0  0  0  0  0  0  0  0  0  0  0  0  0  0  0  0  0  0  0  0  0  0  0  0  0  0  0  0  0  0  0  0  0  0  0  0  0  0  0  0  0  0  0  0  0  0  0  0  0  0  0  0  0  0  0  0  0  0  5  0  0  0  0  0  0  0  0  0  490  0  0  2367  1  0  0  0  0  0  0  
1105  0  56630  0  69020  85419  57942  45866  5  0  0  0  0  0  633  0  0  0  0  0  0  0  0  0  0  0  0  0  3335  0  4430  3  0  0  0  0  0  0  2  0  0  0  0  0  19493  3134  0  0  11  0  0  89  55289  119498  0  1  0  0  0  0  0  0  1  7  0  1125  23  32  54215  10816  0  0  0  0  0  0  478  0  5  456  2899  1769  14  0  0  0  0  0  0  6642  0  0  0  0  0  0  0  0  0  0  0  0  0  0  0  0  0  0  0  0  0  0  0  0  0  0  0  0  0  59  0  0  0  0  0  0  0  0  0  0  0  0  0  0  0  0  0  0  0  2  0  0  0  0  0  0  0  0  0  27  0  0  175  41  0  0  0  0  0  0  
0  0  0  670  0  2  0  0  8  0  0  296  2  0  2  0  0  50784  0  0  2  1  10808  520  3  69  2  43  43  1  0  0  1085  271  14584  55  0  0  0  0  5697  0  796  2  575  1  175  47478  18581  4  0  11  0  6  0  105  1  0  2  1  9  0  2290  0  0  46  1193  4  29  0  6  0  203  2  0  0  0  0  0  0  0  0  0  0  0  0  0  0  0  0  0  0  0  0  0  0  0  0  0  0  0  0  0  0  0  0  0  0  0  0  0  0  0  0  0  0  0  0  0  0  0  0  0  0  0  0  0  0  0  0  0  0  0  0  0  0  0  0  0  0  0  0  0  0  0  0  0  0  5190  1134  303  140  93549  48  0  0  0  0  0  0  
0  0  0  283  1  0  0  0  3  1  0  2979  205  179  0  0  35061  0  0  0  1  0  12455  2788  1  0  0  4  19  1  0  0  88  251  1417  4  0  0  580  25  22  0  43  0  69  1  29950  1868  40947  0  0  3  7  5  0  26  1  0  0  0  1  0  10017  0  0  6  97  27  21  0  3  0  40  0  0  0  0  0  0  0  0  0  0  0  0  0  0  0  0  0  0  0  0  0  0  0  0  0  0  0  0  0  0  0  0  0  0  0  0  0  0  0  0  0  0  0  0  0  0  0  0  0  0  0  0  0  0  0  0  0  0  0  0  0  0  0  0  0  0  0  0  0  0  0  0  0  0  0  6830  143  59  190  104641  15  0  0  0  0  0  0  
0  49039  0  0  0  0  0  0  1  0  49  0  0  0  0  0  0  0  0  3014  49  259  3  0  17398  5  40  0  0  1  0  0  0  0  0  3  2  8785  0  0  28  27142  0  665  1  0  0  1  1  0  1205  0  0  0  11  114  86530  55647  27272  2  905  0  0  0  36  1  1  0  0  0  0  9  40020  0  0  0  0  0  0  0  0  0  0  0  0  0  0  0  0  0  0  0  0  0  0  0  0  0  0  0  0  0  0  0  0  0  0  0  0  0  0  0  0  0  0  0  0  0  0  0  0  0  0  0  0  0  0  0  0  0  0  0  0  0  0  0  0  0  0  0  0  0  0  0  0  0  0  0  0  0  1  0  0  0  0  0  0  0  0  0  
0  0  0  0  0  0  0  0  1  0  83971  0  0  0  0  0  0  0  2384  0  0  47  0  0  145  0  8961  0  0  611  0  0  0  0  0  0  0  0  0  0  0  6265  0  11208  0  0  0  0  0  0  24  0  0  0  0  9840  51  38285  0  0  38  0  0  0  15220  0  0  0  0  0  0  0  0  0  0  0  0  0  0  0  0  0  0  0  873  0  0  0  0  0  0  0  0  60  0  10  0  0  0  0  0  0  0  2  0  0  0  0  0  0  0  0  0  0  0  3  0  1  0  0  0  0  0  0  0  0  0  0  0  0  0  0  0  0  0  0  0  0  0  0  0  0  0  0  0  0  0  0  0  0  0  0  0  0  0  0  0  0  0  0  
0  57899  0  0  0  0  0  0  0  0  0  0  0  0  0  0  0  1  103  0  0  2639  745  0  7  2  0  0  0  2  0  2  0  77  131  1  2625  52  0  0  9  4  48  205  0  0  0  7  1  18930  16367  0  0  0  0  2  1174  35  6690  72217  96975  0  3  0  3  0  0  0  0  0  0  26  640  1  0  0  0  0  0  0  0  0  0  0  0  0  0  0  0  0  0  0  0  0  1  1  0  0  0  0  0  0  0  0  0  0  0  0  0  0  0  0  0  0  0  0  0  0  0  0  0  0  0  0  0  0  0  0  0  0  0  0  0  0  0  0  0  0  0  0  0  0  0  0  0  0  0  0  0  0  47  64  1  0  0  0  0  0  0  0  
0  17443  0  0  0  0  0  0  8  1033  7297  0  0  0  0  0  0  0  215  62  2649  0  15657  0  2  3  0  0  0  2084  0  1  0  0  0  4  0  6  0  0  33  29335  0  138052  2  0  0  2  4  0  60946  0  0  0  1  13  1521  1568  426  3  96192  0  1  0  235  18  1  0  0  0  0  2  270  0  0  0  0  0  0  0  0  0  3  12  2366  0  0  0  0  0  0  0  0  0  2  604  1  0  0  0  0  0  0  3  0  0  0  0  0  0  0  0  0  0  0  1  0  5  0  0  0  0  0  0  0  0  0  0  0  0  0  0  0  0  2  0  0  0  0  2  0  0  0  0  0  0  0  0  0  0  408  97  2  0  0  0  3  0  0  0  
0  0  0  0  0  0  0  0  1  3251  1  0  1  0  0  0  10374  24089  4  2  897  7545  0  21  1  1  3  0  0  28  0  26  0  0  18778  0  341  1  0  0  9  0  42774  20101  4  0  14  1679  2  19783  17  1  0  0  1  25  22  56  4  0  42718  0  8483  0  23  5  6  2  0  0  1  0  34  0  0  0  0  0  0  0  0  0  0  0  0  0  0  0  0  0  0  0  0  0  0  1  3  0  0  0  0  0  0  0  0  0  0  0  0  0  0  0  0  0  0  0  0  0  0  0  0  0  0  0  0  0  0  0  0  0  0  0  0  0  0  0  0  0  0  0  0  0  0  0  0  0  0  0  51035  240  86204  1539  1521  10  1  0  7  8  0  0  
71415  0  0  0  7  26  0  0  0  0  0  491  59637  2798  16653  0  289  3339  0  0  0  0  4  0  0  0  0  0  0  0  22318  24  1  9  29  0  0  0  7469  38  0  0  17  0  0  0  45115  8  170  0  0  2432  5  0  0  0  0  0  0  0  0  69009  84828  119976  0  0  0  1  0  13480  0  0  0  0  0  0  0  0  0  2  0  0  0  0  0  0  0  0  0  14  0  0  0  0  0  0  0  34  0  0  0  0  0  0  527  0  0  0  0  0  0  0  0  0  0  0  0  0  0  0  0  0  0  0  0  0  0  0  0  0  0  0  0  0  0  0  2  0  0  0  0  0  0  28  0  0  0  0  57  2  0  2  21148  97  0  0  1  0  0  1  
0  0  0  0  0  0  0  0  15  5  1  0  0  0  0  0  0  0  19419  26  3  3  1  0  0  24304  21796  0  0  24  0  0  1  5  0  109  0  24  0  0  308  0  0  607  16  1  0  11  17  0  46  0  0  0  36053  74856  34  4886  5  0  79  0  0  0  1491  9  31  6  0  0  5  0  114445  0  0  0  0  0  0  0  0  0  0  0  0  0  0  0  0  0  0  0  0  0  0  0  0  0  0  0  0  0  0  0  0  0  0  0  0  0  0  0  0  0  0  0  0  0  0  0  0  0  0  0  0  0  0  0  0  0  0  0  0  0  0  0  0  0  0  0  0  0  0  0  0  0  0  0  1  5  16  7  16  2  0  0  0  0  0  0  
0  0  0  51085  0  0  1  0  136  43  0  80  0  0  2  0  27  1  0  0  3  1  0  0  20681  0  36  3183  9  124  0  0  1639  16311  1  50865  0  1  2  0  62742  0  0  57  192  0  0  366  7220  0  10  53  3  5  55755  26636  4  9  2  5  18  0  0  0  214  288  95664  441  5  0  30  0  7249  434  0  0  0  0  0  0  0  0  0  0  0  0  0  0  0  0  0  0  0  0  0  0  0  0  0  0  0  0  0  0  0  0  0  0  0  0  0  0  0  0  0  0  0  0  0  0  0  0  0  0  0  0  0  0  0  0  0  0  0  0  0  0  0  0  0  1  0  0  0  0  0  0  0  0  29  88  310  58  642  77  0  0  0  0  0  0  
0  0  6708  0  0  0  0  0  123  17  247  0  0  0  0  0  0  0  17  8135  0  0  0  0  22914  6  0  9  1  106125  0  0  0  0  0  6  0  0  0  0  23  0  0  17  2  14994  0  4  2  0  12  0  0  0  79  164014  1  67  1  0  1  0  0  0  18134  583  46548  0  0  0  13161  0  467  1  0  0  0  0  0  0  0  0  0  0  4  0  0  0  0  0  0  0  0  22  0  0  0  0  0  0  3  0  0  256  0  0  0  0  0  0  0  0  0  0  0  0  0  0  0  0  0  0  0  0  0  0  0  0  0  0  0  0  0  0  0  0  0  0  0  0  0  0  0  0  17  0  0  0  0  36  6  2  2  3  0  0  0  0  0  0  
0  0  10787  41585  0  0  0  324  112  5  0  12  0  0  1  1  0  3  0  0  0  0  0  0  0  3193  5  0  23745  1  0  0  1  0  0  0  0  0  3  0  147  0  0  0  143569  6994  0  37  1117  0  0  20  2  0  0  113  0  0  0  0  0  0  0  0  2  1179  136371  236  83  0  5  0  0  1  0  0  2  0  0  0  0  0  0  0  0  0  0  0  0  0  0  0  0  0  0  0  0  0  0  0  0  0  0  0  0  0  0  0  0  0  0  0  0  0  0  0  0  0  0  0  0  0  0  0  0  0  0  0  0  0  0  0  0  0  0  0  0  0  0  0  0  0  0  0  0  0  0  0  0  698  1  10  533  85  0  0  0  0  0  0  
0  0  28573  36068  0  42  16  5402  8  0  0  107  0  1  15935  4219  0  0  0  0  0  0  0  0  0  10  7  19390  0  2  0  0  0  0  0  0  0  0  0  0  0  0  0  0  137579  187  0  0  209  0  0  7480  38  2033  0  438  0  0  0  0  0  0  0  0  3  312  115  67736  88837  0  5  0  1  0  0  0  21  0  0  0  0  0  0  0  0  0  0  0  0  0  0  0  0  0  0  0  0  0  0  0  0  0  0  0  0  0  0  0  0  0  0  0  0  0  0  0  0  0  0  0  0  0  0  0  0  0  0  0  0  0  0  0  0  0  0  0  0  0  0  22  0  0  0  0  0  0  0  0  0  2613  1  0  32  4  0  0  0  0  0  0  
0  0  6574  0  0  0  0  0  9528  12157  11629  0  0  0  0  0  0  0  0  2057  3  1859  5  0  21  24  111263  9  1  0  0  0  1  1  0  56  0  0  0  0  155  0  1  9453  25  21156  0  36  8  0  0  0  0  0  39  15006  3  8  1  0  35  0  0  0  56588  1167  319  6  1  0  73882  0  54  0  0  0  0  0  0  0  0  0  79  79  2315  0  0  0  0  0  0  0  0  60  0  105  0  0  0  0  1  0  0  3748  0  0  0  0  0  0  0  0  0  0  0  0  0  0  0  1  0  0  0  0  0  0  0  0  0  0  0  0  0  0  0  0  0  0  6  149  0  0  0  0  1204  0  0  0  7  21  226  25  56  25  0  0  4  0  0  0  
33395  0  0  0  22838  779  0  0  0  0  0  0  0  0  0  4357  0  0  0  0  0  0  0  20195  0  0  0  0  0  0  0  15576  0  0  0  0  0  0  0  0  0  0  0  0  0  0  14  0  1  0  0  6  0  0  0  0  0  0  0  0  0  5  83094  545  0  3  0  0  0  54954  0  0  0  0  2  0  0  0  3  198  0  0  0  0  0  0  0  0  0  427  0  0  0  0  0  0  0  202  0  0  0  0  0  0  6606  54  0  0  0  0  0  0  0  0  0  0  0  0  0  0  0  0  0  0  0  0  0  0  0  0  0  0  0  0  0  0  3  0  0  1  0  0  0  511  0  0  0  0  2  1  5  72  10451  661  0  0  1  2  0  0  
87  0  0  0  2  11488  0  0  0  0  0  0  0  0  0  1  2  10  0  0  2  0  22  38  0  0  0  0  0  0  13196  0  0  0  0  0  0  0  0  0  0  0  0  0  0  0  1  0  0  0  0  0  0  0  0  0  0  0  0  0  0  0  15662  104  0  19350  0  0  0  18713  0  0  0  0  0  0  0  0  0  319  0  0  0  0  0  0  0  0  0  6  0  0  0  0  0  0  9  1  0  0  0  0  0  0  83  11593  0  0  0  0  0  0  0  0  0  0  0  0  0  0  0  1  0  0  0  0  0  0  0  0  0  0  0  0  0  0  1  0  0  203  0  0  0  1  0  0  0  0  342  1847  647  13259  14766  18401  1  41  6  41  8  42  
0  0  0  2293  0  0  0  0  1  0  0  757  0  0  0  0  323  54  1  0  1  0  0  1  1  1324  0  0  0  1  0  0  0  17283  1  1683  0  0  0  0  13119  0  0  3  4  0  0  39051  199  0  4  0  0  0  1  13  1  0  4  0  12  0  0  0  6  6  2  1  0  0  0  0  5393  52988  0  0  0  0  0  0  0  0  0  0  0  0  0  0  0  0  0  0  0  0  0  0  0  0  0  0  0  0  0  0  0  0  0  0  0  0  0  0  0  0  0  0  0  0  0  0  0  0  0  0  0  0  0  0  0  0  0  0  0  0  0  0  0  0  0  0  0  0  0  0  0  0  0  0  1  1  46  163  531  0  0  0  0  0  0  0  
0  0  0  236  0  0  0  0  0  0  0  2394  12  5  0  0  570  264  0  0  192  0  0  66  7  13278  0  1  0  0  0  0  25297  0  54186  55431  12  15669  0  0  533  0  29460  0  3  0  4  52726  9  5695  1  0  0  0  16  3  6  0  52  1993  668  0  1  0  5  1  0  0  0  0  0  134  128869  12314  0  0  0  0  0  0  0  0  0  0  0  0  0  0  0  0  0  0  0  0  0  0  0  0  0  0  0  0  0  0  0  0  0  0  0  0  0  0  0  0  0  0  0  0  0  0  0  0  0  0  0  0  0  0  0  0  0  0  0  0  0  0  0  0  0  0  0  0  0  0  0  0  0  0  4  0  194  9  9  0  0  0  0  0  0  0  
0  1  0  0  0  0  0  0  0  0  0  102  5  0  0  0  20414  4610  0  0  293  0  19199  60  5  2  0  0  0  0  0  0  9  34612  0  37  10  761  0  0  16  0  27541  3  0  0  30  30055  0  2448  5  0  0  0  3  0  5  0  74  3055  789  0  1  0  4  0  1  0  0  0  0  73  4813  3  0  0  0  0  0  0  0  0  0  0  0  0  0  0  0  0  0  0  0  0  0  0  0  0  0  0  0  0  0  0  0  0  0  0  0  0  0  0  0  0  0  0  0  0  0  0  0  0  0  0  0  0  0  0  0  0  0  0  0  0  0  0  0  0  0  0  0  0  0  0  0  0  0  0  17890  0  630  5  36  0  0  0  0  0  0  0  
0  0  0  75  0  0  0  0  129  63  0  7  0  0  0  0  1  3  0  0  1  0  1  0  27  40603  12  2  1  111  0  0  1498  75968  2  0  0  2  0  0  40554  0  10  35  57  2  0  2384  60  0  3  0  0  0  14934  4451  0  4  1  1  12  0  0  0  111  518  1330  13  0  0  32  0  16563  24831  0  0  0  0  0  0  0  0  0  0  0  0  0  0  0  0  0  0  0  0  0  0  0  0  0  0  0  0  0  0  0  0  0  0  0  0  0  0  0  0  0  0  0  0  0  0  0  0  0  0  0  0  0  0  0  0  0  0  0  0  0  0  0  0  0  0  0  0  0  0  0  0  0  0  77  31  530  274  264  10  0  0  0  0  0  0  
0  1973  0  0  0  0  0  0  0  0  0  0  0  0  0  0  0  0  5  0  2071  0  277  0  0  0  0  0  0  0  0  0  0  45  65  0  0  121595  0  0  0  0  19612  0  0  0  0  3  0  57099  0  0  0  0  0  0  0  0  6437  46422  36  0  0  0  0  0  0  0  0  0  0  108888  6437  0  0  0  0  0  0  0  0  0  0  0  0  0  0  0  0  0  0  0  0  0  0  0  0  0  0  0  0  0  0  0  0  0  0  0  0  0  0  0  0  0  0  0  0  0  0  0  0  0  0  0  0  0  0  0  0  0  0  0  0  0  0  0  0  0  0  0  0  0  0  0  0  0  0  0  0  0  5  0  0  0  0  0  0  0  0  0  
0  719  0  0  0  0  0  0  0  0  0  0  0  0  0  0  0  0  8840  0  64  0  0  0  38  3  0  0  0  1  0  0  0  21897  617  9  122489  0  0  0  14  0  18831  5  0  0  0  591  1  14225  31  0  0  0  2  2  89  6  21290  5080  252  0  0  0  5  0  0  0  0  0  0  96758  185003  0  0  0  0  0  0  0  0  0  0  0  0  0  0  0  0  0  0  0  0  0  0  0  0  0  0  0  0  0  0  0  0  0  0  0  0  0  0  0  0  0  0  0  0  0  0  0  0  0  0  0  0  0  0  0  0  0  0  0  0  0  0  0  0  0  0  0  0  0  0  0  0  0  0  0  10  0  162  2  3  0  0  0  0  0  0  0  
702  0  0  0  14  19  1  0  0  0  0  336  23987  26114  4  0  0  425  0  0  0  0  0  11067  0  0  0  0  0  0  13  1  0  0  0  0  0  0  0  348  0  0  0  0  0  0  14757  0  11812  0  0  10886  60  0  0  0  0  0  0  0  0  13984  2117  3111  0  8  1  26  0  9  0  0  0  0  0  0  0  0  0  0  0  0  0  0  0  0  0  0  0  0  0  0  0  0  0  0  0  0  0  0  0  0  0  0  0  0  0  0  0  0  0  0  0  0  0  0  0  0  0  0  0  0  0  0  0  0  0  0  0  0  0  0  0  0  0  0  0  0  0  0  0  0  0  0  0  0  0  0  0  3  0  0  459  5  0  0  0  0  0  0  
4  0  0  0  0  1  0  0  0  0  0  17260  5  41590  29  0  0  10  0  0  0  0  0  9  0  0  0  0  0  0  0  0  0  0  0  0  0  0  3634  0  0  0  0  0  1  0  12  0  12649  0  0  16933  1  0  0  0  0  0  0  0  0  66  7  88  0  1  0  18  0  0  0  0  0  0  0  0  0  0  0  0  0  0  0  0  0  0  0  0  0  0  0  0  0  0  0  0  0  0  0  0  0  0  0  0  0  0  0  0  0  0  0  0  0  0  0  0  0  0  0  0  0  0  0  0  0  0  0  0  0  0  0  0  0  0  0  0  0  0  0  0  0  0  0  0  0  0  0  0  0  0  0  0  9  0  0  0  0  0  0  0  
0  2  0  5147  0  4  2  0  744  298  0  243  0  1  17  1  3554  24  12  2  14  1  4  0  59  45561  216  383  59  601  0  1  11246  2984  0  46561  0  2  85  0  0  0  4  328  2562  7  0  43542  25391  0  211  393  20  47  162  10468  31  75  30  6  126  0  0  0  892  2536  18019  4176  96  0  188  1  18531  19472  0  0  0  0  0  0  0  0  0  0  0  0  0  0  0  0  0  0  0  0  0  0  0  0  0  0  0  0  0  0  0  0  0  0  0  0  0  0  0  0  0  0  0  0  0  0  0  0  0  0  0  0  0  0  0  0  0  0  0  0  0  0  0  0  0  3  0  0  0  0  0  0  0  0  327  1037  9370  6929  16165  671  0  0  0  0  0  0  
0  40743  0  0  0  0  0  0  0  0  9870  0  0  0  0  0  0  0  26776  7326  5  29423  0  0  0  0  0  0  0  0  0  0  0  0  0  0  0  0  0  0  1  0  0  25761  0  0  0  0  0  0  8700  0  0  0  0  0  13606  26  41  0  646  0  0  0  0  0  0  0  0  0  0  0  0  0  0  0  0  0  0  0  0  0  0  0  0  0  0  0  0  0  0  0  0  0  0  0  0  0  0  0  0  0  0  0  0  0  0  0  0  0  0  0  0  0  0  0  0  0  0  0  0  0  0  0  0  0  0  0  0  0  0  0  0  0  0  0  0  0  0  0  0  0  0  0  0  0  0  0  0  0  0  0  0  0  0  0  0  0  0  0  
0  1  0  0  0  0  0  0  0  0  0  0  0  0  0  0  338  18  0  0  79  0  33717  16  2  3  0  0  0  0  0  0  1  30672  23379  106  20628  12780  0  0  16  0  0  2  0  0  0  3585  1  27562  5  0  0  1  3  2  0  1  41  989  780  0  0  0  0  0  0  0  0  0  0  10694  4058  8  0  0  0  0  0  0  0  0  0  0  0  0  0  0  0  0  0  0  0  0  0  0  0  0  0  0  0  0  0  0  0  0  0  0  0  0  0  0  0  0  0  0  0  0  0  0  0  0  0  0  0  0  0  0  0  0  0  0  0  0  0  0  0  0  0  0  0  0  0  0  0  0  0  0  24958  0  6740  3  2  0  0  0  0  0  0  0  
0  479  0  19  0  3  0  0  266  24571  83135  2  0  0  0  0  0  0  1110  8801  154  126621  17203  0  449  163  125  16  0  15215  0  0  13  0  0  195  0  12  0  0  1227  24082  1  0  184  3  0  183  195  0  4490  10  1  2  248  3011  9984  19972  1801  8  14084  0  0  0  49333  322  406  43  4  0  64  8  2583  21  0  0  0  0  0  0  0  0  0  1  45  0  0  0  0  0  0  0  0  0  0  66  0  0  0  0  0  0  0  0  0  0  0  0  0  0  0  0  0  0  0  0  0  3  0  0  0  0  0  0  0  0  0  0  0  0  0  0  0  0  0  0  0  0  0  1  0  0  0  0  0  0  0  0  4  43  2645  192  252  39  0  0  1  3  0  0  
1  0  38462  22041  0  159  55  46408  258  52  0  5  0  0  292  18998  10  4  0  0  0  0  0  0  3  111  34  146292  121151  64  0  0  0  0  0  6  0  0  3  0  239  0  0  24  0  23149  0  126  4930  0  0  268  41  1878  3  3684  0  2  0  0  4  0  0  0  70  2839  111576  36014  6226  0  70  0  9  0  0  0  0  0  0  0  0  0  0  0  0  0  0  0  0  0  0  0  0  0  0  0  0  0  0  0  0  0  0  0  0  0  0  0  0  0  0  0  0  0  0  0  0  0  0  0  0  0  0  0  0  0  0  0  0  0  0  0  0  0  0  0  0  0  0  13  0  0  0  0  0  0  0  0  1  18635  15  99  5856  979  0  0  0  0  0  0  
0  0  33079  1  0  24  13  26081  11462  4  0  0  0  0  13  2009  0  0  0  0  0  0  0  0  1  2  37482  5548  1097  17570  0  0  0  0  0  11  0  0  0  0  59  0  0  0  18719  0  0  3  18  0  0  50  5  331  1  17874  0  0  0  1  1  0  0  0  382  4467  53213  54  68  0  31972  0  2  2  0  0  6  0  0  0  0  5  544  0  0  0  0  0  0  2  0  0  0  0  0  0  0  0  0  0  0  0  0  1  0  0  0  0  0  0  0  0  0  0  0  0  0  0  0  118  0  0  0  0  0  0  0  0  0  0  0  0  0  0  0  0  0  0  0  36  0  0  0  0  2  0  0  0  2  852  11  5  230  53  0  0  0  0  0  0  
5375  0  0  0  26  46  0  0  0  0  0  141  5111  1298  0  0  52  31151  0  0  0  0  4  36538  0  0  0  0  0  0  5  3  0  2  5  0  0  0  12929  26  0  0  0  0  0  0  0  2  12634  0  0  2401  46  0  0  0  0  0  0  0  0  2072  7607  7087  0  8  0  2  0  73  0  0  0  0  0  0  0  0  0  0  0  0  0  0  0  0  0  0  0  0  0  0  0  0  0  0  0  0  0  0  0  0  0  0  0  0  0  0  0  0  0  0  0  0  0  0  0  0  0  0  0  0  0  0  0  0  0  0  0  0  0  0  0  0  0  0  0  0  0  0  0  0  0  0  0  0  0  0  5  4  0  0  66598  21  0  0  0  0  0  0  
0  2  0  231  0  2  1  0  13  27  0  222  1  1  0  0  46275  5341  5  0  53  0  2750  53  49  150  8  33  10  17  0  0  36179  42796  40951  3259  3  328  0  0  23041  0  9436  32  338  0  28  0  468  111  25  2  0  11  84  328  13  10  76  542  191  0  1  0  46  70  3355  238  19  0  3  33  76229  10174  0  0  0  0  0  0  0  0  0  0  0  0  0  0  0  0  0  0  0  0  0  0  0  0  0  0  0  0  0  0  0  0  0  0  0  0  0  0  0  0  0  0  0  0  0  0  0  0  0  0  0  0  0  0  0  0  0  0  0  0  0  0  0  0  0  0  0  0  0  0  0  0  0  0  13792  102  8159  13350  99657  807  0  0  0  0  0  0  
6515  0  0  48468  286  2792  101  6  108  48  0  39256  0  8537  1796  72  20332  35733  0  0  1  1  0  25  6  4205  16  1610  633  51  12  3  143  32  0  38  0  1  13228  10928  27499  0  0  28  7485  16  11011  418  0  0  2  58037  8254  1157  14  635  2  2  1  0  14  418  604  232  85  1647  10527  40012  916  16  35  0  115  24  0  0  0  0  0  0  0  0  0  0  0  0  0  0  0  0  0  0  0  0  0  0  0  0  0  0  0  0  0  0  0  0  0  0  0  0  0  0  0  0  0  0  0  0  0  0  0  0  0  0  0  0  0  0  0  0  0  0  0  0  0  0  0  0  0  2  0  0  0  0  0  0  0  0  13  11507  366  75  113315  140  0  0  0  0  0  0  
0  2  0  0  0  0  0  0  0  0  0  0  0  0  0  0  3  0  0  0  20442  1  15088  0  0  0  0  0  0  0  0  0  5  9476  5708  19  48050  5233  0  0  7  0  33754  3  0  0  0  116  0  0  4  0  0  0  2  3  5  1  73  15340  19152  0  0  0  2  0  0  0  0  0  0  26350  15586  3  0  0  0  0  0  0  0  0  0  0  0  0  0  0  0  0  0  0  0  0  0  0  0  0  0  0  0  0  0  0  0  0  0  0  0  0  0  0  0  0  0  0  0  0  0  0  0  0  0  0  0  0  0  0  0  0  0  0  0  0  0  0  0  0  0  0  0  0  0  0  0  0  0  0  55  0  18519  4  0  0  0  0  0  0  0  0  
0  45713  0  0  0  0  0  0  0  0  4  0  0  0  0  0  0  0  654  52  11816  47539  4  0  2  15  0  0  0  0  0  0  0  0  1  11  0  18  0  0  103  7503  0  5841  0  0  0  9  5  0  0  0  0  0  2  14  6364  2052  12200  16  53292  0  0  0  48  3  1  1  0  0  0  11  977  0  0  0  0  0  0  0  0  0  0  0  0  0  0  0  0  0  0  0  0  0  0  0  0  0  0  0  0  0  0  0  0  0  0  0  0  0  0  0  0  0  0  0  0  0  0  0  0  0  0  0  0  0  0  0  0  0  0  0  0  0  0  0  0  0  0  0  0  0  0  0  0  0  0  0  0  0  9  0  3  0  0  0  0  0  0  0  
27690  0  0  391  124  2766  735  11  1  0  0  38957  2  50799  167347  259  0  13  0  0  0  0  0  892  0  3  0  12  6974  0  113  26  0  0  0  0  0  0  17073  18008  44  0  0  0  100  20  645  2  53498  0  0  0  46092  13285  0  42  0  0  0  0  0  19314  1619  8376  0  3091  28  47475  327  108  1  0  0  0  0  0  0  0  0  0  0  0  0  0  0  0  0  0  0  0  0  0  0  0  0  0  0  0  0  0  0  0  1  0  0  0  0  0  0  0  0  0  0  0  0  0  0  0  0  0  0  0  0  0  0  0  0  0  0  0  0  0  0  0  0  0  0  0  0  8  0  0  0  0  0  0  0  0  0  3747  5  1  31246  68  0  0  0  0  0  0  
24574  0  0  0  65597  44157  2103  2  1  0  0  36  0  0  166250  69464  0  1  0  0  0  0  0  1  0  0  0  0  55  1  0  71  0  0  0  0  0  0  9  1  3  0  0  0  8  0  13  0  999  0  0  39756  0  97823  0  6  0  0  0  0  0  7  0  2  1  14310  9  1114  445  4  0  0  0  0  0  0  0  0  0  2  0  0  0  0  0  0  0  0  0  0  0  0  0  0  0  0  0  0  0  0  0  0  0  0  0  0  0  0  0  0  0  0  0  0  0  0  0  0  0  0  0  0  0  0  0  0  0  0  0  0  0  0  0  0  0  0  0  0  0  28  0  0  0  0  0  0  0  0  0  2055  0  2  9607  494  0  1  0  0  0  0  
13  0  0  1  7  37034  21732  582  1  1  0  0  0  0  103598  152765  0  1  0  0  0  0  0  0  0  0  1  1  2390  0  0  0  0  0  0  0  0  0  0  0  0  0  0  0  52  15  0  0  124  0  0  13692  79921  0  0  43  0  0  0  0  0  0  0  1  1  12178  25  10207  25804  0  0  0  0  0  0  0  0  0  0  0  0  0  0  0  0  0  0  0  0  0  0  0  0  0  0  0  0  0  0  0  0  0  0  0  0  0  0  0  0  0  0  0  0  0  0  0  0  0  0  0  0  0  0  0  0  0  0  0  0  0  0  0  0  0  0  0  0  0  0  28  0  0  0  0  0  0  0  0  0  486  0  0  1922  4  0  0  0  0  0  0  
0  1  0  45  0  0  0  0  287  104  0  3  0  0  1  0  4  0  5  0  9  1  1  0  32222  59609  83  11  3  414  0  0  2  228  1  32899  0  1  0  0  3163  3  15  825  105  3  0  1283  202  0  13  4  0  1  0  36160  15  83  8  3  56  0  0  0  1156  746  1148  21  2  0  60  0  21225  37  0  0  0  0  0  0  0  0  0  0  0  0  0  0  0  0  0  0  0  0  0  0  0  0  0  0  0  0  0  0  0  0  0  0  0  0  0  0  0  0  0  0  0  0  0  0  0  0  0  0  0  0  0  0  0  0  0  0  0  0  0  0  0  0  0  0  0  0  0  0  0  0  0  0  123  75  404  144  310  21  0  0  0  0  0  0  
0  6  0  11  0  31  16  16  3038  550  2  0  0  0  10  7  3  0  159  12001  6  12  1  0  83359  28109  183992  93  275  20046  0  0  1  5  0  3460  0  1  0  0  5405  2  0  1671  2725  23449  0  296  145  0  245  46  5  188  42116  0  49  21706  12  5  179  0  0  0  41903  5167  50943  37  47  0  28839  0  6270  15  0  0  0  0  0  0  0  0  0  0  0  0  0  0  0  0  0  0  0  0  0  0  0  0  0  0  0  0  0  0  0  0  0  0  0  0  0  0  0  0  0  0  0  0  0  0  0  0  0  0  0  0  0  0  0  0  0  0  0  0  0  0  0  0  0  11  0  0  0  0  0  0  0  0  34  1110  268  90  715  233  0  0  0  0  0  0  
0  9383  0  0  0  0  0  0  0  0  78  0  0  0  0  0  0  0  90766  147  148  1039  5  0  9  10  1  0  0  0  0  0  0  0  1  3  0  37  0  0  52  12111  0  4468  2  0  0  2  3  0  8418  0  0  0  1  17  0  8468  8079  5  3679  0  0  0  34  0  3  2  0  0  0  41  10988  0  0  0  0  0  0  0  0  0  0  0  0  0  0  0  0  0  0  0  0  0  0  0  0  0  0  0  0  0  0  0  0  0  0  0  0  0  0  0  0  0  0  0  0  0  0  0  0  0  0  0  0  0  0  0  0  0  0  0  0  0  0  0  0  0  0  0  0  0  0  0  0  0  0  0  0  0  6  2  2  0  0  0  0  0  0  0  
0  133  0  3  0  0  0  0  6  0  3095  0  0  0  0  0  0  0  59017  41247  10  1174  10  0  8436  40  382  1  1  12  0  0  1  0  0  25  0  2  0  0  178  69  0  27027  8  0  0  20  11  0  2683  0  0  0  144  19067  9239  0  313  1  3486  0  0  0  18323  3  15  5  0  0  7  5  9607  1  0  0  0  0  0  0  0  0  0  0  0  0  0  0  0  0  0  0  0  0  0  0  0  0  0  0  0  0  0  0  0  0  0  0  0  0  0  0  0  0  0  0  0  0  0  0  0  0  0  0  0  0  0  0  0  0  0  0  0  0  0  0  0  0  0  0  0  0  0  0  0  0  0  0  1  2  8  8  18  0  0  0  0  0  0  0  
0  23744  0  1  0  0  0  0  4  1  0  0  0  0  0  0  0  1  27320  4  15949  174  2  0  3  57  0  0  0  4  0  0  1  16  39  41  6662  35425  0  0  246  32  20  1585  1  0  0  63  7  35  13607  0  0  0  0  31  17717  707  0  11723  4168  0  0  0  100  5  11  1  0  0  0  39070  13087  4  0  0  0  0  0  0  0  0  0  0  0  0  0  0  0  0  0  0  0  0  0  0  0  0  0  0  0  0  0  0  0  0  0  0  0  0  0  0  0  0  0  0  0  0  0  0  0  0  0  0  0  0  0  0  0  0  0  0  0  0  0  0  0  0  0  0  0  0  0  0  0  0  0  0  14  0  314  10  18  0  0  0  0  0  0  0  
0  6136  0  0  0  0  0  0  1  0  0  0  0  0  0  0  4  3  11  0  81442  6  0  0  11  3  1  0  0  1  0  0  0  1651  3874  5  47074  7479  0  0  31  0  808  56  0  0  0  173  0  19615  750  0  0  0  2  7  197  13  12095  0  16166  0  0  0  13  1  0  0  0  0  0  11769  19284  0  0  0  0  0  0  0  0  0  0  0  0  0  0  0  0  0  0  0  0  0  0  0  0  0  0  0  0  0  0  0  0  0  0  0  0  0  0  0  0  0  0  0  0  0  0  0  0  0  0  0  0  0  0  0  0  0  0  0  0  0  0  0  0  0  0  0  0  0  0  0  0  0  0  0  1  0  291  0  1  0  0  0  0  0  0  0  
0  1425  0  17  0  0  0  0  16  11  5  3  0  0  0  0  3  0  493  26  106645  86050  50464  0  75  77  1  1  1  20  0  0  6  1553  1873  59  157  1237  0  0  475  174  2658  9007  11  1  0  142  62  26212  44686  0  1  0  14  164  6425  1673  10715  24891  0  0  0  0  260  32  30  15  0  0  6  538  11863  22  0  0  0  0  0  0  0  0  0  0  0  0  0  0  0  0  0  0  0  0  0  0  0  0  0  0  0  0  0  0  0  0  0  0  0  0  0  0  0  0  0  0  0  0  0  0  0  0  0  0  0  0  0  0  0  0  0  0  0  0  0  0  0  0  0  0  0  0  0  0  0  0  0  0  7  4  28591  37  33  2  0  0  0  0  0  0  
11831  0  0  0  4  16  0  0  0  0  0  6  8869  29700  6916  0  0  1  0  0  0  0  0  40922  0  0  0  0  0  0  5  0  0  0  0  0  0  0  12449  102  0  0  0  0  0  0  176  0  1095  0  0  19941  14  0  0  0  0  0  0  0  0  0  139  18987  0  0  0  6  0  9  0  0  0  0  0  0  0  0  0  0  0  0  0  0  0  0  0  0  0  0  0  0  0  0  0  0  0  0  0  0  0  0  0  0  0  0  0  0  0  0  0  0  0  0  0  0  0  0  0  0  0  0  0  0  0  0  0  0  0  0  0  0  0  0  0  0  0  0  0  0  0  0  0  0  0  0  0  0  0  0  0  0  212  7  0  0  0  0  0  0  
8486  0  0  0  12  24  0  0  0  0  0  4  0  39  0  1  2115  19588  0  0  1  0  10865  90114  0  0  0  0  0  0  86020  15146  0  0  3  0  0  0  322  1  0  0  0  0  0  0  6918  3  176  0  0  397  3  0  0  0  0  0  0  0  0  91  0  38322  0  2  1  6  0  21990  0  0  0  0  0  0  0  0  0  0  0  0  0  0  0  0  0  0  0  0  0  0  0  0  0  0  0  0  0  0  0  0  0  0  33  1  0  0  0  0  0  0  0  0  0  0  0  0  0  0  0  0  0  0  0  0  0  0  0  0  0  0  0  0  0  0  0  0  0  0  0  0  0  0  0  0  0  0  5564  554  401  2247  79365  20971  0  0  1  2  0  0  
21536  0  0  0  27  114  0  0  0  0  0  20  685  7042  4  0  0  0  0  0  0  0  0  113058  0  0  0  0  0  0  1717  313  0  0  0  0  0  0  3327  172  0  0  0  0  0  0  6862  0  623  0  0  12689  19  0  0  0  0  0  0  0  0  24687  39781  0  1  5  0  11  0  5932  0  0  0  0  0  0  0  0  0  0  0  0  0  0  0  0  0  0  0  0  0  0  0  0  0  0  0  0  0  0  0  0  0  0  0  0  0  0  0  0  0  0  0  0  0  0  0  0  0  0  0  0  0  0  0  0  0  0  0  0  0  0  0  0  0  0  0  0  0  0  0  0  0  0  0  0  0  0  2  2  0  1  22429  403  0  0  0  0  0  0  
0  44  0  27  0  2  0  0  2704  170  64501  0  0  0  1  0  0  0  281  17016  7  330  9  0  815  237  20970  22  9  57736  0  0  20  1  0  186  0  4  1  0  1246  40  0  48936  459  431  0  157  314  0  625  11  3  2  600  46969  1037  21870  129  2  680  0  0  0  0  285  855  79  8  0  39248  1  4461  0  0  0  0  0  0  0  0  0  0  0  17  0  0  0  0  0  0  0  0  0  0  0  0  0  0  0  0  0  0  48  0  0  0  0  0  0  0  0  0  0  0  0  0  0  0  0  0  0  0  0  0  0  0  0  0  0  0  0  0  0  0  0  0  0  0  0  0  0  0  0  3  0  0  0  6  106  141  92  421  42  0  0  0  0  0  0  
61  0  0  2  100  74180  41444  22314  39361  64407  0  1  0  0  547  983  3  1  0  0  1  17  3  0  2  17  285  476  940  2166  3  25861  0  0  0  185  0  0  1  0  510  0  0  253  2456  450  1  116  186  0  0  1597  3517  1584  16  3453  0  0  2  0  12  0  6  1  45  0  2261  432  1040  36  193  0  107  3  0  0  0  0  1  4309  302  66  548  383  0  0  0  0  0  6  0  0  0  0  0  9  0  0  0  0  0  0  0  11  1  419  0  0  0  1  0  0  0  0  5  0  0  0  4  0  0  1  0  0  0  0  0  0  0  0  0  0  0  0  0  0  0  0  1  19133  0  1  3  2  14  0  1  0  16  3898  158  520  3969  5282  0  344  1807  48  68  0  
0  0  9264  8071  0  11  1  631  1795  413  0  91  0  1  8  4  31  27  2  0  1  1  1  0  34  105743  55725  109637  146  1014  0  0  7  0  0  864  0  0  17  0  16566  0  0  191  92274  88676  0  1853  14305  0  11  260  34  55  984  56277  3  19  4  2  25  0  0  0  715  8697  0  1672  105  0  768  0  158  18  0  0  0  0  0  0  0  0  0  0  0  0  0  0  0  0  0  0  0  0  0  0  0  0  0  0  0  0  0  0  0  0  0  0  0  0  0  0  0  0  0  0  0  0  0  0  0  0  0  0  0  0  0  0  0  0  0  0  0  0  0  0  0  0  0  1  0  0  0  0  0  0  0  0  18  7854  201  296  15996  4317  0  0  1  0  0  0  
30  0  0  44326  1  699  285  18  5  7  0  65625  0  13  30915  49  0  6  0  0  0  0  0  0  0  859  0  2159  70294  4  0  0  1  0  0  2  0  0  350  295  356  0  0  9  51548  10  0  25  42870  0  0  52502  1228  6659  0  73  0  0  0  0  0  1  0  1  1  1434  1091  0  32913  0  6  0  6  3  0  0  0  0  0  0  0  0  0  0  0  0  0  0  0  0  0  0  0  0  0  0  0  0  0  0  0  0  0  0  0  0  0  0  0  0  0  0  0  0  0  0  0  0  0  0  0  0  0  0  0  0  0  0  0  0  0  0  0  0  0  0  0  0  0  4  0  0  0  0  0  0  0  0  0  5831  197  8  20754  16  0  0  0  0  0  0  
4  0  5317  0  0  617  257  40650  13  2  0  1  0  0  7261  32015  0  1  0  0  0  0  0  0  0  0  1  99  95792  2  0  0  0  0  0  0  0  0  0  0  4  0  0  2  6479  153  0  0  95  0  0  528  245  26885  0  197  0  0  0  0  0  0  0  0  4  2373  165  27607  0  0  4  0  0  0  0  0  18  0  0  0  0  0  0  0  0  0  0  0  0  1  0  0  0  0  0  0  0  0  0  0  0  0  0  0  0  0  0  0  0  0  0  0  0  0  0  0  0  0  0  0  0  0  0  0  0  0  0  0  0  0  0  0  0  0  0  0  0  0  0  21  0  0  0  0  0  0  0  0  0  2578  0  2  506  9  0  0  0  0  0  0  
28034  0  0  0  13909  38079  0  0  0  0  0  0  0  0  0  9275  0  0  0  0  0  0  0  17575  0  0  0  0  0  0  58389  19301  0  0  0  0  0  0  2  0  0  0  0  0  0  0  5  0  0  0  0  9  0  0  0  0  0  0  0  0  0  6  16098  6551  0  12  0  0  0  0  0  0  0  0  0  0  0  0  2  403  0  0  0  0  0  0  0  0  0  272  0  0  0  0  0  0  0  1  0  0  0  0  0  0  212  44  0  0  0  0  0  0  0  0  0  0  0  0  0  0  0  0  0  0  0  0  0  0  0  0  0  0  0  0  0  0  0  0  0  3  0  0  0  39  0  0  0  0  4  32  0  109  11400  2425  0  1  0  0  0  0  
0  0  79  0  0  1  0  0  33332  31  4  0  0  0  0  0  1  0  0  0  0  1  0  0  7  9  7594  77  5  68354  0  0  0  0  0  40  0  0  0  0  159  0  0  37  111  36544  0  2  5  0  0  0  0  1  19  23837  2  3  0  0  9  0  0  0  28631  629  1293  3  1  0  0  0  12  1  0  0  1  0  0  0  0  0  4922  7  41  0  0  0  0  0  0  0  0  0  0  0  0  0  0  0  0  0  0  30  0  0  0  0  0  0  0  0  0  0  0  0  0  0  0  13  0  0  0  0  0  0  0  0  0  0  0  0  0  0  0  0  0  0  0  522  0  0  0  0  419  0  0  0  1  209  19  19  111  60  0  0  0  0  0  0  
0  878  0  1  0  0  0  0  0  0  0  0  0  0  0  0  0  0  10  0  132  2  0  0  1  16  0  0  0  0  0  0  1  631  157  17  93399  108192  0  0  73  1  17834  49  1  0  0  40  2  29185  104  0  0  0  0  8  262  18  36931  19799  817  0  0  0  19  0  2  1  0  0  0  0  23250  0  0  0  0  0  0  0  0  0  0  0  0  0  0  0  0  0  0  0  0  0  0  0  0  0  0  0  0  0  0  0  0  0  0  0  0  0  0  0  0  0  0  0  0  0  0  0  0  0  0  0  0  0  0  0  0  0  0  0  0  0  0  0  0  0  0  0  0  0  0  0  0  0  0  0  3  0  222  5  5  0  0  0  0  0  0  0  
0  123  0  177  0  0  0  0  174  68  2  97  0  1  1  0  32  6  49730  7  1101  89  25  2  127082  8750  653  33  1  205  0  0  12639  171863  20900  30535  6580  219268  2  0  28536  11  14274  3001  292  1  0  105652  735  17719  7321  7  0  3  23012  6850  15786  23006  8999  14837  11889  0  0  0  6278  493  393  209  1  0  41  22074  0  13732  0  0  0  0  0  0  0  0  0  0  0  0  0  0  0  0  0  0  0  0  0  0  0  0  0  0  0  0  0  0  0  0  0  0  0  0  0  0  0  0  0  0  0  0  0  0  0  0  0  0  0  0  0  0  0  0  0  0  0  0  0  0  0  0  0  0  0  0  0  0  0  0  0  0  1161  55  13159  1284  906  15  0  0  0  0  0  0  
0  2  0  159  0  0  0  0  5  2  0  58  0  0  0  0  1  1  0  0  1  0  0  0  1  208  1  2  1  5  0  0  50508  15923  4  19525  0  0  0  0  14265  0  0  13  9  0  0  12497  41  0  20  0  0  0  3  48  10  1  7  1  39  0  0  0  14  13  12  10  0  0  1  1  14952  0  0  0  0  0  0  0  0  0  0  0  0  0  0  0  0  0  0  0  0  0  0  0  0  0  0  0  0  0  0  0  0  0  0  0  0  0  0  0  0  0  0  0  0  0  0  0  0  0  0  0  0  0  0  0  0  0  0  0  0  0  0  0  0  0  0  0  0  0  0  0  0  0  0  0  26  2  441  377  87  0  0  0  0  0  0  0  
2  0  0  0  0  1  0  0  0  0  0  0  0  0  0  0  0  0  0  0  0  0  0  0  0  0  0  0  0  0  22  0  0  0  0  0  0  0  0  0  0  0  0  0  0  0  0  0  0  0  0  0  0  0  0  0  0  0  0  0  0  0  0  0  0  0  0  0  0  4  0  0  0  0  0  0  0  0  49757  26849  7  0  0  0  0  3  50  940  5201  13220  0  0  0  0  0  0  0  69621  1  0  0  0  0  0  10577  185  0  0  0  0  0  0  55  0  2  0  0  0  5  0  392  0  58  0  0  1810  28725  18  0  0  0  1  0  0  0  25906  2933  9269  1  3778  6  6  2  13347  0  0  5  0  0  0  0  0  0  0  0  15972  1  1  1085  5  
0  0  0  0  0  0  0  0  0  0  0  0  0  0  0  0  0  0  0  0  0  0  0  0  0  0  0  0  0  0  0  0  0  0  0  0  0  0  0  0  0  0  0  0  0  0  0  0  0  0  0  0  0  0  0  0  0  0  0  0  0  0  0  0  0  1  0  0  0  0  0  0  0  0  1  0  0  1  0  0  0  0  0  1  0  0  0  1  0  0  0  0  31554  0  51093  46  1  0  12  0  0  1  0  0  0  0  1  0  0  8  7949  3851  0  0  11  36168  2  8  56  0  0  9  87  2  44553  25  0  0  4  0  3279  3  47289  33907  15586  2  0  0  1  1  8  36  1  0  0  5675  541  3  0  0  0  0  0  0  1  10  70  6  109  9  
0  0  2743  0  0  0  1  30  2  0  0  0  0  0  0  323  0  0  0  0  0  0  0  0  0  0  0  1  5  0  0  0  0  0  0  0  0  0  0  0  0  0  0  0  2  15  0  0  0  0  0  0  0  0  0  0  0  0  0  0  0  0  0  0  0  0  0  0  1  0  1  0  0  0  0  0  0  0  0  0  2  5788  25  0  0  0  0  0  0  51046  0  0  0  0  0  0  0  0  0  0  3538  8160  56700  6912  0  0  0  0  0  0  0  0  0  0  0  0  0  0  57466  33127  0  0  0  0  0  0  0  0  0  0  0  0  0  0  0  0  0  0  0  1  8844  0  239  0  33  0  0  0  0  0  0  0  0  0  0  0  0  0  0  0  
0  0  0  0  0  0  0  0  0  0  0  0  0  0  0  0  0  0  0  0  0  0  0  0  0  0  0  0  0  0  0  0  0  0  0  0  0  0  0  0  0  0  0  0  0  0  0  0  0  0  0  0  0  0  0  0  0  0  0  0  0  0  0  0  0  0  0  0  0  0  0  0  0  0  5  1  0  0  0  5  0  0  3  0  0  27535  0  69  0  0  3  1  0  0  0  0  0  1  18  47535  0  25254  50159  0  0  0  606  118  2  72  0  0  0  0  19893  0  0  3  17959  0  1  20  46723  0  1  233  6  0  15  12  5  8  1  0  0  14  0  5  26  14  5038  35424  1  0  1  0  103  8  0  0  0  0  0  0  0  30  1  4  463  3  
0  0  0  0  3  9  0  0  0  0  0  0  0  0  0  4  0  0  0  0  0  0  0  0  0  0  0  0  0  0  5  0  0  0  0  0  0  0  0  0  0  0  0  0  0  0  0  0  0  0  0  0  0  0  0  0  0  0  0  0  0  0  0  0  0  0  0  0  0  7  0  0  0  0  39187  0  0  0  0  27567  0  0  0  0  0  0  0  0  28975  77909  0  0  0  0  0  0  0  153  0  0  0  0  0  0  2  0  0  0  0  0  0  0  1  0  0  0  0  0  0  0  2  0  2  0  0  266  33371  55  0  0  0  0  0  0  0  3  0  663  0  859  0  2  0  843  0  0  0  0  0  0  0  0  0  0  0  542  0  0  31  0  
6  0  0  0  36  4705  106  2  0  0  0  0  0  0  0  275  0  0  0  0  0  0  0  0  0  0  0  0  0  0  196  462  0  0  0  0  0  0  0  0  0  0  0  0  0  0  0  0  0  0  0  0  0  0  0  0  0  0  0  0  0  0  0  0  0  3134  0  0  0  166  0  0  0  0  24052  0  0  0  70609  0  37292  6  0  0  0  6  2  45  19350  126550  0  1  0  0  0  0  0  6265  0  0  0  0  1  0  7928  23182  0  0  0  0  0  0  2  1  0  0  0  0  18  0  34  0  200  0  0  3518  7910  30225  0  0  0  0  0  0  0  94  10688  15318  0  71609  2  368  27  5900  0  0  0  0  0  4  0  1  3  13  0  24336  0  1  994  21  
0  0  0  0  0  787  2974  288  0  0  0  0  0  0  0  2438  0  0  0  0  0  0  0  0  0  0  0  0  0  0  0  0  0  0  0  0  0  0  0  0  0  0  0  0  0  0  0  0  0  0  0  0  0  0  0  0  0  0  0  0  0  0  0  0  0  110  0  0  0  0  0  0  0  0  0  0  0  0  6  42185  0  27877  0  1  0  0  0  0  123  84067  0  0  0  0  0  0  0  0  0  0  0  0  3  0  0  0  0  0  0  0  0  0  0  0  0  0  0  0  46  1  0  0  0  0  0  285  6  52102  0  17  0  0  0  0  0  0  0  0  2  32413  3  278  3030  0  0  0  0  0  0  0  0  0  0  0  0  47  0  0  8  1  
0  0  14  0  0  5  683  6811  15  0  0  0  0  0  0  1999  0  0  0  0  0  0  0  0  0  0  0  0  0  0  0  0  0  0  0  0  0  0  0  0  0  0  0  0  0  18  0  0  0  0  0  0  0  0  0  0  0  0  0  0  0  0  0  0  0  193  0  0  0  0  0  0  0  0  0  0  1014  0  0  1  29093  0  12630  0  0  0  0  0  0  78289  0  0  0  0  0  0  0  0  0  0  0  14  10481  0  0  0  0  0  0  2  0  0  0  0  0  0  0  0  10129  27932  0  0  0  0  0  0  0  2623  0  21  0  0  0  0  0  0  0  0  0  28693  57  8  35926  0  6  0  1  0  0  0  0  0  0  0  0  12  0  0  0  0  
0  0  8  0  0  0  0  227  3426  129  0  0  0  0  0  5  0  0  0  0  0  0  0  0  0  0  0  0  0  33  0  0  0  0  0  0  0  0  0  0  0  0  0  1  0  136  0  0  0  0  0  0  0  0  0  0  0  0  0  0  0  0  0  0  0  589  0  0  0  0  1533  0  0  0  0  0  21  3  0  0  2  7982  0  6615  9  0  0  0  0  6  0  0  0  0  0  3  0  0  50  12  15  10  28  3021  0  0  1  0  0  462  0  1  0  0  97  0  0  359  139  27322  0  10  8  0  3  4  0  1  152  618  1  1  1  0  1  1  0  0  426  35671  199  41  23  0  36573  1  361  5  0  0  0  0  0  0  0  3  23  11  191  7  
0  0  0  0  0  0  0  0  126  394  0  0  0  0  0  0  0  0  0  0  0  10  0  0  0  0  0  0  0  166  0  0  0  0  0  0  0  0  0  0  0  0  0  0  0  0  0  0  0  0  0  0  0  0  0  0  0  0  0  0  0  0  0  0  0  311  0  0  0  0  3  0  0  0  0  1  0  2  0  0  0  0  8162  0  1061  0  0  0  0  0  0  0  0  0  0  1736  6927  0  18  6  5  4  6  15473  0  0  1  0  0  85  0  0  0  0  275  0  0  28190  30  8  0  1  7  0  1  1  0  0  25  110  0  4  1  0  0  1  0  0  975  36811  142  14  4  0  678  2  128  3  0  2  0  8  5  11  0  5  5368  117  92  2  
0  0  0  0  0  0  0  0  20  1  3717  0  0  0  0  0  0  0  0  410  0  593  0  0  0  0  4  0  0  276  0  0  0  0  0  0  0  0  0  0  0  0  0  9  0  0  0  0  0  0  0  0  0  0  0  0  0  0  0  0  0  0  0  0  16  0  0  0  0  0  0  0  0  0  0  0  0  0  0  0  0  0  2  463  0  0  0  0  0  0  0  0  0  57904  0  16882  1  0  0  0  11  0  0  4758  0  0  0  0  0  0  0  0  0  0  0  41320  0  77090  0  0  0  0  0  0  0  0  0  0  0  2  0  26620  0  0  2  0  0  0  69835  0  0  0  0  0  10  0  0  0  0  0  0  0  0  0  0  0  1  0  0  0  
0  0  0  0  0  0  0  0  0  0  0  0  0  0  0  0  0  0  0  0  0  0  0  0  0  0  0  0  0  0  0  0  0  0  0  0  0  0  0  0  0  0  0  0  0  0  0  0  0  0  0  0  0  0  0  0  0  0  0  0  0  0  0  0  0  0  0  0  0  0  0  0  0  0  10  0  0  29599  1  4  0  0  0  0  0  0  2  15156  4  0  5  294  0  0  0  0  0  5  0  11  0  0  8637  0  0  0  923  359  1105  1  0  0  71  24379  5  0  0  0  26  0  37  219  54192  0  0  11382  15  0  0  0  0  0  0  0  0  3  0  0  1  4  7  58559  0  0  0  0  1  0  0  0  0  0  0  0  0  11  0  0  12  0  
0  0  0  0  0  0  0  0  0  0  0  0  0  0  0  0  0  0  0  0  0  0  0  0  0  0  0  0  0  0  0  0  0  0  0  0  0  0  0  0  0  0  0  0  0  0  0  0  0  0  0  0  0  0  0  0  0  0  0  0  0  0  0  0  0  0  0  0  0  0  0  0  0  0  413  0  0  0  1  10  0  0  0  0  0  6  0  16174  1  0  0  26  0  0  0  0  0  43709  0  0  0  0  0  0  1  3  0  14  0  0  0  0  30420  15  0  0  0  0  0  0  11960  0  70  0  0  74  57  0  0  0  0  0  0  0  0  13830  289  5418  0  30  0  0  0  0  0  0  0  0  0  0  0  0  0  0  0  47  0  0  87  0  
0  0  0  0  0  0  0  0  0  0  0  0  0  0  0  0  0  0  0  0  0  0  0  0  0  0  0  0  0  0  0  0  0  0  0  0  0  0  0  0  0  0  0  0  0  0  0  0  0  0  0  0  0  0  0  0  0  0  0  0  0  0  0  0  0  0  0  0  0  0  0  0  0  0  418  0  0  31  1  21  0  0  0  0  0  19926  16138  0  1031  0  0  9  0  0  0  0  0  3287  0  1  0  0  460  0  0  0  0  0  0  0  0  0  39018  19504  2  0  0  0  1  0  117  0  8861  0  0  60338  260  0  2  0  0  0  0  0  0  22323  7  5911  2  56  5  11  0  0  0  0  3  0  0  0  0  0  0  0  0  132  0  0  138  0  
0  0  0  0  0  0  0  0  0  0  0  0  0  0  0  0  0  0  0  0  0  0  0  0  0  0  0  0  0  0  0  0  0  0  0  0  0  0  0  0  0  0  0  0  0  0  0  0  0  0  0  0  0  0  0  0  0  0  0  0  0  0  0  0  0  0  0  0  0  0  0  0  0  0  6268  0  0  0  36920  10240  19  0  0  0  0  2  0  2231  0  37442  0  0  0  0  0  0  0  12334  0  0  0  0  6384  1  0  0  0  0  0  0  0  0  12  5  0  0  0  1  1  0  0  0  18  0  0  182277  234048  113088  0  0  0  0  0  0  0  29983  0  4  0  667  0  28068  18709  0  0  0  1  0  0  0  0  0  0  0  0  266  0  0  32  1  
42  0  82  0  25  788  563  620  1  0  0  0  0  0  0  8733  0  0  0  0  0  0  0  11  0  0  0  0  0  0  954  14  0  0  0  0  0  0  0  0  0  0  0  0  0  5  0  0  0  0  0  0  0  0  0  0  0  0  0  0  0  0  1  0  0  3  0  0  1  190  0  0  0  0  17260  0  49570  0  89424  140808  94040  82855  11  0  0  0  0  0  30415  0  0  0  0  0  0  0  0  652  0  0  0  1  18346  0  6674  117  0  0  0  0  0  0  0  0  0  0  0  0  10149  10438  0  0  2  0  0  50  871  108398  0  0  0  0  0  0  0  1  3791  4416  2  116  4  6  19121  40545  0  0  0  0  0  0  0  0  0  0  0  257  0  0  45  2  
0  0  0  0  0  0  0  0  0  0  0  0  0  0  0  0  0  0  0  0  0  0  0  0  0  0  0  0  0  0  0  0  0  0  0  0  0  0  0  0  0  0  0  0  0  0  0  0  0  0  0  0  0  0  0  0  0  0  0  0  0  0  0  0  0  0  0  0  0  0  0  0  0  0  0  5  0  9  0  0  0  0  1  0  0  9  0  0  0  0  0  50018  0  0  1  0  5664  38  1  51  0  0  0  0  0  0  1520  45  14072  49  0  54  0  2  9968  0  804  0  7  0  130  41662  15923  27  0  2  0  0  2  4  0  2  2  12  19  0  2  0  6  1  21  8  0  0  1  6  590  3  0  0  0  0  0  0  1649  1  1560  69  44541  1  
0  0  0  0  0  0  0  0  0  0  0  0  0  0  0  0  0  0  0  0  0  0  0  0  0  0  0  0  0  0  0  0  0  0  0  0  0  0  0  0  0  0  0  0  0  0  0  0  0  0  0  0  0  0  0  0  0  0  0  0  0  0  0  0  0  0  0  0  0  0  0  0  0  0  1  3  0  13  0  22  0  0  0  0  0  546  7  7  1  0  45852  0  0  0  0  0  18166  7611  1  2  1  0  0  0  0  7  182  186  4057  29  0  19  8  386  62  0  2  0  0  0  26894  3595  43639  1  0  126  46  3  1  1  0  0  0  0  9  0  33  0  5  8  1  0  0  0  1  2  289  1  0  0  0  0  0  0  2919  17  288  601  33420  9  
0  0  0  0  0  0  0  0  0  0  0  0  0  0  0  0  0  0  0  0  0  0  0  0  0  0  0  0  0  0  0  0  0  0  0  0  0  0  0  0  0  0  0  0  0  0  0  0  0  0  0  0  0  0  0  0  0  0  0  0  0  0  0  0  0  0  0  0  0  0  0  0  0  0  0  35451  0  0  0  0  0  0  0  0  1  0  0  0  0  0  0  0  0  1247  0  298  0  0  33965  0  1  0  0  0  0  0  0  0  0  0  2  27  0  0  0  27442  0  906  2  0  0  0  5  0  608  1  0  0  6  4061  85436  57442  46206  0  57  0  0  0  4922  0  0  4  1  0  0  35  42965  0  0  0  0  0  0  0  0  0  0  2  4  1  
0  0  0  0  0  0  0  0  0  0  970  0  0  0  0  0  0  0  0  47  0  0  0  0  0  0  5  0  0  83  0  0  0  0  0  0  0  0  0  0  0  0  0  0  0  0  0  0  0  0  0  0  0  0  0  0  0  0  0  0  0  0  0  0  1  0  0  0  0  0  0  0  0  0  0  0  0  0  0  0  0  0  0  0  56765  0  0  0  0  0  0  0  1036  0  0  5  0  0  0  0  8818  0  0  427  0  0  0  0  0  0  0  0  0  0  0  23102  0  1422  0  0  0  0  0  0  1  0  0  0  0  6175  6  62787  0  0  0  0  0  0  17816  0  0  0  0  0  0  0  1  0  0  0  0  0  0  0  0  0  0  0  0  0  
0  0  0  0  0  0  0  0  0  0  0  0  0  0  0  0  0  0  0  0  0  9  1  0  0  0  0  0  0  0  0  0  0  0  0  0  0  0  0  0  0  0  0  0  0  0  0  0  0  0  0  0  0  0  0  0  0  0  0  0  0  0  0  0  0  0  0  0  0  0  0  0  0  0  0  51051  0  0  0  0  0  0  0  0  0  0  0  0  0  0  0  0  2  0  0  8198  1463  0  0  0  0  0  0  0  0  2  0  0  4  1  5513  33  0  0  0  313  48  0  2  0  0  0  3  34041  27676  0  0  0  0  0  1  0  1159  61377  83529  0  0  0  0  0  0  1  0  0  0  203  24  0  0  0  1  4  0  0  3  1  31  14  5  0  
0  1  0  0  0  0  0  0  25  17  575  0  0  0  0  0  0  0  0  6  2  947  6  0  0  0  0  0  0  75  0  0  0  0  0  0  0  0  0  0  0  0  0  8  0  0  0  0  0  0  0  0  0  0  0  0  0  0  0  0  1  0  0  0  1  10  0  0  0  0  1  0  0  0  0  32  0  0  0  0  0  0  4  1702  10723  0  0  0  0  0  0  0  618  2  3769  0  13558  0  29  0  1  0  0  70  0  0  0  0  0  1  0  1  0  0  2  47526  0  102394  3  0  0  0  2  0  41554  0  0  0  5  14  3037  2220  2011  0  83796  0  0  0  2524  27  0  0  0  0  0  17  503  0  0  0  0  35  1  0  0  1  435  36  6  0  
0  0  0  0  0  0  0  0  0  1  0  0  0  0  0  0  0  0  0  0  0  3  1  0  0  0  0  0  0  0  0  0  0  0  0  0  0  0  0  0  0  0  0  0  0  0  0  0  0  0  0  0  0  0  0  0  0  0  0  0  0  0  0  0  0  0  0  0  0  0  0  0  0  0  0  0  0  0  0  1  0  0  17  9166  0  1  0  0  0  0  9361  41369  0  0  2370  9708  0  14726  3  1  0  0  0  2  159  7116  1  14  21496  19  1566  50  0  0  74  0  45089  16078  5  0  1270  293  2  11400  0  0  0  0  2  15  2  14  5  58  44788  0  13782  1  16  933  10  1  0  0  1  3  149  1  0  0  2  151  1  0  40413  81  94718  4602  62363  4607  
67  0  0  0  0  1  0  0  0  0  0  0  0  0  0  0  0  0  0  0  0  0  0  11  0  0  0  0  0  0  289  4  0  0  0  0  0  0  0  0  0  0  0  0  0  0  0  0  0  0  0  0  0  0  0  0  0  0  0  0  0  0  0  0  0  0  0  0  0  6  0  0  0  0  86222  0  0  0  55  5021  0  0  0  0  0  13  49237  7303  14874  252  20  10387  0  0  0  0  19549  0  0  0  0  0  0  0  18150  2329  0  103  64  0  0  1  11437  6  0  0  4  0  1  0  35772  13  20  0  0  81  24  0  0  0  0  0  0  0  0  58432  85880  118672  0  16  0  0  0  1639  0  0  0  0  0  0  0  0  0  0  49  3606  20  10  22700  33  
0  0  0  0  0  0  0  0  0  0  0  0  0  0  0  0  0  0  0  0  0  0  0  0  0  0  0  0  0  0  0  0  0  0  0  0  0  0  0  0  0  0  0  0  0  0  0  0  0  0  0  0  0  0  0  0  0  0  0  0  0  0  0  0  0  0  0  0  0  0  0  0  0  0  1  28  0  19  0  4  0  0  132  43  0  0  0  2  0  0  0  0  26207  0  0  2  0  0  0  29398  332  9  2  49  0  0  6  1  0  2489  0  1  0  0  593  0  0  609  300  4  1  54  368  0  28  67  2  1  47814  99241  31  2976  29  0  13  6  0  0  3377  173  1893  152  6  0  97  7  176899  14  0  0  0  0  0  0  3  35  30  49  878  59  
0  0  0  0  0  0  0  0  0  0  0  0  0  0  0  0  0  0  0  0  0  0  0  0  0  0  0  0  0  0  0  0  0  0  0  0  0  0  0  0  0  0  0  0  0  0  0  0  0  0  0  0  0  0  0  0  0  0  0  0  0  0  0  0  0  0  0  0  0  0  0  0  0  0  7  0  0  51575  0  3  0  0  13  3  0  3  0  20  0  0  14  1  0  0  0  0  0  0  30078  0  1  2898  2  0  0  0  177  22282  0  58478  0  26  2  0  66375  0  0  11  498  0  0  427  2316  0  0  312  2  1  60779  797  0  10  1  0  3  30  0  1  57  24  82670  242  11  0  13  1  41931  251  0  0  0  1  0  0  3  56  84  154  1845  76  
0  0  0  0  0  0  0  0  0  0  1  0  0  0  0  0  0  0  0  0  0  0  0  0  0  0  3  0  0  18  0  0  0  0  0  0  0  0  0  0  0  0  0  0  0  0  0  0  0  0  0  0  0  0  0  0  0  0  0  0  0  0  0  0  0  0  0  0  0  0  0  0  0  0  0  0  3546  0  0  0  1  0  124  18  17  0  0  0  0  0  0  0  0  9281  0  0  0  0  1119  1  0  9  3  103320  0  0  0  0  0  20  0  0  0  0  2  0  0  15  31  1860  0  0  2  0  0  2  0  4  8  89786  0  29  0  0  0  0  0  0  13152  139  37111  0  6  0  24928  0  28  0  0  0  0  0  0  0  0  0  0  1  9  0  
0  0  0  0  0  0  0  0  0  0  0  0  0  0  0  0  0  0  0  0  0  0  0  0  0  0  0  0  0  0  0  0  0  0  0  0  0  0  0  0  0  0  0  0  0  0  0  0  0  0  0  0  0  0  0  0  0  0  0  0  0  0  0  0  0  0  0  0  0  0  0  0  0  0  1  0  7426  24252  0  0  4  25  38  30  0  3  0  7  0  9  0  0  0  0  0  0  0  0  17  4259  29  0  11056  48  0  0  0  0  0  7  0  0  0  0  10  0  0  57  154645  6847  2  0  509  0  1  74  7  0  34  426  0  7  2  0  0  18  0  1  113  821  110173  84  13  0  20  0  30  0  0  0  0  0  0  0  0  23  0  4  200  7  
0  0  0  0  0  0  0  2  0  0  0  0  0  0  0  0  0  0  0  0  0  0  0  0  0  0  0  0  0  0  0  0  0  0  0  0  0  0  0  0  0  0  0  0  0  0  0  0  0  0  0  0  0  0  0  0  0  0  0  0  0  0  0  0  0  1  0  0  0  0  0  0  0  0  0  0  34462  44572  0  3  9  13032  15  4  0  8198  0  289  16907  13156  0  0  0  0  0  0  0  0  4  12  1  14212  0  2  0  0  0  0  0  6  0  0  0  0  4  0  0  5  138771  3924  0  0  6  0  0  13795  3  144  9  43  0  0  0  0  0  0  0  0  3  702  286  83929  88549  0  5  0  5  0  0  0  0  0  0  0  0  604  0  6  182  66  
0  0  20  0  0  0  0  0  70  6  135  0  0  0  0  0  0  0  0  3  0  3  0  0  0  0  108  0  0  3222  0  0  0  0  0  0  0  0  0  0  0  0  0  0  0  0  0  0  0  0  0  0  0  0  0  0  0  0  0  0  0  0  0  0  19  41  0  0  0  0  84  0  0  0  0  0  8181  0  0  0  0  0  3245  15342  4635  0  0  0  0  0  0  0  0  1044  0  47  0  0  7  0  101876  0  3  0  0  0  0  0  0  23  0  0  0  0  4  0  0  4228  8  29658  0  0  1  0  0  1  0  0  8  7998  0  2  1  0  1  0  0  0  69985  256  6112  2  0  0  75188  0  13  0  0  0  0  0  0  0  0  0  0  1  9  0  
68  0  0  0  0  162  0  0  0  0  0  0  0  0  0  0  0  0  0  0  0  0  0  176  0  0  0  0  0  0  5202  172  0  0  0  0  0  0  0  0  0  0  0  0  0  0  0  0  0  0  0  0  0  0  0  0  0  0  0  0  0  0  10  0  0  0  0  0  0  213  0  0  0  0  10755  0  0  0  480  9672  0  0  0  0  0  0  0  0  0  7254  0  1  0  0  0  0  59  17086  0  0  0  0  0  0  0  26053  0  0  0  0  0  0  0  0  0  0  0  0  0  0  2  0  0  0  0  0  0  0  0  0  0  0  0  0  0  0  54978  40  0  1  0  0  0  32386  0  0  0  0  0  0  0  1  2  1  15  59  86  138  4891  25  
0  0  0  0  0  139  0  0  0  0  0  0  0  0  0  0  0  0  0  0  0  0  0  0  0  0  0  0  0  0  41  6328  0  0  0  0  0  0  0  0  0  0  0  0  0  0  0  0  0  0  0  0  0  0  0  0  0  0  0  0  0  0  2  0  0  138  0  0  0  65  0  0  0  0  17  0  0  0  0  15058  0  0  0  0  0  0  3  0  0  33  4  5  0  0  0  0  5860  2728  0  0  0  0  0  0  20042  0  0  0  4  0  0  0  2  0  0  0  0  0  0  0  10  3  0  0  0  0  0  0  0  0  0  0  0  0  0  3  29549  723  0  5448  0  0  0  57  0  0  0  0  2  27  0  289  2  40  593  9496  1673  2325  25436  15228  
0  0  0  0  0  0  0  0  0  0  0  0  0  0  0  0  0  0  0  0  0  0  0  0  0  0  0  0  0  0  0  0  0  0  0  0  0  0  0  0  0  0  0  0  0  0  0  0  0  0  0  0  0  0  0  0  0  0  0  0  0  0  0  0  0  0  0  0  0  0  0  0  0  0  0  7  0  357  0  0  0  0  0  0  0  279  0  0  0  0  812  70  0  0  0  0  0  0  0  142  0  0  0  0  0  0  0  17533  4343  5971  0  1  0  0  12790  0  0  1  3  0  0  30413  451  0  2  2  0  0  0  0  0  1  3  1  44  0  0  0  1  1  0  1  0  0  0  8  1011  47782  0  0  0  0  0  0  2  0  25  263  193  0  
0  0  0  0  0  0  0  0  0  0  0  0  0  0  0  0  0  0  0  0  0  0  0  0  0  0  0  0  0  0  0  0  0  0  0  0  0  0  0  0  0  0  0  0  0  0  0  0  0  0  0  0  0  0  0  0  0  0  0  0  0  0  0  0  0  0  0  0  0  0  0  0  0  0  0  4  0  135  0  0  0  0  0  0  0  482  3  0  0  0  6  19  0  0  0  0  0  211  1  22762  0  0  0  0  0  0  17003  0  74816  60177  17  8356  0  0  1011  0  15322  2  0  0  3  10591  48  41  2  3  0  0  0  0  0  0  5  2  37  0  0  0  4  1  0  1  0  0  1  43  91038  23191  0  0  0  0  0  0  6  1  243  193  23  0  
0  0  0  0  0  0  0  0  0  0  0  0  0  0  0  0  0  0  0  0  0  0  0  0  0  0  0  0  0  0  0  0  0  0  0  0  0  0  0  0  0  0  0  0  0  0  0  0  0  0  0  0  0  0  0  0  0  0  0  0  0  0  0  0  0  0  0  0  0  0  0  0  0  0  0  4  0  4  0  0  0  0  0  0  0  956  0  0  0  0  15161  4429  0  0  0  0  24796  79  0  0  0  0  0  0  0  3  4927  59260  0  55  330  2835  0  1  6  0  38807  0  0  0  4  50764  59  4667  0  0  0  0  0  0  0  0  16  1730  45  0  7  1  0  0  0  0  0  0  0  780  35161  2887  0  0  0  0  0  0  5405  0  72  0  6  0  
0  0  0  0  0  0  0  0  0  0  0  0  0  0  0  0  0  0  0  0  0  0  0  0  0  0  0  0  0  0  0  0  0  0  0  0  0  0  0  0  0  0  0  0  0  0  0  0  0  0  0  0  0  0  0  0  0  0  0  0  0  0  0  0  0  0  0  0  0  0  0  0  0  0  4  9  0  86  1  2  0  0  137  18  0  0  0  2  1  0  11  4  0  0  0  1  1  0  733  57792  2  22  2  21  0  0  5142  63387  33  0  0  18  0  0  46831  0  9  72  203  1  0  2266  434  1  4  177  4  1  1234  141  6  12  6  1  67  10  0  1  194  170  172  182  2  0  39  3  38228  47423  0  0  0  3  0  0  20  62  693  963  3366  47  
0  0  0  0  0  0  0  0  0  0  0  0  0  0  0  0  0  0  0  0  0  0  0  0  0  0  0  0  0  0  0  0  0  0  0  0  0  0  0  0  0  0  0  0  0  0  0  0  0  0  0  0  0  0  0  0  0  0  0  0  0  0  0  0  0  0  0  0  0  0  0  0  0  0  0  5835  0  0  0  0  0  0  0  0  0  0  0  0  0  0  0  0  1  0  2692  2  1213  0  0  0  0  0  0  0  0  0  0  4  470  0  0  72373  0  0  0  0  17389  0  0  0  0  17  0  54035  0  0  0  0  0  0  0  0  6209  58514  287  0  0  0  0  0  0  0  0  0  0  73137  1183  0  0  0  0  0  0  0  1  0  4  0  0  0  
0  0  0  0  0  0  0  0  0  0  0  0  0  0  0  0  0  0  0  0  0  0  0  0  0  0  0  0  0  0  0  0  0  0  0  0  0  0  0  0  0  0  0  0  0  0  0  0  0  0  0  0  0  0  0  0  0  0  0  0  0  0  0  0  0  0  0  0  0  0  0  0  0  0  1  6166  0  0  0  0  0  0  0  0  0  0  0  0  0  0  0  1  106  0  30  0  14  0  4  47  0  3  0  0  0  0  1  9862  1505  47  72948  0  0  0  18  0  21370  6  13  0  0  1887  17  3072  48  8  0  0  0  0  40  0  35471  22235  4133  0  0  0  2  0  3  6  1  0  0  104310  146029  3  0  0  0  0  0  0  254  3  6429  21  35  0  
0  0  0  0  0  0  0  0  0  0  0  0  0  0  0  0  0  0  0  0  0  0  0  0  0  0  0  0  0  0  0  0  0  0  0  0  0  0  0  0  0  0  0  0  0  0  0  0  0  0  0  0  0  0  0  0  0  0  0  0  0  0  0  0  0  0  0  0  0  0  0  0  0  0  1870  0  0  0  26  80  0  0  0  0  0  126  23480  45715  11  0  0  2  0  0  0  0  0  11073  2  0  0  0  0  0  0  1  0  1  0  1  0  0  0  921  1  0  0  1  3  0  6964  0  15793  0  0  13221  610  0  0  0  0  0  0  0  0  7427  314  13570  1  344  0  6  0  0  0  0  0  0  0  0  0  0  0  0  0  371  0  0  468  1  
0  0  0  0  0  0  0  0  0  0  0  0  0  0  0  0  0  0  0  0  0  0  0  0  0  0  0  0  0  0  0  0  0  0  0  0  0  0  0  0  0  0  0  0  0  0  0  0  0  0  0  0  0  0  0  0  0  0  0  0  0  0  0  0  0  0  0  0  0  0  0  0  0  0  23  0  0  0  0  1  0  0  0  0  0  27219  8  23165  0  0  0  177  0  0  0  0  0  6  0  0  0  0  0  0  0  0  0  0  0  0  0  0  1847  0  0  0  0  0  0  0  69  0  13664  0  0  989  3  0  0  0  0  0  0  0  0  8  0  35  0  2  0  146  0  0  0  0  0  0  0  0  0  0  0  0  0  8  0  0  2  0  
0  0  0  0  0  0  0  0  0  1  0  0  0  0  0  0  0  0  0  0  0  0  0  0  0  0  0  0  0  0  0  0  0  0  0  0  0  0  0  0  0  0  0  0  0  0  0  0  0  0  0  0  0  0  0  0  0  0  0  0  0  0  0  0  0  1  0  0  0  0  0  0  0  0  47  40  0  16042  5  44  1  0  586  188  0  12  1  132  1  0  7879  29  2  0  0  0  5  0  1459  63719  12  96  3  76  0  0  10205  1118  0  60779  0  12  6  1  0  0  2  696  1077  5  12  32924  31322  0  76  6641  33  9  2158  638  30  267  62  1  97  178  1  17  2356  413  2726  3034  12  0  381  13  10812  13456  0  0  0  5  0  0  33  663  2478  5371  77808  200  
0  0  0  0  0  0  0  0  0  0  2  0  0  0  0  0  0  0  0  2  0  2  0  0  0  0  0  0  0  0  0  0  0  0  0  0  0  0  0  0  0  0  0  0  0  0  0  0  0  0  0  0  0  0  0  0  0  0  0  0  0  0  0  0  0  0  0  0  0  0  0  0  0  0  0  27471  0  0  0  0  0  0  0  0  38959  0  0  0  0  0  0  0  24207  20899  191  48455  0  0  0  0  0  0  0  0  0  0  0  0  0  0  0  0  0  0  0  0  0  30416  0  0  0  0  0  0  56508  0  0  0  0  0  5266  880  257  0  54  0  0  0  8  0  0  0  0  0  0  0  4  0  0  0  0  0  0  0  0  0  0  0  0  0  
0  0  0  0  0  0  0  0  0  0  0  0  0  0  0  0  0  0  0  0  0  0  0  0  0  0  0  0  0  0  0  0  0  0  0  0  0  0  0  0  0  0  0  0  0  0  0  0  0  0  0  0  0  0  0  0  0  0  0  0  0  0  0  0  0  0  0  0  0  0  0  0  0  0  0  3  0  0  0  0  0  0  0  0  0  0  0  0  0  0  12  0  0  0  13  0  51003  4  0  0  0  0  0  0  0  0  0  10828  45622  10  18642  21190  0  0  7  0  0  0  0  0  0  507  0  39629  0  0  0  0  0  0  0  0  11  1595  107  0  0  0  1  0  0  0  0  0  0  15086  5113  0  0  0  0  0  0  0  12557  0  1879  1  0  0  
0  0  0  0  0  0  0  0  0  0  82  0  0  0  0  0  0  0  0  0  0  22  0  0  0  0  0  0  0  0  0  0  0  0  0  0  0  0  0  0  0  0  0  0  0  0  0  0  0  0  0  0  0  0  0  0  0  0  0  0  0  0  0  0  0  1  0  0  0  0  0  0  0  0  0  33  0  10  0  2  0  0  769  28361  75665  0  0  2  0  0  0  0  1282  1057  1  112024  14934  0  881  11  19  7  8  6312  0  0  2  0  0  211  0  2  0  0  140  28219  0  0  113  7  0  13  145  0  3148  57  1  0  110  533  11603  30785  501  2  3537  0  0  0  66688  923  154  92  3  0  113  22  4142  4  0  0  2  32  0  0  0  13  2744  43  265  21  
0  0  16  0  0  0  1  1  0  0  0  0  0  0  0  0  0  0  0  0  0  0  0  0  0  0  0  0  0  0  0  0  0  0  0  0  0  0  0  0  0  0  0  0  0  0  0  0  0  0  0  0  0  0  0  0  0  0  0  0  0  0  0  0  0  7  0  0  0  0  0  0  0  0  9  0  37512  20677  1  21  37  13778  308  83  0  0  0  13  1  4303  0  1  0  0  0  0  0  0  85  1091  40  161705  123655  92  0  0  0  1  0  131  0  0  0  1  97  0  0  117  0  62743  0  12  2068  0  2  259  9  187  128  977  3  20  1  0  0  17  0  0  223  2547  57979  22058  10545  0  125  0  260  0  0  0  0  0  0  0  0  19058  4  444  12705  5474  
0  0  76  0  0  0  0  180  53  0  0  0  0  0  0  55  0  0  0  0  0  0  0  0  0  0  0  0  0  0  0  0  0  0  0  0  0  0  0  0  0  0  0  0  0  92  0  0  0  0  0  0  0  0  0  0  0  0  0  0  0  0  0  0  0  1  0  0  0  0  3  0  0  0  0  0  27275  0  0  3  74  27131  24498  6  0  0  0  0  0  7222  0  0  0  0  0  0  0  0  4  0  3779  2656  5118  32510  0  0  0  0  0  1  0  0  0  0  1  0  0  5  45928  0  0  0  0  0  0  0  0  4  5  10503  0  0  0  0  0  0  0  0  39  860  39680  0  993  0  29371  0  4  0  0  0  0  0  0  0  0  7  0  0  6  0  
0  0  0  0  0  0  0  0  0  0  0  0  0  0  0  0  0  0  0  0  0  0  0  0  0  0  0  0  0  0  0  0  0  0  0  0  0  0  0  0  0  0  0  0  0  0  0  0  0  0  0  0  0  0  0  0  0  0  0  0  0  0  0  0  0  0  0  0  0  0  0  0  0  0  3733  0  0  0  70  322  0  0  0  0  0  163  15973  768  59  1  1  19722  0  0  0  0  1152  35691  0  0  0  0  0  0  0  5  0  5  5  0  0  0  7944  206  0  0  0  0  0  0  0  2  11569  0  0  3654  1380  5  0  0  0  0  0  0  0  607  3956  3504  0  712  0  1  0  0  0  0  1  0  0  0  0  0  0  0  21  621  0  1  52203  0  
0  0  0  0  0  0  0  0  0  0  0  0  0  0  0  0  0  0  0  0  0  0  0  0  0  0  0  0  0  0  0  0  0  0  0  0  0  0  0  0  0  0  0  0  0  0  0  0  0  0  0  0  0  0  0  0  0  0  0  0  0  0  0  0  0  0  0  0  0  0  0  0  0  0  0  60  0  13  0  0  0  0  6  6  0  61  0  1  0  0  30838  8490  0  0  0  0  38  16  16  49  0  3  0  0  0  0  26849  8591  47072  653  18  2289  0  1  24959  0  6400  11  12  0  28  0  189  569  16  20  0  0  8  12  1  4  48  190  235  0  0  0  32  8  20  18  0  0  0  170  111190  18735  0  0  0  18  0  0  4748  7  6266  10522  36029  1  
0  0  0  0  0  0  0  0  0  0  0  0  0  0  0  0  0  0  0  0  0  0  0  0  0  0  0  0  0  0  0  0  0  0  0  0  0  0  0  0  0  0  0  0  0  0  0  0  0  0  0  0  0  0  0  0  0  0  0  0  0  0  0  0  0  0  0  0  0  0  0  0  0  0  573  0  0  38267  95  2027  3  0  184  9  0  40023  80  5024  290  21  13579  47402  2  0  0  0  0  14  435  1837  12  161  8  25  0  0  509  101  182  244  0  0  12181  10689  25346  0  0  150  4444  2  12337  104  0  0  11  48928  2291  79  276  299  27  188  8  0  1  261  8  90  916  2882  2525  29375  26  0  129  1  1639  3  0  0  0  0  0  0  9  3130  6  97  76862  211  
0  0  0  0  0  0  0  0  0  0  0  0  0  0  0  0  0  0  0  0  0  0  0  0  0  0  0  0  0  0  0  0  0  0  0  0  0  0  0  0  0  0  0  0  0  0  0  0  0  0  0  0  0  0  0  0  0  0  0  0  0  0  0  0  0  0  0  0  0  0  0  0  0  0  0  16  0  0  0  0  0  0  0  0  0  0  0  0  0  0  2  1  0  0  30229  0  12099  0  1  0  0  0  0  0  0  0  0  5  4467  6  49483  5893  0  0  3  0  47812  0  0  0  0  426  0  0  1  0  0  0  0  0  0  0  46  23124  13570  0  0  0  0  0  0  0  0  0  0  6538  4295  0  0  0  0  0  0  0  455  0  8149  0  2  0  
0  0  0  0  0  0  0  0  0  0  0  0  0  0  0  0  0  0  0  0  0  1  0  0  0  0  0  0  0  0  0  0  0  0  0  0  0  0  0  0  0  0  0  0  0  0  0  0  0  0  0  0  0  0  0  0  0  0  0  0  0  0  0  0  0  0  0  0  0  0  0  0  0  0  0  45304  0  1  0  0  0  0  0  0  0  0  0  0  0  0  0  0  242  2  22146  45446  0  0  3  1  0  5  0  0  0  0  0  0  0  5  0  2  0  0  7  45753  0  1244  19  0  0  2  37  0  0  9  1  0  0  2  3256  79  16893  15  26875  0  0  0  149  1  4  16  0  0  0  55  235  0  0  0  0  0  0  0  0  5  2  2  50  2  
0  0  0  0  0  0  0  0  0  0  0  0  0  0  0  0  0  0  0  0  0  0  0  0  0  0  0  0  0  0  0  0  0  0  0  0  0  0  0  0  0  0  0  0  0  0  0  0  0  0  0  0  0  0  0  0  0  0  0  0  0  0  0  0  0  1  0  0  0  0  0  0  0  0  2128  0  0  20  188  2308  89  0  2  2  0  11828  11  77039  134860  94  0  5  0  0  0  0  0  22  17  12  0  26  21663  2  0  0  0  0  0  8  0  0  8296  800  31  0  0  11  486  0  286  1  39451  0  1  0  16275  21547  3  7  2  16  2  0  0  22006  3  194  28  6866  114  73267  227  0  0  0  179  0  0  0  0  0  0  0  0  18159  2  21  19651  74  
0  0  0  0  0  0  0  0  0  0  0  0  0  0  0  0  0  0  0  0  0  0  0  0  0  0  0  0  0  0  0  0  0  0  0  0  0  0  0  0  0  0  0  0  0  0  0  0  0  0  0  0  0  0  0  0  0  0  0  0  0  0  0  0  0  0  0  0  0  0  0  0  0  0  33640  0  0  0  59585  13671  4  0  0  0  0  13  2  927  215918  2390  0  3  0  0  0  0  0  12  0  0  0  0  0  0  0  0  0  0  0  0  0  0  12  2  1  0  0  0  5  0  77  0  382  0  0  24401  0  53049  0  0  0  0  0  0  0  18189  2  65  0  10341  0  47  3  0  0  0  3  0  0  0  0  0  0  0  0  8132  0  0  949  1  
0  0  0  0  0  0  3  1  0  0  0  0  0  0  0  0  0  0  0  0  0  0  0  0  0  0  0  0  0  0  0  0  0  0  0  0  0  0  0  0  0  0  0  0  0  0  0  0  0  0  0  0  0  0  0  0  0  0  0  0  0  0  0  0  0  6  0  0  0  0  0  0  0  0  18  0  0  1  819  37439  34351  3059  1  1  0  0  0  1  115911  128082  0  0  0  0  0  0  0  0  0  0  0  0  64  3  0  0  0  0  0  0  0  0  0  1  0  0  0  3  210  0  0  0  9  0  0  16508  56154  0  0  22  0  0  0  0  0  0  0  0  4  8513  7  6547  57765  0  3  0  0  0  0  0  0  0  0  0  0  1425  0  11  159  31  
0  0  0  0  0  0  0  0  0  0  0  0  0  0  0  0  0  0  0  0  0  0  0  0  0  0  0  0  0  0  0  0  0  0  0  0  0  0  0  0  0  0  0  0  0  0  0  0  0  0  0  0  0  0  0  0  0  0  0  0  0  0  0  0  0  0  0  0  0  0  0  0  0  0  2  7  0  27  0  1  0  0  82  14  0  0  0  6  0  0  0  0  2  0  0  1  0  0  57577  62649  5  12  1  18  0  0  3  1  0  3711  0  0  0  0  1142  0  0  45  167  0  0  32  280  0  26  74  2  2  0  22916  8  55  25  0  4  8  0  1  6795  123  16393  129  7  0  25  1  24276  6  0  0  0  0  0  0  0  55  21  63  1093  51  
0  0  0  0  0  0  0  1  0  0  0  0  0  0  0  0  0  0  0  0  0  0  0  0  0  0  0  0  0  0  0  0  0  0  0  0  0  0  0  0  0  0  0  0  0  0  0  0  0  0  0  0  0  0  0  0  0  0  0  0  0  0  0  0  0  2  0  0  0  0  0  0  0  0  2  4  1  5  0  11  29  6  2616  518  0  0  0  1  0  4  0  0  3439  7049  0  11  0  0  114131  577  102902  102  165  8594  0  0  8  2  0  2681  0  4  0  0  624  0  1  1231  597  3151  0  78  279  1  18  58  0  63  22855  0  60  18635  21  0  14  5  0  0  44269  2645  34646  147  117  0  33133  3  3340  19  0  0  0  0  0  0  2  46  73  68  836  64  
0  0  0  0  0  0  0  0  0  0  0  0  0  0  0  0  0  0  0  0  0  0  0  0  0  0  0  0  0  0  0  0  0  0  0  0  0  0  0  0  0  0  0  0  0  0  0  0  0  0  0  0  0  0  0  0  0  0  0  0  0  0  0  0  0  0  0  0  0  0  0  0  0  0  0  5580  0  5  0  0  0  0  2  1  1  0  0  3  1  0  0  0  84936  46  0  1713  0  0  397  3  7  7  1  0  0  0  0  0  0  131  0  9  0  0  50  6503  0  2473  76  0  0  4  145  0  2872  21  0  0  51  121  0  15543  5812  0  514  4  0  0  4932  4  15  51  5  0  1  22  21025  1  0  0  0  0  0  0  0  11  3  10  216  11  
0  0  0  0  0  0  0  0  0  0  0  0  0  0  0  0  0  0  0  0  0  0  0  0  0  0  0  0  0  0  0  0  0  0  0  0  0  0  0  0  0  0  0  0  0  0  0  0  0  0  0  0  0  0  0  0  0  0  0  0  0  0  0  0  0  0  0  0  0  0  0  0  0  0  0  1  0  1  0  0  0  0  3  0  24515  0  0  2  0  0  0  0  53173  60230  0  588  2  0  3527  0  147  2  0  0  0  0  0  0  0  119  0  0  0  0  37  742  0  23110  63  0  0  5  71  0  45  15  0  0  44  22138  4850  0  19  0  69  1  0  0  21395  1  9  25  2  0  1  0  5724  0  0  0  0  0  0  0  0  6  2  10  159  18  
0  0  0  0  0  0  0  0  0  0  0  0  0  0  0  0  0  0  0  0  0  0  0  0  0  0  0  0  0  0  0  0  0  0  0  0  0  0  0  0  0  0  0  0  0  0  0  0  0  0  0  0  0  0  0  0  0  0  0  0  0  0  0  0  0  0  0  0  0  0  0  0  0  0  0  52300  0  11  0  2  0  0  1  0  0  0  0  4  0  0  0  0  44854  0  149  209  1  0  49  1  0  4  0  0  0  0  1  0  0  14  5948  34337  0  0  31  144  1  148  100  0  0  12  175  0  13225  55  1  0  13  1  3609  18  0  4232  5009  3  0  0  30  1  13  71  1  0  0  36701  15770  1  0  0  0  0  0  0  1  36  107  4  256  12  
0  0  0  0  0  0  0  0  0  0  0  0  0  0  0  0  0  0  0  0  0  0  0  0  0  0  0  0  0  0  0  0  0  0  0  0  0  0  0  0  0  0  0  0  0  0  0  0  0  0  0  0  0  0  0  0  0  0  0  0  0  0  0  0  0  0  0  0  0  0  0  0  0  0  0  36206  0  0  0  0  0  0  0  0  0  0  0  0  0  0  2  0  0  0  77133  10  16  0  0  0  0  0  0  0  0  0  0  0  627  1  54516  27734  0  0  4  0  2399  0  2  0  0  186  9  28072  169  5  0  0  0  0  0  0  9538  0  34727  0  0  1  1  0  1  1  0  0  0  5065  4891  1  0  0  0  0  0  0  27  1  1300  1  11  0  
0  0  0  0  0  0  0  0  0  0  0  0  0  0  0  0  0  0  0  0  0  42  0  0  0  0  0  0  0  0  0  0  0  0  0  0  0  0  0  0  0  0  0  0  0  0  0  0  0  0  0  0  0  0  0  0  0  0  0  0  0  0  0  0  0  0  0  0  0  0  0  0  0  0  0  21130  0  9  0  1  0  0  3  1  32  0  0  0  0  0  0  0  326  0  88856  74198  52055  0  25  18  0  2  0  0  0  0  26  13  10  93  675  9760  0  0  63  24  183  2669  69  0  0  185  97  21160  22779  45  1  1  8  9  1000  1239  22117  39915  0  0  0  0  1201  4  7  48  2  0  1  5789  3217  18  0  0  0  2  0  0  7  14  51298  70  159  8  
0  0  0  0  0  0  0  0  0  0  0  0  0  0  0  0  0  0  0  0  0  0  0  0  0  0  0  0  0  0  0  0  0  0  0  0  0  0  0  0  0  0  0  0  0  0  0  0  0  0  0  0  0  0  0  0  0  0  0  0  0  0  0  0  0  0  0  0  0  0  0  0  0  0  13758  0  0  1  8  192  2  0  0  0  0  8  15311  40510  22838  0  0  0  0  0  0  0  0  52936  4  0  0  2  0  0  0  0  0  0  0  0  0  0  15062  0  3  0  0  0  17  0  116  0  93  0  0  29437  15934  3  0  1  0  2  0  0  0  0  14  5001  4  538  10  5  1  0  0  0  9  0  0  0  0  0  0  0  0  753  0  1  278  1  
3  0  0  0  0  0  0  0  0  0  0  0  0  0  0  0  0  0  0  0  0  0  0  1  0  0  0  0  0  0  7  4  0  0  0  0  0  0  0  0  0  0  0  0  0  0  0  0  0  0  0  0  0  0  0  0  0  0  0  0  0  0  0  0  0  0  0  0  0  0  0  0  0  0  4857  0  0  0  5  13253  0  0  0  0  0  0  370  15  0  3460  3  86  0  0  1  0  11611  94298  0  0  0  0  0  0  47039  43347  0  1  12  0  0  0  192  0  0  0  0  0  0  0  4123  1  1  0  0  19  11  0  0  0  0  0  0  0  1  40  0  26380  0  9  0  0  0  7611  0  0  0  0  0  0  0  1  0  0  141  1033  522  460  54526  303  
0  0  0  0  0  0  0  0  0  0  0  0  0  0  0  0  0  0  0  0  0  0  0  0  0  0  0  0  0  0  0  0  0  0  0  0  0  0  0  0  0  0  0  0  0  0  0  0  0  0  0  0  0  0  0  0  0  0  0  0  0  0  0  0  0  0  0  0  0  0  0  0  0  0  15053  0  0  1  115  6810  0  0  1  0  0  9  11145  7664  4  225  0  1  0  0  0  0  1  120702  2  0  0  1  0  0  6  4123  0  0  0  1  0  0  19224  3  3  0  0  1  9  0  1991  0  54  0  0  1073  66  1  1  0  0  0  0  0  1  10458  34767  0  1  218  2  3  0  301  0  0  10  0  0  0  0  0  0  0  1  20122  2  0  7600  88  
0  0  0  0  0  0  0  0  0  0  1  0  0  0  0  0  0  0  0  0  0  0  0  0  0  0  0  0  0  8  0  0  0  0  0  0  0  0  0  0  0  0  0  0  0  0  0  0  0  0  0  0  0  0  0  0  0  0  0  0  0  0  0  0  0  0  0  0  0  0  0  0  0  0  1  10  0  10  0  3  15  2  507  2293  82852  0  0  1  0  1  1  1  2449  20998  1  4395  4  0  6994  61  21649  15  14  70776  0  0  6  4  0  2893  0  2  0  0  593  8  0  60075  303  102  1  69  313  0  124  63  0  65  2972  44833  4256  25521  191  0  654  11  0  1  0  263  161  351  36  0  34278  27  10058  17  0  0  0  0  0  0  1  61  64  51  1362  103  
2  0  2  1  2  4512  3695  6754  2117  6062  0  0  0  0  2  9  0  0  0  0  0  2  0  0  0  2  0  1  0  78  0  267  0  0  0  4  0  0  0  0  13  0  0  3  12  9  0  5  7  0  0  13  40  31  0  8  0  0  0  0  0  0  0  0  0  17693  16  4  7  4  363  0  2  0  502  0  0  1  913  60261  32265  26873  41142  51361  0  3  0  7  160  69  0  1  0  0  0  22  1237  1  34  9  18  33  210  1943  0  4996  0  0  0  213  0  0  0  0  428  0  0  2773  835  378  17  18  123  0  3  2191  1005  1855  77  535  0  4  0  0  2  17  0  32  175  0  714  644  3189  0  744  1  239  4  0  525  1  505  1416  2565  4  13821  828  1483  655  54  
0  0  0  0  0  0  0  1  0  0  0  0  0  0  0  0  0  0  0  0  0  0  0  0  0  0  0  0  0  0  0  0  0  0  0  0  0  0  0  0  0  0  0  0  0  0  0  0  0  0  0  0  0  0  0  0  0  0  0  0  0  0  0  0  0  2  0  0  0  0  0  0  0  0  33  1  7756  5293  1  38  72  63  546  343  0  4  0  99  2  10  1  0  0  0  0  0  1  0  916  96298  31834  104171  792  5768  0  0  0  0  0  740  0  0  4  0  4509  0  0  380  53460  59488  4  98  3992  0  1  1667  27  35  12731  26060  2  19  2  0  2  104  0  10  469  5745  0  2056  379  0  18438  0  326  1  0  0  0  0  0  0  0  654  2  248  9504  588  
0  0  0  0  0  0  3  0  0  0  0  0  0  0  0  0  0  0  0  0  0  0  0  0  0  0  0  0  0  0  0  0  0  0  0  0  0  0  0  0  0  0  0  0  0  0  0  0  0  0  0  0  0  0  0  0  0  0  0  0  0  0  0  0  0  4  0  0  0  0  0  0  0  0  9  0  0  30109  2  384  505  7  18  8  0  48784  0  101  34049  33  2  1  0  0  0  0  0  0  12  160  0  101  109542  1  0  0  0  0  0  25  0  0  18  617  259  0  0  11  34196  0  1  2  27710  0  1  60806  44  8504  6  14  1  18  1  0  0  27  0  1  25  1689  182  0  8925  0  1  1  163  0  0  0  0  0  0  0  0  8937  0  402  30216  981  
0  0  0  0  0  0  1  4  0  0  0  0  0  0  0  0  0  0  0  0  0  0  0  0  0  0  0  0  0  0  0  0  0  0  0  0  0  0  0  0  0  0  0  0  0  0  0  0  0  0  0  0  0  0  0  0  0  0  0  0  0  0  0  0  0  10  0  0  0  0  0  0  0  0  0  0  74  0  1  14  1410  38616  24  20  0  0  0  0  19641  22946  0  0  0  0  0  0  0  0  4  8  1  5  87369  7  0  0  0  0  0  5  0  0  0  0  5  0  0  14  16858  170  0  0  7  0  0  52  5  54732  4  68  0  0  0  0  0  0  0  0  9  4146  67  13191  0  0  8  0  6  0  0  0  0  0  0  0  0  964  1  4  140  91  
39  0  0  0  0  62  0  0  0  0  0  0  0  0  0  0  0  0  0  0  0  0  0  17  0  0  0  0  0  0  699  2  0  0  0  0  0  0  0  0  0  0  0  0  0  0  0  0  0  0  0  0  0  0  0  0  0  0  0  0  0  0  0  0  0  0  0  0  0  65  0  0  0  0  10839  0  0  0  3524  8659  0  0  0  0  0  0  0  0  0  39390  0  0  0  0  0  0  0  3011  0  0  0  0  0  0  34906  300  0  0  0  0  0  0  0  0  0  0  0  0  0  0  0  0  0  0  0  0  0  0  0  0  0  0  0  0  0  1  9172  2309  0  0  0  0  0  0  0  0  0  0  0  0  0  0  0  0  0  810  0  0  31  1  
0  0  8  0  0  0  0  0  160  9  3  0  0  0  0  0  0  0  0  0  0  2  0  0  0  0  0  0  0  587  0  0  0  0  0  0  0  0  0  0  0  0  0  0  0  0  0  0  0  0  0  0  0  0  0  0  0  0  0  0  0  0  0  0  1  89  0  0  0  0  357  0  0  0  0  3  40  0  0  1  6  1  37778  855  16  0  0  0  0  0  0  0  0  0  0  0  0  0  147  12  18352  17  6  63164  0  0  2  0  0  519  0  0  0  0  84  0  0  48  57  20000  0  14  10  0  3  7  0  6  169  61276  4  10  2  0  1  0  0  0  26176  1737  12946  33  17  0  0  1  449  1  0  0  0  0  0  0  0  7  8  13  166  10  
0  0  0  0  0  0  0  0  0  0  0  0  0  0  0  0  0  0  0  0  0  0  0  0  0  0  0  0  0  0  0  0  0  0  0  0  0  0  0  0  0  0  0  0  0  0  0  0  0  0  0  0  0  0  0  0  0  0  0  0  0  0  0  0  0  0  0  0  0  0  0  0  0  0  0  3525  0  4  0  0  0  0  0  0  0  0  0  0  0  0  0  0  182  0  95  12  0  0  3  2  0  1  0  0  0  0  0  8  954  8  82721  91055  0  0  15  0  9855  9  51  0  0  82  88  5837  178  28  0  0  4  0  28  2  34775  3942  1855  0  0  0  1  2  4  31  0  0  0  0  6447  5  0  0  0  0  0  0  3  21  67  2  123  7  
0  0  0  0  0  0  0  0  0  0  0  0  0  0  0  0  0  0  0  0  0  0  0  0  0  0  0  0  0  0  0  0  0  0  0  0  0  0  0  0  0  0  0  0  0  0  0  0  0  0  0  0  0  0  0  0  0  0  0  0  0  0  0  0  0  0  0  0  0  0  0  0  0  0  5  10257  0  212  1  12  3  0  532  100  0  0  0  24  2  1  12  35  37958  0  178  98  114  0  176247  43100  12  91  3  59  0  0  1446  106337  32234  51556  535  200934  1  0  12397  2  20992  994  1194  12  2  128767  2260  6226  5917  838  16  3  20276  2823  21380  7357  19792  12074  6524  38  0  2  10734  567  261  849  18  0  188  16115  0  12966  0  0  0  13  1  0  2198  279  15642  4198  5105  153  
0  0  0  0  0  0  0  0  0  0  0  0  0  0  0  0  0  0  0  0  0  0  0  0  0  0  0  0  0  0  0  0  0  0  0  0  0  0  0  0  0  0  0  0  0  0  0  0  0  0  0  0  0  0  0  0  0  0  0  0  0  0  0  0  0  0  0  0  0  0  0  0  0  0  0  23  0  3  0  0  0  0  5  0  0  0  0  0  0  0  4  12  0  0  0  0  1  0  5  95  0  0  0  0  0  0  38964  37219  4400  33669  0  4  0  0  9291  0  0  5  9  0  0  23732  13  0  7  8  0  0  0  2  0  0  16  2  101  0  0  0  4  1  0  5  0  0  0  38  14164  0  0  0  0  5  0  0  10  0  154  1957  455  1  
0  0  0  1  0  0  0  0  0  1  0  1  0  0  0  0  13641  27022  0  0  5  0  71159  120  5  2  0  0  0  2  0  401  0  19  26417  145  0  5  0  0  53  0  57097  1  1  0  30  45116  4  23  6  0  0  0  3  10  0  1  6  4  17  0  6324  0  2  4  2  0  0  0  1  2  782  2  0  0  0  0  0  0  0  0  0  0  0  0  0  0  0  0  0  0  0  0  0  0  0  0  0  0  0  0  0  0  0  0  0  0  0  0  0  0  0  0  0  0  0  0  0  0  0  0  0  0  0  0  0  0  0  0  0  0  0  0  0  0  0  0  0  0  0  0  0  0  0  0  0  0  0  10680  239903  18852  13413  113  0  0  0  0  0  0  
80  0  0  4  4  383  43  113  98  156  0  0  0  0  148  19  95  506  0  0  0  0  160  1  0  6  234  1265  3128  20  0  2283  0  0  0  13  0  0  0  0  133  0  0  2  14379  98  0  302  580  0  0  839  721  561  2  4101  0  0  0  0  0  0  973  2  33  4613  9547  628  1935  39  52  0  4  0  0  0  0  0  0  1  0  0  0  1  0  0  0  0  0  0  0  0  0  0  0  0  0  0  0  0  0  0  0  0  0  2  0  0  0  0  0  0  0  0  1  0  0  0  0  0  0  0  0  0  0  0  0  0  0  0  0  0  0  0  0  0  0  0  0  319  0  0  0  0  0  0  0  0  3138  0  761  310617  54476  99442  0  5  7  342  1  0  
0  4  0  88  0  0  0  0  19  2539  0  4  0  0  0  0  51  183  5  2  84  563  89944  2  61  135  4  21  0  93  0  78  44  148  268  661  4  205  0  0  1956  0  8174  11711  159  0  0  7927  422  8074  99  11  0  1  30  215  62  67  220  260  36925  0  170  0  105  105  70  189  2  0  3  29  6001  140  0  0  0  0  0  0  0  0  0  4  0  0  0  0  0  0  0  0  0  0  0  0  4  0  0  0  0  0  0  0  0  0  0  0  0  0  0  0  0  0  0  0  0  0  0  0  0  0  0  0  0  0  0  0  0  0  0  0  0  0  0  0  0  0  0  2  0  0  0  0  0  0  1  0  154020  584  0  66522  2374  58  1  0  15  1  0  0  
1  0  0  0  0  65  0  0  1  163  0  0  0  0  0  0  6  1838  0  0  32  39  405  7  0  6  2  13  1  3  12  5733  21  4  2  23  0  1  0  0  447  0  0  103  397  0  0  5958  64  0  0  2  0  1  0  67  0  1  0  1  3  0  1533  2  4  467  815  15  4  82  0  0  88  57  0  0  0  0  0  2  0  0  0  2  0  0  0  0  0  0  0  0  0  0  0  4  45  0  0  0  0  0  0  0  0  62  0  0  0  0  0  0  0  0  8  0  0  3  1  0  0  21  0  0  0  0  0  0  1  2  0  0  0  0  0  0  0  0  0  411  0  1  0  0  0  0  3  0  4379  302762  58420  0  43065  42406  5  1  200  26313  102  2  
23316  0  0  69  523  3836  44  3  37  37  0  48  0  5  449  55  47725  90057  0  0  0  0  688  6775  2  16  51  218  205  14  5202  8583  152  13  21  52  0  0  17  0  912  0  0  3  2183  13  30146  62167  54128  0  1  5909  7313  693  1  872  0  0  7  1  14  191  41230  2819  13  1106  6595  2488  290  4219  11  0  299  42  0  0  0  0  0  2  0  0  0  1  0  0  0  0  0  0  0  0  0  0  0  0  0  0  0  0  0  0  0  0  0  0  0  0  0  0  0  0  0  0  0  0  0  0  0  0  0  0  1  0  0  0  0  0  0  0  0  0  0  0  0  0  0  0  0  32  0  0  0  0  0  0  0  0  11027  30160  1389  20452  0  196954  0  4  0  10  1  0  
1077  0  0  0  19  5593  1  0  4  19  0  0  0  0  2  1  13  257  0  0  2  0  42  17  0  0  11  24  11  1  167  29701  0  0  0  2  0  0  0  0  30  0  0  0  543  2  1  341  61  0  0  10  3  2  0  233  0  0  0  0  0  5  23673  88  0  5998  1304  13  6  2411  0  0  2  0  0  0  0  0  0  2  0  0  0  0  0  0  0  0  0  0  0  0  0  0  0  0  0  0  0  0  0  0  0  0  1  7  0  0  0  0  0  0  0  0  0  0  0  0  0  0  0  0  0  0  0  0  0  0  0  0  0  0  0  0  0  0  0  0  0  9  0  0  0  0  0  0  0  0  482  192050  394  69919  472181  0  0  7  3  10  1  1  
0  0  0  0  0  0  0  0  0  0  0  0  0  0  0  0  0  0  0  0  0  0  0  0  0  0  0  0  0  0  0  1  0  0  0  0  0  0  0  0  0  0  0  0  0  0  0  0  0  0  0  0  0  0  0  0  0  0  0  0  0  0  0  0  0  0  0  0  0  0  0  0  0  0  0  19  0  1  0  1  0  0  1  1  0  0  0  0  0  0  2946  23147  0  0  1  0  60583  184  3  5  0  0  0  0  69  844  0  6  10632  132  1  1154  0  0  208  0  41165  1  2  0  6  17577  3  1161  2  1  0  0  0  5  0  1  25  95  57  1  199  11  7  3  1  1  0  0  0  26  2605  0  0  0  0  0  0  0  0  70  263731  27465  26936  346  
1  0  0  0  0  7  1  1  0  0  0  0  0  0  0  0  0  0  0  0  0  0  0  0  0  0  0  0  0  0  0  17  0  0  0  0  0  0  0  0  0  0  0  0  0  0  0  0  0  0  0  0  1  1  0  0  0  0  0  0  0  0  0  0  0  244  0  0  0  0  0  0  0  0  6701  0  0  2  589  17316  56  39  36  22  0  16  2  624  736  67  0  13  0  0  0  0  219  1710  17  51  1  1  844  11  0  7185  0  0  0  94  0  0  3  3  98  0  0  22  12071  10  30  7  317  0  0  18078  6360  482  61  53  0  0  0  0  0  970  536  6629  21  11777  749  4015  1467  169  14  0  27  0  0  5  0  0  3  9  142  0  4  3780  165508  56630  
0  0  0  0  0  0  0  0  0  719  0  0  0  0  0  0  0  0  0  0  0  0  2  0  0  0  0  0  0  0  0  0  0  0  0  0  0  0  0  0  0  0  0  0  0  0  0  2  0  0  0  0  0  0  0  0  0  0  0  0  0  0  0  0  0  292  3  0  0  0  0  0  0  0  0  263  0  9  0  0  0  0  17  6305  3  0  0  1  0  0  14  79  0  0  10  283  83113  37  19  118  0  2  0  3  188  1584  38  61  24  1436  1  10368  0  0  5910  0  2205  8345  28  0  0  9027  59  6701  28  46  0  0  20  26  7  12  352  1413  49206  3  405  3  65  99  13  38  0  0  6  281  8666  139  0  5  6  263  111  127  138599  6  0  50761  2219  547  
0  0  0  0  0  0  0  0  0  19  0  0  0  0  0  0  0  0  0  0  0  1  1  0  0  0  0  0  0  0  0  114  0  0  0  0  0  0  0  0  1  0  0  0  1  0  0  2  0  0  0  0  0  0  0  0  0  0  0  0  0  0  2  0  0  22  11  0  0  0  0  0  0  0  0  9  0  3  0  1  0  0  7  103  0  0  0  0  0  0  0  1428  0  0  4  5  1620  5  3  43  0  1  1  2  64  2488  18  12  0  300  0  19  0  0  3038  0  0  33  152  0  2  7632  38  1  5  14  0  1  17  5  0  4  3  1  55  1  87  0  17  706  387  60  7  0  5  12  988  175  0  194  11  28796  592  1110  14088  22454  48665  0  50729  53171  
0  0  0  0  0  0  1  0  0  0  0  0  0  0  0  0  0  0  0  0  0  0  0  0  0  0  0  0  0  0  0  0  0  0  0  0  0  0  0  0  0  0  0  0  0  0  0  0  0  0  0  0  0  0  0  0  0  0  0  0  0  0  0  0  0  0  0  0  0  0  0  0  0  0  3716  1  0  29  110  1175  13  1  186  14  0  18  207  617  267  16  28562  36947  0  0  0  0  26869  13092  160  682  6  14  64  22  1056  9286  25  5  18  414  0  6  124  2  11082  0  0  63  4562  1  26330  24598  37928  0  8  16563  2077  109  240  128  9  63  3  0  14  1151  26073  8028  313  1420  4840  8827  115  14  95  8  917  30  0  1  1  3  4  5  12484  101106  780  27289  0  172062  
0  0  0  0  0  0  0  0  0  0  0  0  0  0  0  0  0  0  0  0  0  0  0  0  0  0  0  0  0  0  0  6  0  0  0  0  0  0  0  0  0  0  0  0  0  0  0  0  0  0  0  0  0  0  0  0  0  0  0  0  0  0  0  0  0  1  0  0  0  0  0  0  0  0  0  0  0  1  0  15  0  1  48  8  0  0  0  0  0  0  13  2402  0  0  0  0  8131  19  54  140  2  0  51  10  118  11384  0  0  1  42  0  0  0  0  39  0  0  26  2812  1  4  1  29  0  0  15  0  1  42  42  7  19  1  0  0  2  337  22  116  73  522  665  98  0  28  0  168  0  0  0  0  2  0  0  2257  175466  608  65745  475434  0  
