0  0  0  60  46927  17687  5  1  0  0  0  395  1  2920  36121  150  0  0  0  0  0  0  0  61107  0  0  0  0  1  0  16922  47  0  0  0  0  0  0  5439  3045  0  0  0  0  163  0  974  0  17628  0  0  5128  12498  30  0  0  0  0  0  0  0  16064  99  10863  0  637  0  78  8  25621  0  0  0  0  22  0  0  0  3  267  0  0  0  0  0  0  0  0  0  14  0  1  0  0  0  0  0  44  0  0  0  0  0  0  1622  14  0  0  0  0  0  0  3  0  1  0  0  0  0  0  23  0  2  0  0  0  12  0  0  0  0  0  0  0  0  0  5  0  0  45  0  0  0  421  4  0  0  0  0  27381  0  4  16380  4  0  20  0  1  10  0  
0  0  0  0  0  0  0  0  0  0  4  0  0  0  0  0  0  0  47170  1  63645  12217  0  0  0  0  0  0  0  0  0  0  0  0  0  0  9691  30  0  0  0  55913  1  592  0  0  0  17  0  33  53183  0  0  0  0  0  27421  32  22404  13517  6821  0  0  0  0  0  0  0  0  0  0  12859  4  0  0  0  0  0  0  0  0  0  0  0  0  0  0  0  0  0  0  0  0  0  0  0  0  0  0  0  0  0  0  0  0  0  0  0  0  0  0  0  0  0  0  0  0  0  0  0  0  0  0  0  0  0  0  0  0  0  0  0  0  0  0  0  0  0  0  0  0  0  0  0  0  0  0  0  4  0  55  2  0  0  0  0  0  0  0  0  
0  0  0  0  0  0  0  118  1770  0  0  0  0  0  0  52969  0  0  0  0  0  0  0  0  0  0  5769  10793  13769  13613  0  0  0  0  0  0  0  0  0  0  1  0  0  0  49206  29048  0  0  0  0  0  0  0  0  0  1  0  0  0  0  0  0  0  0  0  0  10649  0  2528  0  179  0  0  0  0  0  3113  0  0  0  0  115  787  0  0  0  0  0  0  657  0  0  0  0  0  0  0  0  0  0  0  1  0  78  0  0  0  0  0  0  0  0  0  0  0  0  0  0  0  499  0  0  0  0  0  0  0  0  0  0  0  0  0  0  0  0  0  0  0  22  0  0  0  0  445  0  0  0  0  1  0  0  0  0  0  0  0  0  0  0  
2  0  0  0  0  5  16  26  14  39  0  39809  2  4  71  4  922  442  0  2  0  0  0  0  5  50976  2  47133  16116  15  0  0  1751  375  48  22  0  0  1  0  14571  1  0  20  30694  1  0  1035  60281  0  1  56  1  14  0  102  2  23  2  0  3  0  0  0  56  108  452  23635  81  0  3  0  7  26  0  0  0  0  0  0  0  0  0  1  0  0  0  0  0  0  0  0  0  0  0  0  0  0  0  0  0  0  0  0  0  0  0  0  0  0  0  0  1  0  2  0  0  0  0  0  1  0  0  0  0  0  0  0  0  0  0  0  0  0  0  0  0  0  0  5  0  0  0  0  0  0  1  0  1  1440  6  505  659  217  0  1  0  23  1  0  
58469  0  0  6  0  26818  8  1  0  0  0  4  0  6  13156  43009  0  0  0  0  0  0  0  842  0  0  0  0  0  0  8839  9  0  0  0  0  0  0  34  10  0  0  0  0  24  0  1  0  2183  0  0  131  11708  24  0  0  0  0  0  0  0  3  0  2  0  443  0  13  1  16828  0  0  0  0  0  0  0  0  1  2076  0  0  0  0  0  0  0  0  0  65  0  0  0  0  0  0  0  0  0  0  0  0  0  0  40  682  0  0  0  0  0  0  0  0  0  0  0  0  0  0  2  0  1  0  0  0  4  0  0  0  0  0  0  0  0  0  0  0  0  55  0  0  0  587  2  0  0  0  0  6032  0  1  1837  2  0  11  0  3  5  0  
25154  0  0  23  32220  0  27348  48  1  0  0  20  0  43  13338  99402  0  0  0  0  0  0  0  187  0  0  0  0  0  0  1423  10626  0  0  0  0  0  0  131  30  1  0  0  0  63  0  69  0  5142  0  0  1356  1067  27217  0  0  0  0  0  0  0  10  197  68  0  44307  0  167  72  41790  0  0  0  0  0  0  0  1  49  5711  7601  7  2  2  0  5  0  0  0  45  0  4  0  0  0  0  1  0  0  1  0  0  0  0  6  1750  0  0  0  0  0  0  5  0  14  0  0  0  5  0  51  0  40  0  0  2  21  7  0  3  0  0  0  0  0  1  0  0  0  9810  1  5  0  20  960  0  22  0  10  31080  14  185  4057  131  0  1994  2  333  72  1  
14  0  0  6  22  32666  0  26597  2  0  0  1  0  0  298  56682  0  0  0  0  0  0  0  0  0  1  1  0  6  1  0  0  0  0  0  0  0  0  0  2  22  0  0  0  105  1  0  0  78  0  0  202  115  18891  0  0  0  0  0  0  0  0  0  0  0  25090  24  182  5567  0  0  0  0  0  0  0  0  1  0  21  11544  1751  3  0  0  0  0  0  0  166  0  0  1  0  0  0  0  0  0  0  1  0  0  0  0  0  0  0  0  0  0  0  0  0  13  0  0  0  2  0  0  0  2  0  0  0  0  0  0  5  1  0  0  0  0  0  0  0  0  2679  0  0  1  0  208  0  6  0  3  5981  2  8  528  63  0  74  1  26  0  1  
1  0  42  2  1  311  29089  0  19750  2  0  0  0  0  20  32935  1  0  0  0  0  0  0  0  0  8  4  4  4712  7  0  0  0  0  0  2  0  0  0  1  143  0  0  1  38213  32500  0  1  207  0  0  33  7  291  0  19  0  0  1  0  0  0  0  0  7  24389  237  19  22033  0  5  0  0  0  0  0  9  1  0  0  154  15838  1542  39  0  0  0  0  0  226  0  0  0  0  0  0  0  0  0  0  0  0  0  0  0  0  0  0  0  0  0  0  0  0  18  0  0  12  1  248  0  0  0  0  0  0  0  0  1  5  0  0  0  0  0  0  0  0  0  3247  4  0  0  0  332  0  15  0  0  8915  0  104  91  45  0  24  1  491  20  0  
0  0  3150  5  0  183  8  16724  0  4149  10  0  0  0  1  102  0  0  0  0  0  1  0  0  2  16  686  0  1  15101  0  0  1  0  0  21  0  0  0  0  1095  0  0  6  142  33645  0  6  22  0  0  10  5  13  0  328  1  5  0  0  1  0  0  0  4382  31807  523  4  9  0  42290  0  18  1  0  0  2  0  0  1  0  449  19746  28  0  0  0  0  0  5  0  0  0  0  0  2  0  0  0  1  0  0  0  86  0  0  0  0  0  0  0  0  0  0  20  0  0  11  1  247  0  0  0  0  0  0  0  0  0  2  0  0  0  0  0  0  0  0  10  17522  0  0  0  0  2247  0  6  0  2  585  7  97  192  38  0  3  1  97  6  0  
0  1  0  4  0  0  0  7  3087  0  342  0  0  0  0  0  0  0  1  22  1  2293  9572  0  20  52  28  0  0  15040  0  0  2  1  0  145  0  11  0  0  3930  5  0  25610  104  0  0  1380  14  0  2  0  0  0  0  342  17  339  10  0  133  0  0  0  1177  55225  81  12  7  0  1  0  242  74  0  0  0  0  0  0  0  0  224  2375  0  0  0  0  0  0  0  0  0  0  0  76  11  0  0  0  0  0  0  40  0  0  0  0  0  0  0  0  0  0  26  1  0  9  0  0  0  0  0  0  0  0  0  0  0  1  0  0  0  0  0  0  0  0  0  9512  1  0  0  0  17  0  18  0  24  105  31780  5634  6052  874  2  1  16518  16606  2  1  
0  5  0  0  0  0  0  0  16  949  0  0  0  0  0  0  0  0  7  74133  0  12849  0  0  0  0  5684  0  0  8820  0  0  0  0  0  2  0  0  0  0  3  11074  0  89041  0  0  0  0  0  0  17  0  0  0  0  8  134  56  0  0  44  0  0  0  59377  49  0  0  0  0  5  0  1  0  0  0  0  0  0  0  0  0  1830  6  15684  0  0  0  0  0  0  0  0  1149  0  1294  0  0  0  0  4  0  0  5555  0  0  0  0  0  0  0  0  0  0  0  4  0  11  0  0  0  0  0  0  0  0  0  0  0  0  0  0  0  0  0  0  0  0  4574  17  0  0  0  0  168  0  0  0  0  0  0  1  0  0  0  0  0  0  0  0  
37  0  0  47417  1  2  0  0  0  0  0  0  2672  15203  702  0  352  9894  0  0  0  0  0  29  0  0  0  0  94  0  0  0  3  68  49  0  0  0  1849  26195  0  0  0  0  650  0  104  385  43142  0  0  19493  1  0  0  0  0  0  0  0  0  3  0  1  0  0  0  36449  0  0  0  0  0  0  0  0  0  0  0  0  0  0  0  0  0  0  0  0  0  0  0  0  0  0  0  0  0  0  0  0  0  0  0  0  0  0  0  0  0  0  0  0  0  0  0  0  0  0  0  0  0  0  0  0  0  0  0  0  0  0  0  0  0  0  0  0  0  0  0  0  0  0  0  0  0  0  0  0  1  6  0  0  914  0  0  0  0  0  0  0  
120  0  0  0  0  1  0  0  0  0  0  2292  0  14093  0  0  10  86  0  0  0  0  2  57504  0  0  0  0  0  0  0  0  0  26  484  0  0  0  18253  8  0  0  0  0  0  0  4437  75  1  0  0  0  0  0  0  0  0  0  0  0  0  4189  1  2679  0  0  0  1  0  1  0  0  0  0  0  0  0  0  0  0  0  0  0  0  0  0  0  0  0  0  0  0  0  0  0  0  0  0  0  0  0  0  0  0  0  0  0  0  0  0  0  0  0  0  0  0  0  0  0  0  0  0  0  0  0  0  0  0  0  0  0  0  0  0  0  0  0  0  0  0  0  0  0  0  0  0  0  0  4  1  0  0  23  0  0  0  0  0  0  0  
225  0  0  4  8  11  0  0  0  0  0  21159  11676  0  466  0  1  22  0  0  0  0  0  7661  0  0  0  0  0  0  0  0  0  0  0  0  0  0  25668  26779  0  0  0  0  0  0  17  0  187  0  0  31190  1  0  0  0  0  0  0  0  0  13206  0  151  0  6  0  74  0  0  0  0  0  0  0  0  0  0  0  0  0  0  0  0  0  0  0  0  0  0  0  0  0  0  0  0  0  0  0  0  0  0  0  0  0  0  0  0  0  0  0  0  0  0  0  0  0  0  0  0  0  0  0  0  0  0  0  0  0  0  0  0  0  0  0  0  0  0  0  0  0  0  0  0  0  0  0  0  0  14  0  0  90  0  0  0  0  0  0  0  
42808  0  0  100  12874  5587  146  8  0  0  0  258  0  2273  0  15317  0  0  0  0  0  0  0  5454  0  0  0  36  10606  0  0  2  0  0  0  0  0  0  126  89  1  0  0  0  100  0  1  0  2631  0  0  154017  150547  89282  0  0  0  0  0  0  0  14245  0  0  0  629  0  40783  25297  0  0  0  0  0  0  0  0  0  10  29  0  0  0  0  0  0  0  1  0  1  0  1  0  0  0  0  0  0  0  0  0  0  0  0  0  0  0  0  0  0  0  0  2  0  0  0  0  0  0  0  14  0  1  0  0  0  15  0  0  1  0  0  0  0  0  0  0  0  0  53  0  0  0  0  8  0  0  0  14  3115  11  1  1723  47  0  24  0  8  8  0  
1665  0  55137  2  59915  106589  64179  31911  647  0  0  1  0  5  24272  0  0  0  0  0  0  0  0  53  0  0  0  0  6591  0  16  715  0  0  0  0  0  0  0  1  1  0  0  0  4136  2835  0  0  82  0  0  202  2021  158594  0  0  0  0  0  0  0  0  2  6  0  3511  0  52  54378  7771  0  0  0  0  0  0  2547  0  7  18408  16011  10301  285  0  0  0  0  0  0  59146  0  1  0  0  0  0  0  0  0  0  0  0  77  0  0  414  0  0  0  0  0  0  1  0  0  0  0  0  0  197  5  0  2  0  0  0  4  0  0  0  0  0  0  0  0  0  1  0  0  5365  0  0  0  2  10  0  0  0  8  990  2  21  151  55  0  566  1  71  4  0  
0  0  0  1143  0  0  3  58  15  25  0  520  65  0  0  1  0  32291  0  0  0  0  8660  1230  0  748  12  1  21  48  0  0  697  48  17840  4  4  2  18  2  9503  0  4383  0  954  11  41  49281  17738  1  0  0  0  4  0  96  0  1  0  2  1  0  0  0  46  205  560  1  18  0  11  1  5  2  0  0  0  0  0  0  0  0  0  5  0  0  0  0  0  0  0  0  0  0  0  0  0  0  0  0  0  0  0  0  0  0  0  0  0  0  0  0  0  0  16  0  0  1  0  0  0  0  0  0  0  0  0  0  0  0  0  0  0  0  0  0  0  0  0  4  0  0  0  0  2  0  2  0  10589  903  33  644  55442  767  0  1  1  60  3  0  
1  0  0  1937  0  2  0  0  0  0  0  7563  242  1  2  0  29734  0  0  0  0  0  10018  5923  0  1  0  0  0  0  0  0  1  0  1136  0  0  0  2257  490  1  0  113  0  0  0  33516  971  50527  0  0  1  0  0  0  0  0  0  0  0  0  0  0  0  0  1  2  0  0  0  0  0  0  0  0  0  0  0  0  0  0  0  0  0  0  0  0  0  0  0  0  0  0  0  0  0  0  0  0  0  0  0  0  0  0  0  0  0  0  0  0  0  0  0  0  0  0  0  0  0  0  0  0  0  0  0  0  0  0  0  0  0  0  0  0  0  0  0  0  0  0  0  0  0  0  0  0  0  11990  4  4  172  99857  2686  0  0  0  0  0  0  
0  52953  0  0  0  0  0  0  0  1  0  0  0  0  0  0  0  0  0  13037  1  1  0  0  17111  43  6  0  0  0  0  0  0  29  0  3  111  197  0  0  32  11792  0  43  0  0  0  94  0  0  907  0  0  0  0  826  123817  90268  29272  0  713  0  0  0  4  2  0  0  0  0  0  1  31920  0  0  0  0  0  0  0  0  0  0  0  0  0  0  0  0  0  0  0  0  0  0  0  0  0  0  0  0  0  0  0  0  0  0  0  0  0  0  0  0  0  0  0  0  0  0  0  0  0  0  0  0  0  0  0  0  0  0  0  0  0  0  0  0  0  0  0  0  0  0  0  0  0  0  0  61  1  19  84  12  0  0  0  0  0  0  0  
0  2  0  0  0  0  0  0  0  4  68775  0  0  0  0  0  0  0  13739  0  2  2881  0  0  123  3  19861  0  0  2  0  0  0  0  0  8  0  0  0  0  13  18328  0  46168  0  0  0  5  0  0  3  0  0  0  0  14650  224  47314  27  0  726  0  0  0  18480  7  1  0  0  0  0  0  8  1  0  0  0  0  0  0  0  0  0  0  1  0  0  0  0  0  0  0  0  0  0  0  0  0  0  0  1  0  0  0  0  0  0  0  0  0  0  0  0  0  0  1  0  0  0  0  0  0  0  0  0  0  0  0  0  0  0  0  0  0  0  0  0  0  0  0  0  0  0  0  0  0  0  0  1  0  4  3  8  0  0  0  0  0  0  0  
0  55635  0  0  0  0  0  0  0  0  0  0  0  0  0  0  0  0  13  0  0  7524  2935  0  0  0  0  0  0  0  0  0  0  27  73  0  3182  443  0  0  1  23  71  59  0  0  0  660  0  19732  19845  0  0  0  0  0  306  115  2049  49665  95611  0  0  0  0  0  0  0  0  0  0  2262  264  0  0  0  0  0  0  0  0  0  0  0  0  0  0  0  0  0  0  0  0  0  0  0  0  0  0  0  0  0  0  0  0  0  0  0  0  0  0  0  0  0  0  0  0  0  0  0  0  0  0  0  0  0  0  0  0  0  0  0  0  0  0  0  0  0  0  0  0  0  0  0  0  0  0  0  53  0  4887  2  0  0  0  0  0  0  0  0  
0  8535  0  0  0  0  0  0  0  3158  15553  0  0  0  0  0  0  0  2  1110  5459  0  11993  0  3  0  0  0  0  197  0  0  0  0  0  14  0  3  0  0  23  96700  0  160109  0  0  0  12  0  1  17757  0  0  0  0  1  987  154  316  1  110750  0  0  0  429  1  0  0  0  0  0  1  145  3  0  0  0  0  0  0  0  0  4  2  1261  0  0  0  0  0  0  0  0  0  0  1802  2  0  0  0  0  0  0  16  0  0  0  0  0  0  0  0  0  0  0  17  0  155  0  0  0  0  0  0  0  0  0  0  0  0  0  0  0  0  0  0  0  0  7  2  0  0  0  0  0  0  0  0  15  1  2298  412  9  0  0  0  1000  0  0  0  
0  0  0  0  0  0  0  0  0  10778  0  3  1  0  0  0  11020  15392  0  0  6836  8630  0  38  0  0  0  0  0  0  0  0  0  986  14745  23  781  1  0  0  19  1  44332  10005  0  0  0  3432  1  27876  0  0  0  0  0  0  1  6  0  0  45457  0  0  0  6  472  0  0  0  0  0  5  55  0  0  0  0  0  0  0  0  0  0  0  0  0  0  0  0  0  0  0  0  0  0  0  0  0  0  0  0  0  0  0  0  0  0  0  0  0  0  0  0  0  0  0  0  0  0  0  0  0  0  0  0  0  0  0  0  0  0  0  0  0  0  0  0  0  0  0  0  0  0  0  0  0  0  0  59296  21  72604  3433  247  0  0  0  1959  15  0  0  
68973  0  0  7  51  346  0  0  0  0  0  101  60188  10429  7945  6  99  4236  0  0  0  0  11  0  0  0  0  0  0  0  36278  17  0  10  271  0  0  0  4116  532  0  0  0  0  8  0  46856  47  600  0  0  319  11  3  0  0  0  0  0  0  0  55620  60682  137459  0  28  0  5  1  8567  0  0  0  0  3  0  0  0  0  1  0  0  0  0  0  0  0  0  0  2  0  0  0  0  0  0  0  24  0  0  0  0  0  0  170  0  0  0  0  0  0  0  0  0  0  0  0  0  0  0  0  0  0  0  0  0  3  0  0  0  0  0  0  0  0  0  1  0  0  2  0  0  0  2  0  0  0  0  176  5938  1  32  21507  48  0  0  0  1  1  1  
0  0  0  0  0  0  0  1  1  86  2  0  0  0  0  0  0  0  20103  122  3  14  0  0  0  38885  19694  0  1  25  0  0  1  4047  1  10752  0  117  0  0  1090  42  2  140  7  0  0  156  3  0  7  0  0  0  14644  110207  66  5698  1417  0  73  0  0  0  556  156  5  0  0  0  0  0  118259  6  0  0  0  0  0  0  0  0  0  4  0  0  0  0  0  0  0  0  0  0  0  0  0  0  0  0  0  0  0  0  0  0  0  0  0  0  0  0  0  0  3  0  0  0  0  0  0  0  0  0  0  0  0  0  0  1  0  0  0  0  0  0  0  0  0  5  0  0  0  0  0  0  2  0  50  16  109  115  151  21  0  0  0  11  0  0  
0  0  0  43983  0  1  4  27  14  82  2  0  0  0  1  0  44  0  43  7  0  3  0  0  35243  0  202  12131  8  40  0  0  4125  6037  0  60019  0  7  0  0  73228  2  0  40  2374  3  0  56  7533  0  0  0  0  1  6245  38276  4  104  5  0  3  0  0  0  185  362  60722  24  21  0  2  0  5306  2230  0  0  0  0  0  0  0  0  0  12  0  0  0  0  0  0  0  0  0  0  0  0  0  0  0  0  0  0  0  0  0  0  0  0  0  0  0  0  0  0  4  0  0  0  0  0  0  0  0  0  0  0  0  0  0  0  0  0  0  0  0  0  0  0  0  7  0  0  0  0  0  0  2  0  1  1887  7  1102  423  591  0  0  0  66  1  0  
0  0  5664  0  0  0  0  0  243  4  6647  0  0  0  0  0  0  0  3  19777  0  0  0  0  10017  142  0  230  0  95434  0  0  0  0  0  4  0  0  0  0  119  0  0  0  131  2879  0  0  0  0  0  0  0  0  0  135317  0  4  0  0  0  0  0  0  43466  613  56057  0  0  0  13514  0  0  0  0  0  0  0  0  0  0  0  0  2  1  0  0  0  0  0  0  0  0  0  0  0  0  0  0  0  1  0  0  97  0  0  0  0  0  0  0  0  0  0  1  0  0  1  0  0  0  0  0  0  0  0  0  0  0  0  0  0  0  0  0  0  0  0  11  1  0  0  0  0  52  0  0  0  0  10  0  34  16  9  0  0  0  3  0  0  
0  0  14487  44146  0  0  0  9  2  0  0  0  0  0  32  0  0  0  0  0  0  0  0  0  0  17797  47  0  10052  0  0  0  0  0  0  0  0  0  0  0  0  0  0  0  135422  592  0  0  2  0  0  1  0  0  0  0  0  0  0  0  0  0  0  0  1  0  108119  4  3  0  1  0  0  0  0  0  0  0  0  0  0  0  0  0  0  0  0  0  0  0  0  0  0  0  0  0  0  0  0  0  0  0  0  0  0  0  0  0  0  0  0  0  0  0  0  0  0  0  0  0  0  0  0  0  0  0  0  0  0  0  0  0  0  0  0  0  0  0  0  0  0  0  0  0  0  0  0  0  0  20  0  2  4  3  0  0  0  0  0  0  
0  0  13094  20910  0  1  9  1661  0  1  0  19  0  0  12884  6095  0  0  0  0  0  0  0  0  0  16  1  15974  0  1  0  0  0  1  0  0  0  0  0  0  24  0  0  0  170567  89  0  1  22  0  0  1093  0  96  0  10  0  0  0  0  0  0  0  0  3  18  1413  67438  72342  0  0  0  0  0  0  0  0  0  0  0  0  0  0  0  0  0  0  0  0  0  0  0  0  0  0  0  0  0  0  0  0  0  0  0  0  0  0  0  0  0  0  0  0  0  1  0  0  0  0  0  0  0  0  0  0  0  0  0  0  0  0  0  0  0  0  0  0  0  0  0  0  0  0  0  0  0  0  0  0  482  0  17  39  15  0  0  0  2  1  0  
0  0  21584  4  0  0  0  12  22452  24753  8069  0  0  0  0  0  2  0  0  3  0  505  14  0  15  66  105272  0  3  0  0  0  4  0  0  176  0  4  0  0  5278  2  0  7023  107  46881  0  61  20  0  0  0  0  0  0  3936  3  44  0  1  5  0  0  0  70227  5647  341  7  7  0  55229  1  90  11  0  0  16  0  0  0  0  0  3963  22  15  0  0  0  0  0  0  0  0  16  0  98  0  0  0  0  18  0  0  6650  0  0  0  0  0  0  0  0  0  0  29  0  0  0  0  163  0  0  0  0  0  0  0  0  0  2  0  0  0  0  0  0  0  0  2271  228  0  0  0  0  14020  0  6  0  3  144  63  215  2711  468  0  2  1  104  7  0  
25012  0  0  0  14253  1576  0  0  0  0  0  0  0  0  0  4  0  0  0  0  0  0  0  37581  0  0  0  0  0  0  0  8202  0  0  0  0  0  0  0  0  0  0  0  0  0  0  1  0  1  0  0  1  0  0  0  0  0  0  0  0  0  0  47113  539  0  383  0  0  0  52837  0  0  0  0  26  0  0  0  2  6189  0  0  0  0  0  0  0  0  0  108  0  0  0  0  0  0  1  155  0  0  0  0  0  0  3379  3688  0  0  0  0  0  0  0  0  0  0  0  0  0  0  0  0  0  0  0  0  0  0  0  0  0  0  0  0  0  0  14  0  0  7  0  0  0  3988  0  0  0  0  3  1215  3  181  343  224  0  20  3  9  1  2  
214  0  0  0  2  14104  0  0  0  0  0  0  0  0  0  491  0  0  0  0  0  0  0  23  0  0  0  0  0  0  8430  0  0  0  0  0  0  0  0  0  0  0  0  0  0  0  0  0  1  0  0  1  0  1  0  0  0  0  0  0  0  0  51  3  0  19932  0  0  0  15993  0  0  0  0  0  0  0  0  12  52  0  0  0  0  0  0  0  0  0  0  0  0  0  0  0  0  0  0  0  0  0  0  0  0  16  794  0  0  0  0  0  0  7  0  0  0  0  0  0  0  30  0  1  0  0  0  0  0  0  0  0  0  0  0  0  0  4  0  0  77  0  0  0  49  0  0  0  0  3  2019  7  367  14  311  0  1248  4  196  11  86  
0  0  0  1717  0  0  0  0  2  127  0  66  0  0  0  0  461  2  0  2  0  0  0  0  0  5769  1  0  0  0  0  0  0  37841  0  384  0  0  0  0  12301  0  0  0  4  0  0  46138  81  0  0  0  0  0  0  7  0  0  0  0  0  0  0  0  3  100  3  0  1  0  0  0  63  28043  0  0  0  0  0  0  0  0  0  0  0  0  0  0  0  0  0  0  0  0  0  0  0  0  0  0  0  0  0  0  0  0  0  0  0  0  0  0  0  0  1  0  0  0  1  0  0  0  0  0  0  0  0  0  0  0  0  0  0  0  0  0  0  0  0  1  0  0  0  0  0  0  0  0  1  5  9  58  516  7  0  0  0  8  0  0  
0  0  0  94  0  0  0  0  0  18  1  56  92  0  0  0  1  0  80  1  41  1  316  11  6474  7879  0  0  1  2  0  0  30954  0  77099  60602  117  17731  0  0  170  0  34099  19  0  0  0  41073  0  860  16  0  0  0  0  55  1  71  7  74  6  0  0  0  143  10  0  0  0  0  0  1598  140806  14663  0  0  0  0  0  0  0  0  0  0  0  0  0  0  0  0  0  0  0  0  0  0  0  0  0  0  0  0  0  0  0  0  0  0  0  0  0  0  0  0  0  0  0  0  0  0  0  0  0  0  0  0  0  0  0  0  0  0  0  0  0  0  0  0  0  0  0  0  0  0  0  0  0  0  87  0  2051  26  8  1  0  0  0  0  0  0  
0  0  0  22  0  0  0  0  0  0  0  286  504  0  0  0  16609  481  0  0  41  0  14567  125  0  0  0  0  0  0  0  0  0  67512  0  0  39  588  1  0  0  0  39354  0  0  0  1  58382  0  1502  9  0  0  0  0  0  1  2  46  419  1  0  0  0  0  0  0  0  0  0  0  628  20965  0  0  0  0  0  0  0  0  0  0  0  0  0  0  0  0  0  0  0  0  0  0  0  0  0  0  0  0  0  0  0  0  0  0  0  0  0  0  0  0  0  0  0  0  0  0  0  0  0  0  0  0  0  0  0  0  0  0  0  0  0  0  0  0  0  0  0  0  0  0  0  0  0  0  0  16667  0  3961  4  64  0  0  0  0  0  0  0  
0  0  0  33  0  0  0  0  5  102  2  0  0  0  0  0  1  0  0  15  1  15  2  0  7317  66460  2  0  0  20  0  0  523  58845  0  0  0  8  0  0  48625  25  0  160  2  0  0  2467  4  0  1  0  0  0  149  2162  28  316  7  0  32  0  0  0  388  181  6  0  0  0  0  1  9764  27420  0  0  0  0  0  0  0  0  0  1  0  0  0  0  0  0  0  0  0  0  0  0  0  0  0  0  0  0  0  0  0  0  0  0  0  0  0  0  0  0  2  0  0  0  0  0  0  0  0  0  0  0  0  0  0  0  0  0  0  0  0  0  0  0  0  2  0  0  0  0  0  0  0  0  15  16  204  232  122  9  0  0  0  9  0  1  
0  11117  0  0  0  0  0  0  0  0  0  0  0  0  0  0  0  0  219  0  2076  0  195  0  0  0  0  0  0  0  0  0  0  81  63  0  0  45976  0  0  0  0  27574  0  0  0  0  334  0  70287  4  0  0  0  0  0  1  1  13182  33181  978  0  0  0  0  0  0  0  0  0  0  160598  382  0  0  0  0  0  0  0  0  0  0  0  0  0  0  0  0  0  0  0  0  0  0  0  0  0  0  0  0  0  0  0  0  0  0  0  0  0  0  0  0  0  0  0  0  0  0  0  0  0  0  0  0  0  0  0  0  0  0  0  0  0  0  0  0  0  0  0  0  0  0  0  0  0  0  0  24  0  4957  1  0  0  0  0  0  0  0  0  
0  117  0  0  0  0  0  0  0  19  0  0  0  0  0  0  1  0  276  1  244  2  1  0  9  2  0  0  0  4  0  0  0  14852  358  9  54060  0  0  0  26  4  13227  21  0  0  0  5352  0  4045  30  0  0  0  0  11  10  33  28645  2242  892  0  0  0  9  3  0  0  0  0  0  125895  151175  2  0  0  0  0  0  0  0  0  0  0  0  0  0  0  0  0  0  0  0  0  0  0  0  0  0  0  0  0  0  0  0  0  0  0  0  0  0  0  0  0  0  0  0  0  0  0  0  0  0  0  0  0  0  0  0  0  0  0  0  0  0  0  0  0  0  0  0  0  0  0  0  0  0  0  811  0  7835  92  2  0  0  0  0  0  0  0  
10935  0  0  1  70  444  0  0  0  0  0  3101  19529  26595  159  0  12  2360  0  0  0  0  0  3664  0  0  0  0  0  0  2  0  0  0  1  0  0  0  0  13261  0  0  0  0  2  0  12508  7  14452  0  0  641  2  7  0  0  0  0  0  0  0  6631  42  12361  0  35  0  6  0  35  0  0  0  0  0  0  0  0  2  0  0  0  0  0  0  0  0  0  0  1  0  0  0  0  0  0  0  0  0  0  0  0  0  0  0  0  0  0  0  0  0  0  0  0  0  0  0  0  0  0  3  0  0  0  0  0  1  0  0  0  0  0  0  0  0  0  0  0  0  7  0  0  0  0  0  0  0  0  0  466  0  0  2446  0  0  1  0  0  4  0  
2401  0  0  3  20  131  0  0  0  0  0  32423  15  30396  46  1  20  1875  0  0  0  0  0  59  0  0  0  0  0  0  0  0  0  0  2  0  0  0  14681  0  0  0  0  0  1  0  478  9  14657  0  0  7677  0  3  0  0  0  0  0  0  0  1952  0  61  0  11  0  1257  0  0  0  0  0  0  0  0  0  0  2  2  0  0  0  0  0  1  0  0  0  0  0  0  0  0  0  0  0  0  0  0  0  0  0  0  0  0  0  0  0  0  0  0  0  0  0  0  0  0  0  0  2  0  0  0  0  0  2  0  0  0  0  0  0  0  0  0  0  0  0  4  0  0  0  0  0  0  0  0  0  67  0  0  642  0  0  3  0  0  0  0  
0  4  0  15752  0  2  36  137  396  3433  5  0  0  0  0  4  5420  1  12  61  5  46  6  0  189  69110  261  3  29  764  0  0  10914  132  0  50721  0  131  0  0  0  75  0  1373  2253  10  0  13123  32583  0  8  5  1  13  0  11420  155  1014  97  1  183  0  0  0  2555  8461  4542  97  350  0  44  1  4551  11760  0  0  0  0  0  0  0  0  4  111  0  0  0  0  0  0  0  0  0  0  0  0  0  0  0  2  0  0  0  2  0  0  0  0  0  1  0  0  0  0  100  0  0  14  0  0  0  0  0  0  0  0  0  0  0  7  0  0  0  0  0  0  0  0  0  118  10  0  0  0  13  0  27  0  122  4399  5045  5017  10758  2203  8  14  5  714  33  1  
0  65002  0  0  0  0  0  0  0  0  11101  0  0  0  0  0  1  0  11522  18450  129  88109  1  0  1  0  0  0  0  0  0  0  0  0  0  0  0  0  0  0  9  0  0  35443  0  0  0  84  0  5  12431  0  0  0  0  0  57215  490  633  0  17835  0  0  0  2  0  0  0  0  0  0  0  64  0  0  0  0  0  0  0  0  0  0  0  0  0  0  0  0  0  0  0  0  0  0  19  0  0  0  0  0  0  0  0  0  0  0  0  0  0  0  0  0  0  0  1  0  0  0  0  0  0  0  0  0  0  0  0  0  0  0  0  0  0  0  0  0  0  0  0  0  0  0  0  0  0  0  0  39  0  17  44  4  0  0  0  0  0  0  0  
0  0  0  0  0  0  0  0  0  0  0  0  0  0  0  0  209  5  0  0  11  0  42093  1  0  0  0  0  0  0  0  0  0  29458  33583  0  28974  12795  0  0  0  0  0  1  0  0  0  1227  0  10427  5  0  0  0  0  0  0  0  13  127  45  0  0  0  0  0  0  0  0  0  0  12662  1300  0  0  0  0  0  0  0  0  0  0  0  0  0  0  0  0  0  0  0  0  0  0  0  0  0  0  0  0  0  0  0  0  0  0  0  0  0  0  0  0  0  0  0  0  0  0  0  0  0  0  0  0  0  0  0  0  0  0  0  0  0  0  0  0  0  0  0  0  0  0  0  0  0  0  0  32416  0  10802  0  2  0  0  0  0  0  0  0  
0  361  0  0  0  0  1  2  0  29091  98261  0  0  0  0  0  1  0  68  34848  102  177053  7237  0  34  34  2  0  1  13750  0  0  5  4  0  280  0  42  0  0  3686  57209  0  0  43  0  0  270  7  4  901  1  0  0  0  586  11086  12425  1352  0  23896  0  0  0  30317  330  52  3  5  0  1  0  1364  45  0  0  0  0  0  0  0  0  5  13  459  0  0  0  0  0  0  0  0  0  0  172  0  0  0  0  0  0  0  27  0  0  0  0  0  0  0  0  0  0  1  0  0  1  0  0  0  0  0  0  0  0  0  0  0  0  0  0  0  0  0  0  0  0  17  8  0  0  0  0  2  0  0  0  88  67  5777  939  1715  303  0  1  4  14  0  0  
2  0  38799  31116  0  31  401  14828  119  77  0  50  0  1  82  6964  15  1  0  3  0  0  0  0  3  1391  36  161688  161259  114  0  0  0  0  0  12  0  0  1  1  1344  1  0  20  0  20803  0  5  12299  0  0  158  14  379  0  618  2  18  0  0  1  1  0  0  160  777  26273  24345  8609  0  276  0  6  0  0  0  0  0  0  0  0  0  4  20  0  0  0  0  0  0  0  0  0  0  0  0  0  0  0  0  0  0  0  0  0  0  0  0  0  0  0  0  0  0  25  0  0  3  0  0  0  0  0  0  0  0  0  0  0  2  0  0  0  0  0  0  0  0  0  33  1  0  0  0  23  0  8  0  8  20106  9  2151  1979  1327  0  3  0  303  10  0  
0  0  37304  1  0  4  2  28526  35010  1  0  0  0  0  0  2703  0  0  0  0  0  0  0  0  0  4  7624  198  10  47747  0  0  0  0  0  0  0  0  0  0  102  0  0  1  18544  0  0  0  35  0  0  0  0  3  0  18  0  0  0  0  0  0  0  0  7  1444  30032  1  6  0  46214  0  0  0  0  0  3  0  0  0  0  35  579  2  0  0  0  0  0  1  0  0  0  0  0  0  0  0  0  0  0  0  0  6  0  0  0  0  0  0  0  0  0  0  2  0  0  0  0  160  0  0  0  0  0  0  0  0  0  1  0  0  0  0  0  0  0  0  0  54  0  0  0  0  306  0  2  0  0  1171  0  42  34  16  0  1  0  47  1  0  
7476  0  0  0  8  104  0  0  0  0  0  109  6604  109  16  0  51  41315  0  0  0  0  6  38000  0  0  0  0  0  0  10  0  0  0  84  0  0  0  11533  110  0  0  0  0  1  0  0  7  12212  0  0  51  2  1  0  0  0  0  0  0  0  55  2234  22164  0  5  0  2  0  89  0  0  0  0  0  0  0  0  0  1  0  0  0  0  0  0  0  0  0  0  0  0  0  0  0  0  0  0  0  0  0  0  0  0  0  0  0  0  0  0  0  0  0  0  0  0  0  0  0  0  0  0  0  0  0  0  0  0  0  0  0  0  0  0  0  0  0  0  0  0  0  0  0  0  0  0  0  0  173  522  0  1  64453  1  0  0  0  0  0  0  
0  7  0  1014  0  0  0  4  10  574  0  480  66  0  0  0  44792  937  2  21  489  9  4046  34  23  972  10  0  4  41  0  0  34032  36817  63405  988  108  1672  0  0  11401  17  5069  83  224  1  0  0  119  2911  194  0  0  0  0  154  18  192  466  2418  105  0  0  0  105  404  550  1  1  0  3  2110  98171  8411  0  0  0  0  0  0  0  0  0  4  0  0  0  0  0  0  0  0  0  0  0  0  0  0  0  0  0  0  0  0  0  0  0  0  0  0  0  0  0  0  15  0  0  0  0  0  0  0  0  0  0  0  0  0  0  0  0  0  0  0  0  0  0  0  0  34  0  0  0  0  1  0  3  0  23546  285  14461  13612  68969  104  0  1  3  95  5  0  
19271  0  0  63161  3317  6127  298  361  133  188  0  44290  2  1694  5269  159  16159  47364  0  1  0  1  1  264  5  695  65  17  85  210  4  13  26  0  0  45  0  1  17405  15036  42149  0  0  38  30388  39  13595  773  0  0  0  21040  1417  682  0  994  2  25  2  0  3  268  98  290  383  2366  2037  4712  915  29  6  0  19  2  1  0  0  0  27  77  0  0  1  28  0  0  0  0  0  5  0  1  1  0  0  0  0  0  1  1  0  0  0  1  0  0  0  0  0  1  0  0  5  1  58  0  0  3  0  1  40  0  8  0  1  0  28  2  0  0  1  0  0  0  1  0  0  0  0  172  3  0  0  0  21  0  14  0  101  12856  65  2030  113876  5706  1  54  0  354  45  0  
0  67  0  0  0  0  0  0  0  0  0  0  0  0  0  0  0  0  4  0  25830  10  21340  0  0  0  0  0  0  0  0  0  0  1927  3268  0  62036  10663  0  0  1  16  19553  62  0  0  0  4109  0  0  4179  0  0  0  0  0  141  16  1115  21057  28064  0  0  0  0  0  0  0  0  0  0  39608  17490  1  0  0  0  0  0  0  0  0  0  0  0  0  0  0  0  0  0  0  0  0  0  0  0  0  0  0  0  0  0  0  0  0  0  0  0  0  0  0  0  0  0  0  0  0  0  0  0  0  0  0  0  0  0  0  0  0  0  0  0  0  0  0  0  0  0  0  0  0  0  0  0  0  0  0  128  0  34834  1  0  0  0  0  0  0  0  0  
0  52810  0  0  0  0  0  0  0  0  0  0  0  0  0  0  0  0  101  1  13612  17079  0  0  0  0  0  0  0  0  0  0  0  2  1  0  0  0  0  0  1  7516  3  464  0  0  0  21  0  136  0  0  0  0  0  0  1699  144  2575  358  56579  0  0  0  0  0  0  0  0  0  0  255  7  0  0  0  0  0  0  0  0  0  0  0  0  0  0  0  0  0  0  0  0  0  0  0  0  0  0  0  0  0  0  0  0  0  0  0  0  0  0  0  0  0  0  0  0  0  0  0  0  0  0  0  0  0  0  0  0  0  0  0  0  0  0  0  0  0  0  0  0  0  0  0  0  0  0  0  8  0  71  4  0  0  0  0  0  0  0  0  
10121  0  0  995  252  2729  110  12  0  0  0  21737  0  32514  146129  193  0  0  0  0  0  0  0  90  0  0  0  27  4219  0  0  2  0  0  0  0  0  0  3309  18217  6  0  0  0  1529  0  37  0  20925  0  0  0  32501  17158  0  0  0  0  0  0  0  8337  0  8  0  643  3  54570  901  0  0  0  0  0  0  0  0  0  16  25  0  0  0  0  0  0  0  0  0  6  0  1  0  0  0  0  0  0  0  0  0  0  0  0  0  0  0  0  0  0  0  0  1  0  0  0  0  0  0  0  12  0  2  0  0  0  11  0  0  0  0  0  0  0  0  0  0  0  0  57  0  0  0  0  10  0  0  0  1  2674  7  2  2414  36  0  35  0  2  7  0  
16813  0  0  24  16152  7527  79  9  1  0  0  59  0  32  156622  639  0  0  0  0  0  0  0  0  0  0  0  0  0  0  0  7  0  0  0  0  0  0  6  36  1  0  0  0  109  0  0  0  1901  0  0  45066  0  52396  0  1  0  0  0  0  0  35  0  1  0  1336  1  391  411  2  1  0  0  0  0  0  0  0  7  44  0  0  0  0  0  0  0  1  0  9  0  1  0  0  0  0  0  0  0  0  0  0  0  0  0  0  0  0  0  0  0  0  3  0  0  0  0  0  0  0  25  0  6  0  0  0  11  0  0  0  0  0  0  0  0  0  0  0  0  93  0  0  0  0  42  0  1  0  4  3791  8  6  2292  25  0  51  0  9  12  1  
26  0  0  6  44  22604  10548  348  10  0  0  4  0  4  103921  146016  0  0  0  0  0  0  0  0  0  0  0  0  44  0  0  0  0  0  0  0  0  0  1  3  29  0  0  0  234  4  0  0  276  0  0  16725  51495  0  0  2  0  0  0  0  0  2  0  0  1  333  18  4757  47276  0  2  0  0  0  0  0  0  0  5  15  0  0  1  0  0  0  0  0  0  1  0  0  0  0  0  0  0  0  0  0  0  0  0  0  0  0  0  0  0  0  0  0  1  0  1  0  0  0  0  0  7  0  2  0  0  0  2  0  0  0  0  0  0  0  0  0  0  0  0  24  0  0  0  0  19  0  0  0  42  6843  27  12  1780  203  0  25  0  30  1  1  
0  0  0  0  0  0  0  0  0  0  0  0  0  0  0  0  0  0  0  0  0  0  0  0  15018  7572  0  0  0  0  0  0  0  0  0  3745  0  0  0  0  0  0  0  0  0  0  0  0  0  0  0  0  0  0  0  185  0  0  0  0  0  0  0  0  0  0  0  0  0  0  0  0  304  0  0  0  0  0  0  0  0  0  0  0  0  0  0  0  0  0  0  0  0  0  0  0  0  0  0  0  0  0  0  0  0  0  0  0  0  0  0  0  0  0  0  0  0  0  0  0  0  0  0  0  0  0  0  0  0  0  0  0  0  0  0  0  0  0  0  0  0  0  0  0  0  0  0  0  0  0  0  0  0  0  0  0  0  0  0  0  
0  1  0  13  0  1  6  41  693  1035  4  0  0  0  0  0  1  0  1771  9982  1  28  0  0  112792  62267  142942  0  12  6479  0  0  5  10  1  4651  0  231  0  0  13139  61  0  725  2837  4  0  299  71  0  9  0  0  2  64  0  104  32232  410  0  147  0  0  0  49008  11513  38867  55  26  0  17991  0  6236  6  0  0  0  0  0  0  0  0  2  75  0  0  0  0  0  0  0  0  0  0  0  0  0  0  1  1  0  0  0  1  0  0  0  0  0  0  0  0  0  0  95  0  0  20  0  0  0  0  0  0  0  0  0  0  1  6  0  0  0  0  0  0  0  0  0  67  6  0  0  0  11  0  22  0  56  579  243  1402  1853  756  1  11  1  400  32  3  
0  24671  0  0  0  0  0  0  0  0  44  0  0  0  0  0  0  0  129730  780  310  1055  0  0  149  0  0  0  0  1  0  0  0  0  0  9  1  2  0  0  42  56451  0  5883  0  0  0  226  0  24  8702  0  0  0  0  5  0  35294  15777  3  4576  0  0  0  4  1  0  0  0  0  0  8  2689  21  0  0  0  0  0  0  0  0  0  0  0  0  0  0  0  0  0  0  0  0  0  0  0  0  0  0  0  0  0  0  0  0  0  0  0  0  0  0  0  0  0  0  0  0  0  0  0  0  0  0  0  0  0  0  0  0  0  0  0  0  0  0  0  0  0  0  0  0  0  0  0  0  0  0  108  0  110  291  17  0  0  0  0  0  0  0  
0  67  0  5  0  0  0  2  4  124  52  0  0  0  0  0  3  0  106357  57748  43  377  0  0  13134  26  1  1  0  45  0  0  1  1  0  164  0  79  0  0  4711  1281  0  21649  24  2  0  2156  12  1  235  0  0  1  1  31862  21481  0  17046  1  3652  0  0  0  4707  336  22  5  2  0  0  1  29323  61  0  0  0  0  0  0  0  0  0  6  0  0  0  0  0  0  0  0  0  0  0  0  0  0  0  0  0  0  0  0  0  0  0  0  0  0  0  0  0  0  1  0  0  0  0  0  0  0  0  0  0  0  0  0  0  0  0  0  0  0  0  0  0  0  0  10  0  0  0  0  0  0  0  0  752  36  657  1182  480  39  0  0  0  32  0  0  
0  25117  0  1  0  0  0  0  0  106  0  0  0  0  0  0  3  0  30326  41  9682  384  0  0  2265  0  0  0  0  38  0  0  0  15  104  18  12111  46848  0  0  640  602  97  1955  2  0  0  7840  0  837  12015  0  0  0  0  2277  9593  30001  0  779  16778  0  0  0  246  36  3  0  0  0  0  36183  40787  19  0  0  0  0  0  0  0  0  0  1  0  0  0  0  0  0  0  0  0  0  0  0  0  0  0  0  0  0  0  0  0  0  0  0  0  0  0  0  0  0  0  0  0  1  0  0  0  0  0  0  0  0  0  0  0  1  0  0  0  0  0  0  0  0  0  1  0  0  0  0  0  0  1  0  1937  9  4344  686  89  7  0  0  0  0  1  0  
0  15768  0  0  0  0  0  0  0  0  0  0  0  0  0  0  0  0  6  0  70051  1  0  0  0  0  0  0  0  0  0  0  0  54  150  0  35976  7175  0  0  0  1  220  1  0  0  0  1147  0  14893  6213  0  0  0  0  0  18  2  1053  0  2173  0  0  0  0  0  0  0  0  0  0  36462  1439  0  0  0  0  0  0  0  0  0  0  0  0  0  0  0  0  0  0  0  0  0  0  0  0  0  0  0  0  0  0  0  0  0  0  0  0  0  0  0  0  0  0  0  0  0  0  0  0  0  0  0  0  0  0  0  0  0  0  0  0  0  0  0  0  0  0  0  0  0  0  0  0  0  0  0  71  0  11566  2  0  0  0  0  0  0  0  0  
0  10932  0  0  0  0  0  0  0  422  67  0  0  0  0  0  0  0  273  875  107800  110957  33108  0  71  7  0  0  0  3  0  0  0  12  15  47  692  577  0  0  57  12182  42  20859  0  0  0  542  0  36543  68756  0  0  0  0  104  10901  1072  11045  642  0  0  0  0  55  17  2  0  0  0  0  3920  1952  5  0  0  0  0  0  0  0  0  0  0  0  0  0  0  0  0  0  0  0  0  0  0  0  0  0  0  0  0  0  0  0  0  0  0  0  0  0  0  0  0  0  0  0  0  0  0  0  0  0  0  0  0  0  0  0  0  0  0  0  0  0  0  0  0  0  1  0  0  0  0  0  0  0  0  245  1  42358  327  29  0  0  0  0  2  0  0  
14838  0  0  2  22  99  0  0  0  0  0  71  4884  17617  16911  0  0  0  0  0  0  0  0  46564  0  0  0  0  0  0  0  0  0  0  0  0  0  0  7668  3932  0  0  0  0  3  0  105  0  475  0  0  10094  3  0  0  0  0  0  0  0  0  0  0  6928  0  19  0  3  0  1  0  0  0  0  0  0  0  0  0  0  0  0  0  0  0  0  0  0  0  0  0  0  0  0  0  0  0  0  0  0  0  0  0  0  0  0  0  0  0  0  0  0  0  0  0  0  0  0  0  0  2  0  1  0  0  0  0  0  0  0  0  0  0  0  0  0  0  0  0  0  0  0  0  0  0  0  0  0  0  91  0  0  392  0  0  0  0  0  0  0  
2430  0  0  0  0  363  0  0  0  0  0  0  0  1  0  0  0  1  0  0  0  0  0  61864  0  0  0  0  0  0  55723  87  0  0  0  0  0  0  26  0  0  0  0  0  0  0  1149  0  98  0  0  1  0  0  0  0  0  0  0  0  0  2  0  18452  0  117  0  0  0  13282  0  0  0  0  0  0  0  0  0  0  0  0  0  0  0  0  0  0  0  0  0  0  0  0  1  1  0  0  0  0  0  0  0  0  6  26  0  0  0  0  0  0  0  0  0  0  0  0  0  0  0  0  0  0  0  0  0  0  0  0  0  0  0  0  0  0  0  0  0  0  0  0  0  0  0  0  0  0  0  861  0  130  17008  605  0  8  0  10  0  0  
38054  0  0  2  48  638  0  0  0  0  0  45  1156  1478  135  3  0  0  0  0  0  0  0  137863  0  0  0  0  0  0  689  8  0  0  7  0  0  0  21226  534  0  0  0  0  7  0  20715  3  620  0  0  88  5  4  0  0  0  0  0  0  0  6895  23112  0  0  17  0  1  0  1525  0  0  0  0  0  0  0  0  1  1  0  0  0  0  0  0  0  0  0  0  0  0  0  0  0  0  0  0  0  0  0  0  0  0  0  0  0  0  0  0  0  0  0  0  0  0  0  0  0  0  4  0  1  0  0  0  1  0  0  0  0  0  0  0  0  0  0  0  0  3  0  0  0  0  0  0  0  0  0  10832  0  9  18535  29  0  3  0  0  0  0  
0  9  0  14  0  0  1  8  9969  5671  64743  0  0  0  1  0  0  0  11  32408  18  2468  0  0  669  158  62713  0  4  69734  0  0  6  4  0  561  0  89  0  0  6524  175  1  39266  186  0  0  460  42  1  27  0  0  1  1  43999  456  11733  254  0  607  0  0  0  0  6292  192  26  19  0  6286  0  1044  22  0  0  0  0  0  0  0  0  211  23  0  0  0  0  0  0  0  0  0  0  0  9  0  0  1  1  0  0  0  142  0  0  0  0  0  0  0  0  0  0  24  0  0  2  0  0  0  0  0  0  0  0  0  0  0  2  0  0  0  0  0  0  0  0  68  32  1  0  0  0  30  0  3  0  105  177  247  669  1537  248  1  3  0  141  10  0  
510  3  0  19  758  57199  36091  33110  37251  52036  20  4  0  8  1155  2102  2  0  0  29  0  10  566  1  19  152  2203  1  9  9479  159  13727  4  2  0  234  0  13  4  9  8974  10  0  203  961  895  0  875  1024  0  7  382  176  708  0  1858  20  347  19  0  49  2  8  1  2048  0  1370  77  230  266  5872  0  269  66  1  0  0  7  125  6728  568  345  2317  3292  0  5  0  0  2  19  1  1  1  0  0  32  0  0  2  9  1  0  0  32  4  668  0  0  0  1  0  0  20  0  559  1  0  120  40  2  451  0  21  0  2  4  11  11  1  118  8  0  1  0  2  0  6  0  0  47994  66  4  3  0  4584  0  251  0  23  26456  8144  4190  6768  1278  7  12227  5908  10291  293  34  
0  0  14644  389  0  4  8  317  563  36  0  0  0  0  1  3  1  0  0  2  0  1  0  0  2  87914  63610  117240  844  129  0  0  0  0  0  7  0  0  0  0  3342  0  0  7  22189  29696  0  5  215  0  0  3  0  2  0  44852  0  4  0  0  0  0  0  0  109  4466  0  46  54  0  10660  0  7  0  0  0  0  0  0  0  0  0  1  39  0  0  0  0  0  0  0  0  1  0  0  0  0  0  0  0  0  0  0  0  0  0  0  0  0  0  0  0  0  0  39  0  0  13  0  0  0  0  0  0  0  0  0  0  0  2  0  0  0  0  0  0  0  0  0  40  6  0  0  0  4  0  16  0  0  1107  5  2691  2148  1941  3  2  0  285  16  1  
22  0  0  38347  15  512  1075  192  3  0  0  32373  1  69  31328  196  0  0  0  0  0  0  0  1  0  4  0  0  70689  5  0  0  0  0  0  0  0  0  2  1284  18  0  0  0  32015  0  2  0  4280  0  0  53490  424  4317  0  2  0  0  0  0  0  8  0  1  0  231  17  0  7862  0  0  0  0  0  0  0  0  0  0  8  0  0  2  0  0  0  0  0  0  2  0  0  0  0  0  0  0  0  0  0  0  0  0  0  0  0  0  0  0  0  0  0  0  0  0  0  0  0  0  0  1  0  0  0  0  0  0  0  0  0  0  0  0  0  0  0  0  0  0  5  0  0  0  0  4  0  0  0  8  3698  17  17  3835  151  0  7  0  1  1  0  
0  0  907  49  1  91  2623  26198  30  1  0  0  0  0  27276  31370  0  0  0  0  0  0  0  0  0  6  0  2  79363  2  0  0  0  0  0  0  0  0  0  0  230  0  0  0  12527  82  0  0  353  0  0  304  70  41631  0  6  0  0  0  0  0  0  0  0  1  395  110  8944  0  0  11  0  0  0  0  0  0  0  0  1  0  0  0  3  0  0  0  0  0  0  0  0  0  0  0  0  0  0  0  0  0  0  0  0  0  0  0  0  0  0  0  0  0  0  1  0  0  1  0  0  0  0  0  0  0  0  0  0  0  0  0  0  0  0  0  0  0  0  0  14  0  0  0  0  9  0  0  0  2  6993  2  71  727  61  0  4  0  11  3  0  
28783  0  0  0  26304  39387  0  0  0  0  0  0  0  0  0  6905  0  0  0  0  0  0  0  17988  0  0  0  0  0  0  52793  20357  0  0  0  0  0  0  36  0  0  0  0  0  0  0  38  0  51  0  0  0  0  0  0  0  0  0  0  0  0  0  16586  3806  0  608  0  1  0  0  0  0  0  0  0  0  0  0  2  8848  0  0  0  0  0  0  0  0  0  10  0  0  0  0  0  0  0  0  0  0  0  0  0  0  165  5051  0  0  0  0  0  0  0  0  0  0  0  0  0  0  0  0  0  0  0  0  0  0  0  0  0  0  0  0  0  0  1  0  0  116  0  0  0  518  0  0  0  0  3  12171  5  175  850  16  1  13  8  5  0  1  
0  0  111  0  0  0  1  24  44853  8  9  0  0  0  0  0  0  0  0  0  0  1  0  0  0  48  14045  0  13  59697  0  0  0  0  0  16  0  0  0  0  980  1  0  1  1805  25198  0  2  9  0  0  0  0  0  0  11706  0  5  0  0  1  0  0  0  9812  7496  7431  2  5  0  0  0  2  0  0  0  0  0  0  0  0  0  5347  18  1  0  0  0  0  0  0  0  0  0  0  1  0  0  0  1  0  0  0  1444  0  0  0  0  0  0  0  0  0  0  20  0  0  3  0  31  0  0  1  0  0  0  0  0  0  3  0  0  0  0  0  0  0  0  286  2278  0  0  0  0  5378  0  8  0  0  235  2  433  225  139  1  0  0  33  5  0  
0  10412  0  0  0  0  0  0  0  0  0  0  0  0  0  0  0  0  11  0  7402  0  8  0  0  0  0  0  0  0  0  0  0  1280  609  0  140846  136824  0  0  1  1  24178  5  0  0  0  6403  0  33539  5201  0  0  0  0  0  97  17  26787  30840  1614  0  0  0  0  0  0  0  0  0  0  0  14220  0  0  0  0  0  0  0  0  0  0  0  0  0  0  0  0  0  0  0  0  0  0  0  0  0  0  0  0  0  0  0  0  0  0  0  0  0  0  0  0  0  0  0  0  0  0  0  0  0  0  0  0  0  0  0  0  0  0  0  0  0  0  0  0  0  0  0  0  0  0  0  0  0  0  0  699  0  15655  13  2  0  0  0  0  0  0  0  
0  17  0  1  0  0  0  1  1  1052  16  0  0  0  0  0  3  0  36619  243  430  49  17  0  141532  10882  0  0  0  155  0  0  204  143775  25047  15093  199  212361  0  0  5120  128  7790  1515  19  0  0  122878  9  19587  213  0  0  0  136  11915  1233  24100  53825  3248  1435  0  0  0  4038  600  20  4  1  0  0  17784  0  4035  0  0  0  0  0  0  0  0  0  7  0  0  0  0  0  0  0  0  0  0  0  0  0  0  0  0  0  0  0  0  0  0  0  0  0  0  0  0  0  0  6  0  0  0  0  0  0  0  0  0  0  0  0  0  0  0  0  0  0  0  0  0  0  0  0  8  0  0  0  0  0  0  0  0  3221  30  39399  5433  684  26  0  0  1  15  0  0  
0  0  0  75  0  0  0  0  0  33  0  0  0  0  0  0  2  0  0  0  0  0  0  0  0  1190  0  0  0  0  0  0  30802  19709  0  27962  0  1  0  0  11325  0  0  5  0  0  0  20228  2  0  0  0  0  0  0  0  1  0  0  0  0  0  0  0  1  8  0  0  0  0  0  0  5000  0  0  0  0  0  0  0  0  0  0  0  0  0  0  0  0  0  0  0  0  0  0  0  0  0  0  0  0  0  0  0  0  0  0  0  0  0  0  0  0  0  0  0  0  0  0  0  0  0  0  0  0  0  0  0  0  0  0  0  0  0  0  0  0  0  0  1  0  0  0  0  0  0  0  0  54  0  88  447  106  2  0  0  0  2  0  0  
6  0  0  0  1  0  0  0  0  0  0  0  0  0  0  0  0  0  0  0  0  0  0  1  0  0  0  0  0  0  18  0  0  0  0  0  0  0  0  0  0  0  0  0  0  0  0  0  0  0  0  0  0  0  0  0  0  0  0  0  0  0  0  0  0  0  0  0  0  0  0  0  0  0  0  0  0  0  49132  2675  0  0  0  0  0  4  2381  11374  7097  20369  0  5  0  0  0  0  0  106183  0  0  0  0  0  0  5953  63  0  0  0  0  0  0  12153  4  0  0  0  0  0  0  17259  0  154  0  0  840  23811  6  0  0  0  0  0  0  0  15529  3675  15960  0  11  0  0  0  8658  0  0  0  0  0  1  0  0  0  0  0  281  0  0  16052  0  
0  0  0  0  0  0  0  0  0  0  0  0  0  0  0  0  0  0  0  0  0  0  0  0  0  0  0  0  0  0  0  0  0  0  0  0  0  0  0  0  0  0  0  0  0  0  0  0  0  0  0  0  0  0  0  0  0  0  0  0  0  0  0  0  0  0  0  0  0  0  0  0  0  0  0  0  0  0  0  0  0  0  0  0  0  0  0  0  0  0  0  0  55768  0  68295  38  0  0  0  0  0  0  0  0  0  0  0  0  0  0  10244  8  0  0  2  41441  0  0  0  0  0  0  0  0  23461  0  0  0  0  0  953  0  30521  29624  12996  0  0  0  0  0  0  0  0  0  0  981  1  0  0  0  0  0  0  0  0  0  0  0  1  0  
0  0  1675  0  0  0  0  9  31  0  0  0  0  0  0  1755  0  0  0  0  0  0  0  0  0  0  0  0  0  3  0  0  0  0  0  0  0  0  0  0  0  0  0  0  0  7  0  0  0  0  0  0  0  0  0  0  0  0  0  0  0  0  0  0  0  0  0  0  0  0  10  0  0  0  0  0  0  0  0  0  0  160  72  0  0  0  0  0  0  36505  0  0  0  0  0  0  0  0  0  0  13280  18675  7786  9565  0  0  0  0  0  0  0  0  0  0  1  0  0  0  23906  22148  0  0  0  0  0  0  0  0  0  13  0  0  0  0  0  0  0  0  0  2  13516  0  0  0  604  0  0  0  0  0  0  0  0  0  0  0  0  0  0  0  
0  0  0  0  0  4  1  1  0  0  0  0  0  0  0  0  0  0  0  0  0  0  0  0  0  0  0  0  0  0  0  0  0  0  0  0  0  0  0  0  0  0  0  0  0  0  0  0  0  0  0  0  0  0  0  0  0  0  0  0  0  0  0  0  0  3  0  0  0  0  0  0  0  0  0  0  0  0  1  15  11  20  2  0  0  32996  0  2  0  4  6113  2278  0  0  0  0  0  0  0  90059  0  19596  27903  0  0  0  1344  96  10  482  0  0  146  4  67302  0  0  1  41821  9  5  116  72213  0  0  9  0  15  1  7  0  0  0  0  0  0  0  0  0  13  376  15955  12  0  7  0  60  138  0  0  0  0  0  0  1  1101  0  222  958  167  
0  0  0  0  9  5  0  0  0  0  0  0  0  0  2  4  0  0  0  0  0  0  0  0  0  0  0  0  0  0  1  0  0  0  0  0  0  0  0  0  0  0  0  0  0  0  0  0  1  0  0  0  0  0  0  0  0  0  0  0  0  0  0  0  0  16  0  0  0  1  0  0  0  0  45733  0  0  1  0  9816  4  0  0  0  0  305  2  345  37071  72876  0  347  0  0  0  0  0  549  0  7  0  0  0  0  8  32  0  0  0  0  0  0  1529  185  1  0  0  0  3  0  6685  0  3200  0  0  224  69653  1907  0  0  0  0  0  0  0  326  57  123  0  158  1  23  3  17593  0  0  0  0  0  27  0  0  2  0  0  3610  0  0  7973  2  
175  0  0  1  2181  6724  8  0  0  0  0  0  0  0  225  14650  0  0  0  0  0  0  0  1  0  0  0  0  0  0  2380  44  0  0  0  0  0  0  2  1  0  0  0  0  0  0  0  0  85  0  0  28  24  16  0  0  0  0  0  0  0  0  1  0  0  2624  0  2  1  5079  0  0  0  0  6505  0  0  20  25817  0  40043  20  3  0  0  1413  7  424  151  152016  3  644  0  0  0  0  1  1668  0  158  0  0  34  0  2014  16006  0  0  0  0  0  0  3131  103  74  0  0  0  178  4  12881  1  8513  0  0  1166  1349  7376  2  3  0  0  0  0  0  63  2464  4186  0  63976  27  817  151  47145  1  0  5  0  0  334  0  0  30  2  0  63434  8  5  31220  36  
0  0  0  0  0  11298  8932  97  0  0  0  0  0  0  0  14228  0  0  0  0  0  0  0  0  0  0  0  0  0  0  0  0  0  0  0  0  0  0  0  0  0  0  0  0  0  0  0  0  0  0  0  2  0  3  0  0  0  0  0  0  0  0  0  0  0  1111  0  1  1  0  0  0  0  0  0  0  0  11  8  40889  0  28605  5  0  0  94  0  1  0  59446  1  6  0  0  0  0  0  0  4  89  1  2  228  1  0  0  0  0  0  0  0  0  2  1  254  0  0  0  952  17  1  1  242  0  0  183  13  5702  5  23  0  0  0  0  0  0  0  0  0  33772  40  530  5735  0  29  0  12  0  0  13  0  0  0  0  2  934  0  2  513  15  
0  0  26  0  0  23  1539  11498  695  0  0  0  0  0  0  8584  0  0  0  0  0  0  0  0  0  0  0  0  0  0  0  0  0  0  0  0  0  0  0  0  0  0  0  0  0  23  0  0  0  0  0  0  0  1  0  0  0  0  0  0  0  0  0  0  0  287  0  0  0  0  1  0  0  0  0  0  411  13  0  4  29427  0  13929  0  0  2  0  0  0  37803  33  0  1  0  0  0  0  0  17  61  2  9  1067  1  0  0  0  0  0  9  0  0  0  0  2910  0  0  2  23145  40396  0  18  104  0  0  3  0  12  28  335  1  0  0  0  3  0  0  0  0  26393  803  3  6670  0  218  0  205  2  0  3  0  2  1  0  35  1006  5  74  2107  207  
0  0  638  1  0  83  4  1208  14937  267  750  0  0  0  0  65  0  0  0  0  0  2  0  0  0  0  1  0  1  1477  0  0  0  0  0  0  0  0  0  0  12  0  0  5  23  148  0  1  3  0  0  1  0  6  0  0  0  0  0  0  0  1  0  0  21  3118  3  0  2  0  4701  0  1  0  0  0  12  9  0  0  0  9332  0  16005  0  0  0  0  0  25  0  0  17  0  0  818  0  0  14  57  734  3  1  18132  0  0  0  0  0  6  0  1  0  0  665  32  0  2309  310  14917  0  0  0  0  22  0  0  0  23  5230  64  7  2  0  36  0  0  0  98  35215  727  0  3  0  67957  0  710  0  1  1022  0  253  9  4  18  40  43  655  279  43  
0  0  0  0  0  20  2  176  14  2036  12  0  0  0  1  0  0  0  0  0  0  9  0  0  0  0  0  0  0  5  0  0  0  0  0  1  0  1  0  0  65  0  0  10  25  1  0  0  0  0  0  1  0  1  0  6  0  0  0  0  0  0  0  0  7  2106  12  0  0  0  1  0  0  0  0  0  0  0  0  0  0  0  18357  0  0  0  0  0  0  0  0  0  6  0  0  4573  4273  0  4  3  0  0  0  7200  0  0  0  0  0  0  0  0  0  0  203  7  0  25938  1  0  0  1  0  0  6  0  0  0  3  34  11  2  0  0  14  0  0  0  176  18521  7  0  0  0  149  0  209  0  0  648  9  354  15  11  52  13  27938  3211  135  10  
0  0  0  0  0  0  0  0  0  0  16109  0  0  0  0  0  0  0  0  0  0  851  0  0  0  0  0  0  0  12  0  0  0  0  0  0  0  0  0  0  0  1  0  160  0  0  0  0  0  0  0  0  0  0  0  0  0  0  0  0  0  0  0  0  12  0  0  0  0  0  0  0  0  0  0  0  0  0  0  0  0  0  1  0  0  0  0  0  0  0  0  0  0  40753  0  11412  0  0  0  0  46  0  0  236  0  0  0  0  0  0  0  0  0  0  0  39341  0  59892  0  0  0  0  0  0  21  0  0  0  0  11  1  3797  0  0  0  0  0  0  36589  0  0  0  0  0  57  0  0  0  0  0  0  0  0  0  0  0  0  0  0  0  
0  0  0  0  0  0  0  0  0  0  0  0  0  0  0  0  0  0  0  0  0  0  0  0  0  0  0  0  0  0  0  0  0  0  0  0  0  0  0  0  0  0  0  0  0  0  0  0  0  0  0  0  0  0  0  0  0  0  0  0  0  0  0  0  0  0  0  0  0  0  0  0  0  0  0  0  0  40935  44  154  2  1  0  0  0  0  240  36295  23  313  376  12213  0  0  0  0  2  425  0  793  0  0  5176  0  0  0  884  351  611  67  0  0  2451  22466  16  0  0  0  88  0  558  218  73062  0  0  36405  226  601  0  0  0  0  0  0  0  0  0  0  0  179  0  31438  2  0  0  0  0  22  0  2  0  0  0  0  0  611  0  0  572  4  
0  0  0  0  0  0  0  0  0  0  0  0  0  0  0  0  0  0  0  0  0  0  0  0  0  0  0  0  0  0  0  0  0  0  0  0  0  0  0  0  0  0  0  0  0  0  0  0  0  0  0  0  0  0  0  0  0  0  0  0  0  0  0  0  0  0  0  0  0  0  0  0  0  0  5434  0  0  0  50  53  0  0  0  0  0  452  0  15012  1  0  0  16  0  0  0  0  0  52603  0  0  0  0  0  0  0  0  0  0  0  0  0  0  27484  19  0  0  0  0  0  0  4338  0  5  0  0  1  57  0  0  0  0  0  0  0  0  8383  11  8682  0  0  0  0  0  43  0  0  0  0  0  0  0  0  0  0  0  4  0  0  195  0  
0  0  0  0  0  1  0  0  0  0  0  0  0  0  0  0  0  0  0  0  0  0  0  0  0  0  0  0  0  0  0  0  0  0  0  0  0  0  0  0  0  0  0  0  0  0  0  0  0  0  0  0  0  0  0  0  0  0  0  0  0  0  0  0  0  0  0  0  0  0  0  0  0  0  9757  0  0  0  895  319  0  0  0  0  0  33750  18037  0  24999  67  0  181  0  0  0  0  0  1673  0  1  0  0  0  0  0  0  0  0  2  0  0  0  44889  31596  0  0  0  0  0  0  2404  0  1416  0  0  124673  7100  793  0  0  0  0  0  0  0  31299  6  1795  0  187  0  4  0  39  0  0  0  0  0  1  0  0  0  0  0  62  0  0  477  0  
0  0  0  0  0  0  0  0  0  0  0  0  0  0  0  0  0  0  0  0  0  0  0  0  0  0  0  0  0  0  0  0  0  0  0  0  0  0  0  0  0  0  0  0  0  0  0  0  0  0  0  0  0  0  0  0  0  0  0  0  0  0  0  0  0  0  0  0  0  0  0  0  0  0  9239  0  0  1  32913  39  0  0  0  0  0  116  0  18102  0  17389  0  18  0  0  0  0  0  19410  0  2  0  0  10416  0  0  0  0  0  0  0  0  0  118  89  0  0  0  0  1  0  12  0  219  0  0  147525  251819  149922  0  0  0  0  0  0  0  38918  0  0  0  5  0  17311  12881  0  0  0  0  0  0  0  0  0  0  0  0  32  0  0  54  0  
8  0  607  0  85  482  202  225  75  0  0  0  0  0  1  54600  0  0  0  0  0  0  0  1  0  0  0  0  0  1  18  1  0  0  0  0  0  0  0  0  0  0  0  0  0  30  0  0  0  0  0  1  1  0  0  0  0  0  0  0  0  0  0  0  0  33  0  0  0  9  0  0  0  0  19100  0  39056  8  79058  128986  56735  41421  54  0  0  1502  1  112  11796  0  2  160  0  0  0  0  0  1261  0  29  0  10  56958  7  9578  59  0  0  0  0  0  0  526  32  23  0  0  0  11267  5685  1108  1  1672  0  0  889  1448  167697  0  3  0  0  0  0  0  8  1221  202  0  600  7  701  49011  26559  177  0  1  0  0  9  0  0  0  0  0  1709  0  1  7936  7  
0  0  0  0  0  1  0  1  0  0  0  0  0  0  0  0  0  0  0  0  0  0  0  0  0  0  0  0  0  0  0  0  0  0  0  0  0  0  0  0  0  0  0  0  0  0  0  0  0  0  0  0  0  0  0  0  0  0  0  0  0  0  0  0  0  3  0  0  0  0  0  0  0  0  0  0  0  4405  5  12  1  69  2  0  0  1215  0  3  1  29  0  48430  2  0  0  0  7476  452  18  1958  0  0  3  0  0  0  7119  18  11007  37  0  2  3  0  11988  0  584  0  98  2  98  43847  22708  72  1  23  11  17  0  6  4  0  37  9  0  0  0  0  0  52  15  36  12  0  16  4  640  17  0  1  0  1  0  0  6865  490  3946  52  32580  89  
0  0  0  0  2  5  0  0  0  0  0  0  0  0  4  0  0  0  0  0  0  0  0  0  0  0  0  0  0  0  0  0  0  0  0  0  0  0  0  0  0  0  0  0  0  0  0  0  1  0  0  0  2  0  0  0  0  0  0  0  0  0  0  0  0  8  0  0  0  0  0  0  0  0  2  0  0  4451  725  370  24  1  0  0  0  8576  6  393  126  875  34427  0  3  0  0  0  23404  23430  0  705  0  0  8  0  0  0  701  14  7430  11  0  4  1463  947  1464  0  202  1  109  0  51706  1465  73539  86  0  558  1174  541  0  1  2  0  27  9  0  0  1384  3  0  286  2  281  11  0  0  3  71  5  0  94  0  0  4  0  11363  1026  4077  8  19317  39  
0  0  0  0  0  2  1  1  0  0  0  0  0  0  0  0  0  0  0  0  0  0  0  0  0  0  0  0  0  0  0  0  0  0  0  0  0  0  0  0  0  0  0  0  0  0  0  0  0  0  0  0  0  0  0  0  0  0  0  0  0  0  0  0  0  11  0  0  0  0  0  0  0  0  0  43574  0  1  0  0  0  1  2  9  1  0  0  0  0  0  0  4  0  9000  3028  96  0  0  17419  5  3422  0  0  98  0  0  0  1  0  0  81  226  0  0  546  31770  0  1577  67  1  0  27  5  0  2314  0  0  0  5  2571  135224  68043  44310  152  4706  0  0  0  3  17  166  0  0  0  435  7027  58416  1  0  1  0  0  0  0  127  21  953  105  2284  261  
0  0  0  0  0  0  0  0  0  0  2289  0  0  0  0  0  0  0  0  1  0  0  0  0  0  0  8  0  0  46  0  0  0  0  0  0  0  0  0  0  0  0  0  0  0  0  0  0  0  0  0  0  0  0  0  0  0  0  0  0  0  0  0  0  5  0  0  0  0  0  0  0  0  0  0  0  0  0  0  0  0  0  0  0  38782  0  0  0  0  0  0  0  9505  0  0  729  0  0  0  0  39290  0  0  11885  0  0  0  0  0  0  0  0  0  0  0  25878  0  4204  0  0  0  0  0  0  49  0  0  0  0  32  100  65997  0  0  0  0  0  0  12745  0  0  0  0  0  76  0  0  0  0  0  0  0  0  0  0  0  0  0  0  0  
0  0  0  0  0  0  0  0  0  0  0  0  0  0  0  0  0  0  0  0  0  0  0  0  0  0  0  0  0  0  0  0  0  0  0  0  0  0  0  0  0  0  0  0  0  0  0  0  0  0  0  0  0  0  0  0  0  0  0  0  0  0  0  0  0  0  0  0  0  0  0  0  0  0  0  53165  0  0  0  0  0  0  0  0  0  0  0  0  0  0  0  0  732  0  0  7298  22519  0  0  1  0  0  0  0  1  2  0  0  1  0  7029  30  0  0  3  1792  27  9  0  0  0  0  0  31821  13966  0  0  0  0  0  2446  38  1949  78534  118269  0  1  0  0  0  5  0  0  0  2  85  137  0  0  1  0  0  1  0  179  1  6960  8  22  0  
0  1  0  0  0  0  0  0  0  256  773  0  0  0  0  0  0  0  0  0  2  1012  0  0  0  0  0  0  0  83  0  1  0  0  0  0  0  0  0  0  0  22  0  170  0  0  0  0  0  0  2  0  0  0  0  0  0  0  0  0  0  0  0  0  63  30  0  0  0  0  0  0  0  0  0  517  0  0  0  0  0  0  217  7574  9901  0  0  0  0  0  0  0  167  169  7096  0  8561  1  2  0  30  0  0  6102  1  11  0  0  0  0  0  1  0  0  213  72502  1  126617  4  0  0  0  1  0  81917  0  0  0  1  10  1289  7650  35  0  83674  0  1  0  15628  751  7  0  0  0  14  0  133  0  0  2  1  5  1  0  74  8  1844  313  36  8  
0  0  0  0  0  3  0  0  0  68  0  0  0  0  0  0  0  0  0  0  0  12  0  0  0  0  0  0  0  0  5  5  0  0  0  0  0  0  0  0  0  0  0  0  0  0  0  0  0  0  0  0  0  0  0  0  0  0  0  0  0  0  0  0  0  7  0  0  0  2  0  0  0  0  0  0  0  0  0  2  0  0  0  6623  0  18  0  0  0  0  7140  35424  0  0  8957  19814  0  16150  0  0  0  0  0  4  13  358  0  0  23442  0  2750  19  0  0  1  0  36816  16894  0  0  3437  361  3  23542  0  0  0  0  0  0  0  0  3  47  69252  0  1848  2  51  0  0  0  0  2  0  16  174  0  0  7  14  14  0  5  86325  276  86348  2286  1011  5  
7  0  0  0  4  0  0  0  0  0  0  0  0  0  0  0  0  0  0  0  0  0  0  1  0  0  0  0  0  0  23  0  0  0  0  0  0  0  0  0  0  0  0  0  0  0  0  0  0  0  0  0  0  0  0  0  0  0  0  0  0  0  0  0  0  0  0  0  0  0  0  0  0  0  128257  0  0  0  813  880  0  0  0  0  0  351  74124  5554  20816  369  35  23515  0  0  0  2  13650  0  0  0  0  0  0  0  7105  574  0  7  22  0  0  0  9939  17  0  0  3  0  0  0  41205  6  4  0  0  0  0  0  0  0  0  0  0  0  2  24691  87572  202340  0  1  0  0  0  3083  0  0  0  0  0  1  0  0  0  0  14831  56  69  7  29552  1  
0  0  0  0  0  6  1  4  0  0  0  0  0  0  0  0  0  0  0  0  0  0  0  0  0  0  0  0  0  0  0  0  0  0  0  0  0  0  0  0  1  0  0  0  0  0  0  0  0  0  0  1  0  0  0  0  0  0  0  0  0  0  0  0  0  25  0  0  0  0  0  0  0  0  0  0  0  1  0  0  1  4  20  17  0  1  0  0  0  0  1  2  19890  0  0  1  0  0  0  45029  8787  2107  0  23  0  0  0  6571  0  12435  0  25513  0  0  3133  2  0  157  111  3  0  6  2  0  38  0  0  0  37668  94532  78  7284  1002  0  319  0  0  0  0  42  613  0  0  0  824  8  212789  1  0  2  0  1  0  0  83  38  114  113  1579  364  
0  0  0  0  0  8  1  5  0  0  0  0  0  0  0  0  0  0  0  0  0  0  0  0  0  0  0  0  0  0  0  0  0  0  0  0  0  0  0  0  0  0  0  0  0  0  0  0  1  0  0  0  1  0  0  0  0  0  0  0  0  0  0  0  0  36  0  1  0  0  0  0  0  0  0  0  0  68304  6  24  35  49  20  1  0  107  0  1  0  30  2198  133  2  0  0  0  0  0  41388  0  0  12518  11  2  0  0  2417  1783  2  51385  0  16  0  0  61735  2  0  8  13438  30  1  68  2641  0  0  12  2  42  24153  4156  6  0  1  0  4  0  0  0  0  69  94893  65  33  0  248  0  7781  1165  0  7  0  1  0  0  36  2231  4  167  780  136  
0  0  0  0  0  3  7  2  0  0  9  0  0  0  0  0  0  0  0  1  0  0  0  0  0  0  1  0  0  8  0  0  0  0  0  0  0  0  0  0  0  0  0  0  0  0  0  0  0  0  0  0  0  0  0  0  0  0  0  0  0  0  0  0  0  34  0  0  0  0  0  0  0  0  0  0  13588  1  0  0  2  8  469  1  277  0  0  0  0  0  0  0  3751  42703  0  6  0  0  5613  1  0  1148  0  185232  0  0  0  0  0  0  0  0  0  0  254  2  0  401  28  7028  0  1  0  0  1  0  0  0  1  115458  2  11870  0  0  4  0  0  0  731  1142  57927  0  0  0  7825  0  39  0  0  1  0  0  0  0  10  27  1  7  89  6  
0  0  2  0  0  0  1  0  0  0  0  0  0  0  0  0  0  0  0  0  0  0  0  0  0  0  0  0  0  0  0  0  0  0  0  0  0  0  0  0  0  0  0  0  0  0  0  0  0  0  0  0  0  0  0  0  0  0  0  0  0  0  0  0  0  1  0  0  0  0  0  0  0  0  0  0  18156  20229  0  2  3  1  0  0  0  0  0  0  0  8  0  1  0  0  0  0  0  0  297  10859  658  0  33273  0  0  0  0  0  0  0  0  0  0  0  12  0  0  0  168727  57  0  1  16  0  0  0  0  0  7  1111  0  0  0  0  0  0  0  0  0  0  100606  1  0  0  2  0  0  0  0  0  0  0  0  0  0  113  0  1  20  3  
0  0  0  0  0  0  0  0  0  0  0  0  0  0  0  62  0  0  0  0  0  0  0  0  0  0  0  0  0  0  0  0  0  0  0  0  0  0  0  0  0  0  0  0  0  0  0  0  0  0  0  0  0  0  0  0  0  0  0  0  0  0  0  0  0  0  0  0  0  0  0  0  0  0  0  0  7347  32603  4  27  79  291  1  0  0  8331  0  1  12532  52717  3  3  0  0  0  0  0  0  0  117  0  27026  0  0  0  0  0  0  0  0  0  0  4  1  468  0  0  0  168614  6  0  0  600  0  0  3362  3  7811  0  1  0  0  0  0  0  0  0  0  0  9  39  90944  90047  0  1  0  11  0  0  0  0  0  0  0  2  605  0  1  132  5  
0  0  103  0  0  5  0  18  65  52  8048  0  0  0  0  0  0  0  0  3  0  5  0  0  0  0  263  0  0  7549  0  0  0  0  0  1  0  0  0  0  1  0  0  14  0  6  0  0  1  0  0  0  0  0  0  0  0  0  0  0  0  0  0  0  264  33  0  0  0  0  1179  0  0  0  0  0  8148  0  0  0  0  2  23666  6656  405  0  0  0  0  0  0  0  74  11986  0  11138  0  0  33  2  205725  0  0  0  0  0  0  0  0  0  0  1  0  0  107  67  0  13940  8  31155  0  0  0  0  43  0  0  0  5  6611  188  1761  1  0  40  0  0  0  68071  122  664  0  0  0  189335  0  212  0  0  45  0  9  0  0  13  6  14  59  151  51  
296  0  0  0  38  2  0  0  0  0  0  0  0  0  0  0  0  0  0  0  0  0  0  35  0  0  0  0  0  0  1672  12  0  0  0  0  0  0  0  0  0  0  0  0  0  0  0  0  0  0  0  0  0  0  0  0  0  0  0  0  0  0  9  0  0  2  0  0  0  91  0  0  0  0  4728  0  0  0  15  2086  0  0  0  0  0  0  0  0  0  6529  0  0  0  0  0  0  11  14806  0  0  0  0  0  0  0  19336  0  0  0  0  0  0  2  0  0  0  0  0  0  0  1  0  0  0  0  0  0  0  0  0  0  0  0  0  0  0  75655  23  0  0  0  0  0  37175  0  0  0  0  0  7  0  1  4  2  163  68  714  24  21757  65  
29  0  0  0  125  1669  0  0  0  0  0  0  0  0  0  105  0  0  0  0  0  0  0  2  0  0  0  0  0  0  1151  686  0  0  0  0  0  0  0  0  0  0  0  0  0  0  0  0  0  0  0  0  0  0  0  0  0  0  0  0  0  0  15  0  0  1088  0  0  0  2130  0  0  0  0  34  0  0  0  4  12308  0  0  0  0  0  0  1  0  0  7  0  0  0  0  0  10  58  457  0  0  0  0  0  0  18845  0  0  0  0  0  0  0  1  0  0  0  0  0  0  0  9  0  0  0  0  0  0  0  0  0  0  0  0  0  10  0  19945  18  0  2714  0  0  0  5971  0  0  0  0  4  416  2  144  55  53  644  24777  2774  741  29320  4959  
0  0  0  0  0  0  0  0  0  0  0  0  0  0  0  0  0  0  0  0  0  0  0  0  0  0  0  0  0  0  0  0  0  0  0  0  0  0  0  0  0  0  0  0  0  0  0  0  0  0  0  0  0  0  0  0  0  0  0  0  0  0  0  0  0  0  0  0  0  0  0  0  0  0  0  0  0  2292  0  0  0  0  0  0  0  2400  0  0  0  0  16630  280  0  0  0  0  0  1  0  6246  0  0  0  0  0  0  0  18154  7020  4311  0  0  0  0  27467  0  0  0  0  0  0  21822  565  0  0  0  0  0  0  0  0  0  0  0  0  0  0  0  0  0  3  0  0  0  0  0  8503  38200  0  0  0  0  0  0  0  0  1  1  0  4  
0  0  0  0  0  0  0  0  0  0  0  0  0  0  0  0  0  0  0  0  0  0  0  0  0  0  0  0  0  0  0  0  0  0  0  0  0  0  0  0  0  0  0  0  0  0  0  0  0  0  0  0  0  0  0  0  0  0  0  0  0  0  0  0  0  0  0  0  0  0  0  0  0  0  0  0  0  347  0  0  0  0  0  0  0  475  1  3  0  0  88  13  0  0  0  0  2  15  5587  1688  0  0  0  0  0  0  17427  0  85048  48672  0  5175  0  0  1484  0  13819  1  0  0  0  14690  21  0  0  0  0  0  0  2  1  0  9  0  2  0  0  1  0  1  3  0  0  0  0  17  104179  23793  0  0  0  0  0  0  1  0  410  35  30  0  
0  0  0  0  0  0  0  0  0  0  0  0  0  0  0  0  0  0  0  0  0  0  0  0  0  0  0  0  0  0  0  0  0  0  0  0  0  0  0  0  0  0  0  0  0  0  0  0  0  0  0  0  0  0  0  0  0  0  0  0  0  0  0  0  0  0  0  0  0  0  0  0  0  0  0  0  0  5  0  0  0  0  0  0  0  1330  0  3  0  0  7421  6264  0  0  0  0  18022  220  0  0  0  0  0  0  0  0  5895  74700  0  0  85  1419  0  0  0  0  29683  0  0  0  5  48850  20  11458  0  0  0  0  0  0  0  0  0  681  11  0  1  2  0  0  0  0  0  0  0  1343  42244  16  0  0  0  0  0  0  6296  0  6543  0  0  0  
0  0  0  0  0  1  0  1  0  0  0  0  0  0  0  0  0  0  0  0  0  0  0  0  0  0  0  0  0  0  0  0  0  0  0  0  0  0  0  0  0  0  0  0  0  0  0  0  0  0  0  0  0  0  0  0  0  0  0  0  0  0  0  0  0  3  0  0  0  0  0  0  0  0  0  0  0  2550  0  0  0  4  5  0  0  99  0  0  0  0  301  10  0  0  0  0  0  0  7275  56453  0  0  0  0  0  0  4616  52144  2  0  0  1  1  0  52840  0  0  1  76  3  1  1454  637  0  0  0  0  0  325  182  0  0  6  0  2  0  0  0  0  5  1046  0  0  0  25  0  10415  37748  0  0  0  0  0  0  0  12  88  28  68  12  
0  0  0  0  0  0  0  0  0  0  0  0  0  0  0  0  0  0  0  0  0  0  0  0  0  0  0  0  0  0  0  0  0  0  0  0  0  0  0  0  0  0  0  0  0  0  0  0  0  0  0  0  0  0  0  0  0  0  0  0  0  0  0  0  0  0  0  0  0  0  0  0  0  0  0  7067  0  0  0  0  0  0  0  0  0  0  0  0  0  0  0  0  135  0  4626  0  3127  0  0  0  0  0  0  0  0  0  0  0  4008  0  0  26522  0  0  0  0  31194  0  0  0  0  16  0  43436  0  0  0  0  0  0  0  0  8619  95940  31  0  0  0  0  0  0  0  0  0  0  95911  187  0  0  0  0  0  0  0  4  0  21  0  0  0  
0  0  0  0  0  0  0  0  0  0  0  0  0  0  0  0  0  0  0  0  0  0  0  0  0  0  0  0  0  0  0  0  0  0  0  0  0  0  0  0  0  0  0  0  0  0  0  0  0  0  0  0  0  0  0  0  0  0  0  0  0  0  0  0  0  0  0  0  0  0  0  0  0  0  0  1  0  0  0  0  0  0  0  0  0  0  0  0  0  0  2  0  660  0  17  1  4  0  25134  38  0  0  0  1  0  0  0  9970  1548  11  32973  0  0  0  6  0  32102  5  0  0  0  3118  0  5751  1  0  0  0  0  0  4  2  9912  8163  3471  0  0  0  0  0  0  0  0  0  3  123137  197953  0  0  0  0  0  0  0  2  0  3274  0  7  0  
0  0  0  0  0  2  0  0  0  0  0  0  0  0  5  0  0  0  0  0  0  0  0  0  0  0  0  0  0  0  0  0  0  0  0  0  0  0  0  0  0  0  0  0  0  0  0  0  4  0  0  0  0  0  0  0  0  0  0  0  0  0  0  0  0  10  0  0  0  0  0  0  0  0  13068  0  0  12  7946  4618  0  0  0  0  0  4634  20881  56872  237  354  1  959  0  0  0  0  0  7473  0  0  0  0  0  0  0  0  0  0  0  0  0  0  0  27821  3  0  0  0  0  0  32385  0  28791  0  0  1250  4094  225  0  0  0  0  0  0  0  490  8  18364  0  314  0  10  0  306  0  0  0  0  0  24  0  0  0  0  0  366  0  0  2032  2  
0  0  0  0  0  1  0  0  0  0  0  0  0  0  0  0  0  0  0  0  0  0  0  0  0  0  0  0  0  0  0  0  0  0  0  0  0  0  0  0  0  0  0  0  0  0  0  0  0  0  0  0  0  0  0  0  0  0  0  0  0  0  0  0  0  0  0  0  0  0  0  0  0  0  0  0  0  2  564  37  1  0  0  0  0  24881  23  41137  269  71  0  978  0  0  0  0  0  19  0  0  0  0  0  0  0  0  0  0  0  0  0  0  23357  0  1  0  0  0  0  0  580  1  15557  0  0  1547  2466  270  0  0  0  0  0  0  0  11  0  0  0  43  0  21  0  0  0  0  0  0  0  1  0  0  0  0  0  32  0  0  361  0  
0  0  0  0  0  29  7  41  3  1  0  0  0  0  1  0  0  0  0  0  0  0  0  0  0  0  0  0  0  0  0  0  0  0  0  0  0  0  0  0  1  0  0  0  1  0  0  0  0  0  0  1  1  1  0  0  0  0  0  0  0  0  0  0  0  157  1  0  0  0  0  0  1  0  0  0  0  42322  2  64  72  295  195  237  0  21  0  0  1  38  10113  765  236  0  0  18  1  0  5454  57160  27  9  78  146  0  0  19999  972  0  41810  0  7  86  1  0  41  0  1749  3929  247  2  27334  45138  0  166  14  4  68  494  1205  321  29  152  0  1554  0  0  0  0  458  15775  1046  101  0  1069  0  36618  16056  0  33  0  11  1  0  446  9224  3087  3463  39306  5026  
0  0  0  0  0  0  0  0  0  0  32  0  0  0  0  0  0  0  0  0  0  28  0  0  0  0  0  0  0  0  0  0  0  0  0  0  0  0  0  0  0  2  0  9  0  0  0  0  0  0  0  0  0  0  0  0  0  0  0  0  0  0  0  0  0  0  0  0  0  0  0  0  0  0  0  31644  0  0  0  0  0  0  0  0  44578  0  0  0  0  0  0  0  35530  20781  7123  76981  0  0  1  0  6  0  0  0  0  0  0  0  0  0  0  0  0  0  3  0  0  47891  0  0  0  0  0  0  68984  0  0  0  0  0  33189  1366  49  1  154  0  0  0  2  1  4  0  0  0  2  0  0  0  0  0  0  0  0  0  0  0  0  0  11  3  
0  0  0  0  0  0  0  0  0  0  0  0  0  0  0  0  0  0  0  0  0  0  0  0  0  0  0  0  0  0  0  0  0  0  0  0  0  0  0  0  0  0  0  0  0  0  0  0  0  0  0  0  0  0  0  0  0  0  0  0  0  0  0  0  0  0  0  0  0  0  0  0  0  0  0  0  0  0  0  0  0  0  0  0  0  0  0  0  0  0  14  6  0  0  17  0  35146  7  0  0  0  0  0  0  0  0  0  18345  35543  0  28625  35832  0  0  0  0  0  0  0  0  0  917  0  37199  0  0  0  0  0  0  0  0  0  206  3  0  0  0  0  0  0  0  0  0  0  21679  10655  0  0  0  0  0  0  0  16311  0  2857  0  0  0  
0  0  0  0  0  7  1  15  1  19  60  0  0  0  0  0  0  0  0  0  0  48  0  0  0  0  0  0  0  0  0  0  0  0  0  0  0  0  0  0  1  0  0  14  1  0  0  0  0  0  0  0  0  1  0  0  0  0  0  0  0  0  0  0  1  36  1  0  0  0  0  0  0  0  0  1  0  1  0  0  0  1  736  25052  64136  0  0  0  0  0  1  4  3517  3915  9  122243  10735  0  508  14  131  0  0  9214  0  0  0  0  0  2  0  8  0  0  4737  56308  0  0  14  2  0  14  1  0  10188  0  0  0  7  430  18100  29724  1006  0  6660  0  0  0  59809  101  88  0  0  0  1990  1  2439  2  0  61  2  51  1  0  183  14  15887  951  1550  153  
0  0  1  0  0  23  24  7  0  0  0  0  0  0  0  1  0  0  0  0  0  0  0  0  0  0  0  0  0  0  0  0  0  0  0  0  0  0  0  0  0  0  0  0  0  0  0  0  0  0  0  0  0  1  0  0  0  0  0  0  0  0  0  0  0  122  0  0  0  0  0  0  0  0  0  0  19227  41569  7  265  425  20065  2698  2  0  122  0  2  1  8943  74  38  1  0  0  0  0  0  35  17129  18  150283  170321  2  0  0  0  0  0  19  0  0  3  0  9509  1  0  0  0  32893  2  24  8424  0  1  51  4  388  124  374  3  0  0  0  8  0  0  0  0  906  71199  10993  34373  0  292  0  533  4  0  7  0  0  0  0  53  10897  2  202  4020  770  
0  0  415  0  0  1  1  92  251  0  0  0  0  0  0  78  0  0  0  0  0  0  0  0  0  0  0  0  0  57  0  0  0  0  0  0  0  0  0  0  0  0  0  0  0  81  0  0  0  0  0  0  0  0  0  0  0  0  0  0  0  0  0  0  0  2  0  0  0  0  83  0  0  0  0  0  26820  5  0  0  1  31175  33463  0  0  0  0  0  0  4895  1  0  0  0  0  0  0  0  8  70  15529  292  46  33063  0  0  0  0  0  5  0  0  0  0  495  0  0  0  26106  0  0  1  2  0  0  0  0  0  12  118  0  0  0  0  0  0  0  0  0  68  25491  1  51  0  42365  0  45  0  0  0  0  0  0  0  9  20  1  16  450  39  
3  0  0  0  1  12  0  0  0  0  0  0  0  0  50  0  0  0  0  0  0  0  0  0  0  0  0  0  0  0  0  0  0  0  0  0  0  0  0  0  0  0  0  0  0  0  0  0  10  0  0  1  7  1  0  0  0  0  0  0  0  0  0  0  0  37  0  0  0  0  0  0  0  0  8553  0  0  2  11520  4833  0  0  0  0  0  858  6965  635  55  343  8  36378  0  0  0  0  1218  40017  0  3  0  0  0  0  1  4  0  0  0  0  0  0  24746  1292  2  0  0  0  1  0  0  2  8350  0  0  236  1397  243  0  0  0  0  0  0  0  162  4660  17593  0  929  0  7  0  1038  0  0  0  0  0  162  0  0  6  0  399  699  2  1  51267  1  
0  0  0  0  0  2  0  1  0  0  0  0  0  0  0  0  0  0  0  0  0  0  0  0  0  0  0  0  0  0  0  0  0  0  0  0  0  0  0  0  0  0  0  0  0  0  0  0  0  0  0  0  0  0  0  0  0  0  0  0  0  0  0  0  0  3  0  0  0  0  0  0  0  0  0  0  0  85  0  0  1  16  5  12  0  509  0  0  0  0  44125  6553  67  0  0  0  769  164  5  89  1  0  1  1  0  0  19108  17075  50146  2282  8  5028  0  0  24322  1  1917  23  18  0  12  0  224  4481  1  0  0  0  0  39  103  2  482  391  43  0  0  1  0  23  17  0  3  0  16  449  81618  6050  0  0  0  1  0  0  3881  154  20832  3734  52271  64  
1  0  0  0  2  43  2  3  1  0  0  0  0  0  21  0  0  0  0  0  0  0  0  0  0  0  0  0  0  0  0  0  0  0  0  0  0  0  0  0  1  0  0  0  0  0  0  0  5  0  0  2  3  1  0  0  0  0  0  0  0  0  0  0  0  33  0  0  0  0  0  0  0  0  14  0  0  54040  2317  2849  143  80  5  0  0  76610  0  7849  657  3572  17028  67040  1  0  0  0  5  8  22  2810  0  42  401  0  0  0  100  7  14  15  0  0  26203  16733  40342  0  0  5  11968  17  11871  112  0  0  0  2615  1755  3555  0  17  5  0  0  0  4  2  0  1  0  3877  371  14954  161  1  32  0  872  5  0  122  0  1  2  0  10  15952  29  916  47101  4905  
0  0  0  0  0  0  0  0  0  0  0  0  0  0  0  0  0  0  0  0  0  0  0  0  0  0  0  0  0  0  0  0  0  0  0  0  0  0  0  0  0  0  0  0  0  0  0  0  0  0  0  0  0  0  0  0  0  0  0  0  0  0  0  0  0  0  0  0  0  0  0  0  0  0  0  0  0  0  0  0  0  0  0  0  0  0  0  0  0  0  0  0  0  0  43098  0  24204  0  0  0  0  0  0  0  0  0  0  4  13404  0  32458  8459  0  0  0  0  34586  0  0  0  0  4364  0  0  0  0  0  0  0  0  0  0  24  72371  2470  0  0  0  0  0  0  0  0  0  0  7145  4754  0  0  0  0  0  0  0  1591  0  50061  0  0  0  
0  0  0  0  0  0  0  0  0  0  0  0  0  0  0  0  0  0  0  0  0  0  0  0  0  0  0  0  0  0  0  0  0  0  0  0  0  0  0  0  0  0  0  0  0  0  0  0  0  0  0  0  0  0  0  0  0  0  0  0  0  0  0  0  0  0  0  0  0  0  0  0  0  0  0  15125  0  0  0  0  0  0  0  0  6  0  0  0  0  0  0  0  2087  33  18574  53688  0  0  6  0  0  0  0  12  0  1  0  0  0  0  0  0  0  0  101  56347  0  4708  0  0  0  0  0  0  0  0  0  0  0  5  12788  1084  1796  14  45142  0  0  0  8  1  1  0  0  0  3  1  172  0  0  0  0  0  0  0  0  0  3  1  20  4  
0  0  0  0  0  0  0  0  0  0  0  0  0  0  0  0  0  0  0  0  0  0  0  0  0  0  0  0  0  0  0  0  0  0  0  0  0  0  0  0  0  0  0  0  0  0  0  0  0  0  0  1  0  0  0  0  0  0  0  0  0  0  0  0  0  3  0  0  0  0  0  0  0  0  497  0  0  18  2373  1510  201  3  0  0  0  41261  0  125531  142424  1804  2  95  0  0  0  0  0  0  0  104  0  0  1083  0  0  0  0  0  0  1  0  0  5076  1763  45  0  0  0  77  1  501  0  2834  0  0  0  100508  46630  1  0  0  0  0  0  0  21565  0  15  0  212  16  47835  246  5  0  0  1  0  0  0  0  0  0  0  0  2079  0  1  1178  9  
1  0  0  0  0  13  0  0  0  0  0  0  0  0  23  0  0  0  0  0  0  0  0  0  0  0  0  0  0  0  0  0  0  0  0  0  0  0  0  0  0  0  0  0  0  0  0  0  5  0  0  1  0  0  0  0  0  0  0  0  0  0  0  0  0  7  0  0  0  0  0  0  0  0  31255  0  0  11  126615  1364  4  0  0  0  0  4980  26  7952  242533  6897  1  395  0  0  0  0  0  0  0  72  0  0  2  0  0  0  0  0  0  0  0  0  8319  2260  23  0  0  0  7  0  4531  0  1440  0  0  89447  0  75065  0  0  0  0  0  0  0  22355  0  7  0  201  7  214  4  5  0  0  0  0  0  104  0  0  3  0  0  1069  0  0  8183  0  
0  0  0  0  0  5  0  0  0  0  0  0  0  0  0  0  0  0  0  0  0  0  0  0  0  0  0  0  0  0  0  0  0  0  0  0  0  0  0  0  0  0  0  0  0  0  0  0  0  0  0  0  1  0  0  0  0  0  0  0  0  0  0  0  0  8  0  0  0  0  0  0  0  0  1  0  0  92  2701  5813  5772  28  0  0  0  8390  0  594  102442  166772  3  81  0  0  0  0  0  0  0  489  0  0  7287  0  0  0  0  0  0  0  0  0  143  168  180  0  0  0  537  0  38  0  2054  0  0  24957  57781  0  1  1  0  0  0  0  0  0  0  0  0  708  51  22705  49236  0  6  0  2  0  0  6  0  0  0  0  0  1827  0  1  1261  31  
0  0  0  0  0  20  4  14  1  0  0  0  0  0  0  0  0  0  0  0  0  0  0  0  0  0  0  0  0  0  0  0  0  0  0  0  0  0  0  0  0  0  0  0  0  0  0  0  0  0  0  0  0  2  0  0  0  0  0  0  0  0  0  0  0  43  0  0  0  0  0  0  0  0  0  0  0  3  0  0  3  37  30  7  0  0  0  0  0  1  2  0  7  0  0  0  0  0  47535  31943  3  108  0  5  0  0  0  0  0  2167  0  0  0  0  2209  4  0  38  97  37  0  1  5  0  2  0  0  1  0  39758  12  1  2  0  8  0  0  0  0  53  10858  1  2  0  418  0  3732  0  0  8  0  2  0  0  52  71  11  162  427  84  
1  0  0  0  0  68  29  64  7  7  0  0  0  0  0  2  0  0  0  0  0  0  0  0  0  0  0  0  0  0  0  0  0  0  0  0  0  0  0  0  5  0  0  0  6  1  0  0  1  0  0  3  2  8  0  1  0  0  0  0  0  0  0  0  0  420  0  0  0  0  0  0  0  0  0  0  18  36  0  1  27  723  6044  671  5  2  0  0  0  2  7  0  9698  138  1  11  0  0  92371  5225  135762  3976  1  15373  0  0  0  1  0  230  0  1  0  0  17515  29  0  3327  315  691  0  8  17  0  156  0  0  1  28107  0  1272  63143  40  0  450  0  0  0  207  12311  48074  1  4  0  60420  0  21655  3  0  87  0  19  0  1  1282  381  425  960  6372  499  
0  0  0  0  0  6  1  1  0  0  0  0  0  0  0  0  0  0  0  0  0  0  0  0  0  0  0  0  0  0  0  0  0  0  0  0  0  0  0  0  0  0  0  0  0  0  0  0  0  0  0  0  0  0  0  0  0  0  0  0  0  0  0  0  0  9  0  0  0  0  0  0  0  0  0  319  0  0  0  0  0  0  5  4  71  0  0  0  0  0  4  22  153426  91  599  1467  3  0  69  2  0  0  0  42  0  0  0  0  0  0  0  2  0  0  794  22339  0  8280  52  0  0  27  4  0  28698  0  0  0  1  62  0  4029  12321  36  8760  0  0  0  2  8  138  0  0  0  176  13  14286  2  0  1  0  1  0  0  63  13  1248  105  1409  242  
0  0  0  0  0  4  1  0  0  0  0  0  0  0  1  1  0  0  0  0  0  0  0  0  0  0  0  0  0  0  0  0  0  0  0  0  0  0  0  0  0  0  0  0  0  0  0  0  0  0  0  0  0  0  0  0  0  0  0  0  0  0  0  0  0  16  0  0  0  0  0  0  0  0  0  0  0  0  0  0  0  0  6  5  2359  0  0  0  0  0  1  1  97416  66064  2  8552  0  0  7548  4  12795  0  0  3156  0  0  0  0  0  1  0  0  0  0  341  5843  0  42097  43  1  0  1  5  0  1083  0  0  0  4  63331  7470  0  41  0  658  0  0  0  856  9  209  0  1  0  4174  0  509  0  0  4  0  0  0  0  50  32  87  162  1749  393  
0  0  0  0  0  0  0  0  0  0  0  0  0  0  0  0  0  0  0  0  0  0  0  0  0  0  0  0  0  0  0  0  0  0  0  0  0  0  0  0  0  0  0  0  1  0  0  0  0  0  0  0  0  0  0  0  0  0  0  0  0  0  0  0  0  5  0  0  0  0  0  0  0  0  0  25997  0  0  0  0  0  0  5  5  0  0  0  0  0  0  8  68  57082  0  6551  8  7  0  461  3  0  0  0  3  0  0  0  3  1  0  8957  13068  0  0  937  16  0  91  34  0  0  227  9  0  4133  0  0  0  0  15  15620  62  0  22317  56211  0  0  0  0  12  149  0  0  0  104  50401  51059  2  0  1  0  0  0  0  243  16  5717  120  6205  138  
0  0  0  0  0  0  0  0  0  0  0  0  0  0  0  0  0  0  0  0  0  0  0  0  0  0  0  0  0  0  0  0  0  0  0  0  0  0  0  0  0  0  0  0  0  0  0  0  0  0  0  0  0  0  0  0  0  0  0  0  0  0  0  0  0  0  0  0  0  0  0  0  0  0  0  28041  0  0  0  0  0  0  0  0  0  0  0  0  0  0  2  4  220  0  75972  0  34  0  0  0  0  0  0  0  0  0  0  0  298  0  81023  16389  0  0  1  3  591  1  0  0  0  463  0  38313  118  0  0  0  0  0  48  0  27099  0  37634  0  0  0  0  0  0  0  0  0  0  48110  2841  0  0  0  0  0  0  0  9  0  8862  0  16  0  
0  0  0  0  0  0  0  0  0  1  0  0  0  0  0  0  0  0  0  0  0  0  0  0  0  0  0  0  0  0  0  1  0  0  0  0  0  0  0  0  0  0  0  0  0  0  0  0  0  0  0  0  0  0  0  0  0  0  0  0  0  0  0  0  0  4  0  0  0  0  0  0  0  0  0  4098  0  0  0  0  0  1  10  38  0  0  0  0  0  0  2  4  3415  0  102315  87885  44236  1  27  2  1  0  0  12  3  36  0  1  2  1  279  498  0  0  2632  491  13  6663  6  0  0  25  0  4756  68728  0  0  0  0  50  22289  302  22290  44823  0  0  3  0  0  31  27  0  0  1  36  1806  2461  1  0  2  0  1  0  0  814  33  52591  220  302  48  
0  0  0  0  0  0  0  0  0  0  0  0  0  0  0  0  0  0  0  0  0  0  0  0  0  0  0  0  0  0  0  0  0  0  0  0  0  0  0  0  0  0  0  0  0  0  0  0  0  0  0  0  0  0  0  0  0  0  0  0  0  0  0  0  0  1  0  0  0  0  0  0  0  0  24052  0  0  0  3024  103  0  0  0  0  0  0  9661  33565  27374  3  0  0  0  0  0  0  0  24120  0  0  0  0  0  0  0  0  0  0  0  0  0  0  1968  2  0  0  0  0  0  0  662  0  8  0  0  15435  33968  0  0  0  0  0  0  0  0  0  0  96  0  3  0  0  0  3  0  0  0  0  0  0  0  0  0  0  0  3  0  0  78  0  
10  0  0  0  2  3  0  0  0  0  0  0  0  0  0  0  0  0  0  0  0  0  0  1  0  0  0  0  0  0  25  3  0  0  0  0  0  0  0  0  0  0  0  0  0  0  0  0  0  0  0  0  0  0  0  0  0  0  0  0  0  0  1  0  0  2  0  0  0  2  0  0  0  0  6228  0  0  0  71  5084  0  0  0  0  0  0  5  1  0  303  1  406  0  0  0  2  1625  104971  0  0  0  0  0  0  69442  23265  0  0  1  0  0  0  17  0  0  0  0  0  0  0  2194  0  0  0  0  0  0  0  0  0  0  0  0  0  2  0  0  6246  0  1  0  0  0  18359  0  0  0  0  0  3  0  0  0  0  7159  2956  812  121  99673  7033  
0  0  0  0  0  0  0  0  0  0  0  0  0  0  0  0  0  0  0  0  0  0  0  0  0  0  0  0  0  0  0  0  0  0  0  0  0  0  0  0  0  0  0  0  0  0  0  0  0  0  0  0  0  0  0  0  0  0  0  0  0  0  0  0  0  0  0  0  0  0  0  0  0  0  48924  0  0  0  602  3325  0  0  0  0  0  0  11875  10961  1  174  1  0  0  0  0  0  0  189910  0  0  0  0  0  0  54  106  0  0  1  0  0  0  40463  0  0  0  5  0  0  0  10229  1  9  0  0  2  2  2  0  0  0  0  0  0  0  175  15091  0  0  1  0  0  0  3151  0  0  0  0  0  0  0  0  0  0  7  111  8  1  13887  0  
0  0  0  0  0  0  0  0  4  1  6042  0  0  0  0  0  0  0  0  0  0  21  0  0  0  0  23  0  0  1103  0  0  0  0  0  0  0  0  0  0  0  0  0  9  0  0  0  0  0  0  0  0  0  0  0  0  0  0  0  0  0  0  0  0  409  0  0  0  0  0  70  0  0  0  0  0  0  0  0  0  0  0  833  829  48079  0  0  0  0  0  0  0  9  13846  0  18334  0  0  0  0  837  0  0  79245  0  0  0  0  0  0  0  0  0  0  1  6  0  58837  0  0  0  0  0  0  4  0  0  0  0  370  10  3093  0  0  2  0  0  0  0  2  0  0  0  0  1809  0  1  0  0  0  0  0  0  0  0  0  0  1  1  0  
51  0  0  3  114  9523  4064  4875  12285  19135  111  2  0  3  411  1587  0  0  0  0  0  1  1  0  0  2  1  0  0  57  9  3  0  0  0  8  0  0  2  5  220  1  0  13  46  1  0  661  269  0  0  95  61  107  0  6  0  5  0  0  0  3  0  0  2  55534  8  14  6  612  1504  0  7  27  25  0  0  47  1263  60371  43320  29981  34471  30335  0  626  0  35  12  1340  37  125  12  0  0  274  0  0  27  99  346  6  50  236  0  2390  0  1  0  2  0  1  998  21  3309  6  0  265  1399  106  9993  16  1923  0  15  362  564  580  19  4407  31  1  3  1  104  1  0  1  0  0  615  474  314  1  4497  0  1228  0  2  2467  406  631  1693  62  76  24401  11337  11101  5799  193  
0  0  0  0  0  14  2  19  2  0  0  0  0  0  0  0  0  0  0  0  0  0  0  0  0  0  0  0  0  0  0  0  0  0  0  0  0  0  0  0  0  0  0  0  1  0  0  0  0  0  0  0  0  0  0  1  0  0  0  0  0  0  0  0  0  59  0  1  0  0  0  0  0  0  0  0  12195  1391  1  20  23  149  2173  12  0  3  0  0  0  11  24  11  9  0  0  2  0  0  811  96889  39479  114929  11  246  0  0  0  2  0  1187  0  1  0  0  42240  6  0  73  85178  18341  0  11  549  0  3  7  0  9  9427  45276  28  1  2  0  7  0  0  0  0  184  0  29  14  0  22662  0  2030  0  0  24  0  4  0  0  113  1752  18  249  3097  539  
0  0  0  0  0  3  1  0  0  0  0  0  0  0  0  0  0  0  0  0  0  0  0  0  0  0  0  0  0  0  0  0  0  0  0  0  0  0  0  0  0  0  0  0  0  0  0  0  0  0  0  0  0  0  0  0  0  0  0  0  0  0  0  0  0  5  0  0  0  0  0  0  0  0  0  0  0  19486  66  567  863  17  0  0  0  27878  0  29  22240  974  9  40  0  0  0  0  0  0  0  414  0  0  92540  0  0  0  0  0  0  0  0  0  26  15  545  0  0  0  17629  5  7  2  6919  0  0  44479  30  17657  1  2  0  0  0  0  0  0  0  0  0  177  38  0  14625  0  1  0  2  0  0  5  0  0  0  0  1  4756  0  6  3918  70  
0  0  0  0  0  1  5  0  0  0  0  0  0  0  0  0  0  0  0  0  0  0  0  0  0  0  0  0  0  0  0  0  0  0  0  0  0  0  0  0  0  0  0  0  0  0  0  0  0  0  0  0  0  0  0  0  0  0  0  0  0  0  0  0  0  17  0  0  0  0  0  0  0  0  0  0  0  30  38  424  4436  1692  0  0  0  61  0  1  17486  46074  7  9  0  0  0  0  0  0  1  119  0  0  96716  0  0  0  0  0  0  0  0  0  1  0  576  0  0  0  46075  15  8  8  313  0  0  206  11  49104  0  0  0  0  0  0  0  0  0  0  0  197  38  29770  0  0  1  0  7  0  0  1  0  0  0  0  0  1942  0  3  1184  57  
138  0  0  0  281  23  0  0  0  0  0  0  0  0  0  33  0  0  0  0  0  0  0  1  0  0  0  0  0  0  1149  69  0  0  0  0  0  0  0  0  0  0  0  0  0  0  0  0  0  0  0  0  0  0  0  0  0  0  0  0  0  0  0  0  0  0  0  0  0  289  0  0  0  0  17072  0  0  0  26447  56382  0  0  0  0  0  1  1  37  0  22217  0  0  0  0  0  0  0  7114  0  0  0  0  0  0  39775  9403  0  0  0  0  0  0  254  0  0  0  0  0  0  0  1582  0  5  0  0  0  1  0  0  0  0  0  0  0  0  2  16524  2643  0  0  0  0  0  0  0  0  0  0  0  0  0  0  0  0  0  5615  1  0  20639  0  
0  0  1398  0  0  60  14  451  1213  12  383  0  0  0  0  4  0  0  0  0  0  0  0  0  0  1  49  0  0  11353  0  0  0  0  0  0  0  0  0  0  3  0  0  0  17  86  0  0  2  0  0  2  1  6  0  0  0  0  0  0  0  0  0  0  20  557  2  0  0  0  8305  0  0  0  0  0  296  11  0  0  8  33  88637  660  47  0  0  0  0  34  1  1  545  207  0  37  0  0  1061  47  14886  1  0  202088  0  0  0  0  0  1  0  1  0  0  1305  172  0  3546  135  24785  0  4  3  0  140  0  0  0  57  55847  547  3879  6  0  214  0  0  0  1326  4498  8836  0  0  0  0  0  3194  2  0  439  0  43  3  0  176  78  127  307  1435  433  
0  0  0  0  0  0  0  0  0  0  0  0  0  0  0  0  0  0  0  0  0  0  0  0  0  0  0  0  0  0  0  0  0  0  0  0  0  0  0  0  0  0  0  0  0  0  0  0  0  0  0  0  0  0  0  0  0  0  0  0  0  0  0  0  0  0  0  0  0  0  0  0  0  0  0  294  0  0  0  0  0  0  0  0  0  0  0  0  0  0  1  3  1749  0  66  0  12  0  2  0  0  0  0  0  0  0  0  7  6828  0  84677  136016  0  0  0  0  23109  0  0  0  0  1358  0  15107  0  0  0  0  0  0  51  0  56989  45709  5623  0  0  0  0  0  0  0  0  0  0  0  11879  0  0  0  0  0  0  0  1  0  2616  1  15  0  
0  0  0  0  0  144  49  152  12  6  0  0  0  0  0  4  0  0  0  0  0  0  0  0  0  0  0  0  0  0  0  0  0  0  0  1  0  1  0  0  4  0  0  0  4  1  0  0  2  0  0  1  1  4  0  2  0  0  0  0  0  0  0  0  0  587  1  0  1  0  1  0  1  0  0  3  0  19  0  0  7  76  1108  739  0  2  0  0  0  0  129  294  70413  0  304  95  36  2  240552  19127  28  1  0  531  0  0  5600  129201  50131  9783  310  214649  0  0  38352  444  9565  3089  1381  46  0  97352  117  7451  772  0  0  0  5969  22175  20219  459  57666  3147  18129  0  0  0  0  1057  4905  2  4  0  7026  9367  0  4731  0  204  0  50  3  1  2534  491  59172  2639  39801  5367  
0  0  0  0  0  0  0  0  0  0  0  0  0  0  0  0  0  0  0  0  0  0  0  0  0  0  0  0  0  0  0  0  0  0  0  0  0  0  0  0  0  0  0  0  0  0  0  0  0  0  0  0  0  0  0  0  0  0  0  0  0  0  0  0  0  0  0  0  0  0  0  0  0  0  0  0  0  918  0  0  0  2  1  0  0  39  0  0  0  0  343  7  0  0  0  0  0  0  1  2537  0  0  0  2  0  0  44005  20440  37  28390  0  1  0  0  14218  0  0  3  4  0  0  2555  30  0  0  0  0  0  3  2  1  0  7  0  1  0  0  0  0  0  15  0  0  0  1  0  7355  0  0  0  0  0  0  0  2  0  132  34  60  81  
1  1  0  22  1  14  15  12  3  11  0  4  11  0  8  2  27153  22588  1  1  82  5  100669  357  3  7  1  0  4  7  19  40  0  339  38034  4  13  76  3  1  21  6  58893  35  135  0  45  36476  215  21  40  24  5  30  0  13  12  43  233  118  140  0  0  0  15  23  17  15  24  4  0  118  1169  0  0  0  0  0  0  0  0  0  0  1  0  0  0  0  0  0  0  0  0  0  0  0  0  0  0  0  0  0  0  0  0  7  0  0  0  0  0  0  0  0  1  0  0  0  0  0  0  0  0  0  0  0  0  0  0  0  0  0  0  0  0  0  0  0  0  2  0  0  0  0  0  0  0  0  0  21191  255362  15441  36703  1049  0  2  0  7  1  0  
22318  0  0  503  5268  31946  3034  3692  184  71  0  48  0  71  8683  868  19  9  0  3  0  0  6  4398  2  446  30  3  241  121  1422  6074  3  0  0  14  0  0  76  79  7651  0  0  11  7528  163  51  43  6458  0  0  4654  1890  3879  0  639  0  5  0  0  3  21  124  5777  218  18403  1811  1329  3285  6871  95  0  12  1  2  0  0  1  236  597  2  7  71  109  0  8  0  8  1  125  0  44  0  0  0  0  0  0  0  3  1  0  0  0  0  49  0  0  0  0  0  0  47  0  112  0  0  38  1  0  614  0  185  0  1  5  191  14  0  11  2  0  1  0  4  0  1  0  0  1727  11  2  1  0  699  0  31  0  2038  0  1741  40693  66894  60555  2  19976  3  4432  430  86  
0  86  0  1  0  5  1  1  1  15622  1  0  0  0  0  0  57  3  13  43  4444  778  85475  0  71  21  0  0  0  17  7  27  0  2372  5040  217  1454  1485  0  0  5615  267  14325  4477  12  0  0  20290  6  16957  2395  4  0  4  0  211  350  539  5765  3896  54509  0  0  0  160  682  6  7  3  1  0  3497  9894  107  0  0  0  0  0  0  0  0  0  3  0  0  0  0  0  0  0  0  0  0  0  0  2  0  0  0  0  0  0  0  0  4  0  0  0  0  0  0  0  0  1  0  0  1  0  0  0  0  0  0  0  0  0  0  0  0  0  0  0  0  0  0  0  0  0  68  0  0  0  0  0  0  1  0  147225  4129  0  73519  4790  305  0  0  4163  7346  0  0  
18  2  0  166  2  1217  67  88  91  1212  0  0  0  0  10  23  337  527  0  3  1  13  565  16  5  385  53  3  42  142  54  817  2  0  0  53  0  4  0  1  6407  4  0  50  3646  15  0  5020  1916  0  1  54  31  62  0  617  4  14  6  0  28  0  5  2  270  3118  4980  35  80  68  141  1  743  25  0  0  0  0  1  0  0  0  79  253  0  0  0  0  0  0  0  0  1  0  0  2  4  0  0  1  0  0  0  0  1  127  0  0  0  0  0  0  0  0  198  0  0  60  0  1  0  0  0  0  1  0  0  0  0  15  1  0  0  0  0  0  0  0  0  373  11  0  0  0  116  0  55  0  11617  67123  92547  0  41307  35194  7  10262  55  72791  60  25  
10000  0  0  253  1666  2523  502  208  40  188  0  613  18  141  3758  288  42765  85620  1  2  0  4  542  12296  1  261  23  3  72  86  136  106  15  0  383  18  0  7  120  133  754  3  737  23  2392  29  28204  47300  64757  0  5  4903  1285  1370  0  220  8  16  22  0  7  36  7644  9575  112  1967  3604  1315  479  1019  9  0  859  13  0  0  0  0  1  14  0  0  0  12  0  0  0  0  0  1  0  1  0  0  0  1  0  0  0  0  0  0  0  0  0  19  0  0  0  0  0  0  2  1  30  0  0  3  0  0  10  0  1  0  0  0  5  0  0  1  0  0  0  0  0  0  0  0  0  46  3  0  0  0  17  0  4  0  21734  50131  1945  26734  0  224033  2  42  0  212  14  3  
5  0  0  120  1  53  43  101  70  80  0  0  0  0  34  12  82  3484  0  0  0  0  1  26  4  282  22  1  62  145  43  335  0  0  2  8  0  1  1  0  1616  0  0  4  1859  29  1  21  7256  0  0  90  18  93  0  549  0  5  0  0  0  0  52  6  133  785  1437  44  89  10  21  0  9  1  0  0  0  0  0  0  0  0  1  14  0  0  0  0  0  0  0  0  0  0  0  1  0  0  0  0  0  0  0  0  0  90  0  0  0  0  0  0  0  0  33  1  0  1  0  0  1  0  0  0  0  0  0  0  0  0  0  0  0  0  1  0  0  0  0  15  1  0  0  0  1  0  6  0  3304  120170  885  35965  519347  0  0  28  1  245  11  2  
0  0  0  0  0  0  0  0  0  0  0  0  0  0  0  0  0  0  0  0  0  0  0  0  0  0  0  0  0  0  3  6  0  0  0  0  0  0  0  0  0  0  0  0  0  0  0  0  0  0  0  0  0  0  0  0  0  0  0  0  0  0  0  0  0  6  0  0  0  1  0  0  0  0  0  0  0  0  0  1  0  1  1  4  0  0  0  0  0  0  9071  30978  368  0  35  304  82060  23349  2  3  1  0  0  3  299  875  0  3  10735  4  1  39  0  0  274  0  34692  24  13  1  2657  8281  28  4279  3  0  0  0  2  37  136  1  472  112  742  0  14406  2  0  8  12  0  0  0  4  39  1057  0  0  13  0  1  0  0  0  10601  338827  15744  48457  766  
7  0  0  0  14  1695  106  125  3  0  0  1  0  0  100  30  0  0  0  0  0  0  0  0  0  0  0  0  0  0  3  830  0  0  0  0  0  0  1  0  2  0  0  0  4  0  0  0  27  0  0  18  22  28  0  0  0  0  0  0  0  0  0  0  0  6233  2  4  2  6  1  0  0  0  285  0  0  226  11006  35738  972  1842  73  8  0  1155  0  110  54  2057  130  140  0  0  0  1  10  51  52  986  16  79  446  14  19  20031  0  0  0  14  0  0  143  26  6721  0  0  5  3877  37  984  71  7211  0  1  686  534  1453  26  394  2  0  2  0  8  7  217  18  0  17213  494  1462  980  2220  3161  0  755  0  1  23211  2  7586  61  14  1070  0  545  16154  132265  43005  
0  0  0  0  0  5  0  4  0  6460  0  0  0  0  0  0  0  0  0  0  0  186  184  0  0  0  0  0  0  0  5  6  0  0  0  0  0  0  0  0  0  0  0  4  0  0  0  6  0  0  0  0  0  0  0  0  0  0  0  0  0  0  0  0  0  1095  0  0  1  1  0  0  0  0  0  1  0  0  0  3  1  0  74  8416  0  0  0  0  0  0  1561  4325  922  0  1845  2421  88713  36  20  17  6  0  0  38  51  676  0  86  4212  29  0  2349  0  0  2775  7  4928  11014  4  0  0  9353  82  33732  19  0  0  0  7  247  1448  23  9402  7481  31573  0  58  0  0  1104  30  0  0  1  61  3108  19847  47  0  15  4295  26  5  7  141255  1246  0  91031  14352  152  
1  0  0  2  0  1023  80  201  26  1325  0  0  0  0  9  19  0  0  0  2  0  8  2  0  0  3  1  0  0  3  5  97  0  0  0  20  0  0  0  0  86  0  0  1  39  0  0  75  16  0  0  32  13  36  0  9  2  4  0  0  2  0  1  0  6  1705  16  5  2  1  0  0  8  3  0  0  0  15  5  19  1  12  87  2948  0  0  0  0  0  1  12  5  33  0  1  62  621  5  59  72  16  4  1  35  16  867  0  30  0  21  0  0  5  0  4929  17  0  561  268  12  18  1689  460  0  15  0  1  2  9  708  74  2  41  0  93  0  110  0  0  1452  323  2  1  1  1539  0  2486  14  1  1161  3522  80289  597  364  28090  35935  103999  0  26809  16454  
1  0  0  0  2  59  2  10  0  1  0  0  0  0  40  3  0  0  0  0  0  0  0  0  0  0  0  0  0  0  1  0  0  0  0  0  0  0  0  0  0  0  0  0  0  0  0  0  14  0  0  3  5  2  0  0  0  0  0  0  0  0  0  0  0  38  0  1  0  0  0  0  0  0  4935  0  0  125  9861  9071  170  138  57  39  0  680  11  313  146  3066  23900  29038  634  0  20  6  2574  27265  289  392  4  1  188  26  11506  14117  20  16  2  82  0  3  389  142  17745  27  0  225  2798  36  40229  32562  27818  0  39  854  4302  1644  18  223  541  43  2349  2  512  7  64315  5618  0  1484  1187  1632  302  2809  179  3  6939  6  0  293  0  2  3  1  24097  103442  14784  6550  0  220136  
1  0  0  0  0  37  2  2  0  0  0  0  0  0  0  0  0  0  0  0  0  0  0  1  0  0  0  0  0  0  5  120  0  0  0  0  0  0  0  0  0  0  0  0  0  0  0  0  0  0  0  0  0  0  0  0  0  0  0  0  0  0  4  0  1  163  0  0  0  5  0  0  0  0  0  0  0  16  2  25  14  17  64  41  0  24  0  1  1  43  33  54  14  0  0  5  4  63  100  200  0  1  33  42  1775  12050  0  0  0  17  0  0  2  2  5032  21  0  400  576  15  0  5  1279  0  26  21  3  37  57  206  123  4  2  0  28  0  22121  0  0  43  680  57  47  0  163  0  2054  0  0  134  0  82  19  3  2310  199417  1194  21354  445311  0  
