0  0  0  0  45212  32462  14  0  1  0  0  54  0  127  36209  2069  0  2  0  0  0  0  0  61639  0  3  6  0  0  0  15031  0  0  0  0  0  0  0  32  23  1  0  0  0  4  0  118  0  3117  0  0  11936  30298  116  0  2  0  0  0  0  0  22342  22  3156  3  3988  2  47  0  46497  1  0  0  0  9  0  0  0  112  92  1  0  0  0  0  0  0  0  4  5  0  0  0  0  0  0  0  0  0  0  0  0  0  0  0  0  0  0  0  0  0  0  0  0  0  0  0  0  0  0  3  0  2  0  0  18  103  0  0  0  0  0  0  0  0  5  0  0  0  172  0  0  0  0  0  0  0  0  0  716  0  1  9830  0  0  11  0  0  27  0  
0  0  0  1  0  0  0  0  0  0  0  0  0  0  0  0  0  0  32572  0  37988  21113  2  0  2  1  0  0  0  0  0  0  0  0  0  0  157  1  0  0  0  55422  0  433  0  0  0  0  0  0  36336  0  0  0  0  1  16623  19  31414  4  1911  0  0  0  1  0  0  0  0  0  0  832  112  0  0  1  0  0  0  0  0  0  0  0  0  0  0  0  0  0  0  0  0  0  0  0  0  0  0  0  0  0  0  0  0  0  0  0  0  0  0  0  0  0  0  0  0  0  0  0  0  0  0  0  0  0  0  0  0  0  0  0  0  0  0  0  0  0  0  0  0  0  0  0  0  0  0  0  0  0  6  0  0  0  0  0  0  0  0  0  
0  0  0  0  0  1  0  2066  2  0  0  0  0  0  0  40651  0  0  0  0  0  0  0  0  0  0  15417  30666  27332  6822  0  0  0  0  0  0  0  0  0  0  0  0  0  0  50323  32151  0  0  2  0  0  0  0  2  0  0  0  0  0  0  0  0  0  0  0  3  20182  4  120  0  9  0  0  0  0  0  526  0  0  0  0  6  0  0  0  0  0  0  0  88  0  0  0  0  0  0  0  0  0  0  0  0  1  11  0  0  0  0  0  0  0  0  0  0  0  0  0  0  0  14  0  0  0  0  0  0  0  0  0  0  0  0  0  0  0  0  0  0  0  0  0  0  0  0  8  0  0  0  0  16  0  0  3  0  0  0  0  0  0  0  
10  1  0  0  0  3  3  3  91  13  1  28922  1  1  5  9  15  1  238  1  0  0  1  8  148  45999  571  26197  11790  8  0  0  980  123  1  318  0  0  2  76  16253  1  5  21  37601  6  0  1934  36140  10  3  117  0  20  0  672  441  78  50  0  52  3  0  14  1182  20  969  8980  48  0  150  3  567  566  0  0  0  0  0  0  0  0  0  0  0  0  0  0  0  0  0  0  0  0  0  0  0  0  0  0  0  0  0  0  0  0  0  0  0  0  0  0  0  0  0  0  0  0  0  0  0  0  0  0  0  0  0  0  0  0  0  0  0  0  0  0  0  0  0  0  0  0  0  0  0  0  0  0  490  85  203  158  92  90  0  0  0  0  0  0  
41579  0  0  0  0  18977  2  0  0  0  0  1  0  0  43306  57610  0  0  0  0  0  0  0  1451  0  0  0  0  0  0  8946  0  0  0  0  0  0  0  0  1  0  0  0  0  0  0  3  0  108  0  0  324  13531  27  0  0  0  0  0  0  0  49  2  16  0  581  0  1  0  16700  0  0  0  0  1  0  0  0  10  11  0  0  0  0  0  0  0  1  1  2  0  0  0  0  0  0  0  0  0  0  0  0  0  0  0  0  0  0  0  0  0  0  0  0  0  0  0  0  0  0  0  0  1  0  0  4  9  0  0  0  0  0  0  0  0  2  0  1  0  23  0  0  0  0  0  0  0  0  0  114  0  0  865  0  0  0  0  0  5  0  
35950  0  0  2  23240  0  35152  64  1147  78  0  3  0  1  27777  83880  0  0  0  0  0  0  0  20446  0  8  7  3  3  4  3821  12886  0  0  0  0  0  0  2  0  28  0  0  186  60  17  2  0  229  0  0  1543  40762  45223  0  6  0  0  0  0  0  333  2171  17  74  41159  94  201  8  58975  14  0  0  0  9  0  0  0  74  3397  49  0  0  0  0  0  0  1  3  55  0  0  0  0  0  0  0  0  0  0  0  0  0  0  215  114  0  0  0  0  0  0  0  0  0  0  0  0  0  0  4  0  1  0  0  12  55  0  0  0  0  0  0  0  0  2  0  0  0  1412  0  0  0  14  0  0  0  0  0  1544  0  10  9135  2  0  23  0  0  14  0  
26  0  0  6  2  51417  0  30863  13048  453  1  2  0  0  359  115512  0  0  0  0  0  0  0  1  0  63  51  7  65  27  1  25  0  0  0  0  0  0  0  1  132  0  0  1052  540  70  0  1  96  0  0  1322  585  29687  0  51  0  0  0  0  0  1  0  0  277  59635  658  980  167  56  116  0  0  0  0  0  0  0  1  1448  888  186  65  0  0  0  0  0  0  22  0  0  0  0  0  0  0  0  0  0  0  0  0  0  0  8  0  0  0  0  0  0  0  0  0  0  0  0  0  0  0  0  0  0  0  1  0  3  0  0  0  0  0  0  0  0  0  0  0  1606  0  0  0  0  2  0  0  0  1  467  0  69  890  22  0  33  0  0  0  0  
1  0  2063  5  0  2748  56789  0  40187  15  0  2  0  0  17  68629  6  0  2  0  0  0  0  0  0  19  119  246  7025  231  0  1  0  0  0  0  0  0  0  0  16  0  0  26  16493  32107  0  0  307  0  0  384  16  2346  0  19  1  0  0  0  0  1  0  1  28  23092  943  804  10499  1  326  0  0  0  0  0  0  0  0  79  267  812  865  1  0  0  0  0  0  21  0  0  0  0  0  0  0  0  0  0  0  0  0  0  0  1  0  0  0  0  0  0  0  0  0  0  0  0  0  28  0  0  0  0  0  0  0  0  0  0  0  0  0  0  0  0  0  0  0  439  0  0  0  0  21  0  0  0  1  2848  0  219  888  39  0  0  0  0  0  0  
2  0  1  26  0  3207  14774  24420  0  12660  65  0  0  0  2  1723  1  0  2  1  0  1  0  0  1  63  123  50  277  22439  0  0  0  0  0  0  0  0  0  1  198  0  0  4817  344  16370  0  6  150  0  0  29  7  51  0  86  1  0  0  0  0  0  0  0  4687  35667  1165  54  289  0  27281  0  0  0  0  0  0  0  0  68  26  13  1911  12  6  0  0  0  0  0  0  0  0  0  0  1  0  0  0  0  0  0  0  125  0  0  0  0  0  0  0  0  0  0  0  0  0  0  0  1904  0  0  0  0  0  0  0  0  0  0  0  0  0  0  0  0  0  0  2  207  0  0  0  0  890  0  0  0  0  286  2  1490  61  186  0  0  3  0  0  0  
0  0  0  7  0  758  625  24  13065  0  338  0  0  0  1  204  0  0  0  0  0  1157  7473  1  0  21  54  8  22  6294  0  0  2  0  0  0  0  0  0  0  491  0  0  28604  101  3  0  115  32  0  0  6  2  8  0  51  0  0  0  0  0  0  0  0  178  49965  345  14  15  0  12  0  2  0  0  0  0  0  0  1  0  0  18  91  6  0  0  0  0  0  0  0  0  0  0  5  0  0  0  0  0  0  0  83  0  0  0  0  0  0  0  0  0  0  33  0  0  0  0  0  0  9  0  0  0  0  0  0  0  0  0  0  0  0  0  0  0  0  1  2813  0  0  0  0  1  0  0  0  1  32  19378  1838  54  638  0  0  618  21  29  1  
0  0  0  0  0  0  0  0  4  29  0  0  0  0  0  0  0  0  927  93811  0  10954  0  0  0  0  21  0  0  730  0  0  0  0  0  0  0  0  0  0  0  37344  0  87725  0  0  0  0  0  0  129  0  0  0  0  117  93  28355  5  0  0  0  0  0  58760  10  0  0  0  0  16  0  0  0  0  0  0  0  0  0  0  0  0  18  648  0  0  0  0  0  0  0  0  0  0  1482  0  0  0  0  0  0  0  30  0  0  0  0  0  0  0  0  0  0  0  117  0  60  0  0  0  0  0  0  0  0  0  0  0  0  0  0  0  0  0  0  0  0  1  0  0  0  0  0  0  0  0  0  0  0  0  0  0  0  0  0  0  0  0  0  
8  0  0  28983  0  34  23  0  4  1  0  0  0  29901  194  26  41  129  0  0  0  0  0  23  3  24  20  53  1717  2  0  0  711  66  2  2  0  0  3  63347  28  0  0  1  6800  1  7  63  64591  0  0  36378  11  433  0  26  0  1  0  0  0  11  0  18  19  23  26  59392  23  0  7  0  0  17  0  0  0  0  0  0  0  0  0  0  0  0  0  0  0  0  0  0  0  0  0  0  0  0  0  0  0  0  0  0  0  0  0  0  0  0  0  0  0  0  0  0  0  0  0  0  0  0  0  0  0  0  0  0  0  0  0  0  0  0  0  0  0  0  0  0  0  0  0  0  0  0  0  0  1  246  0  5  2974  1  0  0  0  0  0  0  
1  0  0  0  0  0  0  0  0  0  0  1  0  16326  0  0  0  28  0  0  0  0  0  38950  0  0  0  0  0  0  0  0  0  0  3  0  0  0  31576  31  0  0  1  0  0  0  13969  1  1148  0  0  3  0  0  0  0  0  0  0  0  0  23280  155  2986  0  0  0  0  0  0  0  0  0  0  0  0  0  0  0  0  0  0  0  0  0  0  0  0  0  0  0  0  0  0  0  0  0  0  0  0  0  0  0  0  0  0  0  0  0  0  0  0  0  0  0  0  0  0  0  0  0  0  0  0  0  0  0  0  0  0  0  0  0  0  0  0  0  0  0  0  0  0  0  0  0  0  0  0  0  0  0  0  402  0  0  0  0  0  0  0  
336  0  0  0  0  8  0  0  0  0  0  32799  15300  0  2044  0  0  303  0  0  0  0  0  1718  0  0  0  0  0  0  0  0  0  0  0  0  0  0  34412  53136  1  0  0  0  0  0  116  0  654  0  0  36026  14  2  0  0  0  0  0  0  0  24888  2  404  0  1  0  0  0  0  0  0  0  0  0  0  0  0  0  0  0  0  0  0  0  0  0  0  0  0  0  0  0  0  0  0  0  0  0  0  0  0  0  0  0  0  0  0  0  0  0  0  0  0  0  0  0  0  0  0  0  0  0  0  0  0  0  0  0  0  0  0  0  0  0  0  0  0  0  0  0  0  0  0  0  0  0  0  0  5  0  0  38  0  0  0  0  0  0  0  
25326  0  0  0  39469  17794  317  5  18  2  0  1079  0  6444  0  61357  0  1  0  0  0  0  0  6515  1  5  5  2  12848  0  0  0  0  0  0  0  0  0  4  22  5  0  0  7  262  0  4  0  2932  0  0  177806  142603  184906  0  3  0  0  0  0  0  33174  0  79  5  2906  121  34714  12004  1  3  0  0  0  2  0  0  0  15  14  1  0  0  0  0  0  0  0  1  3  0  0  0  0  0  0  0  0  0  0  0  0  0  0  0  0  0  0  0  0  0  0  0  0  0  0  0  0  0  0  0  0  1  0  0  4  24  0  0  0  0  0  0  0  0  1  0  0  0  41  0  0  0  0  0  0  0  0  0  782  0  0  1580  1  0  0  0  0  3  0  
2801  0  43917  1  64146  79455  82042  53081  519  16  0  2  0  0  60857  0  1  0  0  0  0  0  0  922  0  8  92  986  11374  16  6  2136  0  0  0  0  0  0  0  0  9  0  0  29  24289  5445  0  1  165  0  0  849  8879  171254  0  11  0  1  0  0  0  0  2  1  25  8256  2238  1215  31044  10126  44  0  0  0  0  0  5  0  1  484  541  1150  0  0  0  0  0  0  0  2757  0  0  0  0  0  0  0  0  0  0  0  0  0  0  0  58  0  0  0  0  0  0  0  0  0  0  0  0  0  37  0  0  0  0  0  0  0  0  0  0  0  0  0  0  0  0  0  0  0  271  0  0  0  0  2  0  0  0  0  1639  0  10  1116  12  0  28  0  0  0  0  
0  0  0  21  0  0  0  1  8  0  0  44  0  0  0  0  0  40261  0  0  0  0  3493  2  0  7  4  17  8  0  0  0  34  2  22911  3  0  0  0  0  7502  0  308  0  108  0  23  50177  18711  0  0  0  0  0  0  5  1  0  1  0  0  0  0  0  1  4  675  0  8  0  4  0  14  0  0  0  0  0  0  0  0  0  0  0  0  0  0  0  0  0  0  0  0  0  0  0  0  0  0  0  0  0  0  0  0  0  0  0  0  0  0  0  0  0  0  0  0  0  0  0  0  0  0  0  0  0  0  0  0  0  0  0  0  0  0  0  0  0  0  0  0  0  0  0  0  0  0  0  7595  100  50  98  118083  7990  0  0  0  0  0  0  
1  0  0  0  0  1  0  0  0  0  0  136  52  936  2  1  32464  0  0  0  0  0  1466  6032  0  1  0  0  0  0  0  0  0  0  2577  0  0  0  62  122  1  0  7  0  1  0  36755  1522  40072  0  0  191  1  29  0  0  0  0  0  0  0  0  115  0  0  1  0  2  0  0  0  0  0  0  0  0  0  0  0  0  0  0  0  0  0  0  0  0  0  0  0  0  0  0  0  0  0  0  0  0  0  0  0  0  0  0  0  0  0  0  0  0  0  0  0  0  0  0  0  0  0  0  0  0  0  0  0  0  0  0  0  0  0  0  0  0  0  0  0  0  0  0  0  0  0  0  0  0  10163  0  1  15  159313  704  0  0  0  0  0  0  
1  39878  0  116  0  0  2  0  1  0  502  27  0  1  1  0  0  0  0  12735  3  108  0  1  40306  122  390  1  1  0  0  0  7  0  0  2  12  1  0  10  389  23230  0  3231  163  0  0  70  182  0  62  60  1  6  0  613  106246  73901  41686  2  36  1  0  0  5936  0  9  66  10  0  3  16  34160  5  0  0  0  0  0  0  0  0  0  0  0  0  0  0  0  0  0  0  0  0  0  0  0  0  0  0  0  0  0  0  0  0  0  0  0  0  0  0  0  0  0  0  0  0  0  0  0  0  0  0  0  0  0  0  0  0  0  0  0  0  0  0  0  0  0  0  0  0  0  0  0  0  0  0  13  15  7  3  27  9  0  0  0  0  0  0  
0  0  0  0  0  0  0  0  0  0  134227  1  0  0  0  0  0  0  11758  0  0  2  0  0  4  0  12913  0  0  186  0  0  0  0  0  0  0  0  0  0  0  25193  0  12100  0  0  0  0  0  0  32  0  0  0  0  5950  8  45564  0  0  0  0  0  0  19221  0  0  0  0  0  32  0  0  0  0  0  0  0  0  0  0  0  0  0  174  0  0  0  0  0  0  0  0  1  0  0  0  0  0  0  0  0  0  1  0  0  0  0  0  0  0  0  0  0  0  0  0  1  0  0  0  0  0  0  0  0  0  0  0  0  0  0  0  0  0  0  0  0  0  0  0  0  0  0  0  0  0  0  0  0  0  0  0  0  0  0  0  0  0  0  
0  31853  0  0  0  0  0  0  0  0  0  0  0  0  0  0  0  0  9  0  0  3746  1821  0  1  0  0  0  0  0  0  0  1  0  0  0  7874  529  0  0  0  183  0  34  0  0  0  0  0  25587  10120  0  0  0  0  0  258  10  12632  50123  79173  0  0  0  0  0  0  0  0  0  0  244  130  0  0  0  0  0  0  0  0  0  0  0  0  0  0  0  0  0  0  0  0  0  1  0  0  0  0  0  0  0  0  0  0  0  0  0  0  0  0  0  0  0  0  0  0  0  0  0  0  0  0  0  0  0  0  0  0  0  0  0  0  0  0  0  0  0  0  0  0  0  0  0  0  0  0  0  1  0  280  4  0  0  0  0  0  1  0  0  
0  12796  0  0  0  0  0  0  0  751  6887  0  0  0  0  0  0  0  618  6  2449  0  8667  0  0  0  0  0  0  5  0  0  1  0  0  0  0  0  0  0  2  43656  0  121781  0  0  0  1  0  0  49307  0  0  0  0  0  1313  1656  802  0  122929  0  0  0  131  1  0  0  0  0  0  0  0  0  0  0  0  0  0  0  0  0  0  0  10  0  0  0  0  0  0  0  0  0  0  885  0  0  0  0  0  0  0  0  0  0  0  0  0  0  0  0  0  0  0  133  0  9  0  0  0  0  0  0  0  0  0  0  0  0  0  0  0  0  0  0  0  0  0  0  0  0  0  0  0  0  0  0  0  0  991  15  0  0  0  0  0  0  0  0  
0  0  0  2  0  0  0  0  1  6981  0  0  0  0  0  0  5989  2026  1  0  1160  6028  0  0  1  1  0  0  0  1  0  0  5  0  3925  3  1739  1  0  0  74  0  29388  5701  0  0  0  488  0  30586  0  0  0  0  0  1  2  0  0  0  52081  0  0  0  3  2  1  0  0  0  0  0  178  1  0  0  0  0  0  0  0  0  0  0  0  0  0  0  0  0  0  0  0  0  0  0  0  0  0  0  0  0  0  0  0  0  0  0  0  0  0  0  0  0  0  0  0  0  0  0  0  0  0  0  0  0  0  0  0  0  0  0  0  0  0  0  0  0  0  0  0  0  0  0  0  0  0  0  11972  0  77897  677  33  4  0  0  0  3  0  0  
56288  0  0  0  200  14850  0  0  0  0  0  8  39543  1148  5369  83  0  5915  0  0  0  0  0  0  0  0  1  0  0  0  22612  45  0  8  47  0  0  0  904  4  3  0  14  0  2  0  36741  5  1847  0  0  1210  161  18  0  0  0  0  0  0  0  63045  87433  100602  0  226  0  7  0  8402  0  0  0  0  0  0  0  0  8  4  0  0  0  0  0  0  0  0  0  0  0  0  0  0  0  0  0  0  0  0  0  0  0  0  83  3  0  0  0  0  0  0  0  0  0  0  0  0  0  0  0  0  0  0  0  2  5  0  0  0  0  0  0  0  0  0  0  0  0  11  0  0  0  0  0  0  0  0  1  465  0  82  46238  5  0  0  0  0  4  0  
9  2  0  598  0  12  6  7  15  2  0  142  0  1  7  12  0  0  43718  2  0  0  2  11  0  43988  1478  8  20  1  0  0  5  6289  0  11847  0  932  2  41  3667  0  2  6  1296  1  0  205  780  5  5  246  1  31  59332  93018  811  9792  130  0  7  17  0  7  1306  10  82  434  47  0  27  0  119182  12  0  0  0  0  0  0  0  0  0  0  0  0  0  0  0  0  0  0  0  0  0  0  0  0  0  0  0  0  0  0  0  0  0  0  0  0  0  0  0  0  0  0  0  0  0  0  0  0  0  0  0  0  0  0  0  0  0  0  0  0  0  0  0  0  0  0  0  0  0  0  0  0  0  0  84  183  42  24  127  34  0  0  0  0  0  0  
3  0  0  51214  0  24  7  7  327  83  0  96  0  0  9  25  1  0  131  2  0  0  1  9  40171  0  1711  4965  99  5  0  0  187  12379  1  60452  0  393  3  9  60568  0  0  121  8801  9  2  622  2349  6  1  121  3  15  21830  27597  131  55  22  0  16  6  0  22  954  45  87496  125  110  0  543  0  695  445  0  0  0  0  0  0  0  0  0  0  0  0  0  0  0  0  0  0  0  0  0  0  0  0  0  0  0  0  0  0  0  0  0  0  0  0  0  0  0  0  0  0  0  0  0  0  0  0  0  0  0  0  0  0  0  0  0  0  0  0  0  0  0  0  0  0  0  0  0  0  0  0  0  0  276  114  101  531  54  234  0  0  0  0  0  0  
0  0  14749  29  0  5  7  2  180  69  8  8  0  0  0  10  0  0  478  12498  0  0  1  0  2188  158  0  118  24  131785  0  0  2  0  0  2  0  0  0  0  539  0  0  40  207  3344  0  29  50  0  0  19  2  6  0  104860  6  60  2  0  2  0  0  0  31121  88  62380  48  68  0  38539  0  7  0  0  0  0  0  0  0  0  0  0  0  0  0  0  0  0  0  0  0  0  0  0  0  0  0  0  0  0  0  0  0  0  0  0  0  0  0  0  0  0  0  0  0  0  0  0  0  0  0  0  0  0  0  0  0  0  0  0  0  0  0  0  0  0  0  0  0  0  0  0  0  0  0  0  0  12  46  3  470  16  126  0  0  0  0  0  0  
0  0  23192  28024  0  3  1  5  17  1  0  66  0  0  1  61  0  0  0  0  0  0  0  2  1  5188  189  0  735  0  0  0  0  0  0  0  0  0  0  0  44  0  0  2  173902  3441  0  3  593  0  0  31  0  4  0  108  0  1  0  0  0  2  0  4  26  12  126943  40  18  0  27  0  0  0  0  0  0  0  0  0  0  0  0  0  0  0  0  0  0  0  0  0  0  0  0  0  0  0  0  0  0  0  0  0  0  0  0  0  0  0  0  0  0  0  0  0  0  0  0  0  0  0  0  0  0  0  0  0  0  0  0  0  0  0  0  0  0  0  0  0  0  0  0  0  0  0  0  0  2  20  0  104  7  27  0  0  0  0  0  0  
0  0  33424  10599  0  65  124  8954  56  1  0  1360  0  0  12936  9502  14  0  0  0  0  0  0  0  0  224  51  1425  0  0  0  0  0  0  0  0  0  0  0  2  133  0  0  3  164310  932  0  1  548  0  0  49  1  731  0  24  0  2  0  0  0  0  0  0  11  60  552  88467  120710  0  24  0  1  0  0  0  1  0  0  0  0  0  0  0  0  0  0  0  0  0  0  0  0  0  0  0  0  0  0  0  0  0  0  0  0  0  0  0  0  0  0  0  0  0  0  0  0  0  0  0  0  0  0  0  0  0  0  0  0  0  0  0  0  0  0  0  0  0  0  0  0  0  0  0  0  0  0  0  0  2896  0  275  77  93  0  0  0  0  0  0  
0  0  8014  8  0  81  61  69  21446  5166  4015  0  0  0  0  47  1  0  0  225  0  29  0  0  1  13  109315  6  11  0  0  0  0  0  0  0  0  0  0  0  26  0  0  12711  34  60431  0  0  25  0  0  1  0  4  0  145  0  0  0  0  0  0  0  0  91800  251  2256  6  7  0  60082  0  0  0  0  0  1  0  0  0  2  0  389  25  166  0  0  0  0  0  0  0  0  1  0  5  0  0  0  0  0  0  0  1950  0  0  0  0  0  0  0  0  0  0  0  0  0  0  0  2307  0  0  0  0  0  0  0  0  0  0  0  0  0  0  0  0  0  0  19  13  0  0  0  0  1424  0  0  0  0  9  1  229  6  34  0  0  0  0  0  0  
19469  0  0  0  7945  1621  0  0  0  0  0  0  0  0  0  7  0  0  0  0  0  0  0  21821  0  0  0  0  0  0  0  8009  0  0  0  0  0  0  0  0  0  0  0  0  0  0  19  0  0  0  0  0  0  0  0  0  0  0  0  0  0  0  69553  40  0  4  0  0  0  66246  0  0  0  0  14  0  0  0  2  162  0  0  0  0  0  0  0  0  0  9  0  0  0  0  0  0  0  0  0  0  0  0  0  0  10813  88  0  0  0  0  0  0  0  0  0  0  0  0  0  0  0  0  0  0  0  0  0  0  0  0  0  0  0  0  0  0  6  0  0  12  0  0  0  342  0  0  0  0  0  263  0  80  98  29  0  4  0  0  3  0  
0  0  0  0  0  9328  0  0  0  0  0  0  0  0  0  1777  0  0  0  0  0  0  0  62  0  0  0  0  0  0  8491  0  0  0  0  0  0  0  0  0  0  0  0  0  0  0  9  0  0  0  0  0  0  0  0  0  0  0  0  0  0  0  5311  34  0  13591  0  0  0  9844  0  0  0  0  0  0  0  0  0  140  0  0  0  0  0  0  0  0  0  0  0  0  0  0  0  0  0  0  0  0  0  0  0  0  7  91  0  0  0  0  0  0  0  0  0  0  0  0  0  0  0  0  0  0  0  0  0  0  0  0  0  0  0  0  0  0  0  0  0  336  0  0  0  1  0  0  0  0  0  1978  0  156  171  46  0  7  0  1  0  0  
1  0  0  1137  0  0  0  0  1  1  0  457  0  0  0  0  25  0  94  0  1  0  1  0  50  206  0  0  0  0  0  0  0  24949  1  1922  0  0  0  4  13390  0  0  1  24  0  0  56325  42  0  0  8  0  0  0  17  125  29  10  0  1  0  0  0  69  0  4  15  1  0  0  0  8852  36249  0  0  0  0  0  0  0  0  0  0  0  0  0  0  0  0  0  0  0  0  0  0  0  0  0  0  0  0  0  0  0  0  0  0  0  0  0  0  0  0  0  0  0  0  0  0  0  0  0  0  0  0  0  0  0  0  0  0  0  0  0  0  0  0  0  1  0  0  0  0  0  0  0  0  47  2  216  156  1087  819  0  0  0  0  0  0  
0  0  0  225  0  0  0  0  0  0  0  38  2  1  0  0  2  0  12  0  0  0  0  0  5474  11038  10  0  0  0  0  0  23592  0  108982  73319  37  16208  0  1  5835  0  36527  1  13  0  0  40504  46  2764  0  2  0  0  0  31  99  3  7  1  8  0  0  0  21  0  4  2  0  0  1  3541  99441  20188  0  0  0  0  0  0  0  0  0  0  0  0  0  0  0  0  0  0  0  0  0  0  0  0  0  0  0  0  0  0  0  0  0  0  0  0  0  0  0  0  0  0  0  0  0  0  0  0  0  0  0  0  0  0  0  0  0  0  0  0  0  0  0  0  0  0  0  0  0  0  0  0  0  0  323  1  173  17  16  0  0  0  0  0  0  0  
0  0  0  0  0  0  0  0  0  0  0  0  4  1  0  0  18321  2312  0  0  0  0  1388  32  0  0  0  0  0  0  0  0  0  108641  0  0  0  24  0  0  1  0  22538  0  0  0  2  63000  0  402  0  0  0  0  0  0  0  0  1  0  8  0  0  0  0  0  0  0  0  0  0  12  19993  0  0  0  0  0  0  0  0  0  0  0  0  0  0  0  0  0  0  0  0  0  0  0  0  0  0  0  0  0  0  0  0  0  0  0  0  0  0  0  0  0  0  0  0  0  0  0  0  0  0  0  0  0  0  0  0  0  0  0  0  0  0  0  0  0  0  0  0  0  0  0  0  0  0  0  12105  0  444  1  54  0  0  0  0  0  0  0  
2  0  0  1798  0  3  0  1  2  0  0  70  0  1  1  2  0  0  31  0  0  0  1  3  5604  51951  36  3  0  0  0  0  1044  93202  0  0  0  11  0  12  32337  0  1  1  122  0  0  965  496  3  0  38  0  3  5016  6604  79  14  7  0  1  1  0  4  571  1  373  35  4  0  23  0  14348  34481  0  0  0  0  0  0  0  0  0  0  0  0  0  0  0  0  0  0  0  0  0  0  0  0  0  0  0  0  0  0  0  0  0  0  0  0  0  0  0  0  0  0  0  0  0  0  0  0  0  0  0  0  0  0  0  0  0  0  0  0  0  0  0  0  0  0  0  0  0  0  0  0  0  0  87  14  54  10  14  2  0  0  0  0  0  0  
0  1077  0  0  0  0  0  0  0  0  0  0  0  0  0  0  0  0  292  0  4949  0  1292  0  0  3  0  0  0  0  0  0  0  181  0  0  0  25842  0  0  0  0  22658  0  0  0  0  0  0  63514  0  0  0  0  0  0  0  0  15491  47220  129  0  0  0  0  0  0  0  0  0  0  151614  688  0  0  0  0  0  0  0  0  0  0  0  0  0  0  0  0  0  0  0  0  0  0  0  0  0  0  0  0  0  0  0  0  0  0  0  0  0  0  0  0  0  0  0  0  0  0  0  0  0  0  0  0  0  0  0  0  0  0  0  0  0  0  0  0  0  0  0  0  0  0  0  0  0  0  0  0  0  49  0  0  0  0  0  0  0  0  0  
0  0  0  0  0  0  0  0  0  0  0  0  0  0  0  0  0  0  2  0  51  0  0  0  207  839  0  0  0  0  0  0  0  16609  12  3  19007  0  0  0  0  0  3467  0  0  0  0  64  0  21410  0  0  0  0  0  0  0  0  7123  7505  2236  0  0  0  0  0  0  0  0  0  0  131218  129310  0  0  0  0  0  0  0  0  0  0  0  0  0  0  0  0  0  0  0  0  0  0  0  0  0  0  0  0  0  0  0  0  0  0  0  0  0  0  0  0  0  0  0  0  0  0  0  0  0  0  0  0  0  0  0  0  0  0  0  0  0  0  0  0  0  0  0  0  0  0  0  0  0  0  0  23  0  1959  0  0  0  0  0  0  0  0  0  
414  0  0  0  2  10  0  0  0  0  0  3  29234  37629  25  0  0  41  0  0  0  0  0  1991  0  0  0  0  0  0  1  0  0  0  0  0  0  0  0  12672  1  0  0  0  0  0  2344  0  19630  0  0  1163  11  1  0  0  0  0  0  0  0  20870  276  7608  0  0  0  4  0  1  0  0  0  0  0  0  0  0  0  0  0  0  0  0  0  0  0  0  0  0  0  0  0  0  0  0  0  0  0  0  0  0  0  0  0  0  0  0  0  0  0  0  0  0  0  0  0  0  0  0  0  0  0  0  0  0  0  0  0  0  0  0  0  0  0  0  0  0  0  0  0  0  0  0  0  0  0  0  0  3  0  0  729  0  0  0  0  0  0  0  
48  0  0  0  0  17  8  1  3  0  0  62612  12  58633  20  10  0  111  1  0  0  0  0  90  1  4  18  0  3  0  0  0  0  1  0  0  0  0  10057  0  11  0  0  1  26  0  62  0  27376  0  0  14984  1  140  0  10  1  0  0  0  0  102  0  99  5  10  8  1272  8  0  0  0  1  0  0  0  0  0  0  0  0  0  0  0  0  0  0  0  0  0  0  0  0  0  0  0  0  0  0  0  0  0  0  0  0  0  0  0  0  0  0  0  0  0  0  0  0  0  0  0  0  0  0  0  0  0  0  0  0  0  0  0  0  0  0  0  0  0  0  0  0  0  0  0  0  0  0  0  0  75  0  2  460  0  0  0  0  0  0  0  
26  4  0  20552  0  43  26  14  512  189  1  309  0  4  15  25  3302  4  866  0  0  0  12  30  1250  53180  2105  156  109  108  0  0  12702  7360  0  29672  0  0  4  92  0  4  2  201  1225  50  3  32999  19007  6  6  727  7  64  0  15913  1529  293  125  0  32  47  1  50  3694  314  7522  650  167  0  729  3  12880  15590  0  0  0  0  0  0  0  0  0  0  0  0  0  0  0  0  0  0  0  0  0  0  0  0  0  0  0  0  0  0  0  0  0  0  0  0  0  0  0  0  0  0  0  0  0  0  0  1  0  0  0  0  0  0  0  0  0  0  0  0  0  0  0  0  0  2  0  0  0  0  0  0  0  0  1122  423  1746  6704  3682  12725  0  0  1  0  0  0  
0  58238  0  0  0  0  0  0  0  0  34183  0  0  0  0  0  0  0  24017  19230  49  47440  0  0  0  0  0  0  0  0  0  0  0  0  0  0  0  0  0  0  0  0  0  22486  0  0  0  0  0  0  6817  0  0  0  0  3  96187  1033  345  0  22  0  0  0  63  0  0  0  0  0  0  0  0  0  0  0  0  0  0  0  0  0  0  0  0  0  0  0  0  0  0  0  0  0  0  0  0  0  0  0  0  0  0  0  0  0  0  0  0  0  0  0  0  0  0  0  0  0  0  0  0  0  0  0  0  0  0  0  0  0  0  0  0  0  0  0  0  0  0  0  0  0  0  0  0  0  0  0  0  0  0  0  0  0  0  0  0  0  0  0  
0  0  0  0  0  0  0  0  0  0  0  0  3  0  0  0  47  1  0  0  0  0  23180  8  0  0  0  0  0  0  0  0  0  40225  22010  0  23214  3201  0  0  2  0  0  0  0  0  0  776  1  13782  0  0  0  0  0  0  0  0  3  1  1  0  0  0  0  0  0  0  0  0  0  9681  508  0  0  0  0  0  0  0  0  0  0  0  0  0  0  0  0  0  0  0  0  0  0  0  0  0  0  0  0  0  0  0  0  0  0  0  0  0  0  0  0  0  0  0  0  0  0  0  0  0  0  0  0  0  0  0  0  0  0  0  0  0  0  0  0  0  0  0  0  0  0  0  0  0  0  0  28191  0  773  0  0  0  0  0  0  0  0  0  
0  715  0  10  0  219  111  2  4489  21802  103864  1  0  0  1  101  2  0  8885  2086  15  122447  7848  0  5  25  16  14  12  14324  0  0  3  0  0  1  0  0  0  0  134  28247  0  0  99  6  0  8  61  0  22120  7  0  4  0  301  12343  10128  1620  0  3561  0  0  1  45724  311  289  9  10  0  20  0  1  0  0  0  0  0  0  0  0  0  0  5  70  0  0  0  0  0  0  0  0  0  0  349  0  0  0  0  0  0  0  3  0  0  0  0  0  0  0  0  0  0  0  162  0  28  0  0  0  0  0  0  0  0  0  0  0  0  0  0  0  0  0  0  0  0  0  0  0  0  0  0  0  0  0  0  0  18  4165  370  15  65  0  0  0  0  0  0  
43  0  63848  42700  3  442  209  29585  472  20  0  2163  1  2  86  15310  54  1  26  0  0  1  0  88  11  21079  1566  202799  158647  25  0  0  2  1  0  5  0  0  1  27  2529  0  0  63  0  27305  3  34  18446  0  0  2291  17  1034  0  1594  30  18  6  0  0  59  2  168  365  657  100724  20455  58056  0  270  0  16  0  0  0  0  0  0  0  0  0  0  0  0  0  0  0  0  0  0  0  0  0  0  0  0  0  0  0  0  0  0  0  0  0  0  0  0  0  0  0  0  0  0  0  0  0  0  0  0  0  0  0  0  0  0  0  0  0  0  0  0  0  0  0  0  0  0  0  0  0  0  0  0  0  0  0  18  4109  7  2806  1939  900  0  0  0  0  0  0  
0  0  29446  30  0  498  324  25163  22008  33  0  2  0  0  13  9951  1  0  0  0  0  0  0  1  0  91  9829  4774  1592  79606  0  0  0  0  0  0  0  0  0  0  371  0  0  18  7818  0  0  14  268  0  0  280  27  2610  0  131  2  1  1  0  0  0  0  1  248  1424  43945  307  3972  0  22603  0  8  0  0  0  0  0  0  0  0  6  100  0  0  0  0  0  0  8  0  0  0  0  0  0  0  0  0  0  0  0  0  4  0  0  0  0  0  0  0  0  0  0  0  0  0  0  0  505  0  0  0  0  0  0  0  0  0  0  0  0  0  0  0  0  0  0  0  1  0  0  0  0  184  0  0  0  13  513  2  2181  379  170  0  0  0  0  0  0  
309  0  0  0  1  18  0  0  0  0  0  3  18004  270  34  0  1  30095  0  0  0  0  0  35994  0  0  0  0  0  0  0  4  0  0  0  0  0  0  1851  77  0  0  0  0  0  0  0  0  8861  0  0  107  32  1  0  0  0  0  0  0  0  1840  4994  13593  0  1  0  0  0  1  0  0  0  0  0  0  0  0  0  0  0  0  0  0  0  0  0  0  0  0  0  0  0  0  0  0  0  0  0  0  0  0  0  0  0  0  0  0  0  0  0  0  0  0  0  0  0  0  0  0  0  0  0  0  0  0  0  0  0  0  0  0  0  0  0  0  0  0  0  0  0  0  0  0  0  0  0  0  2  0  0  0  61429  0  0  0  0  1  0  0  
0  0  0  388  0  2  0  0  13  29  0  60  0  1  0  0  50937  2869  200  0  0  0  611  1  106  381  38  5  3  2  0  0  49145  41325  60250  380  0  77  0  4  25483  0  1727  19  112  0  0  0  261  1598  0  27  0  1  0  149  416  41  127  1  20  0  0  0  189  13  137  23  5  0  0  37  101438  5845  0  0  0  0  0  0  0  0  0  0  0  0  0  0  0  0  0  0  0  0  0  0  0  0  0  0  0  0  0  0  0  0  0  0  0  0  0  0  0  0  1  0  0  0  0  0  0  0  0  0  0  0  0  0  0  0  0  0  0  0  0  0  0  0  0  0  0  0  0  0  0  0  0  0  16569  35  8274  2167  78629  7201  0  0  1  0  0  0  
4754  0  0  21875  86  1287  267  61  248  27  0  61384  1263  2751  5370  357  17202  38787  246  0  0  0  0  6127  147  922  488  385  285  60  0  1  32  5  0  70  0  0  20734  32965  31481  1  0  55  28675  16  10625  419  0  0  0  45696  3135  3042  0  448  361  74  36  0  11  1844  460  6610  855  611  6334  32225  1197  1  170  0  268  3  0  0  0  0  1  1  0  0  0  0  0  0  0  0  0  0  0  0  0  0  0  0  0  0  0  0  0  0  0  0  0  0  0  0  0  0  0  0  0  0  0  0  0  0  0  0  1  0  0  0  0  0  1  0  0  0  0  0  0  0  0  0  0  0  0  2  0  0  0  0  0  0  0  0  60  5692  38  280  128041  2539  0  0  0  0  0  0  
0  0  0  0  0  0  0  0  0  0  0  0  0  0  0  0  0  0  0  0  21299  0  34699  0  0  1  0  0  0  0  0  0  0  2996  106  6  59698  26441  0  1  12  0  14465  0  0  0  0  1536  1  0  1  0  0  0  0  2  0  0  213  18333  23711  0  0  0  1  0  0  0  0  0  0  36330  22707  0  0  0  0  0  0  0  0  0  0  0  0  0  0  0  0  0  0  0  0  0  0  0  0  0  0  0  0  0  0  0  0  0  0  0  0  0  0  0  0  0  0  0  0  0  0  0  0  0  0  0  0  0  0  0  0  0  0  0  0  0  0  0  0  0  0  0  0  0  0  0  0  0  0  0  5020  0  99621  0  0  0  0  0  0  0  0  0  
0  27549  0  2  0  0  0  0  0  0  86  0  0  0  0  0  0  0  216  15  4689  50431  2  0  12  2  0  0  0  0  0  0  0  0  0  0  0  0  0  0  4  7893  0  17724  0  0  0  5  0  0  0  0  0  0  0  1  7330  493  1717  0  17975  0  0  0  8  0  0  0  0  0  0  2  0  0  0  0  0  0  0  0  0  0  0  0  0  0  0  0  0  0  0  0  0  0  0  0  0  0  0  0  0  0  0  0  0  0  0  0  0  0  0  0  0  0  0  0  0  0  0  0  0  0  0  0  0  0  0  0  0  0  0  0  0  0  0  0  0  0  0  0  0  0  0  0  0  0  0  0  0  0  2  0  0  0  0  0  0  0  0  0  
10557  0  0  10  94  2192  1880  27  179  18  0  47246  3  40241  177027  1259  0  18  2  0  0  0  0  4984  3  28  89  9  45  8  0  0  3  0  0  1  0  0  1443  23160  100  0  0  39  437  9  40  4  34056  0  0  0  30544  54082  0  40  4  3  2  0  0  9053  4  1599  65  4779  307  40884  198  0  15  0  1  0  5  0  0  0  17  22  0  0  0  0  0  0  0  1  1  3  0  0  0  0  0  0  0  0  0  0  0  0  0  0  0  0  0  0  0  0  0  0  0  0  0  0  0  0  0  0  0  0  0  0  0  5  29  0  0  0  0  0  0  0  0  0  0  0  0  42  0  0  0  0  0  0  0  0  2  5340  1  36  43962  29  0  1  0  0  2  0  
22426  0  0  0  16757  28267  385  2  21  3  0  7  0  5  168758  7192  0  1  1  0  0  0  0  844  0  2  1  0  1  1  0  0  0  0  0  0  0  0  1  2  2  0  0  7  7  0  6  0  631  0  0  28006  0  53279  0  1  0  0  0  0  0  843  0  74  4  14083  9  63  0  3  2  0  0  0  10  0  0  0  157  244  0  0  0  0  0  0  0  4  3  24  0  0  0  0  0  0  0  1  0  0  0  0  0  0  0  0  0  0  0  0  0  0  2  0  0  0  0  0  0  0  5  0  3  0  0  30  192  3  0  0  0  0  0  0  0  3  0  0  0  385  0  0  0  0  0  0  0  0  0  379  0  0  1685  1  0  11  0  0  34  0  
220  0  0  17  33  44800  27697  452  629  54  0  28  0  1  168763  209691  0  1  3  0  0  0  0  26  3  36  267  17  269  20  0  0  0  0  0  0  0  0  0  10  34  0  0  136  3192  2065  0  0  764  0  0  50228  58662  0  0  18  1  1  0  0  0  14  0  10  52  11292  819  25133  25049  0  30  0  1  0  1  0  0  0  6  17  0  0  0  0  0  0  0  0  0  1  0  0  0  0  0  0  0  0  0  0  0  0  0  0  0  0  0  0  0  0  0  0  0  0  0  0  0  0  0  0  0  0  0  0  0  1  7  0  0  0  0  0  0  0  0  0  0  0  0  18  0  0  0  0  0  0  0  0  0  3770  0  14  6116  12  0  2  0  0  1  1  
1  0  0  4  0  0  0  0  1  0  0  2  0  0  0  0  0  0  0  0  0  0  0  1  75187  23825  2  0  0  0  0  0  0  6  0  10616  0  1  0  1  292  0  0  0  8  0  0  7  15  0  0  3  0  1  0  15206  0  0  0  0  0  0  0  0  36  0  0  2  0  0  0  0  25543  0  0  0  0  0  0  0  0  0  0  0  0  0  0  0  0  0  0  0  0  0  0  0  0  0  0  0  0  0  0  0  0  0  0  0  0  0  0  0  0  0  0  0  0  0  0  0  0  0  0  0  0  0  0  0  0  0  0  0  0  0  0  0  0  0  0  0  0  0  0  0  0  0  0  0  3  3  2  2  2  0  0  0  0  0  0  0  
16  0  0  1074  0  42  28  11  1009  457  98  255  0  3  13  31  2  0  1637  6252  0  22  18  16  101502  19455  138087  47  116  77  0  0  16  119  5  8448  0  2  1  72  37826  9  19  542  2430  31  0  1851  1398  64  3  479  7  47  13895  0  1226  29064  163  1  107  26  0  16  75335  370  61795  731  199  0  10197  1  17028  18  0  0  0  0  0  0  0  0  0  0  0  0  0  0  0  0  0  0  0  0  0  0  0  0  0  0  0  0  0  0  0  0  0  0  0  0  0  0  0  0  1  0  0  0  0  0  0  0  0  0  0  0  0  0  0  0  0  0  0  0  0  0  0  0  0  1  0  0  0  0  0  0  0  0  2028  411  859  1751  220  362  0  0  0  0  0  0  
5  23043  0  376  0  4  1  0  6  2  102  50  0  1  1  0  0  0  128184  15  126  1081  1  2  2882  275  22  2  2  0  0  0  22  2  0  3  0  2  0  17  718  104869  0  6398  311  0  0  393  337  0  5319  106  0  6  0  1443  0  3898  27061  2  184  3  0  5  13474  2  35  90  8  0  11  25  9519  30  0  0  0  0  0  0  0  0  0  0  0  0  0  0  0  0  0  0  0  0  0  0  0  0  0  0  0  0  0  0  0  0  0  0  0  0  0  0  0  0  0  0  0  0  0  0  0  0  0  0  0  0  0  0  0  0  0  0  0  0  0  0  0  0  0  0  0  0  0  0  0  0  0  0  34  42  20  14  65  20  0  0  0  0  0  0  
3  10  0  318  1  8  4  2  4  1  33466  95  0  1  6  3  0  0  94918  40138  1  161  1  4  17875  166  109  3  8  0  0  0  6  2  0  15  0  0  1  42  922  89  0  6707  736  0  0  88  598  0  140  200  5  17  0  28839  3953  0  773  0  30  11  0  4  24240  9  25  265  22  0  52  7  59  2  0  0  0  0  0  0  0  0  0  0  0  0  0  0  0  0  0  0  0  0  0  0  0  0  0  0  0  0  0  0  0  0  0  0  0  0  0  0  0  0  0  0  0  0  0  0  0  0  0  0  0  0  0  0  0  0  0  0  0  0  0  0  0  0  0  0  0  0  0  0  0  0  0  0  38  93  14  7  60  6  0  0  0  0  0  0  
0  33202  0  57  0  0  0  0  0  0  0  7  0  0  0  0  0  0  39135  0  19264  888  0  0  192  25  1  0  0  0  0  0  3  0  0  1  16236  8221  0  2  48  2932  0  308  20  0  0  78  44  12  6460  7  0  1  0  29  26541  650  0  10607  12657  0  0  0  897  0  4  7  1  0  1  36589  51483  10  0  0  0  0  0  0  0  0  0  0  0  0  0  0  0  0  0  0  0  0  0  0  0  0  0  0  0  0  0  0  0  0  0  0  0  0  0  0  0  0  0  0  0  0  0  0  0  0  0  0  0  0  0  0  0  0  0  0  0  0  0  0  0  0  0  0  0  0  0  0  0  0  0  0  6  6  24  0  12  4  0  0  0  0  0  0  
0  25  0  0  0  0  0  0  0  0  0  0  0  0  0  0  0  0  2  0  48860  0  1  0  1  0  0  0  0  0  0  0  0  4  0  0  43780  15328  0  0  2  5  2  1  0  0  0  2  1  22701  28  0  0  0  0  1  10  0  13712  0  21127  0  0  0  2  0  0  0  0  0  0  43149  2071  0  0  0  0  0  0  0  0  0  0  0  0  0  0  0  0  0  0  0  0  0  0  0  0  0  0  0  0  0  0  0  0  0  0  0  0  0  0  0  0  0  0  0  0  0  0  0  0  0  0  0  0  0  0  0  0  0  0  0  0  0  0  0  0  0  0  0  0  0  0  0  0  0  0  0  2  0  589  0  0  0  0  0  0  0  0  0  
0  5542  0  14  0  0  0  0  0  2  0  1  0  0  1  0  0  0  73  0  74175  96886  41926  0  14  7  1  0  0  0  0  0  0  11  1  9  109  2048  0  0  30  1405  5  4029  3  0  0  55  17  16993  27701  1  1  0  0  21  631  33  12505  14968  0  0  0  0  40  2  0  2  0  0  0  2543  16301  0  0  0  0  0  0  0  0  0  0  0  0  0  0  0  0  0  0  0  0  0  0  2  0  0  0  0  0  0  0  0  0  0  0  0  0  0  0  0  0  0  0  0  0  0  0  0  0  0  0  0  0  0  0  0  0  0  0  0  0  0  0  0  0  0  0  0  0  0  0  0  0  0  0  0  82  0  36365  16  1  0  0  0  0  1  0  0  
11430  0  0  0  6  102  0  0  1  0  0  22  12167  31078  26850  0  0  0  0  0  0  0  0  49210  0  2  6  1  0  1  0  1  0  0  0  0  0  0  24438  239  6  0  0  0  2  0  149  0  1504  0  0  16497  378  30  0  0  1  0  0  0  0  0  63  21140  5  56  1  37  1  0  1  0  0  0  0  0  0  0  0  0  0  0  0  0  0  0  0  0  0  0  0  0  0  0  0  0  0  0  0  0  0  0  0  0  0  0  0  0  0  0  0  0  0  0  0  0  0  0  0  0  0  0  0  0  0  0  1  0  0  0  0  0  0  0  0  0  0  0  0  0  0  0  0  0  0  0  0  0  1  48  0  1  666  1  0  0  0  0  0  0  
11  0  0  0  0  1554  0  0  0  0  0  0  17  2  0  0  0  16  0  0  0  0  0  92975  0  0  0  0  0  0  65699  5912  0  0  0  0  0  0  13  0  0  0  0  0  0  0  9056  0  8  0  0  1  1  0  0  0  0  0  0  0  0  9  0  21540  0  2  0  0  0  22544  0  0  0  0  0  0  0  0  0  1  0  0  0  0  0  0  0  0  0  0  0  0  0  0  0  0  0  0  0  0  0  0  0  0  781  6  0  0  0  0  0  0  0  0  0  0  0  0  0  0  0  0  0  0  0  0  0  0  0  0  0  0  0  0  0  0  0  0  0  1  0  0  0  0  0  0  0  0  0  159  0  156  28772  22  0  0  0  3  0  1  
1756  0  0  0  9  41  3  0  2  0  0  37  1488  523  79  0  0  0  0  0  0  0  0  115191  0  0  13  1  0  3  39  29  0  0  0  0  0  0  5128  84  15  0  0  0  2  0  6867  0  2501  0  0  1570  32  27  0  2  0  0  0  0  0  39425  25066  0  3  12  7  42  1  28  1  0  0  0  0  0  0  0  1  0  0  0  0  0  0  0  0  0  0  0  0  0  0  0  0  0  0  0  0  0  0  0  0  0  1  1  0  0  0  0  0  0  0  0  0  0  0  0  0  0  0  0  0  0  0  0  0  0  0  0  0  0  0  0  0  1  1  0  0  0  0  0  0  0  0  0  0  0  0  110  0  9  33509  3  0  0  0  0  1  0  
5  6  0  960  0  24  8  3  4151  125  69751  119  0  2  4  17  0  0  1759  31567  1  143  3  7  504  603  51589  12  25  107338  0  0  75  6  0  114  0  0  3  36  4374  56  4  46271  842  12  0  491  889  9  48  191  1  23  0  43705  2635  18571  2275  0  41  14  0  4  0  57  518  296  43  0  20140  5  321  11  0  0  0  0  0  0  0  0  0  1  47  0  0  0  0  0  0  0  0  0  0  0  0  0  0  0  0  0  0  3  0  0  0  0  0  0  0  0  0  0  0  0  0  1  0  0  0  0  0  0  0  0  0  0  0  0  0  0  0  0  0  0  0  0  0  0  0  0  0  0  0  0  0  0  263  119  107  406  105  120  0  0  0  0  0  0  
4388  0  0  29  97  48111  64138  26816  53603  44388  148  2  0  1  782  5755  5  0  2  0  0  1  0  81  0  97  87  54  137  62  8  13958  0  0  0  0  0  0  0  1  811  0  0  1794  1185  22  0  106  223  0  0  2693  7705  457  0  101  3  0  0  0  0  240  1  4  313  0  1435  139  112  3380  80  0  2  0  28  0  0  0  358  11787  357  151  1484  63  2  0  0  5  15  44  0  0  0  0  0  5  0  1  0  0  1  0  0  37  1  107  0  0  0  0  0  0  3  1  25  0  0  0  0  3  13  7  11  0  0  82  451  7  0  1  0  0  0  0  0  35  0  1  0  27340  0  1  1  0  39  0  0  0  1  710  5111  2064  496  768  0  112  420  23  120  2  
1  0  20068  1458  0  149  90  382  2208  1168  0  192  0  0  4  1272  12  0  17  1  0  0  0  3  11  102636  65381  115870  1639  5251  0  0  2  0  0  402  0  0  0  17  2528  0  0  441  56962  60503  0  51  1782  1  0  81  2  104  0  72136  18  11  8  0  0  0  0  5  1116  2283  0  307  1634  0  5639  1  13  0  0  0  0  0  0  0  0  0  0  0  0  0  0  0  0  0  0  0  0  0  0  0  0  0  0  0  0  0  0  0  0  0  0  0  0  0  0  0  0  0  0  0  0  0  0  0  0  0  0  0  0  0  0  0  0  0  0  0  0  0  0  0  0  0  0  1  0  0  0  0  0  0  0  0  21  698  6  15546  115  1324  0  0  0  0  0  0  
125  0  0  10766  2  816  349  656  598  8  0  59958  0  12  29876  1365  1  2  18  0  0  0  0  102  7  127  386  45  101401  20  0  0  1  0  0  18  0  0  7  504  783  0  0  21  44163  33  2  6  31245  0  0  44921  140  35682  0  251  26  6  4  0  0  131  0  129  106  516  1086  0  20691  0  116  0  31  0  0  0  0  0  0  0  0  0  1  0  0  0  0  0  0  0  0  0  0  0  0  0  0  0  0  0  0  0  0  0  0  0  0  0  0  0  0  0  0  0  0  0  0  0  0  0  0  0  0  0  0  0  0  0  0  0  0  0  0  0  0  0  0  0  0  1  0  0  0  0  0  0  0  0  12  15714  5  81  15523  244  0  0  0  0  0  0  
1  0  100  27  1  558  581  11510  333  16  0  8  0  0  16872  40664  10  0  3  0  0  0  0  4  0  103  4003  188  111304  72  0  0  0  0  0  0  0  0  0  1  151  0  0  14  66550  4466  0  5  1128  0  0  493  9  28805  0  117  1  2  0  0  0  3  0  13  109  427  3265  24902  0  0  164  0  2  0  0  0  0  0  0  0  0  0  0  0  0  0  0  0  0  0  0  0  0  0  0  0  0  0  0  0  0  0  0  0  0  0  0  0  0  0  0  0  0  0  0  0  0  0  0  0  0  0  0  0  0  0  0  0  0  0  0  0  0  0  0  0  0  0  0  1  0  0  0  0  0  0  0  0  5  10975  2  303  1004  240  0  0  0  0  0  0  
51442  0  0  0  12831  61678  0  0  0  0  0  0  0  0  33  11203  0  0  0  0  0  0  0  18856  0  0  0  0  0  0  55649  10081  0  0  0  0  0  0  0  0  0  0  0  0  0  0  2  0  1  0  0  3  6  0  0  0  0  0  0  0  0  4  28590  19  0  2337  0  0  0  0  0  0  0  0  2  0  0  0  0  180  0  0  0  0  0  0  0  0  0  36  0  0  0  0  0  0  0  0  0  0  0  0  0  0  1526  60  0  0  0  0  0  0  0  0  0  0  0  0  0  0  0  0  0  0  0  0  0  0  0  0  0  0  0  0  0  0  1  0  0  14  0  0  0  219  0  0  0  0  0  2446  0  53  1372  93  0  1  0  0  0  0  
1  0  2  93  0  39  32  53  25917  42  7  10  0  0  0  71  4  0  7  37  0  0  0  2  6  539  46607  77  136  63364  0  0  2  0  0  3  0  0  0  0  1315  0  0  29  495  11402  0  68  197  1  1  23  1  8  0  10602  8  54  0  0  0  2  0  0  13382  764  10664  126  150  0  0  0  12  0  0  0  0  0  0  0  0  0  104  1  6  0  0  0  0  0  0  0  0  0  0  0  0  0  0  0  0  0  0  89  0  0  0  0  0  0  0  0  0  0  0  0  0  0  0  66  0  0  0  0  0  0  0  0  0  0  0  0  0  0  0  0  0  0  1  26  0  0  0  0  99  0  0  0  12  284  8  3098  41  239  0  0  0  0  0  0  
0  671  0  0  0  0  0  0  0  0  0  0  0  0  0  0  0  0  165  0  160  2  0  0  0  0  0  0  0  0  0  0  0  2987  12  0  147842  161394  0  0  1  17  9894  1  1  0  0  40  1  50749  3  1  0  0  0  1  12  6  35757  40865  2632  0  0  0  4  0  0  0  0  0  0  0  10588  0  0  0  0  0  0  0  0  0  0  0  0  0  0  0  0  0  0  0  0  0  0  0  0  0  0  0  0  0  0  0  0  0  0  0  0  0  0  0  0  0  0  0  0  0  0  0  0  0  0  0  0  0  0  0  0  0  0  0  0  0  0  0  0  0  0  0  0  0  0  0  0  0  0  0  18  1  815  0  0  0  0  0  0  0  0  0  
12  16  0  2510  0  17  8  5  22  2  0  494  0  4  11  22  5  0  36727  0  27  2  110  14  135609  1197  281  11  34  1  0  0  4990  127751  28731  28182  777  155956  2  140  16830  5  1399  9  1760  2  0  100070  3426  36563  6  506  3  43  24389  18901  16154  308  43674  397  17106  18  0  16  3048  28  322  627  56  0  124  13610  0  21838  0  0  0  0  0  0  0  0  0  0  0  0  0  0  0  0  0  0  0  0  0  0  0  0  0  0  0  0  0  0  0  0  0  0  0  0  0  0  0  0  0  0  0  0  0  0  0  0  0  0  0  0  0  0  0  0  0  0  0  0  0  0  0  0  0  0  0  0  0  0  0  0  0  0  8729  251  27751  139  329  28  0  0  0  0  0  0  
0  0  0  1190  0  0  0  0  1  0  0  30  0  0  0  0  0  0  17  0  0  0  0  0  16  524  3  1  0  0  0  0  33859  17147  0  32731  0  0  0  1  15468  0  0  1  1  1  0  10454  7  0  0  2  0  1  0  17  58  2  1  0  1  0  0  0  12  0  2  0  0  0  0  0  24698  0  0  0  0  0  0  0  0  0  0  0  0  0  0  0  0  0  0  0  0  0  0  0  0  0  0  0  0  0  0  0  0  0  0  0  0  0  0  0  0  0  0  0  0  0  0  0  0  0  0  0  0  0  0  0  0  0  0  0  0  0  0  0  0  0  0  0  0  0  0  0  0  0  0  0  30  1  163  39  426  53  0  0  0  0  0  0  
24  0  0  0  1  4  0  0  0  0  0  0  0  0  4  0  0  0  0  0  0  0  0  1  0  0  0  0  0  0  27  0  0  0  0  0  0  0  0  0  0  0  0  0  0  0  0  0  1  0  0  13  31  0  0  0  0  0  0  0  0  0  0  0  0  11  0  0  0  3  0  0  0  0  0  0  0  0  43744  23110  10  0  0  0  0  5  90  795  10881  3345  0  5  0  0  0  0  0  67258  0  0  0  0  0  0  7822  0  0  0  0  0  0  0  124  10  0  0  0  0  0  0  1498  0  154  0  0  5578  14877  162  0  0  0  0  0  0  0  4349  15  1661  0  719  0  4  0  33568  0  0  0  0  0  0  0  0  0  0  0  11446  0  0  7700  0  
0  0  0  0  0  0  0  0  0  0  0  0  0  0  0  0  0  0  0  0  1  0  0  0  0  0  0  0  0  0  0  0  0  0  0  0  0  0  0  0  0  0  0  0  0  0  0  0  0  0  0  0  0  0  0  0  0  0  0  0  0  0  0  0  0  0  0  0  0  0  0  0  0  0  0  0  0  0  0  0  0  0  0  0  0  0  0  0  0  0  0  0  52109  739  46201  542  0  0  5  0  0  0  0  0  0  0  0  0  0  0  8993  3  0  0  0  45200  0  418  0  0  0  0  0  15  8383  0  0  0  0  0  24544  323  13540  16677  3111  0  0  0  13  0  0  0  0  0  0  64  71  0  0  0  0  0  0  0  0  0  11  0  0  0  
0  0  707  0  0  0  0  0  0  0  0  0  0  0  0  10  0  0  0  0  0  0  0  0  0  0  0  0  0  1  0  0  0  0  0  0  0  0  0  0  0  0  0  0  0  0  0  0  0  0  0  0  0  0  0  0  0  0  0  0  0  0  0  0  0  0  0  0  0  0  0  0  0  0  0  0  0  0  0  1  0  102  0  8  0  0  0  0  0  31926  0  0  0  0  0  0  0  0  0  0  17393  20131  16656  8164  0  0  0  0  0  0  0  0  0  0  69  0  0  0  26991  34343  0  0  0  0  0  0  0  1  0  5  0  0  0  0  0  0  0  0  1  16  6550  0  9  0  3  0  1  0  0  0  0  0  0  0  0  0  0  0  14  4  
0  0  0  0  0  0  0  0  0  0  0  0  0  0  0  0  0  0  0  0  0  0  0  0  0  0  0  0  0  0  0  0  0  0  0  0  0  0  0  0  0  0  0  0  0  0  0  0  0  0  0  0  0  0  0  0  0  0  0  0  0  0  0  0  0  0  0  0  0  0  0  0  0  0  0  0  0  0  0  2  6  1  59  51  0  25606  0  3  0  10  47  42  0  3  0  0  0  0  4  59795  446  32434  26714  65  0  0  3046  154  21  69  0  0  0  4  33194  1  0  4  59845  7  0  76  36602  0  0  27  0  13  3  657  1  492  0  0  1  0  0  0  1583  155  949  20363  54  0  41  0  717  44  0  0  0  0  0  0  2  33  3  0  187  105  
9  0  0  0  1  2  0  0  0  0  0  0  0  0  3  1  0  0  0  0  0  0  0  0  0  0  0  0  0  0  0  0  0  0  0  0  0  0  0  0  0  0  0  0  0  0  0  0  0  0  0  5  9  0  0  0  0  0  0  0  0  0  0  0  0  8  0  0  0  3  0  0  0  0  41505  0  0  0  0  38371  55  0  0  0  0  2  0  32  8865  79509  0  1  0  0  0  0  0  123  0  0  0  0  0  0  0  0  0  0  0  0  0  0  46  1  0  0  0  0  0  0  221  0  80  0  0  1045  46835  29  0  0  0  0  0  0  0  161  0  74  0  435  0  2  0  4910  1  0  0  0  0  0  0  0  0  0  0  5349  0  0  2632  1  
766  0  0  0  11  1173  210  5  0  0  0  0  0  0  122  753  0  0  0  0  0  0  0  7  0  0  0  0  0  0  693  36  0  0  0  0  0  0  0  0  0  0  0  0  0  0  0  0  1  0  0  371  1731  13  0  0  0  0  0  0  0  4  0  0  0  8459  0  0  0  995  0  0  0  0  40857  0  0  0  53918  0  40387  98  136  7  0  9  10  69  8080  167398  0  0  0  0  0  0  0  5563  0  0  5  0  4  0  11426  17164  0  0  0  0  0  0  48  4  7  0  0  1  7  23  214  0  197  0  0  7162  14953  4208  0  2  0  0  0  0  0  374  8357  490  1  50680  5  165  9  36715  73  0  1  0  0  4  0  0  1  0  0  27295  0  0  5685  51  
0  0  0  0  0  75  1210  86  31  0  0  0  0  0  0  653  0  0  0  0  0  0  0  0  0  0  0  0  0  1  0  0  0  0  0  0  0  0  0  0  0  0  0  0  0  0  0  0  0  0  0  0  0  0  0  0  0  0  0  0  0  0  0  0  0  402  0  0  0  1  0  0  0  0  77  0  0  0  75  65913  0  38979  3853  34  0  3  0  6  228  109944  0  1  0  0  0  0  0  47  0  0  30  2  38  1  0  36  0  0  0  0  0  0  9  1  20  0  0  2  28  947  14  1  105  0  0  1600  188  11236  0  12  0  0  0  0  0  51  0  7  16  33123  11  375  171  0  692  0  2  0  0  0  0  0  0  0  1  1593  0  2  1090  136  
0  0  10  0  0  0  351  1002  168  0  0  0  0  0  0  704  0  0  0  0  0  0  0  0  0  0  0  0  0  7  0  0  0  0  0  0  0  0  0  0  0  0  0  0  0  16  0  0  0  0  0  0  0  0  0  0  0  0  0  0  0  0  0  0  0  955  0  0  0  0  2  0  0  0  9  0  91  1  7  3291  59608  0  31998  28  0  3  0  1  6  61943  0  1  0  0  0  0  0  2  0  2  95  67  3524  7  0  0  0  0  0  1  0  0  0  1  73  0  0  2  11509  31169  1  0  61  0  0  166  25  1174  0  44  0  0  0  0  0  5  0  2  16  24665  73  154  8357  0  761  0  4  0  0  1  0  0  0  0  2  1118  0  2  464  278  
0  0  0  0  0  3  84  406  2132  38  4  0  0  0  0  3  0  0  0  0  0  0  0  0  0  0  0  0  0  314  0  0  0  0  0  0  0  0  0  0  0  0  0  0  0  24  0  0  0  0  0  0  0  0  0  0  0  0  0  0  0  0  0  0  0  1563  0  0  0  0  73  0  0  0  2  0  0  19  6  3799  8824  20477  0  9034  2  4  0  0  1  274  1  0  0  0  0  1  0  2  2  25  264  13  25  6833  0  0  0  1  0  11  0  0  0  0  1320  0  0  331  134  36245  1  8  30  0  0  135  20  57  0  452  0  17  0  0  2  1  0  0  6069  48955  414  39  422  0  30783  0  58  0  0  0  27  6  0  0  0  137  255  3  452  164  
0  0  0  0  0  0  0  0  28  63  31  0  0  0  0  0  0  0  0  0  0  0  0  0  0  0  0  0  0  1  0  0  0  0  0  0  0  0  0  0  0  0  0  0  0  0  0  0  0  0  0  0  0  0  0  0  0  0  0  0  0  0  0  0  0  37  0  0  0  0  1  0  0  0  2  0  0  2  0  80  74  5  11714  0  27  2  0  0  0  98  0  0  0  0  0  1439  5811  1  0  8  41  22  11  11183  0  0  0  0  0  1  0  0  0  0  1141  0  0  22658  91  11  0  196  7  0  0  4  0  18  0  64  0  2  0  0  1  0  0  0  8449  34907  125  15  155  0  85  0  30  1  0  0  157  38  0  0  2  44  10058  430  503  120  
0  0  0  0  0  0  0  0  1  1  1163  0  0  0  0  0  0  0  0  162  0  20  0  0  0  0  0  0  0  73  0  0  0  0  0  0  0  0  0  0  0  0  0  287  0  0  0  0  0  0  0  0  0  0  0  0  0  0  0  0  0  0  0  0  6  1  0  0  0  0  0  0  0  0  0  7  0  0  0  0  0  0  1  17  0  0  0  0  0  0  0  0  2  97600  0  4524  0  0  0  0  9  0  0  1403  0  0  0  0  0  0  0  0  0  0  1  22410  0  124536  0  0  0  0  0  0  227  0  0  0  0  0  4  55  0  0  5  0  0  0  66612  0  0  0  0  0  0  0  0  0  0  0  0  0  0  0  0  0  0  0  0  0  
0  0  0  0  0  0  0  0  0  0  0  0  0  0  0  0  0  0  0  0  0  0  0  0  0  0  0  0  0  0  0  0  0  0  0  0  0  0  0  0  0  0  0  0  0  0  0  0  0  0  0  0  0  0  0  0  0  0  0  0  0  0  0  0  0  0  0  0  0  0  0  0  0  0  165  0  0  41669  25  35  14  0  2  3  0  0  7  11816  20  42  987  4151  0  0  0  0  0  135  0  11  21  0  5157  10  0  0  11  11  22  0  0  0  987  30150  51  0  0  1  631  2  99  20  40058  0  0  12402  189  43  0  31  0  0  0  0  0  117  0  17  3  33  17  51340  20  0  4  0  1  0  0  0  0  0  0  0  0  293  0  0  5122  69  
0  0  0  0  0  0  0  0  0  0  0  0  0  0  0  0  0  0  0  0  0  0  0  0  0  0  0  0  0  0  0  0  0  0  0  0  0  0  0  0  0  0  0  0  0  0  0  0  0  0  0  0  0  0  0  0  0  0  0  0  0  0  0  0  0  0  0  0  0  0  0  0  0  0  30  0  0  0  0  1  0  0  0  0  0  2  0  27918  37  0  0  16  0  0  0  0  0  13435  0  0  0  0  0  0  0  0  0  2  4  0  0  0  23144  7  0  0  1  0  0  0  17601  0  12  0  0  1062  29  1  0  0  0  0  0  0  0  41751  0  12  0  0  0  0  0  0  0  0  0  0  0  0  0  0  0  0  0  4  0  0  25  0  
1  0  0  0  0  0  0  0  0  0  0  0  0  0  0  0  0  0  0  0  0  0  0  0  0  0  0  0  0  0  0  0  0  0  0  0  0  0  0  0  0  0  0  0  0  0  0  0  0  0  0  0  2  0  0  0  0  0  0  0  0  0  0  0  0  1  0  0  0  0  0  0  0  0  1324  0  0  1  215  130  70  0  0  0  0  17982  23182  0  199  58  0  3  0  0  0  0  0  676  0  0  0  0  15  0  0  0  0  6  0  0  0  0  70901  11453  1  0  0  0  6  0  646  1  4375  0  0  64675  1619  58  0  1  0  0  0  0  0  9042  0  164  0  57  0  235  0  0  1  0  0  0  0  0  0  0  0  0  0  737  0  0  3364  13  
17  0  0  0  1  0  0  0  0  0  0  0  0  0  2  0  0  0  0  0  0  0  0  0  0  0  0  0  0  0  0  0  0  0  0  0  0  0  0  0  0  0  0  0  0  0  0  0  0  0  0  9  25  0  0  0  0  0  0  0  0  0  0  0  0  14  0  0  0  0  0  0  0  0  16942  0  0  0  6854  6616  248  2  4  0  0  15  263  248  0  48345  0  2  0  0  0  0  0  16645  0  0  0  0  24928  0  0  0  0  0  0  0  0  0  201  21  0  0  0  0  9  0  676  0  261  0  0  183492  185694  49360  0  0  0  0  0  0  0  34234  0  132  0  958  0  43471  23034  0  2  0  0  0  0  0  0  0  0  0  0  1140  0  0  2087  40  
1  0  115  0  1  60  66  19  0  0  0  0  0  0  0  2678  0  0  0  0  0  0  0  0  0  0  0  0  0  0  20  0  0  0  0  0  0  0  0  0  0  0  0  0  0  20  0  0  0  0  0  1  3  0  0  0  0  0  0  0  0  0  0  0  0  9  0  0  0  154  0  0  0  0  4517  0  23976  5  107872  151526  98603  45518  323  80  0  7  1  10  41243  0  0  3  0  0  0  0  0  106  0  1  78  64  25339  17  12  1  0  0  0  0  0  0  5  1  70  0  0  6  9186  8949  18  0  296  0  0  1430  8798  175823  0  97  0  1  0  0  0  33  0  9  14  4275  138  615  40056  18903  153  0  5  0  0  0  0  0  0  0  2  3464  0  2  1776  601  
0  0  0  0  0  0  0  0  0  0  0  0  0  0  0  0  0  0  0  0  0  0  0  0  0  0  0  0  0  0  0  0  0  0  0  0  0  0  0  0  0  0  0  0  0  0  0  0  0  0  0  0  0  0  0  0  0  0  0  0  0  0  0  0  0  0  0  0  0  0  0  0  0  0  0  0  0  166  0  1  0  1  3  3  0  246  4  0  0  6  0  60349  0  0  0  0  11712  950  0  5  27  0  3  6  0  5  15  1  17089  0  0  2  0  0  10402  0  825  1  109  0  324  31030  12901  1  0  0  0  1  0  51  0  6  0  0  0  0  5  0  13  5  16  4  81  0  4  8  298  0  0  0  0  0  0  0  4761  2  97  140  48657  4  
0  0  0  0  0  0  0  0  0  0  0  0  0  0  0  0  0  0  0  0  0  0  0  0  0  0  0  0  0  0  0  0  0  0  0  0  0  0  0  0  0  0  0  0  0  0  0  0  0  0  0  0  0  0  0  0  0  0  0  0  0  0  0  0  0  0  0  0  0  0  0  0  0  0  46  0  0  110  20  10  2  1  3  2  0  886  7  1  4  3  43287  0  0  0  0  0  37152  9164  0  0  17  0  1  1  5  3  1  6  4517  0  0  0  126  7  39  0  44  0  34  2  25559  379  39665  0  0  56  34  0  0  19  0  0  0  0  0  17  74  1  1  5  1  9  75  0  1  0  3  0  0  0  0  0  0  0  4712  5  15  68  59179  4  
0  0  0  0  0  0  0  0  0  0  0  0  0  0  0  0  0  0  0  0  0  0  0  0  0  0  0  0  0  0  0  0  0  0  0  0  0  0  0  0  0  0  0  0  0  0  0  0  0  0  0  0  0  0  0  0  0  0  0  0  0  0  0  0  0  0  0  0  0  0  0  0  0  0  0  53558  0  1  0  0  0  0  0  0  0  0  0  0  0  0  0  0  0  11699  592  38  0  0  36605  0  0  0  0  0  0  0  0  0  0  0  12  0  0  0  5  51045  0  251  0  0  0  50  0  0  1278  0  0  0  0  2913  90722  81266  23845  21  1338  0  0  0  29  0  0  0  0  0  0  53  48040  0  0  0  0  0  0  0  41  0  38  2  2  1  
0  0  0  0  0  0  0  0  0  0  1  0  0  0  0  0  0  0  0  8  0  0  0  0  0  0  0  0  0  1  0  0  0  0  0  0  0  0  0  0  0  0  0  0  0  0  0  0  0  0  0  0  0  0  0  0  0  0  0  0  0  0  0  0  0  0  0  0  0  0  0  0  0  0  0  247  0  1  0  0  0  0  0  0  67044  0  0  0  0  0  0  0  10769  0  123  8373  2  0  359  0  18403  0  0  272  0  0  0  0  0  0  0  0  0  0  32  41577  0  6494  1  0  0  6  0  0  1972  0  0  0  0  16136  1298  72038  1  6  361  0  0  0  40656  0  0  0  0  0  0  0  305  1  0  0  0  0  0  0  0  0  6  1  1  0  
0  0  0  0  0  0  0  0  0  0  0  0  0  0  0  0  0  0  0  0  0  2  0  0  0  0  0  0  0  0  0  0  0  0  0  0  0  0  0  0  0  0  0  0  0  0  0  0  0  0  0  0  0  0  0  0  0  0  0  0  0  0  0  0  0  0  0  0  0  0  0  0  0  0  0  49171  0  0  0  0  0  0  0  0  0  0  0  0  0  0  0  0  7  40  0  9454  10702  0  2  0  0  0  0  0  0  0  0  0  1  0  7386  136  0  0  0  1497  1  11  0  0  0  1  0  49938  16977  0  0  0  0  4  2940  109  621  56371  87126  0  0  0  1  0  0  0  0  0  0  451  325  0  0  0  0  0  0  0  4  0  1754  5  0  0  
0  0  0  0  0  0  0  0  0  1  1461  0  0  0  0  0  0  0  0  0  0  1135  1  0  0  0  0  0  0  2  0  0  0  0  0  0  0  0  0  0  0  0  0  104  0  0  0  0  0  0  0  0  0  0  0  0  0  0  0  0  0  0  0  0  0  2  0  0  0  0  0  0  0  0  0  184  0  0  0  0  0  0  1  705  1841  0  0  0  0  0  0  0  11  4825  3794  0  6776  0  0  0  0  0  0  40  0  0  0  0  0  0  0  0  0  0  1  54517  0  110299  0  0  0  0  0  1  33435  0  0  0  0  0  426  644  0  1  86612  0  0  0  2278  65  0  0  0  0  0  0  20  0  0  0  0  0  0  0  0  0  30  9  0  0  
0  0  0  0  0  0  0  0  0  0  0  0  0  0  0  0  0  0  0  0  0  0  0  0  0  0  0  0  0  0  0  0  0  0  0  0  0  0  0  0  0  0  0  0  0  0  0  0  0  0  0  0  0  0  0  0  0  0  0  0  0  0  0  0  0  0  0  0  0  0  0  0  0  0  0  0  0  0  0  0  0  0  26  8901  0  0  1  0  0  2  20413  50521  0  1  8939  5487  0  20908  0  5  6  0  1  3  25  380  0  2  20438  4  1517  6  0  0  191  0  32431  25011  2  0  423  425  5  25785  0  0  0  0  0  17  0  2  0  11  57957  0  6446  0  187  2997  5  0  2  0  20  10  104  1  0  0  0  0  0  0  52724  24  83664  853  47276  297  
0  0  0  0  0  0  0  0  0  0  0  0  0  0  0  0  0  0  0  0  0  0  0  0  0  0  0  0  0  0  9  2  0  0  0  0  0  0  0  0  0  0  0  0  0  0  0  0  0  0  0  0  0  0  0  0  0  0  0  0  0  0  0  0  0  0  0  0  0  0  0  0  0  0  52629  0  0  0  330  3597  1  0  0  0  0  10  16625  403  8686  65  30  11310  0  0  0  0  19708  0  0  0  0  0  0  0  21449  398  0  2  22  0  0  0  283  32  0  0  1  0  0  0  61680  2  71  0  0  2038  878  0  0  0  0  0  0  0  0  34011  88453  108334  0  52  0  1  0  10499  0  0  0  0  0  0  0  0  0  0  19  26183  0  14  32780  0  
0  0  0  0  0  0  0  0  0  0  0  0  0  0  0  0  0  0  0  0  0  0  0  0  0  0  0  0  0  0  0  0  0  0  0  0  0  0  0  0  0  0  0  0  0  0  0  0  0  0  0  0  0  0  0  0  0  0  0  0  0  0  0  0  0  0  0  0  0  0  0  0  0  0  0  3  0  6  0  0  0  0  0  2  0  0  0  0  0  1  0  0  37825  420  0  1  0  0  0  47059  221  3  0  0  0  0  0  0  0  274  22  594  0  0  40  0  0  12  74  1  0  35  5  1  1  0  0  1  8658  88259  11  3760  39  1  88  0  0  0  612  14  381  0  6  0  0  1849  217488  0  0  0  0  0  0  0  24  0  24  1  8  2  
0  0  0  0  0  0  0  0  0  0  0  0  0  0  0  0  0  0  0  0  0  0  0  0  0  0  0  0  0  0  0  0  0  0  0  0  0  0  0  0  0  0  0  0  0  0  0  0  0  0  0  0  0  0  0  0  0  0  0  0  0  0  0  0  0  0  0  0  0  0  0  0  0  0  1  0  0  49789  1  7  8  2  75  91  0  110  0  1  1  33  1  0  0  0  0  0  0  3  35791  0  710  8425  42  130  0  0  187  11961  0  54415  0  358  0  20  44613  0  0  9  20650  5  0  41  676  0  0  64  0  18  21094  5186  0  71  0  0  4  0  0  0  504  329  102013  409  124  0  57  0  13857  126  0  0  0  0  0  0  9  36  16  6  697  179  
0  0  0  0  0  0  0  0  0  0  0  0  0  0  0  0  0  0  0  0  0  0  0  0  0  0  0  0  0  2  0  0  0  0  0  0  0  0  0  0  0  0  0  0  0  0  0  0  0  0  0  0  0  0  0  0  0  0  0  0  0  0  0  0  0  0  0  0  0  0  0  0  0  0  0  0  16036  12  0  1  2  6  82  531  1  1  0  0  0  9  0  0  0  15581  0  0  0  0  246  79  0  188  19  109902  0  0  0  0  0  0  0  0  0  0  892  0  0  6  136  22074  0  6  15  0  0  3  0  4  9  129210  0  55  0  0  0  0  0  0  7394  763  46420  6  55  0  20767  0  67  0  0  0  0  0  0  0  0  4  2  6  277  57  
0  0  0  0  0  0  0  0  0  0  0  0  0  0  0  0  0  0  0  0  0  0  0  0  0  0  0  0  0  0  0  0  0  0  0  0  0  0  0  0  0  0  0  0  0  0  0  0  0  0  0  0  0  0  0  0  0  0  0  0  0  0  0  0  0  0  0  0  0  0  0  0  0  0  0  0  17303  35606  0  0  0  1  1  0  0  0  0  0  0  2  0  0  0  0  0  0  0  0  0  11690  146  0  923  0  0  0  2  1  0  0  0  0  0  0  18  0  0  0  134058  3537  0  0  1  0  0  0  0  0  0  3  0  1  0  0  0  0  0  0  1  4  98405  0  1  0  0  0  2  2  0  0  0  0  0  0  0  1  0  0  30  14  
0  0  0  0  0  0  0  0  0  0  0  0  0  0  0  0  0  0  0  0  0  0  0  0  0  0  0  0  0  0  0  0  0  0  0  0  0  0  0  0  0  0  0  0  0  0  0  0  0  0  0  0  0  0  0  0  0  0  0  0  0  0  0  0  0  1  0  0  0  0  0  0  0  0  0  0  15271  34329  0  29  35  1088  127  48  0  4342  0  13  20304  18072  0  0  0  0  0  0  0  2  0  8  33  1575  0  5  0  0  0  0  0  3  0  0  0  2  69  0  0  1  162234  217  0  2  1757  0  0  178  1  2845  0  46  0  0  0  0  0  3  0  0  20  122  275  75912  99947  0  34  0  2  0  0  0  0  0  0  0  1  571  1  7  796  367  
0  0  17  0  0  0  0  1  392  197  55  0  0  0  0  0  0  0  0  1  0  0  0  0  0  0  2  0  0  1305  0  0  0  0  0  0  0  0  0  0  0  0  0  0  0  4  0  0  0  0  0  0  0  0  0  0  0  0  0  0  0  0  0  0  3  28  0  0  0  0  198  0  0  0  0  0  9918  3  0  0  2  1  6895  10757  1894  0  0  0  0  4  0  0  0  162  0  198  0  0  0  4  141776  17  5  0  0  0  0  1  0  0  0  0  0  0  164  0  0  99  37  49102  0  1  4  0  0  1  0  1  0  14157  0  1  0  0  0  0  0  0  71908  200  176  1  3  0  90066  0  11  0  0  0  0  0  0  0  0  2  0  0  35  13  
0  0  0  0  0  52  0  0  0  0  0  0  0  0  0  0  0  0  0  0  0  0  0  21  0  0  0  0  0  0  4676  6  0  0  0  0  0  0  0  0  0  0  0  0  0  0  0  0  0  0  0  0  0  0  0  0  0  0  0  0  0  0  79  0  0  2  0  0  0  1544  0  0  0  0  8720  0  0  0  0  10716  0  0  0  0  0  0  0  0  0  9  0  2  0  0  0  0  81  24780  0  0  0  0  0  0  0  35787  0  0  1  0  0  0  0  0  0  0  0  0  0  0  0  0  0  0  0  0  0  0  0  0  0  0  0  0  0  0  61021  196  0  2  0  0  0  37982  0  0  0  0  0  1  0  0  0  2  9  1303  15  693  14990  115  
0  0  0  0  0  80  0  0  0  0  0  0  0  0  0  83  0  0  0  0  0  0  0  5  0  0  0  0  0  0  186  122  0  0  0  0  0  0  0  0  0  0  0  0  0  0  0  0  0  0  0  0  0  0  0  0  0  0  0  0  0  0  5  0  0  261  0  0  0  60  0  0  0  0  0  0  0  0  0  10551  0  0  0  0  0  0  0  0  0  0  0  15  0  0  0  0  3123  227  0  0  0  0  0  0  26484  0  0  0  0  0  0  0  0  0  0  0  0  0  0  0  0  0  0  0  0  0  0  0  0  0  0  0  0  0  0  0  32651  68  0  9015  0  0  0  97  0  0  0  0  0  438  0  649  1  635  159  12205  171  2703  31762  7951  
0  0  0  0  0  0  0  0  0  0  0  0  0  0  0  0  0  0  0  0  0  0  0  0  0  0  0  0  0  0  0  0  0  0  0  0  0  0  0  0  0  0  0  0  0  0  0  0  0  0  0  0  0  0  0  0  0  0  0  0  0  0  0  0  0  0  0  0  0  0  0  0  0  0  0  0  0  3398  0  0  0  0  1  0  0  8  0  0  0  0  13  1  0  0  0  0  0  0  0  301  2  0  0  1  0  0  0  11592  10214  159  0  1  0  0  23011  0  2  0  0  0  0  32241  12  0  0  0  0  0  0  0  0  3  0  0  0  0  0  0  12  0  1  0  0  0  0  0  2138  62049  0  0  0  0  0  0  7  0  0  10  10  0  
0  0  0  0  0  0  0  0  0  0  0  0  0  0  0  0  0  0  0  0  0  0  0  0  0  0  0  0  0  0  0  0  0  0  0  0  0  0  0  0  0  0  0  0  0  0  0  0  0  0  0  0  0  0  0  0  0  0  0  0  0  0  0  0  0  0  0  0  0  0  0  0  0  0  0  0  0  194  0  0  0  0  1  0  0  9  1  5  0  0  9  4  0  0  0  0  1  0  0  20229  0  1  0  0  0  0  10171  0  65106  53407  0  9819  0  0  2378  0  19220  0  1  0  0  35683  1  548  0  0  0  0  0  2  0  0  0  2  0  0  0  0  0  3  0  0  0  0  1  98  103365  19309  0  0  0  0  0  0  41  0  99  0  0  1  
0  0  0  0  0  0  0  0  0  0  0  0  0  0  0  0  0  0  0  0  0  0  0  0  0  0  0  0  0  0  1  0  0  0  0  0  0  0  0  0  0  0  0  0  0  0  0  0  0  0  0  0  0  0  0  0  0  0  0  0  0  0  0  0  0  0  0  0  0  0  0  0  0  0  0  0  0  32  0  0  0  0  0  0  0  6  0  0  0  0  14213  3544  0  0  1  0  17941  79  0  0  0  0  0  0  1  1  6422  58630  0  11  1  201  0  0  21  0  36854  0  1  0  16  55367  1  328  0  0  0  0  0  0  0  0  0  1  1  0  0  0  0  0  0  0  0  0  0  198  17581  3625  0  0  0  0  0  0  13457  0  119  0  12  0  
0  0  0  0  0  0  0  0  0  0  0  0  0  0  0  0  0  0  0  0  0  0  0  0  0  0  0  0  0  0  0  0  0  0  0  0  0  0  0  0  0  0  0  0  0  0  0  0  0  0  0  0  0  0  0  0  0  0  0  0  0  0  0  0  0  0  0  0  0  0  0  0  0  0  0  0  0  43  0  0  0  0  48  28  0  0  0  0  0  5  0  0  0  2  0  0  0  0  714  63901  48  10  4  9  0  0  229  54661  0  0  0  1  0  0  49892  0  0  11  370  3  0  277  9  0  0  1  0  1  207  760  1  19  0  0  1  0  0  0  268  153  13939  5  44  0  11  0  17457  17698  0  0  0  0  0  0  3  1  87  18  154  15  
0  0  0  0  0  0  0  0  0  0  0  0  0  0  0  0  0  0  0  0  0  0  0  0  0  0  0  0  0  0  0  0  0  0  0  0  0  0  0  0  0  0  0  0  0  0  0  0  0  0  0  0  0  0  0  0  0  0  0  0  0  0  0  0  0  0  0  0  0  0  0  0  0  0  0  5028  0  0  0  0  0  0  0  0  0  0  0  0  0  0  0  0  4  0  4479  0  1051  0  159  0  0  0  0  0  0  0  0  0  0  0  0  15349  0  0  0  25  17903  2  0  0  0  2  0  43568  4  0  0  0  0  1  14  4  16975  73643  759  0  0  0  1  0  0  0  0  0  0  153590  1013  0  0  0  0  0  0  0  44  0  27  0  0  0  
0  0  0  0  0  0  0  0  0  0  0  0  0  0  0  0  0  0  0  0  0  0  0  0  0  0  0  0  0  0  0  0  0  0  0  0  0  0  0  0  0  0  0  0  0  0  0  0  0  0  0  0  0  0  0  0  0  0  0  0  0  0  0  0  0  0  0  0  0  0  0  0  0  0  0  192  0  0  0  0  0  0  0  0  0  0  0  0  0  0  7  0  1  0  84  0  4  0  3028  46  0  0  0  0  0  0  2  7470  250  2  19328  0  0  0  1  0  28198  0  0  0  0  2921  0  11400  2  0  0  0  0  16  0  2  83  17838  2304  0  0  0  7  0  0  0  0  0  0  118349  155119  0  0  0  0  0  0  0  185  0  7800  0  0  0  
0  0  0  0  0  0  0  0  0  0  0  0  0  0  0  0  0  0  0  0  0  0  0  0  0  0  0  0  0  0  0  0  0  0  0  0  0  0  0  0  0  0  0  0  0  0  0  0  0  0  0  0  1  0  0  0  0  0  0  0  0  0  0  0  0  0  0  0  0  0  0  0  0  0  2170  0  0  1  97  71  31  0  0  1  0  839  24185  67223  72  17  0  251  0  0  0  0  0  1113  0  0  0  0  1  0  0  0  0  0  0  0  0  0  0  10009  0  0  0  0  1  0  12375  0  21743  0  0  3583  399  35  0  0  0  0  0  0  0  7735  0  175  0  44  1  50  1  0  0  0  0  0  0  0  0  0  0  0  0  214  0  1  648  0  
1  0  0  0  0  0  0  0  0  0  0  0  0  0  1  0  0  0  0  0  0  0  0  0  0  0  0  0  0  0  0  0  0  0  0  0  0  0  0  0  0  0  0  0  0  0  0  0  0  0  0  0  2  0  0  0  0  0  0  0  0  0  0  0  0  1  0  0  0  0  0  0  0  0  426  0  0  0  136  111  77  0  4  0  0  35596  20  19852  38  47  0  9  0  0  0  0  0  256  0  0  0  0  2  0  0  0  0  0  0  0  0  0  10840  0  0  0  0  0  5  0  138  0  18836  0  0  5234  410  63  0  0  0  0  0  0  0  471  0  83  0  78  0  89  0  0  2  0  0  0  0  0  0  0  0  0  0  561  0  1  2139  13  
0  0  0  0  0  0  0  0  0  3  0  0  0  0  0  0  0  0  0  0  0  0  0  0  0  0  0  0  0  0  0  0  0  0  0  0  0  0  0  0  0  0  0  0  0  0  0  0  0  0  0  0  0  0  0  0  0  0  0  0  0  0  0  0  0  1  0  0  0  0  0  0  0  0  0  1  1  38113  1  45  60  36  1721  750  0  326  0  5  2  165  5530  11  0  7  1  4  14  2  125  57959  2653  411  357  503  0  0  16701  1740  0  59551  0  0  0  37  0  8  0  357  10196  402  0  24222  23597  0  1  209  5  65  182  5410  22  877  1  0  33  2  0  0  8163  3209  13994  1539  1234  0  954  0  18381  7724  0  0  4  28  0  0  188  179  1373  2944  60978  3592  
0  0  0  0  0  0  0  0  0  0  161  0  0  0  0  0  0  0  0  1  0  62  0  0  0  0  0  0  0  0  0  0  0  0  0  0  0  0  0  0  0  0  0  270  0  0  0  0  0  0  0  0  0  0  0  0  0  0  0  0  0  0  0  0  0  0  0  0  0  0  0  0  0  0  0  32167  0  0  0  0  0  0  0  0  21212  0  0  0  0  0  0  0  48068  45361  1248  67623  1  0  0  0  0  0  0  0  0  0  0  0  0  0  2  0  0  0  9  0  0  57346  0  0  0  0  0  0  66031  0  0  0  0  0  18654  1701  2  293  530  0  0  0  107  0  0  0  0  0  0  0  75  1  0  0  0  0  0  0  0  0  2  0  0  0  
0  0  0  0  0  0  0  0  0  0  0  0  0  0  0  0  0  0  0  0  0  0  0  0  0  0  0  0  0  0  0  0  0  0  0  0  0  0  0  0  0  0  0  0  0  0  0  0  0  0  0  0  0  0  0  0  0  0  0  0  0  0  0  0  0  0  0  0  0  0  0  0  0  0  0  0  0  0  0  0  0  0  0  0  0  0  0  0  0  0  189  6  0  0  0  0  27336  0  0  0  0  0  0  0  0  0  0  17594  34596  0  17511  31285  0  0  1  0  0  0  0  0  0  5895  0  12066  0  0  0  0  0  0  0  0  0  2  1  0  0  0  0  0  0  0  0  0  0  7449  1138  0  0  0  0  0  0  0  18983  0  454  0  0  0  
0  0  0  0  0  0  0  0  0  1  233  0  0  0  0  0  0  0  0  1  0  20  0  0  0  0  0  0  0  0  0  0  0  0  0  0  0  0  0  0  0  0  0  163  0  0  0  0  0  0  0  0  0  0  0  0  0  0  0  0  0  0  0  0  0  0  0  0  0  0  0  0  0  0  0  375  0  3  0  19  30  0  3271  20986  88263  0  0  0  0  14  0  0  89  23034  97  107807  20473  0  2  26  137  6  7  1298  0  0  3  0  0  3  1  0  0  0  982  53309  0  0  40  8  0  49  6  1  15571  0  0  1  0  263  3330  7844  20  4  20649  0  0  0  64461  245  105  2  50  0  438  0  756  4  0  0  0  1  0  0  6  6  2785  60  128  51  
0  0  0  0  0  0  0  0  0  0  0  0  0  0  0  0  0  0  0  0  0  0  0  0  0  0  0  0  0  0  0  0  0  0  0  0  0  0  0  0  0  0  0  0  0  0  0  0  0  0  0  0  0  0  0  0  0  0  0  0  0  0  0  0  0  2  0  0  0  0  0  0  0  0  11  0  32577  57033  1  110  160  8720  601  288  0  452  0  20  3  12733  3  3  0  2  0  0  0  16  39  29053  1903  145741  162948  400  0  0  2  1  0  163  0  0  2  26  5226  0  0  14  0  52681  1  32  9963  0  0  402  12  879  43  2697  2  318  0  0  5  9  0  0  942  1067  150398  6026  73303  0  360  0  354  2  0  0  0  0  0  0  11  1652  10  41  13478  3005  
0  0  29  0  0  0  0  16  1028  0  0  0  0  0  0  42  0  0  0  0  0  0  0  0  0  0  0  0  0  971  0  0  0  0  0  0  0  0  0  0  0  0  0  0  0  80  0  0  0  0  0  0  0  0  0  0  0  0  0  0  0  0  0  0  0  2  0  0  0  0  12  0  0  0  1  0  28932  3  2  218  859  20949  29487  209  0  0  0  0  1  8715  0  0  0  0  0  0  0  1  1  4  40399  10752  1077  41037  0  0  0  0  0  2  0  0  0  0  3765  0  0  2  33064  0  0  0  24  0  0  23  1  1014  0  2588  0  4  0  0  0  0  0  1  304  427  38000  33  5422  0  60481  0  12  0  0  0  0  0  0  0  0  108  0  1  1527  505  
0  0  0  0  0  1  0  0  0  0  0  0  0  0  0  0  0  0  0  0  0  0  0  0  0  0  0  0  0  0  0  0  0  0  0  0  0  0  0  0  0  0  0  0  0  0  0  0  0  0  0  1  1  0  0  0  0  0  0  0  0  0  0  0  0  0  0  0  0  0  0  0  0  0  10789  0  0  0  497  150  12  0  0  0  0  101  17513  621  107  4  3  36581  0  0  0  0  394  67132  0  0  0  0  0  0  0  0  0  5  8  0  0  0  10457  61  0  0  0  0  0  0  0  5  7750  0  0  1626  983  8  0  0  0  0  0  0  0  24040  6443  27641  0  39  0  6  0  0  0  0  0  0  0  0  0  0  0  0  0  163  0  0  52659  1  
0  0  0  0  0  0  0  0  0  0  0  0  0  0  0  0  0  0  0  0  0  0  0  0  0  0  0  0  0  0  0  0  0  0  0  0  0  0  0  0  0  0  0  0  0  0  0  0  0  0  0  0  0  0  0  0  0  0  0  0  0  0  0  0  0  0  0  0  0  0  0  0  0  0  0  6  0  67  0  1  0  0  20  54  0  5  0  0  0  2  39619  7576  11  0  1  0  182  5  21  179  19  1  0  2  0  0  28194  23909  61342  410  7  5080  0  0  24318  1  7760  11  43  0  4  0  13  4420  0  0  0  0  1  120  0  59  5  23  30  0  0  0  294  105  46  3  5  0  13  1223  128895  20816  0  0  2  3  0  0  14796  1  9928  4289  44401  6  
0  0  0  0  0  0  0  0  0  0  0  0  0  0  0  0  0  0  0  0  0  0  0  0  0  0  0  0  0  0  0  0  0  0  0  0  0  0  0  0  0  0  0  0  0  0  0  0  0  0  0  2  1  0  0  0  0  0  0  0  0  0  0  0  0  6  0  0  0  0  0  0  0  0  2628  0  0  40068  584  581  379  46  188  84  0  41009  41  7911  313  467  11706  35774  0  1  0  0  22  1146  4  609  1274  110  1961  340  0  0  3  0  2  34  0  0  19920  12540  17482  0  0  2  39910  146  6578  14  0  0  0  21087  1921  609  0  1559  0  23  0  0  0  1972  0  279  164  694  1782  19856  3317  0  164  0  67  0  0  0  0  0  0  0  25  2499  1  12  100212  1972  
0  0  0  0  0  0  0  0  0  0  0  0  0  0  0  0  0  0  0  0  0  0  0  0  0  0  0  0  0  0  0  0  0  0  0  0  0  0  0  0  0  0  0  0  0  0  0  0  0  0  0  0  0  0  0  0  0  0  0  0  0  0  0  0  0  0  0  0  0  0  0  0  0  0  0  603  0  0  0  0  0  0  0  0  0  0  0  0  0  0  18  0  1  0  41948  4  22454  0  6  0  0  0  0  0  0  0  0  356  881  0  56768  25523  0  0  2  2  16197  12  0  0  0  3252  0  0  3  0  0  0  0  2  2  0  70  46682  11748  0  0  0  0  0  0  0  0  0  0  38814  8108  0  0  0  0  0  0  0  4662  0  30992  0  0  0  
0  0  0  0  0  0  0  0  0  0  0  0  0  0  0  0  0  0  0  0  0  0  0  0  0  0  0  0  0  0  0  0  0  0  0  0  0  0  0  0  0  0  0  0  0  0  0  0  0  0  0  0  0  0  0  0  0  0  0  0  0  0  0  0  0  0  0  0  0  0  0  0  0  0  0  8723  0  0  0  0  0  0  0  0  146  0  0  0  0  0  0  0  185  6442  13375  29268  0  0  0  0  0  0  0  0  0  0  0  0  0  0  0  0  0  0  6  63341  0  18410  1  0  0  0  0  0  0  0  0  0  0  0  8116  5452  879  268  23995  0  0  0  1077  0  0  0  2  0  0  0  807  0  0  0  0  0  0  0  0  0  1  0  0  0  
3  0  0  0  0  0  0  0  0  0  0  0  0  0  2  0  0  0  0  0  0  0  0  0  0  0  0  0  0  0  0  0  0  0  0  0  0  0  0  0  0  0  0  0  0  0  0  0  0  0  0  1  6  0  0  0  0  0  0  0  0  0  0  0  0  4  0  0  0  0  0  0  0  0  5535  0  0  1  4372  2950  876  15  13  1  0  13658  2871  66264  165077  1480  0  33  0  0  0  0  0  1987  0  1  2  0  185  0  0  0  0  0  0  0  0  0  4108  4032  3  0  0  0  124  6  2667  0  6581  0  0  0  104736  63802  0  3  0  0  0  0  0  38666  0  749  1  1822  10  64337  24  0  5  0  0  0  0  0  0  0  0  0  0  5884  0  3  25872  824  
87  0  0  0  3  8  0  0  0  0  0  0  0  0  16  0  0  0  0  0  0  0  0  2  0  0  0  0  0  0  0  0  0  0  0  0  0  0  0  0  0  0  0  0  0  0  0  0  1  0  0  50  208  1  0  0  0  0  0  0  0  1  0  0  0  58  0  0  0  0  0  0  0  0  15285  0  0  0  55372  12587  594  0  6  0  0  9  18  180  192721  21039  0  1  0  0  0  0  0  1268  0  0  0  0  0  0  0  0  0  0  0  0  0  0  183  22  1  0  0  0  1  0  951  0  375  0  0  110688  0  29118  0  0  0  0  0  0  0  6266  0  316  1  8498  0  65  1  0  7  0  0  0  0  0  0  0  1  0  0  6111  0  0  8637  14  
2  0  0  0  0  0  0  0  0  0  0  0  0  0  0  0  0  0  0  0  0  0  0  0  0  0  0  0  0  0  0  0  0  0  0  0  0  0  0  0  0  0  0  0  0  0  0  0  0  0  0  0  6  0  0  0  0  0  0  0  0  0  0  0  0  9  0  0  0  0  0  0  0  0  324  0  0  72  306  10086  7695  1339  371  96  0  62  6  52  50892  241606  0  9  0  0  0  0  1  78  0  2  159  16  9216  32  0  0  0  0  0  0  0  0  17  13  95  0  0  10  3439  2432  31  1  731  0  0  55626  27746  0  0  183  0  2  0  0  0  104  0  14  49  9152  62  26160  32278  0  153  0  4  0  0  0  0  0  0  0  1  9197  0  1  8194  1016  
0  0  0  0  0  0  0  0  0  0  0  0  0  0  0  0  0  0  0  0  0  0  0  0  0  0  0  0  0  0  0  0  0  0  0  0  0  0  0  0  0  0  0  0  0  0  0  0  0  0  0  0  0  0  0  0  0  0  0  0  0  0  0  0  0  0  0  0  0  0  0  0  0  0  0  0  0  2  0  0  0  1  2  3  0  0  0  0  0  1  0  0  0  2  0  1  0  0  7761  29073  51  2  1  0  0  0  0  1  0  372  0  0  0  1  325  0  0  0  151  0  0  4  5  0  0  1  0  0  0  13487  0  144  0  0  3  0  0  0  830  16  12424  3  9  0  1  0  9358  0  0  0  0  0  0  0  1  1  4  0  5  4  
0  0  0  0  0  0  0  0  0  0  0  0  0  0  0  0  0  0  0  0  0  0  0  0  0  0  0  0  0  0  0  0  0  0  0  0  0  0  0  0  0  0  0  0  0  0  0  0  0  0  0  0  0  0  0  0  0  0  0  0  0  0  0  0  0  0  0  0  0  0  0  0  0  0  0  12  0  280  0  10  14  51  476  2236  0  9  0  0  0  106  0  1  3209  19529  2  10  1  0  96422  16265  155048  394  180  14261  0  0  11  1  0  555  1  1  0  0  3743  12  0  167  2892  306  0  280  163  0  4  4  0  26  10948  0  45  29197  15  2  210  0  0  0  50743  6345  44163  64  347  0  2377  0  81912  10  0  0  0  0  0  0  67  26  91  56  1086  457  
0  0  0  0  0  0  0  0  0  0  0  0  0  0  0  0  0  0  0  0  0  0  0  0  0  0  0  0  0  0  0  0  0  0  0  0  0  0  0  0  0  0  0  0  0  0  0  0  0  0  0  0  0  0  0  0  0  0  0  0  0  0  0  0  0  0  0  0  0  0  0  0  0  0  0  38846  0  0  0  0  0  0  0  0  2  0  0  0  0  0  0  0  99292  5920  8997  279  0  0  1  0  0  0  0  0  0  0  0  0  0  0  48  0  0  0  23  39152  0  2301  1  0  0  3  0  0  7714  0  0  0  0  0  0  31328  7992  265  6965  0  0  0  68  0  0  0  0  0  0  4  12709  0  0  0  0  0  0  0  0  0  3  1  2  0  
0  0  0  0  0  0  0  0  0  0  0  0  0  0  0  0  0  0  0  0  0  0  0  0  0  0  0  0  0  0  0  0  0  0  0  0  0  0  0  0  0  0  0  0  0  0  0  0  0  0  0  0  0  0  0  0  0  0  0  0  0  0  0  0  0  0  0  0  0  0  0  0  0  0  0  911  0  29  0  0  0  0  7  11  206  0  0  0  0  0  2  0  84644  106971  676  2163  3  0  2502  11  345  16  5  1  0  0  4  0  0  1  0  0  0  0  169  7241  0  7090  108  3  0  105  21  0  3613  0  0  4  4  34039  21798  0  31  21  639  0  0  0  30561  56  76  2  3  0  0  0  43448  6  0  0  0  0  0  0  63  0  77  10  23  7  
0  0  0  0  0  0  0  0  0  0  0  0  0  0  0  0  0  0  0  0  0  0  0  0  0  0  0  0  0  0  0  0  0  0  0  0  0  0  0  0  0  0  0  0  0  0  0  0  0  0  0  0  0  0  0  0  0  0  0  0  0  0  0  0  0  0  0  0  0  0  0  0  0  0  0  18635  0  1  0  0  0  0  0  0  0  0  0  0  0  0  0  0  19280  7  1296  4  0  0  248  0  0  0  0  0  0  0  0  0  0  0  16224  259  0  0  7  126  0  70  0  0  0  0  0  12  1538  0  0  0  0  33  9296  143  0  1138  14544  0  0  0  18  0  1  0  0  0  0  34405  21563  0  0  0  0  0  0  0  3  0  39  0  0  0  
0  0  0  0  0  0  0  0  0  0  0  0  0  0  0  0  0  0  0  0  0  0  0  0  0  0  0  0  0  0  0  0  0  0  0  0  0  0  0  0  0  0  0  0  0  0  0  0  0  0  0  0  0  0  0  0  0  0  0  0  0  0  0  0  0  0  0  0  0  0  0  0  0  0  0  27220  0  0  0  0  0  0  0  0  0  0  0  0  0  0  0  0  14  10  59425  1  2  0  26  0  0  0  0  0  0  0  0  1  8  0  65811  17470  0  0  0  668  16  8  0  0  0  17  0  33586  95  0  0  0  0  3  27  9  1432  0  11729  0  0  0  6  0  0  0  0  0  0  43496  1400  0  0  0  0  0  0  0  24  0  7850  1  0  0  
0  0  0  0  0  0  0  0  0  0  1  0  0  0  0  0  0  0  0  0  0  1  0  0  0  0  0  0  0  0  0  0  0  0  0  0  0  0  0  0  0  0  0  0  0  0  0  0  0  0  0  0  0  0  0  0  0  0  0  0  0  0  0  0  0  0  0  0  0  0  0  0  0  0  0  17051  0  1  0  0  0  0  1  8  1  0  0  0  0  0  0  0  361  359  93025  66949  56861  0  137  2  0  0  0  0  0  0  0  0  0  0  205  1069  0  0  43  1159  3  26994  2  1  0  86  1  17195  18546  0  0  1  0  113  12136  3161  14439  5654  0  0  0  0  133  9  0  0  1  0  0  472  14502  0  0  0  0  0  0  0  113  0  35037  2  7  0  
0  0  0  0  0  0  0  0  0  0  0  0  0  0  0  0  0  0  0  0  0  0  0  0  0  0  0  0  0  0  0  0  0  0  0  0  0  0  0  0  0  0  0  0  0  0  0  0  0  0  0  0  0  0  0  0  0  0  0  0  0  0  0  0  0  0  0  0  0  0  0  0  0  0  2710  0  0  0  910  296  119  0  1  1  0  55  55513  11502  25608  30  0  1  0  0  0  0  0  24561  0  0  0  0  0  0  0  0  0  0  0  0  0  0  4931  90  0  0  0  0  3  0  12928  0  567  0  0  44652  4579  46  0  0  0  0  0  0  0  0  0  9587  0  111  0  45  0  0  1  0  0  0  0  0  0  0  0  0  0  575  0  0  1686  7  
0  0  0  0  0  1  0  0  0  0  0  0  0  0  0  0  0  0  0  0  0  0  0  1  0  0  0  0  0  0  32  1  0  0  0  0  0  0  0  0  0  0  0  0  0  0  0  0  0  0  0  0  0  0  0  0  0  0  0  0  0  0  0  0  0  0  0  0  0  1  0  0  0  0  1086  0  0  0  7  3870  0  0  0  0  0  0  0  0  0  0  1  310  0  0  0  0  11772  86173  0  0  0  0  0  0  63106  42601  0  0  1  0  0  0  0  0  0  0  0  0  0  0  3045  0  0  0  0  4  1  0  0  0  0  0  0  0  0  0  0  28415  0  3  0  0  0  10020  0  0  0  0  0  0  0  0  0  0  524  20605  91  1295  77223  1825  
0  0  0  0  0  0  0  0  0  0  0  0  0  0  0  0  0  0  0  0  0  0  0  0  0  0  0  0  0  0  0  0  0  0  0  0  0  0  0  0  0  0  0  0  0  0  0  0  0  0  0  0  0  0  0  0  0  0  0  0  0  0  0  0  0  0  0  0  0  0  0  0  0  0  7763  0  0  0  255  709  1  0  0  0  0  19  139  519  102  2  0  8  0  0  0  0  0  128645  0  0  0  0  0  0  277  94  0  0  0  0  0  0  210  43  0  0  0  0  0  0  24188  0  176  0  0  2424  686  0  0  0  0  0  0  0  0  18874  20702  0  0  38  0  5  0  13  0  0  0  0  0  0  0  0  0  0  0  19103  0  0  13693  2  
0  0  0  0  0  0  0  0  2  2  3  0  0  0  0  0  0  0  0  0  0  0  0  0  0  0  0  0  0  3  0  0  0  0  0  0  0  0  0  0  0  0  0  0  0  0  0  0  0  0  0  0  0  0  0  0  0  0  0  0  0  0  0  0  0  0  0  0  0  0  0  0  0  0  0  12  0  397  0  10  16  13  9321  7513  54945  6  0  0  0  30  1  0  5  75805  1  13734  1  1  179  116  22103  42  48  84685  0  0  32  3  0  13  0  0  0  1  3644  191  0  79983  688  22  0  435  180  0  478  6  0  3  7  34648  468  18471  6  0  243  0  0  0  0  388  320  33  105  0  25118  0  14203  21  0  0  0  0  0  0  80  14  155  78  474  116  
1045  0  0  0  17  837  732  239  207  881  2  1  0  0  204  133  1  0  0  0  0  0  0  8  0  0  4  0  1  24  8  149  0  0  0  0  0  0  0  0  27  0  0  0  4  0  1  17  5  0  0  624  2374  36  0  1  0  0  0  0  0  13  1  1  2  33809  29  1  0  17  12  0  0  0  1073  0  0  9  5071  80198  67775  25051  59197  50884  0  8  4  66  1437  4505  0  3  0  0  0  14  1374  96  1  17  101  62  308  48  2  10093  0  1  0  7  0  0  50  4  3277  0  0  774  588  309  211  538  191  0  0  4285  9291  1564  0  339  0  23  0  0  2  414  5  23  349  0  299  313  389  7  998  0  76  5  0  18  3152  13666  11  159  9  5836  20070  10895  3724  387  
0  0  0  0  0  0  0  0  0  0  0  0  0  0  0  0  0  0  0  0  0  0  0  0  0  0  0  0  0  0  0  0  0  0  0  0  0  0  0  0  0  0  0  0  0  0  0  0  0  0  0  0  0  0  0  0  0  0  0  0  0  0  0  0  0  0  0  0  0  0  0  0  0  0  3  2  4737  865  0  7  6  39  409  3647  0  25  0  0  0  78  0  0  0  5  0  0  0  0  574  84748  36653  98813  127  151  0  0  1  5  0  10766  0  0  0  1  16838  2  0  50  111544  38972  0  34  415  0  0  20  1  18  10383  41727  1  296  0  0  41  0  0  0  2462  5811  0  129  355  0  170  0  1097  1  0  0  0  0  0  0  14  50  11  4  3595  1205  
0  0  0  0  0  0  0  0  0  0  0  0  0  0  0  0  0  0  0  0  0  0  0  0  0  0  0  0  0  0  0  0  0  0  0  0  0  0  0  0  0  0  0  0  0  0  0  0  0  0  0  0  0  0  0  0  0  0  0  0  0  0  0  0  0  0  0  0  0  0  0  0  0  0  28  0  0  29368  16  326  426  56  74  32  0  48857  0  68  38344  1209  0  28  0  0  0  0  1  18  1  14  57  7  92435  8  0  0  0  0  0  0  0  0  2  31  101  0  0  5  18569  35  2  1  14170  0  0  60744  50  23355  0  92  0  0  0  0  0  29  0  2  7  1610  88  0  4158  0  37  0  2  0  0  0  0  0  0  0  2  10040  0  9  19084  2822  
0  0  0  0  0  0  0  0  0  0  0  0  0  0  0  0  0  0  0  0  0  0  0  0  0  0  0  0  0  0  0  0  0  0  0  0  0  0  0  0  0  0  0  0  0  0  0  0  0  0  0  0  0  0  0  0  0  0  0  0  0  0  0  0  0  2  0  0  0  0  0  0  0  0  0  0  2  16  1  271  686  6894  516  129  0  18  0  1  25978  51956  0  0  0  0  0  0  1  1  0  21  605  128  109931  140  0  0  0  1  0  3  0  0  1  0  451  0  0  10  106545  6127  1  6  418  0  0  68  1  32579  0  637  0  12  0  0  0  4  0  0  115  1078  1117  6927  0  0  261  0  27  0  0  0  0  0  0  0  14  555  0  14  3112  1352  
0  0  0  0  0  13  0  0  0  0  0  0  0  0  0  0  0  0  0  0  0  0  0  0  0  0  0  0  0  0  838  1  0  0  0  0  0  0  0  0  0  0  0  0  0  0  0  0  0  0  0  0  0  0  0  0  0  0  0  0  0  0  1  0  0  2  0  0  0  917  0  0  0  0  32987  0  0  0  8690  29153  0  0  0  0  0  0  0  0  0  17183  0  0  0  0  0  0  0  10668  0  0  0  0  0  0  34306  993  0  0  0  0  0  0  0  0  0  0  0  0  0  0  0  0  0  0  0  0  0  0  0  0  0  0  0  0  0  0  14195  33  0  11  0  0  0  0  0  0  0  0  0  0  0  0  0  0  0  9098  0  0  21  1  
0  0  1  0  0  0  2  26  2274  0  0  0  0  0  0  1  0  0  0  0  0  0  0  0  0  0  0  0  0  2250  0  0  0  0  0  0  0  0  0  0  0  0  0  0  0  107  0  0  0  0  0  0  0  0  0  0  0  0  0  0  0  0  0  0  0  65  0  0  0  0  102  0  0  0  0  0  1  20  1  289  500  120  34713  318  3  7  0  2  0  113  0  1  0  0  0  0  0  1  2  56  49270  30  212  78115  0  0  0  1  0  21  0  0  0  0  2513  0  0  63  339  43587  1  25  76  0  0  23  2  10  1  9020  0  25  0  0  1  1  0  0  21030  1317  660  43  1377  0  0  0  131  0  0  0  0  0  0  0  3  41  3  6  1033  329  
0  0  0  0  0  0  0  0  0  0  0  0  0  0  0  0  0  0  0  0  0  0  0  0  0  0  0  0  0  0  0  0  0  0  0  0  0  0  0  0  0  0  0  0  0  0  0  0  0  0  0  0  0  0  0  0  0  0  0  0  0  0  0  0  0  0  0  0  0  0  0  0  0  0  0  780  0  0  0  0  0  0  0  0  0  0  0  0  0  0  28  0  119  0  60  0  7  0  3077  0  0  0  0  0  0  0  0  86  443  0  149161  124452  0  0  1  28  7392  6  0  0  0  954  0  24288  2  0  0  0  0  3  20  3  40573  47725  1492  0  0  0  6  0  0  0  0  0  0  0  20213  1  0  0  0  0  0  0  1102  0  4194  0  0  0  
0  0  0  0  0  0  0  0  0  0  0  0  0  0  0  0  0  0  0  0  0  0  0  0  0  0  0  0  0  0  0  0  0  0  0  0  0  0  0  0  0  0  0  0  0  0  0  0  0  0  0  0  0  0  0  0  0  0  0  0  0  0  0  0  0  0  0  0  0  0  0  0  0  0  0  2579  0  70  0  11  4  3  395  122  0  0  0  0  0  26  89  15  44683  211  922  234  34  0  211835  41821  434  117  38  51  0  0  466  108124  26396  22484  1361  189168  0  1  27901  564  2927  2133  1850  13  0  117783  85  25542  1803  12  0  7  18262  49762  15665  28675  21001  2702  21154  0  0  0  6570  707  1099  24  181  0  296  31784  0  26197  0  0  0  1  0  0  10117  19  24339  768  3369  229  
0  0  0  0  0  0  0  0  0  0  0  0  0  0  0  0  0  0  0  0  0  0  0  0  0  0  0  0  0  0  0  0  0  0  0  0  0  0  0  0  0  0  0  0  0  0  0  0  0  0  0  0  0  0  0  0  0  0  0  0  0  0  0  0  0  0  0  0  0  0  0  0  0  0  0  0  0  52  0  0  0  0  5  1  0  0  0  0  0  0  1  0  1  0  0  0  0  0  0  108  1  1  0  0  0  0  31071  22922  1137  17400  0  0  0  0  7511  0  1  2  5  0  0  22354  1  0  0  0  0  0  1  3  0  8  0  0  0  0  0  0  41  3  7  0  1  0  2  0  27705  0  0  0  0  0  0  0  52  0  16  87  99  1  
0  0  0  44  0  1  0  0  0  0  0  8  0  0  0  0  22254  22652  8  0  0  0  13219  3  2  25  3  0  0  0  0  0  3  137  25551  120  0  5  0  2  243  0  53036  0  15  0  1  27662  70  10789  0  4  0  0  0  42  27  0  53  0  13  0  0  2  42  0  4  4  1  0  1  5  6006  10  0  0  0  0  0  0  0  0  0  0  0  0  0  0  0  0  0  0  0  0  0  0  0  0  0  0  0  0  0  0  0  0  0  0  0  0  0  0  0  0  0  0  0  0  0  0  0  0  0  0  0  0  0  0  0  0  0  0  0  0  0  0  0  0  0  0  0  0  0  0  0  0  0  0  0  0  226255  10127  25479  3094  0  0  0  0  0  0  
866  0  0  57  29  2290  973  219  325  20  0  16  0  1  462  1682  96  0  0  0  0  0  0  1333  2  103  88  195  2599  3  593  1189  0  0  0  0  0  0  0  3  46  0  0  39  7892  25  2  4  547  0  0  2523  1449  2900  0  61  3  4  1  0  1  59  1816  79  64  1333  2053  1576  2860  6300  67  0  1  0  0  0  0  0  0  0  0  0  1  0  0  0  0  0  0  0  0  0  0  0  0  0  0  0  0  0  0  0  0  0  0  281  0  0  0  0  0  0  0  0  0  0  0  0  0  0  0  0  0  0  0  0  1  0  0  0  0  0  0  0  0  0  0  0  0  7  0  0  1  0  0  0  0  0  2  0  2  159344  92784  35887  3  5  0  10  2  146  
1  1  0  441  0  2  0  0  14  8423  1  45  0  0  1  1  5  2  168  0  44  368  53678  2  95  366  45  1  2  2  0  0  202  347  24  279  105  308  0  14  4264  1  825  4467  83  2  0  7566  336  56478  4  39  0  3  0  271  449  28  297  14  48899  1  0  4  310  531  47  42  3  0  5  89  19077  105  0  0  0  0  0  0  0  0  2  34  0  0  0  0  0  0  0  0  0  0  0  0  0  0  0  0  0  0  0  0  0  0  0  0  0  0  0  0  0  0  20  0  0  0  0  0  0  8  0  0  0  0  0  0  0  0  0  0  0  0  0  0  0  0  0  891  0  0  0  0  1  0  0  0  109610  19  0  46361  822  1478  0  0  274  21  18  0  
0  0  0  48  0  10  3  20  178  276  0  2  0  0  0  5  45  22  33  0  3  1  196  20  26  229  261  299  515  7  4  18  126  2  0  1  0  0  0  0  1807  0  0  39  5603  110  0  3662  108  0  0  2  0  1  0  214  62  7  2  0  5  0  26  0  118  642  6372  11  126  12  79  0  33  119  0  0  0  0  0  1  0  0  3  32  0  0  0  0  0  0  0  0  0  0  0  0  2  0  0  1  0  0  0  0  0  203  0  0  0  0  0  0  0  0  236  0  0  0  1  0  0  27  2  0  0  0  0  0  0  3  0  0  0  0  0  0  0  0  1  3294  0  0  0  0  1  0  2  0  6365  178722  46974  0  6072  31968  2  3  1258  48259  164  222  
1981  0  0  59  32  1202  292  28  63  2  0  157  6  3  632  360  90261  100711  47  0  0  0  62  22473  21  75  5  9  9  0  197  97  369  11  26  34  0  0  8  3  1661  1  2  8  376  4  25421  76409  64128  0  0  4779  1646  1124  0  36  97  4  11  0  0  128  15141  6463  39  285  132  848  82  997  8  0  412  141  0  0  0  0  2  0  0  0  1  0  0  0  0  0  0  0  0  0  0  0  0  0  0  0  0  0  0  0  0  0  0  0  0  0  0  0  0  0  0  0  0  0  0  0  0  0  0  0  0  0  0  0  0  0  0  0  0  0  0  0  0  0  0  0  0  1  0  0  0  0  0  0  0  0  13925  45686  1441  11790  0  184930  0  0  0  1  1  0  
0  0  0  12  0  3  1  2  13  10  0  0  0  0  0  3  16899  586  10  0  0  0  1  4  4  34  23  50  28  0  22  48  153  0  0  0  0  0  0  0  1293  0  0  3  331  3  0  5297  1805  0  0  0  0  0  0  31  9  2  0  0  0  0  70  0  13  6  506  2  90  125  10  0  1  8  0  0  0  0  0  0  0  0  0  1  0  0  0  0  0  0  0  0  0  0  0  0  0  0  0  0  0  0  0  0  0  341  0  0  0  0  0  0  0  0  0  0  0  0  0  0  0  0  0  0  0  0  0  0  0  0  0  0  0  0  0  0  0  0  0  1  0  0  0  0  0  0  0  0  8563  66913  814  51419  435818  0  1  3  1  12  1  409  
0  0  0  0  0  0  0  0  0  0  0  0  0  0  0  0  0  0  0  0  0  0  0  0  0  0  0  0  0  0  0  0  0  0  0  0  0  0  0  0  0  0  0  0  0  0  0  0  0  0  0  0  0  0  0  0  0  0  0  0  0  0  0  0  0  1  0  0  0  0  0  0  0  0  0  2  0  1  0  0  0  0  8  1  0  0  0  0  0  0  12791  15505  5  0  1  0  68856  32  11  19  15  0  0  1  43  875  0  0  15377  2  3  61  0  0  468  0  34009  1  9  0  0  12103  0  18023  1  0  0  1  0  31  0  25  0  6  10  0  1329  2  138  7  5  3  1  0  7  231  4995  0  0  18  0  20  0  2  0  3379  230809  6025  29182  1683  
5  0  0  0  0  1  5  0  0  0  0  0  0  0  1  10  0  0  0  0  0  0  0  0  0  0  0  0  0  0  0  1  0  0  0  0  0  0  0  0  0  0  0  0  0  0  0  0  0  0  0  2  5  0  0  0  0  0  0  0  0  0  1  0  0  33  0  0  0  0  0  0  0  0  15887  0  0  32  5668  6079  421  48  34  18  0  23  3  68  211  4122  0  61  0  0  0  0  194  3372  0  7  57  7  1236  16  823  14129  0  0  0  0  0  0  47  7  108  0  0  0  1203  31  138  1  230  0  0  5229  7082  3145  0  73  0  1  0  0  0  560  7853  5079  10  3086  96  2830  278  593  25  0  7  0  0  16  0  6  0  2  456  0  1095  8760  150236  67036  
0  0  0  0  0  0  0  0  0  40  0  0  0  0  0  0  0  0  0  0  0  0  0  0  0  0  0  0  0  0  0  0  0  0  0  0  0  0  0  0  0  0  0  0  0  0  0  0  0  0  0  0  0  0  0  1  0  0  0  0  0  0  0  0  0  21  4  0  0  0  0  0  0  0  0  591  0  16  0  1  2  0  83  5956  0  2  0  0  0  3  17  56  47  5  929  29  72854  0  191  394  96  4  2  5  6  21  11  49  161  64  7  2258  0  0  7106  15  1532  8865  116  2  0  7496  24  43063  3  1  0  1  2  621  6  404  160  1704  23427  0  9  0  1583  4737  127  4  20  0  64  1250  23298  15  0  1  218  782  0  13  122128  1359  0  30991  1290  62  
0  0  0  0  0  0  0  0  0  13  0  0  0  0  0  0  0  0  0  0  0  0  0  0  0  0  0  0  0  0  1  1  0  0  0  0  0  0  0  0  0  0  0  0  0  0  0  0  0  0  0  0  0  0  0  0  0  0  0  0  0  0  0  0  1  15  2  0  0  0  0  0  0  0  0  0  0  3  0  0  0  2  19  113  0  0  0  0  0  12  9  484  1  0  0  1  867  1  1  52  14  24  22  1  37  358  0  6  0  4  0  0  0  0  5076  0  0  69  186  8  0  4154  4  0  0  2  0  5  1  46  0  18  0  0  1  0  114  0  81  1582  139  21  21  0  9  0  637  5  0  47  7  51786  0  13  3841  32934  44554  0  29455  3628  
1  0  0  0  0  0  0  0  0  1  0  0  0  0  0  0  0  0  0  0  0  0  0  0  0  0  0  0  0  0  19  0  0  0  0  0  0  0  0  0  0  0  0  0  0  0  0  0  0  0  0  0  2  0  0  0  0  0  0  0  0  0  0  0  0  2  0  0  0  0  0  0  0  0  8083  0  1  13  672  343  120  109  94  53  0  29  5  42  96  468  30627  64495  0  0  0  0  28431  20792  1  78  523  161  1103  133  4014  15200  4  2  11  4  0  0  18  9  18393  2  6  4  3618  62  23378  28811  38451  0  0  6661  1795  741  3  620  1  24  0  0  0  336  36261  3066  118  431  1525  4681  1449  6  73  0  689  0  0  2  1  12  0  0  19826  97475  776  10999  0  159889  
0  0  0  0  0  0  0  0  0  0  0  0  0  0  0  0  0  0  0  0  0  0  0  0  0  0  0  0  0  0  0  3  0  0  0  0  0  0  0  0  0  0  0  0  0  0  0  0  0  0  0  0  0  0  0  0  0  0  0  0  0  0  0  0  0  1  0  0  0  1  0  0  0  0  1  0  1  14  2  8  23  115  66  69  0  6  0  0  10  534  0  136  0  0  0  0  3939  1  0  11  210  215  1446  54  92  15099  0  0  0  2  0  0  0  1  932  0  0  4  2351  61  0  7  160  0  0  167  2  193  0  262  0  13  0  0  2  1  3811  0  91  211  1368  681  789  0  40  0  48  0  0  136  0  297  0  190  6824  174664  4001  5332  413872  0  
