0  0  0  0  48181  33184  1  1  0  0  0  0  43  2218  13100  967  0  5  0  0  0  0  0  87488  0  0  0  0  0  0  33920  0  0  0  0  0  0  0  715  0  0  0  0  0  0  0  4576  0  1468  0  0  14962  26737  3  0  0  0  0  0  0  0  37779  11  13777  0  35  0  0  0  17144  0  0  0  0  0  0  0  0  0  0  0  0  0  0  0  0  0  0  0  0  0  0  0  0  0  0  0  0  0  0  0  0  0  0  0  0  0  0  0  0  0  0  0  0  0  0  0  0  0  0  0  0  0  0  0  0  0  0  0  0  0  0  0  0  0  0  0  0  0  0  0  0  0  0  0  0  0  0  0  19612  0  0  5714  1  0  0  0  0  0  0  
0  0  0  0  0  0  0  0  0  0  0  0  0  0  0  0  0  0  30958  1  34251  5462  0  0  0  0  0  0  0  0  0  0  0  0  0  0  904  0  0  0  0  41147  0  2428  0  0  0  0  0  0  29142  0  0  0  0  0  16503  36  48581  2819  1741  0  0  0  1  0  0  0  0  0  0  2525  1  0  0  0  0  0  0  0  0  0  0  0  0  0  0  0  0  0  0  0  0  0  0  0  0  0  0  0  0  0  0  0  0  0  0  0  0  0  0  0  0  0  0  0  0  0  0  0  0  0  0  0  0  0  0  0  0  0  0  0  0  0  0  0  0  0  0  0  0  0  0  0  0  0  0  0  0  0  0  0  0  0  0  0  0  0  0  0  
0  0  0  0  0  0  0  4304  0  0  0  0  0  0  0  69149  0  0  0  0  0  0  0  0  0  0  22321  24053  21533  22395  0  0  0  0  0  0  0  0  0  0  0  0  0  0  26586  46130  0  0  0  0  0  0  0  0  0  0  0  0  0  0  0  0  0  0  0  0  13328  0  6  0  387  0  0  0  0  0  682  0  0  0  0  0  0  0  0  0  0  0  0  350  0  0  0  0  0  0  0  0  0  0  1  0  0  4  0  0  0  0  0  0  0  0  0  0  0  0  0  0  0  1  0  0  0  0  0  0  0  0  0  0  0  0  0  0  0  0  0  0  0  0  0  0  0  0  0  0  0  0  0  0  0  0  0  0  0  0  0  0  0  0  
0  0  0  0  0  0  0  0  0  0  0  34290  0  9  1  0  5  11  0  0  0  0  0  0  7  48816  0  23618  33248  0  0  0  327  510  7  97  0  0  0  0  1460  0  0  0  28794  0  0  63  50119  0  0  21  0  0  2  61  0  0  0  0  1  0  0  0  2  0  267  16333  0  0  9  0  15  148  0  0  0  0  0  0  0  0  0  0  0  0  0  0  0  0  0  0  0  0  0  0  0  0  0  0  0  0  0  0  0  0  0  0  0  0  0  0  0  0  0  0  0  0  0  0  0  0  0  0  0  0  0  0  0  0  0  0  0  0  0  0  0  0  0  0  0  0  0  0  0  0  0  0  0  2  2  6  49  2  0  0  0  0  0  0  
33787  0  0  0  0  24719  0  0  0  0  0  0  1  2  13894  45557  0  3  0  0  0  0  0  16  0  0  0  0  0  0  15830  0  0  0  0  0  0  0  118  0  0  0  0  0  0  0  823  0  188  0  0  274  20342  1  0  0  0  0  0  0  0  32  0  59  0  59  0  0  0  9897  0  0  0  0  0  0  0  0  0  0  0  0  0  0  0  0  0  0  0  0  0  0  0  0  0  0  0  0  0  0  0  0  0  0  0  0  0  0  0  0  0  0  0  0  0  0  0  0  0  0  0  0  0  0  0  0  0  0  0  0  0  0  0  0  0  0  0  0  0  0  0  0  0  0  0  0  0  0  0  1847  0  0  330  0  0  0  0  0  0  0  
38583  0  0  0  39786  0  31050  25  0  0  0  0  8  11  7689  158251  0  7  0  0  0  0  0  4896  0  0  0  0  2  0  1375  1375  0  0  0  0  0  0  137  0  0  0  0  0  9  1  1895  0  1707  0  0  2895  50208  25480  0  1  0  0  1  0  0  163  3128  9931  0  37496  1  33  58  53778  8  0  0  0  1  0  0  0  0  1265  9  0  0  0  0  0  0  0  0  32  0  0  0  0  0  0  0  0  0  0  0  0  0  0  7  10  0  0  0  0  0  0  0  0  0  0  0  0  0  0  0  0  0  0  0  0  0  0  0  0  0  0  0  0  0  0  0  0  0  3542  0  0  0  0  0  0  0  0  0  46680  0  1  3679  492  0  61  0  0  0  0  
3  0  0  0  0  39104  0  24064  315  26  0  0  0  0  918  109148  0  0  0  1  0  0  0  0  0  0  12  7  84  67  0  46  0  0  0  0  0  0  0  0  2  0  0  49  392  125  0  0  0  0  0  145  339  52664  0  72  0  0  2  0  0  0  0  0  76  37270  197  57  590  56  2034  0  3  0  0  0  0  0  0  2  62  73  0  0  0  0  0  0  0  21  0  0  0  0  0  0  0  0  0  0  0  0  0  0  0  0  0  0  0  0  0  0  0  0  0  0  0  0  0  0  0  0  0  0  0  0  0  0  0  0  0  0  0  0  0  0  0  0  0  52  0  0  0  0  0  0  0  0  0  221  0  11  57  0  0  0  0  0  0  0  
0  0  4212  0  0  131  33882  0  30327  303  0  0  0  0  3  103697  0  0  0  0  0  0  0  0  0  0  19  19  24561  147  0  0  0  0  0  0  0  0  0  0  1  0  0  262  8680  40642  0  0  0  0  0  4  1  1335  0  81  0  0  5  0  0  0  0  0  248  39934  181  15  2881  0  4890  0  4  0  0  0  0  0  0  1  27  152  68  0  0  0  0  0  0  33  0  0  0  0  0  0  0  0  0  0  0  0  0  1  0  0  0  0  0  0  0  0  0  0  0  0  0  0  0  1  0  0  0  0  0  0  0  0  0  0  0  0  0  0  0  0  0  0  0  5  0  0  0  0  5  0  0  0  0  12  0  19  60  0  0  0  0  0  0  0  
0  0  1  0  0  1  622  22111  0  9899  27  0  0  0  0  46  0  0  0  0  0  0  0  0  0  0  11  1  18  7117  0  0  0  0  0  0  0  0  0  0  2  0  0  4064  38  37336  0  0  0  0  0  0  0  5  0  33  0  2  1  0  0  0  0  0  590  40552  41  0  11  0  24789  0  0  0  0  0  0  0  0  0  1  40  639  2  2  0  0  0  0  1  0  0  0  0  0  1  0  0  0  0  0  0  0  9  0  0  0  0  0  0  0  0  0  0  0  0  0  0  0  21  0  0  0  0  0  0  0  0  0  0  0  0  0  0  0  0  0  0  0  2  0  0  0  0  497  0  0  0  0  5  0  52  0  0  0  0  0  0  0  0  
0  0  0  0  0  0  43  282  11633  0  6  0  0  0  0  2  0  0  0  0  0  635  5197  0  0  0  1  0  0  13879  0  0  0  0  0  0  0  0  0  0  2  0  0  45363  4  12  0  0  0  0  0  0  0  0  0  8  0  2  0  0  7  0  0  0  1458  85368  3  1  2  0  432  0  2  0  0  0  0  0  0  0  0  0  8  12  78  0  0  0  0  0  0  0  0  0  0  21  1  0  0  0  0  0  0  833  0  0  0  0  0  0  0  0  0  0  0  0  0  0  0  1  0  0  0  0  0  0  0  0  0  0  0  0  0  0  0  0  0  0  0  7963  0  0  0  0  98  0  0  0  0  15  2370  29298  1  0  0  0  0  3602  0  0  
0  0  0  0  0  0  0  0  4  2  0  0  0  0  0  0  0  0  0  83334  0  12829  0  0  0  0  773  0  0  5963  0  0  0  0  0  0  0  0  0  0  0  16263  0  78241  0  5  0  0  0  0  2  0  0  0  0  0  0  185  0  0  54  0  0  0  75667  0  0  0  0  0  31  0  0  0  0  0  0  0  0  0  0  0  0  0  5107  0  0  0  0  0  0  0  0  114  0  251  0  0  0  0  0  0  0  64  0  0  0  0  0  0  0  0  0  0  0  312  0  32  0  0  0  0  0  0  0  0  0  0  0  0  0  0  0  0  0  0  0  0  0  0  0  0  0  0  0  0  0  0  0  0  0  0  0  0  0  0  0  0  0  0  
1  0  0  37508  0  1  0  0  0  0  0  0  6  23799  6378  0  68  313  0  0  0  0  0  3  0  42  0  0  420  0  0  0  54  360  58  1  0  0  286  54912  44  0  0  0  9153  0  6  26  38678  0  0  21645  1  0  0  22  0  0  0  0  0  0  0  0  1  0  98  78089  0  0  2  0  3  0  0  0  0  0  0  0  0  0  0  0  0  0  0  0  0  0  0  0  0  0  0  0  0  0  0  0  0  0  0  0  0  0  0  0  0  0  0  0  0  0  0  0  0  0  0  0  0  0  0  0  0  0  0  0  0  0  0  0  0  0  0  0  0  0  0  0  0  0  0  0  0  0  0  0  0  1  0  2  115  1  0  0  0  0  0  0  
96  0  0  0  11  16  0  0  0  0  0  11  0  5603  0  0  4  183  0  0  0  0  0  54678  0  0  0  0  0  0  0  0  0  0  0  0  0  0  27962  0  0  0  0  0  0  0  5019  2  46  0  0  84  4  0  0  0  0  0  0  0  0  2831  0  395  0  0  0  0  0  0  0  0  0  0  0  0  0  0  0  0  0  0  0  0  0  0  0  0  0  0  0  0  0  0  0  0  0  0  0  0  0  0  0  0  0  0  0  0  0  0  0  0  0  0  0  0  0  0  0  0  0  0  0  0  0  0  0  0  0  0  0  0  0  0  0  0  0  0  0  0  0  0  0  0  0  0  0  0  0  9  0  0  84  0  0  0  0  0  0  0  
1588  0  0  5  3  5  0  0  0  0  0  29154  5886  0  5733  0  6  39  0  0  0  0  0  5519  0  0  0  0  7  0  0  0  0  88  48  0  0  0  26372  39423  0  0  0  0  0  0  98  11  14582  0  0  53835  1241  0  0  0  0  0  0  0  0  27355  0  256  0  0  0  2  0  0  0  0  0  0  0  0  0  0  0  0  0  0  0  0  0  0  0  0  0  0  0  0  0  0  0  0  0  0  0  0  0  0  0  0  0  0  0  0  0  0  0  0  0  0  0  0  0  0  0  0  0  0  0  0  0  0  0  0  0  0  0  0  0  0  0  0  0  0  0  0  0  0  0  0  0  0  0  0  0  79  0  0  83  0  0  0  0  0  0  0  
16569  0  0  0  13417  5799  600  1  0  0  0  4954  1  5284  0  42857  0  0  0  0  0  0  0  4825  0  0  0  0  15546  0  0  0  0  0  0  0  0  0  705  539  0  0  0  0  2  0  2  0  800  0  0  187378  192799  79754  0  0  0  0  0  0  0  36640  0  1  0  272  0  40608  13754  0  1  0  0  0  0  0  0  0  0  0  0  0  0  0  0  0  0  0  0  0  0  0  0  0  0  0  0  0  0  0  0  0  0  0  0  0  0  0  0  0  0  0  0  0  0  0  0  0  0  0  0  0  0  0  0  0  0  0  0  0  0  0  0  0  0  0  0  0  0  0  0  0  0  0  0  0  0  0  0  9949  0  0  305  0  0  0  0  0  0  0  
1482  0  66048  0  56537  136625  91208  72601  179  16  0  0  0  0  39817  0  0  0  0  0  0  0  0  0  0  0  7  20  24663  34  19  855  0  0  0  0  0  0  0  0  0  0  0  14  1641  6967  4  0  0  0  0  71  6459  166039  0  39  0  0  2  0  0  0  0  2  34  4026  110  28  21207  5175  826  0  0  0  0  0  4  0  0  3  12  8  0  0  0  0  0  0  0  448  0  0  0  0  0  0  0  0  0  0  0  0  0  0  0  23  0  0  0  0  0  0  0  0  0  0  0  0  0  0  0  0  0  0  0  0  0  0  0  0  0  0  0  0  0  0  0  0  0  67  0  0  0  0  0  0  0  0  0  59  0  7  48  0  0  0  0  0  0  1  
0  0  0  10  0  0  0  0  0  0  0  63  28  9  0  0  0  46742  0  0  0  0  13211  688  10  31  0  0  2  0  0  0  491  4  15247  3  0  8  5  1  6568  0  477  0  132  0  611  59302  21225  0  0  1  0  0  10  75  0  0  1  0  5  0  1533  0  0  0  251  29  1  0  1  5  213  1  0  0  0  0  0  0  0  0  0  0  0  0  0  0  0  0  0  0  0  0  0  0  0  0  0  0  0  0  0  0  0  0  0  0  0  0  0  0  0  0  0  0  0  0  0  0  0  0  0  0  0  0  0  0  0  0  0  0  0  0  0  0  0  0  0  0  0  0  0  0  0  0  0  0  2363  17  8775  5  129445  190  0  0  0  0  0  0  
128  0  0  40  67  79  0  0  0  0  0  363  78  42  4  1  48474  0  0  0  0  0  8083  6350  1  0  0  0  0  0  0  1  18  1  942  2  0  4  233  1  18  0  3  0  7  0  30323  3730  53819  0  0  676  165  2  1  0  0  0  0  0  0  1  18827  1  0  2  1  4  0  0  2  1  122  0  0  0  0  0  0  0  0  0  0  0  0  0  0  0  0  0  0  0  0  0  0  0  0  0  0  0  0  0  0  0  0  0  0  0  0  0  0  0  0  0  0  0  0  0  0  0  0  0  0  0  0  0  0  0  0  0  0  0  0  0  0  0  0  0  0  0  0  0  0  0  0  0  0  0  971  172  3322  4  127213  5  0  0  0  0  0  0  
0  30200  0  0  0  0  0  0  0  1  0  0  0  0  0  0  0  0  0  2140  905  11  0  0  24556  5  4  0  0  0  0  0  0  0  0  0  675  126  0  0  205  16872  0  347  0  0  0  96  16  0  228  0  0  0  0  262  80857  86434  34556  1  547  0  0  0  32  1  39  4  0  0  4  97  30993  0  0  0  0  0  0  0  0  0  0  0  0  0  0  0  0  0  0  0  0  0  0  0  0  0  0  0  0  0  0  0  0  0  0  0  0  0  0  0  0  0  0  0  0  0  0  0  0  0  0  0  0  0  0  0  0  0  0  0  0  0  0  0  0  0  0  0  0  0  0  0  0  0  0  0  0  3  2  32  84  4  0  0  0  0  0  0  
0  2  0  0  0  0  0  0  0  0  81955  0  0  0  0  0  0  0  2040  0  5  4406  9  0  858  0  14907  0  0  20  0  0  0  0  0  0  0  0  0  0  0  15773  0  21696  0  0  0  0  0  0  141  0  0  0  0  5152  15  37873  15  0  1802  0  0  0  29370  0  1  0  0  0  5  0  0  0  0  0  0  0  0  0  0  0  0  0  439  0  0  0  0  0  0  0  0  42  0  40  0  0  0  0  0  0  0  1  0  0  0  0  0  0  0  0  0  0  0  400  0  6  0  0  0  0  0  0  0  0  0  0  0  0  0  0  0  0  0  0  0  0  0  0  0  0  0  0  0  0  0  0  0  0  5  0  0  0  0  0  0  0  0  0  
0  29722  0  0  0  0  0  0  0  0  0  0  0  0  0  0  0  0  641  7  0  39  1070  0  0  0  0  0  0  0  0  0  0  0  0  0  2141  0  0  0  3  8  13  128  0  0  0  0  0  32058  11928  0  0  0  0  0  5464  233  22887  87147  97566  0  0  0  7  0  2  0  0  0  1  4196  136  0  0  0  0  0  0  0  0  0  0  0  0  0  0  0  0  0  0  0  0  0  1  0  0  0  0  0  0  0  0  0  0  0  0  0  0  0  0  0  0  0  0  1  0  0  0  0  0  0  0  0  0  0  0  0  0  0  0  0  0  0  0  0  0  0  0  0  0  0  0  0  0  0  0  0  1  0  275  1  0  0  0  0  0  2  0  0  
0  7954  0  0  0  0  0  0  0  2120  10924  0  0  0  0  0  0  0  12  3369  61  0  12285  0  0  0  6  0  0  341  0  0  0  0  0  0  0  0  0  0  0  51445  0  121524  0  0  0  1  0  0  31600  0  0  0  0  0  539  2127  14  0  90670  0  0  0  1608  0  0  0  0  0  0  0  0  0  0  0  0  0  0  0  0  0  0  1  34  0  0  0  0  0  0  0  0  0  0  332  0  0  0  0  0  0  0  1  0  0  0  0  0  0  0  0  0  0  0  21  0  3  0  0  0  0  0  0  0  0  0  0  0  0  0  0  0  0  0  0  0  0  0  0  0  0  0  0  0  0  0  0  1  0  251  194  0  0  0  0  0  1  0  0  
0  1  0  0  0  0  0  0  0  4953  0  0  1  0  0  0  15024  9502  1  17  1497  11799  0  93  2  0  0  0  0  0  0  0  2  11  22185  3  67  206  0  0  15  3  45634  5080  0  0  58  2560  0  3700  4  0  0  0  0  5  26  48  3  336  70340  0  5591  0  29  0  0  0  0  0  0  113  297  0  0  0  0  0  0  0  0  0  0  0  0  0  0  0  0  0  0  0  0  0  0  0  0  0  0  0  0  0  0  0  0  0  0  0  0  0  0  0  0  0  0  0  0  0  0  0  0  0  0  0  0  0  0  0  0  0  0  0  0  0  0  0  0  0  0  0  0  0  0  0  0  0  0  0  18726  0  68263  641  10011  42  0  0  0  2  0  0  
94101  0  0  0  106  4961  0  0  0  0  0  0  59967  4972  5962  0  394  4843  0  0  0  0  126  0  0  0  0  0  0  0  26346  102  0  1  53  0  0  0  3530  0  0  0  122  0  0  0  39955  3  272  0  0  586  15  0  0  0  0  0  0  0  0  40201  92675  152175  0  1  0  0  0  12707  0  0  0  0  0  0  0  0  0  0  0  0  0  0  0  0  0  0  0  0  0  0  0  0  0  0  0  0  0  0  0  0  0  0  3  0  0  0  0  0  0  0  0  0  0  0  0  0  0  0  0  0  0  0  0  0  0  0  0  0  0  0  0  0  0  0  0  0  0  0  0  0  0  1  0  0  0  0  490  5754  1  2  12652  46  0  0  0  0  0  0  
0  0  0  1  0  0  1  0  1  0  0  0  0  0  0  0  5  1  29370  3413  0  0  3  0  0  16242  3241  50  1  0  0  0  3  27  1  1087  0  1  0  0  6279  0  0  1  16  2  0  421  107  0  0  0  0  0  27684  90058  0  19020  43  0  24  0  0  0  48  0  412  28  0  0  152  15  95398  3  0  0  0  0  0  0  0  0  0  0  0  0  0  0  0  0  0  0  0  0  0  0  0  0  0  0  0  0  0  0  0  0  0  0  0  0  0  0  0  0  0  0  0  0  0  0  0  0  0  0  0  0  0  0  0  0  0  0  0  0  0  0  0  0  0  0  0  0  0  0  0  0  0  0  2  32  36  103  246  48  0  0  0  0  0  0  
0  0  0  39001  0  0  0  0  0  0  0  177  0  0  5  0  5  0  4  0  0  0  0  0  16465  0  1  6765  123  0  0  0  836  5280  0  49078  0  16  0  0  54824  0  0  2  1348  2  0  187  18681  0  0  288  0  0  29807  13978  0  13  5  0  9  0  0  0  10  0  87725  1763  3  0  43  0  9776  619  0  0  0  0  0  0  0  0  0  0  0  0  0  0  0  0  0  0  0  0  0  0  0  0  0  0  0  0  0  0  0  0  0  0  0  0  0  0  0  0  0  0  0  0  0  0  0  0  0  0  0  0  0  0  0  0  0  0  0  0  0  0  0  0  0  0  0  0  0  0  0  0  0  0  1  47  11  115  357  100  0  0  0  0  0  0  
0  0  19297  0  0  0  17  30  9  2  1196  0  0  0  0  120  0  0  28  14863  0  5  0  0  1967  1  0  8518  418  83467  0  0  0  0  0  0  0  0  0  0  17  0  0  8  199  18536  0  0  2  0  0  0  0  8  0  110773  0  72  4  0  4  0  0  0  19388  5  31155  4  598  0  1995  0  7  0  0  0  0  0  0  0  0  0  0  0  1  0  0  0  0  0  0  0  0  0  0  0  0  0  0  0  0  0  0  1  0  0  0  0  0  0  0  0  0  0  0  0  0  0  0  0  0  0  0  0  0  0  0  0  0  0  0  0  0  0  0  0  0  0  0  0  0  0  0  0  0  0  0  0  0  0  0  1  0  0  0  0  0  0  0  0  
0  0  23766  31173  0  0  1  27  1  0  0  13  0  0  0  4  0  0  0  0  0  0  0  0  219  9517  4110  0  1201  0  0  0  0  2  0  0  0  0  0  0  42  0  0  0  177898  19251  0  8  911  0  0  9  0  0  6  313  0  0  0  0  1  0  0  0  1  13  145027  131  3  0  13  0  17  0  0  0  0  0  0  0  0  0  0  0  0  0  0  0  0  0  0  0  0  0  0  0  0  0  0  0  0  0  0  0  0  0  0  0  0  0  0  0  0  0  0  0  0  0  0  0  0  0  0  0  0  0  0  0  0  0  0  0  0  0  0  0  0  0  0  0  0  0  0  0  0  0  0  0  0  24  0  51  32  6  0  0  0  0  0  0  
3  0  22564  31536  0  2  300  19021  113  18  0  264  0  15  21487  27909  0  0  0  0  0  0  0  0  1  20  3  1493  0  17  0  0  1  5  0  11  0  0  0  1  234  0  0  18  175927  4407  0  157  1856  0  0  1229  4  43  2  99  0  1  0  0  3  0  0  0  29  282  971  97958  110674  0  438  0  29  1  0  0  0  0  0  0  0  0  0  0  0  0  0  0  0  0  0  0  0  0  0  0  0  0  0  0  0  0  0  0  0  0  0  0  0  0  0  0  0  0  0  0  0  0  0  0  0  0  0  0  0  0  0  0  0  0  0  0  0  0  0  0  0  0  0  0  0  0  0  0  0  0  0  0  0  585  9  425  584  126  0  0  0  0  0  0  
0  0  15542  0  0  0  128  257  7363  9080  10360  0  0  0  0  4  0  0  2  13  4  399  0  0  1  0  87002  0  1  0  0  0  0  0  0  1  0  0  0  0  9  0  0  15482  13  35059  0  1  2  0  0  0  0  2  0  3270  2  36  93  0  4  0  0  0  74894  276  28  0  0  0  64841  0  17  0  0  0  55  0  0  0  0  0  1  0  180  0  0  0  0  2  0  0  0  8  0  24  0  0  0  0  12  0  0  1228  0  0  0  0  0  0  0  0  0  0  0  0  0  0  0  1  0  0  0  0  0  0  0  0  0  0  0  0  0  0  0  0  0  0  0  0  0  0  0  0  15  0  0  0  0  0  0  39  1  0  0  0  0  0  0  0  
35568  0  0  0  13215  2493  0  0  0  0  0  0  0  0  0  7  0  0  0  0  0  0  0  27116  0  0  0  0  0  0  0  19689  0  0  0  0  0  0  0  0  0  0  0  0  0  0  0  0  0  0  0  0  0  0  0  0  0  0  0  0  0  0  67729  24  0  30  0  0  0  65139  0  0  0  0  0  0  0  0  0  1  0  0  0  0  0  0  0  0  0  100  0  0  0  0  0  0  0  1  0  0  0  0  0  0  699  23  0  0  0  0  0  0  0  0  0  0  0  0  0  0  0  0  0  0  0  0  0  0  0  0  0  0  0  0  0  0  0  0  0  2  0  0  0  2  0  0  0  0  0  942  0  55  3459  1975  0  0  0  0  0  0  
0  0  0  0  0  2508  1  0  0  0  0  0  0  0  0  1031  0  9  0  0  0  0  2  40  0  0  0  0  0  0  14968  0  0  0  0  0  0  0  0  0  0  0  0  0  0  0  1  0  0  0  0  0  0  0  0  0  0  0  0  0  0  0  20991  26  0  18749  0  0  0  10840  0  0  0  0  0  0  0  0  0  4  0  0  0  0  0  0  0  0  0  0  0  0  0  0  0  0  0  0  0  0  0  0  0  0  0  62  0  0  0  0  0  0  0  0  0  0  0  0  0  0  0  0  0  0  0  0  0  0  0  0  0  0  0  0  0  0  0  0  0  233  0  0  0  0  0  0  0  0  179  12516  87  13082  17959  14247  2  1  0  2  0  9  
0  0  0  342  0  0  0  0  0  0  0  14  0  0  0  0  137  8  0  0  0  0  0  0  17  726  0  0  0  0  0  0  0  38875  3220  305  0  0  0  0  11628  0  0  0  0  0  0  50070  52  0  0  1  0  1  0  16  0  0  0  0  0  0  0  0  0  0  0  1  0  0  1  0  27089  35921  0  0  0  0  0  0  0  0  0  0  0  0  0  0  0  0  0  0  0  0  0  0  0  0  0  0  0  0  0  0  0  0  0  0  0  0  0  0  0  0  0  0  0  0  0  0  0  0  0  0  0  0  0  0  0  0  0  0  0  0  0  0  0  0  0  0  0  0  0  0  0  0  0  0  0  0  51  1  129  0  0  0  0  0  0  0  
0  0  0  495  0  0  0  0  0  0  0  159  5  82  0  0  10  6  0  0  0  0  9  3  5  5150  2  0  1  0  0  0  37443  0  58440  57444  16  35614  0  0  1260  0  11171  2  3  0  0  69176  32  19  0  1  0  0  4  65  0  7  3  606  10  0  0  0  21  0  17  13  0  0  64  354  110136  14730  0  0  0  0  0  0  0  0  0  0  0  0  0  0  0  0  0  0  0  0  0  0  0  0  0  0  0  0  0  0  0  0  0  0  0  0  0  0  0  0  0  0  0  0  0  0  0  0  0  0  0  0  0  0  0  0  0  0  0  0  0  0  0  0  0  0  0  0  0  0  0  0  0  0  7  2  127  5  27  5  0  0  0  0  0  0  
0  0  0  2  0  0  0  0  0  0  0  43  8  35  0  0  18702  1090  0  0  0  0  18676  26  2  0  0  0  0  0  0  0  2202  65501  0  0  15  953  0  0  3  0  37842  0  0  0  4  64501  0  114  0  0  0  0  0  0  0  0  1  655  567  0  2  1  0  0  0  0  0  0  0  270  19489  0  0  0  0  0  0  0  0  0  0  0  0  0  0  0  0  0  0  0  0  0  0  0  0  0  0  0  0  0  0  0  0  0  0  0  0  0  0  0  0  0  0  0  0  0  0  0  0  0  0  0  0  0  0  0  0  0  0  0  0  0  0  0  0  0  0  0  0  0  0  0  0  0  0  0  24628  0  3089  0  184  0  0  0  0  0  0  0  
0  0  0  159  0  0  0  0  0  0  0  0  0  0  0  0  4  8  2  0  0  0  2  0  1281  47809  2  0  0  1  0  0  502  63320  1  0  0  3  0  0  35534  0  0  3  5  1  0  1916  55  0  0  3  0  0  4743  2759  0  7  5  0  13  0  0  0  17  0  4143  36  0  0  71  0  28263  22478  0  0  0  0  0  0  0  0  0  0  0  0  0  0  0  0  0  0  0  0  0  0  0  0  0  0  0  0  0  0  0  0  0  0  0  0  0  0  0  0  0  0  0  0  0  0  0  0  0  0  0  0  0  0  0  0  0  0  0  0  0  0  0  0  0  0  0  0  0  0  0  0  0  0  11  4  92  17  73  8  0  0  0  0  0  0  
0  240  0  0  0  0  0  0  0  0  0  0  0  0  0  0  0  0  630  0  666  0  180  0  0  0  0  0  0  0  0  0  0  34  184  0  0  48514  0  0  0  0  34595  1  0  0  0  21  0  60444  0  0  0  0  0  0  2  1  7212  64258  98  0  0  0  0  0  0  0  0  0  0  181476  1659  0  0  0  0  0  0  0  0  0  0  0  0  0  0  0  0  0  0  0  0  0  0  0  0  0  0  0  0  0  0  0  0  0  0  0  0  0  0  0  0  0  0  0  0  0  0  0  0  0  0  0  0  0  0  0  0  0  0  0  0  0  0  0  0  0  0  0  0  0  0  0  0  0  0  0  3  0  89  0  0  0  0  0  0  0  0  0  
0  0  0  0  0  0  0  0  0  0  0  0  0  0  0  0  1  0  66  0  0  0  73  0  0  14  0  0  0  0  0  0  0  21140  1073  1  40360  0  0  0  1  0  26295  0  0  0  0  489  1  355  0  0  0  0  0  0  2  0  72  12997  1254  0  0  0  0  0  0  0  0  0  0  134700  152445  0  0  0  0  0  0  0  0  0  0  0  0  0  0  0  0  0  0  0  0  0  0  0  0  0  0  0  0  0  0  0  0  0  0  0  0  0  0  0  0  0  0  0  0  0  0  0  0  0  0  0  0  0  0  0  0  0  0  0  0  0  0  0  0  0  0  0  0  0  0  0  0  0  0  0  3  0  943  0  0  0  0  0  0  0  0  0  
1290  0  0  0  350  343  0  0  0  0  0  211  28621  22512  477  2  0  44  0  0  0  0  0  7345  0  0  0  0  0  0  0  0  0  0  0  0  0  0  0  22  0  0  0  0  0  0  8055  0  13918  0  0  12965  212  0  0  0  0  0  0  0  0  12587  0  800  0  1  0  0  0  0  0  0  0  0  0  0  0  0  0  0  0  0  0  0  0  0  0  0  0  0  0  0  0  0  0  0  0  0  0  0  0  0  0  0  0  0  0  0  0  0  0  0  0  0  0  0  0  0  0  0  0  0  0  0  0  0  0  0  0  0  0  0  0  0  0  0  0  0  0  0  0  0  0  0  0  0  0  0  0  174  0  0  165  0  0  0  0  0  0  0  
5  0  0  0  0  1  0  0  0  0  0  66548  0  41574  629  0  0  13  0  0  0  0  0  0  0  0  0  0  0  0  0  0  0  0  0  0  0  0  43  0  0  0  0  0  0  0  1  0  19263  0  0  14086  4  0  0  0  0  0  0  0  0  0  0  0  0  0  0  171  0  0  0  0  0  0  0  0  0  0  0  0  0  0  0  0  0  0  0  0  0  0  0  0  0  0  0  0  0  0  0  0  0  0  0  0  0  0  0  0  0  0  0  0  0  0  0  0  0  0  0  0  0  0  0  0  0  0  0  0  0  0  0  0  0  0  0  0  0  0  0  0  0  0  0  0  0  0  0  0  0  5  0  0  0  0  0  0  0  0  0  0  
1  0  0  1347  0  0  1  0  1  1  0  42  0  0  4  0  6328  47  70  1  0  0  50  0  2686  49026  50  2  41  3  0  0  9983  2894  4  38506  0  3  0  0  0  0  0  45  395  9  0  77436  27759  0  0  322  3  0  238  12140  0  218  156  0  150  0  3  0  238  2  7926  1033  9  0  977  6  21466  10564  0  0  0  0  0  0  0  0  0  0  0  0  0  0  0  0  0  0  0  0  0  0  0  0  0  0  0  0  0  0  0  0  0  0  0  0  0  0  0  0  0  0  0  0  0  0  0  0  0  0  0  0  0  0  0  0  0  0  0  0  0  0  0  0  0  0  0  0  0  0  0  0  0  0  88  75  1264  2446  23574  5933  0  0  0  0  0  0  
0  43600  0  0  0  0  0  0  0  0  17882  0  0  0  0  0  0  0  16388  17287  17  43222  0  0  0  0  0  0  0  0  0  0  0  0  0  0  0  0  0  0  0  0  0  46579  0  0  0  0  0  0  2698  0  0  0  0  0  21186  1378  1  0  384  0  0  0  16  0  0  0  0  0  0  0  0  0  0  0  0  0  0  0  0  0  0  0  2  0  0  0  0  0  0  0  0  0  0  0  0  0  0  0  0  0  0  0  0  0  0  0  0  0  0  0  0  0  0  56  0  0  0  0  0  0  0  0  0  0  0  0  0  0  0  0  0  0  0  0  0  0  0  0  0  0  0  0  0  0  0  0  0  0  0  0  0  0  0  0  0  0  0  0  
0  0  0  0  0  0  0  0  0  0  0  0  0  0  0  0  35  0  0  0  1  0  35144  133  0  0  0  0  0  0  0  0  0  8497  36732  0  31983  27913  0  0  0  0  0  0  0  0  0  1965  0  9756  0  0  0  0  0  0  0  0  2  6678  1545  0  0  0  0  0  0  0  0  0  0  2469  2169  0  0  0  0  0  0  0  0  0  0  0  0  0  0  0  0  0  0  0  0  0  0  0  0  0  0  0  0  0  0  0  0  0  0  0  0  0  0  0  0  0  0  0  0  0  0  0  0  0  0  0  0  0  0  0  0  0  0  0  0  0  0  0  0  0  0  0  0  0  0  0  0  0  0  0  35372  0  4074  0  0  0  0  0  0  0  0  0  
0  816  0  0  0  0  106  288  2673  36368  83145  0  0  0  0  9  0  0  578  20430  1312  112684  8964  0  3  3  28  1  1  18447  0  0  1  0  0  0  0  2  0  0  88  38544  0  0  13  55  0  9  7  0  11590  0  0  2  0  119  6146  16109  2188  0  8393  0  0  0  76112  617  15  0  1  0  1073  60  96  1  0  0  0  0  0  0  0  0  0  0  105  0  0  0  0  0  0  0  0  0  0  17  0  0  0  0  0  0  0  3  0  0  0  0  0  0  0  0  0  0  0  2  0  3  0  0  0  0  0  0  0  0  0  0  0  0  0  0  0  0  0  0  0  0  1  0  0  0  0  0  0  0  0  0  0  2  3612  444  21  4  0  0  0  0  0  0  
8  0  38556  33048  0  2  302  18520  206  30  0  4375  0  0  28  4490  3  4  0  0  0  0  6  0  174  3438  77  167744  176815  25  0  0  2  86  0  178  0  1  0  0  4091  0  0  36  0  64330  0  1166  28980  0  0  2751  13  137  453  1737  0  7  3  0  51  0  0  0  81  1070  117947  30372  54905  0  808  0  1032  6  0  0  0  0  0  0  0  0  0  0  0  0  0  0  0  0  0  0  0  0  0  0  0  0  0  0  0  0  0  0  0  0  0  0  0  0  0  0  0  0  0  0  0  0  0  0  0  0  0  0  0  0  0  0  0  0  0  0  0  0  0  0  0  0  0  0  0  0  0  0  0  0  0  0  3  8572  66  5897  15681  2080  0  0  0  0  0  0  
0  0  44693  0  0  1  182  30495  38124  135  4  0  0  0  0  5094  0  0  1  0  0  0  1  0  10  2  27140  9693  7770  49285  0  0  0  10  0  6  0  0  0  0  204  0  0  92  40342  0  0  18  14  0  0  1  0  35  8  7022  0  27  28  0  3  0  0  0  247  227  21916  29  5077  0  43585  0  94  0  0  0  17  0  0  0  0  0  80  0  1  0  0  0  0  29  0  0  0  0  0  0  0  0  0  0  0  0  0  23  0  0  0  0  0  0  0  0  0  0  0  0  0  0  0  6  0  0  0  0  0  0  0  0  0  0  0  0  0  0  0  0  0  0  0  0  0  0  0  0  42  0  0  0  0  17  1  9  11  3  0  0  0  0  0  0  
12264  0  0  0  1812  1991  0  0  0  0  0  6  4195  884  15  10  556  29855  0  0  0  0  150  39072  0  0  0  0  0  0  0  0  0  0  48  0  0  0  8582  0  0  0  0  0  0  0  0  1  15580  0  0  4918  5745  1  0  0  0  0  0  0  0  2304  5968  19761  0  8  0  0  0  2  0  0  0  0  0  0  0  0  0  0  0  0  0  0  0  0  0  0  0  0  0  0  0  0  0  0  0  0  0  0  0  0  0  0  0  0  0  0  0  0  0  0  0  0  0  0  0  0  0  0  0  0  0  0  0  0  0  0  0  0  0  0  0  0  0  0  0  0  0  0  0  0  0  0  0  0  0  0  6  607  0  0  76256  0  0  0  0  0  0  0  
0  0  0  8  0  0  0  0  0  0  0  16  1  3  0  0  60392  8019  136  0  1  0  2602  15  274  98  1  0  4  0  0  0  40366  66579  61526  141  6  320  0  0  36188  0  3903  4  12  1  6  0  640  3  0  20  0  0  14  308  1  103  74  300  434  0  41  0  23  0  260  88  0  0  58  214  159197  4308  0  0  0  0  0  0  0  0  0  0  0  0  0  0  0  0  0  0  0  0  0  0  0  0  0  0  0  0  0  0  0  0  0  0  0  0  0  0  0  0  0  0  0  0  0  0  0  0  0  0  0  0  0  0  0  0  0  0  0  0  0  0  0  0  0  0  0  0  0  0  0  0  0  0  8183  3  23581  1633  113851  6198  0  0  0  0  0  0  
2665  0  0  37464  870  1671  8  0  0  1  0  35337  19  11546  1327  6  18878  43004  8  0  0  0  9  180  114  14206  7  147  1206  1  0  0  55  50  0  90  0  0  11189  16069  31599  0  0  5  43088  0  11096  2731  0  0  0  55827  3904  87  149  877  0  11  3  0  113  334  1  223  10  58  4271  32920  77  0  52  0  712  19  0  0  0  0  0  0  0  0  0  0  0  0  0  0  0  0  0  0  0  0  0  0  0  0  0  0  0  0  0  0  0  0  0  0  0  0  0  0  0  0  0  0  0  0  0  0  0  0  0  0  0  0  0  0  0  0  0  0  0  0  0  0  0  0  0  0  0  0  0  0  0  0  0  0  6  24392  197  159  140610  140  0  0  0  0  0  0  
0  0  0  0  0  0  0  0  0  0  0  0  0  0  0  0  0  0  0  0  18851  0  3968  0  0  0  0  0  0  0  0  0  0  20  1352  0  70801  4036  0  0  0  0  11570  0  0  0  0  12  0  0  0  0  0  0  0  0  0  0  10  38924  32050  0  0  0  0  0  0  0  0  0  0  2080  1332  0  0  0  0  0  0  0  0  0  0  0  0  0  0  0  0  0  0  0  0  0  0  0  0  0  0  0  0  0  0  0  0  0  0  0  0  0  0  0  0  0  0  0  0  0  0  0  0  0  0  0  0  0  0  0  0  0  0  0  0  0  0  0  0  0  0  0  0  0  0  0  0  0  0  0  2  0  1998  0  0  0  0  0  0  0  0  0  
0  33947  0  0  0  0  0  0  0  0  7  0  0  0  0  0  0  0  164  105  14255  24268  9  0  0  0  0  0  0  0  0  0  0  0  0  0  0  0  0  0  0  3281  0  13448  0  0  0  0  0  0  0  0  0  0  0  0  23295  1044  99  0  26187  0  0  0  55  0  0  0  0  0  0  0  0  0  0  0  0  0  0  0  0  0  0  0  0  0  0  0  0  0  0  0  0  0  0  0  0  0  0  0  0  0  0  0  0  0  0  0  0  0  0  0  0  0  0  0  0  0  0  0  0  0  0  0  0  0  0  0  0  0  0  0  0  0  0  0  0  0  0  0  0  0  0  0  0  0  0  0  0  0  2  0  0  0  0  0  0  0  0  0  
9917  0  0  0  81  596  52  1  0  0  0  23306  112  68602  164263  23  0  14  0  0  0  0  1  263  3  5  0  0  266  0  0  0  2  3  0  5  0  0  15865  11977  93  0  0  0  117  0  800  224  64208  0  0  0  51582  5374  2  5  0  0  0  0  10  3343  1  921  0  229  11  48452  59  0  1  0  21  2  0  0  0  0  0  0  0  0  0  0  0  0  0  0  0  0  0  0  0  0  0  0  0  0  0  0  0  0  0  0  0  0  0  0  0  0  0  0  0  0  0  0  0  0  0  0  0  0  0  0  0  0  0  0  0  0  0  0  0  0  0  0  0  0  0  0  0  0  0  0  0  0  0  0  0  48322  9  2  13850  0  0  0  0  0  0  0  
35788  0  0  0  43807  48261  706  2  0  0  0  4  1  596  190770  25145  0  4  0  0  0  0  0  38  0  0  0  0  0  0  0  0  0  0  0  0  0  0  47  2  0  0  0  0  0  0  1432  0  1229  0  0  65015  0  48263  0  0  0  0  0  0  0  6377  0  50  0  5257  0  36  9  0  0  0  1  0  0  0  0  0  0  0  0  0  0  0  0  0  0  0  0  0  0  0  0  0  0  0  0  0  0  0  0  0  0  0  0  0  0  0  0  0  0  0  0  0  0  0  0  0  0  0  0  0  0  0  0  0  0  0  0  0  0  0  0  0  0  0  0  0  0  1  0  0  0  0  0  0  0  0  0  21014  0  0  1545  0  0  3  0  0  0  0  
19  0  0  0  5  22537  69572  673  51  7  0  0  0  1  80322  199786  0  0  0  0  0  0  0  0  0  0  1  3  82  4  0  0  0  0  0  0  0  0  3  0  0  0  0  11  152  32  0  0  4  0  0  3477  49688  0  0  10  0  1  0  0  0  0  0  0  12  5521  30  6010  26729  0  305  0  0  0  0  0  0  0  0  0  0  0  0  0  0  0  0  0  0  0  0  0  0  0  0  0  0  0  0  0  0  0  0  0  0  0  0  0  0  0  0  0  0  0  0  0  0  0  0  0  0  0  0  0  0  0  0  0  0  0  0  0  0  0  0  0  0  0  0  0  0  0  0  0  0  0  0  0  0  5722  0  2  879  0  0  0  0  0  0  0  
0  0  0  0  0  0  0  0  0  0  0  0  0  0  0  0  2  2  0  0  0  0  0  0  33240  32033  7  1  1  0  0  0  0  23  1  14131  0  2  0  0  1516  0  0  2  16  8  0  162  89  0  0  3  0  0  0  4975  0  23  2  0  13  0  0  0  28  0  306  34  0  0  124  0  32396  0  0  0  0  0  0  0  0  0  0  0  0  0  0  0  0  0  0  0  0  0  0  0  0  0  0  0  0  0  0  0  0  0  0  0  0  0  0  0  0  0  0  0  0  0  0  0  0  0  0  0  0  0  0  0  0  0  0  0  0  0  0  0  0  0  0  0  0  0  0  0  0  0  0  0  1  9  13  35  91  14  0  0  0  0  0  0  
0  0  2  7  0  3  124  108  45  8  0  16  0  0  1  528  4  3  721  7344  8  1  4  0  106394  10535  113954  414  1977  3069  0  0  20  66  0  4416  0  4  0  0  31545  0  0  494  1944  5289  0  1447  1020  0  0  41  1  39  1951  0  2  34681  1121  1  86  0  0  0  62409  80  47020  604  2527  0  19371  23  25430  3  0  0  0  0  0  0  0  0  0  0  0  0  0  0  0  0  0  0  0  0  0  0  0  0  0  0  0  0  0  0  0  0  0  0  0  0  0  0  0  0  0  0  0  0  0  0  0  0  0  0  0  0  0  0  0  0  0  0  0  0  0  0  0  0  0  0  0  0  0  0  0  0  0  0  1  167  107  608  880  222  0  0  0  0  0  0  
0  16599  0  0  0  0  0  0  0  0  1  0  0  0  0  0  0  0  85209  29  8288  779  0  0  0  0  0  0  0  0  0  0  0  0  0  0  2  1  0  0  1  22609  0  2350  0  0  0  0  0  0  24899  0  0  0  0  0  0  3007  8747  2  3633  0  0  0  37  0  2  0  0  0  0  1  46  0  0  0  0  0  0  0  0  0  0  0  0  0  0  0  0  0  0  0  0  0  0  0  0  0  0  0  0  0  0  0  0  0  0  0  0  0  0  0  0  0  0  0  0  0  0  0  0  0  0  0  0  0  0  0  0  0  0  0  0  0  0  0  0  0  0  0  0  0  0  0  0  0  0  0  0  0  0  0  0  0  0  0  0  0  0  0  
0  28  0  1  0  0  0  0  2  0  248  0  0  0  0  0  0  0  80113  51873  571  4680  33  0  13813  32  198  0  4  0  0  0  0  2  0  5  5  0  0  0  1398  1822  0  21988  9  1  0  358  102  0  1635  3  0  0  6  32530  5086  0  12719  4  5392  0  0  0  38126  0  380  30  0  0  89  277  8811  0  0  0  0  0  0  0  0  0  0  0  0  0  0  0  0  0  0  0  0  0  0  0  0  0  0  0  0  0  0  0  0  0  0  0  0  0  0  0  0  0  0  0  0  0  0  0  0  0  0  0  0  0  0  0  0  0  0  0  0  0  0  0  0  0  0  0  0  0  0  0  0  0  0  0  0  31  6  193  348  94  0  0  0  0  0  0  
0  44916  0  0  0  0  0  0  0  0  0  0  0  0  0  0  1  0  26963  106  30438  26  1  0  138  10  1  1  0  0  0  0  3  0  0  1  6980  67  0  0  363  15  0  1683  1  0  0  101  26  1  1732  0  0  0  1  264  11692  12374  0  7650  13793  0  0  0  575  0  126  5  0  0  21  32112  37165  1  0  0  0  0  0  0  0  0  0  0  0  0  0  0  0  0  0  0  0  0  0  0  0  0  0  0  0  0  0  0  0  0  0  0  0  0  0  0  0  0  0  0  0  0  0  0  0  0  0  0  0  0  0  0  0  0  0  0  0  0  0  0  0  0  0  0  0  0  0  0  0  0  0  0  0  16  9  56  93  35  0  0  0  0  0  0  
0  2628  0  0  0  0  0  0  0  0  0  0  0  0  0  0  0  0  21  0  76176  0  8  0  0  0  0  0  0  0  0  0  0  85  212  0  47023  8103  0  0  1  0  505  3  0  0  0  125  0  30128  56  0  0  0  0  0  89  8  11495  0  28063  0  0  0  0  0  0  0  0  0  0  55221  9574  0  0  0  0  0  0  0  0  0  0  0  0  0  0  0  0  0  0  0  0  0  0  0  0  0  0  0  0  0  0  0  0  0  0  0  0  0  0  0  0  0  0  0  0  0  0  0  0  0  0  0  0  0  0  0  0  0  0  0  0  0  0  0  0  0  0  0  0  0  0  0  0  0  0  0  0  0  6380  0  0  0  0  0  0  0  0  0  
0  1551  0  0  0  0  0  0  0  7  43  0  0  0  0  0  1  1  1437  2490  91128  86834  70081  0  31  3  10  0  0  0  0  0  2  35  4594  6  119  2235  0  0  82  369  6461  8678  1  0  0  380  15  25380  24439  2  0  0  2  41  15968  4761  9984  23898  0  0  0  0  1793  0  6  2  0  0  4  17452  6389  0  0  0  0  0  0  0  0  0  0  0  0  0  0  0  0  0  0  0  0  0  0  0  0  0  0  0  0  0  0  0  0  0  0  0  0  0  0  0  0  0  0  1  0  0  0  0  0  0  0  0  0  0  0  0  0  0  0  0  0  0  0  0  0  0  0  0  0  0  0  0  0  0  0  0  411  0  57389  12  18  2  0  0  0  0  0  0  
34711  0  0  0  29  163  0  0  0  0  0  0  2471  35191  28383  1  0  0  0  0  0  0  0  27286  0  0  0  0  0  0  0  0  0  0  0  0  0  0  4494  0  0  0  0  0  0  0  410  0  454  0  0  7820  11261  0  0  0  0  0  0  0  0  0  0  6324  0  1  0  0  0  0  0  0  0  0  0  0  0  0  0  0  0  0  0  0  0  0  0  0  0  0  0  0  0  0  0  0  0  0  0  0  0  0  0  0  0  0  0  0  0  0  0  0  0  0  0  0  0  0  0  0  0  0  0  0  0  0  0  0  0  0  0  0  0  0  0  0  0  0  0  0  0  0  0  0  0  0  0  0  0  198  0  0  337  0  0  0  0  0  0  0  
175  0  0  0  0  4530  0  0  0  0  0  0  1  0  0  0  2234  20455  0  0  0  0  5828  97756  0  0  0  0  0  0  56573  19745  0  0  32  0  0  0  0  0  0  0  0  0  0  0  2372  9  0  0  0  0  0  0  0  0  0  0  0  0  0  12  0  33496  0  10  0  0  0  30969  0  0  0  0  0  0  0  0  0  0  0  0  0  0  0  0  0  0  0  0  0  0  0  0  0  0  0  0  0  0  0  0  0  0  0  0  0  0  0  0  0  0  0  0  0  0  0  0  0  0  0  0  0  0  0  0  0  0  0  0  0  0  0  0  0  0  0  0  0  0  0  0  0  0  0  0  0  0  3009  5100  139  5922  98115  4917  0  0  0  0  0  0  
19152  0  0  0  49  7149  0  0  0  0  0  0  1684  512  5  4  0  2  0  0  0  0  0  163245  0  0  0  0  0  0  20  30  0  0  0  0  0  0  437  0  0  0  2  0  0  0  6524  0  270  0  0  1320  21  0  0  0  0  0  0  0  0  15825  36821  0  0  5  0  0  0  994  0  0  0  0  0  0  0  0  0  0  0  0  0  0  0  0  0  0  0  0  0  0  0  0  0  0  0  0  0  0  0  0  0  0  0  0  0  0  0  0  0  0  0  0  0  0  0  0  0  0  0  0  0  0  0  0  0  0  0  0  0  0  0  0  0  0  0  0  0  0  0  0  0  0  0  0  0  0  51  41078  0  0  5878  68  0  0  0  0  0  0  
0  2  0  0  0  0  131  140  420  127  59497  0  0  0  0  8  0  0  128  31001  41  510  5  0  38  6  27774  1  7  74345  0  0  0  2  0  4  2  0  0  0  602  0  0  81099  33  157  0  73  22  0  30  0  0  2  2  51606  42  23469  3965  0  558  0  0  0  0  103  266  14  9  0  11078  30  590  0  0  0  0  0  0  0  0  0  0  0  3  0  0  0  0  0  0  0  0  0  0  0  0  0  0  0  0  0  0  1  0  0  0  0  0  0  0  0  0  0  0  0  0  0  0  0  0  0  0  0  0  0  0  0  0  0  0  0  0  0  0  0  0  0  0  0  0  0  0  0  0  0  0  0  0  5  5  77  61  15  0  0  0  0  0  0  
285  0  0  0  868  44613  43984  41710  52054  87034  0  0  0  0  299  3196  0  0  0  0  0  0  0  0  0  0  4  10  61  2203  24  17349  0  0  0  0  0  0  0  0  5  0  0  4816  413  77  17  0  70  0  0  454  10131  2196  0  156  0  8  17  0  1  0  7  1  708  0  336  54  771  4395  4767  0  5  0  0  0  0  0  1  1055  102  277  547  5  7  0  0  0  0  1  0  0  0  0  0  2  0  0  0  0  0  0  0  183  2  160  0  0  0  0  0  0  0  0  0  0  0  0  4  0  0  0  0  0  0  0  0  0  0  0  0  0  0  0  0  0  0  0  0  13572  0  1  0  0  67  0  0  0  0  3465  2  2843  74  40  0  731  0  1  0  13  
3  0  16660  722  0  7  350  308  202  29  0  451  0  0  6  1294  23  2  5  4  0  0  0  0  819  100768  33019  142574  8776  254  0  0  8  33  0  6521  0  2  0  0  12874  0  0  44  94939  46167  0  393  12054  0  0  631  6  131  526  57905  1  70  70  0  9  0  0  0  430  717  0  9154  7603  0  9968  1  1535  1  0  0  0  0  0  0  0  0  0  0  0  0  0  0  0  0  0  0  0  0  0  0  0  0  0  0  0  0  0  0  0  0  0  0  0  0  0  0  0  0  0  0  0  0  0  0  0  0  0  0  0  0  0  0  0  0  0  0  0  0  0  0  0  0  0  0  0  0  0  0  0  0  0  0  1  2985  23  8605  9253  3925  0  0  0  0  0  0  
30  0  0  13139  0  17  29  0  1  0  0  78536  0  0  29627  9  1  3  0  0  0  0  1  0  20  95  5  4  118847  0  0  0  0  36  1  64  0  1  0  981  1620  0  0  1  41940  1  0  996  39334  0  0  50639  85  8719  22  426  0  2  0  0  37  0  0  0  1  171  865  0  22220  0  47  0  188  3  0  0  0  0  0  0  0  0  0  0  0  0  0  0  0  0  0  0  0  0  0  0  0  0  0  0  0  0  0  0  0  0  0  0  0  0  0  0  0  0  0  0  0  0  0  0  0  0  0  0  0  0  0  0  0  0  0  0  0  0  0  0  0  0  0  0  0  0  0  0  0  0  0  0  4  4210  48  21  13312  9  0  0  0  0  0  0  
0  0  0  0  0  13  3673  1322  256  29  0  0  0  0  16804  35692  0  0  0  0  0  0  0  0  0  1  11  3  123012  58  0  0  0  1  0  2  0  0  0  0  8  0  0  31  67332  1408  0  0  40  0  0  53  7  32454  0  82  0  0  4  0  0  0  0  0  92  3095  197  18042  0  0  1705  0  0  0  0  0  0  0  0  0  0  0  0  0  0  0  0  0  0  0  0  0  0  0  0  0  0  0  0  0  0  0  0  0  0  0  0  0  0  0  0  0  0  0  0  0  0  0  0  0  0  0  0  0  0  0  0  0  0  0  0  0  0  0  0  0  0  0  0  0  0  0  0  0  0  0  0  0  0  263  0  31  896  18  0  0  0  0  0  0  
29294  0  0  0  12221  65907  0  0  0  0  0  0  0  0  0  4834  0  0  0  0  0  0  0  15207  0  0  0  0  0  0  60489  11869  0  0  0  0  0  0  0  0  0  0  0  0  0  0  0  0  0  0  0  0  0  0  0  0  0  0  0  0  0  0  31966  3298  0  4749  0  0  0  0  0  0  0  0  0  0  0  0  0  17  0  0  0  0  0  0  0  0  0  183  0  0  0  0  0  0  1  0  0  0  0  0  0  0  362  125  0  0  0  0  0  0  0  0  0  0  0  0  0  0  0  0  0  0  0  0  0  0  0  0  0  0  0  0  0  0  1  0  0  65  0  0  0  0  0  0  0  0  0  10089  0  5  526  840  0  0  0  0  0  0  
0  1  255  1  0  0  1179  1206  26777  751  237  1  0  0  1  173  0  0  19  39  6  0  0  0  14  5  5696  42  157  53522  0  0  0  7  0  9  0  0  0  0  288  0  0  1001  879  35938  0  31  19  0  0  2  0  13  7  23513  2  312  649  0  19  0  0  0  18216  769  6666  29  87  0  0  1  211  0  0  0  9  0  0  0  0  0  55  0  19  0  0  0  0  2  0  0  0  1  0  0  0  0  0  0  1  0  0  250  0  0  0  0  0  0  0  0  0  0  0  0  0  0  0  11  0  0  0  0  0  0  0  0  0  0  0  0  0  0  0  0  0  0  0  0  0  0  0  0  94  0  0  0  0  2  0  94  23  9  0  0  0  0  0  0  
0  2945  0  0  0  0  0  0  0  0  0  0  0  0  0  0  0  0  108  0  1955  1  61  0  4  0  0  0  0  0  0  0  0  921  2140  0  157081  133215  0  0  1  0  3405  86  0  0  0  707  2  342  19  0  0  0  0  1  35  23  33779  55506  13219  0  0  0  0  0  0  0  0  0  0  0  50105  0  0  0  0  0  0  0  0  0  0  0  0  0  0  0  0  0  0  0  0  0  0  0  0  0  0  0  0  0  0  0  0  0  0  0  0  0  0  0  0  0  0  0  0  0  0  0  0  0  0  0  0  0  0  0  0  0  0  0  0  0  0  0  0  0  0  0  0  0  0  0  0  0  0  0  2  0  1417  0  0  0  0  0  0  0  0  0  
1  1  0  7  0  0  1  0  2  0  0  4  0  0  0  0  421  176  47657  0  37  0  307  0  113443  10266  35  3  13  10  0  0  27819  129808  21243  36576  555  169376  0  0  25463  0  7514  94  95  19  0  205411  2000  154  0  63  0  0  39200  28543  66  14122  31375  13280  7852  0  0  0  721  0  1881  343  4  0  1568  55941  0  9295  0  0  0  0  0  0  0  0  0  0  0  0  0  0  0  0  0  0  0  0  0  0  0  0  0  0  0  0  0  0  0  0  0  0  0  0  0  0  0  0  0  0  0  0  0  0  0  0  0  0  0  0  0  0  0  0  0  0  0  0  0  0  0  0  0  0  0  0  0  0  0  0  0  0  645  210  21615  684  2215  338  0  0  0  0  0  0  
0  0  0  132  0  0  0  0  0  0  0  0  0  0  0  0  1  0  1  0  0  0  0  0  14  292  0  0  0  0  0  0  38840  17995  0  20298  0  0  0  0  10703  0  0  0  0  0  0  9916  9  0  0  1  0  0  0  21  0  0  0  0  1  0  0  0  0  0  0  6  0  0  1  0  10451  0  0  0  0  0  0  0  0  0  0  0  0  0  0  0  0  0  0  0  0  0  0  0  0  0  0  0  0  0  0  0  0  0  0  0  0  0  0  0  0  0  0  0  0  0  0  0  0  0  0  0  0  0  0  0  0  0  0  0  0  0  0  0  0  0  0  0  0  0  0  0  0  0  0  0  1  0  18  0  1  0  0  0  0  0  0  0  
0  0  0  0  0  0  0  0  0  0  0  0  0  0  0  0  0  0  0  0  0  0  0  0  0  0  0  0  0  0  1  0  0  0  0  0  0  0  0  0  0  0  0  0  0  0  0  0  0  0  0  0  0  0  0  0  0  0  0  0  0  0  0  0  0  0  0  0  0  0  0  0  0  0  0  0  0  0  45986  27569  0  0  0  0  0  31  3  48  12182  13481  0  1  0  0  0  0  0  85166  0  0  0  0  0  0  24032  0  0  0  0  0  0  0  324  82  0  0  0  0  0  0  503  0  67  0  0  145  10805  2  0  0  0  0  0  0  0  3198  116  19501  0  133  0  9  0  1086  0  0  0  0  0  0  0  0  0  0  0  10494  0  0  974  0  
0  0  0  0  0  0  0  0  0  0  0  0  0  0  0  0  0  0  0  0  0  0  0  0  0  0  0  0  0  0  0  0  0  0  0  0  0  0  0  0  0  0  0  0  0  0  0  0  0  0  0  0  0  0  0  0  0  0  0  0  0  0  0  0  0  0  0  0  0  0  0  0  0  0  0  0  0  0  0  0  0  0  0  0  0  0  0  0  0  0  0  0  52466  1  49017  4  0  0  0  0  0  0  0  0  0  0  0  0  0  0  9125  81  0  0  0  32281  0  2  0  0  0  0  0  0  18428  0  0  0  0  0  1835  1  29929  20674  2442  0  0  0  1  0  0  0  0  0  0  451  2  0  0  0  0  0  0  0  0  0  1  12  0  0  
0  0  598  0  0  0  0  1  5  0  0  0  0  0  0  1  0  0  0  0  0  0  0  0  0  0  0  0  0  133  0  0  0  0  0  0  0  0  0  0  0  0  0  0  0  12  0  0  0  0  0  0  0  0  0  0  0  0  0  0  0  0  0  0  0  0  0  0  0  0  27  0  0  0  0  0  0  0  0  0  0  1773  8  0  0  0  0  0  0  32891  0  0  0  0  0  0  0  0  0  0  17786  16879  18783  13919  0  0  0  0  0  0  0  0  0  0  0  0  0  0  60694  34142  0  0  0  0  0  0  0  0  0  0  0  0  0  0  0  0  0  0  0  0  13985  0  27  0  25  0  0  0  0  0  0  0  0  0  0  0  0  0  0  0  
0  0  0  0  0  0  0  0  0  0  0  0  0  0  0  0  0  0  0  0  0  0  0  0  0  0  0  0  0  0  0  0  0  0  0  0  0  0  0  0  0  0  0  0  0  0  0  0  0  0  0  0  0  0  0  0  0  0  0  0  0  0  0  0  0  0  0  0  0  0  0  0  0  0  0  0  0  0  0  0  0  0  30  7  0  46935  0  116  0  0  44  44  0  0  0  0  19  3  0  40392  1  30689  22827  3  0  0  72  29  0  15  0  0  6  2  14266  0  0  0  22723  0  3  17  32662  0  0  0  0  0  4  12  0  0  0  0  0  0  1  0  0  7  473  25045  3  0  39  0  2  2  0  0  0  0  0  0  37  2  0  10  1  290  
0  0  0  0  0  0  0  0  0  0  0  0  0  0  0  0  0  0  0  0  0  0  0  0  0  0  0  0  0  0  0  0  0  0  0  0  0  0  0  0  0  0  0  0  0  0  0  0  0  0  0  0  0  0  0  0  0  0  0  0  0  0  0  0  0  0  0  0  0  0  0  0  0  0  44927  0  0  0  0  53816  31  0  0  0  0  5  0  15  46524  129978  0  0  0  0  0  0  0  123  0  0  0  0  0  0  62  0  0  0  0  0  0  0  23  15  0  0  0  0  0  0  57  0  20  0  0  153  42238  2953  0  0  0  0  0  0  0  221  0  1215  0  217  0  6  0  2  0  0  0  0  0  0  0  0  0  0  0  1447  0  0  87  0  
0  0  0  0  2  4942  1  0  0  0  0  0  0  0  0  15  0  0  0  0  0  0  0  0  0  0  0  0  0  0  5  7  0  0  0  0  0  0  0  0  0  0  0  0  0  0  0  0  0  0  0  0  0  0  0  0  0  0  0  0  0  0  0  0  0  1400  0  0  0  52  0  0  0  0  22092  0  0  0  90462  0  47993  359  33  0  0  5  0  349  17985  144176  0  0  0  0  0  0  0  18115  0  0  0  0  2  0  1816  20676  0  0  0  0  0  0  93  37  0  0  0  0  8  0  298  0  50  0  0  4263  41875  47545  0  0  0  0  0  0  0  3324  7959  8267  0  74915  1  278  9  1166  0  0  0  0  0  0  0  0  0  0  1  74484  0  0  760  55  
0  0  0  0  0  32  109  12  1  0  0  0  0  0  0  23  0  0  0  0  0  0  0  0  0  0  0  0  0  0  0  0  0  0  0  0  0  0  0  0  0  0  0  0  0  0  0  0  0  0  0  0  0  0  0  0  0  0  0  0  0  0  0  0  0  311  0  0  0  0  0  0  0  0  1  0  0  0  93  62175  0  40607  741  0  0  0  0  0  623  106145  0  0  0  0  0  0  0  0  0  0  0  0  10  0  0  0  0  0  0  0  0  0  0  0  0  0  0  0  52  12  0  0  1  0  0  513  533  12753  0  0  0  0  0  0  0  0  0  0  0  35079  0  213  149  0  0  0  0  0  0  0  0  0  0  0  0  148  0  0  1  0  
0  0  2  0  0  15  108  166  36  0  0  0  0  0  0  8  0  0  0  0  0  0  0  0  0  0  0  0  0  0  0  0  0  0  0  0  0  0  0  0  0  0  0  0  0  0  0  0  0  0  0  0  0  0  0  0  0  0  0  0  0  0  0  0  0  1436  0  0  0  0  0  0  0  0  0  0  299  0  0  10927  52816  0  24174  0  0  0  0  1  35  79603  0  0  0  0  0  0  0  0  0  0  2  63  11932  2  0  0  0  0  0  0  0  0  0  0  0  0  0  0  32928  28209  0  0  0  0  0  90  308  1652  0  2  0  0  0  0  0  0  0  0  0  33330  60  38  30083  0  27  0  0  0  0  0  0  0  0  0  0  9  0  0  0  0  
0  0  0  0  0  0  0  14  231  143  0  0  0  0  0  0  0  0  0  0  0  0  0  0  0  0  0  0  0  2  0  0  0  0  0  0  0  0  0  0  0  0  0  0  0  2  0  0  0  0  0  0  0  0  0  0  0  0  0  0  0  0  0  0  0  1341  0  0  0  0  7  0  0  0  0  0  36  0  0  793  315  12227  0  15738  0  0  0  0  5  217  0  3  0  0  0  0  7  0  1  28  96  425  1224  3232  0  0  0  0  0  3  0  0  0  0  15  0  0  2300  4508  35643  0  3  5  0  0  5  21  83  7  273  0  0  0  0  0  0  0  0  702  38526  2113  6  988  0  26639  0  5  0  0  0  0  1  0  0  6  8  0  16  0  42  
0  0  0  0  0  0  0  0  0  112  0  0  0  0  0  0  0  0  0  0  0  0  0  0  0  0  0  0  0  0  0  0  0  0  0  0  0  0  0  0  0  0  0  0  0  0  0  0  0  0  0  0  0  0  0  0  0  0  0  0  0  0  0  0  0  37  0  0  0  0  0  0  0  0  0  0  0  0  0  0  0  2  16763  0  22  0  0  0  0  0  13  74  2  0  0  126  2721  3  2  53  55  115  24  18300  0  0  0  1  0  2  0  0  0  0  212  0  0  32648  898  12  0  165  5  0  0  0  0  0  14  269  1  41  2  0  1  0  0  0  363  29491  1119  1  3  0  4827  0  123  0  0  0  0  2  0  0  5  0  1  839  0  32  
0  0  0  0  0  0  0  0  3  115  2623  0  0  0  0  0  0  0  0  206  0  45  0  0  0  0  0  0  0  87  0  0  0  0  0  0  0  0  0  0  0  5  0  73  0  0  0  0  0  0  0  0  0  0  0  0  0  0  0  0  0  0  0  0  2  22  0  0  0  0  20  0  0  0  0  0  0  0  0  0  0  0  0  9  0  0  0  0  0  0  0  0  0  82890  0  10500  0  0  0  0  485  0  0  7377  0  0  0  0  0  0  0  0  0  0  0  30764  0  104936  0  0  0  0  0  0  0  0  0  0  0  0  0  3300  0  0  3  0  0  0  85812  0  0  0  0  0  0  0  0  0  0  0  0  0  0  0  0  0  0  0  0  0  
0  0  0  0  0  0  0  0  0  0  0  0  0  0  0  0  0  0  0  0  0  0  0  0  0  0  0  0  0  0  0  0  0  0  0  0  0  0  0  0  0  0  0  0  0  0  0  0  0  0  0  0  0  0  0  0  0  0  0  0  0  0  0  0  0  0  0  0  0  0  0  0  0  0  8  0  0  49774  1  5  0  0  1  1  0  0  0  20458  21  0  23  257  0  0  0  0  3  43  0  1666  0  3  5140  0  0  0  153  78  18  1  0  0  1072  30995  16  0  0  0  5005  0  37  53  43163  0  0  15029  6  0  0  0  0  0  0  0  0  17  0  1  0  1  28  38302  0  0  4  0  0  0  0  0  0  0  0  0  4  170  0  2  497  12  
0  0  0  0  0  0  0  0  0  0  0  0  0  0  0  0  0  0  0  0  0  0  0  0  0  0  0  0  0  0  0  0  0  0  0  0  0  0  0  0  0  0  0  0  0  0  0  0  0  0  0  0  0  0  0  0  0  0  0  0  0  0  0  0  0  0  0  0  0  0  0  0  0  0  28  0  0  0  20  23  0  0  0  0  0  1  0  27057  0  0  0  1  0  0  0  0  0  22320  0  0  0  0  0  0  0  0  0  2  0  0  0  0  17875  17  0  0  0  0  0  0  19960  0  20  0  0  67  8  0  0  0  0  0  0  0  0  35577  0  6289  0  6  0  0  0  0  0  0  0  0  0  0  0  0  0  0  0  34  0  0  1  0  
0  0  0  0  0  0  0  0  0  0  0  0  0  0  0  0  0  0  0  0  0  0  0  0  0  0  0  0  0  0  0  0  0  0  0  0  0  0  0  0  0  0  0  0  0  0  0  0  0  0  0  0  0  0  0  0  0  0  0  0  0  0  0  0  0  0  0  0  0  0  0  0  0  0  6  0  0  166  3  46  0  0  0  0  0  21476  26101  0  1253  0  0  20  0  0  0  0  0  113  0  0  0  0  305  0  0  0  0  8  0  0  0  1  48246  18596  0  0  0  0  0  0  433  0  866  0  0  61259  5703  1  0  0  0  0  0  0  0  13524  0  6  0  16  0  11  0  0  0  0  0  0  0  0  0  0  0  0  0  268  0  0  173  0  
0  0  0  0  0  0  0  0  0  0  0  0  0  0  0  0  0  0  0  0  0  0  0  0  0  0  0  0  0  0  0  0  0  0  0  0  0  0  0  0  0  0  0  0  0  0  0  0  0  0  0  0  0  0  0  0  0  0  0  0  0  0  0  0  0  0  0  0  0  0  0  0  0  0  13484  0  0  0  40874  16177  1064  55  21  0  0  18  1  2425  0  30282  0  0  0  0  0  0  0  34999  0  0  0  0  19431  0  0  0  0  0  0  0  0  0  12  12  0  0  0  0  2821  0  12  0  145  0  0  153270  215762  148656  0  0  0  0  0  0  0  35570  0  10  0  1145  2  41474  15534  0  0  0  0  0  0  0  0  0  0  0  0  387  0  0  11  6  
0  0  671  0  0  11  17  126  3  0  0  0  0  0  0  396  0  0  0  0  0  0  0  0  0  0  0  0  0  1  123  0  0  0  0  0  0  0  0  0  0  0  0  0  0  62  0  0  0  0  0  0  0  0  0  0  0  0  0  0  0  0  0  0  0  1  0  0  0  425  1  0  0  0  19379  0  31975  0  111587  162023  91653  97370  108  0  0  0  0  3  22325  0  0  0  0  0  0  0  0  1853  0  0  0  40  21955  4  37729  4560  0  0  0  0  0  0  0  0  0  0  0  0  10699  5308  0  0  3  0  0  21  558  139942  0  0  0  0  0  0  0  6  9358  6  0  395  3  134  38420  13298  0  0  0  0  0  0  0  0  0  0  0  821  0  0  3  4  
0  0  0  0  0  0  0  0  0  0  0  0  0  0  0  0  0  0  0  0  0  0  0  0  0  0  0  0  0  0  0  0  0  0  0  0  0  0  0  0  0  0  0  0  0  0  0  0  0  0  0  0  0  0  0  0  0  0  0  0  0  0  0  0  0  0  0  0  0  0  0  0  0  0  0  0  0  109  0  1  0  0  1  4  0  30  0  2  0  0  0  79486  0  0  0  0  11987  5598  5  34  0  0  1  0  0  122  37  0  12563  7  0  0  1  1  14758  0  8  0  513  1  494  32726  25752  0  0  0  0  2  7  2  0  1  2  0  0  0  52  4  5  42  22  2  35  0  3  0  56  0  0  0  0  0  0  0  483  14  0  981  15394  1517  
0  0  0  0  0  0  0  0  0  0  0  0  0  0  0  0  0  0  0  0  0  0  0  0  0  0  0  0  0  0  0  0  0  0  0  0  0  0  0  0  0  0  0  0  0  0  0  0  0  0  0  0  0  0  0  0  0  0  0  0  0  0  0  0  0  0  0  0  0  0  0  0  0  0  21  0  0  46  20  59  1  0  4  7  0  254  1  40  1  0  51452  0  1  0  0  0  23320  25290  1  21  0  0  2  1  2  4  0  1  2997  6  0  0  24  9  599  0  5  2  301  0  29575  3654  46295  0  0  199  68  5  8  4  0  3  0  0  0  223  764  17  1  80  26  33  20  0  4  0  81  0  0  0  0  0  0  0  52  141  0  1012  76598  25  
0  0  0  0  0  0  0  0  0  0  0  0  0  0  0  0  0  0  0  0  0  0  0  0  0  0  0  0  0  0  0  0  0  0  0  0  0  0  0  0  0  0  0  0  0  0  0  0  0  0  0  0  0  0  0  0  0  0  0  0  0  0  0  0  0  0  0  0  0  0  0  0  0  0  0  49658  0  0  0  0  0  0  0  2  0  0  0  0  0  0  0  3  0  12226  3116  2  297  0  28595  64  44  0  0  2  0  0  0  0  4  2  418  37  0  0  34  22276  8  443  1  1  0  219  1  0  3675  0  0  0  13  4767  135115  97377  50656  790  4472  0  0  0  273  1  0  0  0  0  5  26  55183  0  0  0  0  0  0  0  99  1  124  36  0  3  
0  0  0  0  0  0  0  0  0  0  48  0  0  0  0  0  0  0  0  40  0  0  0  0  0  0  0  0  0  0  0  0  0  0  0  0  0  0  0  0  0  0  0  0  0  0  0  0  0  0  0  0  0  0  0  0  0  0  0  0  0  0  0  0  0  0  0  0  0  0  0  0  0  0  0  0  0  0  0  0  0  0  0  1  71265  0  0  0  0  0  0  0  11098  0  0  475  1  0  319  5  45217  0  0  172  0  0  0  0  0  0  0  0  0  0  2  23446  0  31293  1  0  0  0  1  0  496  0  0  0  0  9919  4180  87918  2  0  1364  0  0  0  31261  0  0  0  0  0  1  0  6  0  0  0  0  0  0  0  0  0  0  0  0  0  
0  0  0  0  0  0  0  0  0  0  0  0  0  0  0  0  0  0  0  0  0  0  0  0  0  0  0  0  0  0  0  0  0  0  0  0  0  0  0  0  0  0  0  0  0  0  0  0  0  0  0  0  0  0  0  0  0  0  0  0  0  0  0  0  0  0  0  0  0  0  0  0  0  0  0  47224  0  0  0  0  0  0  0  0  0  0  0  0  0  0  0  0  1618  0  0  2329  1089  0  54  0  1  0  0  0  0  1  0  0  0  0  6353  1  0  0  1  214  6  44  0  1  0  4  0  23995  18646  0  0  0  0  36  1501  151  8750  79251  53562  0  0  0  18  0  0  0  0  0  0  115  129  0  0  0  0  0  0  0  0  0  8  80  0  1  
0  0  0  0  0  0  0  0  0  38  694  0  0  0  0  0  0  0  0  156  1  877  0  0  0  0  0  0  0  4  0  0  0  0  0  0  0  0  0  0  0  2  0  6  0  0  0  0  0  0  0  0  0  0  0  0  0  0  0  0  1  0  0  0  0  9  0  0  0  0  0  0  0  0  0  3  0  0  0  0  0  0  0  76  6826  0  0  0  0  0  0  0  2  1018  766  0  20966  0  1  0  25  0  0  257  0  0  0  0  0  0  0  0  0  0  0  69896  0  104137  0  0  0  3  0  0  25892  0  0  0  0  58  526  3801  20  0  117347  0  0  0  1224  0  0  0  0  0  0  0  0  0  0  0  0  6  0  0  0  0  0  423  0  0  
0  0  0  0  0  0  0  0  0  0  0  0  0  0  0  0  0  0  0  0  0  0  0  0  0  0  0  0  0  0  0  0  0  0  0  0  0  0  0  0  0  0  0  0  0  0  0  0  0  0  0  0  0  0  0  0  0  0  0  0  0  0  0  0  0  0  0  0  0  0  0  0  0  0  1  7  0  2  0  7  0  0  52  4521  0  0  0  0  0  0  17735  39540  69  1  2695  9833  0  12402  28  48  5  2  0  14  35  7900  0  0  20722  2  193  0  0  0  2344  1  32689  6476  44  5  950  16413  3  18306  1  0  0  0  25  61  84  66  1556  44  53297  0  15556  329  35  2220  56  0  1  0  176  24  1537  0  0  0  0  0  0  0  37294  168  27267  7074  10603  1234  
0  0  0  0  0  0  0  0  0  0  0  0  0  0  0  0  0  0  0  0  0  0  0  0  0  0  0  0  0  0  1  0  0  0  0  0  0  0  0  0  0  0  0  0  0  0  0  0  0  0  0  0  0  0  0  0  0  0  0  0  0  0  0  0  0  0  0  0  0  0  0  0  0  0  91262  0  0  5  117  15768  0  0  0  0  0  38  21676  75  38203  1197  2257  38640  0  0  0  0  14657  0  0  0  0  0  0  0  19234  465  0  14  51  0  0  0  24  1  26  0  19  0  0  0  51888  66  1  0  0  13  1987  0  0  1  0  0  0  0  0  55792  78582  127078  0  23  0  0  0  2156  0  0  1  0  0  0  0  0  0  0  22  10439  0  25  11147  72  
0  0  0  0  0  0  0  0  0  0  0  0  0  0  0  0  0  0  0  0  0  0  0  0  0  0  0  0  0  0  0  0  0  0  0  0  0  0  0  0  0  0  0  0  0  0  0  0  0  0  0  0  0  0  0  0  0  0  0  0  0  0  0  0  0  0  0  0  0  0  0  0  0  0  0  2  0  1  0  0  0  0  7  6  0  0  0  0  0  0  1  20  32477  550  63  0  67  0  0  1256  979  1  0  38  0  0  0  1  8  90  0  5656  0  1  325  0  14  142  58  20  0  699  6  1  11  0  0  0  52385  107147  36  5087  399  5  275  0  0  0  857  4  313  1  1  0  114  0  199423  0  0  0  0  0  0  0  166  1  41  27  0  198  
0  0  0  0  0  0  0  0  0  0  0  0  0  0  0  0  0  0  0  0  0  0  0  0  0  0  0  0  0  0  0  0  0  0  0  0  0  0  0  0  0  0  0  0  0  0  0  0  0  0  0  0  0  0  0  0  0  0  0  0  0  0  0  0  0  0  0  0  0  0  0  0  0  0  0  0  0  40952  0  0  0  0  79  18  0  762  0  1  1  1  25  173  0  1  0  0  471  0  268  0  12  23735  4  12  0  6  1366  2602  0  111432  0  0  0  2  56638  0  0  0  47413  0  0  216  4982  0  0  1  0  0  43045  126  0  12  0  0  0  0  3  0  15  27  87556  177  46  0  126  0  8792  33  0  0  0  0  0  0  238  4  0  38  13  2089  
0  0  0  0  0  0  0  0  0  0  0  0  0  0  0  0  0  0  0  0  0  0  0  0  0  0  0  0  0  21  0  0  0  0  0  0  0  0  0  0  0  0  0  0  0  0  0  0  0  0  0  0  0  0  0  0  0  0  0  0  0  0  0  0  0  0  0  0  0  0  0  0  0  0  0  0  15843  0  0  1  0  2  132  8  681  0  0  0  0  0  0  6  3  39792  1  40  8  0  1178  97  0  891  21  115782  0  0  0  0  0  5  0  0  0  0  47  5  0  504  102  26236  0  9  7  0  2  0  0  0  65  134280  0  288  0  0  32  0  0  0  36347  3  46221  0  3  0  1409  0  240  0  0  0  0  0  0  0  4  6  0  2  0  43  
0  0  0  0  0  0  0  0  0  0  0  0  0  0  0  0  0  0  0  0  0  0  0  0  0  0  0  0  0  0  0  0  0  0  0  0  0  0  0  0  0  0  0  0  0  0  0  0  0  0  0  0  0  0  0  0  0  0  0  0  0  0  0  0  0  0  0  0  0  0  0  0  0  0  0  0  17054  35523  0  4  4  29  1145  98  0  7  0  0  0  8  0  0  0  0  0  0  2  0  0  44528  984  0  1918  59  0  0  0  0  0  2  0  0  0  0  2  0  0  0  114751  12212  0  0  8  0  0  0  0  0  1  251  0  0  0  0  0  0  0  0  0  32  137020  2  18  0  132  0  0  0  0  0  0  0  0  0  3  2  0  0  0  10  
0  0  0  0  0  0  0  0  0  0  0  0  0  0  0  0  0  0  0  0  0  0  0  0  0  0  0  0  0  0  0  0  0  0  0  0  0  0  0  0  0  0  0  0  0  0  0  0  0  0  0  0  0  0  0  0  0  0  0  0  0  0  0  0  0  0  0  0  0  0  0  0  0  0  0  0  20453  22312  0  97  26  19113  243  1  0  2114  0  404  16209  22861  0  0  0  0  0  0  3  0  0  4  7  1351  0  1  0  0  0  0  0  0  0  0  96  369  0  0  0  0  155937  162  1  0  177  0  0  611  3106  504  0  19  0  0  0  0  0  1  0  0  0  201  66  119471  76295  0  7  0  0  0  0  0  0  0  0  0  9  223  0  3  8  11  
0  0  0  0  0  0  0  0  73  2858  85  0  0  0  0  0  0  0  0  0  0  2  0  0  0  0  6  0  0  1013  0  0  0  0  0  0  0  0  0  0  0  0  0  0  0  24  0  0  0  0  0  0  0  0  0  0  0  0  0  0  0  0  0  0  1  754  0  0  0  0  317  0  0  0  0  0  13584  0  0  1  0  1  4417  15988  14360  0  0  0  0  0  0  2  0  132  0  228  3  0  6  53  132309  159  2  0  0  0  0  0  0  7  0  0  0  0  13  0  0  6537  144  39930  0  1  4  0  0  0  0  0  15  14492  0  14  1  0  0  0  0  0  69554  367  1952  1  1  0  111881  0  45  0  0  0  0  2  0  0  4  1  0  2  0  18  
0  0  0  0  0  1  0  0  0  0  0  0  0  0  0  0  0  0  0  0  0  0  0  0  0  0  0  0  0  0  285  2  0  0  0  0  0  0  0  0  0  0  0  0  0  0  0  0  0  0  0  0  0  0  0  0  0  0  0  0  0  0  0  0  0  1  0  0  0  350  0  0  0  0  30733  0  0  0  42  2452  0  0  0  0  0  0  0  0  0  39217  2  5  0  0  0  0  339  19810  0  0  0  0  0  0  0  27658  0  0  0  0  0  0  0  0  0  0  0  0  0  0  5  3  0  0  0  0  0  0  0  0  0  0  0  0  0  0  46961  3  0  0  0  0  0  18055  0  0  0  0  0  0  0  0  0  0  2  156  0  9  509  114  
0  0  0  0  0  4  0  0  0  0  0  0  0  0  0  80  0  0  0  0  0  0  0  0  0  0  0  0  0  0  13  92  0  0  0  0  0  0  0  0  0  0  0  0  0  0  0  0  0  0  0  0  0  0  0  0  0  0  0  0  0  0  0  0  0  257  0  0  0  83  0  0  0  0  0  0  0  0  0  16942  0  0  0  0  0  0  0  0  0  4117  546  20  0  0  0  0  9461  145  0  0  1  0  0  1  25373  0  0  0  0  0  0  0  0  0  322  0  0  0  2  0  38  834  1  0  0  0  0  0  0  1  0  0  0  0  0  0  35635  25  0  9206  1  0  1  3  1  0  0  0  0  3  0  22  0  1  1505  11377  1  1424  6347  14951  
0  0  0  0  0  0  0  0  0  0  0  0  0  0  0  0  0  0  0  0  0  0  0  0  0  0  0  0  0  0  0  0  0  0  0  0  0  0  0  0  0  0  0  0  0  0  0  0  0  0  0  0  0  0  0  0  0  0  0  0  0  0  0  0  0  0  0  0  0  0  0  0  0  0  0  0  0  79  0  0  0  0  0  0  0  130  0  0  0  0  18  1  0  0  0  0  0  0  0  744  0  0  0  0  0  0  0  23542  3493  13060  0  0  0  0  21457  0  0  0  0  0  0  27622  2  0  0  0  0  0  9  0  0  0  0  0  0  0  0  0  0  0  0  0  0  0  0  0  14795  49841  0  0  0  0  0  0  0  0  0  2  0  3  
0  0  0  0  0  0  0  0  0  0  0  0  0  0  0  0  0  0  0  0  0  0  0  0  0  0  0  0  0  0  0  0  0  0  0  0  0  0  0  0  0  0  0  0  0  0  0  0  0  0  0  0  0  0  0  0  0  0  0  0  0  0  0  0  0  0  0  0  0  0  0  0  0  0  0  0  0  40  0  0  0  0  0  4  0  73  6  6  0  0  1  0  0  0  0  0  1  22  1  2634  0  0  1  0  0  0  26284  0  44904  42204  48  31948  0  0  257  0  14672  1  0  0  1  14500  0  0  0  0  0  0  7  1  0  1  0  0  0  0  0  0  4  2  1  1  0  0  0  548  105983  7013  0  0  0  0  0  0  4  0  0  87  0  2  
0  0  0  0  0  0  0  0  0  0  0  0  0  0  0  0  0  0  0  0  0  0  0  0  0  0  0  0  0  0  0  0  0  0  0  0  0  0  0  0  0  0  0  0  0  0  0  0  0  0  0  0  0  0  0  0  0  0  0  0  0  0  0  0  0  0  0  0  0  0  0  0  0  0  0  0  0  1  0  0  0  0  0  0  0  9  1  0  0  0  13077  5650  7  0  0  0  22533  215  5  0  0  0  0  0  0  0  3606  40242  0  1  4  2221  0  0  7  0  33047  1  0  0  1  51894  0  144  0  0  0  0  0  3  0  9  13  7  1  0  0  0  2  0  0  0  0  0  0  805  33735  0  0  0  0  0  0  0  745  0  3  124  0  0  
0  0  0  0  0  0  0  0  0  0  0  0  0  0  0  0  0  0  0  0  0  0  0  0  0  0  0  0  0  0  0  0  0  0  0  0  0  0  0  0  0  0  0  0  0  0  0  0  0  0  0  0  0  0  0  0  0  0  0  0  0  0  0  0  0  0  0  0  0  0  0  0  0  0  0  0  0  16  0  0  0  0  1  4  0  0  0  0  0  0  4  4  0  0  0  0  19  0  9  88309  1  0  0  1  0  1  11039  51177  0  0  0  0  0  0  23165  0  0  1  295  1  0  7515  18  0  0  0  0  0  2894  20  0  1  0  0  0  0  0  0  3  1  2989  0  0  0  10  0  24833  31192  0  0  0  0  0  0  26  0  0  1  1  173  
0  0  0  0  0  0  0  0  0  0  0  0  0  0  0  0  0  0  0  0  0  0  0  0  0  0  0  0  0  0  0  0  0  0  0  0  0  0  0  0  0  0  0  0  0  0  0  0  0  0  0  0  0  0  0  0  0  0  0  0  0  0  0  0  0  0  0  0  0  0  0  0  0  0  0  7095  0  0  0  0  0  0  0  0  0  0  0  0  0  0  0  0  801  0  5559  0  536  0  1  0  0  0  0  0  0  0  0  21  53  0  0  21630  0  0  0  0  24633  0  0  0  0  9  0  80949  0  0  0  0  0  0  0  0  6005  66959  23  0  0  0  0  0  0  0  0  0  0  145685  3239  0  0  0  0  0  0  0  1  0  22  0  0  0  
0  0  0  0  0  0  0  0  0  0  0  0  0  0  0  0  0  0  0  0  0  0  0  0  0  0  0  0  0  0  0  0  0  0  0  0  0  0  0  0  0  0  0  0  0  0  0  0  0  0  0  0  0  0  0  0  0  0  0  0  0  0  0  0  0  0  0  0  0  0  0  0  0  0  0  38  0  0  0  0  0  0  0  0  0  0  0  0  0  0  0  0  44  0  0  0  1  1  5764  0  0  0  0  0  0  0  0  21183  4259  0  14213  0  0  0  0  0  28202  0  0  0  0  1252  0  1242  0  0  0  0  0  2  0  0  9319  2851  327  0  0  0  0  0  0  0  0  0  0  122244  174282  0  0  0  0  0  0  0  49  0  807  0  0  0  
0  0  0  0  0  0  0  0  0  0  0  0  0  0  0  0  0  0  0  0  0  0  0  0  0  0  0  0  0  0  0  0  0  0  0  0  0  0  0  0  0  0  0  0  0  0  0  0  0  0  0  0  0  0  0  0  0  0  0  0  0  0  0  0  0  0  0  0  0  0  0  0  0  0  1138  0  0  7  357  493  0  0  0  0  0  1487  22246  57935  2  0  0  18  0  0  0  0  0  22  0  0  0  0  195  0  0  0  0  0  0  0  0  0  0  14565  0  0  0  0  0  0  5387  0  18538  0  0  911  226  1  0  0  0  0  0  0  0  7553  0  1397  0  120  0  26  0  0  0  0  0  0  0  0  0  0  0  0  0  1252  0  0  325  0  
0  0  0  0  0  0  0  0  0  0  0  0  0  0  0  0  0  0  0  0  0  0  0  0  0  0  0  0  0  0  0  0  0  0  0  0  0  0  0  0  0  0  0  0  0  0  0  0  0  0  0  0  0  0  0  0  0  0  0  0  0  0  0  0  0  0  0  0  0  0  0  0  0  0  44  0  0  0  12  22  0  0  0  0  0  35526  9  26998  1  0  0  1  0  0  0  0  0  1  0  0  0  0  966  0  0  0  0  0  0  0  0  0  17052  0  0  0  0  0  9  0  7  0  27446  0  0  7893  123  1  0  0  0  0  0  0  0  136  0  10  0  8  0  638  0  0  0  0  0  0  0  0  0  0  0  0  0  1271  0  0  1306  3  
0  0  0  0  0  0  0  0  0  0  0  0  0  0  0  0  0  0  0  0  0  0  0  0  0  0  0  0  0  0  0  0  0  0  0  0  0  0  0  0  0  0  0  0  0  0  0  0  0  0  0  0  0  0  0  0  0  0  0  0  0  0  0  0  0  0  0  0  0  0  0  0  0  0  0  0  0  16038  0  0  1  1  842  282  0  39  0  0  0  0  12572  5775  1  0  2  1  8285  61  96  67869  155  33  8  287  0  400  28588  1658  5  27543  0  0  0  4  0  0  2  43  2259  75  11  34187  19359  0  0  2  0  2  21804  1830  1  67  4  0  1  1  70  0  244  816  11677  58  52  0  1752  0  68510  14785  0  0  0  0  0  0  1147  44  0  4139  1371  28045  
0  0  0  0  0  0  0  0  0  0  671  0  0  0  0  0  0  0  0  379  1  29  0  0  0  0  0  0  0  0  0  0  0  0  0  0  0  0  0  0  0  11  0  4  0  0  0  0  0  0  0  0  0  0  0  0  0  0  0  0  4  0  0  0  0  0  0  0  0  0  0  0  0  0  0  34951  0  0  0  0  0  0  0  0  34422  0  0  0  0  0  0  0  19924  25082  70  53406  4  0  0  0  8  0  0  0  0  0  0  0  0  0  0  0  0  0  0  0  0  58690  0  0  0  0  0  0  30948  0  0  0  0  12  21213  1347  123  0  9499  0  0  0  263  0  0  0  0  0  0  0  0  0  0  0  0  0  0  0  0  0  0  1  0  0  
0  0  0  0  0  0  0  0  0  0  0  0  0  0  0  0  0  0  0  0  0  0  0  0  0  0  0  0  0  0  0  0  0  0  0  0  0  0  0  0  0  0  0  0  0  0  0  0  0  0  0  0  0  0  0  0  0  0  0  0  0  0  0  0  0  0  0  0  0  0  0  0  0  0  0  0  0  0  0  0  0  0  0  0  0  0  0  0  0  0  0  1  10  0  4  0  35119  16  3  0  0  0  0  0  0  0  0  15251  35219  0  26046  38969  0  0  1  0  0  1  0  0  0  7600  0  21135  0  0  0  0  0  0  0  7  30  215  4  0  0  0  1  0  0  0  0  0  0  6557  10029  0  0  0  0  0  0  0  13011  0  52  4  0  0  
0  0  0  0  0  0  0  0  0  0  32  0  0  0  0  0  0  0  0  10  0  1  0  0  0  0  0  0  0  0  0  0  0  0  0  0  0  0  0  0  0  0  0  1  0  0  0  0  0  0  0  0  0  0  0  0  0  0  0  0  0  0  0  0  0  0  0  0  0  0  0  0  0  0  0  3  0  0  0  0  0  0  7653  27193  105028  0  0  0  0  0  0  0  237  24530  289  115339  16439  0  195  124  199  1  0  9634  0  0  0  0  0  13  0  0  0  0  61  53343  0  0  16  6  0  12  0  0  1947  0  0  0  16  585  7352  27089  568  9  12798  0  0  0  88621  72  96  0  1  0  7792  0  498  0  0  0  0  2  0  0  3  0  2  340  0  12  
0  0  0  0  0  0  0  0  0  0  0  0  0  0  0  0  0  0  0  0  0  0  0  0  0  0  0  0  0  0  0  0  0  0  0  0  0  0  0  0  0  0  0  0  0  0  0  0  0  0  0  0  0  0  0  0  0  0  0  0  0  0  0  0  0  0  0  0  0  0  0  0  0  0  1  0  52553  31260  1  332  107  30542  7006  418  0  3680  0  14  133  7394  29  113  0  0  0  0  733  5  5  64098  282  118917  140798  48  0  16  0  0  0  263  0  0  1  229  502  0  0  3  0  59173  0  8  26747  0  0  88  31  615  41  423  0  6  3  0  3  3  4  1  20  1888  100574  50121  65075  0  766  0  32  0  0  0  0  0  0  0  1387  2528  1  654  512  8312  
0  0  2  0  0  0  0  1  48  1  0  0  0  0  0  0  0  0  0  0  0  0  0  0  0  0  0  0  0  3  0  0  0  0  0  0  0  0  0  0  0  0  0  0  0  2  0  0  0  0  0  0  0  0  0  0  0  0  0  0  0  0  0  0  0  2  0  0  0  0  13  0  0  0  0  0  29670  0  0  58  34  27330  43445  85  0  0  0  0  0  3662  0  1  0  0  0  0  3  0  10  4  22316  11078  1771  40210  0  0  0  0  0  1  0  0  0  0  2  0  0  3  47250  0  0  1  4  0  0  0  4  33  10  25359  0  2  0  0  0  0  0  0  223  139  36706  0  1393  0  35343  0  17  0  0  0  0  0  0  0  4  15  0  1  0  25  
0  0  0  0  0  0  0  0  0  0  0  0  0  0  0  0  0  0  0  0  0  0  0  0  0  0  0  0  0  0  0  0  0  0  0  0  0  0  0  0  0  0  0  0  0  0  0  0  0  0  0  0  0  0  0  0  0  0  0  0  0  0  0  0  0  0  0  0  0  0  0  0  0  0  5223  0  0  10  2519  2823  0  0  0  0  0  51  19465  568  2  0  32  25948  0  0  0  0  93  36828  0  0  0  0  0  0  4  34  0  1  0  0  0  0  5363  55  2  0  0  0  3  0  0  7  7101  0  0  342  962  6  0  0  0  0  0  0  0  15588  3130  45402  0  594  0  27  0  0  0  0  0  0  0  0  0  0  0  0  0  4542  0  0  41865  16  
0  0  0  0  0  0  0  0  0  0  0  0  0  0  0  0  0  0  0  0  0  0  0  0  0  0  0  0  0  0  0  0  0  0  0  0  0  0  0  0  0  0  0  0  0  0  0  0  0  0  0  0  0  0  0  0  0  0  0  0  0  0  0  0  0  0  0  0  0  0  0  0  0  0  0  0  0  13  0  0  0  1  3  164  0  16  0  0  0  0  54942  25896  260  2  12  1  10154  430  129  251  12  0  0  10  1  125  27845  12667  53672  4004  0  1012  0  0  24054  0  7739  58  12  0  6  0  3  16  4  0  0  0  66  120  15  286  280  7  37  0  45  3  332  243  4  0  0  0  17  487  139455  4030  0  0  0  0  0  0  5756  10  42  11587  359  834  
0  0  0  0  0  0  0  0  0  0  0  0  0  0  0  0  0  0  0  0  0  0  0  0  0  0  0  0  0  0  0  0  0  0  0  0  0  0  0  0  0  0  0  0  0  0  0  0  0  0  0  0  0  0  0  0  0  0  0  0  0  0  0  0  0  0  0  0  0  0  0  0  0  0  593  0  0  22648  239  899  10  5  319  77  0  39048  7  3601  32  26  19191  47489  0  0  0  0  210  6  2  5381  27  27  38  15  0  7  7  0  0  21  0  0  20175  29028  14154  0  0  1  44705  3  7890  5  0  0  0  13729  610  260  20  100  0  1  0  0  0  2108  2  175  8  436  3946  29582  826  0  362  0  5  0  0  0  0  0  0  0  339  4642  0  91  54563  3928  
0  0  0  0  0  0  0  0  0  0  0  0  0  0  0  0  0  0  0  0  0  0  0  0  0  0  0  0  0  0  0  0  0  0  0  0  0  0  0  0  0  0  0  0  0  0  0  0  0  0  0  0  0  0  0  0  0  0  0  0  0  0  0  0  0  0  0  0  0  0  0  0  0  0  0  0  0  0  0  0  0  0  0  0  0  0  0  0  0  0  0  0  1  0  21895  0  19417  0  0  0  0  0  0  0  0  0  0  1  288  0  74649  7440  0  0  0  0  34140  0  0  0  0  37  0  0  0  0  0  0  0  0  0  0  29  20545  15593  0  0  0  0  0  0  0  0  0  0  4958  5733  0  0  0  0  0  0  0  5992  0  2866  0  0  0  
0  0  0  0  0  0  0  0  0  0  0  0  0  0  0  0  0  0  0  0  0  0  0  0  0  0  0  0  0  0  0  0  0  0  0  0  0  0  0  0  0  0  0  0  0  0  0  0  0  0  0  0  0  0  0  0  0  0  0  0  0  0  0  0  0  0  0  0  0  0  0  0  0  0  0  21954  0  0  0  0  0  0  0  0  2  0  0  0  0  0  0  0  1999  853  23068  33285  9  0  4  0  11  0  0  0  0  0  0  0  0  0  0  0  0  0  0  34783  0  1219  0  0  0  0  0  0  0  0  0  0  0  20  21254  1340  2244  12  36125  0  0  0  388  0  0  0  0  0  0  1  13  0  0  0  0  0  0  0  0  0  0  0  0  0  
0  0  0  0  0  0  0  0  0  0  0  0  0  0  0  0  0  0  0  0  0  0  0  0  0  0  0  0  0  0  0  0  0  0  0  0  0  0  0  0  0  0  0  0  0  0  0  0  0  0  0  0  0  0  0  0  0  0  0  0  0  0  0  0  0  0  0  0  0  0  0  0  0  0  97  0  0  0  165  1467  747  40  8  0  0  15074  18  72049  141540  104  0  66  0  0  0  0  1  7  0  0  0  0  809  0  0  0  0  0  0  0  0  0  1713  9063  1  0  0  0  53  0  57  0  3260  0  0  0  65857  4819  0  0  0  0  0  0  0  22872  0  28  0  1636  0  49825  109  0  0  0  0  0  0  0  0  0  0  0  0  25455  0  0  10313  198  
0  0  0  0  0  0  0  0  0  0  0  0  0  0  0  0  0  0  0  0  0  0  0  0  0  0  0  0  0  0  0  0  0  0  0  0  0  0  0  0  0  0  0  0  0  0  0  0  0  0  0  0  0  0  0  0  0  0  0  0  0  0  0  0  0  0  0  0  0  0  0  0  0  0  11938  0  0  0  75312  33236  541  33  5  0  0  24  3  4947  219379  650  0  0  0  0  0  0  0  1562  0  0  0  1  628  0  0  0  0  0  0  0  0  0  296  141  0  0  0  0  14  0  255  0  124  0  0  91070  0  56275  0  0  0  0  0  0  0  31185  0  4852  0  12263  1  252  7  0  0  0  0  0  0  0  0  0  0  0  0  6112  0  0  274  1  
0  0  0  0  0  0  0  0  0  0  0  0  0  0  0  0  0  0  0  0  0  0  0  0  0  0  0  0  0  0  0  0  0  0  0  0  0  0  0  0  0  0  0  0  0  0  0  0  0  0  0  0  0  0  0  0  0  0  0  0  0  0  0  0  0  0  0  0  0  0  0  0  0  0  4  0  0  0  2055  51536  8035  2752  491  0  0  0  0  1  133276  177481  0  0  0  0  0  0  0  0  0  0  0  3  876  0  0  0  0  0  0  0  0  0  0  0  1  0  0  0  666  130  0  0  34  0  0  3043  52339  0  0  1  0  0  0  0  0  21  0  1  0  2387  3  11774  33706  0  0  0  0  0  0  0  0  0  0  0  0  4957  0  0  4  11  
0  0  0  0  0  0  0  0  0  0  0  0  0  0  0  0  0  0  0  0  0  0  0  0  0  0  0  0  0  0  0  0  0  0  0  0  0  0  0  0  0  0  0  0  0  0  0  0  0  0  0  0  0  0  0  0  0  0  0  0  0  0  0  0  0  0  0  0  0  0  0  0  0  0  0  0  0  10  0  0  0  0  66  2  0  7  0  0  1  0  6  95  0  0  0  0  486  2  53397  39958  20  2  0  29  0  6  1  0  0  2872  0  0  0  2  14488  0  0  3  533  18  0  11  182  0  0  2  0  1  0  17098  0  7  0  0  0  0  0  0  29  3  29107  26  31  0  217  0  21402  0  0  0  0  0  0  0  360  5  0  51  1  3014  
0  0  0  0  0  0  0  0  0  0  0  0  0  0  0  0  0  0  0  0  0  0  0  0  0  0  0  0  0  0  0  0  0  0  0  0  0  0  0  0  0  0  0  0  0  0  0  0  0  0  0  0  0  0  0  0  0  0  0  0  0  0  0  0  0  0  0  0  0  0  0  0  0  0  0  0  0  12  0  2  3  7  1198  115  5  3  0  0  0  2  11  124  2300  15355  7  40  389  3  131263  5615  147387  281  69  11981  0  1  0  0  7  556  0  0  0  8  1906  7  3  632  1284  11535  0  671  151  0  10  0  0  0  17415  0  11  27338  35  3  63  0  0  0  39802  38  50347  13  59  0  8789  0  32597  0  0  0  0  0  0  0  274  46  41  46  2  1419  
0  0  0  0  0  0  0  0  0  0  0  0  0  0  0  0  0  0  0  0  0  0  0  0  0  0  0  0  0  0  0  0  0  0  0  0  0  0  0  0  0  0  0  0  0  0  0  0  0  0  0  0  0  0  0  0  0  0  0  0  0  0  0  0  0  0  0  0  0  0  0  0  0  0  0  1603  0  0  0  0  0  0  0  0  0  0  0  0  0  0  0  0  131517  10726  3620  368  62  0  23  0  1  0  0  0  0  0  0  0  0  0  0  0  0  0  0  20851  1  3520  0  0  0  9  0  0  17948  0  0  0  0  4  0  29288  1573  43  4889  0  0  0  147  0  0  0  0  0  0  0  4878  0  0  0  0  0  0  0  7  0  15  6  0  0  
0  0  0  0  0  0  0  0  0  0  0  0  0  0  0  0  0  0  0  0  0  0  0  0  0  0  0  0  0  0  0  0  0  0  0  0  0  0  0  0  0  0  0  0  0  0  0  0  0  0  0  0  0  0  0  0  0  0  0  0  0  0  0  0  0  0  0  0  0  0  0  0  0  0  0  20  0  2  0  0  0  0  0  11  1945  0  0  0  0  0  4  15  105324  96717  396  3587  168  1  4720  921  810  0  0  21  0  0  0  1  5  79  0  0  0  0  276  2639  1  45114  36  4  0  553  0  0  1355  0  0  0  164  32457  18401  0  3166  274  6874  0  0  0  54232  1  5  0  0  0  33  0  12657  0  0  0  0  0  0  0  63  0  31  54  0  46  
0  0  0  0  0  0  0  0  0  0  0  0  0  0  0  0  0  0  0  0  0  0  0  0  0  0  0  0  0  0  0  0  0  0  0  0  0  0  0  0  0  0  0  0  0  0  0  0  0  0  0  0  0  0  0  0  0  0  0  0  0  0  0  0  0  0  0  0  0  0  0  0  0  0  0  29760  0  0  0  0  0  0  0  0  0  0  0  0  0  0  0  0  59709  2  21036  3  599  0  477  6  2  0  0  3  0  0  0  0  2  1  4728  10694  0  0  8  13  6  1165  0  1  0  99  0  3  7074  0  0  0  3  75  2092  7349  0  6376  26248  0  0  0  772  0  0  0  0  0  0  19862  44852  0  0  0  0  0  0  0  145  0  451  69  0  1  
0  0  0  0  0  0  0  0  0  0  0  0  0  0  0  0  0  0  0  0  0  0  0  0  0  0  0  0  0  0  0  0  0  0  0  0  0  0  0  0  0  0  0  0  0  0  0  0  0  0  0  0  0  0  0  0  0  0  0  0  0  0  0  0  0  0  0  0  0  0  0  0  0  0  0  29680  0  0  0  0  0  0  0  0  0  0  0  0  0  0  0  0  201  0  70589  0  54  0  2  0  0  0  0  0  0  0  0  1  12  0  76417  2368  0  0  0  0  225  1  0  0  0  4  0  15735  172  0  0  0  0  0  2  18  4327  0  35117  0  0  0  2  0  0  0  0  0  0  62589  2081  0  0  0  0  0  0  0  9  0  1573  0  0  0  
0  0  0  0  0  0  0  0  0  0  0  0  0  0  0  0  0  0  0  0  0  0  0  0  0  0  0  0  0  0  0  0  0  0  0  0  0  0  0  0  0  0  0  0  0  0  0  0  0  0  0  0  0  0  0  0  0  0  0  0  0  0  0  0  0  0  0  0  0  0  0  0  0  0  0  6151  0  0  0  0  0  0  0  0  24  0  0  0  0  0  1  1  1610  1226  61334  120965  58739  0  377  16  28  0  0  0  0  0  0  0  0  1  17  1406  0  0  6  9370  20  13121  1  0  0  46  0  19607  30197  0  0  0  5  143  19603  5669  27203  36001  0  0  0  0  1389  0  0  0  0  0  0  3478  6901  0  0  0  0  0  0  0  296  4  8587  267  0  1  
0  0  0  0  0  0  0  0  0  0  0  0  0  0  0  0  0  0  0  0  0  0  0  0  0  0  0  0  0  0  0  0  0  0  0  0  0  0  0  0  0  0  0  0  0  0  0  0  0  0  0  0  0  0  0  0  0  0  0  0  0  0  0  0  0  0  0  0  0  0  0  0  0  0  2036  0  0  0  264  1233  0  0  0  0  0  102  34796  18538  29471  0  0  3  0  0  0  0  0  34336  0  0  0  0  0  0  0  0  0  0  0  0  0  0  12292  470  0  0  0  0  2  0  7825  0  466  0  0  27015  25015  12  0  0  0  0  0  0  0  0  0  13134  0  529  0  36  0  0  0  0  0  0  0  0  0  0  0  0  0  3363  0  0  482  1  
0  0  0  0  0  0  0  0  0  0  0  0  0  0  0  1  0  0  0  0  0  0  0  0  0  0  0  0  0  0  2  0  0  0  0  0  0  0  0  0  0  0  0  0  0  0  0  0  0  0  0  0  0  0  0  0  0  0  0  0  0  0  0  0  0  1  0  0  0  9  0  0  0  0  171  0  0  0  1  14952  0  0  0  0  0  0  0  0  0  6242  125  1756  0  0  0  0  19174  98220  0  0  0  0  0  0  43974  40447  0  0  0  0  0  0  0  1  57  0  0  0  0  0  5947  142  0  0  0  0  0  0  0  0  0  0  0  0  0  0  0  13002  0  0  0  0  0  1471  0  0  0  0  0  0  0  0  0  0  9  10696  0  11  6423  849  
0  0  0  0  0  0  0  0  0  0  0  0  0  0  0  0  0  0  0  0  0  0  0  0  0  0  0  0  0  0  0  0  0  0  0  0  0  0  0  0  0  0  0  0  0  0  0  0  0  0  0  0  0  0  0  0  0  0  0  0  0  0  0  0  0  0  0  0  0  0  0  0  0  0  37239  0  0  0  1265  6923  0  0  0  0  0  11  4352  153  5  15  2  11  0  0  0  0  27  137252  0  0  0  0  0  0  2  17  0  0  0  0  0  0  1450  66  1  0  0  0  0  0  26289  3  79  0  0  126  1628  1  0  0  0  0  0  0  0  28433  26004  0  0  161  0  4  0  0  0  0  0  0  0  0  0  0  0  0  0  39842  0  0  5930  5  
0  0  0  0  0  0  0  0  0  0  0  0  0  0  0  0  0  0  0  0  0  0  0  0  0  0  0  0  0  0  0  0  0  0  0  0  0  0  0  0  0  0  0  0  0  0  0  0  0  0  0  0  0  0  0  0  0  0  0  0  0  0  0  0  0  0  0  0  0  0  0  0  0  0  0  3  0  1  0  1  0  0  883  71  88613  0  0  0  0  0  2  42  257  43598  77  856  119  2  415  3587  54641  16  4  69959  0  1  0  0  1  342  0  0  0  0  829  160  1  87005  260  505  0  202  12  0  77  0  0  0  476  41980  302  41949  377  27  986  0  0  0  0  20  420  0  2  0  39597  0  4047  0  0  0  0  0  0  0  32  2  6  14  0  229  
0  0  0  0  0  9259  29  7  1  12134  0  0  0  0  0  17  0  0  0  0  0  0  0  0  0  0  0  0  0  0  0  82  0  0  0  0  0  0  0  0  0  0  0  0  0  0  0  0  0  0  0  0  7  1  0  0  0  0  0  0  0  0  0  0  0  13819  0  0  0  49  0  0  0  0  303  0  0  1  661  105877  42218  39427  46619  55036  0  1  0  81  245  199  84  812  0  0  0  0  3234  21  2  78  52  176  346  392  0  8141  0  2  0  6  0  0  10  15  1166  0  0  2397  3047  14  55  317  24  0  0  818  4457  283  18  98  0  6  0  0  0  611  1  188  63  0  1095  186  413  0  1043  0  299  0  0  33  0  589  0  0  178  17029  0  26292  36  343  
0  0  0  0  0  0  0  0  0  0  0  0  0  0  0  0  0  0  0  0  0  0  0  0  0  0  0  0  0  0  0  0  0  0  0  0  0  0  0  0  0  0  0  0  0  0  0  0  0  0  0  0  0  0  0  0  0  0  0  0  0  0  0  0  0  0  0  0  0  0  0  0  0  0  0  0  17290  180  0  17  3  52  6475  1237  0  42  0  1  10  10  9  157  1  3  0  0  951  4  932  89212  53814  131964  402  1124  0  18  0  0  1  2314  0  0  0  28  1433  0  0  45  103640  48373  0  16  1513  0  0  11  2  17  32089  60870  0  40  0  0  1  0  6  0  177  561  0  196  352  0  4013  0  541  0  0  0  0  0  0  0  925  231  1  209  40  8408  
0  0  0  0  0  0  0  0  0  0  0  0  0  0  0  0  0  0  0  0  0  0  0  0  0  0  0  0  0  0  0  0  0  0  0  0  0  0  0  0  0  0  0  0  0  0  0  0  0  0  0  0  0  0  0  0  0  0  0  0  0  0  0  0  0  0  0  0  0  0  0  0  0  0  25  0  0  19168  14  201  132  15  28  0  0  43153  0  73  35052  56  3  60  0  0  0  0  0  1  0  89  0  2  123414  0  0  0  0  0  0  0  0  0  32  734  5  0  0  0  86063  3  53  0  34736  0  0  47210  1135  12543  0  1  0  0  0  0  0  77  0  8  0  522  15  0  9423  0  0  0  0  0  0  0  0  0  0  0  0  11010  0  0  7682  264  
0  0  0  0  0  0  0  0  0  0  0  0  0  0  0  0  0  0  0  0  0  0  0  0  0  0  0  0  0  0  0  0  0  0  0  0  0  0  0  0  0  0  0  0  0  0  0  0  0  0  0  0  0  0  0  0  0  0  0  0  0  0  0  0  0  0  0  0  0  0  0  0  0  0  0  0  4  0  1  812  241  38788  2142  7  0  40  0  4  12410  37131  0  1  0  0  0  0  30  0  1  11  6  200  81278  0  0  1  0  0  0  0  0  0  1  29  5  0  0  0  84276  2046  0  0  1318  0  0  86  39  37009  0  23  0  0  1  0  0  3  1  0  0  1868  294  6989  0  0  42  0  1  0  0  0  0  0  0  0  62  1501  0  24  43  414  
0  0  0  0  0  0  0  0  0  0  0  0  0  0  0  0  0  0  0  0  0  0  0  0  0  0  0  0  0  0  1  0  0  0  0  0  0  0  0  0  0  0  0  0  0  0  0  0  0  0  0  0  0  0  0  0  0  0  0  0  0  0  0  0  0  0  0  0  0  0  0  0  0  0  1896  0  0  0  1  3697  0  0  0  0  0  0  0  0  0  12964  0  0  0  0  0  0  0  2779  0  0  0  0  0  0  14351  4  0  0  0  0  0  0  0  0  0  0  0  0  0  0  0  0  0  0  0  0  0  0  0  0  0  0  0  0  0  0  4661  0  0  0  0  0  0  0  0  0  0  0  0  0  0  0  0  0  0  401  0  0  0  0  
0  0  0  0  0  0  0  1  762  388  10  0  0  0  0  0  0  0  0  0  0  0  0  0  0  0  0  0  0  24  0  0  0  0  0  0  0  0  0  0  0  0  0  0  0  14  0  0  0  0  0  0  0  0  0  0  0  0  0  0  0  0  0  0  0  138  0  0  0  0  139  0  0  0  0  0  48  0  0  0  0  14  27602  754  3  0  0  0  0  0  2  7  1  0  0  0  19  0  40  157  453  77  71  83602  0  0  0  0  0  12  0  0  0  2  70  0  0  2558  610  32181  0  7  26  0  0  0  0  3  70  10239  0  60  0  0  1  0  0  0  27249  33  1942  2  26  0  0  0  140  0  0  0  0  0  0  0  5  5  0  1  0  105  
0  0  0  0  0  0  0  0  0  0  0  0  0  0  0  0  0  0  0  0  0  0  0  0  0  0  0  0  0  0  0  0  0  0  0  0  0  0  0  0  0  0  0  0  0  0  0  0  0  0  0  0  0  0  0  0  0  0  0  0  0  0  0  0  0  0  0  0  0  0  0  0  0  0  0  466  0  0  0  0  0  0  0  0  0  0  0  0  0  0  0  0  86  0  130  0  39  0  1  0  0  0  0  0  0  0  0  803  3481  0  128206  143117  0  0  0  0  16219  0  0  0  0  1036  0  4640  1  0  0  0  0  0  1  0  17583  50894  2983  0  0  0  0  0  0  0  0  0  0  0  30308  0  0  0  0  0  0  0  40  0  2521  1  0  0  
0  0  0  0  0  0  0  0  0  0  0  0  0  0  0  0  0  0  0  0  0  0  0  0  0  0  0  0  0  0  0  0  0  0  0  0  0  0  0  0  0  0  0  0  0  0  0  0  0  0  0  0  0  0  0  0  0  0  0  0  0  0  0  0  0  0  0  0  0  0  0  0  0  0  0  15  0  4  0  0  0  0  35  122  0  2  0  1  0  0  271  1053  56938  23  135  0  2106  19  202798  11934  212  3  0  261  0  9  31654  135628  36879  22728  321  189267  0  0  47924  0  13996  1391  166  87  0  195874  35  1170  20  0  0  0  21096  20513  4973  7250  28843  2991  8305  0  2  0  3847  221  370  2  5  0  384  18481  0  945  0  0  0  1  0  0  8815  2  6976  2534  0  2006  
0  0  0  0  0  0  0  0  0  0  0  0  0  0  0  0  0  0  0  0  0  0  0  0  0  0  0  0  0  0  0  0  0  0  0  0  0  0  0  0  0  0  0  0  0  0  0  0  0  0  0  0  0  0  0  0  0  0  0  0  0  0  0  0  0  0  0  0  0  0  0  0  0  0  0  0  0  0  0  0  0  0  0  0  0  0  0  0  0  0  0  0  0  0  0  0  0  0  0  55  0  0  0  0  0  0  50300  8211  0  32921  0  0  0  0  10436  0  0  0  1  0  0  9170  0  0  0  0  0  0  22  1  0  0  0  0  0  0  0  0  0  0  1  0  0  0  1  0  2048  0  0  0  0  0  0  0  0  0  0  4  0  2  
0  0  0  0  0  0  0  0  0  0  0  0  1  0  0  0  4022  3258  2  0  0  0  31582  180  3  0  0  0  0  0  0  37  0  4  70266  5  2  13  0  0  30  0  66091  0  0  0  12  18068  2  0  0  0  0  0  0  2  0  1  1  10  521  0  5270  22  0  0  0  1  0  0  1  22  386  1  0  0  0  0  0  0  0  0  0  0  0  0  0  0  0  0  0  0  0  0  0  0  0  0  0  0  0  0  0  0  0  0  0  0  0  0  0  0  0  0  0  0  0  0  0  0  0  0  0  0  0  0  0  0  0  0  0  0  0  0  0  0  0  0  0  0  0  0  0  0  0  0  0  0  0  0  279739  22961  33431  611  0  0  0  0  0  0  
9176  0  0  0  2949  15044  400  14  12  5  0  1  0  55  4761  80  0  5  0  0  0  0  0  2046  2  13  0  15  9538  3  285  6341  0  0  0  3  0  0  10  0  21  0  0  3  15286  11  57  2  8999  0  0  12488  12058  8442  3  27  0  0  0  0  0  47  3402  12359  2  982  597  1291  3097  3670  62  0  5  0  0  0  0  0  0  0  0  0  0  0  0  0  0  0  0  0  0  0  0  0  0  0  0  0  0  0  0  0  0  0  1  1  0  0  0  0  0  0  0  0  0  0  0  0  0  0  0  0  0  0  0  0  0  0  0  0  0  0  0  0  0  0  0  0  0  18  0  0  0  0  0  0  0  0  0  0  0  39060  174523  32161  0  2  0  4  0  0  
0  1  0  1  0  0  0  0  0  3790  0  0  0  0  0  0  1583  2070  26  6  22  102  61714  0  79  2  0  0  0  0  0  1  44  19  3450  38  46  1284  0  0  493  2  6895  8979  1  0  0  21811  58  425  1  5  0  0  3  50  25  33  85  3076  59563  0  182  0  41  2  2  9  0  0  9  1449  7649  3  0  0  0  0  0  0  0  0  0  0  0  0  0  0  0  0  0  0  0  0  0  0  0  0  0  0  0  0  0  0  0  0  0  0  0  0  0  0  0  0  0  0  0  0  0  0  0  0  0  0  0  0  0  0  0  0  0  0  0  0  0  0  0  0  0  0  0  0  0  0  0  0  0  0  163082  2  0  23272  3188  46  0  0  0  4  0  0  
0  0  0  0  0  0  3  1  15  21224  0  4  0  0  0  5  7  53  5  0  4  60  359  4  67  192  1  15  1250  32  11  5333  1  3  0  13  0  0  0  0  1267  0  0  98  2622  0  0  4450  196  0  0  12  0  0  47  613  0  24  10  0  11  0  2889  0  15  794  6938  244  94  3  96  0  206  1  0  0  0  0  0  0  0  0  0  1  2  0  0  0  0  0  0  0  0  0  0  1  1  0  0  0  0  0  0  3  0  7  0  0  0  0  0  0  0  0  0  0  0  0  0  0  0  0  0  0  0  0  0  0  0  0  0  0  0  0  0  0  0  0  0  158  0  0  0  0  0  0  0  0  4552  56593  19023  0  41821  84565  0  1  0  18239  0  2  
3264  0  0  4  241  2262  30  4  6  0  0  32  5  116  170  11  53046  70095  15  0  0  0  6765  5194  59  121  0  5  959  0  516  5373  44  5  103  27  0  8  14  0  2517  0  0  0  12900  6  28403  58024  45174  0  0  3674  983  859  81  433  0  8  7  0  6  104  37349  7224  3  33  4964  2513  1562  208  36  0  569  1  0  0  0  0  0  0  0  0  0  0  0  0  0  0  0  0  0  0  0  0  0  0  0  0  0  0  0  0  0  0  0  0  0  0  0  0  0  0  0  0  0  0  0  0  0  0  0  0  0  0  0  0  0  0  0  0  0  0  0  0  0  0  0  0  0  0  0  0  0  0  0  0  0  0  8618  117379  5160  19787  0  163076  0  0  0  0  0  0  
0  0  0  0  0  307  1  0  0  0  0  5  0  0  0  1  1175  181  0  0  0  0  625  7  5  8  0  2  240  0  90  15491  0  1  1  4  0  0  0  0  269  0  0  0  710  0  0  1077  126  0  0  1  0  0  16  66  0  0  3  0  0  0  4153  23  1  3  1660  26  22  50  1  0  56  0  0  0  0  0  0  0  0  0  0  0  0  0  0  0  0  0  0  0  0  0  0  0  0  0  0  0  0  0  0  0  0  0  0  0  0  0  0  0  0  0  0  0  0  0  0  0  0  0  0  0  0  0  0  0  0  0  0  0  0  0  0  0  0  0  0  0  0  0  0  0  0  0  0  0  2779  89125  290  132053  381436  0  0  0  0  0  0  0  
0  0  0  0  0  0  0  0  0  0  0  0  0  0  0  0  0  0  0  0  0  0  0  0  0  0  0  0  0  0  0  0  0  0  0  0  0  0  0  0  0  0  0  0  0  0  0  0  0  0  0  0  0  0  0  0  0  0  0  0  0  0  0  0  0  0  0  0  0  1  0  0  0  0  0  0  0  0  0  1  1  0  6  4  0  0  0  0  0  0  1007  180  176  1  14  0  70088  30  122  14  3  9  2  2  4  906  0  5  1267  0  0  30  0  0  235  0  17640  38  283  1  0  22656  0  4614  2  0  0  0  3  33  20  217  272  6  119  0  174  0  83  103  121  1  20  0  7  15  2217  0  0  0  0  0  0  0  0  4349  20137  17317  0  594  
1  0  0  0  3  35  0  0  0  0  0  0  0  0  0  1  0  0  0  0  0  0  0  0  0  0  0  0  0  0  0  0  0  0  0  0  0  0  0  0  0  0  0  0  0  0  0  0  0  0  0  0  2  0  0  0  0  0  0  0  0  0  0  0  0  181  0  0  0  0  0  0  0  0  10516  0  0  0  2710  19972  29  9  135  13  0  15  1  451  137  83  20  9  2  0  0  0  694  1557  1  6  17  90  335  1  25  9737  0  0  0  0  0  0  204  59  45  0  0  1  7382  8  777  18  406  0  0  16117  5948  3714  1  30  0  1  11  0  7  4880  5331  16620  0  8687  231  13781  3119  8  16  0  12  0  0  7  0  0  0  0  1836  0  16  11881  63938  67974  
0  0  0  0  0  0  0  0  0  0  0  0  0  0  0  0  0  0  0  0  0  0  0  0  0  0  0  0  0  0  0  0  0  0  0  0  0  0  0  0  0  0  0  0  0  0  0  0  0  0  0  0  0  0  0  0  0  0  0  0  0  0  0  0  0  0  0  0  0  0  0  0  0  0  0  11  0  0  0  0  0  0  0  2  0  0  0  0  0  0  1  1  155  0  14  0  95668  0  25  0  0  0  0  0  0  5  0  0  1  0  1  872  0  0  24  0  1065  4  2  0  0  100  0  9484  2  0  0  0  6  7  2  80  2616  1209  20217  0  0  0  9  1  0  0  0  0  1  1882  14961  1  0  0  0  1  0  0  63801  52  0  1389  0  3  
0  0  0  0  0  0  0  0  0  1695  0  0  0  0  0  0  0  0  0  0  0  0  0  0  0  0  0  0  0  0  0  2  0  0  0  0  0  0  0  0  0  0  0  0  0  0  0  0  0  0  0  0  0  0  0  0  0  0  0  0  0  0  0  0  0  2  0  0  0  0  0  0  0  0  0  3  0  0  0  4  0  1  19  428  0  0  0  0  0  0  1438  4418  32  0  15  28  7040  49  74  22  11  17  14  4  2  960  0  8  252  1  0  0  0  0  2332  0  0  145  1116  4  0  6267  1  1  1  0  0  0  7  62  6  119  312  3  278  0  16  0  160  14033  347  0  16  0  18  3  864  0  0  5  1  28323  0  0  13552  69600  345  0  0  2978  
0  0  0  0  0  0  0  0  0  0  0  0  0  0  0  0  0  0  0  0  0  0  0  0  0  0  0  0  0  0  0  0  0  0  0  0  0  0  0  0  0  0  0  0  0  0  0  0  0  0  0  0  0  0  0  0  0  0  0  0  0  0  0  0  0  0  0  0  0  0  0  0  0  0  2477  0  0  0  511  947  0  1  3  1  0  12  1  89  0  10  18696  106281  0  0  0  0  20283  16759  0  1  0  0  2  1  375  6481  0  0  0  1  0  0  83  59  1240  0  0  0  509  1  48477  2525  39684  0  0  2680  498  12  0  2  0  0  0  0  0  1206  14187  6415  0  145  27  2452  69  1  2  0  1  0  0  0  0  0  0  0  0  159343  0  4  0  118831  
0  0  0  0  0  0  0  0  0  0  0  0  0  0  0  0  0  0  0  0  0  0  0  0  0  0  0  0  0  0  0  0  0  0  0  0  0  0  0  0  0  0  0  0  0  0  0  0  0  0  0  0  0  0  0  0  0  0  0  0  0  0  0  0  0  0  0  0  0  0  0  0  0  0  0  0  0  6  0  479  4  7  539  81  0  0  0  0  1  13  3030  147  0  0  0  0  17687  55  17  138  148  160  71  48  20  17024  0  0  0  4  0  0  0  0  9098  0  0  2  15600  41  35  4484  447  0  0  11  4  9  56  522  0  0  0  0  1  2  1069  14  21  296  7766  60  1783  1  694  0  176  0  0  0  0  3  0  0  6546  211645  5  2297  94871  0  
