0  0  0  142  24288  289  7  0  0  0  1  118  1  108  12352  484  3  2  0  0  0  1  1  46561  0  0  0  3  3  0  15795  385  0  0  0  0  0  0  231  34  15  1  0  3  88  0  6  1  6853  0  0  1422  11590  65  0  0  2  2  0  0  6  3456  52  16049  0  2577  5  77  7  1932  0  0  4  0  380  0  0  0  1  65  12  0  0  0  0  0  0  0  0  1  0  0  0  0  0  0  0  7  0  0  0  0  0  0  0  3  0  0  0  0  0  0  1  0  0  0  0  0  2  0  0  0  1  0  0  4  0  0  0  0  0  0  0  0  0  0  3  0  0  349  0  0  0  0  0  0  0  0  0  2737  4  2778  919  108  0  402  0  4  0  0  
0  0  0  1  0  0  0  0  0  0  0  0  0  0  0  0  7  0  22513  0  67358  18153  103  0  0  0  0  0  0  5  0  0  12  91  8  2  15107  13  0  0  3  75880  2  262  0  0  0  533  2  23  49734  0  0  0  0  1  28999  187  27320  8775  270  0  0  0  18  0  0  0  0  0  0  17231  1373  2  0  0  0  0  0  0  0  0  0  0  0  0  0  0  0  0  0  0  0  0  0  1  0  0  0  1  0  0  0  0  0  0  0  0  0  0  0  0  0  0  1  0  0  0  0  0  0  0  0  0  0  0  0  0  0  0  0  0  0  0  1  0  0  0  0  0  0  0  0  0  0  0  1  0  291  0  995  62  160  13  0  0  0  0  0  0  
0  0  0  0  0  0  0  9997  96  0  0  0  0  0  0  47753  0  0  0  0  0  0  0  0  0  0  9368  8933  6870  9624  0  0  0  0  0  0  0  0  0  0  0  0  0  0  75083  36528  0  0  0  0  0  0  0  0  0  0  0  0  0  0  0  0  0  0  0  1  6059  0  11  0  1535  0  0  0  0  0  507  0  0  0  1  11440  2626  0  0  0  0  0  0  3645  0  0  0  0  0  0  0  0  0  0  0  0  2  0  0  0  0  0  0  0  0  0  0  0  0  0  0  0  0  1053  0  0  0  0  0  0  0  0  0  0  0  0  0  0  0  0  0  0  0  52  0  0  0  0  2  0  0  0  0  0  0  0  0  0  0  0  0  0  0  0  
1  0  0  0  0  0  0  1  5  1  0  31378  0  9  1  0  2547  174  0  0  1  0  9  0  0  46370  0  29745  26045  5  1  0  13675  3346  1  98  0  0  0  1  67555  0  0  3  32232  1  1  618  72725  0  1  32  0  0  1  10  5  4  1  0  7  0  0  0  139  11  10283  2336  6  0  2  0  64  676  0  0  0  0  0  0  0  0  0  0  0  0  0  0  0  0  0  0  0  0  0  0  0  0  0  3  0  0  0  0  0  0  0  0  0  0  0  0  0  0  8  0  0  0  6  0  0  0  1  0  0  0  0  0  0  0  0  0  0  0  0  0  0  0  2  1  0  0  0  0  0  0  1  0  0  136  27  169  607  22  0  2  0  8  1  0  
25484  0  0  2  0  3517  2  0  0  0  0  99  0  150  8356  29710  0  1  0  0  0  0  0  74  0  0  0  0  1  0  9470  32  0  0  0  0  0  0  197  69  0  0  0  0  1  0  0  0  5932  0  0  460  27817  15  0  0  0  0  0  0  0  552  2  119  0  343  0  18  1  1990  0  0  0  0  311  0  0  0  1  26  8  0  0  0  0  0  0  0  1  0  0  0  0  0  0  0  0  3  0  0  0  0  0  0  0  0  0  0  0  0  0  0  0  0  0  0  0  0  0  0  0  0  0  0  0  2  0  0  0  0  0  0  0  0  0  1  0  0  0  167  0  0  0  1  0  0  0  0  0  160  0  83  25  2  0  252  0  0  0  0  
2179  0  0  8  5191  0  33066  3  0  0  0  725  2  1371  594  123187  0  2  0  0  0  0  0  1595  0  0  0  0  0  0  3815  32  0  0  0  0  0  0  150  632  0  0  0  0  20  1  13  1  2767  0  0  3736  6759  11894  0  2  1  0  0  0  2  601  15  644  1  39998  3  1093  69  47760  0  0  1  0  4704  0  0  0  451  11973  137  0  0  0  0  0  0  0  14  13676  0  1  0  0  0  0  0  51  0  0  0  0  0  1  82  0  0  0  0  0  0  0  0  0  0  0  0  0  2  0  4  0  3  0  0  21  8  16  0  0  0  0  0  0  0  9  1  278  0  3918  0  1  0  205  0  0  0  0  0  4132  1  224  119  7  0  1243  0  1  4  0  
44  0  0  0  5  28463  0  30526  5  0  0  17  0  45  55  57651  0  1  0  0  0  0  0  1  0  0  0  0  4  1  26  0  0  0  0  0  0  0  1  7  1  0  0  0  52  3  4  0  37  0  0  349  96  12572  0  0  0  0  0  0  0  10  0  0  2  31948  17  64  2604  32  1  0  0  0  6  0  0  0  0  1803  8831  64  1  0  0  0  0  0  0  15318  0  1  0  0  0  0  0  1  0  0  0  0  0  0  0  0  0  0  0  0  0  0  0  0  0  0  0  0  3  0  0  0  1  0  0  0  0  1  0  0  1  0  0  0  0  0  0  0  0  773  0  0  1  0  0  0  0  0  0  14597  1  12  27  4  0  258  0  0  1  0  
0  0  8504  62  0  0  23407  0  13603  6  0  1  0  0  0  26958  24  0  0  0  0  2  25  0  0  7  9  11  352  44  0  0  0  0  0  2  0  0  0  0  328  1  0  18  28145  37505  0  0  531  0  0  6  0  542  0  51  10  5  1  0  23  0  0  0  6  25291  2340  5  47486  0  9  0  20  0  0  0  0  0  0  0  4323  54076  11  0  0  0  0  0  0  695  0  1  0  0  0  0  0  0  0  0  0  0  1  0  0  0  0  0  0  0  0  0  1  0  1  0  0  0  8  17  6  0  5  0  0  13  0  6  0  1  0  0  0  0  0  1  0  0  0  7266  0  13  5  0  1  0  0  0  0  13901  49  661  68  10  0  92  0  3  9  0  
1  1  107  0  0  0  0  6678  0  5609  6  0  0  0  0  0  3  0  14  0  7  13  2  0  81  7  233  0  6  15650  0  0  0  0  0  4  0  0  0  0  65  3  0  348  259  20261  0  0  21  0  21  0  0  0  9  2796  239  48  22  0  9  0  0  0  2242  32740  3456  0  2  0  63920  0  898  0  2  0  0  3  0  2  21  5428  13806  508  0  0  0  0  2  2  1  0  1  0  0  0  0  0  0  178  0  0  19  9  0  0  0  0  0  61  0  0  1  0  426  0  0  34  535  13  4  0  30  0  0  86  0  2  5  12  14  3  11  0  0  0  0  0  128  52535  30  7  21  0  150  0  443  1  0  457  10  29  16  1  0  426  2  18  47  1  
0  10  0  4  0  0  0  0  7255  0  4  0  0  0  0  0  1  0  38  1  10  12474  16244  2  21  22  5  0  0  15027  0  1  5  0  0  44  0  11  0  0  323  20  0  70053  16  57  0  5  26  0  20  0  0  0  23  190  324  292  60  0  233  0  1  0  722  41240  220  0  0  0  3234  7  3131  0  0  0  0  0  0  0  0  0  2319  12940  79  0  0  1  0  1  0  1  17  0  0  567  7  0  0  63  0  1  0  10  0  3  3  7  0  237  0  1  0  0  187  15  0  6110  16  0  1  12  1  2  77  1  0  3  0  0  3071  478  628  2  30  0  0  0  286  23149  1  2  2  0  1  0  4426  51  1  22  134  193  2  1  8  10  27  611  8  7  
0  1  0  0  0  0  0  0  10  2  0  0  0  0  0  0  0  0  1376  91813  119  7750  0  0  46  0  165  0  0  4058  1  0  0  3  0  0  0  3  0  0  2  9594  0  100990  8  32  0  5  1  0  0  0  0  0  0  3095  332  22898  22  0  11  0  0  0  81516  13  29  0  0  0  6  1  217  0  0  0  0  0  0  0  0  0  1  3728  11057  0  0  0  0  0  0  0  0  50  0  2694  0  0  0  0  0  0  0  30961  0  0  0  0  0  0  0  0  0  0  0  199  0  4391  0  0  0  0  0  0  0  0  0  0  0  0  0  0  0  0  0  0  0  0  14062  3  0  0  0  0  0  0  0  0  1  6  1  1  0  0  0  0  0  0  0  0  
332  0  0  31595  13  88  8  1  0  0  0  0  63  25130  93  6  232  8815  0  0  0  1  2  129  0  1  0  0  5343  0  118  0  371  96  2  0  0  0  338  28134  22  0  0  2  115  0  1858  48  76393  0  0  21747  6  10  0  0  1  2  0  0  8  113  0  140  0  10  0  23628  2  66  0  0  2  2  6  0  0  0  0  3  0  0  0  0  0  0  0  0  0  0  0  0  0  0  0  0  0  0  0  0  0  0  0  0  0  0  0  0  0  0  0  0  0  0  0  0  0  0  0  0  0  0  0  0  0  0  0  0  0  0  0  0  0  0  0  0  0  0  0  17  0  0  0  0  0  0  0  0  0  201  3  70  4988  11  0  10  0  0  0  0  
40  0  0  15  0  8  0  0  0  0  0  74  0  7638  13  1  0  369  0  0  0  0  1  41136  0  0  0  1  1  0  9  0  1  1  0  0  0  0  22101  35  1  0  0  2  5  0  12183  0  397  0  0  148  1  5  0  0  2  1  0  0  8  819  0  5588  0  1  2  7  1  12  0  0  1  0  1  0  0  0  0  1  1  0  0  0  0  0  0  0  0  0  0  0  0  0  0  0  0  0  0  0  0  0  0  0  0  0  0  0  0  0  0  0  0  0  0  0  0  0  0  0  0  0  0  0  0  0  0  0  0  0  0  0  0  0  0  0  0  0  0  3  0  0  0  0  0  0  0  0  0  162  0  45  2412  5  0  8  0  0  0  0  
496  0  0  22  51  481  27  3  0  0  0  35595  5251  0  1595  29  2  3371  0  0  0  0  0  4457  0  0  0  0  0  0  234  0  1  0  0  0  0  0  17988  46938  1  0  0  0  20  0  1572  0  9610  0  0  43165  22  25  0  0  0  0  0  0  0  19889  0  176  0  103  1  54  5  233  0  0  1  0  23  0  0  0  1  11  5  0  0  0  0  0  0  0  0  0  0  0  0  0  0  0  0  0  0  0  0  0  0  0  0  0  0  0  0  0  0  0  0  0  0  0  0  0  0  0  0  0  0  0  0  4  0  0  0  0  0  0  0  0  0  1  0  0  0  122  0  0  0  0  0  0  0  0  0  528  0  99  190  22  0  117  0  0  0  0  
12934  0  0  22  10782  948  101  1  0  0  0  53  0  2401  0  44720  1  1  0  0  0  0  0  7764  0  0  0  826  28311  0  98  0  0  0  0  0  0  0  84  11  3  0  0  0  132  0  6  0  219  0  0  168471  144450  129752  0  0  1  1  0  0  0  26712  1  125  0  83  1  30107  27890  221  0  0  1  0  10  0  0  0  0  14  7  0  0  0  0  0  0  1  0  0  0  0  0  0  0  0  0  0  0  0  0  0  0  0  0  0  0  0  0  0  0  0  0  0  0  0  0  0  0  0  0  0  0  0  0  0  0  0  0  0  0  0  0  0  0  0  0  0  0  129  0  0  0  0  0  0  0  0  0  267  1  101  88  18  0  65  0  0  0  0  
1055  0  40283  3  29491  141728  68012  46359  5  0  0  87  0  153  42643  0  0  0  0  0  0  0  0  376  0  0  0  0  35911  19  2805  42  0  0  0  0  0  0  77  55  0  0  0  0  12275  62  1  0  1819  0  0  382  16102  202857  0  0  0  0  0  0  0  241  6  203  0  951  1  103  49827  13876  1  0  0  0  493  0  8  0  111  363  2791  11255  1  0  0  0  0  0  1  31942  0  0  0  0  0  0  0  8  0  0  0  0  0  0  1  1  0  0  0  0  0  0  0  0  0  0  0  0  1  17  0  0  1  0  0  3  0  0  0  0  0  0  0  0  0  0  0  2  0  206  0  0  0  11  0  0  0  0  0  752  0  140  28  2  0  291  0  0  0  0  
2  294  0  4393  0  0  0  6  0  2  0  39  0  0  1  0  0  28103  112  0  77  33  4142  1583  0  10  2  20  5  6  3  0  319  59  5181  0  0  0  1  1  5130  34  24  87  504  3  321  44105  35114  0  46  15  0  1  1  19  111  60  244  50  123  0  14  2  153  2  63  56  8  0  0  4  161  6  0  0  0  0  0  0  0  0  0  0  0  0  0  0  0  0  0  0  0  0  0  0  0  0  0  2  0  0  2  0  0  0  0  0  0  0  0  0  0  0  2  0  0  0  14  1  0  0  0  0  0  0  0  0  0  0  0  0  0  0  0  0  0  0  1  2  1  0  3  0  1  0  0  0  2303  198  942  1330  82718  2105  0  3  0  9  1  0  
86  20  0  575  30  16  2  0  0  0  0  7753  754  838  17  8  28070  0  3  0  4  0  4300  12221  0  0  0  0  0  0  28  0  63  9  104  0  0  0  632  1806  516  0  9  1  1  0  44393  4233  50817  0  0  2838  5  6  0  0  3  0  1  4  0  26  24  1026  0  3  0  51  1  43  0  0  3  2  0  0  0  0  0  1  0  0  0  0  0  0  0  0  0  0  0  0  0  0  0  0  0  0  0  1  0  0  0  0  0  0  0  0  0  0  0  0  0  0  0  0  0  0  0  0  0  0  0  0  0  1  0  0  0  0  0  0  0  0  0  0  0  0  0  7  0  0  0  0  0  0  0  0  90  41  75  9  98276  124  0  8  0  0  0  0  
1  20192  0  0  0  0  0  6  55  7  221  0  0  0  0  0  7  0  0  9633  423  394  12  0  22408  21  563  0  0  602  0  0  2  18  0  3  280  57  0  0  21  12400  0  2477  31  20  0  93  14  1  1279  0  0  0  86  6399  122821  66306  53778  7  85  0  0  1  13456  99  486  1  2  0  3  55  81259  1  0  0  0  0  0  0  0  1  0  0  0  0  0  0  0  0  0  0  0  0  0  0  0  0  0  0  0  0  0  2  0  0  0  0  0  0  0  0  0  0  9  0  0  2  0  0  0  0  1  0  0  0  0  0  1  0  0  0  0  0  0  0  0  0  7  0  0  0  0  0  0  0  9  0  18  21  265  47  60  4  0  0  0  1  0  0  
0  1  0  0  0  0  0  1  33  0  87995  0  0  0  0  0  0  0  34422  0  186  41  0  0  223  0  17752  1  0  68  0  0  0  3  0  0  0  5  0  0  3  23089  0  7994  21  62  0  4  7  0  5  0  0  0  0  20201  108  43987  16  0  23  0  0  0  29984  20  92  0  0  0  15  1  25  0  0  0  0  0  0  0  0  0  8  213  899  0  0  0  0  0  0  0  0  109  0  46  0  0  0  0  0  0  0  10141  0  0  0  0  0  0  0  0  0  0  0  28  0  924  2  0  0  0  1  0  0  0  0  0  0  0  0  0  0  0  0  0  0  0  5532  0  0  0  0  0  212  0  0  0  1  16  12  0  2  0  0  0  0  0  0  0  
0  86978  0  5  0  0  0  0  2  1  29  0  0  0  0  0  130  0  245  54  0  3315  22504  0  1  1  0  1  0  78  0  0  41  4098  62  2  16400  1560  0  0  8  317  60  8322  4  2  0  9516  10  60199  47035  1  0  0  0  3  5929  1722  6696  69451  110710  0  0  0  142  2  5  1  0  0  1  1033  21930  6  0  0  0  0  0  0  0  0  0  0  0  0  0  0  0  0  0  0  0  0  2  7  31  0  0  0  0  0  0  0  0  0  0  0  0  0  0  0  0  0  1  0  0  0  0  0  0  0  0  0  0  0  0  0  0  0  0  0  0  0  4  0  0  0  0  0  0  0  0  0  0  0  0  0  2394  1  29604  316  98  19  0  0  29  1  0  0  
0  15877  0  7  0  0  0  0  18  14275  5571  0  0  0  0  0  9  0  67  11  1727  0  14084  0  8  26  0  1  0  3897  0  0  2  29  0  19  0  9  0  0  160  88996  0  150334  13  0  0  119  37  1  27703  0  0  0  10  4  1818  599  489  0  128261  0  0  0  2088  45  42  0  0  0  3  7  2257  1  0  0  0  0  0  0  0  0  12  5248  5462  0  0  0  0  0  0  0  0  0  10  2582  61  0  0  1  0  0  0  196  0  0  0  0  0  0  0  0  0  0  1  388  0  2331  0  0  0  0  0  1  0  0  0  0  0  0  0  0  1  0  10  0  0  0  59  1723  0  0  0  0  0  0  2  0  48  1  818  149  61  12  0  0  34  0  0  0  
0  406  0  85  0  0  0  2  5  15555  0  0  0  0  0  0  4497  4135  46  0  30477  12978  0  126  30  74  2  3  1  42  6  1  3  4  9804  79  1656  54  0  0  970  7  38410  5350  145  1  0  2511  352  18436  54  2  0  0  45  10  114  77  39  12  60387  0  37  0  371  25  139  3  1  0  0  192  3305  1  0  0  0  0  0  0  0  0  0  1  1  0  0  0  0  0  0  0  0  0  5  4  3  0  0  0  0  0  0  0  0  0  0  0  0  2  0  0  0  0  10  0  0  1  1  0  0  0  0  0  0  0  0  0  1  0  0  0  0  0  3  0  0  0  0  14  0  0  0  0  0  0  8  0  49129  22  138524  4393  7618  152  0  0  17  17  0  0  
46098  0  0  10  122  289  0  1  0  0  0  32  40822  3013  9718  651  3964  11661  0  0  0  0  229  0  0  0  0  0  0  0  28675  334  0  0  15  0  0  0  4814  0  1  0  22  0  6  0  40558  436  170  0  0  57  5  1  0  0  0  1  0  0  4  33045  58120  154584  0  2702  0  13  0  6359  0  0  0  0  440  0  0  0  0  6  0  0  0  0  0  0  0  0  1  0  0  0  0  0  0  0  0  6  0  0  0  0  0  0  2  3  0  0  0  0  0  0  0  0  0  0  0  0  0  0  0  0  0  0  0  2  0  0  0  0  0  0  0  0  0  0  3  0  0  37  0  0  0  0  0  0  0  0  92  1154  6  1799  48780  89  0  160  0  5  4  0  
0  0  0  0  0  0  0  1  49  0  5  0  0  0  0  0  0  0  20419  227  0  0  1  0  0  38543  998  0  0  395  0  0  0  398  0  0  0  0  0  0  3  0  0  5  5  185  0  0  4  0  0  0  0  0  52496  228692  42  5867  0  0  0  0  0  1  5476  81  1312  0  1  0  3  0  130762  0  0  0  0  0  0  0  0  0  0  0  0  0  0  0  0  0  0  0  0  0  0  0  0  0  0  3  0  0  0  1  0  0  0  0  0  2  0  0  0  0  27  0  0  0  1  0  0  0  0  0  0  0  0  0  0  1  0  0  0  0  0  0  0  0  2  8  1  0  0  0  0  0  9  0  0  11  0  1  0  0  0  0  0  1  0  0  
2  0  0  40627  1  0  0  4  10  1  0  4  0  0  0  0  49  0  1  0  0  0  2  0  37554  0  1  9743  54  15  0  0  5  5629  0  43396  0  0  0  0  56003  0  0  4  353  1  0  0  1460  0  0  5  0  0  40291  22428  5  3  0  0  4  1  0  0  146  36  128214  2  4  0  0  1  882  7  0  0  0  0  0  0  0  0  1  0  0  0  0  0  0  0  0  1  0  0  0  0  0  0  0  23  0  0  0  1  0  0  0  0  0  7  0  0  0  0  113  0  0  2  19  0  0  0  1  0  0  3  0  0  0  4  4  1  0  0  0  0  0  0  17  10  0  0  3  0  1  0  16  0  0  56  5  96  118  7  0  4  0  17  4  0  
0  0  6149  0  0  0  0  4  223  0  2  0  0  0  0  0  0  0  5010  20913  0  0  0  0  1993  4  0  29  1  114345  0  0  0  0  0  0  0  0  0  0  3  0  0  0  26  28051  0  0  1  0  0  0  0  0  1  100085  0  20  0  0  0  0  0  0  32041  51  88322  0  1  0  26578  0  6  0  0  0  0  0  0  0  0  0  38  0  0  0  0  0  0  0  0  0  0  0  0  0  0  0  0  1  0  0  0  406  0  0  0  0  0  1  0  0  0  0  1  0  0  0  0  7  0  0  0  0  0  0  0  0  0  0  0  0  0  0  0  0  0  0  0  0  1  0  0  0  1213  0  4  0  0  23  1  0  0  0  0  0  0  0  0  0  
1  0  9321  26066  0  0  0  10  0  0  0  1  0  0  118  0  5  0  0  0  0  0  2  0  0  7838  73  0  32353  1  0  0  0  0  0  0  0  0  0  0  1057  0  0  3  249411  448  1  0  1629  0  0  1  0  512  0  2  2  0  0  0  5  1  0  0  21  4  119337  81  362  0  0  0  1  0  0  0  0  0  0  0  0  0  0  0  0  0  0  0  0  0  0  0  0  0  0  0  0  0  0  1  0  0  0  0  0  0  0  0  0  0  0  0  0  0  0  0  0  0  1  0  0  0  0  0  0  0  0  0  0  0  0  0  0  0  0  0  0  0  0  1  0  0  0  0  0  0  0  0  0  81  8  43  63  2  0  1  0  1  0  0  
0  0  4686  22363  0  0  6  606  1  0  0  5771  0  7  33842  22675  3  0  0  0  0  1  1  0  0  46  0  46549  0  0  1  0  0  0  0  0  0  0  0  0  61  0  0  2  200216  1  2  0  2937  0  0  2504  0  23864  0  0  2  1  0  0  3  0  0  1  0  13  2913  69402  126831  0  0  0  7  0  0  0  0  0  0  0  0  0  0  0  0  0  0  0  0  0  0  0  0  0  0  0  0  0  0  1  0  0  0  0  0  0  0  0  0  0  0  0  0  0  1  0  0  0  3  0  0  0  0  0  0  0  0  0  0  0  0  0  0  0  0  0  0  0  0  0  0  0  0  0  2  0  1  0  0  231  4  87  82  7  0  1  0  1  1  0  
0  0  10967  5  0  0  1  67  15325  10686  6214  0  0  0  0  3  4  0  26  6  7  8033  2  0  20  34  139938  3  6  0  0  0  0  1  0  3  0  2  0  0  163  7  0  16857  130  61598  0  0  68  0  21  0  0  0  46  33282  229  80  24  0  14  0  0  0  80042  6981  3541  2  3  0  100589  0  1286  0  0  0  1297  2  0  0  0  6888  45508  6093  48  0  0  0  0  3215  0  0  0  0  0  243  0  0  0  31  0  2  1  20336  0  0  1  0  0  29  0  0  0  0  170  0  0  336  21  6106  0  0  4  0  0  8  0  1  1  2  9  4  8  0  0  0  0  0  2748  4444  2  1  0  0  30143  0  154  0  0  644  11  22  39  2  0  6  1  4  2  0  
15351  0  0  6  15294  645  2  0  0  0  0  31  0  33  45  5545  10  27  0  0  1  0  9  33300  0  0  0  0  0  0  0  9459  0  0  1  0  0  0  39  4  1  0  0  0  19  0  5  0  1569  0  0  188  12  9  0  0  1  0  0  0  1  112  63029  1347  0  2850  1  16  2  86898  0  0  1  0  628  0  0  0  3  93  0  0  0  0  0  0  0  0  2  7  0  0  0  0  0  0  0  137  0  0  0  0  0  0  5288  592  0  0  0  0  0  0  0  0  0  0  0  0  0  0  0  0  0  0  0  3  0  0  0  0  0  0  0  0  0  3  254  0  0  259  0  2  0  222  0  0  0  0  9  247  7  1029  1173  154  0  480  0  32  8  0  
452  0  0  0  12  5  0  0  0  1  0  0  0  0  0  38  0  0  0  0  0  0  0  316  0  0  0  0  0  0  11635  0  0  0  0  0  0  0  0  0  3  0  0  0  0  0  0  0  2  0  0  0  0  0  0  0  0  0  0  0  0  0  4730  85  0  32588  0  0  0  17334  0  0  0  0  387  0  0  0  0  158  0  0  0  0  0  0  0  0  0  17  0  0  0  0  0  0  0  225  0  0  0  0  0  0  3900  1950  0  0  0  0  0  0  0  0  0  0  0  0  1  0  0  0  0  0  0  0  0  0  0  0  0  0  0  0  0  0  383  78  0  6029  0  0  0  126  0  0  0  0  4  32  23  1658  388  302  6  2688  0  344  41  2  
0  90  0  25501  0  0  0  0  0  0  0  354  0  0  0  0  507  16  74  0  24  10  1  0  0  34  0  1  0  0  0  0  0  28149  11  80  0  0  0  1  11301  22  0  26  3  0  0  38108  2222  0  50  1  0  0  0  0  79  25  198  0  36  0  0  0  1  2  0  0  1  0  0  2  3207  43032  0  0  0  0  0  0  0  0  0  0  0  0  0  0  0  0  0  0  0  0  0  0  0  0  0  0  0  0  0  0  0  0  0  0  0  0  0  0  0  0  0  0  0  0  0  0  0  0  0  0  0  0  0  0  0  0  0  0  0  0  0  0  0  0  0  0  0  0  0  0  0  0  0  0  0  1  28  27  437  3  0  0  0  0  0  0  
0  295  0  1186  0  0  0  0  0  0  0  80  0  0  0  0  93  5  75  0  235  4  0  0  52  5402  0  0  0  0  0  0  37895  0  19536  45161  76  10457  0  0  523  11  25121  108  1  0  0  89431  39  680  303  0  0  0  5400  0  103  36  191  153  206  0  0  0  2  1  20  0  0  0  0  3768  115946  20053  0  0  0  0  0  0  0  0  0  0  0  0  0  0  0  0  0  0  0  0  0  0  0  0  0  0  0  0  0  0  0  0  0  0  0  0  0  0  0  0  2  0  0  0  0  0  0  0  0  0  0  0  0  0  0  0  0  0  0  0  0  0  0  0  0  0  0  0  0  0  0  0  0  0  5  0  298  12  144  6  0  0  0  0  0  0  
0  56  0  0  0  0  0  0  0  0  0  0  0  0  0  0  8337  48  14  0  7  0  15139  7  0  0  0  0  0  0  0  0  117  17510  0  0  3  2  0  0  0  1  75892  0  0  0  0  50205  0  5630  11  0  0  0  0  0  5  0  10  3  2  0  1  0  0  0  0  0  0  0  0  23  22  0  0  0  0  0  0  0  0  0  0  0  0  0  0  0  0  0  0  0  0  0  0  0  0  0  0  0  0  0  0  0  0  0  0  0  0  0  0  0  0  0  0  0  0  0  0  0  0  0  0  0  0  0  0  0  0  0  0  0  0  0  0  0  0  0  0  0  0  0  0  0  0  0  0  0  28928  0  4887  4  135  0  0  0  0  0  0  0  
0  139  0  126  0  0  0  0  0  0  0  1  0  0  0  0  1  0  100  0  17  5  3  0  2  43015  0  2  0  0  0  0  105  42453  0  0  0  7  0  0  39311  38  0  120  33  0  0  8  24  0  56  0  0  0  5531  0  199  152  242  1  78  0  0  0  14  5  368  0  1  0  0  1  16143  17994  0  0  0  0  0  0  0  0  0  0  0  0  0  0  0  0  0  0  0  0  0  0  0  0  0  3  0  0  0  0  0  0  0  0  0  2  0  0  0  0  20  0  0  0  0  0  0  0  0  0  0  0  0  0  0  0  0  0  0  0  0  0  0  0  4  0  1  0  0  0  0  0  3  0  0  2  131  77  9  2  0  0  0  1  0  0  
0  18050  0  0  0  0  0  0  1  0  0  0  0  0  0  0  2  0  185  1  22144  51  2010  0  0  1  0  0  0  3  0  0  0  327  20  39  0  31961  0  0  159  21  70276  751  0  0  0  546  1  80672  244  0  0  0  0  0  340  342  35549  71890  1341  0  0  0  6  0  1  0  0  0  0  204650  4355  0  0  0  0  0  0  0  0  0  0  0  0  0  0  0  0  0  0  0  0  0  0  0  0  0  0  0  0  0  0  0  0  0  0  0  0  1  0  0  0  0  2  0  0  0  0  0  0  0  0  0  0  0  0  0  0  0  0  0  0  0  0  0  0  0  0  0  0  0  0  0  0  0  0  0  62  0  931  2  18  0  0  0  0  0  0  0  
0  755  0  0  0  0  0  0  0  0  1  0  0  0  0  0  2  0  288  0  324  9  25  0  0  0  0  0  0  7  0  0  2  12680  5  12  38833  0  0  0  10  14  617  148  0  0  0  3009  3  6355  424  0  0  0  0  0  191  171  7348  858  323  0  0  0  41  2  2  0  0  0  0  168667  159516  0  0  0  0  0  0  0  0  0  0  0  0  0  0  0  0  0  0  0  0  0  0  0  0  0  0  0  0  0  0  0  0  0  0  0  0  1  0  0  0  0  6  0  0  0  0  0  0  0  0  0  0  0  0  0  0  0  0  0  0  0  0  0  0  0  0  0  0  0  0  0  0  0  3  0  23  0  920  6  25  0  0  0  0  0  0  0  
918  0  0  52  100  104  15  3  0  0  0  127  17446  21404  316  21  2  116  0  0  0  0  6  6304  0  0  0  1  4  0  136  0  0  0  0  0  0  0  0  928  10  1  0  7  37  0  10899  2  17208  0  0  3322  58  50  0  0  10  4  0  0  13  12986  2  10835  0  68  6  84  5  213  0  0  6  0  12  0  0  0  0  7  7  0  0  0  0  0  0  1  0  0  0  0  0  0  0  0  0  0  0  0  0  0  0  0  0  0  0  0  0  0  0  0  0  0  0  0  0  0  0  0  0  0  0  0  0  0  0  0  0  0  0  0  0  0  0  0  0  0  0  69  0  0  0  0  0  0  0  0  0  640  7  190  3451  12  0  69  0  0  0  0  
65  0  0  10  4  104  2  0  0  0  0  31984  23  33152  7  3  0  3700  0  0  0  0  0  3  0  0  0  0  0  0  23  0  2  0  0  0  0  0  482  0  0  0  0  0  4  0  314  0  16328  0  0  503  9  2  0  0  0  0  0  0  0  14  0  8  0  7  0  15  0  60  0  0  2  0  0  0  0  0  0  1  2  0  0  0  0  0  0  0  1  0  0  0  0  0  0  0  0  0  0  0  0  0  0  0  0  0  0  0  0  0  0  0  0  0  0  0  0  0  0  0  0  0  0  0  0  1  0  0  0  0  0  0  0  0  0  0  0  0  0  9  0  0  0  0  0  0  0  0  0  45  0  9  58  2  0  5  0  0  0  0  
46  132  0  30269  8  6  0  59  45  98  3  346  0  3  2  3  2217  44  141  1  132  146  272  1  5  37124  5  587  24  65  11  0  8418  404  0  35764  1  4  1  4  0  356  0  2244  3738  8  1  15337  40984  1  112  336  1  3  1323  57  2318  1003  335  1  555  9  0  12  635  213  6265  93  42  17  8  8  23280  10759  2  0  0  5  0  1  0  0  7  0  0  1  0  0  0  0  1  1  0  0  0  0  0  0  0  167  1  0  1  4  0  0  0  0  0  18  0  0  0  0  651  0  0  5  67  5  0  0  10  0  0  46  0  1  5  15  5  2  1  0  0  0  0  0  134  82  24  1  1  0  12  0  119  0  3  863  2801  3932  6371  2104  0  19  2  87  23  1  
0  62316  0  0  0  0  0  0  7  1  8113  0  0  0  0  0  1  0  9639  18364  379  73237  4  0  5  3  0  0  0  30  0  0  3  17  0  1  0  14  0  0  23  0  0  18069  2  0  0  42  1  2  19719  0  0  0  8  14  39793  1326  5187  0  967  0  0  0  116  10  8  0  0  0  0  4  1473  1  0  0  0  0  0  0  0  0  0  0  293  0  0  0  0  0  0  0  0  0  0  2  0  0  0  1  0  0  0  0  0  0  0  0  0  2  0  0  0  0  3  41  0  8  0  0  0  0  0  0  0  0  0  0  0  0  0  0  0  0  0  0  0  0  0  0  0  0  0  0  0  0  2  0  7  0  97  2  6  0  0  0  0  2  0  0  
0  1  0  0  0  0  0  0  0  0  0  0  0  0  0  0  51  16  0  0  6  0  44330  85  0  0  0  0  0  0  0  0  0  24451  49008  0  71830  231  0  0  0  0  0  0  0  0  0  16323  0  62334  0  0  0  0  0  0  0  0  0  0  1  0  1  0  0  0  0  0  0  0  0  25279  1  0  0  0  0  0  0  0  0  0  0  0  0  0  0  0  0  0  0  0  0  0  0  0  0  0  0  0  0  0  0  0  0  0  0  0  0  0  0  0  0  0  0  0  0  0  0  0  0  0  0  0  0  0  0  0  0  0  0  0  0  0  0  0  0  0  0  0  0  0  0  0  0  0  0  0  17873  0  2065  0  14  0  0  0  0  0  0  0  
0  70  0  5  0  0  0  1  1900  55445  76023  0  0  0  0  0  14  0  2281  10330  2375  146588  8132  0  191  185  0  0  0  16766  0  0  37  185  3  84  0  79  0  0  583  22346  0  0  96  7  0  553  73  10  5960  1  0  0  165  98  20849  30938  683  5  17386  0  1  0  60850  12558  119  0  2  1  10  68  35451  14  0  0  0  0  0  0  3  0  9  1016  1784  0  0  0  1  2  2  1  21  1  0  416  4  0  0  492  0  0  0  73  0  0  0  1  2  761  0  0  0  0  1363  123  0  1408  7  0  2  10  0  0  16  5  0  4  22  3  738  130  273  2  7  2  0  0  331  370  3  0  1  0  0  0  4146  32  146  3  2109  104  111  20  3  26  45  537  16  1  
21  0  67205  38942  1  3  21  32308  473  16  0  10  0  1  23  10144  60  0  3  0  2  15  166  0  2  92  174  246854  199579  11  6  0  0  0  0  5  0  0  0  1  3891  3  0  111  0  14914  0  5  4051  0  4  146  0  130  1  50  86  45  4  0  232  2  0  6  354  98  121584  15827  37559  5  4  2  365  0  0  0  3  0  0  0  0  0  2  0  0  0  0  0  0  0  0  0  0  0  0  0  0  0  0  5  0  0  1  0  0  0  0  0  0  2  0  0  0  0  21  0  0  0  53  1  0  0  2  0  0  4  0  0  0  2  0  0  1  0  0  0  0  0  1  6  1  1  2  0  6  0  5  0  0  4359  480  1696  1532  61  0  47  0  17  0  0  
0  0  37172  1  0  0  0  28118  28320  0  0  0  0  0  0  32  0  0  0  0  0  0  0  0  0  1  45198  81  3  70224  0  0  0  0  0  0  0  0  0  0  13  0  0  2  10437  0  0  0  15  0  0  0  0  0  0  11612  0  1  0  0  0  0  0  0  110  2375  48904  0  66  0  44249  0  7  0  0  0  1  0  0  0  0  3467  429  0  0  0  0  0  0  193  0  0  0  0  0  0  0  0  0  0  0  0  0  0  0  0  0  0  0  0  0  0  0  0  1  0  0  0  3  93  0  0  0  0  0  0  0  0  0  0  0  0  0  0  0  0  0  0  0  50  0  0  0  0  0  0  1  0  0  121  0  75  4  0  0  1  0  0  0  0  
513  0  0  10  62  49  9  0  0  0  0  904  10233  426  96  11  797  37961  0  0  0  1  5  43752  0  0  0  0  1  0  94  1  0  0  0  0  0  0  10941  110  3  0  0  7  8  0  0  1371  15244  0  0  4281  14  14  0  0  6  7  1  0  20  186  4  18758  1  27  2  72  5  109  0  0  7  0  10  0  0  0  0  4  2  0  0  0  0  0  0  0  0  0  0  0  0  0  0  0  0  1  0  0  0  0  0  0  0  0  0  0  0  0  0  0  0  0  0  0  0  0  0  0  0  0  0  0  0  2  0  0  0  0  0  0  0  0  0  0  0  0  0  14  0  0  0  0  0  0  0  0  0  217  4  46  36285  4  0  37  0  0  0  0  
11  7744  0  1116  0  0  0  3  1  1  1  20  0  1  0  1  46457  6559  3733  4  2644  457  3141  3296  0  0  0  5  3  15  7  0  34684  98815  51767  6  162  3457  0  0  19485  714  20203  1407  219  0  5742  0  3473  1538  2528  52  0  1  0  4  2546  1061  5640  2187  2618  2  0  21  23  1  9  73  1  3  1  11002  13646  241  0  0  0  0  0  0  0  0  0  0  0  0  0  0  0  0  0  0  0  0  0  0  0  0  0  0  0  0  0  0  0  0  0  0  0  0  0  0  0  0  0  0  0  0  0  0  0  0  0  0  0  0  0  0  0  0  0  0  0  0  0  0  0  0  0  2  0  0  1  0  0  0  0  0  14826  247  37260  2034  67232  1529  0  1  1  1  0  0  
3701  96  0  61747  1416  549  29  33  4  4  1  113867  121  9483  598  237  23386  43854  81  0  25  17  117  214  0  164  1  164  2502  22  590  1  1464  27  0  4  0  0  19157  20943  31278  27  0  220  7388  4  12568  1760  0  0  21  9316  365  32  3  45  174  153  90  0  291  2294  1  2930  604  278  1132  14226  33  952  8  1  317  27  45  0  0  0  0  20  24  1  1  0  0  0  0  0  1  0  0  0  0  0  0  0  0  1  0  8  0  0  0  0  0  1  0  0  0  4  0  0  0  0  41  0  0  1  23  1  0  0  2  0  0  10  0  0  0  2  0  0  0  0  0  0  0  0  9  449  1  0  1  0  3  0  14  0  0  1327  563  3264  106934  1348  0  245  0  6  1  0  
0  39  0  0  0  0  0  0  0  0  1  0  0  0  0  0  5  0  2  0  80153  29  23957  0  0  0  0  0  0  0  0  0  0  8535  3146  0  99019  19088  0  0  0  5  51641  366  0  0  0  9866  0  0  10  0  0  0  0  0  14  19  1  23554  16190  0  0  0  0  0  0  0  0  0  0  48940  9930  0  0  0  0  0  0  0  0  0  0  0  0  0  0  0  0  0  0  0  0  0  0  0  0  0  0  0  0  0  0  0  0  0  0  0  0  0  0  0  0  0  0  0  0  0  0  0  0  0  0  0  0  0  0  0  0  0  0  0  0  0  0  0  0  0  0  0  0  0  0  0  0  0  0  0  137  0  20941  0  0  0  0  0  0  0  0  0  
0  43908  0  0  0  0  0  0  10  1  5  0  0  0  0  0  1  0  690  2  27539  19671  58  0  2  0  0  0  0  127  0  0  43  446  7  0  11  166  0  0  2  9330  0  5987  1  0  0  798  2  32  0  0  0  0  1  4  5974  108  7616  18  26766  0  0  0  326  11  4  0  0  0  0  128  2106  2  0  0  0  0  0  0  0  0  0  0  0  0  0  0  0  0  0  0  0  0  0  1  0  0  0  0  0  0  0  0  0  0  0  0  0  0  0  0  0  0  2  0  0  0  0  0  0  0  0  0  0  0  0  0  0  0  0  0  0  0  2  0  0  0  0  0  0  0  0  0  0  0  0  0  51  0  526  13  28  2  0  0  3  0  0  0  
2159  0  0  140  407  1400  194  46  0  0  0  26585  143  42642  173760  128  6  562  1  0  0  1  10  297  0  0  0  6  3183  0  880  2  0  0  0  0  0  0  791  542  32  2  0  11  258  0  3869  7  4003  0  0  0  17827  10072  0  1  11  11  0  0  37  21466  2  905  6  346  25  61807  7206  1147  0  0  13  0  78  0  0  0  2  43  33  0  0  0  0  0  0  0  0  0  0  0  0  0  0  0  0  3  0  0  0  0  0  0  0  0  0  0  0  0  0  0  0  0  0  0  0  0  0  0  2  0  1  0  0  3  0  0  0  0  0  0  0  0  0  1  0  0  0  471  0  0  0  0  0  0  0  0  0  5092  12  614  1830  77  0  344  0  0  0  0  
12415  0  0  3  35643  4067  84  0  0  0  0  189  0  314  113557  10869  0  1  0  0  0  0  0  7  0  0  0  0  0  0  144  1  0  0  0  0  0  0  64  164  0  0  0  0  3  0  6  0  1062  0  0  22529  0  38742  0  0  0  0  0  0  0  443  0  33  0  210  5  85  2  907  0  0  0  0  579  0  0  0  7  53  11  0  0  0  0  0  0  0  10  1  0  0  0  0  0  0  0  5  0  0  0  0  0  0  0  0  0  0  0  0  0  0  0  0  0  0  0  0  0  0  0  0  1  0  0  8  0  0  0  0  0  0  0  0  0  3  0  0  0  361  0  0  0  0  0  0  0  0  0  300  1  24  19  0  0  251  0  0  4  0  
100  0  0  9  22  4058  8579  411  0  0  0  24  0  61  140955  130991  2  0  1  0  1  0  0  1  0  0  0  1647  43011  0  63  0  0  0  0  0  0  0  2  17  2  1  0  0  268  0  1  2  90  0  0  5622  42990  0  0  0  2  1  1  0  2  13  0  3  0  673  2  430  46207  183  0  0  0  0  7  0  0  0  0  15  2  0  0  0  0  0  0  0  0  0  0  0  0  0  0  0  0  0  0  0  0  0  0  0  0  0  0  0  0  0  0  0  0  0  0  0  0  0  0  0  0  0  1  0  0  1  0  0  0  0  0  0  0  0  0  0  0  0  0  52  0  0  0  0  0  0  0  0  0  6999  2  115  34  10  0  105  0  0  0  0  
0  0  0  4  0  0  0  1  18  1  0  0  0  0  0  0  2  0  5  0  0  0  0  0  36787  44579  9  1  0  123  0  0  0  2616  0  2781  0  0  0  0  1795  0  0  5  7  3  0  0  28  0  0  0  0  0  0  6627  23  1  1  0  1  0  0  0  2120  55  1804  1  0  0  10  0  31039  0  0  0  0  0  0  0  0  0  0  0  0  0  0  0  0  0  0  0  0  0  0  0  0  0  0  23  0  0  0  0  0  0  0  0  0  6  0  0  0  0  92  0  0  1  7  0  0  0  0  0  0  2  0  0  0  5  0  0  0  0  0  0  0  0  11  15  1  0  0  0  0  0  27  0  0  1  1  17  3  1  0  0  0  3  3  0  
1  1  0  38  0  0  0  126  1985  3  982  0  0  0  0  0  129  0  16535  10736  1  0  1  0  212968  21652  108774  13  7  44166  0  0  0  0  0  4  0  0  0  0  285  0  0  49  501  27254  0  5  1116  0  0  8  0  1  12805  0  113  35385  2  0  5  0  0  0  106728  911  77712  5  9  0  29962  0  24307  0  0  0  0  1  0  0  0  0  4  0  0  0  0  0  0  0  0  1  0  0  0  0  0  0  0  48  0  0  2  2  0  0  0  0  0  11  0  0  0  0  154  0  0  2  48  2  0  0  5  0  0  14  0  0  0  3  0  0  0  0  0  0  0  0  22  27  6  0  3  0  5  0  46  0  0  1594  9  141  222  53  0  12  1  10  9  1  
0  23204  0  3  0  0  0  2  188  27  189  0  0  0  0  0  6  0  113638  50  4199  948  48  0  230  73  8  0  1  1161  0  0  6  151  4  13  0  75  0  0  96  53571  0  21781  52  18  0  522  30  16  6976  0  0  0  265  1067  0  7849  16337  6  4552  0  0  0  9833  290  896  2  0  0  3  46  21789  8  0  0  0  0  0  0  0  0  3  0  0  0  0  0  0  0  0  0  0  0  0  0  0  0  0  12  0  0  0  0  0  0  0  0  0  15  0  0  0  0  62  0  0  7  2  0  0  0  0  0  0  0  0  0  2  0  3  0  1  0  0  0  0  0  8  9  0  0  0  0  0  0  78  0  167  21  1797  40  92  4  0  0  0  6  1  0  
0  16  0  1  0  0  0  3  55  2  19563  0  0  0  0  0  0  0  75511  42008  1295  952  8  0  5275  2  39  0  1  301  0  0  5  75  1  3  0  33  0  0  32  718  0  18572  22  73  0  196  12  8  243  0  0  0  11  35141  3913  0  874  3  327  0  0  0  31493  46  118  0  1  0  21  30  12278  0  0  0  0  0  0  0  0  0  0  0  0  0  0  0  0  0  0  0  0  0  0  0  0  0  0  3  0  0  0  0  0  0  0  0  0  0  0  0  0  0  12  0  0  0  3  0  0  0  0  0  0  1  0  0  0  1  0  0  0  0  0  0  0  0  0  1  0  0  0  0  0  0  2  0  45  30  740  13  35  5  0  0  0  0  2  0  
0  27902  0  1  0  0  0  1  96  14  0  0  0  0  0  0  7  1  48307  1  12075  946  150  0  5  10  1  0  0  1336  0  0  104  92  6  251  27030  4430  0  0  1035  2267  0  1426  20  5  0  615  30  1  5177  0  0  0  11  54  10722  1372  0  8554  400  0  0  0  3384  149  90  0  0  0  1  33608  33587  32  0  0  0  0  0  0  0  0  0  0  0  0  0  0  0  0  0  0  0  0  0  0  0  0  0  13  0  0  0  1  0  0  0  0  0  11  0  0  0  0  74  0  0  8  0  0  0  0  0  0  0  0  0  0  1  0  0  0  0  0  0  0  0  0  8  1  0  0  0  0  0  0  38  0  115  2  780  181  174  10  0  1  1  5  0  0  
0  12620  0  0  0  0  0  0  0  0  0  0  0  0  0  0  40  0  103  0  91444  40  12  0  0  0  0  0  0  0  0  0  7  1411  49  25  62133  1434  0  0  72  17  0  683  0  0  0  4672  1  20022  239  0  0  0  0  3  307  256  10630  0  848  0  0  0  7  1  0  0  0  0  0  31652  12836  4  0  0  0  0  0  0  0  0  0  0  0  0  0  0  0  0  0  0  0  0  0  0  0  0  0  0  0  0  0  0  0  0  0  0  0  0  0  0  0  0  1  0  0  1  0  0  0  0  0  0  0  0  0  0  0  0  0  0  0  0  0  0  0  0  0  0  0  0  0  0  0  0  0  0  1305  0  6140  3  9  1  0  0  0  0  0  0  
0  507  0  18  0  0  0  4  27  57  29  0  0  0  0  0  68  0  404  69  115805  137679  85780  0  8  44  1  0  1  126  0  0  117  2362  34  98  18  1149  0  0  782  774  28  30873  95  3  0  5159  148  11575  28885  3  0  0  22  13  7363  4977  244  107  0  0  0  0  855  99  87  9  0  0  0  339  16290  34  0  0  0  0  0  0  0  0  0  1  0  0  0  0  0  0  0  0  2  0  0  25  24  0  0  8  0  0  0  0  0  0  0  0  0  9  0  0  0  0  44  0  0  3  0  0  0  0  0  1  0  0  0  0  1  1  4  1  0  0  0  0  0  0  3  3  0  0  0  0  0  0  45  0  970  13  49951  1019  2739  237  0  0  12  2  0  0  
4811  0  0  141  92  150  14  5  0  0  0  64  133  13741  34794  20  6  0  0  0  1  1  0  25815  0  0  0  0  3  0  131  0  0  0  0  0  0  0  6115  19  25  1  0  5  82  0  6  2  419  0  0  13716  105  54  0  0  4  2  0  0  8  0  0  11097  0  101  7  104  9  160  0  0  6  0  8  0  0  0  0  7  9  0  0  0  0  0  0  0  0  0  0  0  0  0  0  0  0  0  0  0  0  0  0  0  0  0  0  0  0  0  0  0  0  0  0  0  0  0  0  0  0  0  0  0  0  1  0  0  0  0  0  0  0  0  0  0  0  0  0  156  0  0  0  0  0  0  0  0  0  956  2  483  355  58  0  106  0  0  0  0  
1279  0  0  0  18  21  0  0  0  3  0  2  0  0  2  93  155  411  0  0  1  0  186  66768  0  0  0  0  0  0  69790  2140  0  0  8  0  0  0  0  0  2  0  7  0  0  0  7  1  6  0  0  4  1  0  0  0  0  0  0  0  0  1  0  2540  0  161  0  0  0  21557  0  0  1  0  131  0  0  0  0  12  0  0  0  0  0  0  0  0  0  26  0  0  0  0  0  0  0  43  0  0  0  0  0  0  148  1024  0  0  0  0  0  0  0  0  0  0  0  0  0  0  0  0  0  0  0  0  0  0  0  0  0  0  0  0  0  0  1374  2  0  3  0  0  0  48  0  0  0  0  155  67  107  2748  35398  209  5  724  1  310  147  15  
34352  0  0  401  159  253  9  8  0  0  0  82  2024  89  259  193  5  21  0  0  0  0  7  137040  0  0  0  10  11  0  1873  710  0  0  0  0  0  0  15000  6  34  0  0  2  217  0  8704  2  642  0  0  457  36  46  0  0  7  4  1  0  13  20932  270  0  1  3060  14  126  15  1075  0  0  12  0  353  0  0  0  1  38  0  0  0  0  0  0  0  0  4  0  0  0  0  0  0  0  0  13  0  0  0  0  0  0  0  0  0  0  0  0  0  0  0  0  0  0  0  0  0  0  0  0  0  0  0  0  0  0  0  0  0  0  0  0  0  2  0  0  0  118  0  0  0  0  0  0  0  0  0  10898  8  5596  43578  211  0  505  0  1  0  0  
0  1  0  9  0  0  0  41  3786  1197  84381  0  0  0  0  0  18  0  2817  23399  7  2332  5  0  3255  41  24127  6  4  115186  1  0  0  0  0  2  0  3  0  0  152  17  0  49109  149  4851  0  1  208  0  8  2  0  0  111  43120  4255  9889  25  0  35  0  0  0  0  2822  2417  1  2  0  1239  3  9572  0  0  0  0  0  0  0  0  0  134  138  5  0  0  0  0  0  0  0  0  0  0  7  0  0  0  34  0  0  0  37380  0  0  0  0  0  20  0  0  0  0  102  0  0  78  24  1  0  0  1  0  0  0  0  0  3  3  5  1  2  0  0  0  0  0  1246  19  1  0  1  0  2275  0  84  0  0  399  23  25  41  4  0  3  0  3  2  0  
6865  3  1  8  448  38217  32328  21108  36021  36769  5  26  0  63  25  1393  0  0  51  0  19  169  16  1718  89  22  89  8  44  3308  6637  33516  0  0  0  11  0  4  8  12  427  13  0  20861  783  1268  2  2  154  0  35  246  56  769  16  2203  639  93  80  0  48  36  65  1990  2572  0  3983  16  1235  15524  5940  0  2557  0  21996  0  0  17  61  5897  3273  8361  320  464  61  0  0  10  40  1245  9  20  11  2  0  94  5  1111  2  1191  0  8  58  152  1972  112  4  6  2  625  0  0  11  0  4257  8  0  3077  1825  70  21  22  237  0  52  448  10  103  28  86  2816  438  714  0  27  30  19  1549  1254  63001  148  77  156  119  509  0  6273  59  0  27075  39  2534  288  48  2  8718  21  200  264  6  
6  6  10078  7800  0  1  0  2280  2191  7  2  7  1  1  1  1  177  0  16  0  3  6  20  0  276  133481  98185  118415  1669  1182  3  3  2  1  0  36  0  1  1  0  7542  8  0  138  128056  38783  1  11  7487  0  4  39  0  2  1660  61542  211  46  9  0  42  0  0  4  4740  2544  0  37  155  2  13549  1  1092  0  1  0  0  4  0  2  1  1  13  1  3  0  0  0  0  0  0  0  0  0  0  0  0  0  0  187  0  2  7  15  1  1  0  0  0  120  0  0  0  0  862  0  0  13  137  7  0  0  4  0  0  24  0  1  6  18  4  3  5  0  1  0  0  0  114  125  12  2  6  0  12  0  387  0  0  1064  88  1185  916  56  0  25  2  140  18  0  
263  2  0  1995  21  51  25  100  1  0  0  31600  131  19  29036  8  13  386  3  0  1  3  53  286  0  1  0  35  95692  0  68  0  1  0  0  4  0  0  65  145  115  1  0  25  24509  1  642  22  12356  0  4  53894  11  263  0  1  24  25  1  0  160  116  0  486  7  24  68  0  10732  59  0  0  197  0  6  0  0  0  0  3  0  0  0  0  0  0  0  0  0  0  0  0  0  0  0  0  0  0  0  0  0  0  0  0  0  0  0  0  0  0  0  0  0  0  0  0  0  0  0  0  0  0  0  0  0  0  0  0  0  0  0  0  0  0  0  0  0  0  0  6  0  0  0  0  0  0  0  0  0  9738  120  819  3009  64  0  15  0  1  0  0  
2  1  0  67  1  3  1081  24557  3  1  0  1  0  0  15952  39078  5  0  3  0  2  0  1  0  0  0  0  422  158027  0  1  0  0  0  0  0  0  0  0  0  32  3  0  8  42353  20  0  10  48  0  1  8603  0  57180  0  0  10  6  4  0  5  0  0  1  1  624  28  7590  0  1  0  0  7  0  0  0  0  0  0  0  0  0  0  0  0  0  0  0  0  0  0  0  0  0  0  0  0  0  0  0  0  0  0  0  0  0  0  0  0  0  0  0  0  0  0  0  0  0  1  0  0  0  0  0  0  0  0  0  0  0  0  0  0  0  0  0  0  0  0  1  0  0  0  0  0  0  0  0  0  15896  7  388  315  83  0  2  0  0  0  0  
4681  0  0  8  3600  29535  6  1  0  1  0  72  0  75  54  12303  0  1  0  0  0  0  0  21472  0  0  0  0  0  0  94948  22636  0  0  0  0  0  0  67  15  0  0  0  0  4  0  1  0  2840  0  0  355  7  13  0  0  0  0  0  0  3  219  32802  4679  0  24255  0  28  1  0  0  0  0  0  2068  0  0  0  19  243  1  0  0  0  0  0  0  0  1  82  0  0  0  0  0  0  0  290  0  0  0  0  0  0  2588  1042  0  0  0  0  0  0  0  0  1  0  0  0  1  0  0  0  0  0  0  4  0  0  0  0  0  0  0  0  0  1  427  32  0  429  0  1  0  95  0  0  0  0  4  706  25  2411  1137  187  0  949  2  185  31  3  
0  0  411  2  0  0  1  89  58874  1907  3  0  0  0  0  0  4  0  2  1  0  6  0  0  17  30  29549  0  13  112869  1  0  0  0  0  9  0  0  0  0  180  0  0  152  455  17761  0  1  39  0  0  1  0  0  17  17331  32  17  3  0  16  0  0  0  3483  10159  9809  1  8  0  0  0  914  0  0  0  78  1  0  0  1  582  35581  674  2  0  0  0  0  9  0  0  0  0  0  0  0  0  0  83  0  0  1  45  0  0  0  0  0  33  0  0  0  0  544  0  0  5  35  215  0  0  4  0  0  16  0  0  3  10  5  2  6  0  0  0  0  0  78  40826  11  1  2  0  6195  0  128  0  0  694  2  21  32  4  0  40  0  5  9  0  
0  12716  0  1  0  0  0  0  3  2  1  0  0  0  0  0  7  0  760  1  7136  174  549  0  0  1  0  0  0  14  0  0  7  4461  159  393  167446  170529  0  0  1103  195  32532  1385  7  0  0  5953  5  25460  1028  0  0  0  1  0  2655  3086  26943  21123  1807  0  0  0  45  5  2  0  0  0  0  0  23093  10  0  0  0  0  0  0  0  0  0  0  0  0  0  0  0  0  0  0  0  0  0  0  0  0  0  2  0  0  0  0  0  0  0  0  0  1  0  0  0  0  13  0  0  0  0  0  0  0  0  0  0  0  0  0  1  0  1  0  0  0  0  0  0  0  1  0  0  0  0  0  0  0  6  0  214  1  4284  35  114  4  0  0  0  1  0  0  
1  10219  0  41  0  0  0  11  868  168  295  0  0  0  0  0  113  0  70540  17  4907  683  563  0  120691  3670  18  9  3  5848  0  1  4233  133764  156  18848  1349  164769  0  0  13090  982  9  8906  454  188  0  18724  936  8715  4627  3  0  0  31978  25761  33421  10427  40448  6234  9947  0  0  0  44434  1935  1740  9  4  0  26  17845  0  2371  0  0  0  5  0  0  0  0  7  3  2  0  0  1  0  0  1  0  0  0  0  1  1  0  1  273  0  1  1  12  0  0  0  0  0  195  0  0  0  0  1257  0  0  34  10  0  0  0  2  0  1  9  0  0  23  5  21  9  17  0  0  0  0  0  133  118  5  0  1  0  5  0  736  2  260  58  5398  1784  780  77  0  9  18  61  9  0  
0  58  0  2450  0  0  0  0  0  0  0  47  0  0  0  0  6  1  48  0  73  49  1  0  0  22  0  0  0  0  0  0  33368  14375  0  14421  0  0  0  0  13346  94  0  94  0  0  0  194  52  0  54  0  0  0  0  0  311  88  175  2  73  0  0  0  2  0  0  1  0  0  0  1  2384  0  0  0  0  0  0  0  0  0  0  0  0  0  0  0  0  0  0  0  0  0  0  0  0  0  0  0  0  0  0  0  0  0  0  0  0  0  0  0  0  0  0  0  0  0  0  0  0  0  0  0  0  0  0  0  0  0  0  0  0  0  0  0  0  0  0  0  0  0  0  0  0  0  0  0  2  2  186  19  21  2  0  0  0  0  0  0  
4368  0  0  5  248  257  1  1  0  0  0  4  0  2  45  503  0  0  0  0  0  0  1  792  0  0  0  0  1  0  7503  62  0  0  0  0  0  0  4  1  1  0  0  0  8  0  0  0  32  0  0  18  25  2  0  0  0  0  0  0  1  157  4  990  0  6830  0  6  0  443  0  0  0  0  0  0  0  0  22718  11801  53  1  0  0  0  0  0  324  19912  15484  0  3  0  0  0  0  0  63300  0  0  0  0  0  0  4482  45  0  0  0  0  0  0  477  2  17  0  0  2  83  0  12  1  446  0  0  3165  12416  134  0  0  1  0  0  0  0  1017  117  16739  2  965  0  87  8  13291  0  0  0  0  0  1042  0  304  61  12  0  21143  2  60  3060  18  
0  0  0  0  0  0  0  0  0  0  0  0  0  0  0  0  0  0  0  0  0  0  0  0  0  0  0  0  0  0  0  0  0  0  0  0  0  0  0  0  0  0  0  0  0  0  0  0  0  0  0  0  0  0  0  0  0  0  0  0  0  0  0  0  0  0  0  0  0  0  0  0  0  0  0  0  0  0  0  0  0  0  0  0  1  0  0  0  0  0  65  1  62702  0  29479  576  18  0  0  1  0  0  0  0  0  0  0  1  29  1  16125  48  0  0  0  25166  0  26  0  0  0  287  0  39  27924  0  0  0  0  0  1062  0  18398  53666  4416  0  0  0  3  0  0  0  0  0  0  5017  642  1  0  0  0  0  0  0  114  1  544  0  1  0  
0  0  1580  0  0  0  0  0  0  0  0  0  0  0  0  5  0  0  0  0  0  0  0  0  0  0  4  0  0  1771  0  0  0  0  0  0  0  0  0  0  0  0  0  0  1  38  0  0  0  0  0  0  0  0  0  0  0  0  0  0  0  0  0  0  0  0  0  0  0  0  181  0  0  0  0  0  0  0  0  0  0  1906  1455  0  0  0  0  0  0  61216  1  0  0  0  0  0  0  0  0  2  4437  4608  17377  9203  0  0  0  0  0  0  0  0  0  0  0  0  0  0  49448  34880  0  0  1  0  0  3  0  0  0  0  0  0  1  0  0  0  0  0  23  4  18773  0  1552  0  263  0  18  0  0  0  0  0  0  0  0  0  0  0  0  0  
0  0  0  0  0  0  0  0  0  0  0  0  0  0  0  0  0  0  0  0  0  0  0  0  0  0  0  0  0  0  0  0  0  0  0  0  0  0  0  0  3  0  0  0  0  0  0  0  0  0  0  0  0  0  0  0  0  0  0  0  0  0  0  0  0  3  0  0  0  0  0  0  0  0  26  0  0  0  0  4  1  0  0  0  0  32095  0  18  6  0  177  5  0  0  0  2  1  0  0  66148  0  24235  16616  1  0  0  4972  1182  351  72  0  0  2  1  49462  0  0  5  37945  2  9  372  56060  0  1  173  0  3  0  11  6  0  3  0  0  2  0  0  139  9  998  2743  30  0  0  0  35  3047  0  6  0  1  0  0  1  125  9  14  159  2  
204  0  0  0  7  1939  0  0  0  0  0  0  0  0  3  427  0  0  0  0  0  0  0  63  0  0  0  0  0  0  552  0  0  0  0  0  0  0  0  0  0  0  0  0  0  0  0  0  4  0  0  0  0  0  0  0  0  0  0  0  0  11  0  27  0  359  0  1  0  34  0  0  0  0  23961  0  0  0  0  20123  2  0  0  0  0  0  0  0  59  113998  0  0  0  0  0  0  0  0  0  0  0  0  0  0  1  0  0  0  0  0  0  0  0  0  0  0  0  0  1  0  0  0  2  0  0  40  40804  33  0  0  0  0  0  0  0  0  0  32  0  76  1  0  0  429  0  0  0  0  0  53  0  14  2  0  0  43  0  0  1  0  
1061  0  0  6  51  17958  1932  2  12  0  0  3  0  6  19  275  0  0  0  0  0  0  0  408  0  0  0  0  0  0  2631  252  0  0  0  0  0  0  1  0  0  0  0  0  8  0  0  1  38  0  0  38  8  6  0  0  0  0  0  0  0  29  246  172  0  14588  0  2  1  3620  1  0  0  0  23372  0  0  0  16274  0  30548  221  25  0  0  0  1  724  989  109094  0  74  0  0  0  1  0  6226  0  1  0  0  3  0  20562  27027  0  0  0  1  0  0  133  6  20  0  0  1  113  4  196  0  2459  0  0  3282  15351  13610  0  1  0  1  0  0  0  493  3165  3185  0  84809  10  76  80  67545  0  0  0  0  0  698  1  218  74  29  1  7422  3  100  183  6  
9  0  0  0  4  29  6822  8886  29  0  0  2  0  5  1  860  0  0  0  0  0  0  0  2  0  0  0  0  0  0  19  0  0  0  0  0  0  0  1  1  0  0  0  0  10  0  1  0  13  0  0  30  0  3  0  4  0  0  0  0  0  1  0  2  1  3485  5  0  1  4  0  0  0  0  554  0  0  1  12  43944  0  39949  27  0  0  0  0  203  148  53458  0  106  0  0  0  1  1  123  0  1  0  0  11  0  0  0  0  0  0  0  0  0  57  2  40  0  0  0  109  0  450  3  1446  0  0  3014  17  20657  0  0  0  0  0  0  0  184  0  55  2  37974  4  838  130  5  1  0  0  0  0  708  1  4  2  0  0  6217  4  3  457  1  
0  0  6495  0  0  0  44  28019  2529  0  0  0  0  0  0  5325  0  0  0  0  0  0  0  0  0  0  1  0  0  2505  0  0  0  0  0  0  0  0  0  0  3  0  0  0  3  1103  0  0  0  0  0  0  0  0  0  6  0  0  0  0  0  0  0  0  1  4053  1  0  1  0  178  0  0  0  16  0  2734  3  0  12  36677  0  22202  0  1  0  0  3  13  74234  12  6  0  0  0  2  2  2  0  6  1  0  3486  1  0  0  0  0  0  2  0  0  1  0  213  0  0  8  17849  32532  14  31  86  1  0  203  1  2284  0  3  4  1  2  0  0  2  0  3  14  33118  18  112  15242  0  24  0  10  1  0  94  0  0  1  1  0  2649  65  84  544  10  
0  0  2962  0  0  0  0  2  4811  146  2  0  0  0  0  0  0  0  10  2  1  5  4  0  2  5  33  1  2  25208  1  0  1  1  0  5  0  2  0  0  47  2  0  665  31  134  0  5  0  0  2  0  0  0  0  3  100  7  7  0  23  0  0  0  232  778  24  0  1  0  30344  0  439  0  0  0  2295  9  0  0  6  19223  0  6288  4  0  0  1  3  1097  1  1  3  0  0  3  1  0  4  417  1  5  100  7834  0  0  0  0  0  206  0  0  1  0  3107  1  0  409  2534  42626  5  3  46  0  2  135  0  5  14  52  124  34  66  0  0  2  0  1  1582  34182  295  30  232  0  46102  0  1904  0  0  26  4  8  2  0  0  287  10  123  70  0  
0  2  0  0  0  0  0  0  71  25737  1886  0  0  0  0  0  0  0  1  6  0  2239  0  0  0  0  0  0  0  3434  0  0  0  0  0  1  0  1  0  0  3  0  0  1944  0  0  0  0  1  0  1  0  0  0  0  0  32  4  4  0  13  0  0  0  36  2415  0  0  0  0  185  0  140  0  0  0  0  1  0  0  0  0  10049  0  897  0  0  0  0  1  2  0  4  0  0  15402  6230  0  0  57  0  0  0  17152  0  0  0  1  0  93  0  0  0  0  193  4  0  57173  3  0  0  2  0  0  10  0  0  0  3  1  642  157  176  0  1  0  0  0  4155  26680  0  0  0  0  112  0  839  10  0  0  3  0  0  0  1  3  275  89  9  0  
0  0  0  0  0  0  0  0  0  1  4604  0  0  0  0  0  0  0  3  1142  0  5135  0  0  0  0  0  0  0  8  0  0  0  0  0  0  0  0  0  0  1  6  0  1853  0  0  0  0  0  0  0  0  0  0  0  0  0  0  0  0  0  0  0  0  5  1  0  0  0  0  0  0  2  0  0  0  0  0  0  0  0  0  3  614  0  0  0  0  0  0  7  0  150  59969  0  5513  7  0  0  3  103  0  0  1143  0  0  2  1  5  3  0  0  0  0  5  33444  0  114283  0  0  1  264  0  0  36  0  0  0  1  1  346  9079  33  0  28  0  0  0  130350  14  0  0  0  0  0  0  307  11  0  0  0  0  0  0  19  0  16  0  9  0  
0  0  0  0  0  0  0  0  1  0  0  0  0  0  0  0  0  0  0  0  0  0  0  0  0  0  0  0  0  0  0  0  0  0  0  0  0  0  0  0  0  0  0  0  0  0  0  0  0  0  0  0  0  0  0  0  0  0  0  0  0  0  0  0  0  0  0  0  0  0  0  0  0  0  2  0  0  30215  0  1  0  0  0  0  0  0  713  15309  6  0  1183  1189  0  0  0  0  0  79  0  0  0  0  2020  0  0  0  163  76  37  0  0  0  1456  19799  678  0  0  0  139  0  174  685  74057  0  0  7816  0  1  0  0  0  0  0  0  0  24  0  0  0  0  0  33701  0  0  0  0  0  13  0  0  0  0  0  0  0  3  0  0  30  1  
0  0  0  0  0  0  0  0  0  0  0  0  0  0  0  0  0  0  0  0  0  0  0  0  0  0  0  0  0  0  0  0  0  0  0  0  0  0  0  0  0  0  0  0  0  0  0  0  0  0  0  0  0  0  0  0  0  0  0  0  0  0  0  0  0  0  0  0  0  0  0  0  0  0  9  0  0  0  0  0  1  0  0  0  0  506  0  10145  0  4  9  3104  0  0  0  0  0  32711  0  0  0  0  0  0  0  0  0  0  0  0  0  0  25580  2  1  0  0  0  1  0  13170  3  846  0  0  7  0  0  0  0  0  0  0  0  0  11972  0  6271  0  0  1  6  0  0  0  0  0  0  0  0  0  0  0  0  0  93  0  0  899  0  
2  0  0  1  1  1  0  0  1  0  0  1  0  1  0  2  0  0  0  0  0  0  0  1  0  0  0  0  0  0  18  0  0  0  0  0  0  0  0  0  0  0  0  0  0  0  0  0  0  0  0  0  0  0  0  0  0  0  0  0  0  0  0  1  0  9  0  0  0  0  0  0  0  0  758  0  0  0  13  161  132  1  2  0  1  16487  11037  0  204  8  0  6025  0  0  0  0  0  314  0  0  0  0  1  0  0  0  0  0  0  0  0  0  53534  48078  19  0  0  1  51  0  1242  0  19868  0  0  53562  10  164  0  0  0  0  0  0  0  21306  0  1059  6  277  1  130  5  5  0  0  1  0  0  35  0  8  1  2  0  963  0  10  514  1  
61  0  0  0  5  6  0  0  2  0  0  0  0  3  1  8  0  0  0  0  0  0  0  20  0  0  0  0  0  0  124  0  0  0  0  0  0  0  0  0  0  0  0  0  0  0  0  0  7  0  0  11  0  0  0  0  0  0  0  0  0  2  0  14  0  278  0  0  0  19  0  0  0  0  29285  0  0  0  232  2687  3978  20  5  0  0  0  0  319  0  345  0  73  0  0  0  0  0  15076  0  0  0  0  647  0  0  0  0  0  0  0  0  0  650  2  46  0  0  2  38  4  186  2  1398  0  0  198071  165599  151642  0  1  0  0  0  0  0  23596  0  199  3  877  1  24726  35589  82  0  0  0  0  0  298  0  76  4  2  0  4364  0  1  156  0  
79  0  5044  1  8  20314  19024  1390  11  0  0  2  0  2  0  29708  0  0  0  0  0  0  0  45  0  0  1  0  0  653  209  2  0  0  0  0  0  0  0  0  0  0  0  0  0  130  0  0  4  0  0  4  0  1  0  1  0  0  0  0  0  1  1  19  0  1288  0  0  1  431  3  0  0  0  20923  0  63765  1  95583  120729  58899  92373  1603  0  1  0  0  11  807  0  1  1  0  0  0  2  0  321  0  0  0  0  15310  0  3573  6  0  0  0  0  0  0  5  1  77  0  0  3  1007  6219  10  7  66  0  0  116  25621  139492  0  1  0  1  0  0  0  17  29  283  2  355  3  29  37843  20275  0  0  4  0  0  57  0  13  1  0  0  1809  6  12  621  6  
0  0  0  0  0  0  0  0  0  1  0  0  0  0  0  0  0  0  0  0  0  0  0  0  0  0  0  0  0  0  0  0  0  0  0  0  0  0  0  0  0  0  0  1  0  0  0  0  0  0  0  0  0  0  0  0  0  0  0  0  0  0  0  0  0  5  0  0  0  0  0  0  1  0  4  0  0  703  0  2  26  1  7  0  478  747  1  18  13  3  0  31389  9  0  3  484  11767  2247  1  10  0  0  7  3  0  0  155  24  9299  1  0  0  3  0  13280  61  6  2871  652  9  1346  62257  27540  1513  116  276  0  20  0  2  132  62  13  0  761  7  123  3  432  21  21  78  6  0  2  0  159  1  0  0  0  0  0  0  1624  414  2112  77  29087  17  
0  0  0  0  0  0  0  0  0  0  0  0  0  0  0  0  0  0  0  0  0  0  0  1  0  0  0  0  0  0  1  0  0  0  0  0  0  0  0  0  1  0  0  0  0  0  0  0  0  0  0  0  0  0  0  0  0  0  0  0  0  0  0  0  0  1  0  0  0  0  0  0  0  0  49  0  0  5  0  1  81  5  1  0  24  513  3031  3335  422  3  35185  0  0  0  0  66  11062  27293  0  5  0  0  5  1  0  1  0  0  1553  0  0  0  1723  1114  121  9  0  222  52  1  43764  1503  48005  29  16  3042  0  94  0  0  11  3  0  0  227  26  182  130  40  4  3  275  11  0  0  0  15  0  0  1  0  0  0  0  825  369  665  5  30175  0  
0  0  0  0  0  0  0  0  0  0  0  0  0  0  0  0  0  0  0  0  0  0  0  0  0  0  0  0  0  0  0  0  0  0  0  0  0  0  0  0  1  0  0  3  0  0  0  0  0  0  0  0  0  0  0  0  1  0  0  0  0  0  0  0  0  0  0  0  0  0  0  0  1  0  0  68892  0  0  0  0  0  0  4  5  174  0  0  0  1  0  9  2  0  6936  241  39  27  0  43504  58  0  0  0  16  0  0  4  3  23  45  73  76  0  0  56  47469  0  872  0  1  0  2019  0  0  12757  2  0  0  19  14116  163799  65542  80928  1104  282  0  0  0  460  11  4  0  0  0  0  162  63191  75  0  0  0  0  0  0  89  1  102  2  4  0  
0  0  0  0  0  0  0  0  0  0  80  0  0  0  0  0  0  0  4  98  0  0  0  0  0  0  0  0  0  0  0  0  0  0  0  0  0  0  0  0  0  0  0  10  0  0  0  0  0  0  0  0  0  0  0  0  0  0  0  0  0  0  0  0  0  0  0  0  0  0  0  0  0  0  0  0  0  0  0  0  0  0  0  37  63314  0  0  0  0  0  0  0  6212  0  0  11  0  0  116  1  25735  0  0  440  0  0  0  0  0  1  0  0  0  0  0  14932  0  172  0  0  0  0  0  0  0  0  0  0  0  26748  3  73063  1  0  0  0  0  0  54565  0  0  0  0  0  0  0  58  0  0  0  0  0  0  0  0  0  0  1  0  0  
0  0  0  0  0  0  0  0  0  0  0  0  0  0  0  0  0  0  0  0  4  5  34  0  0  0  0  0  0  0  0  0  0  0  0  0  0  0  0  0  0  0  0  0  0  0  0  0  0  0  1  0  0  0  0  0  0  0  0  0  2  0  0  0  0  0  0  0  0  0  0  0  0  0  0  41222  0  0  0  0  0  0  0  0  5  0  0  0  0  0  493  17  1649  0  0  2765  2756  0  0  0  0  0  0  0  0  0  1  12  188  0  28671  123  0  0  0  1265  12  127  0  0  0  8933  0  53288  25247  0  0  0  0  0  2406  2  166  86020  94052  0  0  0  20  0  0  0  0  0  0  115  8225  2  0  0  0  0  0  0  616  0  4212  0  7  0  
0  0  0  0  0  0  0  0  0  764  2621  0  0  0  0  0  0  0  0  0  8  3114  10  0  0  0  0  0  0  240  0  0  0  0  0  0  0  0  0  0  0  2  0  362  0  0  0  0  1  0  2  0  0  0  0  0  0  0  1  0  15  0  0  0  83  46  0  0  0  0  1  0  0  0  0  1473  0  0  0  0  2  1  2  8760  7863  0  0  0  1  2  176  47  21  0  3954  0  20029  2  0  0  0  0  0  18  0  0  25  1  118  4  3  0  0  0  48  61353  0  166671  20  0  4  521  4  54  34318  19  0  0  0  0  3047  8  13  266  110650  0  0  0  1059  1  5  9  6  0  0  0  392  11  0  0  4  2  1  1  655  36  18468  39  254  11  
0  0  0  0  0  0  0  0  0  1  0  0  0  0  0  0  0  0  0  0  12  22  25  0  0  0  0  0  0  0  1  2  0  0  0  0  1  0  0  0  0  0  0  1  0  0  0  0  0  0  1  0  0  0  0  0  0  0  0  0  18  0  15  0  0  0  0  0  0  0  0  0  0  0  1  0  0  0  0  0  0  0  0  7927  82  0  0  0  0  1  11141  12014  9  0  2491  22592  0  20192  0  2  0  0  0  1  108  7277  1  0  26056  7  882  0  0  0  12  49  47754  10259  0  0  261  324  12  17926  66  0  0  0  0  0  96  25  12  0  34982  0  10200  192  116  2060  0  0  0  1  0  0  129  2  0  0  4  4  15  7  43035  16  187361  365  61453  11975  
34  0  0  0  2  3  0  0  0  0  0  0  0  0  0  0  0  0  0  0  0  0  0  4  0  0  0  0  0  0  153  32  0  0  0  0  0  0  0  0  0  0  0  0  0  0  0  0  1  0  0  0  1  0  0  0  0  0  0  0  0  1  3  8  0  270  0  0  0  107  0  0  0  0  68918  0  0  2  11  1264  29  1  1  0  0  10  24420  349  11558  228  5005  22725  0  0  0  2  20580  0  0  1  0  0  6  0  28600  1006  0  0  3  0  0  0  178  2  48  0  27  8  253  1  56556  254  397  1  0  1760  3  24  0  0  1  0  1  0  4  63506  85899  169395  4  694  1  278  8  7795  0  0  1  0  0  21  0  7  1  2  28  17632  30  152  64716  59  
0  0  0  0  0  0  0  0  0  0  0  0  0  0  0  0  0  0  0  0  0  0  0  0  0  0  0  0  0  0  0  0  0  0  0  0  0  0  0  0  0  0  0  0  0  0  0  0  0  0  0  0  0  0  0  0  0  0  1  0  0  0  0  0  0  0  0  0  0  0  0  0  0  0  0  0  0  0  0  0  0  0  0  0  2  0  0  0  0  0  0  0  38959  436  0  0  0  0  0  39855  9212  7  0  3  0  0  0  10561  0  8429  0  1255  0  0  15  0  0  0  0  0  0  0  0  0  0  0  0  0  52125  75907  29  221  1  0  0  0  0  0  98  0  31  0  0  0  0  0  218096  0  0  0  0  0  0  0  0  0  0  0  0  0  
0  1  0  0  0  1  0  0  18  0  0  0  0  0  0  0  0  0  1  0  0  0  0  0  0  3  0  0  0  1  0  0  0  0  0  1  0  1  0  0  152  2  0  17  0  0  0  0  0  0  1  0  0  0  0  0  8  3  1  0  1  0  0  0  7  65  1  0  0  0  0  0  64  0  13  0  0  73359  1  5  1  1  96  2  5  2  0  15  9  2  15  20  0  0  0  3  5  1  51032  0  11  22782  116  57  0  0  663  4995  1  44116  0  347  0  0  65622  2  0  54  4121  119  14  18  860  0  2  832  0  1  73823  6599  41  17  6  0  6  2  0  0  2759  119  124186  21  46  0  66  0  20825  4734  0  0  0  2  0  0  0  50  4  560  429  4  
0  0  0  0  0  0  0  0  0  0  0  0  0  0  0  0  0  0  0  1  0  0  0  0  0  0  0  0  0  0  0  0  0  0  0  0  0  0  0  0  0  0  0  0  0  0  0  0  0  0  0  0  0  0  0  0  0  0  0  0  0  0  0  0  0  0  0  0  0  0  0  0  0  0  0  0  1487  0  0  0  0  0  0  0  169  0  0  0  0  1  0  0  0  24836  0  0  0  0  7799  2  0  462  0  95737  0  0  0  0  0  0  0  0  0  0  0  0  0  0  4  3333  0  0  0  0  0  0  0  0  6  145188  0  17  0  0  0  0  0  0  17404  0  66515  0  0  0  2742  0  0  0  0  0  0  0  0  0  0  0  0  0  0  0  
0  0  0  0  0  0  0  0  0  0  0  0  0  0  0  0  0  0  0  0  0  0  0  0  0  0  0  0  0  0  0  0  0  0  0  0  0  0  0  0  0  0  0  0  0  0  0  0  0  0  0  0  0  0  0  0  0  0  0  0  0  0  0  0  0  0  0  0  0  0  0  0  0  0  1  0  8579  16682  0  0  0  0  0  0  0  0  0  0  0  0  0  0  0  0  0  0  0  0  22  10663  299  0  5847  0  0  0  1  0  0  0  0  0  0  0  1164  0  0  0  159304  0  0  1  30  0  0  2  0  0  38  5875  0  0  0  0  0  0  0  0  1  0  136082  1  0  0  0  0  1  1  0  0  0  0  0  0  0  2  0  1  2  0  
1  0  1  0  0  0  0  0  0  0  0  0  0  0  0  0  0  0  0  0  0  0  0  0  0  0  0  0  0  0  0  0  0  0  0  0  0  0  0  0  4  0  0  0  0  0  0  0  0  0  0  1  0  0  0  0  0  0  0  0  0  0  0  0  0  7  0  0  0  0  0  0  0  0  27  0  16503  17764  0  4  55  1206  9  0  0  1944  0  36  1988  9610  8  12  0  0  0  8  2  2  0  32  0  6488  0  2  0  0  0  0  0  0  0  0  4  1  1205  1  0  17  177804  788  9  25  4570  0  0  940  0  28  0  20  2  2  2  0  1  2  0  0  212  36  61  74029  92585  0  0  0  22  0  0  12  0  0  0  0  0  445  18  19  319  6  
0  0  0  0  0  0  0  0  88  4  16816  0  0  0  0  0  0  0  46  3965  3  326  2  0  2  3  398  0  0  20860  0  0  1  0  0  2  0  1  0  0  41  3  0  831  3  0  0  1  0  0  4  0  0  0  1  0  118  8  13  0  17  0  0  0  10206  142  8  0  0  0  70  0  517  0  1  0  4676  8  1  1  3  15  7233  12065  901  0  0  3  1  5  2  2  8  170  0  89  0  1  11  500  97840  6  2  0  0  0  0  0  0  250  0  0  0  0  1976  0  0  4122  270  50012  4  2  63  0  3  113  0  1  11  15669  358  101  81  0  2  3  0  0  91454  3875  23128  29  1  0  109109  0  7586  5  0  0  6  3  2  0  1  44  13  80  60  0  
1  0  0  0  0  99  0  0  0  2  0  0  0  0  0  1  0  0  0  0  0  0  0  23  0  0  0  0  0  0  4338  667  0  0  0  0  0  0  0  0  0  0  0  0  0  0  0  0  0  0  0  0  0  0  0  0  0  0  0  0  0  0  163  3  0  981  0  0  0  1234  0  0  0  0  3586  0  0  0  0  7635  0  0  0  0  0  0  0  0  0  3682  0  0  0  0  0  0  157  26592  0  0  0  0  0  0  0  41336  0  0  0  0  0  0  0  0  0  0  0  0  0  0  0  0  0  0  0  0  0  0  0  0  0  0  0  0  0  0  78892  302  0  852  0  0  0  45022  0  0  0  0  0  0  6  17  68  54  243  926  53  1421  14790  1677  
26  0  0  0  2  2  0  0  0  14  0  0  0  0  0  4  0  0  0  0  0  0  1  390  0  0  0  0  0  0  211  1453  0  0  0  0  0  0  0  0  1  0  0  0  0  0  0  0  0  0  0  0  0  0  0  0  0  0  0  0  0  0  4508  40  0  161  0  0  0  289  0  0  0  0  710  0  0  0  0  10690  0  0  0  0  1  0  0  0  0  137  11  4  0  0  0  5  6263  1738  0  0  0  0  0  0  41447  0  0  0  3  0  0  0  0  0  0  1  0  7  0  0  0  192  0  0  0  0  0  0  0  0  1  1  0  0  15  0  41793  643  1  6231  0  0  0  13109  0  0  0  0  2  0  20  195  2582  720  438  20915  565  2777  17993  13546  
0  0  0  0  0  0  0  0  0  0  0  0  0  0  0  0  0  0  0  0  0  0  0  0  0  0  0  0  0  0  0  0  0  0  0  0  0  0  0  0  0  0  0  0  0  0  0  0  0  0  0  0  0  0  0  0  0  0  0  0  0  0  0  0  0  0  0  0  0  0  0  0  0  0  1  0  0  5039  0  0  0  0  0  1  499  94  0  0  7  0  48  10  1  0  0  134  25  0  0  646  0  0  0  1  0  0  0  17625  10135  18  0  0  0  0  10796  13  0  5210  106  0  0  24880  267  4  30  53  0  2  0  0  88  302  24  0  208  0  0  0  167  1  2  22  1  0  0  0  1719  30702  0  0  0  0  0  0  27  173  56  403  397  32  
0  0  0  0  0  0  0  0  0  0  0  0  0  0  0  0  0  0  0  0  0  0  0  0  0  0  0  0  0  0  0  0  0  0  0  0  0  0  0  0  0  0  0  0  0  0  0  0  0  0  0  0  0  0  0  0  0  0  0  0  0  0  0  0  0  0  0  0  0  0  0  0  0  0  0  1  0  420  0  0  0  0  0  1  52  26  0  0  0  0  32  5  58  0  30  29  5  0  10982  4982  0  0  0  1  0  0  13533  0  102961  39242  22  5642  0  0  56  19  14041  825  1  0  0  36511  79  3406  8  0  0  0  0  1  252  276  62  8  243  0  0  0  34  0  0  0  0  0  0  34  134476  16656  0  0  0  0  0  0  10  2  60  4  7  0  
0  0  0  0  0  0  0  0  0  0  0  0  0  0  0  0  0  0  0  0  0  0  1  0  0  0  0  0  0  0  0  0  0  0  0  0  0  0  0  0  0  0  0  2  0  0  0  0  0  0  0  0  0  0  0  0  0  0  0  0  0  0  0  0  0  0  0  0  0  0  0  0  0  0  0  7  0  94  0  0  0  0  0  1  148  10  0  0  0  0  9135  1713  188  0  105  273  25040  1  0  10  0  0  0  1  0  0  7753  122298  0  21  323  25  0  0  23  61  58437  1568  0  0  1  56725  29  26307  73  0  0  0  0  0  909  168  359  40  1377  0  0  0  157  1  0  0  0  0  0  36  20739  59  0  0  0  0  0  0  25312  7  1534  27  473  2  
0  2  0  0  0  0  0  0  3  0  0  0  0  0  0  0  0  0  2  0  3  0  1  0  1  0  0  0  0  2  0  0  0  0  0  0  0  0  0  0  26  2  0  42  0  0  0  1  0  0  0  0  0  0  0  0  11  2  2  0  3  0  0  0  8  13  0  0  0  0  1  0  63  0  1  0  0  119  0  0  0  0  13  3  28  1  0  1  0  0  2  1  6  0  0  37  3  0  9251  49468  1  27  0  18  0  0  42  33109  4  0  0  46  0  0  36987  12  0  654  12  1  0  21  7  1  20  3  0  0  2310  537  125  26  25  0  87  0  0  0  465  73  69  1  0  0  23  0  33040  23525  0  0  0  1  0  0  16  5  7  32  5  1  
0  0  0  0  0  0  0  0  0  0  0  0  0  0  0  0  0  0  0  0  0  0  0  0  0  0  0  0  0  0  0  0  0  0  0  0  0  0  0  0  0  0  0  0  0  0  0  0  0  0  0  0  0  0  0  0  0  0  0  0  0  0  0  0  0  0  0  0  0  0  0  0  0  0  0  14940  0  0  0  0  0  0  0  0  1  0  0  0  0  0  5  0  706  0  15464  11  193  0  0  0  0  0  0  0  0  0  0  547  682  0  0  48316  0  0  0  15  13840  3  0  0  0  557  0  60607  28  0  0  0  0  0  67  0  17832  70156  226  0  0  0  0  0  0  0  0  0  0  154276  12142  0  0  0  0  0  0  0  3  0  24  0  0  0  
0  0  0  0  0  0  0  0  0  0  0  0  0  0  0  0  0  0  0  0  0  0  0  0  0  0  0  0  0  0  0  0  0  0  0  0  0  0  0  0  0  0  0  0  0  0  0  0  0  0  0  0  0  0  0  0  0  0  0  0  0  0  0  0  0  0  0  0  0  0  0  0  0  0  0  44  0  0  0  0  0  0  0  0  18  0  0  0  0  0  13  0  40  0  1263  55  6  0  499  44  0  0  0  1  0  0  0  1502  88  2  60797  0  0  0  1  10  21697  215  0  0  0  1450  0  14335  310  1  0  0  0  0  98  16  17803  6625  926  0  0  0  26  0  0  0  0  0  0  132999  241496  11  0  0  0  0  0  0  31  0  42  0  3  0  
1  0  0  0  0  0  0  0  0  0  0  0  0  1  0  0  0  0  0  0  0  0  0  0  0  0  0  0  0  0  1  0  0  0  0  0  0  0  0  0  0  0  0  0  0  0  0  0  0  0  0  0  0  0  0  0  0  0  0  0  0  0  0  0  0  1  0  0  0  0  0  0  0  0  568  0  0  1  4  15  21  0  1  0  0  2816  18969  58241  275  24  2  2173  0  0  0  0  0  225  0  0  0  0  4  0  0  0  0  0  0  0  0  0  0  2080  33  0  0  1  193  0  19211  2  16611  0  0  21663  0  26  0  0  0  0  1  0  0  7531  0  8510  7  15  5  228  8  1  0  0  0  0  0  3  0  0  0  0  0  1481  3  7  2788  6  
0  0  0  0  0  0  0  0  0  0  0  0  0  0  0  0  0  0  0  0  0  0  0  0  0  0  0  0  0  0  0  0  0  0  0  0  0  0  0  0  0  0  0  0  0  0  0  0  0  0  0  0  0  0  0  0  0  0  0  0  0  0  0  0  0  0  0  0  0  0  0  0  0  0  1  0  0  11  0  1  1  0  0  0  0  18444  6  40587  0  0  0  1791  0  0  0  0  0  0  0  0  0  0  0  0  0  0  0  0  0  0  0  0  559  0  3  0  0  0  0  0  84  0  29979  0  0  2536  0  0  0  0  0  0  0  0  0  1  0  0  0  1  0  385  0  0  0  0  0  0  0  0  0  0  0  0  0  1  0  0  0  0  
2  9  0  0  0  0  0  0  70  2  1  0  0  0  0  0  0  0  15  0  7  8  2  0  3  6  0  0  0  8  1  0  7  0  0  7  0  6  0  0  748  13  0  436  2  0  0  3  2  1  12  3  0  0  3  2  142  50  27  0  54  0  0  0  96  363  10  0  0  0  2  1  1435  3  171  0  1  43940  3  34  39  4  194  19  104  64  0  565  238  32  9547  136  32  3  0  213  50  4  135  60772  22  1546  488  538  0  0  14803  110  190  32876  0  0  54  2  0  17  0  2684  12727  54  216  15190  64344  5  58  6484  8  90  450  1789  1254  459  500  0  92  55  0  11  13454  1849  1064  3298  64  4  604  0  31820  16066  0  24  10  12  0  0  39  1324  646  2088  18969  320  
0  0  0  0  0  0  0  0  0  0  337  0  0  0  0  0  0  0  0  3  0  1681  0  0  0  0  0  0  0  0  0  0  0  0  0  0  0  0  0  0  0  65  0  116  0  0  0  0  0  0  0  0  0  0  0  0  0  0  0  0  0  0  0  0  0  0  0  0  0  0  0  0  0  0  0  18295  0  0  0  0  0  0  0  0  32949  0  0  0  0  0  6  0  41773  12136  119  56884  9  0  0  3  0  0  0  0  0  0  0  1  5  1  0  0  0  0  1  0  0  37013  0  0  0  577  0  2  43282  0  0  0  0  0  35779  4417  31  144  1499  0  0  0  81  0  0  0  0  0  0  0  233  20  0  0  0  0  0  0  63  0  62  0  4  0  
0  0  0  0  0  0  0  0  0  0  0  0  0  0  0  0  0  0  0  0  0  0  0  0  0  0  0  0  0  0  0  0  0  0  0  0  0  0  0  0  0  0  0  0  0  0  0  0  0  0  0  0  0  0  0  0  0  0  0  0  0  0  0  0  0  0  0  0  0  0  0  0  0  0  0  0  0  0  0  0  0  0  0  0  4  0  0  0  0  0  24  0  0  0  8  5  49447  4  0  0  0  0  0  0  0  0  0  13503  61824  0  18844  18351  0  0  0  1  0  18  0  0  0  262  0  33990  1  0  0  0  0  0  1  0  0  0  37  0  1  0  1  0  0  0  0  0  0  12317  10794  0  0  0  0  0  0  0  14894  0  880  1  26  0  
1  2  0  0  0  0  0  0  16  4265  1577  0  0  0  0  0  0  0  2  30  0  2793  0  0  1  1  0  0  0  23  0  0  3  0  0  1  0  0  0  0  6  13  0  3374  0  0  0  1  1  0  0  0  0  0  0  0  29  8  3  0  13  0  0  0  25  440  0  0  0  0  0  0  188  0  0  0  0  0  0  0  3  0  159  58991  101487  0  0  0  3  3  926  130  304  12  2  153405  10432  1  2  66  0  0  0  5384  0  0  970  25  518  309  0  0  0  0  535  35183  0  0  30  1  9  6507  25  245  7477  27  0  6  2  5  22637  4349  1437  1  10369  0  0  1  85273  21636  6  16  2  0  9  1  7631  293  0  0  8  1  0  0  793  54  5449  73  836  54  
0  0  1  0  0  0  0  2  36  1  0  0  0  0  1  0  0  0  0  0  0  0  0  0  0  1  0  0  1  5  1  0  0  0  0  0  0  0  0  0  114  0  0  5  8  2  0  0  0  0  0  0  0  0  0  0  2  0  0  0  0  0  0  0  15  154  13  0  0  0  4  0  22  0  101  0  65574  40533  3  8  56  17092  2042  2  12  756  0  68  80  927  65  37  0  0  0  38  8  7  0  3845  3  155973  163799  180  0  0  27  2  7  2  0  0  6  0  11597  3  0  119  0  15326  50  224  15420  1  2  2116  2  79  0  82  26  6  9  0  6  35  0  9  1279  551  89463  4432  30312  1  222  0  138  2  0  136  0  7  1  0  6  5187  359  1033  4131  41  
1  0  405  0  0  0  0  4  16  0  0  0  0  0  0  1  0  0  0  0  0  0  0  0  0  0  34  0  0  6009  0  0  0  0  0  0  0  0  0  0  12  0  0  0  2  23  0  0  0  0  0  0  0  0  0  2  1  0  0  0  0  0  0  0  0  44  0  0  0  0  804  0  5  0  4  0  42403  5  0  0  6  31248  53859  3  3  0  0  7  3  5414  2  3  1  1  0  0  0  1  0  199  7826  9  3770  72244  0  0  0  0  0  4  0  0  0  0  120  0  0  6  32951  0  9  2  51  0  0  180  1  14  0  245  34  4  14  0  0  3  0  1  1057  226  19475  24  343  0  56177  0  188  1  0  2  0  2  0  0  0  143  6  51  93  0  
0  0  0  0  0  0  0  0  0  0  0  0  0  0  0  0  0  0  0  0  0  0  0  1  0  0  0  0  0  0  4  0  0  0  0  0  0  0  0  0  0  0  0  0  0  0  0  0  0  0  0  1  0  0  0  0  0  0  0  0  0  0  0  0  0  2  0  0  0  0  0  0  0  0  202  0  0  2  1  5  148  16  1  0  0  121  9499  1288  1135  19  1244  32467  0  0  0  2  904  47239  0  2  0  0  11  1  0  0  0  0  3  0  0  0  23352  342  115  0  0  10  284  4  0  13  22328  2  1  8948  1  169  0  1  0  0  0  0  8  1178  4  16154  5  22  6  725  25  1  0  0  6  0  0  11  0  0  0  0  1  1173  32  6  31141  3  
0  0  0  0  0  0  0  0  0  0  0  0  0  0  0  0  0  0  0  0  0  0  0  0  0  0  0  0  0  0  0  0  0  0  0  0  0  0  0  0  0  0  0  2  0  0  0  0  0  0  0  0  0  0  0  0  0  0  0  0  0  0  0  0  0  0  0  0  0  0  0  0  1  0  1  99  0  138  0  0  1  0  3  12  4188  93  1  1  11  2  53566  621  1061  8  4887  1885  633  31  1  35  0  1  3  5  0  0  27943  39380  60709  76  323  302  0  0  13620  400  420  26918  530  0  18  0  2444  11853  1011  187  0  2  0  2  3482  1800  1893  3102  20374  0  0  0  2597  26  11  111  11  0  1  288  51640  118  0  1  0  0  0  0  1023  712  22772  1542  11668  166  
10  0  0  0  0  0  0  1  4  0  0  0  0  0  1  2  0  0  0  0  0  0  0  2  0  0  0  0  0  0  4  0  0  0  0  0  0  0  0  0  9  0  0  1  0  0  0  0  1  0  0  2  0  0  0  0  0  0  0  0  0  0  0  2  0  47  0  0  0  2  0  0  0  0  1234  0  0  42800  38  159  286  15  14  2  76  54876  175  16420  2043  17  18177  29727  3  0  0  82  35  114  1  260  0  7  1511  11  0  0  70  5  29  7  0  0  16157  17386  41163  5  0  401  4076  24  14154  574  0  2  7  32329  26  370  0  22  29  12  30  0  19  4936  0  61  274  177  55  17223  21  12  14  0  111  26  0  56  0  10  0  0  27  2077  163  61  25142  44  
0  0  0  0  0  0  0  0  0  0  0  0  0  0  0  0  0  0  0  0  1  0  1  0  0  0  0  0  0  0  0  0  0  0  0  0  0  0  0  0  0  0  0  0  0  0  0  0  0  0  0  0  0  0  0  0  0  0  0  0  0  0  0  0  0  0  0  0  0  0  0  0  0  0  0  43  0  0  0  0  0  0  0  0  28  0  0  0  0  0  590  3  2  0  65395  74  15781  0  0  0  0  0  0  0  0  0  0  6734  13036  1  69103  10837  0  0  0  7  31040  221  0  0  0  24102  0  0  26  0  0  0  0  0  13  1  0  19015  22392  0  0  0  37  0  0  0  0  0  0  18710  44716  0  0  0  0  0  0  0  1741  0  6148  1  36  0  
0  0  0  0  0  0  0  0  0  0  0  0  0  0  0  0  0  0  0  0  0  0  0  0  0  0  0  0  0  0  0  0  0  0  0  0  0  0  0  0  0  0  0  4  0  0  0  0  0  0  0  0  0  0  0  0  0  0  0  0  0  0  0  0  0  2  0  0  0  0  0  0  2  0  0  27504  0  0  0  0  0  0  1  2  149  0  0  0  0  0  36  4  13699  0  12554  40091  57  0  0  37  0  0  0  6  0  0  5  4  33  103  2  15  0  0  58  46077  0  5688  0  0  0  2953  1  4  0  0  0  0  0  3  28545  139  769  2551  26843  0  0  0  156  12  1  0  1  0  1  87  3679  49  0  0  0  0  0  0  375  0  552  3  3  1  
132  0  0  1  7  7  0  2  4  0  0  6  0  8  1  31  0  0  0  0  0  0  0  40  0  0  0  0  0  0  224  1  0  0  0  0  0  0  0  1  10  0  0  1  4  0  0  0  18  0  0  38  1  2  0  0  0  1  0  0  0  6  0  27  0  475  2  1  0  27  0  0  3  0  15206  0  0  10  438  2786  2676  76  19  0  1  5931  13  48753  193284  204  12  799  0  0  0  9  1  776  0  26  0  3  719  17  0  0  4  0  0  1  0  0  19917  2618  1369  0  0  49  1210  25  1624  34  18372  0  0  0  3851  7065  0  8  9  4  3  0  0  31974  0  2683  155  3127  52  50050  1738  155  12  0  36  0  0  902  0  283  8  2  0  27694  43  37  4673  6  
57  0  0  0  3  3  0  0  5  0  0  0  0  1  2  12  0  0  0  0  0  0  0  19  0  0  0  0  0  0  129  0  0  0  0  0  0  0  0  0  0  0  0  0  1  0  0  0  4  0  0  8  1  0  0  0  0  0  0  0  1  1  0  13  0  424  0  0  0  17  0  0  0  0  17655  0  1  0  43465  30750  2425  39  7  0  0  0  0  129  146150  28320  0  37  0  0  0  0  0  221  0  2  0  0  1  0  0  0  0  0  0  0  0  0  62  0  6  0  0  0  22  2  61  0  724  0  0  4139  0  79827  0  0  0  0  0  0  0  776  0  375  0  976  1  40  9  130  0  0  0  0  0  213  0  44  4  1  0  1293  0  2  45  1  
24  0  0  0  3  3  0  8  14  0  0  0  0  0  0  7  0  0  0  0  0  0  0  12  0  0  0  0  0  0  46  0  0  0  0  0  0  0  0  0  1  0  0  0  1  0  0  0  2  0  0  3  1  1  0  0  0  0  0  0  0  1  0  6  0  210  0  0  0  4  0  0  0  0  3131  0  0  1  151  16709  37926  1572  49  0  0  0  0  321  114462  127538  4  124  0  0  0  1  0  203  0  1  0  0  12  0  0  0  0  0  0  0  0  0  110  2  388  0  0  7  579  13  614  6  1743  0  0  8149  74284  0  0  2  3  2  0  0  0  697  0  182  17  848  12  2105  39627  32  1  0  9  0  0  168  0  13  2  0  0  8026  11  10  1158  4  
0  0  0  0  0  0  0  0  0  0  0  0  0  0  0  0  0  0  0  0  0  0  0  0  0  0  0  0  0  0  0  0  0  0  0  0  0  0  0  0  0  0  0  0  0  0  0  0  0  0  0  0  0  0  0  0  0  0  0  0  0  0  0  0  0  0  0  0  0  0  0  0  0  0  0  0  0  0  0  0  0  0  0  0  0  0  0  0  0  0  0  0  2  0  0  0  0  0  64140  91716  1  230  0  1  0  0  0  1  0  1864  0  0  0  0  15  0  0  0  0  0  0  0  1  0  0  0  0  0  0  63383  2  0  0  0  0  0  0  0  20  1  6018  0  0  0  0  0  23492  0  0  0  0  0  0  0  0  0  0  0  0  0  
0  0  0  0  0  0  0  0  4  0  0  0  0  0  0  0  0  0  0  0  0  0  0  0  0  0  0  0  0  1  0  0  0  0  0  0  0  0  0  0  53  0  0  0  1  0  0  0  0  0  0  0  0  0  0  0  0  0  0  0  0  0  0  0  0  14  0  0  0  0  1  0  12  0  5  0  7  27  0  0  1  0  14  0  4  0  0  4  1  0  8  10  6364  13557  0  1  0  0  76421  7944  143100  1683  10  13006  0  0  0  0  0  180  0  0  1  0  472  0  0  4  320  1340  13  2  96  0  0  370  0  3  59413  0  652  29192  5  0  0  3  0  0  30932  29  81432  5  3  0  2923  0  55257  0  0  1  0  1  0  0  0  22  0  97  166  1  
0  0  0  0  0  0  0  0  5  0  0  0  0  0  0  0  0  0  0  0  0  0  0  0  0  0  0  0  0  0  0  0  1  0  0  0  0  0  0  0  4  2  0  101  1  0  0  0  0  0  0  0  0  0  0  0  4  0  0  0  1  0  0  0  2  5  0  0  0  0  0  0  24  0  0  1440  3  0  0  0  1  0  26  128  618  0  0  0  0  1  49  7  165879  0  190  1189  120  0  90  237  1  0  0  300  0  0  65  28  90  309  5  6  0  0  354  30494  0  9088  11  7  3  7936  3  9  34973  5  0  3  8  500  0  26498  14625  926  3502  0  0  1  3234  338  15  1  0  0  13  115  30210  366  0  0  0  0  0  0  483  8  502  14  36  0  
0  0  0  0  0  0  0  0  6  1  0  0  0  0  0  0  0  0  0  0  0  0  0  0  0  1  0  0  0  0  0  0  0  0  0  0  0  1  0  0  36  0  0  84  0  0  0  0  0  0  0  0  0  0  1  0  9  0  0  0  1  0  0  0  2  7  2  0  0  0  0  0  68  0  0  0  0  4  0  0  2  0  49  345  4346  0  0  2  0  3  20  2  50883  93141  2  66  32  0  1557  996  63  6  0  475  0  0  65  6  10  219  0  0  0  0  960  1605  0  4994  22  4  1  951  8  2  115  22  0  1  65  43136  17434  0  2343  8  78  0  0  0  50948  534  67  2  3  0  23  0  22681  348  0  0  0  0  0  0  71  5  70  42  34  2  
0  0  0  0  0  0  0  0  1  8  0  0  0  0  0  0  0  0  0  0  0  0  0  0  0  0  0  0  0  0  0  0  0  0  0  0  0  0  0  0  0  0  0  94  0  0  0  0  0  0  0  0  0  0  0  0  5  0  0  0  0  0  0  0  1  8  0  0  0  0  0  0  15  0  0  18070  0  1  0  0  1  0  9  54  217  0  0  0  0  0  51  13  61966  0  996  640  105  0  0  88  0  0  0  63  0  0  16  15  57  465  19338  16054  0  0  255  139  0  5268  8  0  1  5507  2  13  3646  1  0  1  2  2  16868  829  0  1470  3780  0  0  0  866  137  1  0  0  0  2  28093  63355  198  0  0  1  0  1  0  245  5  225  7  36  3  
0  0  0  0  0  0  0  0  0  0  0  0  0  0  0  0  0  0  0  0  0  0  0  0  0  0  0  0  0  0  0  0  0  0  0  0  0  0  0  0  0  0  0  2  0  0  0  0  0  0  0  0  0  0  0  0  0  0  0  0  0  0  0  0  0  0  0  0  0  0  0  0  0  0  0  47519  0  0  0  0  0  0  0  0  11  0  0  0  0  0  440  10  6135  0  89368  52  74  0  0  0  0  0  0  0  0  0  0  26  134  6  67628  5124  0  0  1  86  2  208  0  0  0  9793  0  14116  3966  0  0  0  0  0  1218  20  1505  0  12983  0  0  0  21  1  0  0  0  0  0  20773  41071  8  0  0  0  0  0  0  456  1  3398  1  9  0  
0  0  0  0  0  0  0  0  0  0  0  0  0  0  0  0  0  0  0  0  1  4  18  0  0  0  0  0  0  0  0  0  0  0  0  0  0  0  0  0  0  0  0  0  0  0  0  0  0  0  0  0  0  0  0  0  0  0  0  0  1  0  0  0  0  0  0  0  0  0  0  0  0  0  0  1484  0  0  0  0  0  0  0  0  106  0  0  0  0  0  4453  739  532  0  95403  101024  42705  10  0  0  0  0  0  2  0  0  26  47  2294  1  286  45  0  0  18  3684  36  34942  4  0  40  28282  6  20104  31917  4  0  0  0  0  6452  65  189  3228  0  0  0  0  220  1  0  1  0  0  0  68  15548  32  0  0  2  0  0  0  18423  10  78907  10  1168  10  
9  0  0  0  0  0  0  0  0  0  0  1  0  1  0  0  0  0  0  0  0  0  0  1  0  0  0  0  0  0  12  0  0  0  0  0  0  0  0  0  2  0  0  0  0  0  0  0  0  0  0  4  0  0  0  0  0  0  0  0  0  0  0  2  0  31  0  0  0  2  0  0  0  0  3066  0  1  3  30  214  170  1  0  0  0  0  10385  21916  14690  37  1  15  0  0  0  2  0  65009  0  1  1  0  7  0  0  0  0  0  0  0  0  0  7784  3  151  0  0  3  794  1  1561  5  2222  0  0  29217  20  255  0  0  0  0  0  0  0  0  0  25535  11  280  2  691  32  10  0  0  3  0  0  81  0  35  4  0  0  10094  5  68  9082  15  
0  0  0  0  0  0  0  0  0  1  0  0  0  0  0  0  0  0  0  0  0  0  0  7  0  0  0  0  0  0  35  0  0  0  0  0  0  0  0  0  0  0  0  0  0  0  0  0  0  0  0  0  0  0  0  0  0  0  0  0  0  0  33  0  0  0  0  0  0  7  0  0  0  0  3107  0  0  0  0  2145  0  0  0  0  0  0  0  0  0  1394  11  33  0  0  0  0  13874  84398  0  0  0  0  0  0  76887  27258  0  1  0  0  0  0  0  0  0  0  1  0  0  0  8  0  0  0  0  0  0  0  0  0  0  0  0  0  0  0  0  7618  0  14  0  0  0  19449  0  0  0  0  1  0  1  2  184  128  98  6671  25  5482  74057  2074  
24  0  0  0  1  6  0  0  0  0  0  0  0  0  0  15  0  0  0  0  0  0  0  26  0  0  0  0  0  0  96  56  0  0  0  0  0  0  1  0  0  0  0  0  0  0  0  0  1  0  0  0  0  0  0  0  0  0  0  0  0  2  0  11  0  1662  0  0  0  13  0  0  1  0  21989  0  0  1  3  719  18  4  2  0  1  0  6609  327  67  383  4  375  0  0  0  0  541  149906  0  2  0  0  8  0  1757  257  0  0  0  0  0  0  3188  0  98  0  0  2  559  0  17629  4  145  0  0  730  2  20  0  0  0  0  0  0  0  27175  6720  0  5  2450  2  399  18  560  0  0  1  0  0  10  0  3  1  1  0  32995  4  113  54512  26  
0  1  0  0  0  0  0  0  40  8  13263  0  0  0  0  0  0  0  25  2198  0  40  0  0  0  1  0  0  0  435  0  0  0  0  0  0  0  1  0  0  98  1  0  298  4  0  0  0  0  0  2  0  0  0  0  0  37  6  5  0  9  0  0  0  164  111  9  0  0  0  2  0  178  0  6  0  25  45  0  1  3  6  866  5585  106520  0  0  9  9  2  67  15  147  37958  0  330  77  2  122  1988  18142  12  23  92233  0  0  4  7  26  439  0  0  1  0  4366  39  0  90968  812  604  13  1872  285  18  50  491  0  12  22  26792  15949  42213  1342  4  118  5  0  1  0  3187  6334  110  11  0  12209  0  23458  54  0  1  2  3  1  0  200  87  195  172  385  7  
646  5  24  10  49  3002  662  5294  21735  26054  0  18  0  36  15  110  1  0  10  0  3  492  4  264  4  5  0  3  11  3759  3185  2834  3  1  0  5  0  2  5  6  314  5  0  7259  165  14  1  2  135  0  1  165  12  5  0  35  172  41  31  0  40  35  18  98  193  55612  119  9  8  802  33477  1  1092  0  5518  0  2  10  116  64670  41597  41074  43283  25676  79  0  0  61  60  973  10  59  44  0  0  78  702  2200  4  1269  0  3  108  296  3860  6809  0  6  3  1579  0  0  19  1  5479  9  0  20363  2453  331  102  31  452  1  57  956  7  473  48  49  3447  636  992  5  31  45  10  6705  1679  0  201  319  520  767  4145  0  10599  82  0  3883  13  701  84  26  7  11932  429  4906  381  3  
0  0  0  0  0  0  0  0  16  0  0  0  0  0  0  0  0  0  0  0  0  0  0  0  0  0  0  0  0  2  0  0  0  0  0  1  0  0  0  0  130  0  0  6  2  1  0  0  0  0  0  0  0  0  0  0  0  0  0  0  0  0  0  0  6  91  6  0  0  0  0  1  27  0  17  0  19320  615  2  5  4  6  264  20  2  0  0  30  23  0  48  50  2  0  0  4  1  1  89  107661  70845  128113  880  24531  0  0  0  0  0  23  0  0  1  0  935  0  0  16  99903  21761  53  10  678  0  0  2400  1  6  7193  99077  41  10  29  0  1  13  0  0  3988  387  0  82  216  0  3044  0  629  2  0  2  0  1  0  0  1  146  21  302  1065  7  
2  0  0  0  0  0  0  0  6  0  0  0  0  0  0  0  0  0  0  0  0  0  0  0  0  1  0  0  0  0  10  0  0  0  0  0  0  0  0  0  6  0  0  2  0  0  0  0  0  0  0  0  0  0  0  1  2  0  0  0  0  1  0  0  0  46  1  0  0  1  0  0  5  0  378  0  1  2310  1  18  1210  43  28  1  10  28859  3  241  38575  118  73  153  3  0  0  40  6  64  1  66  0  5  75262  48  0  0  11  0  7  9  0  0  37  63  5980  2  0  210  7580  31  332  191  25950  0  1  54317  0  2237  0  30  42  10  33  0  3  114  0  62  439  242  126  0  39772  2  34  0  194  0  0  34  0  0  0  0  3  10742  185  94  6616  36  
0  0  0  0  0  0  0  0  4  0  0  0  0  0  0  0  0  0  0  0  0  0  0  0  0  0  0  0  0  0  0  0  0  0  0  0  0  0  0  0  1  0  0  0  1  0  0  0  0  0  0  0  0  0  0  0  0  0  0  0  0  0  0  0  0  9  0  0  0  0  0  0  1  0  9  0  1469  2  0  5  21  7628  32  0  1  0  0  0  31259  52575  4  2  0  0  0  1  2  1  0  4  0  0  85216  2  0  0  2  0  1  0  0  0  0  0  354  0  0  22  22765  14  5  25  84  0  0  333  0  28927  0  0  2  2  2  0  0  3  0  3  21  60  24  22821  0  0  0  0  13  0  0  8  0  0  1  0  1  1570  65  39  813  13  
227  0  0  0  26  262  0  0  0  0  0  0  0  1  0  52  0  0  0  0  0  0  0  158  0  0  0  0  0  0  746  88  0  0  0  0  0  0  0  0  0  0  0  0  0  0  0  0  0  0  0  2  1  0  0  0  0  0  0  0  0  4  243  61  0  2221  0  1  0  298  0  0  0  0  24124  0  0  0  1819  70079  0  0  0  0  0  0  0  1  6  22491  0  0  0  0  0  0  0  12051  0  0  0  0  0  0  43124  15286  0  0  0  0  0  0  0  0  0  0  0  0  0  0  0  0  1  0  0  13  5  19  0  0  0  0  0  0  0  0  24335  355  0  4675  0  0  0  0  0  0  0  0  0  88  3  29  41  19  1  1846  2  63  249  2  
0  1  0  0  0  0  0  2  362  2  0  0  0  0  0  0  0  0  1  13  0  0  0  0  1  0  176  0  3  17847  1  0  0  0  0  0  0  0  0  0  55  1  0  135  66  1  0  1  0  0  3  0  0  0  0  7  22  2  1  0  7  0  0  0  958  795  58  0  1  0  9663  0  102  0  4  0  753  16  0  4  9  31  46157  124  1  0  0  5  5  9  8  10  4  0  0  2  1  1  3  485  6021  6  71  92547  0  0  1  0  1  153  0  0  2  0  2157  0  0  126  1952  33269  5  11  144  0  0  292  0  19  12  4387  66  18  27  0  0  1  0  0  22242  7569  11679  137  62  0  0  0  2083  2  0  34  2  19  8  0  0  411  13  166  186  6  
0  0  0  0  0  0  0  0  0  0  0  0  0  0  0  0  0  0  0  0  0  0  0  0  0  0  0  0  0  0  0  0  0  0  0  0  0  0  0  0  0  0  0  1  0  0  0  0  0  0  0  0  0  0  0  0  0  0  0  0  0  0  0  0  0  0  0  0  0  0  0  0  0  0  0  4484  0  0  0  0  0  0  0  0  49  0  0  0  0  0  28  4  1383  0  2952  180  37  0  0  3  0  0  0  0  0  0  1  408  325  5  174397  140869  0  0  2  50  11419  909  0  0  0  2565  0  49267  1003  0  0  0  0  0  269  39  25272  27314  5104  0  0  0  82  1  0  0  0  0  0  0  71076  59  0  0  0  0  0  0  93  1  152  0  12  0  
0  1  0  0  0  0  0  0  42  11  0  0  0  0  0  0  0  0  1  0  1  4  2  0  2  1  0  0  0  6  0  0  1  1  0  1  0  3  0  0  60  8  0  799  0  0  0  0  0  0  2  0  0  0  1  1  127  27  14  0  17  0  0  0  65  136  1  0  0  0  1  1  514  0  3  204  0  26  0  1  5  1  207  302  1705  0  0  2  0  4  349  40  48905  11  16811  2238  358  1  178726  17968  3  13  3  878  0  0  4999  137652  32044  34425  10368  242062  1  0  8855  533  8523  26117  88  9  5  55263  24  45428  5638  32  0  14  8848  35903  43428  11857  64186  33169  42402  1  0  0  13248  999  166  14  15  0  167  29591  0  17308  0  0  5  3  2  0  1114  104  2196  433  326  28  
0  1  0  0  0  0  0  0  4  0  0  0  0  0  0  0  0  0  3  0  0  1  0  0  0  0  0  0  0  1  0  0  0  0  0  1  0  0  0  0  2  0  0  49  0  0  0  0  0  0  0  0  0  0  0  1  19  1  1  0  1  0  0  0  5  2  0  0  0  0  0  0  53  1  0  0  0  628  0  0  0  0  15  4  382  6  0  0  1  3  46  4  39  0  0  174  33  0  1  2134  0  0  0  20  0  0  23167  13135  132  15713  0  0  0  0  9972  21  0  6045  6  0  3  252  27  4  32  9  0  0  0  0  325  736  127  0  377  0  0  0  229  24  1  2  0  0  5  0  11760  0  0  0  2  0  0  0  47  29  73  92  61  10  
4  2885  0  0  0  0  0  0  0  18  0  0  0  0  0  1  7231  269  225  0  932  24  120669  507  0  0  0  0  0  1  24  20  0  41  47638  1  13  1  0  0  7  28  39052  58  0  0  0  28455  1  4  253  0  0  0  0  0  468  126  137  826  306  0  608  2  1  0  0  0  0  9  0  40  478  0  4  0  0  0  0  0  0  0  0  0  0  0  0  0  0  0  0  0  0  0  0  1  0  4  0  0  0  0  0  0  13  50  0  0  0  0  0  0  0  0  0  0  0  0  0  0  0  0  0  0  0  0  0  0  0  0  0  0  0  0  0  0  101  1  0  0  0  0  0  2  0  0  0  0  0  0  336276  11312  34567  6975  11  26  34  257  16  3  
2198  23  0  1163  224  798  10050  28257  992  5  0  427  3  443  316  268  299  3  20  1  17  26  82  121  0  19  98  64  283  1565  922  1  2  1  0  7  0  0  55  196  1514  35  0  254  11042  94  27  209  3194  1  11  8040  209  7001  1  1874  233  179  44  0  253  252  4  883  627  15225  3780  5848  20055  837  94  1  174  1  225  0  0  0  2  56  168  142  8  0  0  0  0  2  7  20  1  3  0  0  0  0  0  6  0  4  0  0  1  0  0  0  0  0  0  0  0  0  2  0  6  0  0  0  68  2  16  0  23  0  0  44  0  10  0  0  0  0  0  0  0  1  0  0  3  1128  3  5  18  0  6  0  2  0  0  0  279  48415  10307  2205  0  47164  1  141  12  0  
5  7391  0  118  1  0  0  9  4  134  0  7  0  0  1  1  1567  72  2259  3  15273  268  113795  65  6  43  0  10  8  4  3  6  158  3252  1645  171  43  2330  0  2  2261  212  2312  884  520  1  0  36146  670  9483  560  13  0  0  24  2  1300  684  1551  1221  37998  0  153  3  113  11  108  95  3  14  0  2275  6560  42  1  0  0  0  0  0  0  0  0  1  0  0  0  0  0  0  0  0  0  0  0  0  2  5  0  3  0  0  0  0  11  9  0  0  0  3  0  0  0  0  7  0  0  0  2  0  0  0  1  0  0  0  0  0  0  0  0  0  0  0  0  0  56  0  1  5  0  0  0  2  0  0  2  0  143008  88  0  70367  11787  2279  3  18  40  172  25  4  
342  4812  0  1750  16  34  2  94  7  96  1  47  1  12  8  31  522  1  2862  3  370  231  654  2368  1  18  0  91  60  10  491  478  161  35  3  84  1  5  3  3  3491  312  0  1015  3609  7  6  1506  3653  2  382  395  5  12  0  8  1279  924  1920  2  1805  22  2127  429  98  153  339  831  84  646  1  5  2692  22  45  0  0  0  0  9  1  3  12  1  0  0  0  0  0  2  1  1  0  0  0  0  1  2  0  6  0  0  6  0  70  60  0  0  0  1  0  0  0  0  17  0  0  0  151  10  1  1  9  0  0  14  0  1  0  1  0  0  0  0  0  1  18  0  4  181  3  2  7  4  18  0  9  0  3064  41321  89194  0  30920  59401  2  7795  39  7038  14  4  
2568  7262  0  4234  117  232  32  39  2  12  1  2957  729  72  251  94  43964  68445  3497  4  193  102  4354  38175  0  8  2  120  169  12  994  29  159  70  52  6  0  0  801  27  1691  127  8  654  2915  2  21473  41705  74554  0  390  2971  42  142  0  26  808  582  1916  47  2434  984  20607  41789  239  150  168  2809  113  533  1  9  1454  8  113  0  0  0  0  7  1  1  0  0  0  0  0  0  0  7  0  0  0  0  0  0  0  12  0  2  0  0  0  0  39  46  0  0  0  1  0  0  0  0  3  0  0  0  19  2  0  0  0  0  0  2  0  0  0  0  0  1  0  0  0  0  287  0  3  46  1  0  0  7  1  0  2  0  7822  8114  15069  31554  0  194545  2  109  24  105  55  6  
229  3001  0  1481  5  26  0  1  0  5  0  5  1  3  1  33  4746  182  1379  0  26  6  38  2741  0  0  0  52  14  0  378  6  16  10  2  2  0  0  1  0  113  15  1  57  1120  0  0  309  726  0  98  55  0  0  0  0  119  48  242  2  713  2  779  675  4  22  8  44  4  119  0  1  189  2  57  0  0  0  0  0  0  0  0  0  0  0  0  0  0  1  0  0  0  0  0  0  0  16  0  0  0  0  0  0  42  35  0  0  0  0  0  0  0  0  0  0  0  0  0  0  0  0  0  0  0  0  0  0  0  0  0  0  0  0  0  0  270  0  0  2  0  0  0  2  0  0  0  0  3574  3658  10345  189431  509866  0  6  31  12  177  76  11  
0  0  0  0  0  0  0  0  0  9  0  0  0  0  0  0  0  0  0  0  0  1  1  1  0  0  0  0  0  0  5  5  0  0  0  0  0  0  0  0  0  0  0  0  0  0  0  0  0  0  0  0  0  0  0  0  0  0  0  0  0  0  67  0  0  0  0  0  0  0  0  0  0  0  20  0  0  0  0  0  0  0  0  4  135  0  0  0  0  5  1393  1238  16  0  2  505  76053  54  0  0  0  0  0  0  161  959  1  0  28160  1  3  0  0  0  1  67  15695  1686  1  0  0  1943  2  12358  85  0  0  0  0  0  103  32  23  0  1895  0  580  1  272  5  0  0  0  19  0  0  101  3  0  0  2  1  78  56  0  104  315260  6318  37690  121  
4068  0  0  26  108  163  6  10  232  4  0  26  1  42  86  104  1  1  0  0  0  0  1  270  0  0  0  1  17  8  1831  464  0  0  0  0  0  0  10  7  28  0  0  1  150  3  3  1  146  0  0  240  42  4  0  0  1  1  0  0  2  309  895  720  10  1898  55  15  8  163  17  0  2  0  35855  0  1  32  67  817  1370  137  563  0  31  0  2  515  1463  4152  43  73  2  0  0  36  6  9691  0  79  0  4  112  5  3752  18027  16  0  5  4  0  0  413  1  1396  7  0  186  9398  72  285  168  3033  1  5  12458  39  922  0  31  26  9  10  0  6  1260  6222  21486  376  10692  174  4148  848  1138  91  0  178  5  0  40789  3  4248  678  172  4  0  514  53917  37305  2156  
0  0  0  0  0  0  0  0  0  92  0  0  0  0  0  0  0  0  0  0  3  7  5  1  0  0  0  0  0  0  0  0  0  0  0  0  0  0  0  0  0  0  0  1  0  0  0  1  0  0  0  0  0  0  0  0  0  0  0  0  6  0  2  0  0  1  0  0  0  0  0  0  0  0  2  1  0  0  0  0  7  0  0  688  700  0  0  2  3  8  6377  1687  72  0  799  6057  137723  7  1  57  0  0  1  3  12  25  13  24  4192  98  1  1  0  0  339  52  474  5440  194  1  39  28213  77  4494  98  121  0  6  4  1  227  169  163  2  59730  1  58  1  457  438  13  74  23  0  0  1  740  5  1  1  42  11  9  7  145174  726  0  35139  16255  749  
9  7  0  0  0  0  0  1  7  585  0  0  0  0  0  2  0  0  5  0  0  2  3  48  2  7  0  2  2  3  9  79  2  0  0  5  0  6  0  0  309  4  0  360  34  2  0  3  5  0  1  0  0  0  1  0  25  26  16  0  24  0  179  5  25  74  18  0  0  15  0  0  950  0  132  0  2  10  0  11  12  47  89  414  862  0  0  5  8  64  179  37  11  1  1  402  233  150  0  680  0  3  50  10  466  920  82  4  43  251  0  0  1  1  3391  39  0  4220  1980  59  10  3245  189  11  83  197  0  18  42  30  158  117  41  0  173  1  2935  6  544  838  62  113  142  33  84  0  938  21  7  1283  96  7288  125  101  4317  35290  43865  0  31766  57408  
6  0  0  0  0  0  0  0  5  1  0  0  0  0  0  2  0  0  0  0  0  0  0  1  0  0  0  0  0  0  10  0  0  0  0  0  0  0  0  0  9  0  0  0  0  1  0  0  0  0  0  0  0  0  0  0  0  0  0  0  0  0  3  1  1  37  0  0  0  2  1  0  2  0  3258  0  0  46  3  13  452  21  23  4  1874  19  685  269  732  343  17373  19252  16  0  0  766  47421  39697  2  58  0  11  69  26  5982  10597  52  1  471  14  0  0  861  0  8554  89  0  8514  8800  14  43261  9212  23370  92  172  8551  0  420  0  20  234  255  62  0  705  892  41236  31971  1146  108  178  5098  317  163  22  0  499  14  0  16  0  2  3  6  8243  38920  20413  22906  0  158053  
0  0  0  0  0  0  0  0  1  126  0  0  0  0  0  0  0  0  0  0  1  0  3  4  0  0  0  0  0  0  1  4  0  0  0  0  0  0  0  0  1  0  0  5  0  0  0  0  0  0  0  0  0  0  0  0  0  0  0  0  0  0  30  0  0  6  0  0  0  0  0  0  1  0  43  0  0  8  0  0  14  2  0  5  293  0  1  1  15  33  83  46  2  0  0  113  22749  76  0  6  0  2  1  0  1232  22737  4  0  21  2  0  0  1  0  605  13  0  1121  1219  1  0  1592  241  5  21  214  0  13  0  1  36  20  15  0  100  1  1697  2  164  29  11  120  21  16  1  0  68  3  0  5  10  6  33  14  315  7391  7360  220063  458649  0  
