0  0  0  0  39279  3934  2  0  0  0  0  2  0  0  10761  350  0  0  0  0  0  0  0  79947  0  0  0  0  0  0  31205  3  0  0  0  0  0  0  0  0  0  0  0  0  1  0  28  0  64  0  0  25917  14104  32  0  1  0  0  0  0  0  22478  75  6343  1  67  0  0  7  31698  0  0  0  0  0  0  0  0  0  1  0  0  0  0  0  0  0  0  0  2  0  0  0  0  0  0  0  0  0  0  0  0  0  0  0  0  0  0  0  0  0  0  0  0  0  0  0  0  0  0  0  0  0  0  0  0  0  0  0  0  0  0  0  0  0  0  0  0  0  1  0  0  0  3  0  0  0  0  0  12  0  80  25760  882  0  1  0  0  0  0  
0  0  0  0  0  0  0  0  0  0  2  0  0  0  0  0  0  0  41728  0  39444  6958  0  0  0  0  0  0  0  0  0  0  0  0  0  0  1  7633  0  0  0  53214  0  1971  0  0  0  0  0  0  36835  0  0  0  0  0  13048  0  37316  16924  12201  0  0  0  1  0  0  0  0  0  0  11127  3  0  0  0  0  0  0  0  0  0  0  0  0  0  0  0  0  0  0  0  0  0  0  0  0  0  0  0  0  0  0  0  0  0  0  0  0  0  0  0  0  0  0  0  0  0  0  0  0  0  0  0  0  0  0  0  0  0  0  0  0  0  0  0  0  0  0  0  0  0  0  0  0  0  0  0  0  0  1  0  0  0  0  0  0  0  0  0  
0  0  0  0  0  0  2  2365  360  0  0  0  0  0  0  31727  0  0  0  0  0  0  0  0  0  0  12859  22327  24088  5874  0  0  0  0  0  0  0  0  0  0  0  0  0  0  59968  30044  0  0  0  0  0  0  0  0  0  0  0  0  0  0  0  0  0  0  0  3  5805  0  1  0  57  0  0  0  0  0  75  0  0  0  0  59  42  0  0  0  0  0  0  10  0  0  0  0  0  0  0  0  0  0  0  0  0  2  0  0  0  0  0  0  0  0  0  0  0  0  0  0  0  189  0  0  0  0  0  0  0  0  0  0  0  0  0  0  0  0  0  0  0  1  0  0  0  0  3  0  0  0  0  2338  0  0  0  0  0  0  0  0  0  0  
7  0  0  0  0  5  2  0  0  9  0  29039  0  90  4  0  46  56  0  0  0  0  0  0  0  44630  0  27168  25089  4  0  0  935  760  774  14  0  0  17  62  1318  0  0  4  28505  0  0  23  54689  0  0  14  5  10  0  2  0  1  0  0  0  1  0  0  1  0  563  26033  1  0  0  0  6  3  0  0  0  0  0  0  0  0  0  0  0  0  0  0  0  0  0  0  0  0  0  0  0  0  0  0  0  0  0  0  0  0  0  0  0  0  0  0  0  0  0  0  0  0  0  0  0  0  0  0  0  0  0  0  0  0  0  0  0  0  0  0  0  0  0  0  0  0  0  0  0  0  0  0  0  0  5  27  843  19  0  0  0  0  0  0  
38356  0  0  0  0  15278  23  0  0  0  0  0  0  0  21483  50987  0  0  0  0  0  0  0  85  0  0  0  0  0  0  11437  0  0  0  0  0  0  0  0  0  0  0  0  0  0  0  1  0  3  0  0  53  22914  296  0  0  0  0  0  0  0  0  1  11  0  16  0  2  0  15106  0  0  0  0  0  0  0  0  9  9  0  0  0  0  0  0  0  0  0  38  0  0  0  0  0  0  0  0  0  0  0  0  0  0  0  0  0  0  0  0  0  0  0  0  0  0  0  0  0  0  0  0  0  0  0  0  0  0  0  0  0  0  0  0  0  0  0  0  0  0  0  0  0  4  0  0  0  0  0  0  0  25  1411  18  0  0  0  0  0  0  
11096  0  0  0  38559  0  37376  12  10  4  0  486  0  76  6231  77721  0  2  0  0  0  0  0  372  0  0  1  0  1  2  251  765  0  0  0  1  0  0  4  119  1  0  0  3  153  20  13  0  338  0  0  1371  33178  8258  0  29  0  0  0  0  0  1  1604  36  13  71890  18  1114  358  76171  0  0  0  0  0  0  0  0  2  2357  45  8  0  0  0  0  0  0  0  356  0  0  0  0  0  0  0  0  0  0  0  0  0  0  1  384  0  0  0  0  0  0  0  0  0  0  0  0  0  0  0  0  0  0  0  0  0  0  0  0  0  0  0  0  0  0  0  0  0  4226  0  0  0  85  0  0  0  0  0  960  0  3113  35213  9977  0  1751  0  2  1  0  
1  0  0  0  22  38022  0  30244  8  0  0  32  0  2  124  64550  0  0  0  0  0  0  0  0  0  0  0  1  0  0  0  2  0  0  0  0  0  0  0  2  0  0  0  2  57  30  1  0  11  0  0  313  183  9786  0  7  0  0  0  0  0  0  0  0  6  30541  16  174  75  0  1  0  0  0  0  0  0  0  0  1848  3661  17  0  0  0  0  0  0  0  133  0  0  0  0  0  0  0  0  0  0  0  0  0  0  0  0  0  0  0  0  0  0  0  0  0  0  0  0  0  0  0  0  0  0  0  0  0  0  0  0  0  0  0  0  0  0  0  0  0  443  0  0  0  0  0  0  0  0  0  3386  0  475  1673  114  0  2  0  0  0  0  
0  0  2340  0  0  19  31794  0  10360  0  0  0  0  0  1  29838  0  0  0  0  0  0  0  0  0  1  1  0  1137  0  0  0  0  0  0  0  0  0  0  0  6  0  0  0  13698  29238  0  3  2  0  0  1  2  394  0  46  0  0  0  0  0  0  0  0  1  28353  25  1  5087  0  0  0  0  0  0  0  8  0  0  0  238  1183  46  0  0  0  0  0  0  31  0  0  0  0  0  0  0  0  0  0  0  0  0  0  0  0  0  0  0  0  0  0  0  0  0  0  0  0  0  37  0  0  0  0  0  0  0  0  0  0  0  0  0  0  0  0  0  0  0  454  0  0  0  0  1  0  0  0  0  156021  0  450  171  8  0  1  0  4  0  0  
0  0  105  0  0  11  0  10045  0  6302  2  0  0  0  0  2  0  0  0  0  0  8  0  0  0  2  74  0  0  373  0  0  0  0  0  7  0  0  0  0  21  0  0  17  135  18271  0  2  2  0  0  0  0  0  1  516  0  0  0  0  0  0  0  0  31  28890  83  0  6  0  44001  0  139  0  0  0  10  0  0  0  0  456  6759  341  0  0  0  0  0  0  0  0  0  0  0  0  0  0  0  0  0  0  0  86  0  0  0  0  0  0  0  0  0  0  0  0  0  0  0  36  0  0  0  0  0  0  0  0  0  2  0  0  0  0  0  0  0  0  0  1584  1  0  0  0  66  0  0  0  0  326  0  91  69  3  0  2  1  3  0  0  
2  5  0  2  1  7  4  1  6588  0  2  3  0  3  0  0  0  0  4  0  4  141  8150  0  2  44  44  8  1  8009  0  0  0  2  0  92  0  0  0  1  1084  0  0  33654  117  6  0  64  73  0  5  2  0  11  20  2233  62  21  9  0  19  0  0  0  1540  55031  425  1  16  0  2841  0  913  10  3  0  0  2  2  0  0  0  287  1621  0  3  0  0  1  1  2  0  0  0  0  10  15  0  0  0  1  0  0  27  0  0  0  0  0  0  0  0  0  0  263  0  0  8  12  0  1  6  21  0  0  5  0  0  0  418  0  0  0  0  1  0  0  0  7  20715  977  11  0  0  7  0  3  0  5  23  5943  2505  598  15  0  32  2260  2724  2445  1  
0  1  0  0  0  0  0  0  1  8  0  0  0  0  0  0  0  0  16  100018  0  13599  0  0  0  0  8  0  0  1707  0  0  0  0  0  0  0  0  0  0  0  11000  0  94363  0  0  0  0  0  0  3  0  0  0  0  0  372  2814  0  0  26  0  0  0  103542  0  0  0  0  0  3  0  0  0  0  0  0  0  0  0  0  0  36  24  19583  0  0  0  0  0  0  0  0  29  0  4640  0  0  0  0  0  0  0  858  0  0  0  0  0  0  0  0  0  0  0  0  0  1525  0  0  0  0  0  0  0  0  0  0  0  0  0  0  0  0  0  0  0  0  45  0  0  0  0  0  0  0  0  0  0  0  0  0  0  0  0  0  0  0  0  0  
62  0  0  39994  8  375  10  0  1  0  0  0  1034  28743  4078  62  80  887  0  0  0  0  0  17  0  338  0  0  231  0  0  0  59  602  309  0  0  0  1570  48892  27  0  0  0  3330  0  243  53  58100  0  0  40557  1356  76  0  2  0  0  0  0  0  5  0  8  0  26  6  42803  5  0  0  0  0  0  0  0  0  0  0  0  0  0  0  0  0  0  0  0  0  0  0  0  0  0  0  0  0  0  0  0  0  0  0  0  0  0  0  0  0  0  0  0  0  0  0  0  0  0  0  0  0  0  0  0  0  0  0  0  0  0  0  0  0  0  0  0  0  0  0  0  0  0  0  0  0  0  0  0  0  8  0  95  4299  26  0  0  0  0  0  0  
129  0  0  0  1  0  0  0  0  0  0  519  0  5964  0  0  1  97  0  0  0  0  0  36351  0  0  0  0  0  0  0  0  0  362  98  0  0  0  17989  0  0  0  0  0  0  0  9144  1  60  0  0  161  1  1  0  0  0  0  0  0  0  2023  38  6060  0  1  0  0  0  9  0  0  0  0  0  0  0  0  0  0  0  0  0  0  0  0  0  0  0  0  0  0  0  0  0  0  0  0  0  0  0  0  0  0  0  0  0  0  0  0  0  0  0  0  0  0  0  0  0  0  0  0  0  0  0  0  0  0  0  0  0  0  0  0  0  0  0  0  0  0  0  0  0  0  0  0  0  0  0  0  0  1  27  1  0  0  0  0  0  0  
244  0  0  6  2  42  1  0  0  0  0  27081  4310  0  5537  4  0  1  0  0  0  0  0  1983  0  0  0  0  3  0  0  0  0  7  0  0  0  0  12627  26559  9  0  0  0  7  0  41  0  10658  0  0  45986  166  7  0  0  0  0  0  0  0  18793  6  3765  1  5  0  19  1  4  0  0  0  0  0  0  0  0  0  0  0  0  0  0  0  0  0  0  0  0  0  0  0  0  0  0  0  0  0  0  0  0  0  0  0  0  0  0  0  0  0  0  0  0  0  0  0  0  0  0  0  0  0  0  0  0  0  0  0  0  0  0  0  0  0  0  0  0  0  0  0  0  0  0  0  0  0  0  0  1  0  15  261  8  0  0  0  0  0  0  
13820  0  0  0  12589  5893  165  1  1  5  0  4129  0  6509  0  44520  0  0  0  0  0  0  0  7469  0  0  0  4  12956  2  0  0  0  0  0  2  0  0  1  16  9  0  0  11  607  28  1  5  269  0  0  166874  121507  113504  0  9  1  0  0  0  0  32182  0  0  22  68  19  33181  11953  1  0  0  3  0  0  0  0  0  0  0  0  0  0  0  0  0  0  0  0  0  0  0  0  0  0  0  0  0  0  0  0  0  0  0  0  0  0  0  0  0  0  0  0  0  0  0  0  0  0  0  0  0  0  0  0  0  0  0  0  0  0  0  0  0  0  0  0  0  0  2  0  0  0  0  0  0  0  0  0  72  0  178  1625  55  0  0  0  0  0  0  
271  0  32183  0  52610  79525  59884  26283  0  0  0  2  0  2  50884  0  1  0  0  0  0  0  0  7  0  0  0  289  14958  0  10  0  0  0  0  0  0  0  0  0  0  0  0  0  4226  14  0  0  5  0  0  11  5618  122239  0  17  0  0  0  0  0  0  0  0  2  23  6  1  29146  9497  0  0  0  0  0  0  1  0  101  648  182  183  1  0  0  0  0  0  0  2259  0  0  0  0  0  0  0  0  0  0  0  0  0  0  0  0  0  0  0  0  0  0  0  0  0  0  0  0  0  10  0  0  0  0  0  0  0  0  0  0  0  0  0  0  0  0  0  0  0  3  0  0  0  20  0  0  0  0  0  30153  0  30  39  0  0  0  0  0  0  0  
0  0  0  121  0  1  0  1  6  116  0  514  24  0  0  0  0  52898  0  0  0  0  14459  147  0  54  1  2  2  37  2  1163  316  8  19644  10  0  0  0  0  4981  0  175  27  22  4  680  31610  18647  0  0  0  0  7  0  252  1  0  1  0  0  0  1138  2  84  77  100  0  7  12  0  0  61  2  0  0  0  0  0  0  0  0  0  0  0  0  0  0  0  0  0  0  0  0  0  0  0  0  0  0  0  0  0  0  0  0  0  0  0  0  0  0  0  0  0  0  0  0  0  0  0  0  0  0  0  0  0  0  0  0  0  0  0  0  0  0  0  0  0  0  0  0  0  0  0  0  0  0  13900  17  60  234  69012  92  0  0  1  0  0  0  
0  0  0  199  0  1  0  0  0  4  0  2374  543  8  1  1  46290  0  0  0  0  0  2192  3678  0  5  0  0  0  1  3  1293  37  9  612  0  0  0  331  2  18  0  18  1  2  0  28226  2000  35389  0  0  2  8  1  0  7  0  0  0  0  0  0  7478  0  3  1  2  0  3  25  0  0  1  0  0  0  0  0  0  0  0  0  0  0  0  0  0  0  0  0  0  0  0  0  0  0  0  0  0  0  0  0  0  0  0  0  0  0  0  0  0  0  0  0  0  0  0  0  0  0  0  0  0  0  0  0  0  0  0  0  0  0  0  0  0  0  0  0  0  0  0  0  0  0  0  0  0  0  1071  0  9  355  120750  2108  0  2  0  1  1  1  
0  48436  0  0  0  0  0  0  0  0  16  0  0  0  0  0  0  0  0  3191  478  359  0  0  34320  0  0  0  0  0  0  0  0  0  0  1  0  10910  0  0  9  23832  0  484  0  0  0  0  0  0  258  0  0  1  0  1521  128128  52440  32676  1  1227  0  0  0  432  0  0  0  0  0  0  1  62233  9  0  0  0  0  0  0  0  0  0  0  0  0  0  0  0  0  0  0  0  0  0  0  0  0  0  0  0  0  0  0  0  0  0  0  0  0  0  0  0  0  0  0  0  0  0  0  0  0  0  0  0  0  0  0  0  0  0  0  0  0  0  0  0  0  0  0  0  0  0  0  0  0  0  0  1  0  5  3  1  0  0  0  0  0  0  0  
0  0  0  0  0  0  0  0  0  0  112026  0  0  0  0  0  0  0  3185  0  0  694  0  0  1356  0  7914  0  0  166  0  0  0  0  0  0  0  0  0  0  0  21267  0  21029  0  0  0  0  0  0  2  0  0  0  0  4644  3046  62504  0  0  38  0  0  0  51791  0  0  0  0  0  0  0  0  0  0  0  0  0  0  0  0  0  0  0  71  0  0  0  0  0  0  0  0  1  0  0  0  0  0  0  0  0  0  1  0  0  0  0  0  0  0  0  0  0  0  0  0  0  0  0  0  0  0  0  0  0  0  0  0  0  0  0  0  0  0  0  0  0  0  0  0  0  0  0  0  0  0  0  0  0  0  0  0  0  0  0  0  0  0  0  
0  51918  0  0  0  0  0  0  0  0  0  0  0  0  0  0  0  0  26  0  0  474  2148  0  1  0  0  0  0  0  0  0  0  1  1  1  3404  33  0  0  1  35  40  25  0  0  0  4  0  38246  18147  0  0  0  0  5  139  2  7998  74154  160545  0  0  0  7  0  0  0  0  0  0  10976  230  3  0  1  0  0  0  0  0  0  0  0  0  0  0  0  0  0  0  0  0  0  1  0  2  0  0  0  0  0  0  0  0  0  0  0  0  0  0  0  0  0  0  0  0  1  0  0  0  0  0  0  0  0  0  0  0  0  0  0  0  0  0  0  0  0  0  0  0  0  0  0  0  0  0  0  14  0  302  59  0  0  0  0  3  1  1  0  
0  6315  0  0  0  0  0  0  3  259  7554  0  0  0  0  0  0  0  335  582  410  0  6976  0  0  0  0  0  0  2650  0  1  0  0  0  0  0  0  0  0  14  59992  0  210443  0  0  0  5  2  0  35851  0  0  0  0  0  6638  4958  27  1  95151  0  0  0  9510  0  0  0  0  0  3  0  221  3  0  4  0  0  0  0  0  0  21  199  3712  0  0  0  0  0  0  0  0  0  3  30705  0  0  0  0  0  0  0  99  0  0  0  0  0  0  0  0  0  0  0  42  0  4631  0  0  0  0  0  0  1  0  0  0  0  0  0  0  0  0  9  0  0  0  19  1  0  0  0  0  0  0  0  0  0  0  269  36  0  0  0  0  2  0  0  0  
0  7  0  0  0  0  0  0  0  7508  0  1  0  0  0  0  17022  2058  7  0  2373  6422  0  29  0  0  0  0  0  0  0  3  0  5  20385  4  10259  13  1  0  29  0  52983  11614  22  0  0  15466  45  34889  13  4  0  3  0  1  58  14  181  29  55072  0  5  0  21  1  0  0  0  0  0  742  1071  5  0  0  0  0  0  0  0  0  0  0  0  0  0  0  0  0  0  0  0  0  0  1  16  0  0  0  0  0  0  0  0  0  0  0  0  0  0  0  0  0  0  0  0  0  0  0  0  0  0  0  0  0  0  0  0  0  0  0  0  0  0  0  0  0  0  0  0  0  0  0  0  0  0  0  51650  0  137661  5477  375  3  0  0  11  23  1  0  
77257  0  0  0  91  124  0  0  0  0  0  20  44431  7721  5437  1  22  3245  0  0  0  0  91  0  0  0  0  0  0  0  20226  208  0  488  536  0  0  2  118  0  0  0  264  0  1  0  41017  472  7  0  0  578  3  1  0  0  0  0  0  0  0  49608  66581  138884  0  97  0  0  0  20449  0  0  0  0  0  0  0  0  0  0  0  1  0  0  0  0  0  0  0  0  0  0  0  0  0  0  0  1  0  0  0  0  0  0  3  0  0  0  0  0  0  0  0  0  0  0  0  0  0  0  0  0  0  0  0  0  0  0  0  0  0  0  0  0  0  0  0  0  0  0  0  0  0  1  0  0  0  0  84  1  0  1  41542  177  0  0  0  0  0  0  
0  3  0  0  0  0  0  0  0  1  0  0  0  0  0  0  0  0  36151  590  1  1  0  0  0  21123  143  0  0  0  0  0  0  18  0  501  0  306  0  0  0  0  0  10  0  0  0  0  0  0  0  0  0  0  19216  72492  22  7268  0  0  18  0  0  0  28  1  6  0  0  0  0  0  131189  0  0  0  0  0  0  0  0  0  0  0  0  0  0  0  0  0  0  0  0  0  0  0  0  0  0  0  0  0  0  0  0  0  0  0  0  0  0  0  0  0  0  0  0  0  0  0  0  0  0  0  0  0  0  0  0  0  0  0  0  0  0  0  0  0  0  0  0  0  0  0  0  0  0  0  0  0  0  0  0  0  0  0  0  0  0  0  
1  0  0  41564  0  2  3  0  32  269  0  30  0  43  2  0  14  2  3  0  2  8  3  0  20776  0  9  11973  0  59  0  0  513  5504  0  66416  0  0  9  13  63731  0  0  190  1087  0  0  455  23260  0  1  5  0  38  35473  12368  11  2  15  0  14  0  0  0  235  220  63784  26  9  0  5  0  29105  536  0  0  0  0  0  0  0  0  0  0  0  0  0  0  0  0  0  0  0  0  0  0  0  0  0  0  0  0  0  0  0  0  0  0  0  0  0  0  0  0  0  0  0  0  0  0  0  0  0  0  0  0  0  0  0  0  0  0  0  0  0  0  0  0  0  2  1  0  0  0  0  0  0  0  69  3  406  435  864  37  0  0  1  0  0  0  
0  0  12100  0  0  2  5  0  57  29  1  0  0  0  0  0  0  0  0  8117  0  0  0  0  380  38  0  1122  1  111406  0  0  0  0  0  0  0  0  0  0  7  0  0  1  46  15815  0  1  0  0  0  1  0  17  0  132198  0  63  0  0  0  0  0  0  22463  158  67119  0  75  0  22827  0  84  0  0  0  0  0  0  0  0  0  0  0  0  0  0  0  0  0  0  0  0  0  0  0  0  0  0  0  0  0  0  7  0  0  0  0  0  0  0  0  0  0  0  0  0  0  0  0  0  0  0  0  0  0  0  0  0  0  0  0  0  0  0  0  0  0  0  0  0  0  0  0  1  0  0  0  0  79  0  49  64  3  0  0  0  0  0  0  
0  0  14911  27702  0  2  3  0  1  0  0  0  0  0  1  107  0  0  0  0  0  0  0  0  0  13695  257  0  3166  1  0  0  0  0  0  0  0  0  0  0  24  0  0  2  115851  486  0  4  3  0  0  0  0  4  0  132  0  0  0  0  0  0  0  0  5  140  85270  0  29  0  0  0  1  1  0  0  0  0  0  0  0  0  0  0  0  0  0  0  0  0  0  0  0  0  0  0  0  0  0  0  0  0  0  0  0  0  0  0  0  0  0  0  0  0  0  0  0  0  0  0  0  0  0  0  0  0  0  0  0  0  0  0  0  0  0  0  0  0  0  0  0  0  0  0  0  0  0  0  0  1404  0  90  100  3  0  0  0  0  0  0  
0  0  24314  28400  0  0  0  1159  0  0  0  177  0  7  16059  17986  0  0  0  0  0  0  0  0  0  0  0  6997  0  0  0  0  0  0  0  0  0  0  0  11  0  0  0  1  124418  1  0  0  0  0  0  63  0  369  0  14  0  0  0  0  0  0  0  0  0  3  4  57428  88869  0  0  0  0  0  0  0  0  0  0  0  0  0  0  0  0  0  0  0  0  0  0  0  0  0  0  0  0  0  0  0  0  0  0  0  0  0  0  0  0  0  0  0  0  0  0  0  0  0  0  0  0  0  0  0  0  0  0  0  0  0  0  0  0  0  0  0  0  0  0  0  0  0  0  0  0  0  0  0  0  11761  0  353  96  4  0  0  0  0  0  0  
0  0  5805  0  0  1  6  10  654  9209  3352  0  0  0  0  0  1  0  0  32  0  4429  0  0  0  13  119228  6  0  0  0  0  0  0  0  13  0  0  0  0  26  0  0  7489  73  38241  0  1  0  0  0  1  1  13  7  4298  0  0  0  0  0  0  0  0  83214  554  128  0  169  0  79605  0  300  1  0  0  16  0  0  0  0  2  1265  3266  1598  0  0  0  0  0  0  0  0  9  0  150  0  0  0  0  5  0  0  13252  0  0  0  0  0  0  0  0  0  0  0  0  0  0  0  78  0  0  0  0  0  0  0  0  0  0  0  0  0  0  0  0  0  0  59  28  1  0  0  0  4050  0  0  0  0  427  3  154  82  5  0  0  0  0  1  0  
26684  0  0  0  12140  87  0  0  0  0  0  0  2  0  0  62  0  0  0  0  0  0  0  21789  0  0  0  0  0  0  0  16786  0  0  0  0  0  0  0  0  0  0  0  0  0  0  7  0  0  0  0  15  0  0  0  0  0  0  0  0  0  7  63004  103  0  9  0  0  0  55193  0  0  0  0  42  0  0  0  2  43  0  0  0  0  0  0  0  0  0  42  0  0  0  0  0  0  0  71  0  0  0  0  0  0  931  52  0  0  0  0  0  0  0  0  0  0  0  0  0  0  0  0  0  0  0  0  0  0  0  0  0  0  0  0  0  0  0  0  0  14  0  0  0  896  0  0  0  0  0  0  2  15  3875  1  0  0  0  0  0  0  
9  0  0  0  1  820  0  0  0  1  0  0  0  1  0  0  1117  1471  0  0  0  0  0  411  0  0  0  0  0  0  11806  0  0  0  1  0  0  0  1  0  0  0  1  0  0  0  15  0  0  0  0  4  0  0  0  0  0  0  0  0  0  9  21838  121  0  16957  0  0  0  20760  0  0  0  0  0  0  0  0  0  15  0  0  0  0  0  0  0  0  0  1  0  0  0  0  0  0  1  4  0  0  0  0  0  0  234  1292  0  0  0  0  0  0  0  0  0  0  0  0  0  0  0  0  0  0  0  0  0  0  0  0  0  0  0  0  0  0  60  0  0  90  0  0  0  92  0  0  0  0  812  1  176  13165  30772  17750  454  1420  12  2046  1707  2107  
0  0  0  977  0  0  0  0  0  0  0  87  0  0  0  0  273  33  0  0  0  0  0  0  0  819  0  0  0  0  0  0  0  18082  9772  1982  0  0  0  0  11777  0  0  1  0  0  0  53699  62  0  0  0  0  0  0  0  0  0  0  0  0  0  0  0  0  0  0  0  0  0  0  0  180  50617  0  0  0  0  0  0  0  0  0  0  0  0  0  0  0  0  0  0  0  0  0  0  0  0  0  0  0  0  0  0  0  0  0  0  0  0  0  0  0  0  0  0  0  0  0  0  0  0  0  0  0  0  0  0  0  0  0  0  0  0  0  0  0  0  0  0  0  0  0  0  0  0  0  0  6  0  10  313  870  0  0  0  0  0  0  0  
0  0  0  790  0  0  0  0  0  13  0  647  824  35  1  0  4  2  0  0  20  1  125  677  8  6131  0  0  0  2  0  0  19483  0  93087  66609  17  16596  6  2  469  0  34361  9  1  0  1  10943  4  1706  0  0  0  4  3  0  3  0  4  12  32  1  0  13  5  4  0  0  0  0  0  1980  138175  8483  0  0  0  0  0  0  0  0  0  0  0  0  0  0  0  0  0  0  0  0  0  0  0  0  0  0  0  0  0  0  0  0  0  0  0  0  0  0  0  0  0  0  0  0  0  0  0  0  0  0  0  0  0  0  0  0  0  0  0  0  0  0  0  0  0  0  0  0  0  0  0  0  0  0  56  0  469  57  38  0  0  0  2  0  0  0  
0  0  0  584  0  0  0  0  0  0  0  224  126  2  0  0  18220  229  0  0  7  1  24959  742  0  3  0  0  0  0  0  5  8058  80837  0  8  7  17  0  0  0  0  26074  1  0  0  97  53494  17  412  0  0  0  0  0  0  1  0  30  11  24  0  44  19  1  0  0  0  0  0  0  828  22012  3430  0  0  0  0  0  0  0  0  0  0  0  0  0  0  0  0  0  0  0  0  0  0  0  0  0  0  0  0  0  0  0  0  0  0  0  0  0  0  0  0  0  0  0  0  0  0  0  0  0  0  0  0  0  0  0  0  0  0  0  0  0  0  0  0  0  0  0  0  0  0  0  0  0  0  8139  0  2515  2  179  0  0  0  0  0  0  0  
0  2  0  5  0  0  0  0  1  82  0  1  0  1  3  0  7  0  3  0  0  3  0  0  382  65588  0  0  0  36  0  0  1828  64932  89  0  0  0  0  0  36613  0  0  94  37  0  0  825  49  0  1  0  0  21  4117  4857  12  0  5  0  6  0  0  0  96  45  346  0  1  0  1  0  22961  30813  0  0  0  0  0  0  0  0  0  0  0  0  0  0  0  0  0  0  0  0  0  0  0  0  0  0  0  0  0  0  0  0  0  0  0  0  0  0  0  0  0  0  0  0  0  0  0  0  0  0  0  0  0  0  0  0  0  0  0  0  0  0  0  0  0  0  1  0  0  0  0  0  0  0  95  1  239  508  356  5  0  0  2  1  1  0  
0  1  0  0  0  0  0  0  0  0  0  0  0  0  0  0  0  0  0  0  3859  0  9739  0  0  0  0  0  0  0  0  0  0  11  0  0  0  12218  0  0  0  0  37373  0  0  0  0  3  0  55700  0  0  0  0  0  0  0  0  59  52566  118  0  0  0  0  0  0  0  0  0  0  137380  101  0  0  0  0  0  0  0  0  0  0  0  0  0  0  0  0  0  0  0  0  0  0  0  0  0  0  0  0  0  0  0  0  0  0  0  0  0  0  0  0  0  0  0  0  0  0  0  0  0  0  0  0  0  0  0  0  0  0  0  0  0  0  0  0  0  0  0  0  0  0  0  0  0  0  0  1  0  275  0  0  0  0  0  0  0  0  0  
0  1186  0  0  0  0  0  0  0  0  0  0  3  0  0  0  0  0  9211  0  109  10  31  4  154  2  0  0  0  0  0  0  0  12544  51  2  11180  0  0  0  11  0  16901  20  0  0  0  65  0  5477  5  0  0  0  0  0  487  2  43615  671  761  0  0  0  6  1  0  0  0  0  0  111659  165099  9  0  0  0  0  0  0  0  0  0  0  0  0  0  0  0  0  0  0  0  0  0  0  0  0  0  0  0  0  0  0  0  0  0  0  0  0  0  0  0  0  0  0  0  0  0  0  0  0  0  0  0  0  0  0  0  0  0  0  0  0  0  0  0  0  0  0  0  0  0  0  0  0  0  0  197  0  889  0  0  0  0  0  0  0  0  0  
1530  0  0  1  19  62  4  0  0  0  0  878  24361  17868  4  4  0  473  0  0  0  0  0  305  0  0  0  0  0  0  0  5  0  2  0  0  0  0  0  1281  8  0  0  0  8  1  5862  0  27082  0  0  2421  119  11  0  0  0  0  0  0  0  331  81  1349  1  14  0  8  5  19  0  0  0  0  0  0  0  0  0  0  0  0  0  0  0  0  0  0  0  0  0  0  0  0  0  0  0  0  0  0  0  0  0  0  0  0  0  0  0  0  0  0  0  0  0  0  0  0  0  0  0  0  0  0  0  0  0  0  0  0  0  0  0  0  0  0  0  0  0  0  0  0  0  0  0  0  0  0  0  6  0  38  378  9  0  0  0  0  0  0  
99  0  0  18  3  173  3  0  0  1  0  42475  0  35569  29  40  0  4  0  0  0  0  0  3  0  1  0  0  6  0  0  0  0  0  0  0  0  0  1045  0  23  0  0  0  16  0  25  0  23065  0  0  1861  488  36  0  0  0  0  0  0  0  1  1  2  0  27  0  45  9  0  0  0  0  0  0  0  0  0  0  0  0  0  0  0  0  0  0  0  0  0  0  0  0  0  0  0  0  0  0  0  0  0  0  0  0  0  0  0  0  0  0  0  0  0  0  0  0  0  0  0  0  0  0  0  0  0  0  0  0  0  0  0  0  0  0  0  0  0  0  0  0  0  0  0  0  0  0  0  0  11  0  79  1054  13  0  0  0  0  0  0  
19  14  0  1481  0  43  7  0  66  669  0  294  0  214  26  1  3519  3  46  0  9  51  17  0  0  46403  3  28  2  152  0  0  10284  516  0  48747  0  1  21  72  0  0  0  937  986  25  1  35284  34804  0  17  70  18  205  833  6445  411  49  17  0  90  2  0  2  618  517  2679  79  64  0  15  0  11575  25342  0  0  0  0  0  0  0  0  0  0  0  0  0  0  0  0  0  0  0  0  0  0  0  0  0  0  0  0  0  0  0  0  0  0  0  0  0  0  0  0  1  0  0  0  0  0  0  0  0  0  0  0  0  0  0  6  0  0  0  0  0  0  0  0  0  12  6  0  0  0  0  0  0  0  409  99  5905  10042  26603  262  0  0  55  25  21  0  
0  67084  0  0  0  0  0  0  0  0  14485  0  0  0  0  0  0  0  22341  20422  40  47741  0  0  0  0  0  0  0  0  0  0  0  0  0  0  0  0  0  0  0  0  0  26694  0  0  0  0  0  0  6247  0  0  0  0  0  28189  399  0  0  931  0  0  0  0  0  0  0  0  0  0  0  0  0  0  0  0  0  0  0  0  0  0  0  37  0  0  0  0  0  0  0  0  0  0  27  0  0  0  0  0  0  0  0  0  0  0  0  0  0  0  0  0  0  0  0  0  29  0  0  0  0  0  0  0  0  0  0  0  0  0  0  0  0  0  0  0  0  0  0  0  0  0  0  0  0  0  0  0  0  0  0  0  0  0  0  0  0  0  0  
0  0  0  0  0  0  0  0  0  0  0  0  0  0  0  0  81  1  0  0  93  0  42211  537  0  1  0  0  0  0  0  1  0  27294  15997  1  31688  12991  0  0  0  0  0  0  0  0  0  2277  0  3794  0  0  0  0  0  0  0  0  26  42  402  0  1  6  1  0  0  0  0  0  0  20776  12429  2  0  0  0  0  0  0  0  0  0  0  0  0  0  0  0  0  0  0  0  0  0  0  0  0  0  0  0  0  0  0  0  0  0  0  0  0  0  0  0  0  0  0  0  0  0  0  0  0  0  0  0  0  0  0  0  0  0  0  0  0  0  0  0  0  0  0  0  0  0  0  0  0  0  0  35128  0  3520  2  3  0  0  0  0  0  0  0  
0  865  0  5  0  2  2  0  122  30846  85194  0  0  1  6  0  3  0  699  22653  85  205720  9718  0  6  94  11  1  0  8675  0  0  5  0  0  448  0  2  0  1  3368  27119  0  0  403  4  0  650  103  0  4645  6  1  98  162  3371  20459  24484  176  1  12815  0  0  0  87998  930  207  3  9  0  1  0  5395  41  0  0  0  0  0  0  0  0  0  12  810  0  0  0  0  0  0  0  0  0  0  1653  3  0  0  0  0  0  0  3  0  0  0  0  0  0  0  0  0  0  0  2  0  1394  0  0  0  0  0  0  0  0  0  0  0  0  0  0  0  0  0  0  0  0  0  0  1  0  0  0  0  0  0  0  6  19  17759  715  611  21  0  0  39  33  2  0  
7  0  47149  38258  1  218  105  15726  27  39  0  550  0  71  59  7545  1  0  0  0  0  0  1  0  0  978  11  126660  103331  4  0  0  0  0  0  5  0  0  13  12  239  0  0  23  0  28227  0  45  2515  0  0  434  32  4960  0  1466  1  0  0  0  0  3  0  1  47  2426  26671  63683  14869  0  8  0  8  0  0  0  0  0  0  0  0  2  1  0  0  0  0  0  0  0  0  0  0  0  0  0  0  0  0  0  0  0  0  0  0  0  0  0  0  0  0  0  0  0  0  0  0  0  1  0  0  0  0  0  0  0  0  0  0  0  0  0  0  0  0  0  0  0  1  8  0  0  0  0  0  0  0  0  1  63924  3  7001  5203  275  0  1  0  1  1  0  
0  0  27274  1  0  16  16  31940  21770  1  0  0  0  0  0  45  0  0  0  0  0  0  0  0  0  1  21019  1043  38  34072  0  0  0  0  0  2  0  0  0  0  23  0  0  1  24038  0  0  10  6  0  0  5  12  93  0  320  0  0  0  0  0  0  0  0  715  5870  13727  0  494  0  13107  0  4  0  0  0  14  0  0  0  0  8  16  0  0  0  0  0  0  0  0  0  0  0  0  0  0  0  0  0  0  0  0  0  0  0  0  0  0  0  0  0  0  0  0  0  0  0  0  51  0  0  0  0  0  0  0  0  0  0  0  0  0  0  0  0  0  0  0  1  0  0  0  0  2  0  0  0  0  73064  0  701  306  3  0  0  0  0  0  0  
3062  0  0  0  60  31  1  0  0  0  0  575  7774  351  1  4  35  28649  0  0  0  0  0  34340  0  0  0  0  0  0  2  40  0  0  9  0  0  0  4578  31  1  0  0  0  3  0  0  671  7488  0  0  1769  143  6  0  0  0  0  0  0  0  838  3547  28240  0  7  0  7  0  144  0  0  0  0  0  0  0  0  0  0  0  0  0  0  0  0  0  0  0  0  0  0  0  0  0  0  0  0  0  0  0  0  0  0  0  0  0  0  0  0  0  0  0  0  0  0  0  0  0  0  0  0  0  0  0  0  0  0  0  0  0  0  0  0  0  0  0  0  0  0  0  0  0  0  0  0  0  0  0  0  0  16  78625  5  0  0  0  0  0  0  
0  5  0  20  0  4  1  0  9  32  0  39  5  2  2  0  35528  3772  9  0  3  8  7343  822  1  192  0  1  1  7  0  3  36663  7204  48006  170  0  24  0  0  31316  0  4817  113  67  5  1057  0  152  26  1  1  0  38  25  834  33  5  108  0  27  0  588  1  65  74  132  0  28  0  3  84  85877  30088  0  0  0  0  0  0  0  0  0  0  0  0  0  0  0  0  0  0  0  0  0  0  0  0  0  0  0  0  0  0  0  0  0  0  0  0  0  0  0  0  0  0  0  0  0  0  0  0  0  0  0  0  0  0  0  1  0  0  0  0  0  0  0  0  0  0  0  0  0  0  0  0  0  0  24757  15  12359  13166  101397  401  0  0  4  1  1  0  
4623  2  0  49775  236  980  46  0  26  451  1  64614  451  18844  352  133  16438  34149  2  0  0  2  8  190  1  11120  1  20  0  126  0  4  41  5  17  68  0  0  25855  35750  40222  0  0  260  5704  11  6725  434  0  0  2  12871  10298  500  1  678  9  5  1  0  5  372  39  613  424  417  564  16184  96  6  4  0  346  16  0  0  0  0  0  0  0  0  0  0  0  0  0  0  0  0  0  0  0  0  0  0  0  0  0  0  0  0  0  0  0  0  0  0  0  0  0  0  0  0  1  0  0  0  0  0  0  0  0  0  0  0  0  0  0  1  0  0  0  0  0  0  0  0  0  4  2  0  0  0  0  0  0  0  1  102  209  1189  118019  957  0  1  11  5  2  0  
0  0  0  0  0  0  0  0  0  0  0  0  0  0  0  0  0  0  0  0  34837  0  27496  0  0  0  0  0  0  0  0  0  0  905  104  0  61384  2217  0  0  0  0  16162  0  0  0  0  90  0  0  0  0  0  0  0  0  0  0  92  21312  15333  0  0  0  0  0  0  0  0  0  0  98331  4031  0  0  0  0  0  0  0  0  0  0  0  0  0  0  0  0  0  0  0  0  0  0  0  0  0  0  0  0  0  0  0  0  0  0  0  0  0  0  0  0  0  0  0  0  0  0  0  0  0  0  0  0  0  0  0  0  0  0  0  0  0  0  0  0  0  0  0  0  0  0  0  0  0  0  0  378  0  6169  0  0  0  0  0  0  0  0  0  
0  35444  0  0  0  0  0  0  0  0  25  0  0  0  0  0  0  0  89  75  12641  35429  0  0  0  0  0  0  0  0  0  0  0  0  0  0  0  0  0  0  0  10607  0  6066  0  0  0  0  0  0  0  0  0  0  0  0  4900  32  38  2  29573  0  0  0  12  0  0  0  0  0  0  0  9  0  0  0  0  0  0  0  0  0  0  0  0  0  0  0  0  0  0  0  0  0  0  18  0  0  0  0  0  0  0  0  0  0  0  0  0  0  0  0  0  0  0  0  0  0  0  0  0  0  0  0  0  0  0  0  0  0  0  0  0  0  1  0  0  0  0  0  0  0  0  0  0  0  0  0  0  0  1  0  1  0  0  0  0  0  0  0  
17357  0  0  3  251  3198  544  3  3  0  0  50401  23  68811  157203  226  0  1  0  0  0  0  0  173  0  3  2  1  60  1  0  1  0  0  0  3  0  0  4697  545  6  0  0  5  3479  22  1036  0  10932  0  0  0  54939  9523  0  14  0  0  0  0  0  16316  5  3122  17  201  28  48399  127  15  1  0  7  0  0  0  0  0  0  0  0  1  0  0  0  0  0  0  0  0  0  0  0  0  0  0  0  0  0  0  0  0  0  0  0  0  0  0  0  0  0  0  0  0  0  0  0  0  0  0  0  0  0  0  0  0  0  0  0  0  0  0  0  0  0  0  0  0  0  2  0  0  0  0  0  0  0  0  0  100  1  457  9502  162  0  0  0  0  1  0  
14478  0  0  1  27702  26621  178  3  4  1  0  3569  0  1829  128668  8968  0  7  0  0  0  0  0  12  0  0  0  1  0  0  0  5  0  0  0  0  0  0  1  654  3  0  0  1  33  5  33  0  1368  0  0  57723  0  38470  0  3  0  0  0  0  0  118  0  12  3  390  1  1246  66  17  0  0  0  0  0  0  0  0  0  0  0  1  0  0  0  0  0  0  0  0  0  0  0  0  0  0  0  0  0  0  0  0  0  0  0  0  0  0  0  0  0  0  0  0  0  0  0  0  0  0  0  0  0  0  0  0  0  0  0  0  0  0  0  0  0  0  0  0  0  7  0  0  0  0  0  0  0  0  0  142  0  964  18221  250  0  3  0  0  0  0  
102  0  0  6  562  11994  7234  20  7  69  0  153  0  46  123133  142756  0  0  0  0  0  0  0  7  0  15  5  26  610  27  0  1  0  0  0  9  0  0  0  26  80  0  0  119  4147  196  6  14  490  0  0  13272  25463  0  0  283  0  1  0  0  0  0  0  15  258  584  224  11107  40524  2  4  0  44  1  0  0  0  0  0  0  0  4  0  0  0  0  0  0  0  0  0  0  0  0  0  0  0  0  0  0  0  0  0  0  0  0  0  0  0  0  0  0  0  0  0  0  0  0  0  0  0  0  0  0  0  0  0  0  0  0  0  0  0  0  0  0  0  0  0  10  0  0  0  0  0  0  0  0  0  16646  7  1273  3670  205  0  2  1  0  0  0  
0  0  0  0  0  0  0  0  10  57  0  0  0  0  0  0  0  0  0  0  0  0  0  0  26160  45961  0  0  0  18  0  0  0  4  0  8464  0  0  0  0  1255  0  0  20  1  0  0  41  0  0  0  0  0  1  0  203  2  1  0  0  1  0  0  0  38  56  1  0  3  0  2  0  28343  33  0  0  0  0  0  0  0  0  0  0  0  0  0  0  0  0  0  0  0  0  0  0  0  0  0  0  0  0  0  0  0  0  0  0  0  0  0  0  0  0  0  0  0  0  0  0  0  0  0  0  0  0  0  0  0  0  0  0  0  0  0  0  0  0  0  1  0  0  0  0  0  0  0  0  12  0  21  60  117  2  0  0  0  0  0  0  
0  0  0  0  0  28  57  14  1319  3449  1  1  0  0  8  1  5  0  2661  4213  3  1  0  0  75689  15608  141387  18  1  2825  0  0  0  0  0  7276  0  0  0  1  3043  0  0  1525  540  81  0  38  50  0  0  14  0  136  361  0  4  31544  0  0  9  0  0  0  16282  12405  49830  3  428  0  5550  0  31742  0  0  0  0  0  0  0  0  0  0  0  0  0  0  0  0  0  0  0  0  0  0  0  0  0  0  0  0  0  0  0  0  0  0  0  0  0  0  0  0  0  0  0  0  0  0  0  0  0  0  0  0  0  0  0  0  3  0  0  0  0  0  0  0  0  1  16  1  0  0  0  0  0  0  0  0  207  4  4062  5517  100  0  0  0  0  0  0  
0  16586  0  0  0  0  0  0  0  0  452  0  0  0  0  0  0  0  138748  2326  1311  5706  0  0  23  0  0  0  0  0  0  0  1  0  0  2  0  111  0  0  44  28189  0  6954  0  0  0  13  0  0  5189  0  0  0  0  4  0  9984  1194  1  14030  0  0  0  1495  0  0  0  0  0  0  0  15561  46  0  0  0  0  0  0  0  0  0  0  0  0  0  0  0  0  0  0  0  0  0  0  0  0  0  0  0  0  0  0  0  0  0  0  0  0  0  0  0  0  0  0  0  0  0  0  0  0  0  0  0  0  0  0  0  0  0  0  0  0  0  0  0  0  0  0  0  0  0  0  0  0  0  0  0  0  6  1  4  0  0  0  0  0  0  0  
0  23  0  0  0  0  0  0  0  0  4784  0  0  0  0  0  0  0  60589  56914  15  3321  0  0  5996  0  153  0  0  0  0  0  0  0  0  1  0  1  0  0  5  97  0  15695  0  0  0  4  0  0  27  0  0  0  1  27926  11224  0  11  0  1242  0  0  0  25167  0  0  0  0  0  0  0  13124  4  0  0  0  0  0  0  0  0  0  0  0  0  0  0  0  0  0  0  0  0  0  0  0  0  0  0  0  0  0  0  0  0  0  0  0  0  0  0  0  0  0  0  0  0  0  0  0  0  0  0  0  0  0  0  0  0  0  0  0  0  0  0  0  0  0  0  0  0  0  0  0  0  0  0  0  0  2  2  1  0  0  0  0  0  0  0  
0  39041  0  0  0  0  0  0  0  0  0  0  0  0  0  0  0  0  30093  0  10835  65  56  0  1  3  0  0  0  1  0  0  0  2  4  0  7  59320  0  0  5  3  11  710  1  0  0  19  0  2  884  0  0  0  1  3  1875  12  0  22979  18294  0  0  0  181  0  0  0  0  0  0  40979  18939  4  0  0  0  0  0  0  0  0  0  0  0  0  0  0  0  0  0  0  0  0  0  0  0  0  0  0  0  0  0  0  0  0  0  0  0  0  0  0  0  0  0  0  0  0  0  0  0  0  0  0  0  0  0  0  0  0  0  0  0  0  0  0  0  0  0  0  0  0  0  0  0  0  0  0  52  0  1599  5  1  0  0  0  0  0  0  0  
0  17939  0  0  0  0  0  0  0  0  0  0  0  0  0  0  0  0  4  0  83705  0  24  0  0  0  0  0  0  0  0  0  0  6  3  0  45746  194  0  0  1  0  129  1  0  0  0  16  0  25024  168  0  0  0  0  0  2  0  29420  0  12734  0  0  0  0  0  0  0  0  0  0  70077  146  0  0  0  0  0  0  0  0  0  0  0  0  0  0  0  0  0  0  0  0  0  0  0  1  0  0  0  0  0  0  0  0  0  0  0  0  0  0  0  0  0  0  0  0  0  0  0  0  0  0  0  0  0  0  0  0  0  0  0  0  0  0  0  0  0  0  0  0  0  0  0  0  0  0  0  66  0  310  8  0  0  0  0  1  0  0  0  
0  27005  0  0  0  1  0  0  0  2  293  0  0  0  0  0  0  0  782  309  150663  101977  53807  0  6  29  0  0  0  0  0  0  2  17  10  16  70  533  0  0  292  1807  1774  19257  14  0  0  133  3  18715  25871  0  0  1  1  31  20376  1757  16869  10991  0  0  0  0  187  2  0  0  0  0  0  16974  10828  214  0  2  0  0  0  0  0  0  0  0  0  0  0  0  0  0  0  0  0  0  1  4  1  0  0  0  0  0  0  0  0  0  0  0  0  0  0  0  0  0  0  0  0  0  0  0  0  0  0  0  0  0  0  0  0  0  0  0  0  0  0  0  0  0  0  0  0  0  0  0  0  0  0  0  99  0  34172  83  32  0  0  0  2  0  0  0  
21385  0  0  0  0  1  0  0  0  0  0  1  2751  22228  26954  0  0  0  0  0  0  0  0  40829  0  0  0  0  0  0  0  0  0  0  0  0  0  0  8  0  0  0  0  0  0  0  4  0  0  0  0  25279  596  0  0  0  0  0  0  0  0  0  0  12711  0  1  0  0  0  0  0  0  0  0  0  0  0  0  0  0  0  0  0  0  0  0  0  0  0  0  0  0  0  0  0  0  0  0  0  0  0  0  0  0  0  0  0  0  0  0  0  0  0  0  0  0  0  0  0  0  0  0  0  0  0  0  0  0  0  0  0  0  0  0  0  0  0  0  0  0  0  0  0  0  0  0  0  0  0  0  0  1  176  15  0  0  0  0  0  0  
1126  0  0  0  44  898  0  0  0  0  0  14  32  34  0  0  3697  9602  0  0  0  0  2  72442  0  0  0  0  0  0  64500  27217  0  1  5  0  0  0  20  0  0  0  1  0  0  0  4490  196  15  0  0  1251  4  0  0  0  0  0  0  0  0  1108  0  24389  0  28  0  0  0  26860  0  0  0  0  0  0  0  0  0  0  0  0  0  0  0  0  0  0  0  0  0  0  0  0  0  0  1  0  0  0  0  0  0  0  1  1  0  0  0  0  0  0  0  0  0  0  0  0  0  0  0  0  0  0  0  0  0  0  0  0  0  0  0  0  0  0  0  0  0  0  0  0  0  1  0  0  0  0  63  0  31  502  58330  412  0  0  0  0  1  0  
8037  0  0  0  253  141  0  0  0  0  0  1  5629  22134  0  0  0  0  0  0  0  0  38  143002  0  0  0  0  0  0  15  416  0  8  19  0  0  0  637  2  1  0  54  0  2  0  26639  0  74  0  0  14967  8  20  0  0  0  0  0  0  0  22512  22545  0  1  39  0  0  7  3250  0  0  0  0  0  0  0  0  0  0  0  0  0  0  0  0  0  0  0  0  0  0  0  0  0  0  0  0  0  0  0  0  0  0  0  0  0  0  0  0  0  0  0  0  0  0  0  0  0  0  0  0  0  0  0  0  0  0  0  0  0  0  0  0  0  0  0  0  0  5  0  0  0  0  0  0  0  0  27  8  0  27  38396  239  0  0  0  0  0  0  
0  8  0  0  0  29  130  20  247  1060  91506  0  0  0  23  11  1  0  1061  49259  7  5574  0  0  30  67  54180  4  0  96868  0  0  0  3  0  251  0  1  0  0  723  0  0  75020  356  190  0  42  17  0  5  33  2  394  86  16118  1333  34725  10  0  122  0  0  0  0  980  160  2  669  0  5925  0  2760  10  0  0  0  0  0  0  0  0  8  12  1143  0  0  0  0  0  0  0  0  0  0  6  0  0  0  0  0  0  0  1321  0  0  0  0  0  0  0  0  0  0  0  0  0  0  0  0  0  0  0  0  0  0  0  0  0  4  0  0  0  0  0  0  0  0  18  6  0  0  0  0  1  0  0  0  0  594  20  563  413  19  0  0  2  0  2  0  
35  1  0  1  3  83439  26091  27515  37316  53529  0  4  0  2  7  15  1  6  1  0  1  3  0  21  1  25  58  40  2  178  13  14017  0  2  0  53  0  0  0  0  529  0  0  627  2062  2273  0  22  16  0  0  48  41  260  6  2246  3  5  1  0  1  0  64  2  129  0  1750  5  122  3688  1510  0  272  10  0  0  0  0  0  493  1257  1168  1510  1314  0  2  0  0  0  6  1  0  0  0  0  5  0  0  0  0  1  0  0  1  1  558  0  0  0  0  0  0  0  0  160  0  0  4  7  1  0  5  8  0  0  2  0  0  0  269  0  1  0  0  0  0  0  0  3  28020  569  7  0  37  6  0  3  0  2  10692  27  2021  6909  22681  0  2378  495  837  1542  0  
3  0  5938  3025  0  9  25  6  186  150  0  13  0  29  9  1  2  1  0  0  0  0  0  0  8  66012  69791  84505  5  22  0  0  0  0  0  429  0  0  2  5  3502  0  0  38  26129  13243  0  54  2184  0  0  16  2  142  2  55610  0  1  0  0  0  0  0  0  266  1957  0  9  134  0  4531  0  13  0  0  0  0  0  0  0  0  0  0  0  0  0  0  0  0  0  0  0  0  0  0  0  0  0  0  0  0  0  0  0  0  0  0  0  0  0  0  0  0  0  0  0  0  0  0  0  0  0  0  0  0  0  0  0  0  1  0  0  0  0  0  0  0  0  0  2  1  0  0  0  0  0  0  0  0  18503  4  2867  2824  61  0  0  0  0  0  0  
22  0  0  24967  2  524  64  0  0  5  0  52828  0  435  30098  61  0  0  0  0  0  0  0  1  0  301  0  2  50568  3  0  0  0  1  0  0  0  0  12  257  178  0  0  4  93620  0  4  3  12236  0  0  39048  1177  10254  0  6  0  0  0  0  0  0  0  1  5  70  16  0  7545  0  0  0  1  0  0  0  0  0  0  0  0  2  0  0  0  0  0  0  0  0  0  0  0  0  0  0  0  0  0  0  0  0  0  0  0  0  0  0  0  0  0  0  0  0  0  0  0  0  0  0  0  0  0  0  0  0  0  0  0  0  0  0  0  0  0  0  0  0  0  2  1  0  0  0  0  0  0  0  0  24  0  223  13664  118  0  0  0  1  0  0  
10  0  2  1  0  301  120  4748  7  42  0  22  0  6  13919  32443  3  0  0  0  0  0  0  0  0  3  11  81  84897  10  0  0  0  0  0  4  0  0  1  6  27  0  0  15  22364  77  0  1  44  0  0  83  46  44383  0  909  0  0  0  0  0  0  0  1  83  445  345  24147  0  0  5  0  19  0  0  0  0  0  0  0  0  1  0  0  0  0  0  0  0  0  0  0  0  0  0  0  0  0  0  0  0  0  0  0  0  0  0  0  0  0  0  0  0  0  0  0  0  0  0  0  0  0  0  0  0  0  0  0  0  0  0  0  0  0  0  0  0  0  0  4  0  0  0  0  0  0  0  0  0  34885  1  1346  465  52  0  0  0  0  0  0  
35069  0  0  0  33255  62819  0  0  0  0  0  0  0  1  3  8183  1  12  0  0  0  0  0  21371  0  0  0  0  0  0  49640  20510  0  0  0  0  0  0  0  0  0  0  0  0  0  0  11  0  0  0  0  44  86  7  0  0  0  0  0  0  0  54  24634  964  0  3810  0  0  0  0  0  0  0  0  3  0  0  0  0  54  0  0  0  0  0  0  0  0  0  85  0  0  0  0  0  0  0  1  0  0  0  0  0  0  51  91  0  0  0  0  0  0  0  0  0  0  0  0  0  0  0  0  0  0  0  0  0  0  0  0  0  0  0  0  0  0  0  0  0  51  0  0  0  225  0  0  0  0  22  1  23  749  31020  4017  0  2  1  2  1  1  
0  0  11  0  0  6  3  25  43049  3643  2  0  0  0  0  1  1  0  0  0  0  2  0  0  0  10  36917  3  0  69365  0  0  0  0  0  29  0  0  0  0  93  0  0  23  220  13501  0  15  5  0  0  0  1  5  13  16166  0  0  0  0  0  0  0  0  9550  6609  2309  1  112  0  0  0  448  1  0  0  2  0  0  0  0  1  570  522  1  0  0  0  0  0  0  0  0  0  0  2  0  0  0  0  0  0  0  934  0  0  0  0  0  0  0  0  0  0  0  0  0  0  0  4  0  0  0  0  0  0  0  0  0  0  0  0  0  0  0  0  0  0  0  10  1  0  0  0  484  0  0  0  0  2259  1  262  318  3  0  0  0  0  0  0  
0  8381  0  0  0  0  0  0  0  0  0  0  0  0  0  0  0  0  0  0  6041  0  291  0  0  0  0  0  0  0  0  0  0  2263  219  1  105014  112547  0  0  0  0  29420  9  0  0  0  449  0  61108  1  0  0  0  0  0  1  0  52453  73458  10319  0  0  0  0  0  0  0  0  0  0  0  18451  0  0  0  0  0  0  0  0  0  0  0  0  0  0  0  0  0  0  0  0  0  0  0  0  0  0  0  0  0  0  0  0  0  0  0  0  0  0  0  0  0  0  0  0  0  0  0  0  0  0  0  0  0  0  0  0  0  0  0  0  0  0  0  0  0  0  0  0  0  0  0  0  0  0  0  1606  0  8379  2  1  0  0  0  0  0  0  0  
0  609  0  1  0  2  0  0  501  1342  1  0  0  0  7  0  89  0  51857  0  1430  2685  993  0  112794  39923  40  2  0  244  0  0  622  136438  23327  21528  73  187313  0  0  8448  4  15183  9303  170  1  0  91331  58  10781  321  5  0  33  21168  32954  17916  10747  8615  194  15644  0  0  0  9533  3544  29  1  13  0  142  35744  0  24298  0  0  0  0  0  0  0  0  0  0  0  0  0  0  0  0  0  0  0  0  0  0  0  0  0  0  0  0  0  0  0  0  0  0  0  0  0  0  0  0  0  0  0  0  0  0  0  0  0  0  0  0  0  0  0  0  0  0  0  0  0  0  0  0  0  4  1  0  0  0  0  0  0  0  8246  4  27268  4228  1661  13  0  0  9  2  4  0  
0  4  0  5  0  0  0  0  0  1  0  0  0  0  0  0  14  0  9  0  6  8  8  0  0  226  0  0  0  0  0  0  36445  9958  2699  24552  0  1  0  0  16902  0  1  21  0  0  0  40801  4  0  2  0  0  0  0  0  113  1  10  0  21  0  0  0  4  0  0  0  0  0  0  0  28649  0  0  0  0  0  0  0  0  0  0  0  0  0  0  0  0  0  0  0  0  0  0  0  0  0  0  0  0  0  0  0  0  0  0  0  0  0  0  0  0  0  0  0  0  0  0  0  0  0  0  0  0  0  0  0  0  0  0  0  0  0  0  0  0  0  0  0  0  0  0  0  0  0  0  0  330  0  222  1939  1380  0  0  0  0  0  0  0  
0  0  0  0  0  0  0  0  0  0  0  0  0  0  0  0  0  0  0  0  0  0  0  0  0  0  0  0  0  0  94  0  0  0  0  0  0  0  0  0  0  0  0  0  0  0  0  0  0  0  0  0  0  0  0  0  0  0  0  0  0  0  0  0  0  0  0  0  0  3  0  0  0  0  0  0  0  0  35646  9542  1  0  0  0  0  182  97  3  9505  3841  0  5  1  0  0  0  0  70552  0  7  0  0  0  0  13745  0  0  0  0  2  0  0  448  10  14  0  0  12  19  0  5412  0  1503  0  0  2540  25633  12  1  6  0  1  0  0  0  18645  342  5252  3  101  4  139  0  10610  0  0  52  0  0  0  0  0  0  0  0  2470  0  0  6347  0  
0  0  0  0  0  0  0  0  0  0  0  0  0  0  0  0  0  0  0  0  0  0  0  0  0  0  0  0  0  0  0  0  0  0  0  0  0  0  0  0  0  0  0  0  0  0  0  0  0  0  0  0  0  0  0  0  0  0  0  0  0  0  0  0  0  0  0  0  0  0  0  0  0  0  0  0  0  0  0  0  0  0  0  0  0  0  0  0  0  0  0  0  48601  0  19488  4  1  0  0  0  0  0  0  0  0  0  0  0  0  0  23700  63  0  0  0  21454  3  1  0  0  0  0  0  48  23588  0  0  0  0  0  15032  0  33187  31896  558  0  0  0  1  0  0  0  0  0  0  789  948  0  0  0  0  0  0  0  0  0  105  5  0  0  
0  0  148  0  0  0  0  3  7  0  0  0  0  0  0  11  0  0  0  0  0  0  0  0  0  0  0  0  0  7  0  0  0  0  0  0  0  0  0  0  0  0  0  0  0  20  0  0  0  0  0  0  0  0  0  0  0  0  0  0  0  0  0  0  0  0  0  0  0  0  0  0  0  0  0  0  0  0  0  0  0  7228  44  0  0  0  0  0  0  32373  0  0  0  0  0  0  0  0  0  0  10096  7522  13014  5514  0  0  0  0  0  0  0  0  0  0  0  0  0  0  58161  32785  0  0  0  0  0  0  0  2  0  0  0  0  0  0  0  0  0  0  0  3  170  0  17  0  20  0  0  0  0  3  0  0  0  0  0  0  0  0  0  0  
0  0  0  0  0  0  0  0  0  0  0  0  0  0  0  0  0  0  0  0  0  0  0  0  0  0  0  0  0  0  0  0  0  0  0  0  0  0  0  0  0  0  0  0  0  0  0  0  0  0  0  0  0  0  0  0  0  0  0  0  0  0  0  0  0  0  0  0  0  0  0  0  0  0  3  0  0  0  2  6  0  0  0  0  0  43670  0  0  1  5  239  23  0  0  0  1  0  0  1  60054  0  30154  18705  0  0  0  1846  1233  1027  586  0  0  0  0  41175  0  0  19  34874  0  0  113  29671  0  0  18  3  6  21  94  3  10  0  0  0  0  0  0  62  2  7084  10185  1  0  0  0  137  792  0  0  0  0  0  0  0  9  2  2  120  11  
0  0  0  0  22  5  0  0  0  0  0  0  0  0  0  62  0  0  0  0  0  0  0  0  0  0  0  0  0  0  38  0  0  0  0  0  0  0  0  0  0  0  0  0  0  0  0  0  0  0  0  0  0  0  0  0  0  0  0  0  0  0  0  0  0  0  0  0  0  2  0  0  0  0  32508  0  0  0  0  36525  1  0  0  0  0  344  3  6  44525  104232  0  26  0  0  0  0  0  73  0  1  0  0  0  0  40  0  0  1  0  1  0  0  15  3  1  0  0  0  7  0  1729  0  1788  0  0  817  71434  393  0  3  0  0  0  0  0  4  7  77  0  8  2  65  1  6363  0  0  0  0  0  0  0  0  0  0  0  166  0  0  2806  3  
3  0  0  0  8  4258  1168  0  0  0  0  0  0  0  0  408  0  0  0  0  0  0  0  0  0  0  0  0  0  0  80  7  0  0  0  0  0  0  0  0  0  0  0  0  0  0  0  0  0  0  0  0  0  5  0  0  0  0  0  0  0  0  0  0  0  1882  0  0  0  122  0  0  0  0  21974  0  0  0  74457  0  24660  13  10  2  0  357  3  3  1000  110390  0  96  0  0  0  0  0  3001  0  3  47  0  0  14  1068  16959  0  0  0  4  0  0  5  1  12  0  0  4  248  3  4467  1  4982  0  0  2329  6061  31277  1  376  0  10  0  0  0  31  14956  1575  546  69844  99  992  121  40146  5  0  25  0  0  2  0  1  19  728  0  60886  0  0  52661  151  
0  0  0  0  0  132  3755  241  0  0  0  0  0  0  0  365  0  0  0  0  0  0  0  0  0  0  0  0  0  0  0  0  0  0  0  0  0  0  0  0  0  0  0  0  0  0  0  0  0  0  0  1  0  1  0  0  0  0  0  0  0  0  0  0  0  882  0  0  0  0  0  0  0  0  12  0  3  0  11  31303  0  33475  6  2  0  1  0  0  5  105905  1  0  0  0  0  0  0  0  0  0  34  1  10  29  0  0  0  0  0  1  0  0  0  0  7  0  0  2  205  3  1  0  31  0  0  24  8  5891  1  160  0  3  0  0  0  0  0  0  200  33262  102  356  51  0  161  0  12  0  0  13  0  1  1  0  0  4871  0  1  2681  75  
0  0  167  0  0  4  15  998  541  0  0  0  0  0  0  279  0  0  0  0  0  0  0  0  0  0  0  0  0  0  0  0  0  0  0  0  0  0  0  0  0  0  0  0  9  1  0  0  0  0  0  0  0  0  0  0  0  0  0  0  0  0  0  0  0  955  0  0  0  0  0  0  0  0  0  0  3279  0  0  66  30777  0  12058  18  0  0  0  0  0  59892  0  1  0  0  0  0  0  0  0  0  9  0  168  2  0  0  0  0  0  0  0  0  0  0  13  0  0  11  23415  27319  0  1  2  0  0  2  0  147  0  67  0  2  0  0  0  0  0  0  127  29475  72  11  970  0  998  0  9  0  0  26  0  14  0  0  0  794  0  7  135  9  
0  0  20  0  0  0  0  33  4152  377  53  0  0  0  0  0  0  0  0  0  0  24  0  0  0  0  0  0  0  346  0  0  0  0  0  0  0  0  0  0  0  0  0  2  4  9  0  0  0  0  0  0  0  0  0  0  0  0  0  0  0  0  0  0  9  1098  0  0  0  0  435  0  0  0  0  0  20  0  0  6  4  10526  0  7682  1  0  0  0  0  4  0  0  3  0  0  9  0  0  2  0  284  4  0  5991  0  0  0  0  0  2  0  0  0  0  5  0  0  230  56  23284  0  0  2  0  0  0  0  1  0  1440  0  39  0  0  0  0  0  0  4039  26077  215  0  0  0  40487  0  324  0  0  3  0  2  0  0  0  24  7  6  29  2  
0  0  0  0  0  0  0  0  353  1196  72  0  0  0  0  0  0  0  0  0  0  438  4  0  0  0  0  0  0  2204  0  0  0  0  0  0  0  0  0  0  1  0  0  14  1  0  0  0  0  0  0  0  0  0  0  1  0  0  0  0  0  0  0  0  51  1315  0  0  0  0  21  0  0  0  1  0  0  0  0  0  1  0  10612  0  34  1  0  0  0  1  0  0  1  0  0  1934  3810  0  1  2  13  0  0  15905  0  0  0  0  0  1  0  0  0  0  29  0  0  29948  9  0  0  4  12  0  0  3  1  1  0  651  1  25  0  0  0  0  0  0  16384  31834  22  8  0  0  7  0  170  0  0  0  5  7  1  0  0  29  6974  79  66  2  
0  0  0  0  0  0  0  0  0  0  24896  0  0  0  0  0  0  0  0  1  0  1599  0  0  0  0  0  0  0  916  0  0  0  0  0  0  0  0  0  0  0  5  0  980  0  0  0  0  0  0  0  0  0  0  0  0  0  0  0  0  0  0  0  0  636  0  0  0  0  0  1  0  0  0  0  0  0  0  0  0  0  0  3  8  0  0  0  0  0  0  0  0  0  93104  0  31471  0  0  0  0  41  0  0  3409  0  0  0  0  0  0  0  0  0  0  1  28991  0  97946  0  0  0  0  1  0  6  0  0  0  0  86  7  2375  0  0  0  0  0  0  65710  1  0  1  0  0  1  0  2  0  0  0  0  0  0  0  0  0  0  0  0  0  
0  0  0  0  0  0  0  0  0  0  0  0  0  0  0  0  0  0  0  0  0  0  0  0  0  0  0  0  0  0  0  0  0  0  0  0  0  0  0  0  0  0  0  0  0  0  0  0  0  0  0  0  0  0  0  0  0  0  0  0  0  0  0  0  0  0  0  0  0  0  0  0  0  0  69  0  0  56772  121  37  0  0  0  0  0  0  67  17720  973  84  239  413  0  0  0  0  2  724  0  59  0  3  5642  0  0  0  90  161  200  3  0  0  1470  33807  57  0  0  1  11527  0  159  60  32152  0  0  19455  113  30  1  2  0  0  0  0  0  3  1  34  2  0  536  63699  0  0  0  0  14  1  0  0  0  0  0  0  0  1  2  1  218  0  
0  0  0  0  0  0  0  0  0  0  0  0  0  0  0  0  0  0  0  0  0  0  0  0  0  0  0  0  0  0  0  0  0  0  0  0  0  0  0  0  0  0  0  0  0  0  0  0  0  0  0  0  0  0  0  0  0  0  0  0  0  0  0  0  0  0  0  0  0  0  0  0  0  0  154  0  0  1  6  6  0  0  0  0  0  37  0  17392  0  1  0  2  0  0  0  0  0  39548  0  0  0  0  0  0  1  0  0  12  1  0  0  0  26980  78  0  0  0  0  0  0  6073  0  182  0  0  68  2  0  0  0  0  0  0  0  0  8791  27  4001  0  0  0  0  0  1  0  0  0  0  0  0  0  0  0  0  0  0  0  0  3  0  
0  0  0  0  0  0  0  0  0  0  0  0  0  0  0  0  0  0  0  0  0  0  0  0  0  0  0  0  0  0  0  0  0  0  0  0  0  0  0  0  0  0  0  0  0  0  0  0  0  0  0  0  0  0  0  0  0  0  0  0  0  0  0  0  0  0  0  0  0  0  0  0  0  0  13  0  0  2  13  2  0  0  0  0  0  23842  15167  0  7252  0  0  0  0  0  0  0  0  1825  0  0  0  0  3  0  0  0  0  0  0  0  0  0  29966  13099  0  0  0  0  0  0  7  0  1417  0  0  58919  25  0  0  0  0  0  0  0  0  22733  0  4245  0  0  0  80  0  0  0  0  0  0  0  0  0  0  0  0  0  0  0  0  6  0  
0  0  0  0  0  0  0  0  0  0  0  0  0  0  0  0  0  0  0  0  0  0  0  0  0  0  0  0  0  0  0  0  0  0  0  0  0  0  0  0  0  0  0  0  0  0  0  0  0  0  0  0  0  0  0  0  0  0  0  0  0  0  0  0  0  0  0  0  0  0  0  0  0  0  9088  0  0  0  38703  590  4  0  0  0  0  809  0  7480  0  7470  0  4  0  0  0  0  0  6329  0  0  0  0  10466  0  0  0  0  0  0  0  0  0  0  0  0  0  0  0  337  0  16  0  38  0  0  152715  182740  88114  0  0  0  0  0  0  0  27899  0  4  0  0  13  42839  13640  0  0  0  2  0  0  0  0  0  0  0  0  10  0  0  367  1  
0  0  141  0  25  168  112  62  1  0  0  0  0  0  0  2291  0  0  0  0  0  0  0  0  0  0  0  0  0  0  194  0  0  0  0  0  0  0  0  0  0  0  0  0  0  0  0  0  0  0  0  0  0  0  0  0  0  0  0  0  0  0  0  0  0  3  0  0  0  40  0  0  0  0  7865  0  37056  0  125066  118783  81748  48404  5  0  0  2  0  0  8148  0  0  3  0  0  0  0  0  24  0  0  9  0  15776  2  13  76  0  0  0  2  0  0  0  0  4  0  0  0  3014  1843  17  0  53  0  0  67  1718  139524  0  36  0  1  0  0  0  2  0  70  51  340  30  389  21732  20945  22  0  3  0  0  3  0  0  0  0  0  779  0  2  1474  42  
0  0  0  0  0  0  0  0  0  0  0  0  0  0  0  0  0  0  0  0  0  0  0  0  0  0  0  0  0  0  0  0  0  0  0  0  0  0  0  0  0  0  0  0  0  0  0  0  0  0  0  0  0  0  0  0  0  0  0  0  0  0  0  0  0  0  0  0  0  0  0  0  0  0  0  0  0  426  0  0  0  1  0  0  0  536  0  0  0  0  0  38665  3  0  0  0  7328  2711  0  97  0  0  0  0  0  0  241  13  7807  28  0  0  0  1  9118  0  131  3  18  0  51  34556  12516  5  0  0  0  0  2  13  1  3  0  2  3  0  1  0  5  1  68  4  0  0  1  0  432  14  0  0  0  0  0  0  7228  2  947  699  31636  0  
0  0  0  0  0  0  0  0  0  0  0  0  0  0  0  0  0  0  0  0  0  0  0  0  0  0  0  0  0  0  0  0  0  0  0  0  0  0  0  0  0  0  0  0  0  0  0  0  0  0  0  0  0  0  0  0  0  0  0  0  0  0  0  0  0  0  0  0  0  0  0  0  0  0  16  0  0  92  102  56  1  2  0  1  0  2589  3  1  13  46  46506  0  3  0  0  0  15590  18554  1  8  0  0  0  0  0  0  10  3  2141  14  0  0  17  3  588  0  1  6  91  1  28095  526  44255  0  0  153  81  16  8  32  2  2  0  0  0  0  11  1  10  1  409  12  0  0  0  0  75  2  0  0  0  0  0  0  5657  9  105  225  54012  5  
0  0  0  0  0  0  0  0  0  0  0  0  0  0  0  0  0  0  0  0  0  0  0  0  0  0  0  0  0  0  0  0  0  0  0  0  0  0  0  0  0  0  0  0  0  0  0  0  0  0  0  0  0  0  0  0  0  0  0  0  0  0  0  0  0  0  0  0  0  0  0  0  0  0  0  41783  0  3  0  0  0  0  1  2  1  1  0  0  0  0  16  9  0  15813  76  39  0  0  19632  15  0  0  0  0  0  0  0  1  0  41  1  63  1  0  156  25960  0  671  67  0  2  358  137  0  4343  5  0  5  2  9664  89272  74590  13988  713  1988  0  0  0  25  2  2  6  1  0  0  22  55710  0  0  0  0  0  0  0  0  8  23  22  107  9  
0  0  0  0  0  0  0  0  0  0  53  0  0  0  0  0  0  0  0  1  0  0  0  0  0  0  0  0  0  13  0  0  0  0  0  0  0  0  0  0  0  0  0  0  0  0  0  0  0  0  0  0  0  0  0  0  0  0  0  0  0  0  0  0  1  0  0  0  0  0  0  0  0  0  0  0  0  0  0  0  0  0  0  0  110548  0  0  0  0  0  0  0  13096  0  0  721  0  0  275  0  28301  0  0  1509  0  0  0  0  0  0  0  0  0  0  0  26043  0  21516  0  0  0  0  0  0  1056  0  0  0  0  12016  5201  65359  0  0  538  0  0  0  24021  0  0  0  0  0  1  0  0  0  0  0  0  0  0  0  0  0  0  0  0  0  
0  0  0  0  0  0  0  0  0  1  0  0  0  0  0  0  0  0  0  0  1  23  3  0  0  0  0  0  0  0  0  0  0  0  0  0  0  0  0  0  0  0  0  0  0  0  0  0  0  0  5  0  0  0  0  0  0  0  0  0  17  0  0  0  0  0  0  0  0  0  0  0  0  0  0  23160  0  0  0  0  0  0  0  0  0  0  0  0  0  0  2  0  983  1  0  1187  3569  9  1  0  0  0  0  0  7  4  0  0  5  0  2254  122  0  0  1  36  49  45  0  0  0  5  2  31486  23303  0  0  0  0  0  2116  2  23826  83283  155097  0  17  0  0  0  0  0  0  0  0  1255  5023  0  0  0  0  8  0  0  0  0  1185  233  38  0  
0  0  0  0  0  0  0  0  0  26  3697  0  0  0  0  0  0  0  0  0  1  31919  1  0  0  0  0  0  0  77  0  0  0  0  0  0  0  0  0  0  0  7  0  968  0  0  0  0  0  0  2  0  0  0  0  0  0  0  0  0  15  0  0  0  1  19  0  0  0  0  0  0  0  0  0  30  0  1  0  0  2  1  3  2070  24646  0  0  0  0  0  2  2  319  605  3634  0  7205  3  0  8  0  0  0  109  4  2  0  1  0  12  0  1  0  0  79  53394  0  168181  17  0  0  27  100  0  22019  2  0  2  3  15  3905  2197  163  5  107823  0  4  0  2866  16  3  6  0  0  0  0  110  0  0  0  0  1  0  0  1  3  5958  545  98  7  
0  0  0  0  0  0  0  0  0  10  0  0  0  0  0  0  0  0  0  0  0  1  9  0  0  0  0  0  0  0  0  5  0  0  0  0  0  0  0  0  0  0  0  0  0  0  0  0  0  0  0  0  0  0  0  0  0  0  0  0  0  0  1  0  0  0  0  0  0  0  0  0  0  0  0  12  0  1  1  0  0  0  0  3498  0  5  0  0  0  0  15538  25561  1  0  3355  7349  0  18552  0  0  0  0  0  0  36  41  0  3  26208  5  2136  0  0  0  18  0  66627  8416  10  0  1656  459  11  30683  0  1  0  0  0  0  0  5  22  47  49724  0  97  19  0  2  1  10  0  0  0  4  1107  0  0  0  6  54  0  0  70262  4  79035  5529  1713  3  
0  0  0  0  0  0  0  0  0  0  0  0  0  0  0  0  0  0  0  0  0  0  0  0  0  0  0  0  0  0  89  0  0  0  0  0  0  0  0  0  0  0  0  0  0  0  0  0  0  0  0  0  0  0  0  0  0  0  0  0  0  0  0  0  0  0  0  0  0  2  0  0  0  0  69710  0  0  1  156  3329  0  0  0  0  0  547  42605  6654  6647  9  1991  30896  0  0  0  1  20563  0  0  0  0  0  0  0  18641  78  0  39  442  1  0  0  14408  44  0  0  277  0  1  0  62624  0  265  0  0  570  72  1  0  0  0  0  0  0  1  41697  71196  144360  0  8  1  22  0  3198  0  0  4  0  0  0  0  0  0  0  4195  12717  131  15  34369  7  
0  0  0  0  0  0  0  0  0  0  0  0  0  0  0  0  0  0  0  0  0  0  0  0  0  0  0  0  0  0  0  0  0  0  0  0  0  0  0  0  0  0  0  0  0  0  0  0  0  0  0  0  0  0  0  0  0  0  0  0  0  0  0  0  0  0  0  0  0  0  0  0  0  0  0  0  0  0  0  1  0  0  3  3  0  0  0  0  0  0  3  0  26736  656  2  1  0  0  0  24314  2066  1  0  0  0  0  0  2  0  24  0  20710  0  0  16  0  0  5  3  0  0  6  10  0  0  0  1  0  42594  59157  2  161  12  0  141  0  0  0  40  7  3  1  0  0  0  0  181557  0  0  0  0  0  0  0  0  0  1  0  7  0  
0  0  0  0  0  0  0  0  0  0  0  0  0  0  0  0  0  0  0  0  0  0  0  0  0  0  0  0  0  0  0  0  0  0  0  0  0  0  0  0  0  0  0  0  0  0  0  0  0  0  0  0  0  0  0  0  0  0  0  0  0  0  0  0  0  0  0  0  0  0  0  0  0  0  11  0  0  54592  10  6  0  1  0  0  0  45  0  0  4  12  20  14  2  0  0  2  0  0  24789  0  8  8447  0  0  0  0  45  10654  0  57676  0  1  1  0  37053  0  1  66  9442  0  3  126  791  0  1  40  8  7  46757  986  10  28  0  0  7  1  0  0  174  2  74077  133  0  0  0  0  13967  964  0  0  0  0  0  0  1  17  43  16  457  16  
0  0  0  0  0  0  0  0  0  0  0  0  0  0  0  0  0  0  0  0  0  0  0  0  0  0  0  0  0  1  0  0  0  0  0  0  0  0  0  0  0  0  0  0  0  0  0  0  0  0  0  0  0  0  0  0  0  0  0  0  0  0  0  0  0  0  0  0  0  0  0  0  0  0  0  0  9109  0  0  14  26  3  116  10  9  0  0  0  0  9  0  0  1  22222  0  0  0  0  1411  11  0  916  1  100446  0  0  0  0  0  1  0  0  0  0  9  0  0  9  1172  14198  0  0  2  0  0  0  0  1  469  144416  0  1459  0  0  0  0  0  0  31669  93  32471  1  0  0  4215  0  34  0  0  0  0  1  0  0  0  47  1  15  393  1  
0  0  0  0  0  0  0  0  0  1  0  0  0  0  0  0  0  0  0  0  0  0  0  0  0  0  0  0  0  0  0  0  0  0  0  0  0  0  0  0  0  0  0  0  0  0  0  0  0  0  0  0  0  0  0  0  0  0  0  0  0  0  0  0  0  1  0  0  0  0  0  0  0  0  0  0  6812  32733  0  1  2  0  13  0  0  0  0  0  0  0  0  0  0  0  0  0  0  0  0  17035  655  0  5912  3  0  0  0  0  0  0  0  0  0  0  0  0  0  0  133526  1763  0  0  0  0  0  0  0  0  1  528  0  0  0  0  0  0  0  0  2  9  85799  0  1  0  189  0  0  0  0  0  0  0  0  0  0  1  0  2  24  0  
0  0  0  0  0  0  0  0  0  0  0  0  0  0  0  0  0  0  0  0  0  0  0  0  0  0  0  0  0  0  0  0  0  0  0  0  0  0  0  0  0  0  0  0  0  0  0  0  0  0  0  0  0  0  0  0  0  0  0  0  0  0  0  0  0  0  0  0  0  0  0  0  0  0  0  0  14032  28168  0  2  6  364  0  0  0  6667  0  2  11071  17010  0  0  0  0  0  0  0  0  0  0  0  14521  0  0  0  0  0  0  0  0  0  0  0  0  7  0  0  0  124035  40  1  0  2  0  0  91  0  29  0  7  0  0  0  0  0  0  0  0  2  21  6  79051  58314  0  2  0  0  0  0  0  0  0  0  0  0  205  0  1  40  7  
0  0  3  0  0  0  0  0  121  8  2005  0  0  0  0  0  0  0  0  0  0  399  0  0  0  0  8  0  0  11820  0  0  0  0  0  0  0  0  0  0  0  0  0  29  0  1  0  0  0  0  0  0  0  0  0  0  0  0  0  0  0  0  0  0  531  0  0  0  0  0  282  0  0  0  0  0  8636  0  0  26  32  2  8533  15190  5202  0  0  0  0  13  0  0  1  745  0  415  0  0  0  0  114502  6  0  0  0  0  0  0  0  0  0  0  0  0  4  0  0  15  50  46485  0  0  6  0  0  0  0  3  0  9237  0  2  0  0  0  0  0  0  89077  78  583  0  0  0  65628  0  14  0  0  0  0  0  0  0  0  44  0  3  112  0  
0  0  0  0  0  0  0  0  0  0  0  0  0  0  0  0  0  0  0  0  0  0  0  2  0  0  0  0  0  0  982  425  0  0  0  0  0  0  0  0  0  0  0  0  0  0  0  0  0  0  0  0  0  0  0  0  0  0  0  0  0  0  0  0  0  1  0  0  0  40  0  0  0  0  13039  0  0  0  11  1936  0  0  0  0  0  0  0  0  0  11  0  0  0  0  0  0  21  21051  0  0  0  0  0  0  0  24054  0  0  0  1  0  0  3  0  0  0  0  0  0  0  29  0  12  0  0  0  0  0  0  0  0  0  0  0  1  0  81321  89  0  2  0  0  0  54338  0  0  0  0  0  0  0  3  0  0  75  454  728  739  15520  1502  
0  0  0  0  0  45  0  0  0  0  0  0  0  0  0  0  0  0  0  0  0  0  0  0  0  0  0  0  0  0  57  1126  0  0  0  0  0  0  0  0  0  0  0  0  0  0  0  0  0  0  0  0  0  0  0  0  0  0  0  0  0  0  1  0  0  150  0  0  0  62  0  0  0  0  0  0  0  0  0  12712  0  0  0  0  0  0  0  0  0  10  0  3  0  0  0  2  58  266  0  0  0  0  0  0  21651  0  0  0  0  0  0  0  0  0  0  0  0  0  0  0  3  0  0  0  0  0  0  0  0  0  0  0  0  0  1  0  30720  6  0  10034  0  0  0  7546  0  0  0  0  1  0  0  13  1  6  242  27768  1305  1978  24755  3379  
0  0  0  0  0  0  0  0  0  0  0  0  0  0  0  0  0  0  0  0  0  0  0  0  0  0  0  0  0  0  0  0  0  0  0  0  0  0  0  0  0  0  0  0  0  0  0  0  0  0  0  0  0  0  0  0  0  0  0  0  0  0  0  0  0  0  0  0  0  0  0  0  0  0  0  0  0  3216  0  0  0  0  0  0  0  79  0  0  0  0  434  5  2  0  0  0  0  0  0  95  0  0  0  0  0  0  0  13813  8703  12887  0  1  0  0  24126  0  0  4  0  0  0  46040  56  0  0  0  0  0  0  0  0  0  0  0  0  0  0  0  0  0  0  4  0  0  0  0  2403  27699  0  0  0  0  0  0  3  0  93  266  6  0  
0  0  0  0  0  0  0  0  0  0  0  0  0  0  0  0  0  0  0  0  0  0  0  0  0  0  0  0  0  0  0  0  0  0  0  0  0  0  0  0  0  0  0  0  0  0  0  0  0  0  0  0  0  0  0  0  0  0  0  0  0  0  0  0  0  0  0  0  0  0  0  0  0  0  0  0  0  1947  0  0  0  0  0  0  0  63  17  5  0  0  17  1  2  0  0  0  0  78  2  7815  0  0  1  0  0  0  11371  0  63230  49661  0  3099  2  0  1010  0  18073  2  0  0  0  24077  3  8  0  0  0  0  3  0  0  0  0  0  0  0  0  0  1  0  0  2  0  0  0  1  108828  11947  0  0  0  0  0  0  11  1  144  40  11  0  
0  0  0  0  0  0  0  0  0  0  0  0  0  0  0  0  0  0  0  0  0  0  0  0  0  0  0  0  0  0  0  0  0  0  0  0  0  0  0  0  0  0  0  0  0  0  0  0  0  0  0  0  0  0  0  0  0  0  0  0  0  0  0  0  0  0  0  0  0  0  0  0  0  0  0  1  0  713  0  0  0  0  0  0  0  118  0  0  0  0  8506  1184  0  0  7  0  31701  204  0  0  0  0  4  0  0  0  9856  56354  0  6  0  130  0  0  10  0  34026  0  0  0  0  45758  0  2255  0  0  0  0  0  0  0  0  2  78  4  0  0  18  0  0  0  1  0  0  0  5  39439  320  0  0  0  0  0  0  15433  0  597  48  197  0  
0  0  0  0  0  0  0  0  0  0  0  0  0  0  0  0  0  0  0  0  0  0  0  0  0  0  0  0  0  0  0  0  0  0  0  0  0  0  0  0  0  0  0  0  0  0  0  0  0  0  0  0  0  0  0  0  0  0  0  0  0  0  0  0  0  0  0  0  0  0  0  0  0  0  5  0  0  377  0  2  0  1  0  0  1  1  0  0  0  1  137  13  18  0  0  2  0  0  8  61384  0  0  0  0  0  0  8069  57930  1  0  0  0  0  0  43393  0  2  142  158  0  2  5444  308  0  1  11  1  6  782  408  6  67  0  0  17  0  0  0  332  6  1201  38  0  0  0  0  19632  29480  0  0  0  0  0  0  108  10  1623  1084  279  12  
0  0  0  0  0  0  0  0  0  0  0  0  0  0  0  0  0  0  0  0  0  0  0  0  0  0  0  0  0  0  0  0  0  0  0  0  0  0  0  0  0  0  0  0  0  0  0  0  0  0  0  0  0  0  0  0  0  0  0  0  0  0  0  0  0  0  0  0  0  0  0  0  0  0  0  37093  0  0  0  0  0  0  0  0  0  0  0  0  0  0  0  0  14  0  2557  0  1221  0  0  0  0  0  0  0  0  0  0  0  0  0  0  12623  0  0  0  0  26183  0  0  0  0  0  0  35859  0  0  0  0  0  0  0  0  11998  85996  8  0  0  0  0  0  0  0  0  0  0  121161  379  0  0  0  0  0  0  0  0  0  44  0  0  0  
0  0  0  0  0  0  0  0  0  0  0  0  0  0  0  0  0  0  0  0  0  0  0  0  0  0  0  0  0  0  0  0  0  0  0  0  0  0  0  0  0  0  0  0  0  0  0  0  0  0  0  0  0  0  0  0  0  0  0  0  0  0  0  0  0  0  0  0  0  0  0  0  0  0  0  212  0  3  0  0  0  0  0  0  0  0  0  0  0  0  2  0  183  0  1716  9  5  0  12541  0  0  0  0  0  0  0  0  3664  297  2  15495  0  0  0  3  0  42534  23  0  0  0  23  0  16453  1  0  0  0  0  0  33  2  14522  7323  1774  0  0  0  0  0  0  0  0  0  0  156828  143714  0  0  0  0  0  0  0  0  0  523  0  0  0  
0  0  0  0  0  0  0  0  0  0  0  0  0  0  0  0  0  0  0  0  0  0  0  0  0  0  0  0  0  0  0  0  0  0  0  0  0  0  0  0  0  0  0  0  0  0  0  0  0  0  0  0  0  0  0  0  0  0  0  0  0  0  0  0  0  0  0  0  0  0  0  0  0  0  4579  0  0  1  1174  82  0  0  0  0  0  2981  25414  37954  1  15  0  6  0  0  0  0  0  12636  0  2  0  0  0  0  0  0  0  0  0  0  0  0  0  14776  2  0  0  1  1  0  7520  0  14692  0  0  4810  531  3  1  3  0  0  0  0  0  4092  1426  27288  0  0  0  98  0  0  0  0  4  0  0  0  0  0  0  0  0  8  0  0  129  0  
0  0  0  0  0  0  0  0  0  0  0  0  0  0  0  0  0  0  0  0  0  0  0  0  0  0  0  0  0  0  0  0  0  0  0  0  0  0  0  0  0  0  0  0  0  0  0  0  0  0  0  0  0  0  0  0  0  0  0  0  0  0  0  0  0  0  0  0  0  0  0  0  0  0  12  0  0  0  37  11  0  0  0  0  0  34785  2  11352  0  5  0  0  0  0  0  0  0  26  0  0  0  0  0  0  0  0  0  0  0  0  0  0  16389  0  1  0  0  0  0  0  12  0  12909  0  0  2625  56  3  0  0  0  0  0  0  0  3  0  1056  0  0  0  1291  0  0  0  0  0  0  0  0  0  0  0  0  0  0  0  0  14  0  
0  0  0  0  0  0  0  0  0  5  0  0  0  0  0  0  0  0  0  0  0  0  0  0  0  0  0  0  0  0  0  0  0  0  0  0  0  0  0  0  1  0  0  0  0  0  0  0  0  0  0  0  0  0  0  0  0  0  0  0  0  0  0  0  0  2  0  0  0  0  0  0  0  0  107  1  0  37779  113  68  2  25  14  26  0  619  1  4  39  126  7719  767  130  0  1  37  16  1  12  39153  1  4  0  0  0  0  26186  8721  2  47509  0  0  6  1  0  2  0  1230  2052  1  23  32854  42087  0  7  663  83  105  1827  3683  126  450  14  1  587  3  4  2  1339  87  5933  6385  4  0  4  0  11918  10135  0  0  8  0  0  0  156  245  8423  9279  36801  136  
0  0  0  0  0  0  0  0  0  0  2  0  0  0  0  0  0  0  0  0  0  84  0  0  0  0  0  0  0  0  0  0  0  0  0  0  0  0  0  0  0  0  0  3  0  0  0  0  0  0  0  0  0  0  0  0  0  0  0  0  0  0  0  0  0  0  0  0  0  0  0  0  0  0  0  23621  0  0  0  0  0  0  0  0  38182  0  0  0  0  0  0  0  26075  22342  32  50051  0  0  0  0  0  0  0  0  0  0  0  0  0  0  0  0  0  0  0  0  0  37238  0  0  0  0  0  0  63579  0  0  0  0  0  22036  571  0  8  1918  0  0  0  0  0  0  0  0  0  0  0  0  0  0  0  0  0  0  0  0  0  0  0  0  0  
0  0  0  0  0  0  0  0  0  0  0  0  0  0  0  0  0  0  0  0  0  0  0  0  0  0  0  0  0  0  0  0  0  0  0  0  0  0  0  0  0  0  0  0  0  0  0  0  0  0  0  0  0  0  0  0  0  0  0  0  0  0  0  0  0  0  0  0  0  0  0  0  0  0  0  1  0  0  0  0  0  0  0  0  0  0  0  0  0  0  112  6  0  0  33  0  60583  152  0  0  0  0  0  0  0  0  0  14894  24703  0  23331  29505  0  0  0  0  0  0  0  0  0  929  0  34978  0  0  0  0  0  0  0  0  9  248  120  0  0  30  0  0  0  0  0  0  0  9751  15115  0  0  0  0  0  0  0  23115  0  3581  2  8  0  
0  0  0  0  0  0  0  0  0  5  1866  0  0  0  0  0  0  0  0  0  0  4129  1  0  0  0  0  0  0  0  0  0  0  0  0  0  0  0  0  0  0  1  0  491  0  0  0  0  0  0  0  0  0  0  0  0  0  0  0  0  0  0  0  0  0  4  0  0  0  0  0  0  0  0  61  27  0  40  10  19  13  4  1132  29152  85266  41  1  0  4  14  18  34  3132  20132  31  173280  7238  1  5  166  19  0  0  85  0  0  0  11  0  250  0  1  0  0  2456  37913  0  0  1438  0  25  693  4946  0  2056  88  15  59  30  617  20771  40200  1645  214  11515  5  1  2  50788  3515  62  168  3  0  1  0  2681  0  0  0  0  3  0  0  2  173  14232  286  2843  330  
0  0  3  0  0  0  0  0  0  0  0  0  0  0  0  0  0  0  0  0  0  0  0  0  0  0  0  0  0  0  0  0  0  0  0  0  0  0  0  0  0  0  0  0  0  0  0  0  0  0  0  0  0  0  0  0  0  0  0  0  0  0  0  0  0  0  0  0  0  0  0  0  0  0  126  0  31459  29881  21  204  308  14785  55  4  0  2678  0  0  192  972  14  52  1  0  0  0  0  0  2  7185  469  146445  109753  11  0  0  0  3  0  157  0  0  0  0  1290  0  0  52  0  42456  16  80  3499  0  0  147  18  787  35  483  5  16  0  0  6  2  1  1  170  468  49570  31726  25563  0  285  0  733  0  0  0  0  0  0  0  0  8582  8  71  8722  527  
0  0  214  0  0  0  0  33  42  0  0  0  0  0  0  13  0  0  0  0  0  0  0  0  0  0  0  0  0  31  0  0  0  0  0  0  0  0  0  0  0  0  0  0  0  37  0  0  0  0  0  0  0  0  0  0  0  0  0  0  0  0  0  0  0  0  0  0  0  0  5  0  0  0  0  0  27377  0  0  8  73  28292  28927  0  0  0  0  0  0  1078  0  0  0  0  0  0  0  0  0  0  11867  1216  1  38504  0  0  0  0  0  0  0  0  0  0  4  0  0  1  51184  0  0  0  0  0  0  1  0  2  0  1315  0  0  0  0  0  0  0  0  14  1364  34604  1  7  0  36944  0  0  0  0  5  0  0  0  0  0  123  0  2  46  0  
0  0  0  0  0  0  0  0  0  0  0  0  0  0  0  0  0  0  0  0  0  0  0  0  0  0  0  0  0  0  0  0  0  0  0  0  0  0  0  0  0  0  0  0  0  0  0  0  0  0  0  0  0  0  0  0  0  0  0  0  0  0  0  0  0  0  0  0  0  0  0  0  0  0  7752  0  0  0  2297  995  0  0  0  0  0  1206  9894  18  19  54  10  23777  0  0  0  0  317  56292  0  0  0  0  0  0  37  5  0  0  4  0  0  0  8635  8  0  0  8  0  0  0  0  1  9033  0  0  645  1028  12  0  1  0  0  0  0  0  388  7120  17899  0  17  2  20  1  0  0  0  2  0  0  0  0  0  0  0  151  8  0  0  64891  0  
0  0  0  0  0  0  0  0  0  0  0  0  0  0  0  0  0  0  0  0  0  0  0  0  0  0  0  0  0  0  0  0  0  0  0  0  0  0  0  0  0  0  0  0  0  0  0  0  0  0  0  0  0  0  0  0  0  0  0  0  0  0  0  0  0  0  0  0  0  0  0  0  0  0  2  1  0  134  2  3  0  1  0  1  0  52  0  0  1  4  49781  4360  40  0  5  1  507  3  5  30  0  0  0  0  0  0  34514  16739  54338  9978  0  15  0  0  23362  0  5446  60  119  0  1  0  292  87  2  15  2  1  2  30  5  67  0  19  18  0  0  0  7  0  157  85  0  0  0  1  115069  2168  0  0  0  0  0  0  15616  8  22081  6721  29278  4  
0  0  0  0  0  0  0  0  0  0  0  0  0  0  0  0  0  0  0  0  0  0  0  0  0  0  0  0  0  0  0  0  0  0  0  0  0  0  0  0  0  0  0  0  0  0  0  0  0  0  0  0  0  0  0  0  0  0  0  0  0  0  0  0  0  0  0  0  0  0  0  0  0  0  5318  0  0  20795  5330  2010  17  35  1  9  0  43889  21  562  434  1470  14398  42716  10  0  0  3  0  87  8  464  0  2  1  0  5  0  54  3  1  197  0  0  13982  11862  29962  0  0  173  7607  2  9286  495  0  0  2  13807  6654  986  57  490  11  31  0  0  10  241  1134  1217  239  34  3908  40046  7  0  1  0  1242  2  0  0  0  0  0  0  2  202  94  32  50257  90  
0  0  0  0  0  0  0  0  0  0  0  0  0  0  0  0  0  0  0  0  0  0  0  0  0  0  0  0  0  0  0  0  0  0  0  0  0  0  0  0  0  0  0  0  0  0  0  0  0  0  0  0  0  0  0  0  0  0  0  0  0  0  0  0  0  0  0  0  0  0  0  0  0  0  0  425  0  0  0  0  0  0  0  0  0  0  0  0  0  0  0  0  1  0  29647  0  25586  0  0  0  0  0  0  0  0  0  0  3  2145  0  38108  16053  0  0  0  0  34309  1  0  0  0  83  0  0  1  0  0  0  0  0  0  0  761  44401  11972  0  0  0  0  0  0  0  0  0  0  29812  19041  0  0  0  0  0  0  0  49  0  15919  0  0  0  
0  0  0  0  0  0  0  0  0  0  0  0  0  0  0  0  0  0  0  0  0  13  0  0  0  0  0  0  0  0  0  0  0  0  0  0  0  0  0  0  0  0  0  0  0  0  0  0  0  0  3  0  0  0  0  0  0  0  0  0  11  0  0  0  0  0  0  0  0  0  0  0  0  0  0  27712  0  0  0  0  0  0  0  0  0  0  0  0  0  0  0  0  4292  345  22394  22784  0  0  0  1  0  0  0  0  0  0  0  0  0  0  0  0  0  0  1  64806  0  1083  0  0  0  0  0  0  0  0  0  0  0  0  13835  677  5210  8250  52044  0  0  0  0  0  0  0  0  0  0  0  0  0  0  0  0  0  0  0  0  0  0  0  0  0  
0  0  0  0  0  0  0  0  0  0  0  0  0  0  0  0  0  0  0  0  0  0  0  0  0  0  0  0  0  0  0  0  0  0  0  0  0  0  0  0  0  0  0  0  0  0  0  0  0  0  0  0  0  0  0  0  0  0  0  0  0  0  0  0  0  0  0  0  0  0  0  0  0  0  3202  0  0  1  4406  2504  130  1  0  1  0  32085  13  48540  115301  1899  2  288  1  0  0  0  0  73  0  29  1  1  98  0  0  0  0  2  0  29  0  0  3157  2798  87  0  0  26  561  0  2399  15  9982  0  0  0  67771  32110  6  48  0  5  0  0  4  14049  103  5380  22  40  190  57949  21  0  0  0  198  0  0  0  0  0  0  0  0  580  5  8  17364  114  
0  0  0  0  0  0  0  0  0  0  0  0  0  0  0  0  0  0  0  0  0  0  0  0  0  0  0  0  0  0  0  0  0  0  0  0  0  0  0  0  0  0  0  0  0  0  0  0  0  0  0  0  0  0  0  0  0  0  0  0  0  0  0  0  0  0  0  0  0  0  0  0  0  0  18988  0  0  1  81123  3143  35  0  0  0  0  941  4  22  181191  3982  0  167  0  0  0  1  0  14  0  3  0  0  0  0  0  0  0  0  0  6  0  0  110  11  5  0  0  4  77  0  2499  1  7651  0  0  101840  0  52431  3  8  0  1  0  0  0  23783  35  52  2  45  35  383  10  0  0  0  36  0  0  0  0  0  0  0  0  441  1  1  8614  21  
0  0  0  0  0  0  0  0  0  0  0  0  0  0  0  0  0  0  0  0  0  0  0  0  0  0  0  0  0  0  0  0  0  0  0  0  0  0  0  0  0  0  0  0  0  0  0  0  0  0  0  0  0  0  0  0  0  0  0  0  0  0  0  0  0  0  0  0  0  0  0  0  0  0  90  0  0  0  824  27290  8587  140  1  0  0  36  0  0  79853  158972  1  33  0  0  0  0  0  0  0  9  17  0  26  9  0  0  0  0  0  15  0  0  1  1  29  0  0  2  590  2  83  3  439  0  0  25283  49672  0  3  127  1  4  0  0  0  0  1  10  169  70  526  13319  24859  0  8  0  57  0  0  0  0  0  0  0  0  3184  0  5  7982  244  
0  0  0  0  0  0  0  0  0  0  0  0  0  0  0  0  0  0  0  0  0  0  0  0  0  0  0  0  0  0  0  0  0  0  0  0  0  0  0  0  0  0  0  0  0  0  0  0  0  0  0  0  0  0  0  0  0  0  0  0  0  0  0  0  0  0  0  0  0  0  0  0  0  0  0  0  0  1  1  1  0  0  1  0  0  4  0  0  0  3  2  2  5  0  0  0  0  0  42966  56134  484  0  0  0  0  0  0  52  0  1949  0  0  0  0  1374  0  0  85  72  0  0  5  207  0  1  5  0  3  0  24110  7  27  0  0  2  0  0  0  205  5  5122  22  0  0  0  0  26644  0  0  0  0  0  0  0  1  19  6  0  171  11  
0  0  0  0  0  0  0  0  1  1  0  0  0  0  0  0  0  0  0  0  0  0  0  0  0  0  0  0  0  0  0  0  0  0  0  0  0  0  0  0  1  0  0  0  0  0  0  0  0  0  0  0  0  0  0  4  0  0  0  0  0  0  0  0  0  13  0  0  0  0  0  0  0  0  6  0  1  20  0  260  86  17  961  521  26  4  0  0  1  49  4  5  8589  12742  1  1  0  0  60414  2774  169432  985  1  11556  0  0  0  14  0  2694  0  0  0  1  2177  0  0  392  437  634  3  74  1372  0  1  8  0  73  24356  0  20  24923  2  0  3  0  0  0  23686  2584  35561  47  71  0  7449  0  55314  0  0  0  0  0  0  0  0  500  25  69  5438  157  
0  0  0  0  0  0  0  0  0  0  0  0  0  0  0  0  0  0  0  0  0  0  0  0  0  0  0  0  0  0  0  0  0  0  0  0  0  0  0  0  0  0  0  0  0  0  0  0  0  0  0  0  0  0  0  0  0  0  0  0  0  0  0  0  0  0  0  0  0  0  0  0  0  0  1  13297  0  1  0  0  0  0  0  0  5  0  0  0  0  0  0  0  86613  8825  219  267  0  0  0  1  0  0  0  0  0  0  0  0  0  3  0  0  0  0  24  24166  0  3525  22  0  0  20  35  0  9442  3  0  1  0  4  0  7033  1208  543  9545  0  0  0  11  0  0  1  0  0  0  0  5590  0  0  0  0  0  0  0  0  1  0  1  16  3  
0  0  0  0  0  0  0  0  0  0  0  0  0  0  0  0  0  0  0  0  0  0  0  0  0  0  0  0  0  0  0  0  0  0  0  0  0  0  0  0  0  0  0  0  0  0  0  0  0  0  0  0  0  0  0  0  0  0  0  0  0  0  0  0  0  0  0  0  0  0  0  0  0  0  11  12  0  9  4  6  3  3  8  3  3078  3  0  0  1  7  17  19  78613  78206  6  548  0  0  68  102  1572  0  0  0  0  0  0  2  0  180  0  0  0  0  770  298  0  46228  205  0  3  488  763  0  208  13  0  7  24  28317  14043  0  68  32  2118  0  0  0  29677  31  18  21  1  0  4  0  6295  0  0  0  0  0  0  0  1  31  62  56  592  50  
0  0  0  0  0  0  0  0  0  0  0  0  0  0  0  0  0  0  0  0  0  0  0  0  0  0  0  0  0  0  0  0  0  0  0  0  0  0  0  0  0  0  0  0  0  0  0  0  0  0  0  0  0  0  0  0  0  0  0  0  0  0  0  0  0  0  0  0  0  0  0  0  0  0  1  29004  0  1  1  0  0  0  0  0  0  0  0  0  0  0  0  0  15646  0  18903  63  1  0  0  5  0  0  0  0  0  0  0  0  3  0  15714  7988  0  0  25  0  3  522  48  0  0  5  26  104  9418  2  0  0  2  12  3358  355  0  13518  22418  0  0  0  3  0  1  0  0  0  0  21233  32375  0  0  0  0  0  0  0  0  0  151  2  15  0  
0  0  0  0  0  0  0  0  0  0  0  0  0  0  0  0  0  0  0  0  0  0  0  0  0  0  0  0  0  0  0  0  0  0  0  0  0  0  0  0  0  0  0  0  0  0  0  0  0  0  0  0  0  0  0  0  0  0  0  0  0  0  0  0  0  0  0  0  0  0  0  0  0  0  0  33316  0  0  0  0  0  0  0  0  0  0  0  0  0  0  0  0  2025  0  74236  4  4  0  0  0  0  0  0  0  1  0  0  1  302  0  66022  9408  0  0  0  0  457  30  0  0  0  44  0  35858  8799  0  0  0  0  0  1758  2  16825  0  12376  0  1  0  0  0  0  0  0  0  0  44600  14087  0  0  0  0  0  0  0  3  0  9377  10  1  0  
0  0  0  0  0  0  0  0  0  0  0  0  0  0  0  0  0  0  0  0  2  17  0  0  0  0  0  0  0  0  0  0  0  0  0  0  0  0  0  0  0  0  0  0  0  0  0  0  0  0  0  0  0  0  0  0  0  0  0  0  10  0  0  0  0  0  0  0  0  0  0  0  0  0  6  325  0  5  2  2  3  0  3  2  2  7  0  0  0  7  5  1  3673  155  117831  91180  52652  3  5  4  0  0  0  0  8  4  0  1  28  4  8  944  2  0  1870  2849  173  16946  164  0  3  116  550  16287  48426  13  0  3  0  6  15878  3200  15061  10198  0  0  15  0  82  3  5  177  0  0  0  216  56276  0  0  0  0  1  0  0  31  12  28767  122  237  19  
0  0  0  0  0  0  0  0  0  0  0  0  0  0  0  0  0  0  0  0  0  0  0  0  0  0  0  0  0  0  0  0  0  0  0  0  0  0  0  0  0  0  0  0  0  0  0  0  0  0  0  0  0  0  0  0  0  0  0  0  0  0  0  0  0  0  0  0  0  0  0  0  0  0  9323  0  0  0  51  72  0  0  0  0  0  15  8336  25276  20454  5  0  0  0  0  0  0  0  33760  0  1  0  0  0  0  0  0  0  0  0  3  0  0  3636  3  1  0  0  0  0  0  1312  0  202  0  0  22153  11152  1  0  3  0  0  0  0  0  0  59  12179  0  3  0  12  0  0  0  0  6  0  0  0  0  0  0  0  0  88  0  0  408  0  
0  0  0  0  0  0  0  0  0  0  0  0  0  0  0  0  0  0  0  0  0  0  0  0  0  0  0  0  0  0  6  52  0  0  0  0  0  0  0  0  0  0  0  0  0  0  0  0  0  0  0  0  0  0  0  0  0  0  0  0  0  0  0  0  0  0  0  0  0  0  0  0  0  0  1051  0  0  0  188  11041  0  0  0  0  0  5  110  1  1  5  0  222  0  0  0  1  75  65282  0  0  0  0  0  0  75745  24132  0  0  0  1  0  0  898  0  0  0  0  0  1  0  6268  0  685  0  0  106  31  1  0  0  0  0  0  0  0  54  0  14415  2  2  0  9  0  11784  0  0  4  0  0  0  0  2  0  0  402  9260  799  771  62090  1016  
0  0  0  0  0  0  0  0  0  0  0  0  0  0  0  0  0  0  0  0  0  0  0  0  0  0  0  0  0  0  0  0  0  0  0  0  0  0  0  0  0  0  0  0  0  0  0  0  0  0  0  0  0  0  0  0  0  0  0  0  0  0  0  0  0  0  0  0  0  0  0  0  0  0  16269  0  0  0  628  2927  0  0  0  0  0  324  6589  3806  3  65  0  0  0  0  0  0  24  139546  0  1  0  0  0  0  171  18  0  0  17  1  0  0  14621  604  6  0  28  1  0  0  11132  0  3033  0  0  5435  239  1  0  2  0  0  0  0  0  19628  21466  0  0  16  2  169  0  27  0  0  6  0  0  0  0  0  0  2  5  3780  0  1  35066  0  
0  0  0  0  0  0  0  0  1  2  352  0  0  0  0  0  0  0  0  0  0  19  0  0  0  0  0  0  0  95  0  0  0  0  0  0  0  0  0  0  0  0  0  2  0  0  0  0  0  0  0  0  0  0  0  0  0  0  0  0  0  0  0  0  11  2  0  0  0  0  0  0  0  0  20  1  0  9  2  29  10  7  4155  12761  75723  2  0  0  0  7  9  14  128  30517  2  4100  0  0  24  163  60874  0  0  102551  0  0  0  7  0  272  0  0  0  0  517  2  0  46193  281  8  2  66  1383  0  12  11  0  20  37  26874  145  26899  2  1  49  0  0  0  0  3540  172  29  2  0  18791  0  2906  0  0  0  0  0  0  0  1  160  21  30  1074  81  
9  0  1  0  0  5406  485  136  961  31522  0  2  0  1  0  0  0  0  0  0  0  1  0  1  0  3  0  0  0  48  8  194  0  0  0  3  0  0  0  1  99  0  0  10  36  0  0  3  0  0  0  1  3  20  1  58  0  1  0  0  0  0  0  0  3  32749  3  0  6  65  0  0  19  0  228  0  1  1  45  59297  36372  26803  36433  24232  0  2  0  0  3  455  0  1  1  0  0  12  0  8  1  5  96  0  3  29  3  8004  0  1  0  4  0  0  0  0  213  0  0  3128  413  76  114  10  93  0  0  24  18  58  1  2000  1  65  0  0  1  0  5  24  6599  0  867  59  23  59  2672  0  253  0  0  166  6  1093  287  2388  0  78088  276  4151  6413  40  
0  0  0  0  0  0  0  0  2  3  0  0  0  0  0  0  0  0  0  0  0  0  0  0  0  0  0  0  0  0  0  0  0  0  0  0  0  0  0  0  0  0  0  0  1  0  0  0  0  0  0  0  0  0  0  0  0  0  0  0  0  0  0  0  0  3  0  0  0  0  0  0  0  0  28  0  38  5467  11  118  101  47  218  3  0  173  0  0  7  57  5  28  3  0  0  0  0  0  9  74830  31232  81034  1  119  0  0  0  1  0  1665  0  0  1  0  5587  0  0  41  45703  23485  8  26  1595  0  0  82  10  419  4105  34514  0  7  1  0  3  2  1  0  174  266  0  282  15  0  5711  0  822  0  0  0  1  0  0  0  0  765  11  143  7922  105  
0  0  0  0  0  0  0  0  0  0  0  0  0  0  0  0  0  0  0  0  0  0  0  0  0  0  0  0  0  0  0  0  0  0  0  0  0  0  0  0  0  0  0  0  0  0  0  0  0  0  0  0  0  0  0  0  0  0  0  0  0  0  0  0  0  0  0  0  0  0  0  0  0  0  231  1  0  14037  313  2010  77  1  0  0  0  57473  0  60  44623  941  2  29  0  0  0  1  0  1  0  41  0  0  85232  0  0  0  0  0  0  14  0  0  30  1660  906  0  0  12  59785  0  85  38  29709  0  0  55314  271  12790  3  36  1  4  0  0  1  2  3  25  13  29  235  0  1297  0  0  0  82  0  0  0  0  0  0  0  0  1255  25  10  15586  427  
0  0  0  0  0  0  0  0  0  0  0  0  0  0  0  0  0  0  0  0  0  0  0  0  0  0  0  0  0  0  0  0  0  0  0  0  0  0  0  0  0  0  0  0  0  0  0  0  0  0  0  0  0  0  0  0  0  0  0  0  0  0  0  0  0  0  0  0  0  0  0  0  0  0  5  0  11  0  7  354  153  542  10  2  0  3  0  0  14875  24980  3  4  0  0  0  0  0  0  0  2  4  1  54052  0  0  0  0  0  0  11  0  0  0  0  49  0  0  5  41141  13  4  3  141  0  0  74  2  28991  4  118  1  2  0  0  0  0  0  0  45  126  712  1581  0  0  77  0  27  0  0  0  0  0  0  0  0  1172  0  6  1319  170  
0  0  0  0  0  6  0  0  0  0  0  0  0  0  0  1  0  0  0  0  0  0  0  1  0  0  0  0  0  0  1887  48  0  0  0  0  0  0  0  0  0  0  0  0  0  0  0  0  0  0  0  0  0  0  0  0  0  0  0  0  0  0  1  0  0  6  0  0  0  271  0  0  0  0  23021  0  0  0  10320  42648  0  0  0  0  0  0  0  0  0  18453  0  0  0  0  0  0  0  4052  0  0  0  0  0  0  54413  6876  0  0  0  0  0  0  0  0  0  0  0  0  0  0  0  0  0  0  0  0  0  0  0  0  0  0  0  0  0  0  26142  270  0  241  0  0  0  0  0  0  0  0  0  0  0  0  0  0  0  6970  0  0  2266  11  
0  0  3  0  0  0  0  2  200  0  0  0  0  0  0  0  0  0  0  0  0  0  0  0  0  0  0  0  0  1387  0  0  0  0  0  0  0  0  0  0  0  0  0  0  0  0  0  0  0  0  0  0  0  0  0  0  0  0  0  0  0  0  0  0  1  4  0  0  0  0  210  0  0  0  0  0  1  0  0  122  323  407  48146  28  0  0  0  0  0  58  0  0  0  3  0  0  0  0  1  0  10191  21  5  57234  0  0  0  0  0  2  0  0  0  0  6  0  0  3  889  26481  0  0  2  0  0  1  0  8  0  18489  0  7  0  0  0  0  0  0  13459  5053  7625  3  12  0  0  0  73  0  0  0  0  0  0  0  0  1500  0  7  307  4  
0  0  0  0  0  0  0  0  0  0  0  0  0  0  0  0  0  0  0  0  0  0  0  0  0  0  0  0  0  0  0  0  0  0  0  0  0  0  0  0  0  0  0  0  0  0  0  0  0  0  0  0  0  0  0  0  0  0  0  0  0  0  0  0  0  0  0  0  0  0  0  0  0  0  0  5472  0  0  0  0  0  0  0  0  0  0  0  0  0  0  0  0  93  0  6252  0  0  0  0  0  0  0  0  0  0  0  0  1  63  0  106013  173432  0  0  0  0  18048  4  0  0  0  2  0  52869  4  0  0  0  0  0  0  0  22899  66113  612  0  0  0  0  0  0  0  0  0  0  0  21681  0  0  0  0  0  0  0  2  0  247  0  0  0  
0  0  0  0  0  0  0  0  0  2  0  0  0  0  0  0  0  0  0  0  0  0  0  0  0  0  0  0  0  0  0  0  0  0  0  0  0  0  0  0  0  0  0  0  0  0  0  0  0  0  0  0  0  0  0  0  0  0  0  0  0  0  0  0  0  1  0  0  0  0  0  0  0  0  108  256  0  48  24  14  4  3  70  62  0  43  0  0  4  40  1137  101  59488  2  17347  191  121  1  171936  24825  2  0  0  3  0  0  3505  126936  54530  36557  14  174209  3  1  16956  1  31179  4102  2283  1  25  143083  3973  31792  760  152  13  41  26702  34162  6515  11651  39045  8592  65162  2  3  2  5668  234  139  436  6  0  3  9569  0  1375  0  0  0  0  0  0  1885  135  47237  2051  2654  216  
0  0  0  0  0  0  0  0  0  0  0  0  0  0  0  0  0  0  0  0  0  0  0  0  0  0  0  0  0  0  0  0  0  0  0  0  0  0  0  0  0  0  0  0  0  0  0  0  0  0  0  0  0  0  0  0  0  0  0  0  0  0  0  0  0  0  0  0  0  0  0  0  0  0  0  0  0  1106  0  0  0  0  0  0  0  2  0  0  0  0  11  0  0  0  0  0  0  0  0  1108  0  0  0  0  0  0  38329  20601  90  31153  0  0  0  0  12121  0  0  1  0  0  0  11893  12  0  0  0  0  0  0  0  0  0  0  0  0  0  0  0  0  0  0  2  0  0  0  0  1252  0  0  0  0  0  0  0  0  0  42  75  1  0  
0  4  0  0  0  0  0  0  0  2  0  0  0  0  0  0  23029  9862  4  0  17  5  100021  91  0  16  0  0  0  0  5  2134  2  35  18680  22  6  45  0  0  33  0  52399  6  1  0  2  27437  2  144  0  0  0  0  0  0  21  1  45  9  51  0  93  5  0  0  0  0  0  104  0  859  13921  59  0  0  0  0  0  0  0  0  0  0  0  0  0  0  0  0  0  0  0  0  0  0  0  0  0  0  0  0  0  0  0  0  0  0  0  0  0  0  0  0  0  0  0  0  0  0  0  0  0  0  0  0  0  0  0  0  0  0  0  0  0  0  0  0  0  0  0  0  0  0  0  0  0  0  0  0  286190  19259  22131  37  1  2  1  0  3  15  
42  0  4062  4  17  2640  3221  225722  441  17  0  26  0  6  68  67960  8  0  0  0  0  0  0  3  0  2  80  2559  8939  60  0  0  0  0  0  2  0  0  0  18  32  0  0  10  68846  98465  3  3  63  0  0  158  325  31405  0  604  0  0  0  0  0  2  0  3  136  14015  19046  27  47277  0  2028  0  8  0  0  0  7  0  0  0  5  32  10  0  0  0  0  0  0  2  0  0  0  0  0  0  0  0  0  0  0  0  0  0  0  0  0  0  0  0  0  0  0  0  0  0  0  0  0  12  0  0  0  0  0  0  0  0  0  0  0  0  0  0  0  0  0  0  0  274  0  0  0  0  1  0  0  0  0  0  0  4265  837  115  0  0  0  0  1  0  
0  120  0  14  0  2  1  0  4  7591  0  3  0  9  2  0  112  217  234  0  1074  402  85904  0  5  529  0  0  0  12  0  110  10  157  155  838  122  901  1  0  4887  0  9625  27408  126  0  0  6363  541  1737  69  4  0  8  7  26  1429  192  7028  309  26677  0  15  0  271  25  3  1  2  11  0  17745  31083  354  1  0  0  0  0  0  0  0  0  1  0  1  0  0  1  1  0  0  0  0  0  0  2  0  0  0  0  0  0  1  0  0  0  0  0  0  0  0  0  0  51  0  0  1  0  0  0  1  6  0  0  0  0  1  0  57  0  0  0  0  0  0  0  0  0  2  116  3  0  0  1  0  0  0  141273  1  0  76106  1099  23  0  1  1124  227  470  1  
129  21  0  1  10  790  233  49  37  1444  0  81  0  29  43  19  122  1498  61  0  21  31  751  5  1  129  5  73  162  63  32  3182  85  7  2  186  0  4  1  46  7277  0  0  340  7584  108  7  7202  206  0  12  346  269  348  24  8066  460  23  71  1  67  0  20  8  251  1249  4120  39  239  139  5  0  1901  459  0  0  0  0  0  3  1  3  0  4  0  1  0  0  0  0  0  0  0  0  0  5  19  1  0  0  0  0  0  0  0  9  0  0  0  0  0  0  0  0  28  0  0  6  3  0  0  1  3  0  0  1  0  0  1  31  0  0  0  0  0  0  3  0  0  253  79  3  0  0  1  0  0  0  8672  526  63063  0  46945  39676  9  3305  480  29776  262  33  
18371  0  0  91  910  7782  713  22  38  327  0  3101  17  712  269  88  41126  91171  3  0  1  5  701  10307  4  77  6  40  59  85  2060  16315  259  3  93  61  0  3  14  1149  3840  0  0  117  4206  56  29019  53000  54340  0  1  5099  5517  1510  9  3146  12  4  7  0  6  1655  29745  7524  298  3157  1641  1765  180  5733  7  0  722  216  0  0  0  0  0  1  0  2  1  0  0  0  0  0  0  0  0  0  0  0  0  0  0  0  0  0  0  0  0  0  1  1  0  0  0  0  0  0  0  0  0  0  0  0  0  0  0  0  0  0  0  0  0  0  0  1  0  0  0  0  0  0  1  0  0  8  0  0  0  0  0  0  0  0  14713  247  804  34482  0  160829  0  10  4  2  8  10  
1208  0  0  2  12  5991  38  1  4  44  0  30  1  10  5  3  674  5458  0  0  0  0  0  79  0  4  1  2  5  13  9  19516  0  0  0  1  0  0  1  13  21  0  0  14  434  7  20  884  874  0  0  66  137  110  0  467  0  0  0  0  0  15  907  67  34  20058  244  9  19  1682  2  0  18  1  0  0  0  0  0  39  1  0  0  0  0  0  0  0  0  0  0  0  0  0  0  0  0  0  0  0  0  0  0  0  1  8  0  0  0  0  0  0  0  0  0  0  0  0  0  0  0  0  0  0  0  0  0  0  0  0  0  0  0  0  0  0  1  0  0  237  0  0  0  0  0  0  0  0  304  33  79  80857  478816  0  9  4014  1  9  80  229  
0  0  0  0  0  0  0  0  0  0  0  0  0  0  0  0  1  0  0  0  0  0  0  0  0  0  0  0  0  0  0  140  0  0  0  0  0  0  0  0  0  0  0  0  0  0  0  0  0  0  0  0  0  0  0  0  0  0  0  0  0  0  0  0  0  0  0  0  0  3  0  0  0  0  0  2  0  0  0  0  0  0  0  0  0  0  0  0  0  0  10080  22195  9  0  2  0  79030  6067  0  1  0  0  0  0  449  738  0  27  4418  74  0  4  0  0  166  0  38481  2  3  0  195  9175  7  425  0  0  0  0  0  0  0  0  1  10  9  0  1102  14  1  0  0  5  0  0  0  0  2442  0  0  0  0  18  0  0  0  659  263332  11920  39437  103  
3  0  0  0  0  285  4  2  1  10  0  0  0  1  0  0  0  2  0  0  0  0  0  0  0  0  0  0  0  0  0  525  0  0  0  0  0  0  0  0  0  0  0  0  2  0  0  0  0  0  0  0  4  1  0  0  0  0  0  0  0  0  0  1  0  569  0  0  0  2  0  0  0  0  4552  0  1  3  422  18255  1413  367  133  54  0  6  0  0  25  421  6  4  0  0  0  0  0  5368  0  15  42  5  13  1  351  12012  0  2  0  24  0  0  1  0  627  0  0  49  20933  87  14  24  205  0  0  124  46  1155  17  2531  1  8  0  0  5  17  4060  2609  668  25117  2504  1133  69  341  225  0  192  0  0  0  0  3905  20  1131  127  0  36  15336  89897  29284  
0  0  0  0  0  0  0  0  1  1489  0  1  0  1  1  0  0  0  0  0  0  0  8  0  0  2  0  0  0  0  0  7  0  0  0  6  0  0  0  0  108  0  0  56  7  0  0  7  3  0  0  0  0  0  0  1  1  1  0  0  0  0  1  0  23  250  0  0  0  0  0  0  27  2  14  227  0  4  1  1  0  0  131  8963  0  19  0  0  1  5  783  338  368  0  1461  1867  48721  210  16  54  0  0  0  0  392  313  3  474  697  798  15  179  0  0  9228  0  5587  17593  125  0  3  8572  377  10250  1  35  2  4  4  75  22  209  566  2955  23332  0  663  0  39  461  51  313  0  0  0  57  55275  1  0  0  381  111  25  0  126736  97  0  65503  7103  43  
0  0  0  0  0  1  0  3  10  2969  0  1  0  0  0  0  0  0  0  0  0  0  25  0  0  2  0  0  0  0  0  2551  0  1  0  4  0  0  0  0  86  0  0  12  6  0  0  10  0  0  0  0  0  0  0  6  0  1  0  0  0  0  0  0  1  97  0  0  0  3  0  0  13  0  1  0  0  4  2  4  1  8  6  63  0  12  0  0  0  4  1036  691  40  0  29  213  1222  102  0  9  2  0  0  1  837  918  7  300  5  446  0  0  0  0  9129  0  1  123  225  2  1  5240  165  0  1  18  1  6  2  1210  2  24  1  3  34  0  1424  0  15  1861  1503  92  0  0  11  0  831  0  1  0  593  34299  59  16  4465  31570  55928  0  64286  15326  
0  0  0  0  0  0  0  0  0  25  0  0  0  0  0  0  0  0  0  0  0  0  0  0  0  0  0  0  0  0  0  42  0  0  0  0  0  0  0  0  0  0  0  0  0  0  0  0  0  0  0  0  0  0  0  0  0  0  0  0  0  0  0  0  0  6  0  0  0  0  0  0  0  0  5440  0  0  12  3145  9624  284  131  6  5  0  26  21  1  970  3262  29920  40289  27  0  1  5  2194  17425  7  37  2  5  5  0  6898  8653  1  61  58  158  0  1  88  0  10274  0  10  98  4502  15  34262  23950  23473  0  0  5282  873  2160  42  2195  11  39  0  0  17  59  29518  11102  159  808  5105  2618  62  99  5  0  761  0  0  0  19  7  0  3  18131  80628  3477  25405  0  187574  
0  0  0  0  0  0  0  0  0  0  0  0  0  0  0  0  0  1  0  0  0  0  0  0  0  0  0  0  0  0  0  1130  0  0  0  0  0  0  0  0  0  0  0  0  0  0  0  0  0  0  0  0  0  0  0  0  0  0  0  0  0  0  0  0  0  2  0  0  0  1  0  0  0  0  1  0  0  5  2  19  17  13  0  0  0  1  0  0  0  16  2  9  1  0  0  1  205  969  0  6  0  1  0  0  1577  6286  0  0  0  14  0  0  0  0  74  0  0  12  591  2  4  1  62  0  0  21  6  62  7  114  0  2  1  0  0  1  2693  0  28  6  240  114  7  1  1  0  69  0  3  0  0  29  9  105  407  173828  1612  37608  410693  0  
