0  0  0  0  65107  10387  0  0  0  0  0  1  2  11  59516  630  0  3  0  0  0  0  0  56044  0  0  0  0  0  0  12107  703  0  0  0  0  0  0  84  12  0  0  0  0  0  0  10410  0  62  0  0  509  11619  5  0  0  0  0  0  0  0  41391  764  15199  0  19  0  6  0  13761  0  0  0  0  0  0  0  0  0  0  0  0  0  0  0  0  0  0  0  0  0  0  0  0  0  0  0  0  0  0  0  0  0  0  0  0  0  0  0  0  0  0  0  0  0  0  0  0  0  0  0  0  0  0  0  0  0  0  0  0  0  0  0  0  0  0  0  0  0  3  0  0  0  0  0  0  0  0  0  0  0  0  14256  143  0  0  0  0  0  0  
0  0  0  0  0  0  0  0  0  0  0  0  0  0  0  0  1  0  49267  7  28969  2139  0  0  3  7  0  1  0  0  0  0  0  0  0  0  387  22  0  0  22  34715  0  874  9  0  0  2  5  0  45211  0  0  0  0  1  17759  46  43096  639  14745  0  0  0  3  0  17  10  0  0  0  38  94  0  0  0  0  0  0  0  0  0  0  0  0  0  0  0  0  0  0  0  0  0  0  0  0  0  0  0  0  0  0  0  0  0  0  0  0  0  0  0  0  0  0  0  0  0  0  0  0  0  0  0  0  0  0  0  0  0  0  0  0  0  0  0  0  0  0  0  0  0  0  0  0  0  0  0  0  0  2  3  4  0  0  0  0  0  0  0  
0  0  0  0  0  0  0  15335  0  0  0  0  0  0  0  53717  0  0  0  0  0  0  0  0  0  0  14492  13232  40421  10106  0  0  0  0  0  0  0  0  0  0  0  0  0  0  40709  45387  0  0  0  0  0  0  0  0  0  0  0  0  0  0  0  0  0  0  0  0  8457  0  17  0  26  0  0  0  0  0  762  0  0  0  0  337  8  0  0  0  0  0  0  156  0  0  0  0  0  0  0  0  0  0  0  0  0  26  0  0  0  0  0  0  0  0  0  0  0  0  0  0  0  67  0  0  0  0  0  0  0  0  0  0  0  0  0  0  0  0  0  0  0  0  0  0  0  0  6  0  0  0  0  770  0  0  0  0  0  0  0  0  0  0  
0  2  0  0  1  0  0  2  61  9  0  37308  0  9  1  0  66  0  0  1  3  0  4  1  1  33261  3  43973  29392  0  0  0  540  501  13  5  0  0  0  30  17237  0  3  8  45049  0  0  1317  52219  0  0  35  2  3  1  52  16  2  11  0  13  2  0  0  54  38  851  21585  6  0  1  0  293  6  0  0  0  0  0  0  0  0  0  0  0  0  0  0  0  0  0  0  0  0  0  0  0  0  0  0  0  0  0  0  0  0  0  0  0  0  0  0  0  0  0  0  0  0  0  0  0  0  0  0  0  0  0  0  0  0  0  0  0  0  0  0  0  0  0  0  0  0  0  0  0  0  0  0  53  3  279  40  498  27  0  0  0  0  0  0  
43659  0  0  0  0  11593  3  0  0  0  0  1  0  16  15502  23445  0  0  0  0  0  0  0  50  0  0  0  0  0  0  6504  137  0  0  0  0  0  0  98  26  0  0  0  0  0  0  1971  0  368  0  0  1184  21483  36  0  0  0  0  0  0  0  752  76  240  0  53  0  10  0  12148  0  0  0  0  0  0  0  0  0  0  0  0  0  0  0  0  0  0  0  0  0  0  0  0  0  0  0  0  0  0  0  0  0  0  0  0  0  0  0  0  0  0  0  0  0  0  0  0  0  0  0  0  0  0  0  0  0  0  0  1  0  0  0  0  0  0  0  0  0  10  0  0  0  0  0  0  0  0  0  1  0  0  3732  13  0  0  0  0  0  0  
6502  0  0  0  32922  0  44105  9  3  0  0  0  0  36  30744  115665  0  0  0  0  0  0  0  4253  0  0  0  0  0  0  495  21814  0  0  0  0  0  0  47  30  0  0  0  0  25  65  1444  0  443  0  0  2966  13822  23276  0  3  0  0  0  0  0  133  95  6161  0  45586  36  53  14  63314  1  0  0  0  0  0  0  0  0  702  668  0  0  0  0  0  0  0  0  320  0  0  0  0  0  0  0  0  0  0  0  0  0  0  36  266  0  0  0  0  0  0  0  0  0  0  0  0  0  0  0  0  0  0  0  7  0  0  0  2  0  0  0  0  0  0  0  0  0  1076  0  5  0  1  0  0  0  0  0  6875  0  5  33561  221  0  1  0  0  0  0  
9  0  0  0  23  54067  0  23020  681  0  0  1  0  5  1032  67285  0  0  0  0  0  0  0  0  0  0  0  2  14  0  0  107  0  0  0  0  0  0  3  1  0  0  0  0  193  696  17  0  36  0  0  794  232  19508  0  4  0  0  0  0  0  8  0  0  0  26185  93  117  135  0  23  0  0  0  1  0  0  0  3  25  1272  18  0  0  0  0  0  0  1  33  0  0  0  0  0  0  0  0  0  0  0  0  5  0  0  0  0  0  0  0  0  0  0  0  1  0  0  0  3  0  3  0  2  0  0  98  4  23  0  9  0  0  0  0  0  0  0  0  0  462  2  98  7  0  0  0  1  0  0  217475  0  2  200  2  0  8  0  0  12  0  
0  0  10848  0  0  35  23279  0  18145  0  0  0  0  0  3  29708  0  0  0  0  0  0  0  0  0  0  0  1  820  40  0  0  0  0  0  0  0  0  0  0  2  0  0  2  30812  27763  0  1  1  0  0  5  0  4574  0  6  0  0  0  0  0  0  0  0  0  24599  105  6  5780  0  49  0  0  0  0  0  1  0  0  1  43  5668  626  1  0  0  0  0  0  15  0  0  0  0  0  0  0  0  0  0  0  0  0  9  0  0  0  0  0  0  0  0  0  0  0  0  0  0  0  88  0  0  0  0  0  0  1  0  0  0  0  0  0  0  0  0  0  0  0  1082  0  0  0  0  101  0  0  0  0  189919  0  0  18  4  0  0  0  0  0  0  
0  0  0  0  0  0  52  14721  0  11576  0  1  0  0  0  5  0  0  0  1  0  1  0  0  3  74  270  1  34  9003  0  0  0  0  0  1  0  0  0  0  119  0  0  1338  491  9807  0  7  23  0  0  5  1  93  10  2039  15  9  1  0  6  0  0  0  5797  47551  732  21  52  0  44364  0  477  0  0  0  0  0  0  0  4  187  6558  235  17  0  0  0  0  0  0  0  0  0  0  3  0  0  0  0  0  0  0  2060  0  0  0  0  0  0  0  0  0  0  0  0  0  1  0  7  0  0  0  0  0  1  0  0  0  0  0  0  0  0  0  0  0  0  143  837  0  1  0  0  2907  0  0  0  1  2006  0  67  546  89  0  0  0  0  0  0  
0  1  0  0  0  0  0  1  11407  0  0  0  0  0  0  0  0  0  0  0  0  552  1532  0  0  7  2  0  0  9623  0  0  0  0  0  1  0  0  0  0  140  0  0  25343  27  0  0  63  7  0  0  0  0  0  0  31  7  4  1  0  3  0  0  0  3715  76290  66  26  2  0  6  0  41  1  0  0  0  0  0  0  0  0  53  1043  3  0  0  0  0  0  0  0  0  0  0  7  0  0  0  0  0  0  0  12  0  0  0  0  0  0  0  0  0  0  0  0  0  5  0  0  0  0  0  0  0  0  0  0  0  0  0  0  0  0  0  0  0  0  2  9740  0  0  0  0  2  0  0  0  0  59  2903  442  354  15  0  0  2  2  3  0  
0  0  0  0  0  0  0  0  0  0  0  0  0  0  0  0  0  0  1  46897  0  12547  0  0  0  0  16  0  0  2312  0  0  0  0  0  0  0  0  0  0  0  6758  0  94327  0  0  0  0  0  0  32  0  0  0  0  1  12  1042  1  0  47  0  0  0  74156  0  2  1  0  0  0  0  0  0  0  0  0  0  0  0  0  0  0  0  7506  0  0  0  0  0  0  0  0  0  0  398  0  0  0  0  0  0  0  46  0  0  0  0  0  0  0  0  0  0  0  263  0  196  0  0  0  0  0  0  0  0  0  0  0  0  0  0  0  0  0  0  0  0  142  0  0  0  0  0  0  0  0  0  0  0  0  0  0  0  0  0  0  0  0  0  
5  0  0  34669  3  5  1  0  2  1  0  0  0  39176  9830  1  62  220  0  0  0  0  0  0  0  152  0  235  478  0  0  0  491  178  139  0  0  0  99  35164  459  0  0  1  2672  0  3  283  46136  0  0  22735  4  7  0  2  0  0  0  0  1  11  0  2  1  9  27  83019  0  0  0  0  9  2  0  0  0  0  0  0  0  0  0  0  0  0  0  0  0  0  0  0  0  0  0  0  0  0  0  0  0  0  0  0  0  0  0  0  0  0  0  0  0  0  0  0  0  0  0  0  0  0  0  0  0  0  0  0  0  0  0  0  0  0  0  0  0  0  0  1  0  0  0  0  0  0  0  0  3  2  17  6  192  0  0  0  0  0  0  0  
5  0  0  0  4  1  1  0  0  0  0  4  0  20842  290  6  0  72  0  0  0  0  0  28919  0  0  0  0  0  0  0  0  0  78  361  0  0  0  40046  17  0  0  88  0  0  0  19590  1  548  0  0  840  9  0  0  0  0  0  0  0  0  15339  6  3498  0  5  0  4  0  0  0  0  0  0  0  0  0  0  0  0  0  0  0  0  0  0  0  0  0  0  0  0  0  0  0  0  0  0  0  0  0  0  0  0  0  0  0  0  0  0  0  0  0  0  0  0  0  0  0  0  0  0  0  0  0  0  0  0  0  0  0  0  0  0  0  0  0  0  0  1  0  0  0  0  0  0  0  0  1  0  0  0  13  0  0  0  0  0  0  0  
7  0  0  1  9  82  10  0  0  0  0  29729  16825  0  9267  9  0  10  0  0  0  0  0  115  0  0  0  0  2  0  0  0  0  2  1  0  0  0  45501  57567  0  0  0  0  0  0  543  0  22669  0  0  50972  62  82  0  0  0  0  0  0  0  17965  3  159  0  74  0  256  0  0  0  0  0  0  0  0  0  0  0  0  0  0  0  0  0  0  0  0  0  0  0  0  0  0  0  0  0  0  0  0  0  0  0  0  0  0  0  0  0  0  0  0  0  0  0  0  0  0  0  0  0  0  0  0  0  0  0  0  0  0  0  0  0  0  0  0  0  0  0  4  0  0  0  0  0  0  0  0  0  18  0  0  214  0  0  0  0  0  0  0  
64514  0  0  0  13766  14667  629  2  2  0  0  11090  65  8316  0  33557  0  1  0  0  0  0  0  20621  0  0  0  1  11586  0  0  14  0  0  0  0  0  0  57  8  1  0  0  0  2124  1  3891  0  211  0  0  276574  191097  107509  0  1  1  0  0  0  1  41615  13  12  1  92  41  39077  24030  1  0  0  0  0  0  0  0  0  0  1  0  0  0  0  0  0  0  0  0  0  0  0  0  0  0  0  0  0  0  0  0  0  0  0  0  0  0  0  0  0  0  0  0  0  0  0  0  0  0  0  0  0  0  0  0  0  0  1  0  0  0  0  0  0  0  0  0  0  0  8  0  0  0  0  0  0  0  0  0  43  0  0  1872  2  0  0  0  0  0  0  
808  0  57597  0  24754  101699  67576  24434  27  0  0  0  0  4  30078  0  0  0  0  0  0  0  0  10  0  0  0  0  6861  0  55  47  0  0  0  0  0  0  0  3  0  0  0  0  146  16  31  0  55  0  0  192  4686  161483  0  0  0  0  0  0  0  3  8  60  0  545  7  9  23198  11027  2  0  0  0  0  0  4  0  0  149  474  932  0  0  0  0  0  0  0  581  0  0  0  0  0  0  0  0  0  0  0  0  0  0  0  0  0  0  0  0  0  0  0  0  0  0  0  0  1  0  0  0  0  0  0  2  0  0  0  3  0  0  0  0  0  0  0  0  1  90  0  1  0  0  0  0  0  0  0  73512  0  0  857  2  0  2  0  0  2  0  
0  0  0  10  0  0  0  0  216  17  0  95  2  0  0  0  0  43858  0  0  2  0  15589  262  0  56  8  7  1  2  1  34  2354  17  13275  1  0  0  0  0  8918  0  2558  25  261  0  411  46450  24134  0  0  0  0  3  0  197  7  8  0  0  3  0  6141  0  118  133  3516  9  1  0  7  0  24  0  0  0  0  0  0  0  0  0  0  0  0  0  0  0  0  0  0  0  0  0  0  0  0  0  0  0  0  0  0  0  0  0  0  0  0  0  0  0  0  0  0  0  0  0  0  0  0  0  0  0  0  0  0  0  0  0  0  0  0  0  0  0  0  0  0  0  0  0  0  0  0  0  0  0  4748  4  81  294  107552  80  0  0  0  0  0  0  
1  0  0  5  18  15  1  0  5  0  0  841  126  85  51  11  39363  0  0  0  0  0  5523  4233  0  1  0  0  0  0  31  1216  105  5  103  0  0  0  44  5  0  0  9  0  6  0  32345  4323  63333  0  0  35  82  1  0  2  0  0  0  0  1  2  25033  0  2  18  71  5  0  0  0  0  2  0  0  0  0  0  0  0  0  0  0  0  0  0  0  0  0  0  0  0  0  0  0  0  0  0  0  0  0  0  0  0  0  0  0  0  0  0  0  0  0  0  0  0  0  0  0  0  0  0  0  0  0  0  0  0  0  0  0  0  0  0  0  0  0  0  0  0  0  0  0  0  0  0  0  0  2305  1  9  1873  120975  756  0  0  0  0  0  0  
0  46896  0  0  0  0  0  0  9  0  0  0  0  0  0  0  1  0  0  3914  91  20  2  0  14983  13  0  0  0  0  0  0  0  1  0  1  219  268  0  0  28  17024  0  17  7  0  0  11  0  0  146  0  0  0  0  341  131645  62630  45625  80  107  0  0  0  22  0  12  4  0  0  0  102  59733  0  0  0  0  0  0  0  0  0  0  0  0  0  0  0  0  0  0  0  0  0  0  0  0  0  0  0  0  0  0  0  0  0  0  0  0  0  0  0  0  0  0  0  0  0  0  0  0  0  0  0  0  0  0  0  0  0  0  0  0  0  0  0  0  0  0  0  0  0  0  0  0  0  0  0  3  0  5  0  12  0  0  0  0  0  0  0  
0  6  0  0  0  0  0  0  0  0  45149  0  0  0  0  0  0  0  4243  0  1  107  0  0  2344  0  14216  0  0  98  0  0  0  0  0  0  0  0  0  0  3  148  0  15114  6  0  0  4  0  0  41  0  0  0  0  11482  214  51904  2  0  159  0  0  0  20657  1  22  5  0  0  0  0  10  0  0  0  0  0  0  0  0  0  0  0  1  0  0  0  0  0  0  0  0  0  0  0  0  0  0  0  0  0  0  0  0  0  0  0  0  0  0  0  0  0  0  0  0  0  0  0  0  0  0  0  0  0  0  0  0  0  0  0  0  0  0  0  0  0  0  0  0  0  0  0  0  0  0  0  0  0  1  0  12  0  0  0  0  0  0  0  
0  33027  0  0  0  0  0  0  1  0  0  0  0  0  0  0  0  0  31  1  0  471  853  0  150  13  0  2  0  0  0  8  0  1  0  2  9331  58  0  0  25  4  1  40  9  0  0  7  1  27824  20257  0  0  0  0  26  753  20  24662  87548  124287  0  0  0  11  0  29  10  0  0  0  128  980  0  0  0  0  0  0  0  0  0  0  0  0  0  0  0  0  0  0  0  0  0  0  0  0  0  0  0  0  0  0  0  1  1  0  0  0  0  0  0  0  0  0  0  0  0  0  0  0  0  0  0  0  0  0  0  0  0  0  0  0  0  0  0  1  0  0  0  0  0  0  0  0  0  0  0  0  0  555  48  12  1  0  0  0  2  0  0  
0  2135  0  0  0  0  0  0  0  1646  5274  0  0  0  0  0  1  0  2  241  130  0  14711  0  0  4  0  0  0  815  0  0  0  0  0  0  0  0  0  0  6  26854  0  153388  10  0  0  5  3  0  54132  0  0  0  0  0  743  566  3  10  84888  0  0  0  1541  19  9  8  0  0  0  0  13  0  0  0  0  0  0  0  0  0  0  1  1152  0  0  0  0  0  0  0  0  0  0  7433  0  0  0  0  0  0  0  20  0  0  0  0  0  0  0  0  0  0  0  681  0  520  0  0  0  0  0  0  0  0  0  0  0  0  0  0  0  0  0  0  0  0  7  1  0  0  0  0  0  0  0  0  0  0  2681  5  4  0  0  0  0  0  0  0  
0  0  0  2  0  0  0  0  0  1576  0  0  0  0  0  0  24077  7927  4  1  1425  11342  0  90  0  8  0  1  1  0  0  83  0  3  25892  7  238  14  0  0  94  0  40101  2739  47  0  118  3062  22  18214  1  5  0  0  0  0  6  0  216  54  42226  0  9106  0  2  1  29  22  0  0  0  11  710  0  0  0  0  0  0  0  0  0  0  1  0  0  0  0  0  0  0  0  0  0  0  0  8  0  0  0  0  0  0  0  0  0  0  0  0  0  0  0  0  0  0  0  0  1  0  0  0  0  0  0  0  0  0  0  0  0  0  0  0  0  0  0  0  0  0  0  0  0  0  0  0  0  0  0  41411  0  113853  974  310  25  0  0  0  14  0  0  
67630  0  0  0  260  3413  0  0  0  0  0  1  30778  2440  20986  16  23  4232  0  0  0  0  10  0  0  0  0  0  0  0  25646  329  0  281  869  0  0  1  1743  24  0  0  1189  0  0  0  58816  3509  543  0  0  325  66  1  0  0  0  0  0  0  0  41001  81872  135400  0  7  0  8  0  14228  0  0  0  0  0  0  0  0  0  0  0  0  0  0  0  0  0  0  0  1  0  0  0  0  0  0  0  0  0  0  0  0  0  0  3  0  0  0  0  0  0  0  0  0  0  0  0  0  0  0  0  0  0  0  0  0  0  0  0  0  0  0  0  0  0  0  0  0  0  0  0  0  0  0  0  0  0  0  117  1  0  0  5484  15  0  0  0  0  0  0  
0  16  0  0  0  0  0  0  18  0  0  0  0  0  0  0  1  0  16209  1596  115  0  2  0  0  36499  657  1  0  1  0  0  0  0  0  0  0  0  0  0  75  0  0  2  10  0  0  7  3  0  0  1  0  0  19618  91846  275  7122  120  6  92  0  0  0  68  5  54  11  0  0  2  0  99113  0  0  0  0  0  0  0  0  0  0  0  0  0  0  0  0  0  0  0  0  0  0  0  0  0  0  0  0  0  0  0  0  0  0  0  0  0  0  0  0  0  0  0  0  0  0  0  0  0  0  0  0  0  0  0  0  0  0  0  0  0  0  0  0  0  0  0  0  0  0  0  0  0  0  0  0  0  0  0  12  0  0  0  0  0  0  0  
0  5  0  27379  0  0  0  0  155  23  0  61  0  2  0  0  133  0  0  0  11  2  1  0  28566  0  86  27732  1  1  0  0  4113  13138  0  52452  0  2  0  7  82894  0  0  24  2435  0  1  348  1513  0  0  3  1  3  50861  15944  47  12  11  0  16  0  0  0  132  102  86760  377  1  0  1  0  11261  41  0  0  0  0  0  0  0  0  0  0  0  0  0  0  0  0  0  0  0  0  0  0  0  0  0  0  0  0  0  0  0  0  0  0  0  0  0  0  0  0  0  0  0  0  0  0  0  0  0  0  0  0  0  0  0  0  0  0  0  0  0  0  0  0  0  0  0  0  0  0  0  0  0  0  12  3  35  12  1886  71  0  0  0  0  0  0  
0  0  13995  0  0  0  1  0  30  1  41  0  0  0  0  0  0  0  0  11832  0  0  0  0  1593  222  0  19  3  159228  0  0  0  0  0  0  0  0  0  0  2  0  0  2  34  3519  0  0  0  0  0  0  0  0  0  139086  0  2  0  0  0  0  0  0  30347  61  82238  0  0  0  34250  0  7  0  0  0  0  0  0  0  0  0  0  0  3  0  0  0  0  0  0  0  0  0  0  0  0  0  0  0  0  0  0  8  0  0  0  0  0  0  0  0  0  0  0  0  0  0  0  0  0  0  0  0  0  0  0  0  0  0  0  0  0  0  0  0  0  0  0  0  0  0  0  0  0  0  0  0  0  2  0  0  5  1  0  0  0  0  0  0  
0  2  12591  33715  0  0  0  1  11  5  0  49  0  3  0  0  27  0  1  0  4  0  3  0  2  36162  22  0  836  1  0  0  0  0  0  0  0  0  0  6  3135  0  0  8  159814  1166  0  145  603  0  0  14  0  8  3  19  51  9  9  0  10  0  0  0  86  7  116664  284  7  0  2  0  81  1  0  0  0  0  0  0  0  0  0  0  0  0  0  0  0  0  0  0  0  0  0  0  0  0  0  0  0  0  0  0  0  0  0  0  0  0  0  0  0  0  0  0  0  0  0  0  0  0  0  0  0  0  0  0  0  0  0  0  0  0  0  0  0  0  0  0  0  0  0  0  0  0  0  0  2  1  29  7  349  13  0  0  0  0  0  0  
0  0  33371  30716  0  1  3  984  90  0  0  387  0  1  10885  5800  0  0  0  0  0  0  0  0  0  2  9  1382  0  1  0  0  0  0  0  0  0  0  0  8  34  0  0  3  161869  41  0  1  4  0  0  246  0  141  0  34  0  1  0  0  0  0  0  0  8  287  2178  66127  87107  0  7  0  1  0  0  0  0  0  0  0  0  0  0  0  0  0  0  0  0  0  0  0  0  0  0  0  0  0  0  0  0  0  0  0  0  0  0  0  0  0  0  0  0  0  0  0  0  0  1  0  0  0  0  0  0  1  0  0  0  0  0  0  0  0  0  0  0  0  0  0  0  0  0  0  0  0  0  0  0  7762  0  2  151  18  0  0  0  0  0  0  
0  0  9060  0  0  0  0  14  8696  12750  5304  0  0  0  0  0  0  0  0  87  0  894  1  0  0  1  142721  13  0  0  0  0  0  0  0  0  0  0  0  0  7  0  0  9476  13  37139  0  0  2  0  0  0  0  3  0  12325  1  1  0  0  0  0  0  0  83957  102  378  0  7  0  95642  0  52  0  0  0  108  0  0  0  0  0  114  41  3079  0  0  0  0  2  0  0  0  70  0  37  0  0  0  0  3  0  0  25739  0  0  0  0  0  0  0  0  0  0  0  0  0  15  0  124  0  0  0  0  0  0  0  0  0  0  0  0  0  0  0  0  0  0  3188  1  0  0  0  0  1780  0  0  0  0  2  0  1  12  0  0  0  0  0  0  0  
14338  0  0  0  9685  436  0  0  0  0  0  0  0  0  0  296  0  88  0  0  0  0  0  34417  0  0  0  0  0  0  0  14155  0  0  0  0  0  0  0  0  0  0  0  0  0  0  44  32  0  0  0  0  1  0  0  0  0  0  0  0  0  20  69808  1041  0  1  0  0  0  76049  0  0  0  0  37  0  0  0  0  16  0  0  0  0  0  0  0  0  0  116  0  0  0  0  0  0  0  3  0  0  0  0  0  0  467  7  0  0  0  0  0  0  0  0  0  0  0  0  0  0  0  0  0  0  0  0  0  0  0  0  0  0  0  0  0  0  0  0  0  0  0  0  0  21  0  0  0  0  0  0  0  0  2225  12  0  0  0  0  0  0  
1832  0  0  0  345  9002  0  0  0  0  0  0  0  1  9  58  2  2153  0  0  1  0  88  216  0  0  0  0  0  0  12689  0  0  0  2  0  0  0  1  0  0  0  0  0  0  0  591  631  6  0  0  18  103  1  0  0  0  0  0  0  0  92  31856  3720  0  22764  0  0  0  18123  0  0  0  0  0  0  0  0  0  43  0  0  0  0  0  0  0  0  0  6  0  11  0  0  0  0  36  0  0  0  0  0  0  0  2  5856  0  0  0  0  0  0  0  0  0  0  0  0  0  0  2  0  0  0  0  0  0  0  0  0  0  0  0  0  0  0  1  0  0  180  0  0  0  0  0  0  0  0  70  0  570  1530  16602  17265  45  40  0  41  1  214  
0  0  0  432  0  0  0  0  0  0  0  507  0  0  0  0  1153  10  0  0  0  0  0  0  0  4747  0  0  0  0  0  0  0  33228  5196  941  0  0  0  0  12774  0  0  0  0  0  0  40116  370  0  0  0  0  0  0  0  0  0  0  0  2  0  0  0  0  0  0  0  0  0  0  0  2844  80116  0  0  0  0  0  0  0  0  0  0  0  0  0  0  0  0  0  0  0  0  0  0  0  0  0  0  0  0  0  0  0  0  0  0  0  0  0  0  0  0  0  0  0  0  0  0  0  0  0  0  0  0  0  0  0  0  0  0  0  0  0  0  0  0  0  0  0  0  0  0  0  0  0  0  0  0  6  7  304  0  0  0  0  0  0  0  
0  0  0  1476  0  0  0  0  0  0  0  386  43  2  0  0  6  1  0  0  0  1  8  237  0  12909  1  2  0  0  0  0  39502  0  116862  72046  29  10032  1  0  1583  0  32515  0  5  0  3  30085  17  3196  0  0  0  0  68  0  0  0  9  8  3  0  0  0  0  0  1  8  0  0  0  696  137595  35823  0  0  0  0  0  0  0  0  0  0  0  0  0  0  0  0  0  0  0  0  0  0  0  0  0  0  0  0  0  0  0  0  0  0  0  0  0  0  0  0  0  0  0  0  0  0  0  0  0  0  0  0  0  0  0  0  0  0  0  0  0  0  0  0  0  0  0  0  0  0  0  0  0  0  216  0  799  8  45  0  0  0  0  0  0  0  
0  0  0  51  0  0  0  0  0  0  0  409  285  4  0  0  27198  93  0  0  0  0  34490  1464  0  0  0  1  0  0  0  0  4550  101624  0  0  0  6  1  0  1  0  60481  0  0  0  118  52976  2  332  0  0  0  0  0  0  0  0  1  0  0  0  3  0  0  0  0  4  0  0  0  0  14140  70  0  0  0  0  0  0  0  0  0  0  0  0  0  0  0  0  0  0  0  0  0  0  0  0  0  0  0  0  0  0  0  0  0  0  0  0  0  0  0  0  0  0  0  0  0  0  0  0  0  0  0  0  0  0  0  0  0  0  0  0  0  0  0  0  0  0  0  0  0  0  0  0  0  0  20472  0  335  0  499  0  0  0  0  0  0  0  
0  0  0  15  1  0  0  0  22  4  0  0  0  0  0  0  19  0  0  0  1  2  48  0  0  54361  0  7  0  0  0  0  279  74019  1  0  0  1  0  2  43102  0  5  1  95  0  0  3394  57  9  0  4  0  0  22224  87  10  6  5  1  57  0  0  0  39  1  10  29  0  0  1  0  28800  19287  0  0  0  0  0  0  0  0  0  0  0  0  0  0  0  0  0  0  0  0  0  0  0  0  0  0  0  0  0  0  0  0  0  0  0  0  0  0  0  0  0  0  0  0  0  0  0  0  0  0  0  0  0  0  0  0  0  0  0  0  0  0  0  0  0  0  0  0  0  0  0  0  0  0  41  0  1040  173  989  1  0  0  0  0  0  0  
0  778  0  0  0  0  0  0  0  0  0  0  0  0  0  0  0  0  442  0  7897  0  500  0  0  0  0  0  0  0  0  0  0  4  0  0  0  126796  0  0  0  0  27124  0  0  0  0  6  0  53300  0  0  0  0  0  1  0  0  9204  47940  123  0  0  0  0  0  0  0  0  0  0  101155  6089  0  0  0  0  0  0  0  0  0  0  0  0  0  0  0  0  0  0  0  0  0  0  0  0  0  0  0  0  0  0  0  0  0  0  0  0  0  0  0  0  0  0  0  0  0  0  0  0  0  0  0  0  0  0  0  0  0  0  0  0  0  0  0  0  0  0  0  0  0  0  0  0  0  0  0  1  0  1139  0  0  0  0  0  0  0  0  0  
0  9  0  1  0  0  0  0  1  0  0  0  1  0  0  0  3  0  155  0  34  0  9  1  0  5  0  0  0  0  0  0  0  9893  17  20  124146  0  0  0  43  0  34414  0  1  0  0  274  2  15756  0  0  0  0  0  2  2  0  4604  13260  241  0  0  0  2  0  0  0  0  0  0  104877  158650  2  0  0  0  0  0  0  0  0  0  0  0  0  0  0  0  0  0  0  0  0  0  0  0  0  0  0  0  0  0  0  0  0  0  0  0  0  0  0  0  0  0  0  0  0  0  0  0  0  0  0  0  0  0  0  0  0  0  0  0  0  0  0  0  0  0  0  0  0  0  0  0  0  0  0  66  0  351  0  7  0  0  0  0  0  0  0  
144  0  0  0  364  173  3  0  0  0  0  20  37333  38429  936  140  0  42  0  0  0  0  0  1180  0  0  0  0  0  0  0  4  0  0  1  0  0  0  0  1830  0  0  0  0  0  0  9493  0  19817  0  0  8460  334  16  0  0  0  0  0  0  0  1722  524  453  0  51  0  9  0  0  0  0  0  0  0  0  0  0  0  0  0  0  0  0  0  0  0  0  0  0  0  0  0  0  0  0  0  0  0  0  0  0  0  0  0  0  0  0  0  0  0  0  0  0  0  0  0  0  0  0  0  0  0  0  0  0  0  0  0  0  0  0  0  0  0  0  0  0  0  0  0  0  0  0  0  0  0  0  0  2  0  0  1510  0  0  0  0  0  0  0  
9  0  0  0  13  19  0  0  0  0  0  34423  57  60854  22  5  0  1  0  0  0  0  0  12  0  1  0  0  2  0  0  0  0  0  0  0  0  0  3418  0  21  0  0  0  4  0  55  2  25435  0  0  7260  24  16  0  0  0  0  0  0  0  37  2  9  0  16  3  2185  0  0  0  0  0  0  0  0  0  0  0  0  0  0  0  0  0  0  0  0  0  0  0  0  0  0  0  0  0  0  0  0  0  0  0  0  0  0  0  0  0  0  0  0  0  0  0  0  0  0  0  0  0  0  0  0  0  0  0  0  0  0  0  0  0  0  0  0  0  0  0  5  0  0  0  0  0  0  0  0  0  27  0  0  344  0  0  0  0  0  0  0  
0  4  0  10280  0  1  1  3  300  128  0  333  0  8  1  0  9925  1  3  1  13  4  68  0  1  87323  25  4526  10  7  0  0  9436  4775  18  35512  0  3  0  44  0  0  21  130  2034  1  0  61561  24492  21  1  59  1  91  1166  692  96  34  86  5  206  3  0  1  502  124  13637  7188  28  0  18  0  15996  17049  0  0  0  0  0  0  0  0  0  0  0  0  0  0  0  0  0  0  0  0  0  0  0  0  0  0  0  0  0  0  0  0  0  0  0  0  0  0  0  0  0  0  0  0  0  0  0  0  0  0  0  0  0  0  0  0  0  0  0  0  0  0  0  0  0  0  0  0  0  0  0  0  0  0  300  42  2045  2073  43116  190  0  0  0  0  0  0  
0  29471  0  0  0  0  0  0  0  0  6933  0  0  0  0  0  0  0  16643  420  30  25593  0  0  0  1  0  0  0  0  0  0  0  0  0  0  0  0  0  0  0  0  0  37071  0  0  0  0  0  0  6769  0  0  0  0  0  29333  359  0  0  695  0  0  0  1  0  0  0  0  0  0  0  0  0  0  0  0  0  0  0  0  0  0  0  0  0  0  0  0  0  0  0  0  0  0  1  0  0  0  0  0  0  0  0  0  0  0  0  0  0  0  0  0  0  0  0  0  0  0  0  0  0  0  0  0  0  0  0  0  0  0  0  0  0  0  0  0  0  0  0  0  0  0  0  0  0  0  0  0  0  0  0  0  0  0  0  0  0  0  0  
0  0  0  0  0  0  0  0  0  0  0  0  73  0  0  0  1047  2  1  0  20  0  32119  1905  0  1  0  0  0  0  0  2  0  25354  40203  21  21698  28558  0  0  21  0  0  0  0  0  110  9385  1  28735  0  0  0  0  0  1  0  0  58  65  42  0  1  0  0  0  0  0  0  0  0  1438  11575  0  0  0  0  0  0  0  0  0  0  0  0  0  0  0  0  0  0  0  0  0  0  0  0  0  0  0  0  0  0  0  0  0  0  0  0  0  0  0  0  0  0  0  0  0  0  0  0  0  0  0  0  0  0  0  0  0  0  0  0  0  0  0  0  0  0  0  0  0  0  0  0  0  0  0  40127  0  6929  2  7  0  0  0  0  0  0  0  
0  1324  0  1  0  0  0  5  2115  26977  90185  0  0  0  0  0  1  0  125  11375  188  167881  4556  0  27  69  16  2  11  13214  0  0  0  0  0  0  0  0  0  0  165  42421  0  0  169  0  0  57  16  0  3298  1  0  5  2  204  13169  29272  244  14  6681  0  0  0  63671  3689  477  70  22  0  12  1  240  3  0  0  0  0  0  0  0  0  0  0  2530  0  0  0  0  0  0  0  0  0  0  875  0  0  0  0  0  0  0  16  0  0  0  0  0  0  0  0  0  0  0  815  0  512  0  0  0  0  0  0  0  0  0  0  0  0  0  0  0  0  0  0  0  0  11  0  0  0  0  0  0  0  0  0  0  254  1463  21  158  10  0  0  0  0  0  0  
1  9  35451  45123  2  35  142  36114  851  29  0  474  0  14  203  674  7  1  2  0  11  2  13  0  3  3951  162  170755  163125  29  0  0  0  0  0  3  0  0  1  58  1106  0  2  107  0  16673  2  695  5968  0  2  341  3  3243  5  555  147  20  27  4  64  1  0  0  321  6254  82242  59250  47878  0  484  0  262  3  0  0  0  0  0  0  0  0  0  0  0  0  0  0  0  0  0  0  0  0  0  0  0  0  0  0  0  0  0  0  0  0  0  0  0  0  0  0  0  0  0  0  0  0  0  0  0  0  0  0  0  1  0  0  0  0  0  0  0  0  0  0  0  0  0  3  0  2  0  0  0  0  0  0  8  12140  137  101  2579  110  0  0  0  0  1  0  
0  0  43338  0  0  84  464  20082  15232  1  0  0  0  0  4  153  0  0  0  0  0  0  0  0  0  1  4195  1369  212  43120  0  0  0  0  0  0  0  0  0  0  0  0  0  3  25242  0  1  0  1  0  0  17  0  1645  0  106  0  0  0  0  0  0  0  0  3  624  22894  25  640  0  19704  0  1  0  0  0  314  0  0  0  0  26  116  0  0  0  0  0  0  19  0  0  0  0  0  0  0  0  0  0  0  0  0  91  0  0  0  0  0  0  0  0  0  0  0  0  0  0  0  144  0  0  0  0  0  0  0  0  0  0  0  0  0  0  0  0  0  0  0  1  0  0  0  0  393  0  0  0  0  934  0  0  12  0  0  0  0  0  0  0  
8139  0  0  0  2968  590  4  0  0  0  0  5  18623  9878  2854  246  31  29318  0  0  0  0  6  60398  0  0  0  0  0  0  23  538  0  7  88  0  0  0  10863  55  0  0  164  0  0  0  0  3985  11816  0  0  3176  2967  25  0  0  0  0  0  0  0  9019  10771  7523  0  199  0  20  0  3  0  0  0  0  0  0  0  0  0  0  0  0  0  0  0  0  0  0  0  0  0  0  0  0  0  0  0  0  0  0  0  0  0  0  0  0  0  0  0  0  0  0  0  0  0  0  0  0  0  0  0  0  0  0  0  1  0  1  0  0  0  0  0  0  0  0  0  0  0  18  0  1  0  0  0  0  0  0  7  5  0  0  52979  4  0  1  0  0  0  0  
0  6  0  22  0  0  0  0  32  15  0  226  1  1  1  0  44705  5638  5  0  9  0  1840  2881  0  192  4  11  0  0  8  375  34312  30029  47871  58  0  33  0  2  34409  0  8478  10  123  0  5315  0  167  1451  0  4  0  11  5  32  40  3  296  13  27  1  3029  0  21  25  2122  186  2  0  5  19  108401  24110  0  0  0  0  0  0  0  0  0  0  0  0  0  0  0  0  0  0  0  0  0  0  0  0  0  0  0  0  0  0  0  0  0  0  0  0  0  0  0  0  0  0  0  0  0  0  0  0  0  0  0  0  0  0  0  0  0  0  0  0  0  0  0  0  0  0  0  0  0  0  0  0  0  0  6223  5  21260  2863  88288  16  0  0  0  0  0  0  
573  0  0  55345  1421  1073  106  42  598  29  0  43873  90  20208  2262  520  19557  48584  0  0  2  1  2  477  0  2254  49  952  82  2  1  29  175  9  11  1  0  0  17295  22963  40482  0  4  61  10145  5  8072  2160  0  2  1  35674  2944  806  2  699  22  10  12  0  21  1018  391  235  278  1355  10634  37849  84  3  39  0  362  29  1  0  0  0  0  0  0  0  0  0  0  0  0  0  0  0  0  0  0  0  0  0  0  0  0  0  0  0  1  0  0  0  0  0  0  0  0  0  0  0  0  0  0  0  2  0  1  0  0  0  0  13  0  1  0  2  0  0  0  0  0  0  0  0  0  81  0  9  0  0  0  0  0  0  36  1227  341  143  134778  263  0  6  0  0  6  0  
0  0  0  2  0  0  0  0  5  1  0  0  0  0  0  0  7  0  4  0  19612  0  18613  0  0  4  0  0  0  0  0  0  0  2540  285  246  46597  13878  0  0  128  0  42192  0  8  0  0  3041  9  0  0  0  0  0  0  4  3  0  459  17272  20834  0  1  0  6  0  0  4  0  0  0  8701  28980  1  0  0  0  0  0  0  0  0  0  0  0  0  0  0  0  0  0  0  0  0  0  0  0  0  0  0  0  0  0  0  0  0  0  0  0  0  0  0  0  0  0  0  0  0  0  0  0  0  0  0  0  0  0  0  0  0  0  0  0  0  0  0  0  0  0  0  0  0  0  0  0  0  0  0  8332  0  75249  1  13  0  0  0  0  0  0  0  
0  36241  0  0  0  0  0  0  0  0  12  0  0  0  0  0  0  0  4  10  18691  56494  0  0  0  1  0  0  0  0  0  0  0  0  0  0  0  0  0  0  1  4022  0  640  0  0  0  1  0  0  0  0  0  0  0  0  2737  140  0  0  41271  0  0  0  1  0  3  1  0  0  0  0  0  0  0  0  0  0  0  0  0  0  0  0  0  0  0  0  0  0  0  0  0  0  0  6  0  0  0  0  0  0  0  0  0  0  0  0  0  0  0  0  0  0  0  1  0  0  0  0  0  0  0  0  0  0  0  0  0  0  0  0  0  0  0  0  0  0  0  0  0  0  0  0  0  0  0  0  0  0  0  0  0  0  0  0  0  0  0  0  
1257  0  0  0  2660  4124  630  1  4  0  0  21330  174  66229  214885  466  0  5  0  0  0  0  0  118  0  4  0  2  2102  0  1  23  0  0  0  0  0  0  8222  15328  9  0  0  0  55  0  5387  4  31642  0  0  0  76538  77033  0  3  0  0  0  0  0  33114  89  171  0  5161  85  46301  10  9  0  0  0  0  0  0  0  0  1  0  0  0  0  0  0  0  0  0  0  0  0  0  0  0  0  0  0  0  0  0  0  0  4  0  0  0  0  0  0  0  0  0  0  0  0  0  0  0  2  0  0  0  2  0  0  18  2  5  0  7  0  0  0  0  0  0  0  0  0  272  0  28  0  0  0  0  1  0  0  2370  0  22  22717  43  0  8  0  0  7  0  
11260  0  0  0  24480  10493  461  0  0  0  0  8  0  172  180305  5660  0  1  0  0  0  0  0  14  0  0  0  0  0  0  0  24  0  0  0  0  0  0  138  110  0  0  0  0  0  1  1458  0  1091  0  0  101855  0  30923  0  0  0  0  0  0  0  764  8  18  0  3000  2  78  0  4  0  0  0  0  0  0  0  0  0  2  0  0  0  0  0  0  0  0  0  0  0  0  0  0  0  0  0  0  0  0  0  0  0  0  0  0  0  0  0  0  0  0  0  0  0  0  0  0  0  0  0  0  0  0  0  5  0  0  0  1  0  0  0  0  0  0  0  0  1  120  0  3  0  0  0  0  0  0  0  370  0  0  7716  2  0  0  0  0  2  0  
40  0  0  0  43  28265  13042  1102  2588  1  0  3  0  202  100012  191440  0  0  0  0  0  0  0  2  0  0  5  3  176  2  0  6  0  0  0  0  0  0  8  43  18  0  0  1  4659  1113  89  2  244  0  0  69698  32494  0  0  18  4  0  1  0  0  43  1  0  3  9213  1224  32202  34233  2  86  0  5  0  0  0  0  0  0  1  0  0  0  0  0  0  0  0  0  2  0  0  0  0  0  0  0  0  0  0  0  0  5  0  0  0  0  0  0  0  0  0  0  0  1  0  0  0  11  0  1  0  3  0  0  22  3  5  0  27  0  1  0  0  0  0  0  0  2  42  2  29  2  0  0  0  2  0  0  44985  1  13  926  19  0  22  0  0  18  2  
0  0  0  0  0  0  0  0  28  5  0  0  0  0  0  0  0  0  0  0  3  0  1  0  20633  48334  0  0  0  1  0  0  0  63  0  15204  0  0  0  0  1054  0  0  3  2  0  0  37  0  0  0  0  0  0  0  17870  13  6  2  0  5  0  0  0  81  8  76  6  0  0  0  0  21627  1  0  0  0  0  0  0  0  0  0  0  0  0  0  0  0  0  0  0  0  0  0  0  0  0  0  0  0  0  0  0  0  0  0  0  0  0  0  0  0  0  0  0  0  0  0  0  0  0  0  0  0  0  0  0  0  0  0  0  0  0  0  0  0  0  0  0  0  0  0  0  0  0  0  0  0  0  2  0  71  0  0  0  0  0  0  0  
0  4  1  4  0  0  0  89  6051  91  1  0  0  0  0  2  0  0  451  12200  22  1  5  0  93931  21871  156728  7  78  12303  0  0  0  0  0  126  0  0  0  0  684  0  0  340  1011  11  0  27  26  0  1  2  0  37  13714  0  117  40467  13  2  29  0  0  0  59025  5248  36397  33  86  0  18782  0  27688  0  0  0  0  0  0  0  0  0  0  0  0  0  0  0  0  0  0  0  0  0  0  0  0  0  0  0  0  0  0  0  0  0  0  0  0  0  0  0  0  0  0  0  0  0  0  0  0  0  0  0  0  0  0  0  0  0  0  0  0  0  0  0  0  0  0  0  0  0  0  0  0  0  0  0  0  236  2  41  541  79  0  0  0  0  0  0  
0  14656  0  0  0  0  0  0  12  0  44  1  0  0  0  0  2  0  133997  148  2321  1366  7  0  625  166  0  6  0  0  0  0  0  0  0  5  0  2  0  0  201  32399  0  9684  72  0  0  62  9  3  4979  0  0  8  1  160  0  11479  13826  376  4748  0  0  0  387  4  709  101  1  0  1  92  26447  2  0  0  0  0  0  0  0  0  0  0  0  0  0  0  0  0  0  0  0  0  0  0  0  0  0  0  0  0  0  0  0  0  0  0  0  0  0  0  0  0  0  0  0  0  0  0  0  0  0  0  0  0  0  0  0  0  0  0  0  0  0  0  0  0  0  0  0  0  0  0  0  0  0  0  0  1  13  5  65  0  0  0  0  0  0  0  
0  138  0  1  0  0  0  0  41  2  1581  0  0  1  0  0  5  0  75456  64638  71  822  6  0  7476  247  11  5  0  2  0  0  0  0  0  3  0  0  0  0  309  332  0  21237  90  0  0  42  14  1  3005  0  0  5  3  33468  20589  0  107  5  3936  0  0  0  5016  6  665  80  0  0  6  0  8515  0  0  0  0  0  0  0  0  0  0  0  0  0  0  0  0  0  0  0  0  0  0  0  0  0  0  0  0  0  0  0  0  0  0  0  0  0  0  0  0  0  0  0  0  0  0  0  0  0  0  0  0  0  0  0  0  0  0  0  0  0  0  0  0  0  0  0  0  0  0  0  0  0  0  0  2  2  7  7  92  0  0  0  0  0  0  0  
0  44436  0  0  0  0  0  0  4  1  0  0  0  0  0  0  27  0  50366  1  24139  11  389  0  376  47  0  1  0  0  0  0  0  20  1  7  9842  7308  0  1  71  0  19  43  44  0  0  1158  4  122  4  0  0  3  0  63  8032  70  0  30342  6759  0  0  0  20  1  77  20  1  0  2  38402  23584  1  0  0  0  0  0  0  0  0  0  0  0  0  0  0  0  0  0  0  0  0  0  0  0  0  0  0  0  0  0  0  0  0  0  0  0  0  0  0  0  0  0  0  0  0  0  0  0  0  0  0  0  0  0  0  0  0  0  0  0  0  0  0  0  0  0  0  0  0  0  0  0  0  0  0  220  0  1010  11  33  1  0  0  0  0  0  0  
0  274  0  0  0  0  0  0  2  0  0  0  0  0  0  0  0  0  102  1  107962  0  102  0  68  3  1  0  0  0  0  0  0  11  0  12  43622  17685  0  0  33  0  74  3  3  0  0  75  5  43380  0  0  0  0  0  33  121  18  26711  0  16596  0  0  0  15  0  4  2  0  0  0  18190  21349  0  0  0  0  0  0  0  0  0  0  0  0  0  0  0  0  0  0  0  0  0  0  0  0  0  0  0  0  0  0  0  0  0  0  0  0  0  0  0  0  0  0  0  0  0  0  0  0  0  0  0  0  0  0  0  0  0  0  0  0  0  0  0  0  0  0  0  0  0  0  0  0  0  0  0  29  0  982  0  8  0  0  0  0  0  0  0  
0  26509  0  16  0  0  0  0  9  2  50  1  0  0  0  0  13  0  120  39  100843  85003  48540  0  275  137  0  15  0  0  0  2  0  1  0  174  23  510  0  0  992  112  30  2347  401  0  0  189  151  21348  41046  4  0  0  3  51  5881  550  10169  27009  0  0  2  0  43  3  328  191  0  0  0  1278  10827  3  0  0  0  0  0  0  0  0  0  0  0  0  0  0  0  0  0  0  0  0  0  0  0  0  0  0  0  0  0  0  0  0  0  0  0  0  0  0  0  0  0  0  0  0  0  0  0  0  0  0  0  0  0  0  0  0  0  0  0  0  0  0  0  0  0  0  0  0  0  0  0  0  0  0  149  2  15934  45  186  2  0  0  0  1  0  0  
30209  0  0  0  1483  122  1  0  0  0  0  3  17590  19337  30383  44  0  0  0  0  0  0  0  28590  0  0  0  0  0  0  18  258  0  0  0  0  0  0  2060  62  0  0  0  0  1  0  5515  0  387  0  0  34964  1006  12  0  0  0  0  0  0  0  0  1592  26849  0  47  0  24  0  59  0  0  0  0  0  0  0  0  0  0  0  0  0  0  0  0  0  0  0  0  0  0  0  0  0  0  0  0  0  0  0  0  0  0  0  0  0  0  0  0  0  0  0  0  0  0  0  0  0  0  0  0  0  0  0  0  0  0  0  0  0  0  0  0  0  0  0  0  0  4  0  0  0  0  0  0  0  0  0  1  0  0  1607  33  0  0  0  0  0  0  
10110  0  0  0  927  276  0  0  0  0  0  0  0  18  139  71  5504  44051  0  0  0  0  12129  94909  0  0  0  0  0  0  65409  34257  0  0  16  0  0  0  269  42  0  0  3  0  0  0  9271  2375  401  0  0  568  76  1  0  0  0  0  0  0  0  2185  0  22227  0  23  0  28  0  17644  0  0  0  0  0  0  0  0  0  0  0  0  0  0  0  0  0  0  0  0  0  0  0  0  0  0  0  0  0  0  0  0  0  0  0  1  0  0  0  0  0  0  0  0  0  0  0  0  0  0  0  0  0  0  0  0  0  0  0  0  0  0  0  0  0  0  0  0  0  0  0  0  0  0  0  0  0  0  10795  0  306  6664  38459  10360  0  0  0  4  0  0  
32296  0  0  0  805  3605  0  0  0  0  0  4  3051  1534  97  94  0  0  0  0  0  0  0  143164  0  0  0  0  0  0  1305  3534  0  0  0  0  0  0  1040  31  0  0  0  0  0  0  7796  0  167  0  0  283  81  2  0  0  0  0  0  0  0  52991  22620  0  0  6  0  10  0  14646  0  0  0  0  0  0  0  0  0  0  0  0  0  0  0  0  0  0  0  0  0  0  0  0  0  0  0  0  0  0  0  0  0  0  0  0  0  0  0  0  0  0  0  0  0  0  0  0  0  0  0  0  0  0  0  0  0  0  0  0  0  0  0  0  0  0  0  0  0  0  0  0  0  0  0  0  0  0  0  0  0  0  3993  586  0  0  0  0  0  0  
0  77  0  0  0  0  0  1  5010  4645  74519  0  0  0  1  0  3  0  68  26799  85  8423  4  0  25  179  28720  8  1  88169  0  0  0  0  0  7  0  0  0  0  317  0  0  76091  86  2  0  43  12  1  32  2  0  5  13  54862  1957  6294  61  4  251  0  0  0  0  107  644  94  0  0  8457  0  2311  0  0  0  0  0  0  0  0  0  0  1  1327  0  0  0  0  0  0  0  0  0  0  25  0  0  0  0  0  0  0  1321  0  0  0  0  0  0  0  0  0  0  0  0  0  18  0  0  0  0  0  0  0  0  0  0  0  0  0  0  0  0  0  0  0  0  226  0  0  0  0  0  0  0  0  0  1  3  3  30  385  39  0  0  0  0  0  0  
66  0  0  0  749  46413  25248  22776  63546  60670  0  1  0  41  942  667  0  0  0  0  0  26  0  3  1  19  49  3  58  74  0  27437  0  0  0  0  0  0  10  18  37  0  0  6402  660  46  136  1  167  0  0  3307  3778  538  1  361  3  2  0  0  1  59  6  5  56  0  569  190  120  72  167  0  68  0  1  0  0  0  0  789  135  540  1492  1384  3  0  0  0  0  6  0  0  0  0  0  17  1  0  0  0  0  0  0  10  0  196  0  0  0  0  0  0  0  0  1  0  0  4  8  1  3  0  3  0  0  28  1  8  0  23  0  0  0  0  0  0  0  0  8  33858  2  26  2  0  60  0  0  0  0  67421  5  577  3079  842  0  142  3  1  10  1  
1  35  5788  261  1  4  8  127  3595  82  0  11  0  0  15  12  110  0  4  2  59  1  10  0  14  91460  78052  111160  154  179  0  0  0  0  0  23  0  0  0  5  4174  0  1  199  69809  15083  2  210  1378  0  5  115  1  722  48  41680  454  48  79  4  70  1  0  0  674  11056  0  2462  460  0  11491  0  246  5  0  0  0  0  0  0  0  0  0  0  0  0  0  0  0  0  0  0  0  0  0  0  0  0  0  0  0  0  0  0  0  0  0  0  0  0  0  0  0  0  0  0  0  0  0  0  0  0  0  0  0  0  0  0  0  0  0  0  0  0  0  0  0  0  0  0  0  1  0  0  0  0  0  0  4  493  17  221  7760  725  0  0  0  0  0  0  
10  0  0  13893  49  96  49  18  58  12  0  64171  2  405  39560  30  4  1  0  1  4  0  2  5  3  408  7  286  64555  2  0  2  0  3  0  1  0  0  36  2253  1922  0  0  42  109773  3  33  990  36737  0  0  44875  106  40159  0  45  23  5  5  0  14  74  7  12  77  605  3116  0  8814  0  8  0  72  27  0  0  0  0  0  0  0  0  0  0  0  0  0  0  0  0  0  0  0  0  0  0  0  0  0  0  0  0  0  0  0  0  0  0  0  0  0  0  0  0  0  0  0  0  1  0  0  0  0  0  0  2  1  0  0  0  0  0  0  0  0  0  0  0  1  4  0  2  0  0  0  0  0  0  2  1718  131  110  7089  56  0  1  0  0  2  0  
2  0  47  0  0  29  443  6936  1017  4  0  0  0  0  21667  19035  0  0  0  0  0  0  0  0  0  2  14  17  87339  5  0  0  0  0  0  0  0  0  1  0  79  0  0  20  64501  737  2  1  13  0  0  188  0  35787  0  88  1  0  0  0  0  0  0  0  9  2113  4251  7536  0  0  64  0  0  0  0  0  0  0  1  0  0  0  0  0  0  0  0  0  0  0  0  0  0  0  0  0  0  0  0  0  0  0  0  0  0  0  0  0  0  0  0  0  0  0  0  0  0  0  0  0  0  0  0  0  0  2  0  0  0  0  0  0  0  0  0  0  0  0  0  2  0  3  0  0  0  0  1  0  0  36785  0  8  423  22  0  0  0  0  1  0  
14578  0  0  0  12914  68127  0  0  0  0  0  0  0  0  10  12361  0  0  0  0  0  0  0  22360  0  0  0  0  0  0  72072  22883  0  0  0  0  0  0  0  0  0  0  0  0  0  0  5  0  0  0  0  1  12  7  0  0  0  0  0  0  0  27  14076  22967  0  49  0  0  0  0  0  0  0  0  0  0  0  0  0  140  0  0  0  0  0  0  0  0  0  51  0  0  0  0  0  0  0  0  0  0  0  0  0  0  41  95  0  0  0  0  0  0  0  0  0  0  0  0  0  0  0  0  0  0  0  0  0  0  0  0  0  0  0  0  0  0  0  0  0  5  0  0  0  5  0  0  0  0  0  0  1  1  1537  893  0  0  0  0  0  0  
0  0  35  0  0  0  4  109  55861  9  0  0  0  0  0  7  0  0  0  2  1  0  1  0  1  16  21990  5  25  93126  0  0  0  0  0  2  0  0  0  0  43  0  0  11  453  23333  0  10  5  0  0  5  0  142  4  24429  2  8  0  0  0  0  0  0  7196  980  10296  9  260  0  0  0  247  0  0  0  6  0  0  0  0  1  1620  7  13  0  0  0  0  0  0  0  0  0  0  1  0  0  0  0  0  0  0  14409  0  0  0  0  0  0  0  0  0  0  0  0  0  0  0  241  0  0  0  0  0  0  0  0  0  0  0  0  0  0  0  0  0  0  62  37  0  0  0  0  4943  0  0  0  0  74  0  31  195  37  0  0  0  0  0  0  
0  149  0  0  0  0  0  0  0  0  0  0  0  0  0  0  1  0  251  0  158  0  119  0  2  2  0  0  0  0  0  0  0  55  0  4  91914  119507  0  0  11  0  3646  1  0  0  0  134  0  9846  0  0  0  0  0  0  26  0  29919  25530  2331  0  0  0  0  0  1  2  0  0  0  0  29643  0  0  0  0  0  0  0  0  0  0  0  0  0  0  0  0  0  0  0  0  0  0  0  0  0  0  0  0  0  0  0  0  0  0  0  0  0  0  0  0  0  0  0  0  0  0  0  0  0  0  0  0  0  0  0  0  0  0  0  0  0  0  0  0  0  0  0  0  0  0  0  0  0  0  0  34  0  438  0  4  0  0  0  0  0  0  0  
0  390  0  441  0  0  0  1  428  60  0  125  0  0  2  0  573  2  70883  23  2221  31  1376  0  88090  23623  29  168  3  13  0  0  5530  169207  13583  39022  2374  197474  0  13  27848  0  12892  193  1350  0  0  146665  1576  49671  20  23  0  33  19995  27318  31186  3337  44651  22060  9857  2  0  0  1839  104  1266  779  6  0  57  31892  0  8066  0  0  0  0  0  0  0  0  0  0  0  0  0  0  0  0  0  0  0  0  0  0  0  0  0  0  0  0  0  0  0  0  0  0  0  0  0  0  0  0  0  0  0  0  0  0  0  0  0  0  0  0  0  0  0  0  0  0  0  0  0  0  0  0  0  0  0  0  0  0  0  0  0  0  12617  15  33417  811  5793  13  0  0  0  0  0  0  
0  0  0  1  0  0  0  0  0  0  0  0  0  0  0  0  53  0  0  0  0  0  4  0  0  46  0  1  0  0  0  0  58652  40740  45  15254  0  1  0  0  16079  0  2  1  10  0  0  30004  5  0  0  0  0  0  0  0  2  0  4  1  8  0  0  0  0  0  6  3  0  0  0  0  9233  0  0  0  0  0  0  0  0  0  0  0  0  0  0  0  0  0  0  0  0  0  0  0  0  0  0  0  0  0  0  0  0  0  0  0  0  0  0  0  0  0  0  0  0  0  0  0  0  0  0  0  0  0  0  0  0  0  0  0  0  0  0  0  0  0  0  0  0  0  0  0  0  0  0  0  17  0  126  50  773  0  0  0  0  0  0  0  
0  0  0  0  0  1  1  0  0  0  0  0  0  0  0  0  0  0  0  0  0  0  0  0  0  0  0  0  0  0  13  0  0  0  0  0  0  0  0  0  0  0  0  0  0  0  0  0  0  0  0  0  0  0  0  0  0  0  0  0  0  0  0  0  0  2  0  0  0  1  0  0  0  0  0  0  0  0  54479  11146  2  0  0  0  0  44  0  119  19574  11703  0  0  0  0  0  0  0  88782  0  0  0  0  0  0  12749  18  0  0  0  0  0  0  10015  44  9  0  0  0  2  0  2884  0  717  0  0  6049  35674  31  0  0  0  1  0  0  0  10939  1550  10079  3  264  0  42  1  16326  0  0  1  0  0  0  0  0  0  0  0  9097  0  0  5229  0  
0  0  0  0  0  0  0  0  0  0  0  0  0  0  0  0  0  0  0  0  0  0  0  0  0  0  0  0  0  0  0  0  0  0  0  0  0  0  0  0  0  0  0  0  0  0  0  0  0  0  0  0  0  0  0  0  0  0  0  0  0  0  0  0  0  0  0  0  0  0  0  0  0  0  0  0  0  17  0  0  0  0  0  0  0  0  0  0  0  0  6  0  40463  0  43764  26  17  0  0  2  0  0  0  0  0  0  0  0  0  0  6290  330  0  0  73  27345  0  77  2  0  0  28  0  4  30835  0  0  0  0  0  14751  9  30561  31394  7848  0  0  0  13  0  0  0  0  0  0  1803  56  0  0  0  0  0  0  0  1  0  32  0  6  0  
0  0  612  0  0  0  0  4  0  0  0  0  0  0  0  11  0  0  0  0  0  0  0  0  0  0  0  0  0  141  0  0  0  0  0  0  0  0  0  0  0  0  0  0  0  136  0  0  0  0  0  0  0  0  0  0  0  0  0  0  0  0  0  0  0  0  0  0  0  0  5  0  0  0  0  0  0  0  0  0  0  186  15  0  0  0  0  0  0  47457  0  0  0  0  0  0  0  0  0  0  8118  14169  24968  7210  0  0  0  0  0  0  0  0  0  0  0  0  0  0  39496  35928  0  0  0  0  0  0  0  0  0  5  0  0  0  0  0  0  0  0  0  2  11994  0  2  0  3  0  0  0  0  3  0  0  0  0  0  0  0  0  0  0  
0  0  0  0  0  0  0  0  0  0  0  0  0  0  0  0  0  0  0  0  0  0  0  0  0  0  0  0  0  0  0  0  0  0  0  0  0  0  0  0  0  0  0  0  0  0  0  0  0  0  0  0  0  0  0  0  0  0  0  0  0  0  0  0  0  0  0  0  0  0  0  0  0  0  0  2  0  0  0  3  2  0  2  2  0  42231  0  9  2  1  38  4  1  0  1  0  2  0  4  47059  0  21783  24241  0  0  0  448  4  1  16  0  0  12  48  23011  0  0  1  23201  0  3  156  36120  0  0  55  2  0  11  24  9  16  6  0  8  0  0  0  49  32  482  10762  333  0  0  2  1323  0  0  0  0  0  0  0  1  6  6  0  377  1  
0  0  0  0  0  0  0  0  0  0  0  0  0  0  0  0  0  0  0  0  0  0  0  0  0  0  0  0  0  0  1  0  0  0  0  0  0  0  0  0  0  0  0  0  0  0  0  0  0  0  0  0  0  0  0  0  0  0  0  0  0  0  0  0  0  1  0  0  0  0  0  0  0  0  36658  0  0  0  0  26360  33  0  0  0  0  49  0  4  6982  60551  1  2  0  0  0  0  0  15  0  0  0  0  0  0  5  7  0  0  0  0  0  0  46  12  9  0  0  0  2  0  854  1  746  0  0  568  38778  392  0  0  0  0  1  0  1  9  325  434  1  506  0  37  0  4563  0  0  4  0  0  0  0  0  0  0  0  2618  0  0  1344  0  
2  0  0  0  7  1111  44  0  0  0  0  0  0  0  25  196  0  0  0  0  0  0  0  0  0  0  0  0  0  0  42  73  0  0  0  0  0  0  0  0  0  0  0  0  0  0  1  0  4  0  0  15  23  3  0  0  0  0  0  0  0  0  0  0  0  6481  0  1  0  91  0  0  0  0  12753  0  0  0  61780  0  34268  8  2  1  0  78  0  41  1352  155253  1  5  1  0  0  0  0  438  0  0  0  0  3  0  2972  18569  0  0  0  0  0  0  209  37  10  0  0  0  13  2  2402  2  1882  0  0  5538  2621  36228  0  39  0  1  0  0  0  14  5252  2916  14  63067  2  989  51  19046  0  0  7  0  0  3  0  0  629  1  0  17242  0  0  11752  0  
1  0  0  0  1  647  787  52  2  0  0  0  0  0  0  217  0  0  0  0  0  0  0  0  0  0  0  0  0  0  0  3  0  0  0  0  0  0  0  0  0  0  0  0  0  0  1  0  4  0  0  16  1  4  0  0  0  0  0  0  0  0  0  0  0  122  0  0  0  0  0  0  0  0  39  0  0  2  217  41637  0  42250  13  1  0  16  0  0  24  98439  0  3  0  0  0  0  0  0  1  0  0  0  123  0  0  0  0  0  0  0  0  0  0  1  4  0  0  0  112  438  40  0  80  0  0  1957  61  21175  0  153  0  2  0  0  0  0  0  0  6  37940  10  962  1016  0  12  0  5  0  0  1389  0  0  11  0  0  589  0  0  241  8  
0  0  105  0  0  0  46  5062  428  0  0  0  0  0  0  563  0  0  0  0  0  0  0  0  0  0  0  0  0  0  0  0  0  0  0  0  0  0  0  0  0  0  0  0  0  7  0  0  0  0  0  0  0  0  0  0  0  0  0  0  0  0  0  0  0  647  0  0  0  0  9  0  0  0  1  0  213  0  0  39  50924  0  10950  0  0  1  0  0  0  114806  0  0  0  1  0  0  0  0  2  2  6  4  16238  8  0  0  0  0  0  0  0  0  0  0  9  0  0  0  7351  36380  2  1  13  0  0  201  0  2238  7  596  0  9  0  0  0  0  0  0  55  31840  86  103  824  0  879  0  9  0  0  5349  0  0  0  0  0  58  0  0  51  8  
0  0  30  0  0  0  0  1416  9619  20  0  0  0  0  0  0  0  0  0  0  0  0  0  0  0  0  0  0  0  68  0  0  0  0  0  0  0  0  0  0  0  0  0  0  0  49  0  0  0  0  0  0  0  0  0  0  0  0  0  0  0  0  0  0  0  1156  0  0  0  0  1917  0  0  0  0  0  23  0  0  2  8  16135  0  6052  1  0  0  0  0  14  0  0  11  28  0  5  0  0  0  0  108  0  159  11586  0  0  0  0  0  0  0  0  0  0  3  0  0  63  167  26856  0  0  3  0  1  17  1  15  1  660  4  168  0  0  0  0  0  0  5239  39894  59  12  26  0  35333  0  162  0  0  45  0  0  0  0  0  14  0  0  16  1  
0  0  0  0  0  0  0  4  217  1098  0  0  0  0  0  0  0  0  0  0  0  5  4  0  0  0  0  0  0  44  0  0  0  0  0  0  0  0  0  0  0  0  0  1  0  0  0  0  0  0  0  0  0  0  0  0  0  0  0  0  0  0  0  0  6  2451  0  0  0  0  14  0  0  0  0  0  0  0  0  0  0  2  7667  0  348  0  0  0  0  0  2  0  16  0  0  1356  9223  0  3  0  1  0  3  8740  0  0  0  0  0  0  0  0  0  0  7  0  0  24535  10  1  0  1  1  0  0  0  0  0  1  127  11  75  0  0  0  0  0  0  16976  44903  9  0  0  0  10  0  139  0  0  0  2  25  2  1  0  5  688  21  35  1  
0  0  0  0  0  0  0  0  13  3  7440  0  0  0  0  0  0  0  0  3  0  446  0  0  0  0  0  0  0  5690  0  0  0  0  0  0  0  0  0  0  0  0  0  2871  0  0  0  0  0  0  0  0  0  0  0  0  0  0  0  0  0  0  0  0  1282  4  0  0  0  0  41  0  0  0  0  0  0  0  0  0  0  0  18  164  0  0  0  0  0  0  0  0  2  46296  0  8558  0  0  0  0  4  0  0  1572  0  0  0  0  0  0  0  0  0  0  0  42207  0  85284  0  0  0  0  0  0  1  0  0  0  0  0  34  11527  1  0  2  0  0  0  93476  1  0  0  0  0  0  0  2  0  0  0  0  0  0  0  0  0  0  0  0  0  
0  0  0  0  0  0  1  0  0  0  0  0  0  0  0  0  0  0  0  0  0  0  0  0  0  0  0  0  0  0  0  0  0  0  0  0  0  0  0  0  0  0  0  0  0  0  0  0  0  0  0  0  0  0  0  0  0  0  0  0  0  0  0  0  0  0  0  0  0  0  0  0  0  0  15  0  0  39338  12  10  0  0  0  0  0  0  23  20008  96  4  80  262  0  0  0  0  0  0  0  99  0  0  3868  0  0  0  619  208  78  0  0  0  144  26119  20  0  0  0  990  0  98  196  53765  0  0  26468  35  13  0  1  1  0  0  0  0  0  0  2  3  12  0  33733  12  0  0  0  3  1  0  0  0  0  0  0  0  5  0  0  122  0  
0  0  0  0  0  0  0  0  0  0  0  0  0  0  0  0  0  0  0  0  0  0  0  0  0  0  0  0  0  0  0  0  0  0  0  0  0  0  0  0  0  0  0  0  0  0  0  0  0  0  0  0  0  0  0  0  0  0  0  0  0  0  0  0  0  0  0  0  0  0  0  0  0  0  24  0  0  0  0  2  0  0  0  0  0  176  0  12216  15  0  0  4  0  0  0  0  0  18293  0  0  0  0  0  0  0  0  0  10  1  0  0  0  26718  230  0  0  0  0  0  0  20128  0  20  0  0  2  1  0  0  0  0  0  0  0  0  17567  1  282  0  1  0  0  0  0  0  0  0  0  0  0  0  0  0  0  0  1  0  0  0  0  
0  0  0  0  0  0  0  0  0  0  0  0  0  0  0  0  0  0  0  0  0  0  0  0  0  0  0  0  0  0  0  0  0  0  0  0  0  0  0  0  0  0  0  0  0  0  0  0  0  0  0  0  0  0  0  0  0  0  0  0  0  0  0  0  0  0  0  0  0  0  0  0  0  0  54  0  0  1  5  19  0  0  0  0  0  19603  15171  0  1133  0  1  5  0  0  0  0  0  1928  0  0  0  0  4  0  0  0  0  2  0  0  0  0  39652  34963  0  0  0  0  0  0  553  0  13872  0  0  48358  20  0  0  0  0  0  0  0  0  22973  0  9  0  13  0  2  0  0  0  0  0  0  0  0  0  0  0  0  0  10  0  0  7  0  
0  0  0  0  0  0  3  0  0  0  0  0  0  0  0  0  0  0  0  0  0  0  0  0  0  0  0  0  0  0  0  0  0  0  0  0  0  0  0  0  0  0  0  0  0  0  0  0  0  0  0  1  0  1  0  0  0  0  0  0  0  0  0  0  0  3  0  0  0  0  0  0  0  0  17499  0  0  0  7868  679  13  0  0  0  0  58  65  2577  0  23245  0  0  0  0  0  0  0  21173  0  0  0  0  6712  0  0  1  0  0  0  0  0  0  763  0  1  0  0  0  154  1  12  0  50  0  0  162686  208709  69662  0  6  0  0  0  0  0  22022  0  22  1  369  2  36252  13365  0  0  0  0  0  0  3  0  0  0  0  0  149  0  0  173  0  
0  0  388  0  0  318  29  39  0  0  0  0  0  0  0  733  0  0  0  0  0  0  0  7  0  0  0  0  0  0  203  2  0  0  0  0  0  0  0  0  0  0  0  0  0  15  0  0  0  0  0  0  0  0  0  0  0  0  0  0  0  0  0  0  0  10  0  0  0  196  0  0  0  0  12365  0  43139  1  79084  135459  69605  84078  40  0  0  10  0  1  20956  0  0  0  0  0  0  0  0  4  0  0  0  0  32813  1  25059  5147  0  0  0  0  0  0  11  2  2  0  0  0  1587  6036  76  0  130  0  0  362  14141  144091  0  19  0  0  0  0  0  2  371  193  0  1168  6  51  17338  55599  11  0  0  0  0  117  0  0  0  0  0  549  0  0  794  0  
0  0  0  0  0  0  0  0  0  0  0  0  0  0  0  0  0  0  0  0  0  0  0  0  0  0  0  0  0  0  0  0  0  0  0  0  0  0  0  0  0  0  0  0  0  0  0  0  0  0  0  0  0  0  0  0  0  0  0  0  0  0  0  0  0  0  0  0  0  0  0  0  0  0  0  0  0  58  0  0  0  0  1  3  0  240  0  0  0  0  0  53222  0  0  1  0  21661  106  0  38  0  0  0  0  0  0  540  1  11338  0  0  0  0  0  9407  0  208  0  1  0  331  51213  13527  1  0  1  0  0  1  3  0  3  14  1  5  0  0  0  4  5  0  1  0  0  0  6  289  0  0  0  0  0  0  0  5219  0  118  498  33528  1  
0  0  0  0  0  0  0  0  0  0  0  0  0  0  0  0  0  0  0  0  0  0  0  0  0  0  0  0  0  0  0  0  0  0  0  0  0  0  0  0  0  0  0  0  0  0  0  0  0  0  0  0  0  0  0  0  0  0  0  0  0  0  0  0  0  0  0  0  0  0  0  0  0  0  0  0  0  3  0  0  0  0  4  5  0  561  7  21  0  0  42027  0  0  0  0  0  28109  10866  0  0  0  0  0  0  2  44  10  2  3489  0  0  0  65  11  43  0  1  0  1  0  31859  237  54635  0  0  18  0  1  2  11  1  2  0  0  0  0  157  17  16  8  5  25  0  0  0  0  15  0  0  0  0  0  0  2  3020  93  13  1929  63102  1489  
0  0  0  0  0  0  0  0  0  0  0  0  0  0  0  0  0  0  0  0  0  0  0  0  0  0  0  0  0  0  0  0  0  0  0  0  0  0  0  0  0  0  0  0  0  0  0  0  0  0  0  0  0  0  0  0  0  0  0  0  0  0  0  0  0  0  0  0  0  0  0  0  0  0  0  42989  0  1  0  0  0  0  4  7  0  0  0  0  0  0  0  0  0  6524  82  4  0  0  54130  0  0  0  0  0  0  0  0  0  0  0  0  0  0  0  4  24905  0  56  6  0  0  0  1  0  530  0  0  0  0  6230  125492  84288  44081  13  270  0  0  0  102  47  0  2  1  0  0  3  34313  0  0  0  0  0  0  0  0  1  0  0  5  0  
0  0  0  0  0  0  0  0  0  0  8  0  0  0  0  0  0  0  0  0  0  0  0  0  0  0  0  0  0  128  0  0  0  0  0  0  0  0  0  0  0  0  0  0  0  0  0  0  0  0  0  0  0  0  0  0  0  0  0  0  0  0  0  0  0  0  0  0  0  0  1  0  0  0  0  0  0  0  0  0  0  0  22  1  49805  0  0  0  0  0  0  0  5710  0  0  119  1  0  100  0  28141  1  1  469  0  0  0  0  0  0  0  0  0  0  3  28623  0  5104  3  20  0  0  0  0  11  0  0  0  0  13791  8373  65041  0  0  109  0  0  0  32585  31  2  1  0  0  509  0  26  0  0  0  0  0  0  0  0  0  0  0  4  0  
0  0  0  0  0  0  0  0  0  0  0  0  0  0  0  0  0  0  0  0  0  0  0  0  0  0  0  0  0  0  0  0  0  0  0  0  0  0  0  0  0  0  0  0  0  0  0  0  0  0  0  0  0  0  0  0  0  0  0  0  0  0  0  0  0  0  0  0  0  0  0  0  0  0  0  37994  0  2  0  0  0  0  0  0  0  0  0  0  0  0  2  0  370  0  0  13721  5691  0  0  0  0  0  0  0  12  52  0  25  2  0  3950  52  0  0  5  727  180  31  0  0  0  14  0  29274  31684  0  0  0  0  0  1199  18  1227  86721  121644  0  19  0  7  0  0  0  0  0  0  99  100  0  0  0  0  2  0  0  7  0  617  753  10  0  
0  0  0  0  0  0  0  0  0  1  663  0  0  0  0  0  0  1  0  0  0  9278  0  0  0  0  0  0  0  47  0  1  0  0  0  0  0  0  0  0  0  0  0  1190  0  0  0  0  0  0  19  0  0  0  0  0  0  0  0  0  3  0  1  0  22  8  0  0  0  0  0  0  0  0  0  7  0  0  0  0  0  0  2  4176  7169  0  0  0  0  0  5  0  7  28  6110  0  9548  0  0  0  0  0  0  6  0  1  0  0  0  0  0  0  0  0  2  66396  0  114500  0  0  0  0  0  0  7223  0  0  0  0  0  540  159  2  0  156706  0  0  0  717  42  0  0  0  0  0  1  5  0  0  0  0  0  0  0  1  0  212  316  3  0  
0  0  0  0  0  0  0  0  0  0  0  0  0  0  0  0  0  0  0  0  0  0  3  0  0  0  0  0  0  0  0  3  0  0  0  0  0  0  0  0  0  0  0  0  0  0  0  0  0  0  0  0  0  0  0  0  0  0  0  0  0  0  0  0  0  2  0  0  0  0  0  0  0  0  0  17  0  4  0  0  0  0  4  10173  0  0  0  0  0  0  32047  42478  0  0  2040  7642  0  10213  0  3  0  0  0  0  2242  9226  0  14  18138  0  174  37  0  0  127  0  33847  13578  1  0  901  5945  0  18599  1  0  0  0  0  0  0  0  198  177  53225  0  9957  8  3  1074  0  0  0  0  0  139  365  0  0  0  6  15  0  1  42120  107  87579  3659  47943  9639  
0  0  0  0  0  0  0  0  0  0  0  0  0  0  0  0  0  0  0  0  0  0  0  1  0  0  0  0  0  0  10  0  0  0  0  0  0  0  0  0  0  0  0  0  0  0  0  0  0  0  0  0  0  0  0  0  0  0  0  0  0  0  0  0  0  0  0  0  0  0  0  0  0  0  100700  0  0  0  112  487  0  0  0  0  0  0  18914  1047  24483  17  234  11045  0  0  0  0  9408  0  0  0  0  0  0  0  12504  207  0  11  224  0  0  0  2483  4  0  0  1217  0  0  0  72926  2  1  0  0  87  21  0  0  0  0  0  0  0  0  44900  79264  139124  0  0  0  0  0  1939  0  0  1  0  0  0  0  0  0  0  31  306  6  28  8822  1  
0  0  0  0  0  0  0  0  0  0  0  0  0  0  0  0  0  0  0  0  0  0  0  0  0  0  0  0  0  0  0  0  0  0  0  0  0  0  0  0  0  0  0  0  0  0  0  0  0  0  0  0  0  0  0  0  0  0  0  0  0  0  0  0  0  0  0  0  0  0  0  0  0  0  0  0  0  1  0  0  0  0  0  1  0  0  0  0  0  0  4  0  51317  257  0  0  0  0  0  7627  169  0  0  0  0  0  0  0  0  15  0  1  0  0  406  0  0  0  6  0  0  43  2  0  0  0  0  0  67019  58560  157  1718  1  0  5  0  0  0  31  10  108  2  0  0  0  0  129477  0  0  0  0  0  0  0  0  0  2  5  61  0  
0  0  0  0  0  0  0  0  0  0  0  0  0  0  0  0  0  0  0  0  0  0  0  0  0  0  0  0  0  0  0  0  0  0  0  0  0  0  0  0  0  0  0  0  0  0  0  0  0  0  0  0  0  0  0  0  0  0  0  0  0  0  0  0  0  0  0  0  0  0  0  0  0  0  4  1  0  49694  0  2  1  0  12  10  0  284  0  11  0  1  15  7  3  0  2  0  1  0  7982  0  14  17177  7  0  0  0  717  14475  1  80089  0  0  17  60  70251  0  0  2  5770  0  13  68  3336  0  0  48  8  2  41144  815  20  18  3  0  5  0  0  0  194  71  50348  133  44  0  1  1  8774  38  0  0  0  0  0  0  0  9  3  0  1006  1  
0  0  1  0  0  0  0  0  0  0  0  0  0  0  0  0  0  0  0  0  0  0  0  0  0  0  0  0  0  90  0  0  0  0  0  0  0  0  0  0  0  0  0  0  0  0  0  0  0  0  0  0  0  0  0  0  0  0  0  0  0  0  0  0  0  0  0  0  0  0  1  0  0  0  0  0  7885  0  0  0  0  5  30  2  13  0  0  0  0  1  0  0  1  24020  0  0  0  0  102  15  0  132  32  114169  0  0  0  0  0  0  0  0  0  0  0  0  0  0  32  3944  0  0  0  0  0  0  0  0  431  240287  0  90  0  0  0  0  0  0  17700  183  43175  0  0  0  26109  0  19  0  0  0  0  0  0  0  0  2  0  0  1  1  
0  0  0  0  0  0  0  0  0  0  0  0  0  0  0  0  0  0  0  0  0  0  0  0  0  0  0  0  0  0  0  0  0  0  0  0  0  0  0  0  0  0  0  0  0  0  0  0  0  0  0  0  0  0  0  0  0  0  0  0  0  0  0  0  0  0  0  0  0  0  0  0  0  0  0  0  12685  21222  0  0  0  0  0  0  0  0  0  0  0  0  0  0  0  0  0  0  0  0  0  19873  71  0  4511  0  0  0  0  0  0  0  0  0  0  0  2  0  0  0  132918  307  0  0  1  0  0  0  0  0  0  2  0  0  0  0  0  0  0  0  0  2  91512  2  0  0  0  0  1  0  0  0  0  0  0  0  0  1  0  0  2  0  
0  0  0  0  0  0  2  0  0  0  0  0  0  0  0  0  0  0  0  0  0  0  0  0  0  0  0  0  0  0  0  0  0  0  0  0  0  0  0  0  0  0  0  0  0  0  0  0  0  0  0  0  0  0  0  0  0  0  0  0  0  0  0  0  0  0  0  0  0  0  0  0  0  0  1  0  18616  24193  1  9  184  7018  61  1  0  2387  0  0  7917  24881  0  0  0  0  0  0  0  0  4  2  0  7069  0  0  0  0  0  0  0  1  0  0  0  1  25  0  0  1  169706  575  1  0  8  0  0  2756  1  96  14  1005  0  9  0  0  1  0  0  0  28  1076  183  55695  77160  0  58  0  15  0  0  0  0  0  0  0  0  69  0  0  53  4  
0  0  45  0  0  0  0  2  1134  10  12  0  0  0  0  0  0  0  0  0  0  3  0  0  0  0  1  0  0  22723  0  0  0  0  0  0  0  0  0  0  0  0  0  1  0  82  0  0  0  0  0  0  0  0  0  0  0  0  0  0  0  0  0  0  417  17  0  0  0  0  11888  0  0  0  0  0  9059  0  0  0  0  12  11450  9237  2419  0  0  0  0  2  0  0  0  884  0  4  0  0  0  0  115464  0  23  0  0  0  0  0  0  0  0  0  0  0  0  0  0  12  32  43629  0  0  0  0  0  0  0  0  0  8406  0  16  0  0  0  0  0  0  110908  82  911  0  1  0  98865  0  6  0  0  0  0  0  0  0  0  2  0  0  1  0  
0  0  0  0  0  16  0  0  0  0  0  0  0  0  0  0  0  0  0  0  0  0  0  7  0  0  0  0  0  0  269  2  0  0  0  0  0  0  0  0  0  0  0  0  0  0  0  0  0  0  0  0  0  0  0  0  0  0  0  0  0  0  0  0  0  0  0  0  0  48  0  0  0  0  10681  0  0  0  14  5217  0  0  0  0  0  0  0  0  0  18066  0  1  0  0  1  0  2203  14034  0  0  0  0  0  0  0  29567  0  0  0  0  0  0  2  0  0  0  0  0  0  0  2  0  0  0  0  0  0  0  0  0  0  0  0  0  0  0  65641  16  0  3  0  0  0  31427  0  0  0  0  0  0  0  0  0  0  28  183  327  975  7838  2  
0  0  0  0  0  505  0  0  0  0  0  0  0  0  0  0  0  0  0  0  0  0  0  0  0  0  0  0  0  0  31  5445  0  0  0  0  0  0  0  0  0  0  0  0  0  0  0  0  0  0  0  0  0  0  0  0  0  0  0  0  0  0  0  0  0  125  0  0  0  128  0  0  0  0  45  0  0  0  1  12594  0  0  0  0  0  0  0  0  0  4619  32  160  0  0  1  0  11912  644  0  0  0  0  0  0  29473  0  0  0  20  0  0  0  3  0  0  0  0  0  0  0  9  0  0  0  0  0  0  0  0  0  0  0  0  0  2  1  40205  676  0  8201  0  0  0  5  0  0  0  0  0  0  1  974  0  1275  1455  17501  3216  4594  25193  8111  
0  0  0  0  0  0  0  0  0  0  0  0  0  0  0  0  0  0  0  0  0  0  0  0  0  0  0  0  0  0  0  0  0  0  0  0  0  0  0  0  0  0  0  0  0  0  0  0  0  0  0  0  0  0  0  0  0  0  0  0  0  0  0  0  0  0  0  0  0  0  0  0  0  0  0  0  0  851  0  0  0  0  0  0  0  753  0  0  0  0  137  0  0  0  0  0  0  0  0  1100  0  0  0  0  0  0  0  19828  6480  2080  0  0  0  0  23135  0  0  0  0  0  0  36166  70  0  0  0  0  0  0  0  0  0  1  0  0  0  0  0  0  0  0  0  0  0  0  0  2089  52728  0  0  0  0  0  0  0  0  1  1  6  0  
0  0  0  0  0  0  0  0  0  0  0  0  0  0  0  0  0  0  0  0  0  0  0  0  0  0  0  0  0  0  0  0  0  0  0  0  0  0  0  0  0  0  0  0  0  0  0  0  0  0  0  0  0  0  0  0  0  0  0  0  0  0  0  0  0  0  0  0  0  0  0  0  0  0  0  0  0  1  0  0  0  0  0  0  0  328  2  1  0  0  2  0  0  0  3  0  2  28  7  12410  0  0  0  0  0  0  20994  0  65162  56119  17  7485  0  0  231  0  26099  0  0  0  1  15885  0  477  0  0  0  0  1  0  0  0  2  256  8  0  0  0  0  0  0  0  0  0  0  2863  137386  30918  0  0  0  0  0  0  4  0  70  0  3  0  
0  0  0  0  0  0  0  0  0  0  0  0  0  0  0  0  0  0  0  0  0  0  0  0  0  0  0  0  0  0  0  0  0  0  0  0  0  0  0  0  0  0  0  0  0  0  0  0  0  0  0  0  0  0  0  0  0  0  0  0  0  0  0  0  0  0  0  0  0  0  0  0  0  0  0  0  0  1  0  0  0  0  0  0  0  47  1  0  0  0  15586  4147  0  0  4  0  20584  332  0  0  0  0  0  0  0  1  6949  60800  0  71  6  636  0  0  0  0  26522  0  0  0  30  57640  0  188  0  0  0  0  0  0  0  0  80  86  1  0  4  0  0  0  0  0  0  0  0  477  77377  831  0  0  0  0  0  0  503  0  122  3  11  0  
0  0  0  0  0  0  0  0  0  0  0  0  0  0  0  0  0  0  0  0  0  0  0  0  0  0  0  0  0  0  0  0  0  0  0  0  0  0  0  0  0  0  0  0  0  0  0  0  0  0  0  0  0  0  0  0  0  0  0  0  0  0  0  0  0  0  0  0  0  0  0  0  0  0  0  0  0  38  0  0  0  0  0  0  0  0  0  0  0  0  0  0  0  0  0  0  0  0  12  72581  0  0  0  0  0  0  1698  58993  12  0  0  0  0  0  31125  0  0  0  0  0  0  29  1  0  0  0  0  0  3075  1  0  0  0  0  0  0  0  0  0  0  50  1  0  0  0  0  12052  24584  0  0  0  0  0  0  1  1  0  0  1  0  
0  0  0  0  0  0  0  0  0  0  0  0  0  0  0  0  0  0  0  0  0  0  0  0  0  0  0  0  0  0  0  0  0  0  0  0  0  0  0  0  0  0  0  0  0  0  0  0  0  0  0  0  0  0  0  0  0  0  0  0  0  0  0  0  0  0  0  0  0  0  0  0  0  0  0  5409  0  0  0  0  0  0  0  0  0  0  0  0  0  0  2  0  0  0  3184  0  124  0  0  0  0  0  0  0  0  0  0  79  30  0  0  34659  0  0  0  0  20817  0  0  0  0  58  0  64223  0  0  0  0  0  0  0  0  4040  53090  1660  0  0  0  0  0  0  0  0  0  0  146538  580  0  0  0  0  0  0  0  11  0  1463  0  2  0  
0  0  0  0  0  0  0  0  0  0  0  0  0  0  0  0  0  0  0  0  0  0  0  0  0  0  0  0  0  0  0  0  0  0  0  0  0  0  0  0  0  0  0  0  0  0  0  0  0  0  0  0  0  0  0  0  0  0  0  0  0  0  0  0  0  0  0  0  0  0  0  0  0  0  0  101  0  0  0  0  0  0  0  0  0  0  0  0  0  0  4  0  0  0  180  0  14  1  0  0  0  0  0  0  0  0  0  4190  1425  0  35199  0  0  0  6  0  26108  0  0  0  0  798  0  3263  0  0  0  0  1  1  0  0  7547  1340  472  0  0  0  1  0  0  0  0  0  0  124589  156616  0  0  0  0  0  0  0  116  0  836  3  20  0  
0  0  0  0  0  0  2  0  0  0  0  0  0  0  0  0  0  0  0  0  0  0  0  0  0  0  0  0  0  0  0  0  0  0  0  0  0  0  0  0  0  0  0  0  0  0  0  0  0  0  0  0  0  0  0  0  0  0  0  0  0  0  0  0  0  1  0  0  0  0  0  0  0  0  4141  0  0  0  19  50  2  0  0  0  0  385  18502  38872  105  3  0  47  0  0  0  0  0  185  0  0  0  0  0  0  0  1  0  2  0  0  0  0  0  8306  11  0  0  0  3  0  18911  0  18939  0  0  6355  1430  6  0  2  0  0  0  0  0  5626  156  2706  0  11  0  55  2  0  0  0  2  0  0  0  0  0  0  0  0  220  0  0  350  0  
0  0  0  0  0  0  0  0  0  0  0  0  0  0  0  0  0  0  0  0  0  0  0  0  0  0  0  0  0  0  0  0  0  0  0  0  0  0  0  0  0  0  0  0  0  0  0  0  0  0  0  0  0  0  0  0  0  0  0  0  0  0  0  0  0  0  0  0  0  0  0  0  0  0  18  0  0  3  1  11  0  0  0  0  0  33262  10  26027  0  1  0  2  0  0  0  0  0  0  0  0  0  0  2  0  0  0  0  0  0  0  0  0  2219  0  1  0  0  0  2  0  70  0  30341  0  0  1271  32  1  0  0  0  0  0  0  0  0  0  1  0  11  0  216  1  0  0  0  0  0  0  0  0  0  0  0  0  4  0  0  8  0  
0  0  0  0  0  0  0  0  0  0  0  0  0  0  0  0  0  0  0  0  0  0  0  0  0  0  0  0  0  0  0  0  0  0  0  0  0  0  0  0  0  0  0  0  0  0  0  0  0  0  0  0  0  0  0  0  0  0  0  0  0  0  0  0  0  0  0  0  0  0  0  0  0  0  5  14  0  25989  1  7  3  4  91  73  0  1936  0  54  0  2  9913  64  27  1  17  0  64  1  540  55380  2  13  46  1  0  0  19395  488  2  32576  0  2  81  244  0  0  1  51  2020  2  16  29310  38007  0  3  230  10  9  14007  1088  73  213  70  1  240  0  0  0  859  482  5041  883  412  0  4  20  24209  9843  0  0  0  0  0  0  30  618  142  275  52708  153  
0  0  0  0  0  0  0  0  0  0  1158  0  0  0  0  0  0  0  0  0  0  1226  0  0  0  0  0  0  0  0  0  0  0  0  0  0  0  0  0  0  0  0  0  1494  0  0  0  0  0  0  0  0  0  0  0  0  0  0  0  0  0  0  0  0  0  0  0  0  0  0  0  0  0  0  0  22263  0  0  0  0  0  0  0  0  55356  0  0  0  0  0  0  0  25206  28654  814  75754  1  0  0  0  0  0  0  0  0  0  0  0  0  0  1  0  0  0  0  0  0  37210  0  0  0  0  0  0  67657  0  0  0  0  0  56421  438  6  39  6128  0  0  0  0  0  0  0  0  0  0  1  0  0  0  0  0  0  0  0  0  0  0  0  0  0  
0  0  0  0  0  0  0  0  0  0  0  0  0  0  0  0  0  0  0  0  0  0  0  0  0  0  0  0  0  0  0  0  0  0  0  0  0  0  0  0  0  0  0  0  0  0  0  0  0  0  0  0  0  0  0  0  0  0  0  0  0  0  0  0  0  0  0  0  0  0  0  0  0  0  0  1  0  1  0  0  0  0  0  0  0  0  1  0  0  0  21  0  0  0  22  0  32202  1875  0  1  0  0  0  0  0  0  0  32904  31426  0  17876  29623  0  0  1  0  0  0  0  0  12  1977  0  27625  0  0  0  0  0  0  0  0  214  1233  441  0  0  0  0  0  0  0  0  0  0  12810  12752  0  0  0  0  0  0  0  12342  0  4145  2  5  0  
0  0  0  0  0  0  0  0  1  1  110  0  0  0  0  0  0  0  0  0  0  319  0  0  0  0  0  0  0  16  0  0  0  0  0  0  0  0  0  0  0  0  0  282  0  0  0  0  0  0  0  0  0  0  0  0  0  0  0  0  0  0  0  0  17  1  0  0  0  0  0  0  0  0  0  97  0  6  0  0  0  0  940  27374  62348  1  0  0  0  0  56  0  80  2264  21  117598  9476  0  0  4  0  0  0  255  0  0  0  0  0  0  0  0  0  0  67  25823  0  0  9  0  0  30  4  0  1274  0  0  0  0  67  11544  15975  38  3  6405  0  0  0  69390  4258  3  0  1  0  1  0  246  0  0  0  0  4  0  0  0  2  1252  28  13  0  
0  0  0  0  0  0  5  0  0  0  0  0  0  0  0  0  0  0  0  0  0  0  0  0  0  0  0  0  0  0  0  0  0  0  0  0  0  0  0  0  0  0  0  0  0  0  0  0  0  0  0  1  0  1  0  0  0  0  0  0  0  0  0  0  0  10  0  0  0  0  0  0  0  0  5  0  35169  18220  0  156  160  2439  120  13  0  304  0  3  84  1307  2  1  3  3  0  0  0  0  3  5417  30  157662  154258  40  0  0  0  0  0  1  0  0  3  32  442  0  0  2  0  12851  12  11  4770  0  0  154  7  204  17  2531  4  27  0  0  3  0  0  0  293  2422  22703  33694  30149  0  174  1  169  0  0  6  0  0  0  0  0  269  3  1  1035  29  
0  0  107  0  0  0  1  405  24  0  0  0  0  0  0  1  0  0  0  0  0  0  0  0  0  0  0  0  0  191  0  0  0  0  0  0  0  0  0  0  0  0  0  0  0  103  0  0  0  0  0  0  0  0  0  0  0  0  0  0  0  0  0  0  0  3  0  0  0  0  691  0  0  0  0  0  30708  0  1  4  537  38094  28125  16  0  0  0  0  0  4326  0  0  4  30  0  0  0  0  1  1  9505  1021  438  37402  0  0  0  0  0  0  0  0  0  0  2  0  0  8  25010  0  1  0  3  0  0  17  0  112  1  13849  2  152  0  0  0  0  0  0  1036  1049  20897  22  129  0  16004  0  23  0  0  6  0  0  0  0  0  12  0  0  36  2  
0  0  0  0  0  1  14  0  0  0  0  0  0  0  0  0  0  0  0  0  0  0  0  0  0  0  0  0  0  0  0  0  0  0  0  0  0  0  0  0  0  0  0  0  0  0  0  0  1  0  0  5  0  3  0  0  0  0  0  0  0  0  0  0  0  12  0  0  0  0  0  0  0  0  8990  0  0  1  194  547  7  1  0  0  0  164  16117  356  11  142  33  25587  0  0  0  0  884  78384  0  0  0  0  5  0  0  14  0  0  13  0  0  0  29256  150  7  0  44  0  7  0  0  1  13077  0  0  5950  4849  100  0  19  0  0  0  0  0  4522  13404  30332  9  155  1  687  12  0  0  0  4  0  0  5  0  0  3  0  9  472  1  38  60358  316  
0  0  0  0  0  0  0  0  0  0  0  0  0  0  0  0  0  0  0  0  0  0  0  0  0  0  0  0  0  0  0  0  0  0  0  0  0  0  0  0  0  0  0  0  0  0  0  0  0  0  0  0  0  0  0  0  0  0  0  0  0  0  0  0  0  0  0  0  0  0  0  0  0  0  0  4  0  261  0  0  0  0  0  2  0  234  0  0  0  0  52037  260  4  0  15  0  3752  2  2  49  1  0  0  0  0  0  31527  17919  58267  171  10  742  0  0  25367  0  4529  8  48  0  0  0  278  319  12  0  0  0  7  39  7  8  1621  306  96  0  0  0  39  8  20  8  3  0  0  913  104759  21287  0  0  0  0  0  0  5240  8  2956  3834  49835  0  
0  0  0  0  0  0  31  0  0  0  0  0  0  0  0  0  0  0  0  0  0  0  0  0  0  0  0  0  0  0  0  0  0  0  0  0  0  0  0  0  0  0  0  0  0  0  2  0  0  0  0  1  0  8  0  0  0  0  0  0  0  0  0  0  0  22  0  0  0  0  0  0  0  0  810  0  0  29071  138  308  16  5  54  43  0  68682  1  10438  106  250  12617  52653  13  1  0  0  5  7  13  593  0  1  25  0  0  0  15  1  4  0  0  0  13349  24628  28158  0  0  7  8246  0  17449  624  0  0  0  14570  2534  402  65  391  21  76  0  1  6  0  4  38  371  695  174  13259  588  0  1  1  610  0  0  5  0  0  0  0  8  795  6  18  83457  127  
0  0  0  0  0  0  0  0  0  0  0  0  0  0  0  0  0  0  0  0  0  0  0  0  0  0  0  0  0  0  0  0  0  0  0  0  0  0  0  0  0  0  0  0  0  0  0  0  0  0  0  0  0  0  0  0  0  0  0  0  0  0  0  0  0  0  0  0  0  0  0  0  0  0  0  1  0  0  0  0  0  0  0  0  0  0  0  0  0  0  0  0  0  0  26859  0  27999  0  0  0  0  0  0  0  0  0  0  1004  167  0  51775  5486  0  0  5  0  40776  0  0  0  0  278  0  0  0  0  0  0  0  0  0  0  113  22970  10027  0  0  0  0  0  0  0  0  0  0  15228  3680  0  0  0  0  0  0  0  232  0  5686  0  8  0  
0  0  0  0  0  0  0  0  0  0  0  0  0  0  0  0  0  0  0  0  0  0  0  0  0  0  0  0  0  0  0  0  0  0  0  0  0  0  0  0  0  0  0  0  0  0  0  0  0  0  0  0  0  0  0  0  0  0  0  0  0  0  0  0  0  0  0  0  0  0  0  0  0  0  0  39615  0  1  0  0  0  0  0  1  1  0  0  0  0  0  0  0  555  7  35100  11853  4  0  0  0  0  0  0  0  0  0  0  0  0  0  2  1  0  0  5  70076  0  394  0  0  0  0  0  0  0  0  0  0  0  0  1898  14  271  1420  37578  0  0  0  1  0  0  0  0  0  0  7  12  0  0  0  0  0  0  0  0  0  7  0  0  0  
0  0  0  0  0  3  99  0  0  0  0  0  0  0  0  0  0  0  0  0  0  0  0  0  0  0  0  0  0  0  0  0  0  0  0  0  0  0  0  0  0  0  0  0  0  0  1  0  2  0  0  10  0  18  0  0  0  0  0  0  0  0  0  0  0  71  1  1  1  0  0  0  0  0  9471  0  0  3  1230  3387  170  12  5  2  0  24779  1  50842  144432  634  0  218  0  0  0  0  0  13  0  0  0  0  2964  0  0  4  0  0  0  1  0  0  11324  3940  24  0  0  0  77  0  2283  0  12117  0  0  0  90454  47841  4  172  1  4  0  0  0  10180  56  161  22  3968  16  40895  26  0  1  0  10  0  0  41  0  0  7  0  0  1944  0  0  4670  9  
0  0  0  0  0  0  6  0  0  0  0  0  0  0  0  0  0  0  0  0  0  0  0  0  0  0  0  0  0  0  0  0  0  0  0  0  0  0  0  1  0  0  0  0  0  0  0  0  1  0  0  3  0  0  0  0  0  0  0  0  0  0  0  0  0  9  0  0  0  0  0  0  0  0  39673  0  0  2  56358  5814  0  0  0  0  0  123  0  72  179415  13569  0  6  0  0  0  0  0  2  0  0  0  0  1  0  0  2  0  0  0  0  0  0  1383  58  28  0  0  0  12  1  3875  1  2212  0  0  131268  0  45228  0  10  0  1  0  0  0  1405  5  69  6  4831  2  255  4  0  0  0  14  0  0  3  0  0  3  0  0  1966  0  0  4421  1  
0  0  0  0  2  3  73  0  0  0  0  0  0  0  1  0  0  0  0  0  0  0  0  0  0  0  0  0  1  0  0  0  0  0  0  0  0  0  0  0  0  0  0  0  0  0  2  0  3  0  0  31  0  12  0  0  0  0  0  0  0  1  0  0  0  73  4  0  0  0  0  0  0  0  314  0  0  3  857  41838  12504  1459  23  3  0  282  0  2  69047  170342  0  3  1  0  0  0  0  1  0  3  0  0  125  0  0  2  0  0  0  0  0  0  1  5  10  0  0  0  287  130  96  2  540  0  0  61188  39709  0  1  380  0  4  0  0  0  0  1  35  26  6678  33  8670  35700  0  21  0  11  0  0  37  0  1  13  0  0  1779  0  1  936  14  
0  0  0  0  0  0  0  0  0  0  0  0  0  0  0  0  0  0  0  0  0  0  0  0  0  0  0  0  0  0  0  0  0  0  0  0  0  0  0  0  0  0  0  0  0  0  0  0  0  0  0  0  0  0  0  0  0  0  0  0  0  0  0  0  0  0  0  0  0  0  0  0  0  0  0  1  0  1  0  0  0  0  11  8  0  1  0  0  0  0  20  0  2  0  0  0  5  0  53345  49130  196  0  3  0  0  0  0  3  1  2522  0  3  0  1  13485  0  1  2  31  0  0  140  9  1  0  0  0  0  0  19362  22  34  9  2  11  0  0  0  139  44  15682  36  3  0  1  1  12781  0  0  0  0  0  0  0  3  47  11  4  218  11  
0  0  0  0  0  1  0  0  0  0  0  0  0  0  0  0  0  0  0  0  0  0  0  0  0  0  0  0  0  0  0  0  0  0  0  0  0  0  0  0  0  0  0  0  0  0  0  0  0  0  0  0  0  0  0  0  0  0  0  0  0  0  0  0  0  2  0  0  0  0  0  0  0  0  1  0  15  39  1  8  11  139  918  301  0  3  0  0  1  7  0  1  6136  14929  0  0  0  0  52043  653  240660  6  1045  3905  0  0  0  0  0  0  0  0  0  0  227  0  0  41  1082  5331  1  4  44  0  0  52  2  51  23080  0  15  24127  0  0  3  0  0  0  6463  7042  47020  296  205  0  30984  0  32901  0  0  0  0  0  0  0  0  1174  1  2  2022  125  
0  0  0  0  0  0  0  0  0  0  0  0  0  0  0  0  0  0  0  0  0  0  0  0  0  0  0  0  0  0  0  0  0  0  0  0  0  0  0  0  0  0  0  0  0  0  0  0  0  0  0  0  0  0  0  0  0  0  0  0  0  0  0  0  0  0  0  0  0  0  0  0  0  0  0  13115  0  3  0  0  0  0  0  3  3  0  0  0  0  0  0  0  136003  5556  287  243  0  0  118  1  0  0  0  0  0  0  0  0  0  0  0  0  0  0  5  49527  0  9362  0  0  0  2  2  0  3336  0  0  0  0  21  0  41565  5622  155  1229  0  0  0  1608  3  0  0  0  0  0  0  17018  0  0  0  0  0  0  0  0  0  1  1  0  0  
0  0  0  0  0  0  0  0  0  0  0  0  0  0  0  0  0  0  0  0  0  0  0  0  0  0  0  0  0  0  0  0  0  0  0  0  0  0  0  0  0  0  0  0  0  0  0  0  0  0  0  0  0  0  0  0  0  0  0  0  0  0  0  0  0  0  0  0  0  0  0  0  0  0  0  26  0  7  0  0  0  3  228  99  6359  1  0  0  0  0  0  0  68637  61080  42  122  1  0  792  6  235  0  8  8  0  0  0  0  0  0  0  0  0  0  63  113  0  12124  34  99  0  4  15  0  410  1  0  0  6  21839  34577  0  71  0  202  0  0  0  47174  687  3  5  3  0  203  0  9873  0  0  0  0  0  0  0  0  15  1  0  47  3  
0  0  0  0  0  0  0  0  0  0  0  0  0  0  0  0  0  0  0  0  0  0  0  0  0  0  0  0  0  0  0  0  0  0  0  0  0  0  0  0  0  0  0  0  0  0  0  0  0  0  0  0  0  0  0  0  0  0  0  0  0  0  0  0  0  0  0  0  0  0  0  0  0  0  0  29280  0  79  0  0  0  0  0  1  0  0  0  0  0  0  122  0  47105  0  1527  19  81  0  0  13  0  0  0  0  0  0  0  0  4  0  4093  7493  1  0  261  8  4  50  3  0  0  862  3  31  3301  0  0  0  0  1  8841  477  0  2480  9475  0  0  0  55  2  0  0  1  0  0  24213  42270  0  0  0  0  0  0  0  35  0  526  1  59  0  
0  0  0  0  0  0  0  0  0  0  0  0  0  0  0  0  0  0  0  0  0  0  0  0  0  0  0  0  0  0  0  0  0  0  0  0  0  0  0  0  0  0  0  0  0  0  0  0  0  0  0  0  0  0  0  0  0  0  0  0  0  0  0  0  0  0  0  0  0  0  0  0  0  0  0  36048  0  4  0  0  0  0  0  0  0  0  0  0  0  0  17  0  4  0  92064  0  94  0  0  1  0  0  0  0  0  0  0  564  118  0  57518  3234  0  0  11  3  3027  1  0  0  0  521  0  29653  495  0  0  0  0  0  40  1  7737  0  31514  0  0  0  1  0  0  0  0  0  0  26353  2272  0  0  0  0  0  0  0  54  0  6675  0  1  0  
0  0  0  0  0  0  0  0  0  0  0  0  0  0  0  0  0  0  0  0  0  0  0  0  0  0  0  0  0  0  0  0  0  0  0  0  0  0  0  0  0  0  0  0  0  0  0  0  0  0  0  0  0  0  0  0  0  0  0  0  0  0  0  0  0  0  0  0  0  0  0  0  0  0  0  2851  0  77  0  0  0  0  0  2  0  1  0  0  0  0  124  0  567  10  129405  114550  63734  0  0  24  0  0  0  0  0  1  0  3  3  0  2082  172  0  1  1671  3980  981  4577  2  0  0  281  3  13739  52284  2  0  0  1  0  6370  138  15437  22869  0  0  1  0  49  0  0  0  1  0  0  2840  3527  0  0  0  0  0  0  0  210  0  41327  107  117  0  
0  0  0  0  0  0  0  0  0  0  0  0  0  0  0  0  0  0  0  0  0  0  0  0  0  0  0  0  0  0  0  0  0  0  0  0  0  0  0  0  0  0  0  0  0  0  0  0  0  0  0  0  0  0  0  0  0  0  0  0  0  0  0  0  0  0  0  0  0  0  0  0  0  0  5369  0  0  0  1  10  0  0  0  0  0  0  20321  21745  23686  0  0  0  0  0  0  0  0  34195  0  0  0  0  0  0  0  0  0  0  0  0  0  0  18923  0  0  0  0  0  0  0  3275  0  0  0  0  10752  606  0  0  0  0  0  0  0  0  0  6  17490  0  0  0  0  0  0  0  0  0  0  0  0  0  0  0  0  0  18  0  0  12  0  
0  0  0  0  0  0  0  0  0  0  0  0  0  0  0  0  0  0  0  0  0  0  0  0  0  0  0  0  0  0  2  0  0  0  0  0  0  0  0  0  0  0  0  0  0  0  0  0  0  0  0  0  0  0  0  0  0  0  0  0  0  0  0  0  0  0  0  0  0  0  0  0  0  0  8068  0  0  0  294  5573  0  0  0  0  0  0  0  62  2  115  48  316  0  0  1  0  11222  88482  0  0  0  0  0  0  56791  41901  0  0  59  0  0  0  841  15  0  0  4  0  0  0  9884  0  5  0  0  382  21  5  0  0  0  0  0  0  0  57  0  46750  0  22  0  2  0  9062  0  0  0  0  0  0  1  0  0  0  34  6400  337  1475  32915  14  
0  0  0  0  0  0  0  0  0  0  0  0  0  0  0  0  0  0  0  0  0  0  0  0  0  0  0  0  0  0  0  0  0  0  0  0  0  0  0  0  0  0  0  0  0  0  0  0  0  0  0  0  0  0  0  0  0  0  0  0  0  0  0  0  0  0  0  0  0  0  0  0  0  0  29071  0  0  0  717  5476  0  0  0  0  0  1  104  63  176  111  0  38  0  0  0  0  8  142649  0  0  0  0  0  0  36  1508  0  0  0  0  0  0  10090  19  0  0  0  0  0  0  17582  0  13  0  0  377  162  16  0  0  0  0  0  0  0  17723  27083  0  0  11  0  7  0  615  0  0  1  0  0  0  0  0  0  0  2  11896  0  0  2181  0  
0  0  0  0  0  0  1  0  52  0  83  0  0  0  0  0  0  0  0  0  0  2  0  0  0  0  0  0  0  3934  0  0  0  0  0  0  0  0  0  0  0  0  0  2  0  0  0  0  0  0  0  0  0  0  0  0  0  0  0  0  0  0  0  0  123  5  0  0  0  0  89  0  0  0  0  46  0  25  0  0  2  129  4800  16072  90161  5  0  0  0  0  3  0  164  33974  31  179  0  0  3  16  21541  1  201  118268  0  0  0  0  0  0  0  0  0  0  199  2  0  54611  383  412  1  9  39  0  240  4  0  3  10  6367  7335  41814  67  1  52  0  0  0  0  4330  91  11  25  0  15242  0  2107  0  0  1  0  0  0  0  0  42  0  1  84  10  
14  0  0  0  88  945  459  1936  2286  6307  0  1  0  16  56  118  0  0  0  0  0  1  0  2  0  0  0  0  0  0  1  223  0  0  0  0  0  0  4  3  0  0  0  0  4  0  30  0  27  0  0  630  372  29  0  0  0  0  0  0  0  20  0  1  0  46859  4  6  1  5  20  0  0  0  249  0  0  14  180  55027  36283  35808  40960  43931  0  26  0  7  120  850  1  3  73  7  0  156  987  0  3  4  65  5  525  50  0  9323  0  0  0  0  0  0  7  11  44  0  0  1317  718  49  163  1  314  0  0  5668  1030  3048  6  2013  9  459  0  0  0  0  5  7  4469  0  264  2067  403  3  1990  0  477  0  0  4070  2  264  1846  76  0  6308  305  18  940  9  
0  0  0  0  0  0  0  0  0  0  0  0  0  0  0  0  0  0  0  0  0  0  0  0  0  0  0  0  0  0  0  0  0  0  0  0  0  0  0  0  0  0  0  0  0  0  0  0  0  0  0  0  0  1  0  0  0  0  0  0  0  0  0  0  0  1  0  0  0  0  0  0  0  0  1  0  11068  440  0  6  4  18  98  78  0  25  0  0  0  4  3  2  20  0  0  0  1  0  108  56432  44407  85411  204  1323  0  0  0  0  0  61  0  0  0  6  4121  0  0  29  29131  15666  0  10  187  0  1  23  1  15  14954  45959  1  106  0  0  0  0  0  0  430  2756  0  801  361  0  312  0  571  0  0  1  0  0  1  0  0  357  1  0  961  56  
1  0  0  0  0  0  24  0  0  0  0  0  0  0  0  0  0  0  0  0  0  0  0  0  0  0  0  0  0  0  0  0  0  0  0  0  0  0  0  0  0  0  0  0  0  0  1  0  4  0  0  13  0  7  0  0  0  0  0  0  0  0  0  0  0  25  0  0  1  0  0  0  0  0  49  0  0  8168  19  300  157  22  13  8  0  33222  0  19  32771  63  1  229  2  0  1  0  0  1  2  14  0  2  53640  0  0  1  0  0  0  0  0  0  10  152  166  0  0  0  40926  2  170  12  21357  0  0  47015  116  2994  27  849  2  14  0  0  5  0  0  1  65  916  298  0  15762  0  8  0  79  0  0  24  0  0  5  0  0  4635  0  0  5758  151  
0  0  0  0  0  1  7  0  0  0  0  0  0  0  0  0  0  0  0  0  0  0  0  0  0  0  0  0  0  0  0  0  0  0  0  0  0  0  0  0  0  0  0  0  0  0  0  0  0  0  0  9  0  2  0  0  0  0  0  0  0  0  0  0  0  15  0  0  0  0  0  0  0  0  0  0  1  135  2  162  1348  824  54  2  0  3  0  0  14388  25186  0  0  0  0  0  0  0  0  0  2  6  2  80290  2  0  0  0  0  0  0  0  0  0  2  57  0  0  0  34416  709  4  3  86  0  0  110  6  35112  1  421  1  3  0  0  0  0  0  0  40  1593  157  26539  0  0  50  0  21  0  0  18  0  0  0  0  0  738  0  0  325  18  
0  0  0  0  0  6  0  0  0  0  0  0  0  0  0  0  0  0  0  0  0  0  0  0  0  0  0  0  0  0  22  0  0  0  0  0  0  0  0  0  0  0  0  0  0  0  0  0  0  0  0  0  0  0  0  0  0  0  0  0  0  0  0  0  0  0  0  0  0  22  0  0  0  0  15830  0  0  0  10048  18863  0  0  0  0  0  0  0  1  0  54881  0  0  0  0  0  0  0  2109  0  0  0  0  0  0  35745  9  0  0  0  0  0  0  103  0  0  0  0  0  0  0  31  0  0  0  0  17  0  0  0  0  0  0  0  0  0  9  12909  2414  0  2  0  0  0  0  0  0  0  0  0  0  0  0  0  0  0  275  0  0  31  0  
0  0  6  0  0  0  0  25  5251  2  0  0  0  0  0  0  0  0  0  0  0  0  0  0  0  0  0  0  0  1994  0  0  0  0  0  0  0  0  0  0  0  0  0  0  0  123  0  0  0  0  0  0  0  0  0  0  0  0  0  0  0  0  0  0  0  65  0  0  0  0  6562  0  0  0  0  0  6  0  0  0  12  528  39734  38  0  1  0  0  0  5  0  0  3  119  0  0  0  0  0  1  29488  3  295  94883  0  0  0  0  0  0  0  0  0  0  4  0  0  2  326  17749  0  0  1  0  0  10  0  12  1  36179  0  200  0  0  0  0  0  0  19308  1923  571  7  24  0  0  0  38  0  0  0  0  0  0  0  0  13  0  0  51  0  
0  0  0  0  0  0  0  0  0  0  0  0  0  0  0  0  0  0  0  0  0  0  0  0  0  0  0  0  0  0  0  0  0  0  0  0  0  0  0  0  0  0  0  0  0  0  0  0  0  0  0  0  0  0  0  0  0  0  0  0  0  0  0  0  0  0  0  0  0  0  0  0  0  0  0  649  0  19  0  0  0  0  0  0  0  0  0  0  0  0  129  0  5  0  83  0  45  0  0  4  0  0  0  0  0  0  0  2875  1042  0  136681  122547  0  0  65  0  12405  2  0  0  0  1381  0  21357  8  0  0  0  1  0  3  4  14830  11773  1253  0  0  0  5  0  0  0  1  0  0  0  19980  0  0  0  0  0  0  0  167  0  2161  1  38  0  
0  0  0  0  0  0  0  0  0  0  0  0  0  0  0  0  0  0  0  0  0  0  0  0  0  0  0  0  0  0  0  0  0  0  0  0  0  0  0  0  0  0  0  0  0  0  0  0  0  0  0  0  0  0  0  0  0  0  0  0  0  0  0  0  0  0  0  0  0  0  0  0  0  0  1  82  0  1267  0  4  5  0  441  367  0  23  0  2  0  1  7277  2  36949  1  215  5  806  1  99520  8771  2  0  18  0  0  0  908  126001  80319  10786  1037  165050  1  5  20851  0  9871  189  364  1  1  126812  211  3592  318  13  2  0  11522  27688  14803  13694  42620  2179  4864  0  0  0  5326  1898  826  142  104  0  2  46782  0  22608  0  0  0  0  0  0  1789  173  5548  1328  10732  35  
0  0  0  0  0  0  0  0  0  0  0  0  0  0  0  0  0  0  0  0  0  0  0  0  0  0  0  0  0  0  0  0  0  0  0  0  0  0  0  0  0  0  0  0  0  0  0  0  0  0  0  0  0  0  0  0  0  0  0  0  0  0  0  0  0  0  0  0  0  0  0  0  0  0  0  0  0  1  0  0  0  0  0  0  0  0  0  0  0  0  6  0  0  0  0  0  0  0  0  80  0  0  0  0  0  0  44821  28111  836  23872  0  0  0  0  8266  0  0  0  0  0  0  28095  0  0  0  0  0  0  0  0  0  0  1  0  0  0  0  0  0  0  0  0  0  0  0  1  25496  0  0  0  0  0  0  0  0  0  3  3  58  0  
0  0  0  2  0  0  0  0  0  0  0  0  0  0  0  0  22415  11903  2  0  0  0  60858  40  0  0  0  2  0  0  0  656  0  112  48426  13  0  12  0  0  57  0  63335  1  4  0  6  11119  12  8445  0  0  0  0  0  1  1  0  128  7  58  0  20817  0  0  1  4  3  0  0  0  4  6710  2  0  0  0  0  0  0  0  0  0  0  0  0  0  0  0  0  0  0  0  0  0  0  1  0  0  0  0  0  0  0  0  0  0  0  0  0  0  0  0  0  0  0  0  0  0  0  0  0  0  0  0  0  0  0  0  0  0  0  0  0  0  0  0  0  0  0  0  0  0  0  0  0  0  0  0  0  279119  40178  11163  818  1  0  7  0  0  0  
6  0  608  0  5  2353  164068  227063  2332  11  0  0  0  2  42  121547  0  0  0  0  0  0  0  0  0  0  2  1  9465  3  0  0  0  0  0  0  0  0  1  0  0  0  0  18  12866  615  7  0  47  0  0  921  101  21894  0  9  0  0  0  0  0  2  0  0  1  26091  195  222  35919  1  37  0  1  0  0  0  0  0  0  5  692  3699  22  1  0  0  0  0  0  45  0  0  0  0  0  0  0  0  0  0  0  0  6  0  0  0  0  0  0  0  0  0  0  0  0  0  0  0  1  5  0  0  3  0  0  10  0  1  0  5  0  0  0  0  0  0  0  0  2  2212  0  3  1  0  2  0  0  0  0  0  0  5  299  10  0  2  0  0  6  0  
0  18  0  44  1  0  0  0  4  4646  0  5  0  3  0  0  100  11  105  0  104  1043  84423  0  4  80  0  27  0  0  1  661  0  254  451  116  258  367  0  4  1272  1  5422  3164  498  0  1  14595  362  54268  2  11  2  3  1  11  336  14  4853  546  19692  1  158  0  23  6  202  345  0  1  0  235  13916  89  0  0  0  0  0  0  0  0  0  1  0  0  0  0  0  0  0  0  0  0  0  0  3  0  0  0  0  0  0  0  0  1  0  0  0  0  0  0  0  0  0  0  0  0  0  0  0  0  0  0  0  0  0  0  0  0  0  0  0  0  0  0  0  0  0  1  0  0  0  0  0  0  0  0  131942  0  0  39154  3588  303  0  1  15  6  0  0  
2  0  0  1  0  2  0  5  44  100  0  0  0  0  0  0  2201  5514  0  0  4  0  535  0  0  17  20  13  14  0  0  4017  0  1  1  0  0  0  0  0  143  0  1  12  387  0  0  4856  11  0  0  60  5  26  0  295  1  0  1  0  11  1  3055  0  6  147  1989  33  12  4  10  0  94  6  0  0  0  0  0  0  0  0  0  10  0  0  0  0  0  0  0  5  0  0  0  1  23  0  0  0  0  0  0  0  1  277  0  0  0  0  0  0  0  0  0  0  0  4  0  0  0  0  0  0  0  0  0  0  0  0  0  0  0  0  0  0  2  0  0  63  0  0  0  0  0  0  0  0  9527  51  45805  0  45469  84655  14  20  3  673  0  79  
15812  1  0  1  4246  4790  48  30  282  31  0  17  0  53  1423  620  69149  78107  0  0  0  0  553  1260  0  87  63  46  61  3  1198  10409  33  4  266  1  0  0  421  30  1804  0  87  28  1581  2  22147  54848  51472  0  0  5643  3451  310  0  662  6  2  4  0  5  1309  26352  979  84  1178  11876  477  87  468  43  0  116  111  0  0  0  0  0  6  1  0  0  0  0  0  0  0  0  0  0  0  0  0  0  0  0  0  0  0  0  0  0  0  0  0  0  0  0  0  0  0  0  0  0  0  0  0  0  0  0  0  3  0  0  5  0  0  0  3  0  1  0  0  0  0  0  0  0  140  0  8  0  0  0  0  0  0  11007  738  2000  21213  0  170254  0  3  0  0  1  0  
280  0  0  0  58  424  2  16  111  2  0  0  0  0  7  7  2192  17386  0  0  0  0  23  21  0  12  37  18  27  3  4  22267  0  0  0  0  0  0  1  1  32  0  0  5  627  1  12  21  16  0  0  220  25  33  1  485  0  0  0  0  2  12  14455  391  10  843  3777  37  12  643  23  0  3  0  0  0  0  0  0  0  0  0  0  0  0  0  0  0  0  0  0  1  0  0  0  0  3  0  0  0  0  0  0  0  0  76  0  0  0  0  0  0  0  0  0  0  0  0  0  0  0  0  0  0  0  0  0  0  0  0  0  0  0  0  0  0  0  0  0  33  0  0  0  0  0  0  0  0  1040  95  699  121169  400649  0  3  5  0  6  0  22  
0  0  0  0  0  0  0  0  0  0  0  0  0  0  0  0  0  0  0  0  0  0  0  0  0  0  0  0  0  0  0  4  0  0  0  0  0  0  0  0  0  0  0  0  0  0  0  0  0  0  0  0  0  0  0  0  0  0  0  0  0  0  0  0  0  0  0  0  0  0  0  0  0  0  0  3  0  4  0  0  0  0  0  0  0  0  0  0  0  0  19688  14029  0  0  11  0  93765  22  1  1  0  0  0  0  811  2856  0  42  786  0  37  167  0  0  32  0  31647  0  1  0  18  13448  2  102  3  0  0  0  0  0  3  1  784  427  199  0  947  0  0  0  0  0  0  0  0  678  2354  0  0  0  1  2  0  3  0  201  228468  32556  15642  606  
0  0  0  0  0  2  23  0  0  0  0  0  0  0  0  0  0  0  0  0  0  0  0  0  0  0  0  0  0  0  0  17  0  0  0  0  0  0  0  0  0  0  0  0  0  0  0  0  0  0  0  6  0  3  0  0  0  0  0  0  0  0  0  0  0  49  1  1  0  0  0  0  0  0  9916  0  0  26  573  4808  39  7  74  52  0  34  0  49  104  479  2  404  8  0  0  0  180  9  2  12  2  10  300  1  45  16995  0  0  0  0  0  0  407  34  211  0  0  4  1559  4  240  4  332  0  0  7572  2283  644  28  3292  3  131  0  0  0  24  2291  5863  589  2095  489  6308  759  10  4  0  290  0  0  7  0  22  9  28  165  0  3  12727  155834  57566  
0  0  0  0  0  0  0  0  0  0  0  0  0  0  0  0  0  0  0  0  0  0  1  0  0  0  0  0  0  0  0  0  0  0  0  0  0  0  0  0  0  0  0  0  0  0  0  0  0  0  0  0  0  0  0  0  0  0  0  0  0  0  0  0  0  0  0  0  0  0  0  0  0  0  0  26  0  32  0  0  0  0  2  1899  0  0  0  0  0  0  3729  10  2  0  340  425  88106  5  0  11  0  0  0  0  574  1960  0  54  50  0  1080  336  0  0  546  0  3480  1281  1  0  0  4640  2  5193  20  0  0  0  6  1  10  0  3347  4416  34556  0  807  0  16  62  0  1  1  0  0  2978  5023  0  2  0  26  4  0  0  95663  2  0  50898  6545  116  
0  0  0  0  0  0  0  0  0  0  0  0  0  0  0  0  0  0  0  0  0  0  6  0  0  0  0  0  0  0  0  45  0  0  0  0  0  0  0  0  0  0  0  0  0  0  0  0  0  0  0  0  0  0  0  0  0  0  0  0  0  0  5  0  0  0  0  0  0  0  0  0  0  0  0  1  0  4  0  0  0  0  1  16  0  0  0  0  0  0  4617  5869  0  0  22  19  2148  1  0  0  0  0  1  0  431  2949  1  0  12  0  0  0  0  0  68  0  8  19  9  0  36  3701  1  0  2  0  0  0  2  57  0  0  16  0  16  0  893  0  7  16  9  1  1  0  0  10  986  2  0  0  16  975  0  51  11669  48518  43311  0  49042  37115  
0  0  0  0  0  1  17  0  0  0  0  0  0  0  0  0  0  0  0  0  0  0  0  0  0  0  0  0  0  0  0  0  0  0  0  0  0  0  0  0  0  0  0  0  0  0  0  0  0  0  0  6  0  1  0  0  0  0  0  0  0  0  0  0  0  10  0  0  0  0  0  0  0  0  8505  0  0  25  315  1339  46  18  91  79  0  30  0  90  79  370  28955  36019  21  0  1  0  31438  5725  16  16  3  25  114  1  2446  12692  0  0  52  1  0  1  498  40  6070  0  10  16  1384  8  26480  27405  37545  0  1  8532  2320  345  93  2741  7  145  32  0  15  26  21093  2729  510  767  928  7219  255  0  3  21  1874  1  0  2  0  0  2  0  10384  103583  3791  14887  0  150818  
0  0  0  0  0  0  0  0  0  0  0  0  0  0  0  0  0  0  0  0  0  0  0  0  0  0  0  0  0  0  0  33  0  0  0  0  0  0  0  0  0  0  0  0  0  0  0  0  0  0  0  0  0  0  0  0  0  0  0  0  0  0  1  0  0  0  0  0  0  0  0  0  0  0  1  0  0  1  0  5  4  1  21  14  0  0  0  0  0  2  168  15402  3  0  2  0  11433  3  0  0  2  10  120  1  79  10287  0  0  0  0  0  0  0  1  16  0  0  0  630  6  841  4  9  0  0  24  1  11  1  1307  0  40  0  0  0  0  78  0  134  84  311  66  18  0  3  1  68  0  0  0  0  35  0  65  993  199851  1561  54620  376941  0  
