0  0  0  0  44130  13772  0  0  0  0  0  1  5  30  53167  699  0  0  0  0  0  0  0  55008  0  0  0  0  0  0  16166  2561  0  0  0  0  0  0  87  17  0  0  0  0  0  0  1819  0  356  0  0  1427  21906  3  0  0  0  0  0  0  0  43463  943  10637  0  112  0  29  0  12131  0  0  0  0  0  0  0  0  0  0  0  0  0  0  0  0  0  0  0  0  0  0  0  0  0  0  0  0  0  0  0  0  0  0  0  0  0  0  0  0  0  0  0  0  0  0  0  0  0  0  0  0  0  0  0  0  0  0  0  0  0  0  0  0  0  0  0  0  0  4  0  0  0  0  0  0  0  0  0  0  0  1  6906  171  0  0  0  0  0  0  
0  0  0  0  0  0  0  0  0  0  1  0  0  0  0  0  0  0  52124  2  64504  5164  1  0  0  0  0  0  0  0  0  0  0  0  0  3  775  28  0  0  12  29192  1  2739  1  0  0  20  0  0  49295  0  0  0  0  0  11658  132  43865  1307  7792  0  0  0  3  0  5  2  0  0  0  428  24  0  0  0  0  0  0  0  0  0  0  0  0  0  0  0  0  0  0  0  0  0  0  0  0  0  0  0  0  0  0  0  0  0  0  0  0  0  0  0  0  0  0  0  0  0  0  0  0  0  0  0  0  0  0  0  0  0  0  0  0  0  0  0  0  0  0  0  0  0  0  0  0  0  0  0  2  0  14  0  0  0  0  0  0  0  0  0  
0  0  0  0  0  0  0  14155  0  0  0  0  0  0  0  40819  0  0  0  0  0  0  0  0  0  0  16430  10737  39297  10248  0  0  0  0  0  0  0  0  0  0  0  0  0  0  43493  48776  0  0  0  0  0  0  0  1  0  1  0  0  0  0  0  0  0  0  0  1  8439  0  10  0  59  0  0  0  0  0  506  0  0  0  0  340  3  0  0  0  0  0  0  39  0  0  0  0  0  0  0  0  0  0  0  0  0  66  0  0  0  0  0  0  0  0  0  0  0  0  0  0  0  97  0  0  0  0  0  0  0  0  0  0  0  0  0  0  0  0  0  0  0  0  0  0  0  0  1  0  0  0  0  1  0  0  0  0  0  0  0  0  0  0  
1  0  0  0  1  0  0  2  0  21  0  45392  0  3  0  1  26  1  1  0  7  1  9  0  0  45649  3  46105  26808  0  0  0  146  269  7  21  0  3  0  12  9549  0  10  4  29889  0  0  410  40055  4  0  4  1  1  0  79  8  3  4  5  81  0  0  0  20  19  497  19322  2  0  1  0  202  1  0  0  0  0  0  0  0  0  0  0  0  0  0  0  0  0  0  0  0  0  0  0  0  0  0  0  0  0  0  0  0  0  0  0  0  0  0  0  0  0  0  0  0  0  0  0  0  0  0  0  0  0  0  0  0  0  0  0  0  0  0  0  0  0  0  0  0  0  0  0  0  0  0  0  31  0  251  24  164  0  0  0  0  0  0  0  
38100  0  0  0  0  17582  18  0  0  0  0  1  1  16  382  33366  0  0  0  0  0  0  0  16  0  0  0  0  0  0  5640  690  0  0  0  0  0  0  9  18  0  0  0  0  0  0  126  0  162  0  0  858  38352  22  0  0  0  0  0  0  0  47  7  99  0  919  0  23  0  2679  0  0  0  0  0  0  0  0  0  1  0  0  0  0  0  0  0  0  0  1  0  0  0  0  0  0  0  0  0  0  0  0  0  0  0  0  0  0  0  0  0  0  0  0  0  0  0  0  0  0  0  0  0  0  0  1  0  0  0  0  0  0  0  0  0  0  0  0  0  12  0  0  0  0  0  0  0  0  0  0  0  0  1633  39  0  0  0  0  0  0  
12872  0  0  0  24519  0  24970  358  129  1  0  8  18  204  271  103521  0  1  0  0  0  0  0  146  0  0  0  0  0  1  3603  41317  0  0  0  0  0  0  22  256  0  0  0  0  14  29  632  0  4057  0  0  8908  35983  15663  0  1  0  0  0  0  0  360  80  4987  0  76410  4  179  17  57551  10  0  0  0  1  0  0  0  1  3437  178  19  3  0  0  0  0  0  0  781  0  0  0  0  0  0  0  0  0  0  0  0  0  0  51  403  0  0  0  0  0  0  0  0  0  0  0  0  0  0  0  0  0  0  0  2  1  1  0  0  0  0  0  0  0  0  2  0  0  2668  0  3  0  24  0  0  0  0  0  27105  0  241  12826  1710  0  2  0  0  1  0  
10  0  0  0  38  24985  0  24574  373  2  0  0  0  5  9  49229  0  0  0  0  0  0  0  0  0  0  0  0  0  5  0  15  0  0  0  0  0  0  0  4  0  0  0  0  23  140  3  0  39  0  0  400  561  9673  0  0  0  0  0  0  0  1  1  0  0  18001  1  13  141  1  41  0  0  0  0  0  0  0  0  11  655  446  0  0  0  0  0  0  0  2  0  0  0  0  0  0  0  0  0  0  0  0  0  0  0  0  0  0  0  0  0  0  0  0  0  0  0  0  1  0  0  0  0  0  0  5  0  1  0  0  0  0  0  0  0  0  0  0  0  604  0  2  0  0  0  0  0  0  0  274654  0  0  107  0  0  0  0  0  0  0  
0  0  6909  0  5  691  23466  0  11982  2  0  0  0  0  0  26635  0  0  0  0  0  0  0  0  0  0  0  0  4355  10  1  0  0  0  0  0  0  0  0  0  4  0  0  1  24066  21407  0  0  6  0  0  32  59  1692  0  3  0  0  0  0  0  0  1  0  0  24846  26  8  10195  0  82  0  0  0  0  0  0  0  0  0  313  9149  155  7  0  0  0  0  0  17  0  0  0  0  0  0  0  0  0  0  0  0  0  1  0  0  0  0  0  0  0  0  0  0  0  0  0  0  0  42  0  0  0  0  0  0  0  0  0  0  0  0  0  0  0  0  0  0  0  980  0  0  0  0  8  0  0  0  0  48574  0  0  8  0  0  0  0  0  0  0  
0  0  0  0  0  143  44  16005  0  7501  1  0  0  0  0  20  0  0  0  0  0  0  0  0  0  1  120  3  19  12385  0  1  0  0  0  20  0  0  0  0  68  0  0  70  427  22402  0  3  8  0  0  18  18  225  2  1228  0  14  0  0  0  0  0  0  433  46052  931  9  70  0  44776  0  160  0  0  0  0  0  0  0  16  270  4447  308  12  0  0  0  0  0  0  0  0  0  0  8  0  0  0  0  0  0  0  647  0  0  0  0  0  0  0  0  0  0  0  0  0  0  0  9  0  0  0  0  0  0  0  0  0  0  0  0  0  0  0  0  0  0  61  3884  0  0  0  0  3954  0  0  0  0  47  1  5  272  13  0  0  0  0  0  0  
0  3  0  1  0  4  0  2  5543  0  2  0  0  0  0  0  5  0  0  0  5  3687  12709  0  0  3  26  0  7  14178  0  0  0  1  0  42  0  2  0  0  275  0  0  25049  141  2  0  19  10  0  1  4  1  1  1  1065  19  18  1  1  19  0  0  0  4492  69181  497  8  6  0  44  0  580  0  0  0  0  0  0  0  0  0  110  3204  28  0  0  0  0  0  0  0  0  0  0  37  238  0  0  0  0  0  0  67  0  0  0  0  0  0  0  0  0  0  1  0  0  2  1  0  0  0  0  0  0  0  0  0  0  1  0  0  0  0  0  0  0  0  33  8847  2  0  0  0  3  0  0  0  1  0  599  81  439  10  0  1  6  25  10  1  
0  0  0  0  0  0  0  0  0  1  0  0  0  0  0  0  0  0  2  58487  0  10982  0  0  0  0  394  0  0  3577  0  0  0  0  0  0  0  0  0  0  1  9099  0  96039  0  0  0  0  0  0  2  0  0  0  0  2  16  774  0  0  0  0  0  0  64435  0  0  0  0  0  0  0  3  0  0  0  0  0  0  0  0  0  0  0  11608  0  0  0  0  0  0  0  0  3  0  230  0  0  0  0  0  0  0  60  0  0  0  0  0  0  0  0  0  0  0  39  0  205  0  0  0  0  0  0  0  0  0  0  0  0  0  0  0  0  0  0  0  0  104  0  0  0  0  0  0  0  0  0  0  0  0  0  0  0  0  0  0  0  0  0  
8  0  0  34942  3  19  0  0  0  1  0  0  2  19804  9436  1  23  123  0  0  0  0  0  1  0  317  0  1  1516  0  0  0  110  125  27  0  0  1  24  47751  201  0  1  1  1917  0  8  106  62070  0  0  23238  20  2  0  0  0  0  1  0  10  5  0  0  1  4  9  79386  0  0  0  0  23  0  0  0  0  0  0  0  0  0  0  0  0  0  0  0  0  0  0  0  0  0  0  0  0  0  0  0  0  0  0  0  0  0  0  0  0  0  0  0  0  0  0  0  0  0  0  0  0  0  0  0  0  0  0  0  0  0  0  0  0  0  0  0  0  0  0  2  0  0  0  0  0  0  0  0  4  0  28  3  64  0  0  0  0  0  0  0  
28  0  0  0  9  45  0  0  0  0  0  6  0  11543  6  0  0  41  0  0  0  0  0  21049  0  0  0  0  0  0  1  0  0  128  352  0  0  0  37030  108  0  0  1  0  0  0  16380  27  556  0  0  253  12  0  0  0  0  0  0  0  0  12327  32  763  0  1  0  4  0  1  0  0  0  0  0  0  0  0  0  0  0  0  0  0  0  0  0  0  0  0  0  0  0  0  0  0  0  0  0  0  0  0  0  0  0  0  0  0  0  0  0  0  0  0  0  0  0  0  0  0  0  0  0  0  0  0  0  0  0  0  0  0  0  0  0  0  0  0  0  0  0  0  0  0  0  0  0  0  1  0  0  0  70  0  0  0  0  0  0  0  
10  0  0  0  11  94  1  0  0  0  0  18409  7528  0  9185  2  0  8  0  0  0  0  0  160  0  0  0  0  1  0  0  2  0  1  1  0  0  0  38054  53094  0  0  0  0  1  0  173  1  13105  0  0  43075  92  13  0  0  0  0  0  0  0  32921  2  179  0  16  0  133  0  0  0  0  0  0  0  0  0  0  0  0  0  0  0  0  0  0  0  0  0  0  0  0  0  0  0  0  0  0  0  0  0  0  0  0  0  0  0  0  0  0  0  0  0  0  0  0  0  0  0  0  0  0  0  0  0  0  0  0  0  0  0  0  0  0  0  0  0  0  0  8  0  0  0  0  0  0  0  0  0  0  0  0  52  0  0  0  0  0  0  0  
55142  0  0  0  453  540  0  0  0  0  0  10655  0  11180  0  118  0  0  0  0  0  0  0  15058  0  0  0  0  11915  0  27  195  0  0  0  0  0  0  19  2  0  0  0  0  184  0  1664  0  268  0  0  242734  100281  69343  0  0  0  0  0  0  0  55533  431  114  0  41  0  24831  10076  69  0  0  0  0  0  0  0  0  0  0  0  0  0  0  0  0  0  0  0  0  0  0  0  0  0  0  0  0  0  0  0  0  0  0  0  0  0  0  0  0  0  0  0  0  0  0  0  0  0  0  0  0  0  0  0  0  0  0  0  0  0  0  0  0  0  0  0  0  0  9  0  0  0  0  0  0  0  0  0  0  0  0  3087  26  0  0  0  0  0  0  
1049  0  42882  0  46959  112986  54581  27865  0  0  0  0  0  7  292  0  0  0  0  0  0  0  0  1  0  0  0  0  9282  0  3868  1462  0  0  0  0  0  0  0  6  0  0  0  0  520  20  6  0  86  0  0  186  33531  127116  0  0  0  0  0  0  0  10  0  35  0  5846  0  7  19822  8332  0  0  0  0  0  0  4  0  0  812  95  792  1  0  0  0  0  0  0  3172  0  0  0  0  0  0  0  0  0  0  0  0  0  0  0  5  0  0  0  0  0  0  0  0  0  0  0  0  0  3  0  0  0  0  0  2  0  0  0  0  0  0  0  0  0  0  0  0  0  33  0  2  0  0  0  0  0  0  0  217067  0  1  125  151  0  0  0  0  0  0  
0  0  0  54  0  0  0  2  22  74  0  202  0  0  0  0  0  38783  0  0  2  0  12306  47  0  17  6  4  1  6  0  1427  1071  609  8833  1  0  0  0  0  9086  0  2845  15  68  1  289  53690  20212  3  0  1  0  1  0  1540  0  1  1  0  0  0  6  0  26  227  1806  2  2  0  51  0  65  0  0  0  0  0  0  0  0  0  0  0  0  0  0  0  0  0  0  0  0  0  0  0  0  0  0  0  0  0  0  0  0  0  0  0  0  0  0  0  0  0  0  0  0  0  0  0  0  0  0  0  0  0  0  0  0  0  0  0  0  0  0  0  0  0  0  0  0  0  0  0  0  0  0  0  5449  0  44  128  90647  7  0  0  0  0  0  0  
0  0  0  10  0  1  0  0  0  2  0  753  112  59  1  0  34110  0  0  0  0  0  6648  4319  0  2  0  0  1  0  1  16321  15  3  487  0  0  0  15  0  2  0  0  0  7  0  36855  8445  48763  0  0  0  0  2  0  51  0  0  0  0  0  1  2220  0  1  8  94  23  1  0  4  0  5  0  0  0  0  0  0  0  0  0  0  0  0  0  0  0  0  0  0  0  0  0  0  0  0  0  0  0  0  0  0  0  0  0  0  0  0  0  0  0  0  0  0  0  0  0  0  0  0  0  0  0  0  0  0  0  0  0  0  0  0  0  0  0  0  0  0  0  0  0  0  0  0  0  0  0  4071  0  5  1127  132297  106  0  0  0  0  0  0  
0  59356  0  0  0  0  0  0  1  4  1  0  0  0  0  0  0  0  0  4757  271  40  0  0  23852  0  0  0  0  1  0  0  0  0  0  5  30  11572  0  0  49  45391  4  767  2  0  0  44  0  0  83  0  0  0  0  261  139198  74217  36709  146  35  0  0  0  44  1  5  0  0  0  0  86  37964  0  0  0  0  0  0  0  0  0  0  0  0  0  0  0  0  0  0  0  0  0  0  0  0  0  0  0  0  0  0  0  0  0  0  0  0  0  0  0  0  0  0  0  0  0  0  0  0  0  0  0  0  0  0  0  0  0  0  0  0  0  0  0  0  0  0  0  0  0  0  0  0  0  0  0  9  0  24  1  5  0  0  0  0  0  0  0  
0  0  0  0  0  0  0  0  0  0  51344  0  0  0  0  0  0  0  4220  0  0  106  0  0  164  0  13335  0  0  128  0  0  0  0  0  3  0  0  0  0  15  3134  0  14365  0  0  0  2  0  0  9  0  0  0  0  10831  152  49214  0  0  6  0  0  0  23518  0  7  0  1  0  0  0  15  0  0  0  0  0  0  0  0  0  0  0  2  0  0  0  0  0  0  0  0  0  0  0  0  0  0  0  0  0  0  0  0  0  0  0  0  0  0  0  0  0  0  0  0  0  0  0  0  0  0  0  0  0  0  0  0  0  0  0  0  0  0  0  0  0  3  0  0  0  0  0  0  0  0  0  0  0  0  0  0  0  0  0  0  0  0  0  
0  57555  0  0  0  0  0  0  0  3  0  0  0  0  0  0  1  0  45  0  0  907  771  0  7  7  0  0  0  0  0  16  0  4  1  12  6239  942  0  0  118  15  10  14  7  0  0  81  3  18520  22809  0  0  0  0  5  313  391  16619  76400  127786  0  3  0  23  2  24  1  0  0  0  158  1133  1  0  0  0  0  0  0  0  0  0  0  0  0  0  0  0  0  0  0  0  0  0  0  0  0  0  0  0  0  0  0  0  0  0  0  0  0  0  0  0  0  0  0  0  0  0  0  0  0  0  0  0  0  0  0  0  0  0  0  0  0  0  0  0  0  0  0  0  0  0  0  0  0  0  0  4  0  1755  60  8  5  0  0  0  0  0  0  
0  669  0  0  0  0  0  0  1  4132  5264  0  0  0  0  0  0  0  20  279  444  0  28089  0  1  0  0  0  0  168  0  1  0  0  0  1  0  3  0  0  12  30809  0  150937  3  0  0  3  1  0  48591  0  0  0  0  1  772  1892  19  4  90640  0  0  0  500  23  3  0  0  0  0  0  10  0  0  0  0  0  0  0  0  0  1  5  607  0  0  0  0  0  0  0  0  0  0  5170  0  0  0  0  0  0  0  1  0  0  0  0  0  0  0  0  0  0  0  72  0  1366  0  0  0  0  0  0  0  0  0  0  0  0  0  0  0  0  0  0  0  0  0  0  0  0  0  0  0  0  0  0  0  0  1084  21  4  0  0  0  0  0  0  0  
0  4  0  1  0  0  0  0  0  13080  0  1  0  0  0  0  17987  13917  1  0  1765  22387  0  63  0  1  0  0  0  0  0  8590  0  19  33122  15  191  17  0  0  90  0  34543  15761  21  0  111  3814  4  25291  1  0  0  0  0  1  13  2  45  123  46781  0  47  0  3  48  16  2  0  0  0  13  272  0  0  0  0  0  0  0  0  0  0  0  0  0  0  0  0  0  0  0  0  0  0  0  4  0  0  0  0  0  0  0  1  0  0  0  0  0  0  0  0  0  0  0  0  0  0  0  0  0  0  0  0  0  0  0  0  0  0  0  0  0  0  0  0  0  0  1  0  0  0  0  0  0  0  0  49509  0  95787  1960  660  21  0  0  10  5  0  0  
63443  0  0  0  85  348  1  0  0  0  0  1  28235  3835  15730  6  24  3965  0  0  0  0  69  0  0  0  0  0  0  0  33302  7129  0  373  1657  0  0  4  9022  36  0  0  337  0  1  0  63640  3653  7873  0  0  487  64  1  0  0  0  0  0  0  0  58529  86549  130722  0  5  0  7  0  6262  0  0  0  0  0  0  0  0  0  0  0  0  0  0  0  0  0  0  0  0  0  0  0  0  0  0  0  0  0  0  0  0  0  0  1  0  0  0  0  0  0  0  0  0  0  0  0  0  0  0  0  0  0  0  0  0  0  0  0  0  0  0  0  0  0  0  0  0  0  3  0  0  0  0  0  0  0  0  146  0  2  0  6365  6  0  0  0  0  0  0  
0  15  0  0  0  0  0  0  1  3  0  0  0  0  0  0  0  0  25502  142  29  0  0  0  0  41660  1106  2  0  0  0  0  0  0  0  4  0  7  0  0  24  0  1  4  0  0  0  2  0  0  0  0  0  0  16308  77999  11  7198  95  27  6  0  0  0  29  9  62  0  0  0  1  7  93495  0  0  0  0  0  0  0  0  0  0  0  0  0  0  0  0  0  0  0  0  0  0  0  0  0  0  0  0  0  0  0  0  0  0  0  0  0  0  0  0  0  0  0  0  0  0  0  0  0  0  0  0  0  0  0  0  0  0  0  0  0  0  0  0  0  0  0  0  0  0  0  0  0  0  0  1  0  0  0  1  0  0  0  0  0  0  0  
0  0  0  42745  0  1  0  0  1  31  0  758  0  0  0  0  34  0  0  0  9  1  2  0  33773  0  1817  19476  1  1  0  0  5775  5445  8  56989  0  9  0  1  100162  0  29  10  2943  0  0  679  6040  9  1  0  0  1  37746  21145  26  13  8  6  128  1  0  0  39  31  73305  967  7  0  0  2  8464  290  0  0  0  0  0  0  0  0  0  0  0  0  0  0  0  0  0  0  0  0  0  0  0  0  0  0  0  0  0  0  0  0  0  0  0  0  0  0  0  0  0  0  0  0  0  0  0  0  0  0  0  0  0  0  0  0  0  0  0  0  0  0  0  0  0  0  0  0  0  0  0  0  0  0  83  0  298  31  773  2  0  0  0  0  0  0  
0  0  17548  0  0  0  0  4  20  8  290  0  0  0  0  0  0  0  0  12035  0  0  0  0  3364  5218  0  102  8  136907  0  0  0  0  0  1  0  0  0  0  5  0  0  3  82  5669  0  0  0  0  0  0  0  8  0  124534  0  2  0  0  0  0  0  0  32550  83  82916  4  25  0  25387  0  2  0  0  0  0  0  0  0  0  0  0  0  2  0  0  0  0  0  0  0  0  0  0  0  0  0  0  0  0  0  0  57  0  0  0  0  0  0  0  0  0  0  0  0  0  0  0  0  0  0  0  0  0  0  0  0  0  0  0  0  0  0  0  0  0  0  2  0  0  0  0  0  0  0  0  0  0  0  0  2  8  0  0  0  0  0  0  0  
0  0  9707  40212  0  0  0  2  1  2  0  1  0  0  0  0  0  0  0  0  0  0  0  0  2  28117  87  0  3176  0  0  0  0  0  0  5  0  0  0  0  98  0  0  3  148882  153  0  25  38  0  0  0  0  0  0  11  2  1  0  0  5  0  0  0  3  4  109653  17  3  0  2  0  12  0  0  0  0  0  0  0  0  0  0  0  0  0  0  0  0  0  0  0  0  0  0  0  0  0  0  0  0  0  0  0  0  0  0  0  0  0  0  0  0  0  0  0  0  0  0  0  0  0  0  0  0  0  0  0  0  0  0  0  0  0  0  0  0  0  0  0  0  0  0  0  0  0  0  0  0  0  12  0  28  0  0  0  0  0  0  0  
0  0  34129  24058  1  31  4  7479  150  36  0  993  0  0  15779  6719  0  0  0  0  0  0  0  0  0  1  0  5717  0  0  0  0  0  0  0  0  0  0  0  3  172  0  0  3  145211  44  0  8  118  0  0  151  2  204  0  49  1  0  0  0  0  0  0  0  8  1723  641  89344  68900  0  3  0  7  0  0  0  0  0  0  0  0  0  0  0  0  0  0  0  0  0  0  0  0  0  0  0  0  0  0  0  0  0  0  0  0  0  0  0  0  0  0  0  0  0  0  0  0  0  0  0  0  0  0  0  0  0  1  0  0  0  0  0  0  0  0  0  0  0  0  6  0  1  0  0  0  0  0  0  0  33  0  0  153  1  0  0  0  0  0  0  
0  0  10044  0  0  0  0  4  12125  12199  3533  0  0  0  0  1  1  0  0  57  0  142  7  0  0  0  145594  0  4  0  0  0  0  0  0  24  0  0  0  0  67  0  0  8514  61  36426  0  1  5  0  0  3  0  16  1  7484  0  11  0  0  0  0  0  0  83080  316  262  4  9  0  101042  0  369  0  0  0  74  0  0  0  0  4  557  84  2360  0  0  0  0  3  0  0  0  89  0  124  0  0  0  0  8  0  0  19785  0  0  0  0  0  0  0  0  0  0  0  0  0  4  0  415  0  0  0  0  0  0  0  0  0  0  0  0  0  0  0  0  0  0  1734  8  0  0  0  0  1402  0  0  0  0  0  0  4  225  15  0  0  0  0  0  0  
16956  0  0  0  9213  3543  0  0  0  0  0  0  0  0  34  4678  0  0  0  0  0  0  1  38928  0  0  0  0  0  0  0  17628  0  0  0  0  0  0  0  0  0  0  0  0  0  0  2  0  6  0  0  12  25  0  0  0  0  0  0  0  0  104  65803  888  0  10  0  1  0  68961  0  0  0  0  6  0  0  0  1  159  0  0  0  0  0  0  0  0  0  48  0  0  0  0  0  0  0  7  0  0  0  0  0  0  333  20  0  0  0  0  0  0  0  0  0  0  0  0  0  0  0  0  0  0  0  0  0  0  0  0  0  0  0  0  0  0  1  0  0  1  0  0  0  35  0  0  0  0  0  0  1  1  1352  96  0  0  0  58  0  1  
1035  0  0  0  328  26120  7  1  0  0  0  0  0  1  62  1168  951  27729  0  0  0  1  9855  8060  0  0  0  0  0  0  14910  0  0  0  223  0  0  0  0  3  0  0  1  0  0  0  2509  2060  55  1  0  138  312  4  0  0  0  0  0  0  0  135  32985  1290  0  16788  0  3  0  27080  0  0  0  0  0  0  0  0  0  1207  0  0  0  0  0  0  0  0  0  0  0  6  0  0  0  1  175  0  0  0  0  0  0  0  17  3266  0  0  0  0  0  0  0  0  0  0  0  0  0  0  2  0  0  0  0  0  0  0  0  0  0  0  0  0  0  0  6  0  0  120  0  0  0  1  0  0  0  0  4108  0  568  7780  47216  35006  26  95  2  263  2  2296  
0  0  0  119  0  0  0  0  0  0  0  116  0  0  0  0  270  2  0  0  2  0  0  0  0  3983  0  0  0  0  0  0  0  37728  47  972  0  0  0  0  23003  0  0  0  0  0  0  44533  127  0  0  0  0  0  0  1  0  0  0  0  0  0  0  0  0  0  1  0  0  0  0  0  454  64457  0  0  0  0  0  0  0  0  0  0  0  0  0  0  0  0  0  0  0  0  0  0  0  0  0  0  0  0  0  0  0  0  0  0  0  0  0  0  0  0  0  0  0  0  0  0  0  0  0  0  0  0  0  0  0  0  0  0  0  0  0  0  0  0  0  0  0  0  0  0  0  0  0  0  1  0  26  15  90  0  0  0  0  0  0  0  
0  0  0  462  0  0  0  0  0  0  0  136  68  18  0  0  372  2  1  0  2  0  8  589  0  4357  0  0  0  0  0  0  43015  0  94152  69594  1  14898  1  0  413  0  26001  0  8  0  92  33082  4  1358  0  0  0  0  171  0  2  0  8  12  4  0  0  0  1  0  0  2  0  0  0  1840  142478  30868  0  0  0  0  0  0  0  0  0  0  0  0  0  0  0  0  0  0  0  0  0  0  0  0  0  0  0  0  0  0  0  0  0  0  0  0  0  0  0  0  0  0  0  0  0  0  0  0  0  0  0  0  0  0  0  0  0  0  0  0  0  0  0  0  0  0  0  0  0  0  0  0  0  0  154  0  377  20  66  0  0  0  0  0  0  0  
0  0  0  0  0  0  0  0  0  0  0  15  238  10  0  0  14494  428  1  0  0  0  43322  2355  0  0  0  0  0  0  0  86  76  68420  0  0  1  8  1  0  5  0  34123  0  2  0  1569  60831  1  291  0  0  0  0  0  0  3  1  6  3  1  0  6  0  0  0  0  1  0  0  0  0  22369  2  0  0  0  0  0  0  0  0  0  0  0  0  0  0  0  0  0  0  0  0  0  0  0  0  0  0  0  0  0  0  0  0  0  0  0  0  0  0  0  0  0  0  0  0  0  0  0  0  0  0  0  0  0  0  0  0  0  0  0  0  0  0  0  0  0  0  0  0  0  0  0  0  0  0  8235  0  637  32  691  0  0  0  0  0  0  0  
0  0  0  14  0  0  0  0  18  86  0  2  0  0  0  0  2  0  1  0  14  0  5  0  5  60229  0  0  1  19  0  0  913  70260  3  0  0  8  0  0  26184  0  17  21  70  0  0  1023  22  48  0  1  0  0  21941  1044  8  4  4  19  87  0  0  0  203  85  1048  12  1  0  1  1  23017  29654  0  0  0  0  0  0  0  0  0  0  0  0  0  0  0  0  0  0  0  0  0  0  0  0  0  0  0  0  0  0  0  0  0  0  0  0  0  0  0  0  0  0  0  0  0  0  0  0  0  0  0  0  0  0  0  0  0  0  0  0  0  0  0  0  0  0  0  0  0  0  0  0  0  0  35  0  373  33  280  0  0  0  0  0  0  0  
0  901  0  0  0  0  0  0  0  0  0  0  0  0  0  0  0  0  99  0  7612  0  320  0  0  0  0  0  0  0  0  0  0  29  1  0  0  112955  0  0  1  0  22148  0  0  0  0  2  0  50169  0  0  0  0  0  0  2  0  7694  46572  68  0  0  0  0  0  0  0  0  0  0  106919  1237  0  0  0  0  0  0  0  0  0  0  0  0  0  0  0  0  0  0  0  0  0  0  0  0  0  0  0  0  0  0  0  0  0  0  0  0  0  0  0  0  0  0  0  0  0  0  0  0  0  0  0  0  0  0  0  0  0  0  0  0  0  0  0  0  0  0  0  0  0  0  0  0  0  0  0  3  0  57  0  0  0  0  0  0  0  0  0  
0  34  0  1  0  0  0  0  0  0  0  1  0  0  0  0  0  0  9705  0  968  0  1  6  5  5  0  0  0  0  0  0  0  27269  22  17  102443  0  0  0  46  0  22529  2  4  0  0  416  13  14989  1  0  0  0  0  2  141  132  9517  17145  315  0  0  0  8  0  1  1  0  0  0  100449  182404  1  0  0  0  0  0  0  0  0  0  0  0  0  0  0  0  0  0  0  0  0  0  0  0  0  0  0  0  0  0  0  0  0  0  0  0  0  0  0  0  0  0  0  0  0  0  0  0  0  0  0  0  0  0  0  0  0  0  0  0  0  0  0  0  0  0  0  0  0  0  0  0  0  0  0  200  0  529  0  3  0  0  0  0  0  0  0  
74  0  0  0  47  276  1  0  0  0  0  8  38929  37588  64  7  0  4  0  0  0  0  0  2769  0  0  0  0  0  0  1  5  0  0  0  0  0  0  0  3883  0  0  0  0  0  0  7365  0  21824  0  0  2650  85  1  0  0  0  0  0  0  0  8530  1260  1375  0  21  0  15  0  3  0  0  0  0  0  0  0  0  0  0  0  0  0  0  0  0  0  0  0  0  0  0  0  0  0  0  0  0  0  0  0  0  0  0  0  0  0  0  0  0  0  0  0  0  0  0  0  0  0  0  0  0  0  0  0  0  0  0  0  0  0  0  0  0  0  0  0  0  0  0  0  0  0  0  0  0  0  0  0  0  0  0  267  3  0  0  0  0  0  0  
20  0  0  2  19  131  0  0  0  0  0  32680  38  63132  3  7  0  1  0  0  0  0  0  44  0  0  0  0  3  0  1  3  0  0  0  0  0  0  5510  0  0  0  0  0  0  0  121  0  39689  0  0  5922  96  7  0  0  0  0  0  0  0  145  4  32  0  23  0  587  0  0  0  0  0  0  0  0  0  0  0  0  0  0  0  0  0  0  0  0  0  0  0  0  0  0  0  0  0  0  0  0  0  0  0  0  0  0  0  0  0  0  0  0  0  0  0  0  0  0  0  0  0  0  0  0  0  0  0  0  0  0  0  0  0  0  0  0  0  0  0  10  0  0  0  0  0  0  0  0  0  0  0  0  142  0  0  0  0  0  0  0  
1  20  0  3240  0  7  1  4  46  397  0  324  0  8  0  0  10874  2  9  0  162  5  32  0  3  81985  6  15  28  22  0  0  15697  1005  47  26912  0  19  0  6  0  0  305  104  5405  10  2  60122  29926  112  0  49  2  22  82  2142  197  89  81  84  432  2  0  2  491  466  9420  3026  72  0  54  7  16065  11715  0  0  0  0  0  0  0  0  0  0  0  0  0  0  0  0  0  0  0  0  0  0  0  0  0  0  0  0  0  0  0  0  0  0  0  0  0  0  0  0  0  0  0  0  0  0  0  0  0  0  0  0  0  0  0  0  0  0  0  0  0  0  0  0  0  2  0  0  0  0  0  0  0  0  758  1  6532  1450  16715  12  0  0  0  0  0  0  
0  25691  0  0  0  0  0  0  0  0  11365  0  0  0  0  0  0  0  39209  4936  21  33828  0  0  0  0  0  0  0  0  0  0  0  0  0  0  0  0  0  0  0  0  0  33342  0  0  0  0  0  0  14357  0  0  0  0  0  24462  502  0  0  7  0  0  0  0  0  0  0  0  0  0  0  0  0  0  0  0  0  0  0  0  0  0  0  0  0  0  0  0  0  0  0  0  0  0  0  0  0  0  0  0  0  0  0  0  0  0  0  0  0  0  0  0  0  0  0  0  0  0  0  0  0  0  0  0  0  0  0  0  0  0  0  0  0  0  0  0  0  0  0  0  0  0  0  0  0  0  0  0  0  0  0  0  0  0  0  0  0  0  0  
0  0  0  0  0  0  0  0  0  0  0  1  1  0  0  0  855  1  0  0  10  0  22863  528  0  2  0  0  0  0  0  5  0  22315  28788  2  21454  17663  0  0  50  0  0  0  5  0  221  3333  3  34141  0  0  0  0  0  0  2  1  45  26  9  0  1  2  0  0  0  1  0  0  0  686  5354  1  0  0  0  0  0  0  0  0  0  0  0  0  0  0  0  0  0  0  0  0  0  0  0  0  0  0  0  0  0  0  0  0  0  0  0  0  0  0  0  0  0  0  0  0  0  0  0  0  0  0  0  0  0  0  0  0  0  0  0  0  0  0  0  0  0  0  0  0  0  0  0  0  0  0  33727  0  7740  13  137  0  0  0  0  0  0  0  
0  714  0  2  0  6  2  0  66  22481  86646  0  0  0  1  0  2  0  378  11213  169  136832  15070  0  0  9  5  0  4  10557  0  0  0  2  0  30  0  8  0  0  287  35099  1  0  131  1  0  96  6  0  4300  2  0  2  1  231  11158  17959  194  8  2108  0  0  0  68863  3738  373  12  11  0  6  1  710  0  0  0  0  0  0  0  0  0  2  3  2649  0  0  0  0  0  0  0  0  0  0  239  0  0  0  0  0  0  0  9  0  0  0  0  0  0  0  0  0  0  0  123  0  679  0  0  0  0  0  0  0  0  0  0  0  0  0  0  0  0  0  0  0  0  2  3  0  0  0  0  0  0  0  0  2  0  3429  14  76  2  0  0  0  0  0  0  
1  3  39971  29625  1  79  13  28342  170  193  0  323  0  9  36  272  2  1  0  0  6  1  13  0  0  5315  45  154523  145406  9  0  2  0  0  2  30  0  0  1  18  2044  0  4  42  0  23846  2  495  5605  1  0  181  13  981  0  841  39  15  4  1  81  7  0  4  117  7109  24963  55420  13004  0  153  0  301  4  0  0  0  0  0  0  0  0  0  0  0  0  0  0  0  0  0  0  0  0  0  0  0  0  0  0  0  0  0  0  0  0  0  0  0  0  0  0  0  0  0  0  0  0  0  0  0  0  0  0  0  3  0  0  0  0  0  0  0  0  0  0  0  0  0  19  0  3  0  0  0  0  0  0  17  36  329  27  1870  26  0  0  0  0  0  0  
0  0  50054  0  0  53  11  27314  26255  52  0  0  0  0  0  17  0  0  0  0  0  0  0  0  0  0  5704  116  215  50796  0  0  0  0  0  0  0  0  0  0  4  0  0  12  27805  0  0  0  12  0  0  12  2  860  0  30  0  0  0  0  0  0  0  0  2  2224  23700  50  253  0  18934  0  1  0  0  0  112  0  0  0  0  208  89  0  0  0  0  0  0  19  0  0  0  0  0  0  0  0  0  0  0  0  0  174  0  0  0  0  0  0  0  0  0  0  0  0  0  0  0  119  0  0  0  0  0  0  0  0  0  0  0  0  0  0  0  0  0  0  0  1  0  0  0  0  315  0  0  0  0  36  0  0  36  5  0  0  0  0  0  0  
2372  0  0  0  454  912  5  0  0  0  0  35  15529  5272  3001  23  61  29827  0  0  0  0  41  62210  0  0  0  0  0  0  3  533  0  75  861  0  0  0  9233  165  0  0  45  0  1  0  0  7413  16870  0  0  3004  1986  17  0  0  0  0  0  0  0  3098  11867  15149  0  61  0  20  0  29  0  0  1  0  0  0  0  0  0  1  0  0  0  0  0  0  0  0  0  0  0  0  0  0  0  0  0  0  0  0  0  0  0  0  0  0  0  0  0  0  0  0  0  0  0  0  0  0  0  0  0  0  0  0  0  0  0  0  0  0  0  0  0  0  0  0  0  0  0  30  0  0  0  0  0  0  0  0  9  0  0  0  64801  6  0  0  0  0  0  0  
0  15  0  30  0  0  0  1  8  87  0  116  12  6  0  0  55048  10762  3  1  86  2  6787  2615  1  47  2  1  1  2  1  666  38049  33894  63576  137  0  47  0  0  28907  0  9125  20  160  0  10627  0  130  1480  0  0  0  1  2  751  227  41  160  99  60  0  2057  0  57  140  1999  47  5  0  26  15  91674  16917  0  0  0  0  0  0  0  0  0  0  0  0  0  0  0  0  0  0  0  0  0  0  0  0  0  0  0  0  0  0  0  0  0  0  0  0  0  0  0  0  0  0  0  0  0  0  0  0  0  0  0  0  0  0  0  0  0  0  0  0  0  0  0  0  0  0  0  0  0  0  0  0  0  0  7046  0  17541  3533  105662  53  0  0  0  0  0  0  
1122  1  0  39460  1081  7351  106  33  32  274  0  47497  423  18835  258  514  17385  40307  0  0  6  1  6  2323  0  4356  21  12  83  20  16  146  30  0  1  20  0  1  17503  31393  32304  0  7  30  13451  13  12957  313  0  2  0  26893  2337  788  1  2556  3  3  2  0  57  1467  2580  402  135  3360  4066  39894  94  22  68  0  189  2  0  0  0  0  0  2  2  1  1  0  0  0  0  0  0  0  0  0  0  0  0  0  0  0  0  0  0  0  0  0  0  0  0  0  0  0  0  0  0  0  0  0  0  0  0  0  0  0  1  0  0  11  0  2  0  0  0  0  0  0  0  0  0  0  0  355  0  11  0  0  0  0  0  0  19  8  128  56  141478  206  0  1  0  0  0  0  
0  0  0  17  0  0  0  0  0  0  0  0  0  0  0  0  0  0  8  0  14629  2  27021  0  1  30  0  0  0  0  0  0  0  2081  235  85  44359  21424  0  0  405  0  37677  1  26  0  0  1157  27  0  0  0  0  0  0  1  2  3  340  9896  12978  0  0  0  2  1  2  8  0  0  0  19954  25737  0  0  0  0  0  0  0  0  0  0  0  0  0  0  0  0  0  0  0  0  0  0  0  0  0  0  0  0  0  0  0  0  0  0  0  0  0  0  0  0  0  0  0  0  0  0  0  0  0  0  0  0  0  0  0  0  0  0  0  0  0  0  0  0  0  0  0  0  0  0  0  0  0  0  0  8382  0  61681  5  33  0  0  0  0  0  0  0  
0  39347  0  0  0  0  0  0  0  0  5  0  0  0  0  0  0  0  91  35  19875  47631  0  0  0  0  0  0  0  0  0  0  0  0  0  1  0  0  0  0  3  11101  0  2403  0  0  0  1  0  0  0  0  0  0  0  0  5289  1256  15  0  35782  0  0  0  14  0  2  0  1  0  0  0  5  0  0  0  0  0  0  0  0  0  0  0  0  0  0  0  0  0  0  0  0  0  0  6  0  0  0  0  0  0  0  0  0  0  0  0  0  0  0  0  0  0  0  0  0  0  0  0  0  0  0  0  0  0  0  0  0  0  0  0  0  0  0  0  0  0  0  0  0  0  0  0  0  0  0  0  0  0  1  0  1  0  0  0  0  0  0  0  
2273  0  0  0  1522  8165  175  9  7  0  0  21490  49  59761  192106  353  0  0  0  0  0  0  0  220  0  0  0  0  508  0  49  279  0  0  0  0  0  0  5745  12740  0  0  0  0  32  1  2329  0  22110  0  0  0  63885  37234  0  2  0  0  0  0  1  33748  416  709  0  3242  4  50644  15  72  0  0  0  0  0  0  0  0  0  3  0  1  0  0  0  0  0  0  0  0  0  0  0  0  0  0  0  0  0  0  0  0  0  0  0  0  0  0  0  0  0  0  0  0  0  0  0  0  0  0  0  0  0  0  0  19  1  5  0  0  0  0  0  0  0  0  0  0  0  1592  0  11  0  0  0  0  0  0  0  11  1  4  17541  70  0  2  0  0  1  0  
24995  0  0  0  44547  32793  161  9  6  0  0  6  1  306  113198  34376  0  0  0  0  0  0  0  14  0  0  0  0  0  0  7  568  0  0  0  0  0  0  2  217  0  0  0  0  6  1  289  0  1220  0  0  83960  0  45219  0  0  0  0  0  0  0  240  27  31  0  4289  0  254  5  27  0  0  0  0  0  0  0  0  0  7  0  2  0  0  0  0  0  0  0  1  0  0  0  0  0  0  0  0  0  0  0  0  0  0  0  0  0  0  0  0  0  0  0  0  0  0  0  0  0  0  0  0  0  0  0  1  0  0  0  0  0  0  0  0  0  0  0  0  0  536  0  1  0  0  0  0  0  0  0  2461  0  0  2608  19  0  1  0  0  0  0  
52  0  0  0  59  19050  3110  635  970  3  0  1  0  173  72134  136807  0  0  0  0  0  0  0  1  0  0  1  0  176  6  0  63  0  0  0  1  0  0  0  22  8  0  0  0  1410  232  43  0  388  0  0  40470  46342  0  0  15  0  0  0  0  0  44  4  1  1  10348  39  13880  34891  4  76  0  2  0  0  0  0  0  0  7  13  8  0  0  0  0  0  0  0  0  0  0  0  0  0  0  0  0  0  0  0  0  0  0  0  0  0  0  0  0  0  0  0  0  0  0  0  0  0  0  0  0  3  0  0  88  0  10  0  0  0  0  0  0  0  0  0  0  0  795  0  62  1  0  0  0  1  0  0  40131  0  1  769  3  0  2  0  0  1  0  
0  0  0  0  0  0  0  0  29  94  0  0  0  0  0  0  2  0  0  0  0  0  0  0  18232  39979  0  0  0  23  0  0  0  608  0  38403  0  1  0  0  394  0  0  4  3  0  0  95  0  0  0  0  0  0  0  8738  0  0  0  0  5  0  0  0  161  52  11  0  0  0  1  0  30946  0  0  0  0  0  0  0  0  0  0  0  0  0  0  0  0  0  0  0  0  0  0  0  0  0  0  0  0  0  0  0  0  0  0  0  0  0  0  0  0  0  0  0  0  0  0  0  0  0  0  0  0  0  0  0  0  0  0  0  0  0  0  0  0  0  0  0  0  0  0  0  0  0  0  0  1  0  16  3  200  1  0  0  0  0  0  0  
0  1  1  1  0  3  1  115  944  1728  0  0  0  0  0  1  28  0  240  11742  0  0  1  0  72963  25677  154383  1  285  6580  0  0  0  0  0  1457  0  0  0  0  1685  0  0  253  4127  21  0  56  68  0  0  16  2  117  10055  0  10  34612  3  0  0  0  0  0  36317  4411  43104  124  513  0  28506  0  41074  0  0  0  0  0  0  0  0  0  0  0  0  0  0  0  0  0  0  0  0  0  0  0  0  0  0  0  0  0  0  0  0  0  0  0  0  0  0  0  0  0  0  0  0  0  0  0  0  0  0  0  0  0  0  0  0  0  0  0  0  0  0  0  0  0  0  0  0  0  0  0  0  0  0  0  0  0  7  12  1015  29  0  0  0  0  0  0  
0  10805  0  1  0  0  0  0  0  1  12  0  0  0  0  0  0  0  163146  65  2862  2048  0  0  76  12  0  1  0  0  0  0  0  4  2  39  1  988  0  0  348  26479  14  10598  34  0  0  401  2  1  1978  0  0  0  0  2  0  26301  12442  497  2297  0  0  0  71  1  106  8  3  0  0  254  17499  0  0  0  0  0  0  0  0  0  0  0  0  0  0  0  0  0  0  0  0  0  0  0  0  0  0  0  0  0  0  0  0  0  0  0  0  0  0  0  0  0  0  0  0  0  0  0  0  0  0  0  0  0  0  0  0  0  0  0  0  0  0  0  0  0  0  0  0  0  0  0  0  0  0  0  45  0  153  5  38  0  0  0  0  0  0  0  
0  400  0  4  0  0  0  0  30  44  839  0  0  0  0  0  1  0  76350  52580  702  1526  1  0  8137  17  6  0  1  20  0  0  0  2  3  110  0  311  0  0  1080  602  8  16642  34  0  0  176  5  0  441  0  0  0  5  30592  14698  0  2381  591  245  0  0  0  10145  123  116  6  4  0  147  158  19594  0  0  0  0  0  0  0  0  0  0  0  0  0  0  0  0  0  0  0  0  0  0  0  0  0  0  0  0  0  0  0  0  0  0  0  0  0  0  0  0  0  0  0  0  0  0  0  0  0  0  0  0  0  0  0  0  0  0  0  0  0  0  0  0  0  0  1  0  0  0  0  0  0  0  0  32  0  82  6  96  5  0  0  0  0  0  0  
0  40909  0  0  0  0  0  0  0  5  0  0  0  0  0  0  1  0  42935  0  23054  17  47  0  28  2  0  0  0  2  0  0  2  37  66  19  8451  17704  0  0  252  0  353  10  19  0  0  2282  5  92  39  0  0  0  0  10  7815  1400  0  27806  2960  0  0  0  92  10  47  11  1  0  0  27179  9072  1  0  0  0  0  0  0  0  0  0  0  0  0  0  0  0  0  0  0  0  0  0  0  0  0  0  0  0  0  0  0  0  0  0  0  0  0  0  0  0  0  0  0  0  0  0  0  0  0  0  0  0  0  0  0  0  0  0  0  0  0  0  0  0  0  0  0  0  0  0  0  0  0  0  0  1052  0  2323  24  13  0  0  0  0  0  0  0  
0  2709  0  2  0  0  0  0  0  1  0  0  0  0  0  0  0  0  84  0  101322  6  122  0  14  6  0  0  0  0  0  0  0  20  15  20  42303  20642  0  0  174  0  133  10  26  0  0  625  7  17007  7  0  0  0  0  6  128  276  24895  0  21880  0  0  0  50  3  22  1  0  0  0  16591  12066  0  0  0  0  0  0  0  0  0  0  0  0  0  0  0  0  0  0  0  0  0  0  0  0  0  0  0  0  0  0  0  0  0  0  0  0  0  0  0  0  0  0  0  0  0  0  0  0  0  0  0  0  0  0  0  0  0  0  0  0  0  0  0  0  0  0  0  0  0  0  0  0  0  0  0  198  0  3093  15  15  0  0  0  0  0  0  0  
1  16481  0  57  0  0  0  0  1  23  1  1  0  0  0  0  10  0  88  25  119189  92711  49238  0  7  37  0  6  0  1  0  6  3  7  1  345  22  758  0  0  1487  61  34  5588  398  1  0  440  57  17417  36097  0  0  0  2  15  6760  2247  3409  22263  0  0  1  0  116  11  398  47  10  0  0  535  7954  2  0  0  0  0  0  0  0  0  0  0  0  0  0  0  0  0  0  0  0  0  0  1  0  0  0  0  0  0  0  0  0  0  0  0  0  0  0  0  0  0  0  0  0  0  0  0  0  0  0  0  0  0  0  0  0  0  0  0  0  0  0  0  0  0  0  0  0  0  0  0  0  0  0  0  74  0  25222  54  116  4  0  0  0  0  0  0  
29464  0  0  0  235  815  3  0  0  0  0  2  6690  28654  37491  29  0  0  0  0  0  0  0  41541  0  0  0  0  0  0  150  312  0  0  0  0  0  0  5693  33  0  0  0  0  1  0  1835  0  179  0  0  32919  192  7  0  0  0  0  0  0  0  0  1014  25878  0  38  0  40  0  245  0  0  0  0  0  0  0  0  0  1  0  0  0  0  0  0  0  0  0  0  0  0  0  0  0  0  0  0  0  0  0  0  0  0  0  0  0  0  0  0  0  0  0  0  0  0  0  0  0  0  0  0  0  0  0  0  0  0  0  0  0  0  0  0  0  0  0  0  0  3  0  0  0  0  0  0  0  0  0  0  0  0  1068  18  0  0  0  0  0  0  
5695  0  0  0  320  808  0  0  0  0  0  1  8  13  1181  10  5  1005  0  0  0  0  40  83743  0  0  0  0  0  0  62855  34399  0  0  28  0  0  0  1182  10  0  0  0  0  1  0  9302  1985  5002  0  0  408  443  3  0  0  0  0  0  0  0  1964  0  20917  0  6  0  10  0  21682  0  0  0  0  0  0  0  0  0  1  0  0  0  0  0  0  0  0  0  0  0  0  0  0  0  0  0  0  0  0  0  0  0  0  0  1  0  0  0  0  0  0  0  0  0  0  0  0  0  0  0  0  0  0  0  0  0  0  0  0  0  0  0  0  0  0  0  0  0  2  0  0  0  0  0  0  0  0  66  0  43  35  27674  387  0  0  1  0  0  1  
13976  0  0  0  152  6403  0  0  0  0  0  0  376  1881  103  11  0  0  0  0  0  0  0  141552  0  0  0  0  0  0  1144  1294  0  0  0  0  0  0  3737  14  0  0  0  0  0  0  8549  0  455  0  0  1036  147  0  0  0  0  0  0  0  0  50562  25268  0  0  19  0  15  0  22294  0  0  0  0  0  0  0  0  0  0  0  0  0  0  0  0  0  0  0  0  0  0  0  0  0  0  0  0  0  0  0  0  0  0  0  0  0  0  0  0  0  0  0  0  0  0  0  0  0  0  0  0  0  0  0  0  0  0  0  0  0  0  0  0  0  0  0  0  0  3  0  0  0  0  0  0  0  0  0  0  0  0  2939  1109  0  0  0  0  0  0  
0  90  0  3  0  2  0  3  707  2266  58867  0  0  0  0  0  14  0  30  28499  219  369  1  0  0  22  44194  0  7  84262  0  0  0  1  0  196  0  4  0  0  1225  4  0  81150  134  1  0  100  30  2  73  2  0  6  7  31927  807  10361  168  20  96  0  0  0  0  598  402  13  13  0  26332  2  4449  0  0  0  0  0  0  0  0  0  0  2  996  0  0  0  0  0  0  0  0  2  0  141  0  0  0  0  0  0  0  308  0  0  0  0  0  0  0  0  0  0  0  0  0  6  0  0  0  0  0  0  0  0  0  0  0  0  0  0  0  0  0  0  0  0  75  0  0  0  0  0  0  0  0  0  5  0  21  10  703  30  0  0  0  0  0  0  
109  0  0  0  678  76415  18646  25469  54477  63786  0  0  0  27  25  2838  4  1  0  0  2  8  12  1  0  1  53  5  163  318  2  22755  0  1  0  10  0  0  0  30  77  0  0  3507  2183  432  31  7  474  0  0  2901  1902  1453  0  863  10  3  1  0  2  47  4  9  174  0  1355  91  345  1145  722  0  131  0  2  0  0  0  6  1348  567  1225  581  4272  7  0  0  0  0  3  0  0  0  0  0  10  163  0  0  0  0  0  0  44  3  881  0  0  0  0  0  0  0  0  3  0  0  2  3  0  0  0  0  0  0  12  6  1  0  0  0  0  0  0  0  1  0  0  21  38816  1  4  0  1  10  0  0  0  0  3024  4  469  1524  1051  0  13  3  38  15  0  
0  0  9689  239  0  13  2  79  438  888  0  4  0  1  0  0  88  0  0  0  7  2  6  0  70  84329  81738  112448  376  151  0  0  0  0  0  1918  0  0  0  0  8287  0  1  412  25771  16221  0  574  346  0  0  32  1  131  10  44888  45  23  0  0  27  0  0  0  172  8356  0  724  601  0  10248  0  257  0  0  0  0  0  0  0  0  0  0  0  0  0  0  0  0  0  0  0  0  0  0  0  0  0  0  0  0  0  0  0  0  0  0  0  0  0  0  0  0  0  0  0  0  0  0  0  0  0  0  0  0  0  0  0  0  0  0  0  0  0  0  0  0  0  0  3  0  0  0  0  0  0  0  0  1  1  62  38  5034  68  0  0  0  0  0  0  
87  0  0  14777  118  450  24  5  2  37  0  59513  1  143  33000  49  3  1  0  0  2  0  2  4  1  444  1  1  86618  1  0  8  0  1  1  11  0  2  34  1189  711  0  5  3  84764  3  53  147  36215  1  0  55712  268  12943  0  145  5  7  2  3  24  118  4  14  27  1064  403  0  7073  2  10  0  114  0  0  0  0  0  0  0  1  0  1  0  0  0  0  0  0  0  0  0  0  0  0  0  0  0  0  0  0  0  0  0  0  0  0  0  0  0  0  0  0  0  0  0  0  0  0  0  0  0  0  0  0  24  0  1  0  0  0  0  0  0  0  0  0  0  0  67  0  11  0  0  0  0  0  0  8  7  86  7  5335  6  0  0  0  0  0  0  
1  0  33  2  1  417  142  6892  598  14  0  0  0  0  14092  15705  0  0  0  0  0  0  0  0  0  1  1  0  69796  7  0  1  0  0  0  1  0  0  0  0  130  0  0  2  18857  222  1  7  88  0  0  195  43  38475  0  39  3  0  0  0  1  1  0  0  8  1523  284  3117  0  0  102  0  5  0  0  0  0  0  0  0  1  0  0  0  0  0  0  0  0  0  0  0  0  0  0  0  0  0  0  0  0  0  0  0  0  0  0  0  0  0  0  0  0  0  0  0  0  0  1  0  0  0  0  0  0  4  0  0  0  0  0  0  0  0  0  0  0  0  0  20  0  2  0  0  0  0  0  0  0  4533  0  0  172  1  0  0  0  0  0  0  
12936  0  0  0  5238  56785  0  0  0  0  0  0  1  1  107  6657  0  0  0  0  0  0  0  9506  0  0  0  0  0  0  72114  38334  0  0  0  0  0  0  0  0  0  0  0  0  0  0  35  0  32  0  0  40  282  0  0  0  0  0  0  0  0  115  20134  27024  0  367  0  1  0  0  0  0  0  0  0  0  0  0  0  680  0  0  0  0  0  0  0  0  0  17  0  0  0  0  0  0  0  0  0  0  0  0  0  0  53  236  0  0  0  0  0  0  0  0  0  0  0  0  0  0  0  0  0  0  0  0  0  0  0  0  0  0  0  0  0  0  0  0  0  0  0  0  0  12  0  0  0  0  0  0  1  1  1666  4440  0  0  0  19  0  1  
0  0  69  0  0  16  6  170  57828  157  0  0  0  0  1  1  2  0  0  0  0  0  0  0  0  0  25425  4  41  90514  0  0  0  0  0  4  0  0  0  0  12  0  0  19  1474  16016  0  4  5  0  0  5  5  324  0  13655  0  62  0  0  0  0  0  0  18671  2603  8713  76  270  0  0  0  77  0  0  0  2  0  0  0  0  2  342  10  10  0  0  0  0  0  0  0  0  0  0  0  0  0  0  0  0  0  0  8579  0  0  0  0  0  0  0  0  0  0  0  0  0  0  0  1012  0  0  0  0  0  0  0  0  0  0  0  0  0  0  0  0  0  0  97  107  0  0  0  0  1772  0  0  0  0  5  0  4  127  11  0  0  0  0  0  0  
0  188  0  0  0  0  0  0  0  2  0  0  0  0  0  0  0  0  26  0  1079  0  5  0  0  1  0  0  0  0  0  0  0  4362  9  5  86668  111363  0  0  12  0  4337  0  5  0  0  213  0  17904  0  0  0  0  0  0  52  10  21268  29127  821  0  0  0  2  0  0  1  0  0  0  0  16122  0  0  0  0  0  0  0  0  0  0  0  0  0  0  0  0  0  0  0  0  0  0  0  0  0  0  0  0  0  0  0  0  0  0  0  0  0  0  0  0  0  0  0  0  0  0  0  0  0  0  0  0  0  0  0  0  0  0  0  0  0  0  0  0  0  0  0  0  0  0  0  0  0  0  0  144  0  1046  1  1  0  0  0  0  0  0  0  
0  660  0  779  0  4  0  2  259  924  1  114  0  0  0  0  87  0  41714  14  4707  36  392  1  84599  13459  17  20  3  188  0  0  305  167577  27989  32653  801  237288  0  3  26610  0  13226  481  2285  0  0  97292  1766  43379  10  9  0  6  27813  32891  12313  13778  7605  17557  12386  1  0  0  3847  599  867  419  27  0  20  20008  0  11153  0  0  0  0  0  0  0  0  0  0  0  0  0  0  0  0  0  0  0  0  0  0  0  0  0  0  0  0  0  0  0  0  0  0  0  0  0  0  0  0  0  0  0  0  0  0  0  0  0  0  0  0  0  0  0  0  0  0  0  0  0  0  0  0  0  0  0  0  0  0  0  0  0  0  7510  0  20240  664  1915  12  0  0  0  0  0  0  
0  1  0  3  0  0  0  0  0  0  0  0  0  0  0  0  1  0  0  0  6  0  0  0  0  614  0  0  0  0  0  0  47925  41318  5  21553  0  0  0  0  12475  0  3  0  9  0  0  27173  4  0  0  0  0  0  0  0  2  2  4  5  3  0  0  0  0  0  0  0  0  0  0  0  15324  0  0  0  0  0  0  0  0  0  0  0  0  0  0  0  0  0  0  0  0  0  0  0  0  0  0  0  0  0  0  0  0  0  0  0  0  0  0  0  0  0  0  0  0  0  0  0  0  0  0  0  0  0  0  0  0  0  0  0  0  0  0  0  0  0  0  0  0  0  0  0  0  0  0  0  15  0  85  154  6  0  0  0  0  0  0  0  
0  0  0  0  0  1  0  0  0  0  0  0  0  0  0  1  0  0  0  0  0  0  0  0  0  0  0  0  0  0  8  0  0  0  0  0  0  0  0  0  0  0  0  0  0  0  0  0  0  0  0  0  0  0  0  0  0  0  0  0  0  0  0  0  0  0  0  0  0  7  0  0  0  0  0  0  0  0  73558  11732  1  0  0  0  0  8  29  49  17310  25582  0  150  0  0  0  0  0  79468  0  2  0  0  0  0  7916  80  0  0  0  0  0  0  2113  9  100  0  0  0  8  0  4427  0  263  0  0  9095  35546  109  0  0  0  0  0  0  0  22569  717  8329  3  1104  0  4  1  14589  0  0  22  0  0  0  0  0  0  0  0  8875  0  0  3233  0  
0  0  0  0  0  0  0  0  0  0  0  0  0  0  0  0  0  0  0  0  0  0  0  0  0  0  0  0  0  0  0  0  0  0  0  0  0  0  0  0  0  0  0  0  0  0  0  0  0  0  0  0  0  0  0  0  0  0  0  0  0  0  0  0  0  0  0  0  0  0  0  0  0  0  0  0  0  6  0  2  3  0  0  0  0  1  0  0  0  0  18  0  48381  2  49666  8  4  0  0  6  0  0  0  0  0  0  0  0  0  0  8829  1018  0  0  21  21261  0  8  95  0  0  13  10  0  38052  2  0  2  0  0  6883  1  25264  39374  7504  0  0  0  12  18  1  4  28  0  0  11272  239  0  0  0  0  0  0  0  1  1  149  0  9  0  
0  0  379  0  0  0  0  0  0  0  0  0  0  0  0  12  0  0  0  0  0  0  0  0  0  0  0  0  0  127  0  0  0  0  0  0  0  0  0  0  0  0  0  0  0  78  0  0  0  0  0  0  0  0  0  0  0  0  0  0  0  0  0  0  0  0  0  0  0  0  5  0  0  0  0  0  0  0  0  0  0  143  20  0  0  0  0  0  0  47206  0  0  0  0  0  0  0  0  0  0  7202  6855  20577  13511  0  0  0  0  0  0  0  0  0  0  0  0  0  0  29073  34271  0  0  0  0  0  0  0  0  0  1  0  0  0  0  0  0  0  0  1  0  9312  0  0  0  1  0  0  0  0  0  0  0  0  0  0  0  0  0  0  0  
0  0  0  0  0  0  0  0  0  0  0  0  0  0  0  0  0  0  0  0  0  0  0  0  0  0  0  0  0  0  0  0  0  0  0  0  0  0  0  0  0  0  0  0  0  0  0  0  0  0  0  0  0  0  0  0  0  0  0  0  0  0  0  0  0  0  0  0  0  0  0  0  0  0  19  10  0  0  15  25  10  1  17  22  0  36576  0  7  0  1  33  48  2  0  1  0  0  0  0  42222  0  21164  19349  1  0  0  1149  15  0  208  0  0  7  19  19001  0  0  25  31333  0  6  40  55474  0  0  102  8  8  4  34  5  9  3  1  59  0  1  0  147  95  157  5641  205  0  0  4  971  10  0  0  0  0  0  0  0  8  6  1  594  18  
0  0  0  0  0  2  0  0  0  0  0  0  0  0  0  0  0  0  0  0  0  0  0  0  0  0  0  0  0  0  4  0  0  0  0  0  0  0  0  0  0  0  0  0  0  0  0  0  0  0  0  0  0  0  0  0  0  0  0  0  0  0  0  0  0  0  0  0  0  0  0  0  0  0  47618  0  0  0  0  21191  2  0  0  0  0  4  4  7  9592  69324  0  8  0  0  0  0  0  22  0  0  0  0  1  0  6  20  0  0  0  0  0  0  82  3  47  0  0  1  6  0  365  2  70  0  0  754  26310  669  1  0  0  0  0  0  0  140  44  587  6  276  0  4  0  3369  0  0  18  0  0  0  0  0  0  0  0  2133  1  0  492  0  
14  0  0  0  41  5411  6  0  0  0  0  0  0  2  2  890  0  0  0  0  0  0  0  2  0  0  0  0  0  0  230  596  0  0  0  0  0  0  0  0  0  0  0  0  0  0  0  0  13  0  0  110  148  5  0  0  0  0  0  0  0  0  1  0  0  3491  0  1  0  567  0  0  0  0  18669  1  0  3  64812  0  33257  4  0  2  0  106  33  44  57  136256  6  45  0  0  0  0  0  1106  0  17  0  0  9  0  10426  26189  0  0  0  0  0  0  207  20  494  0  0  8  321  0  5711  20  3431  0  0  9279  2768  41736  9  12  4  5  1  0  1  288  5499  3345  143  77923  10  487  12  67745  0  0  334  1  0  23  0  0  78  4  0  19501  1  4  11104  9  
0  0  0  0  0  197  457  173  18  0  0  0  0  0  0  250  0  0  0  0  0  0  0  0  0  0  0  0  0  0  0  0  0  0  0  0  0  0  0  0  0  0  0  0  0  0  0  0  2  0  0  20  1  5  0  0  0  0  0  0  0  0  0  0  0  564  0  0  0  0  1  0  0  0  8  0  0  2  11  39047  0  43055  58  2  0  26  0  1  3  83168  0  0  1  0  0  0  0  0  0  1  8  0  30  2  0  0  0  0  0  0  0  0  0  3  15  0  0  1  140  1509  34  0  72  0  0  1551  37  22035  0  69  0  5  0  0  0  0  0  0  33  41544  20  606  589  0  7  0  4  0  0  3518  0  0  6  0  0  1122  0  0  503  15  
0  0  42  0  0  9  181  4151  309  0  0  0  0  0  0  614  0  0  0  0  0  0  0  0  0  0  0  0  0  4  0  0  0  0  0  0  0  0  0  0  0  0  0  0  0  17  0  0  0  0  0  0  0  0  0  0  0  0  0  0  0  0  0  0  0  857  0  0  0  0  10  0  0  0  0  0  416  1  0  20  50292  0  11421  36  0  1  0  0  0  125768  0  0  1  0  0  0  0  0  0  3  39  0  12713  2  0  0  0  0  0  0  0  0  0  0  10  0  0  3  5319  35835  0  0  12  0  0  12  0  556  0  728  1  46  0  0  0  0  0  0  225  28576  71  137  1266  0  190  0  108  0  0  143  0  0  0  0  0  78  0  0  96  8  
0  0  3  0  0  3  4  1123  7813  34  0  0  0  0  0  0  0  0  0  0  0  0  0  0  0  0  0  0  0  433  0  0  0  0  0  0  0  0  0  0  0  0  0  0  0  82  0  0  0  0  0  0  0  1  0  0  0  0  0  0  0  0  0  0  1  290  0  0  0  0  588  0  0  0  0  1  36  0  0  6  134  18442  0  5932  4  0  0  0  0  51  0  0  28  6  0  6  0  0  2  1  258  1  23  8714  0  0  0  1  0  0  0  0  0  0  11  0  0  34  95  33536  1  2  2  0  5  3  0  3  0  1061  74  344  0  0  5  0  0  0  5828  33554  45  26  11  0  43225  0  775  0  0  1  0  0  1  0  0  57  3  1  30  11  
0  0  0  0  0  0  0  3  228  4008  0  0  0  0  0  0  0  0  0  0  0  0  1  0  0  0  0  0  0  42  0  0  0  0  0  0  0  0  0  0  0  0  0  2  0  0  0  0  0  0  0  0  0  0  0  0  0  0  0  0  0  0  0  0  6  5408  0  0  0  0  5  0  0  0  0  0  0  0  0  0  3  1  4636  0  130  0  0  0  0  0  0  0  8  1  1  2450  8194  0  2  0  2  0  2  11609  0  0  0  0  0  0  0  0  0  0  19  0  0  21693  29  2  0  0  1  0  3  0  0  1  0  40  16  72  0  0  0  0  0  0  14913  39656  11  7  1  0  23  0  237  0  0  0  0  2  0  0  1  12  3076  76  60  3  
0  0  0  0  0  0  0  0  3  5  5734  0  0  0  0  0  0  0  0  1  0  446  0  0  0  0  0  0  0  4509  0  0  0  0  0  0  0  0  0  0  0  0  0  2194  0  0  0  0  0  0  0  0  0  0  0  0  0  0  0  0  0  0  0  0  670  1  0  0  0  0  14  0  0  0  0  0  0  0  0  0  0  0  6  136  0  0  0  0  0  0  0  0  17  51275  0  16668  0  0  0  0  0  0  0  2141  0  0  0  0  0  0  0  0  0  0  0  31290  0  75298  0  0  0  0  0  0  20  0  0  0  0  0  34  6508  0  0  8  0  0  0  79108  10  0  1  0  0  0  0  1  0  0  0  0  0  0  0  0  0  0  0  0  0  
0  0  0  0  0  0  0  0  0  0  0  0  0  0  0  0  0  0  0  0  0  0  0  0  0  0  0  0  0  0  0  0  0  0  0  0  0  0  0  0  0  0  0  0  0  0  0  0  0  0  0  0  0  0  0  0  0  0  0  0  0  0  0  0  0  0  0  0  0  0  0  0  0  0  4  0  0  45600  2  9  3  0  0  0  0  0  12  30109  16  1  36  87  0  0  0  0  0  0  0  19  0  0  3250  0  0  0  4733  403  342  6  0  0  289  27745  70  0  0  0  1892  0  56  141  60595  0  0  20303  1  36  0  1  0  1  0  0  0  2  1  1  8  32  1  33533  7  0  0  0  8  2  0  0  0  0  0  0  0  27  0  0  1001  1  
0  0  0  0  0  0  1  0  0  0  0  0  0  0  0  0  0  0  0  0  0  0  0  0  0  0  0  0  0  0  0  0  0  0  0  0  0  0  0  0  0  0  0  0  0  0  0  0  0  0  0  0  0  0  0  0  0  0  0  0  0  0  0  0  0  0  0  0  0  0  0  0  0  0  250  0  0  0  47  50  0  0  0  0  0  18  0  8476  10  0  0  124  0  0  0  0  0  16111  0  0  0  0  0  0  1  2  0  9  8  0  0  0  31570  86  0  0  0  0  3  0  15151  0  591  0  0  360  14  12  0  0  0  0  0  0  0  21117  77  99  0  7  0  5  0  0  0  0  1  0  0  0  0  0  0  0  0  2  0  0  123  0  
0  0  0  0  0  0  0  0  0  0  0  0  0  0  0  0  0  0  0  0  0  0  0  0  0  0  0  0  0  0  0  0  0  0  0  0  0  0  0  0  0  0  0  0  0  0  0  0  0  0  0  0  0  0  0  0  0  0  0  0  0  0  0  0  0  0  0  0  0  0  0  0  0  0  34  0  0  0  2  7  0  0  0  0  0  26385  8532  0  448  2  0  5  0  0  0  0  0  326  0  0  0  0  0  0  0  0  0  1  1  0  0  0  42727  33931  2  0  0  0  2  0  85  0  15775  0  0  46604  13  10  0  0  0  0  0  0  0  17981  12  12  0  4  0  2  0  0  0  0  1  0  0  0  0  0  0  0  0  5  0  0  24  0  
0  0  0  0  0  0  0  0  0  0  0  0  0  0  0  0  0  0  0  0  0  0  0  0  0  0  0  0  0  0  0  0  0  0  0  0  0  0  0  0  0  0  0  0  0  0  0  0  0  0  0  0  0  0  0  0  0  0  0  0  0  0  0  0  0  0  0  0  0  0  0  0  0  0  13317  0  0  0  10839  62  3  0  0  0  0  19  7  795  0  22899  0  1  0  0  0  0  0  23109  0  0  0  0  12725  0  0  0  0  0  0  0  0  0  49  0  1  0  0  0  130  0  38  0  13  0  0  153121  150453  71840  0  0  0  0  0  0  0  23278  2  25  2  110  0  38172  14658  0  0  0  1  0  0  0  0  0  0  0  0  21  0  0  49  0  
0  0  87  0  0  1517  2  58  0  0  0  0  0  0  0  1946  0  0  0  0  0  0  0  0  0  0  0  0  0  4  33  0  0  0  0  0  0  0  0  0  0  0  0  0  0  19  0  0  0  0  0  0  0  0  0  0  0  0  0  0  0  0  0  0  0  2  0  0  0  89  0  0  0  0  22599  0  45897  0  99241  130772  56521  92100  80  0  0  3  0  1  20178  0  0  0  0  0  0  0  0  375  0  2  2  0  43185  1  3729  59  0  0  0  0  0  0  5  0  24  0  0  0  289  7556  44  0  53  0  0  225  7512  159950  0  10  0  1  0  0  0  4  142  1408  14  1144  6  55  22979  23710  5  0  11  0  0  92  0  0  0  0  0  1400  0  0  393  1  
0  0  0  0  0  0  0  0  0  0  0  0  0  0  0  0  0  0  0  0  0  0  0  0  0  0  0  0  0  0  0  0  0  0  0  0  0  0  0  0  0  0  0  0  0  0  0  0  0  0  0  0  0  0  0  0  0  0  0  0  0  0  0  0  0  0  0  0  0  0  0  0  0  0  0  23  0  28  0  0  0  0  0  0  0  113  5  0  0  0  0  57714  0  0  12  2  21208  113  0  41  0  0  0  0  0  4  925  19  9790  0  0  8  0  0  8095  0  51  4  12  0  946  53526  15332  0  1  0  0  1  2  0  3  3  45  15  24  0  1  0  33  5  0  5  5  0  0  67  715  1  0  0  0  0  0  0  2716  1  132  211  51909  3  
0  0  0  0  0  0  0  0  0  0  0  0  0  0  0  0  0  0  0  0  0  0  0  0  0  0  0  0  0  0  0  2  0  0  0  0  0  0  0  0  0  0  0  0  0  0  0  0  0  0  0  0  0  0  0  0  0  0  0  0  0  0  0  0  0  0  0  0  0  0  0  0  0  0  96  0  0  45  16  30  0  0  0  2  0  429  135  84  2  1  51802  0  0  0  0  0  21473  7977  0  1  0  0  0  0  0  7  40  8  4975  0  0  0  11  1  31  0  0  3  1  0  40549  29  53293  0  0  73  4  6  0  0  0  1  0  0  0  5  244  34  33  24  1  15  2  0  0  0  12  0  0  0  0  0  0  0  3790  57  69  2227  62495  542  
0  0  0  0  0  0  0  0  0  0  0  0  0  0  0  0  0  0  0  0  0  0  0  0  0  0  0  0  0  0  0  0  0  0  0  0  0  0  0  0  0  0  0  0  0  0  0  0  0  0  0  0  0  0  0  0  0  0  0  0  0  0  0  0  0  0  0  0  0  0  0  0  0  0  0  44547  0  0  0  0  0  0  11  13  4  0  0  0  0  0  3  0  0  14266  104  12  0  0  47143  1  0  0  1  0  0  0  0  0  0  0  0  0  0  0  34  29093  0  208  19  0  0  2  2  0  994  0  0  0  0  9140  136206  68637  39631  1  649  0  0  0  208  78  1  53  20  0  0  7  32594  0  0  0  0  0  0  0  0  18  0  0  58  5  
0  0  0  0  0  0  0  0  0  0  6  0  0  0  0  0  0  0  0  0  0  0  0  0  0  0  0  0  0  526  0  0  0  0  0  0  0  0  0  0  0  0  0  1  0  0  0  0  0  0  0  0  0  0  0  0  0  0  0  0  0  0  0  0  0  0  0  0  0  0  0  0  0  0  0  13  0  0  0  0  0  0  3  0  50459  0  0  0  0  0  0  0  12583  0  0  1031  0  0  223  0  20664  0  0  272  0  0  0  0  0  0  0  0  0  0  0  23670  0  3581  1  32  0  0  0  0  525  0  0  0  0  11009  8691  57317  0  0  180  0  0  0  24060  2  0  0  0  0  75  0  0  0  0  0  0  0  0  0  0  0  0  0  0  0  
0  0  0  0  0  0  0  0  0  0  0  0  0  0  0  0  0  0  0  0  1  1  0  0  0  0  0  0  0  0  0  2  0  0  0  0  0  0  0  0  0  0  0  0  0  0  0  0  0  0  0  0  0  0  0  0  0  0  0  0  0  0  0  0  0  0  0  0  0  0  0  0  0  0  0  38182  0  0  0  1  0  0  0  0  0  0  0  0  0  0  1  0  112  0  0  8122  6229  0  0  0  0  0  0  0  3  6  0  2  9  0  2601  389  0  0  3  995  308  4  1  0  0  14  0  20545  29380  0  0  1  0  0  1454  25  776  90812  107551  0  2  0  3  1  0  1  4  0  0  99  248  0  0  0  1  2  0  0  55  0  608  444  2  2  
0  1  0  0  0  0  0  0  9  14  89  0  0  0  0  0  0  0  0  0  0  6442  1  0  0  0  0  0  0  43  0  1  0  0  0  0  0  0  0  0  0  1  0  230  0  0  0  0  0  0  20  0  0  0  0  0  0  0  0  0  0  0  0  0  110  15  0  0  0  0  1  0  0  0  0  14  0  0  0  0  0  0  9  3192  9047  0  0  0  0  0  18  0  40  573  7057  0  10692  0  0  0  0  0  0  72  0  0  0  1  0  0  0  0  0  0  9  69280  0  123754  0  0  0  17  0  0  16667  0  0  0  0  0  1024  332  1  1  134701  0  0  0  1031  314  0  0  0  0  0  1  28  0  0  0  0  4  0  0  0  0  1774  338  57  0  
0  0  0  0  0  0  0  0  0  390  0  0  0  0  0  0  0  0  0  0  0  0  13  0  0  0  0  0  0  0  0  23  0  0  0  0  0  0  0  0  0  0  0  0  0  0  0  0  0  0  0  0  0  0  0  0  0  0  0  0  0  0  1  0  0  163  0  0  0  0  0  0  0  0  1  35  0  1  0  0  0  0  0  8847  0  0  0  0  0  0  32313  29747  0  0  4507  9702  0  10508  0  0  0  0  0  0  452  8347  0  10  21602  0  740  149  0  0  118  0  34116  13139  3  0  1059  6800  1  18500  1  0  0  0  1  0  1  1  26  171  50698  0  9576  4  10  1179  0  2  0  0  0  108  951  0  0  0  15  17  0  1  67241  141  97872  6169  37598  2955  
0  0  0  0  0  0  0  0  0  0  0  0  0  0  0  0  0  0  0  0  0  0  0  0  0  0  0  0  0  0  39  0  0  0  0  0  0  0  0  0  0  0  0  0  0  0  0  0  0  0  0  0  0  0  0  0  0  0  0  0  0  0  0  0  0  0  0  0  0  0  0  0  0  0  94075  0  0  0  158  3017  0  0  0  0  0  0  17061  351  23250  291  583  8702  0  0  0  0  9862  0  0  0  0  0  0  0  18372  330  0  58  803  0  0  0  686  8  0  0  2068  0  0  0  79286  2  24  0  0  90  27  2  0  0  0  0  0  0  0  53923  76864  132517  0  1  0  0  0  2291  0  0  0  0  0  0  0  0  0  0  129  2326  5  7  18299  12  
0  0  0  0  0  0  0  0  0  0  0  0  0  0  0  0  0  0  0  0  0  0  0  0  0  0  0  0  0  0  0  0  0  0  0  0  0  0  0  0  0  0  0  0  0  0  0  0  0  0  0  0  0  0  0  0  0  0  0  0  0  0  0  0  0  0  0  0  0  0  0  0  0  0  0  0  0  0  0  0  0  0  17  9  0  0  0  0  0  0  2  0  45691  345  0  0  0  0  0  7222  308  0  0  0  0  0  0  0  0  13  0  0  0  0  404  0  0  2  1  0  0  0  0  0  0  1  0  0  46343  74539  6  141  0  0  1  0  0  0  27  8  0  0  0  0  0  0  113466  0  0  0  0  0  0  0  0  8  0  0  3  0  
0  0  0  0  0  0  0  0  0  0  0  0  0  0  0  0  0  0  0  0  0  0  0  0  0  0  0  0  0  0  0  0  0  0  0  0  0  0  0  0  0  0  0  0  0  0  0  0  0  0  0  0  0  0  0  0  0  0  0  0  0  0  0  0  0  0  0  0  0  0  0  0  0  0  57  1  0  49207  53  81  4  1  6  20  0  198  3  9  0  9  31  2  6  0  0  0  0  0  8887  0  2  16815  14  0  0  0  532  10607  0  67016  0  1  5  5  65498  0  0  33  11346  0  26  28  2732  0  0  282  25  9  43570  13057  21  21  0  0  9  1  0  0  582  168  44920  362  116  0  0  0  2137  36  0  0  0  0  0  0  0  40  1  2  1267  45  
0  0  0  0  0  0  0  0  0  0  0  0  0  0  0  0  0  0  0  0  0  0  0  0  0  0  0  0  0  29  0  0  0  0  0  0  0  0  0  0  0  0  0  0  0  0  0  0  0  0  0  0  0  0  0  0  0  0  0  0  0  0  0  0  0  0  0  0  0  0  0  0  0  0  0  0  6817  0  0  0  0  25  53  10  1  0  0  0  0  0  0  0  4  22832  0  0  0  0  282  3  0  510  2  130586  0  0  0  0  0  0  0  0  0  0  0  0  0  1  72  10857  0  0  0  0  0  0  0  0  101  190176  2  1333  0  0  0  0  0  0  20395  494  52154  1  2  0  19879  0  29  0  0  0  0  0  0  0  0  13  0  1  6  3  
0  0  0  0  0  0  0  0  0  0  0  0  0  0  0  0  0  0  0  0  0  0  0  0  0  0  0  0  0  0  0  0  0  0  0  0  0  0  0  0  0  0  0  0  0  0  0  0  0  0  0  0  0  0  0  0  0  0  0  0  0  0  0  0  0  0  0  0  0  0  0  0  0  0  0  0  6435  22688  0  0  0  0  0  0  0  0  0  0  0  0  0  0  0  0  0  0  0  0  0  19839  326  0  3159  8  0  0  0  0  0  0  0  0  0  0  0  0  0  0  104965  17  0  0  1  0  0  0  0  0  0  10  0  0  0  0  0  0  0  0  0  3  91020  1  2  0  0  0  0  0  0  0  0  0  0  0  0  0  0  0  0  0  
0  0  0  0  0  0  0  0  0  0  0  0  0  0  0  0  0  0  0  0  0  0  0  0  0  0  0  0  0  0  0  0  0  0  0  0  0  0  0  0  0  0  0  0  0  0  0  0  0  0  0  0  0  0  0  0  0  0  0  0  0  0  0  0  0  0  0  0  0  0  0  0  0  0  0  0  17514  24343  0  1  89  11825  12  7  0  3740  0  1  14539  24022  0  0  0  0  0  0  0  0  0  4  3  3768  0  0  0  0  0  0  0  0  0  0  0  0  8  0  0  2  152981  235  1  1  205  0  0  718  0  19  0  228  0  16  0  0  0  0  0  0  38  659  31  56109  82993  0  4  0  36  0  0  0  0  0  0  0  0  57  0  0  93  21  
0  0  44  0  0  0  0  0  405  43  91  0  0  0  0  0  0  0  0  0  0  3  0  0  0  0  80  0  0  18287  0  0  0  0  0  0  0  0  0  0  0  0  0  9  0  84  0  0  0  0  0  0  0  0  0  0  0  0  0  0  0  0  0  0  712  59  0  0  0  0  5927  0  0  0  0  0  13402  0  0  0  0  1  9097  12025  3391  0  0  0  0  0  0  0  6  359  0  87  0  0  0  0  148493  22  0  0  0  0  0  0  0  0  0  0  0  0  5  0  0  36  9  49195  0  0  0  0  0  0  0  0  0  7005  18  97  0  0  2  0  0  0  105900  249  389  3  1  0  100337  0  122  0  0  0  0  0  0  0  0  14  0  0  6  1  
0  0  0  0  0  28  0  0  0  0  0  0  0  0  0  0  0  0  0  0  0  0  0  6  0  0  0  0  0  0  235  76  0  0  0  0  0  0  0  0  0  0  0  0  0  0  0  0  0  0  0  0  0  0  0  0  0  0  0  0  0  0  0  0  0  3  0  0  0  91  0  0  0  0  5052  0  0  0  22  6935  0  0  0  0  0  0  0  0  0  4419  1  2  0  0  0  0  463  17448  0  0  0  0  0  0  0  32946  0  0  0  0  0  0  2  0  0  0  0  0  0  0  4  0  0  0  0  3  0  0  0  0  0  0  0  0  0  1  67256  150  0  1  0  0  0  43890  0  0  0  0  0  0  0  0  0  0  183  331  305  276  9503  18  
0  0  0  0  0  334  0  0  0  0  0  0  0  0  0  0  0  0  0  0  0  0  0  0  0  0  0  0  0  0  34  5330  0  0  0  0  0  0  0  0  0  0  0  0  0  0  0  0  0  0  0  0  0  0  0  0  0  0  0  0  0  0  3  0  0  490  0  0  0  149  0  0  0  0  72  0  0  0  12  21808  0  0  0  0  0  0  0  0  0  15  6  23  0  0  0  2  8397  83  0  0  0  0  0  0  31356  0  0  0  11  0  0  0  6  0  0  0  0  0  0  0  38  0  1  0  0  7  0  0  0  0  0  0  0  0  0  6  33360  1068  0  11937  0  0  0  5941  0  0  0  0  0  0  0  53  1  26  3049  18629  1049  2793  22181  10731  
0  0  0  0  0  0  0  0  0  0  0  0  0  0  0  0  0  0  0  0  0  0  0  0  0  0  0  0  0  0  0  0  0  0  0  0  0  0  0  0  0  0  0  0  0  0  0  0  0  0  0  0  0  0  0  0  0  0  0  0  0  0  0  0  0  0  0  0  0  0  0  0  0  0  0  0  0  1240  0  0  0  0  0  0  0  2864  0  0  0  0  228  12  0  0  0  0  0  0  0  761  0  0  0  0  0  0  0  20852  7203  4524  0  0  0  0  16890  0  0  0  0  0  0  29073  472  0  0  0  0  0  0  0  0  0  0  0  0  0  0  0  0  0  0  0  0  0  0  0  2652  59594  0  0  0  0  0  0  0  0  5  10  35  0  
0  0  0  0  0  0  0  0  0  0  0  0  0  0  0  0  0  0  0  0  0  0  0  0  0  0  0  0  0  0  0  0  0  0  0  0  0  0  0  0  0  0  0  0  0  0  0  0  0  0  0  0  0  0  0  0  0  0  0  0  0  0  0  0  0  0  0  0  0  0  0  0  0  0  0  0  0  67  0  0  0  0  0  0  0  210  13  4  0  0  9  2  0  0  1  0  14  72  1  9085  0  0  0  0  0  0  20993  0  72733  52317  1  14787  2  0  1670  0  25064  0  0  0  12  27260  0  1410  0  0  0  0  1220  0  0  0  0  107  13  0  0  0  0  0  0  0  0  0  0  1354  117084  29527  0  0  0  0  0  0  13  0  84  8  33  0  
0  0  0  0  0  0  0  0  0  0  0  0  0  0  0  0  0  0  0  0  0  0  0  0  0  0  0  0  0  0  0  0  0  0  0  0  0  0  0  0  0  0  0  0  0  0  0  0  0  0  0  0  0  0  0  0  0  0  0  0  0  0  0  0  0  0  0  0  0  0  0  0  0  0  0  0  0  1  0  0  0  0  0  0  0  208  12  1  0  0  12358  6110  0  0  2  0  23337  1850  0  0  0  0  0  0  0  12  7262  59955  0  117  6  567  0  0  2  0  25190  0  0  0  266  55368  3  502  0  0  0  0  0  0  0  0  0  76  19  0  3  0  0  0  0  0  0  0  0  112  66223  406  0  0  0  0  0  0  961  0  218  1  28  0  
0  0  0  0  0  0  0  0  0  0  0  0  0  0  0  0  0  0  0  0  0  0  0  0  0  0  0  0  0  0  0  0  0  0  0  0  0  0  0  0  0  0  0  0  0  0  0  0  0  0  0  0  0  0  0  0  0  0  0  0  0  0  0  0  0  0  0  0  0  0  0  0  0  0  0  0  0  483  0  0  0  0  0  0  0  4  0  0  0  0  1  0  0  0  0  0  0  0  19  61360  0  0  0  0  0  0  4685  69480  17  0  0  0  0  0  34162  0  0  0  0  0  0  172  1  0  0  0  0  0  5271  2112  0  1  0  0  0  0  0  0  1  0  13  0  0  0  0  0  10314  25272  0  0  0  0  0  0  0  0  0  0  0  0  
0  0  0  0  0  0  0  0  0  0  0  0  0  0  0  0  0  0  0  0  0  0  0  0  0  0  0  0  0  0  0  0  0  0  0  0  0  0  0  0  0  0  0  0  0  0  0  0  0  0  0  0  0  0  0  0  0  0  0  0  0  0  0  0  0  0  0  0  0  0  0  0  0  0  0  7745  0  0  0  0  0  0  0  0  0  0  0  0  0  0  0  0  0  0  5792  0  415  0  0  0  0  0  0  0  0  0  0  45  5  0  0  44674  0  0  0  0  36265  0  0  0  0  6  0  78627  1  0  0  0  0  0  0  0  4  55951  5081  0  0  0  0  0  0  0  0  0  0  147208  138  0  0  0  0  0  0  0  2  0  741  0  0  0  
0  0  0  0  0  0  0  0  0  0  0  0  0  0  0  0  0  0  0  0  0  0  0  0  0  0  0  0  0  0  0  0  0  0  0  0  0  0  0  0  0  0  0  0  0  0  0  0  0  0  0  0  0  0  0  0  0  0  0  0  0  0  0  0  0  0  0  0  0  0  0  0  0  0  0  247  0  0  0  0  0  0  0  0  0  0  0  0  0  0  28  0  0  0  244  0  145  1  0  0  0  0  0  0  0  0  0  6488  610  1  34678  0  0  0  0  0  28838  0  0  0  0  801  0  5873  0  0  0  0  0  0  1  0  5139  2278  3558  0  0  0  0  0  0  0  0  0  0  114198  148536  0  0  0  0  0  0  0  310  0  6559  0  1  0  
0  0  0  0  0  0  0  0  0  0  0  0  0  0  0  0  0  0  0  0  0  0  0  0  0  0  0  0  0  0  0  0  0  0  0  0  0  0  0  0  0  0  0  0  0  0  0  0  0  0  0  0  0  0  0  0  0  0  0  0  0  0  0  0  0  0  0  0  0  0  0  0  0  0  1243  0  0  2  185  309  1  0  0  0  0  267  25314  36579  13  4  0  21  0  0  0  0  0  50  0  0  0  0  0  0  0  7  0  1  2  0  0  0  0  4383  12  0  0  0  4  0  9454  0  16476  0  0  7463  126  70  0  0  0  0  0  0  0  9814  544  411  0  48  0  22  0  0  0  0  1  0  0  0  0  0  0  0  0  44  0  0  791  0  
0  0  0  0  0  0  0  0  0  0  0  0  0  0  0  0  0  0  0  0  0  0  0  0  0  0  0  0  0  0  0  0  0  0  0  0  0  0  0  0  0  0  0  0  0  0  0  0  0  0  0  0  0  0  0  0  0  0  0  0  0  0  0  0  0  0  0  0  0  0  0  0  0  0  6  0  0  2  1  5  0  0  0  0  0  37725  11  30611  0  1  0  3  0  0  0  0  0  2  0  0  0  0  1  0  0  0  0  0  0  0  0  0  6519  0  1  0  0  0  7  0  49  0  32215  0  0  3805  2  3  0  0  0  0  0  0  0  58  7  15  0  12  0  17  0  0  0  0  0  0  0  0  0  0  0  0  0  6  0  0  61  0  
1  0  0  0  0  0  0  0  0  0  0  0  0  0  0  0  0  0  0  0  0  0  0  0  0  0  0  0  0  0  0  0  0  0  0  0  0  0  0  0  0  0  0  0  0  0  0  0  0  0  0  0  0  0  0  0  0  0  0  0  0  0  0  0  0  0  0  0  0  0  0  0  0  0  186  42  0  19108  115  170  19  7  112  222  1  1717  4  47  0  5  8522  19  32  0  6  1  24  0  109  58782  3  0  28  2  0  0  13973  1430  0  29956  0  2  18  83  0  0  0  655  2505  2  52  22910  31599  0  7  2550  70  42  4227  13467  67  177  22  7  762  1  2  0  2381  1166  920  1246  361  0  4  25  28302  11151  0  0  0  0  0  0  19  572  440  1138  78429  239  
0  0  0  0  0  0  0  0  0  0  42  0  0  0  0  0  0  0  0  0  0  181  0  0  0  0  0  0  0  0  0  0  0  0  0  0  0  0  0  0  0  0  0  158  0  0  0  0  0  0  0  0  0  0  0  0  0  0  0  0  0  0  0  0  0  0  0  0  0  0  0  0  0  0  0  20856  0  0  0  0  0  0  0  0  32946  0  0  0  0  0  0  0  29178  26385  1026  76212  0  0  0  0  0  0  0  0  0  0  0  0  0  0  0  0  0  0  0  0  0  50664  0  0  0  0  0  0  78348  0  0  0  0  0  35350  86  4  0  1002  0  0  0  3  0  0  0  0  0  0  0  1  0  0  0  0  0  0  0  0  0  0  0  0  0  
0  0  0  0  0  0  0  0  0  0  0  0  0  0  0  0  0  0  0  0  0  0  0  0  0  0  0  0  0  0  0  0  0  0  0  0  0  0  0  0  0  0  0  0  0  0  0  0  0  0  0  0  0  0  0  0  0  0  0  0  0  0  0  0  0  0  0  0  0  0  0  0  0  0  0  2  0  0  0  0  0  0  0  0  0  0  0  0  0  0  39  0  0  0  82  0  30539  4981  0  0  0  0  0  0  0  0  0  27120  32847  0  27704  30589  0  0  1  0  0  0  0  0  39  1873  0  23297  0  0  0  0  0  0  0  0  0  646  736  0  0  0  0  0  0  0  0  0  0  13255  13905  0  0  0  1  0  0  0  15902  0  1120  0  0  0  
0  0  0  0  0  0  0  0  0  1  31  0  0  0  0  0  0  0  0  0  0  535  0  0  0  0  0  0  0  1  0  0  0  0  0  0  0  0  0  0  0  0  0  301  0  0  0  0  0  0  1  0  0  0  0  0  0  0  0  0  0  0  0  0  4  3  0  0  0  0  0  0  0  0  0  32  0  7  1  0  1  1  39  23001  68304  0  0  1  0  0  29  0  279  3300  7  116097  9400  0  0  2  1  0  0  125  0  0  0  0  0  0  0  0  0  1  574  51388  0  0  65  1  1  45  11  0  3282  1  0  0  1  27  11607  11665  31  3  6138  0  0  0  68025  3298  7  25  12  0  1  4  1225  0  0  0  1  0  0  0  3  16  5244  22  145  1  
0  0  0  0  0  0  0  0  0  0  0  0  0  0  0  0  0  0  0  0  0  0  0  0  0  0  0  0  0  0  0  0  0  0  0  0  0  0  0  0  0  0  0  0  0  0  0  0  0  0  0  0  0  0  0  0  0  0  0  0  0  0  0  0  0  0  0  0  0  0  0  0  0  0  57  4  26530  28065  64  116  415  1880  42  38  0  189  0  9  95  201  10  7  8  0  1  0  0  0  8  12602  105  114110  139794  9  0  0  1  0  0  0  0  0  8  4  803  0  0  36  0  14830  34  20  7075  0  0  408  94  499  7  1244  7  69  5  0  2  1  0  1  650  2528  28962  23040  36460  0  31  0  672  1  0  0  0  0  0  0  0  402  1  17  2692  157  
0  0  52  0  0  0  0  454  19  0  0  0  0  0  0  3  0  0  0  0  0  0  0  0  0  0  0  0  0  109  0  0  0  0  0  0  0  0  0  0  0  0  0  0  0  112  0  0  0  0  0  0  0  0  0  0  0  0  0  0  0  0  0  0  0  0  0  0  0  0  375  0  0  0  0  0  29247  0  0  0  4197  37932  37775  20  0  0  0  0  0  4160  0  0  2  10  0  0  0  0  0  1  14383  136  200  40186  0  0  0  0  0  0  0  0  0  0  2  0  0  3  20479  0  0  0  0  0  0  1  0  29  0  7437  2  405  0  0  0  0  0  0  1584  1123  21581  18  100  0  17318  0  63  0  0  0  0  0  0  0  0  22  0  1  33  4  
0  0  0  0  0  0  0  0  0  0  0  0  0  0  0  0  0  0  0  0  0  0  0  0  0  0  0  0  0  0  0  1  0  0  0  0  0  0  0  0  0  0  0  0  0  0  0  0  0  0  0  1  0  0  0  0  0  0  0  0  0  0  0  0  0  0  0  0  0  0  0  0  0  0  5666  0  0  0  1419  5070  1  0  0  1  0  81  13964  206  13  41  142  34477  0  0  0  0  484  69817  0  1  0  0  0  0  1  33  0  16  78  0  0  0  12304  117  22  0  76  0  13  0  0  3  11910  0  0  4556  351  238  0  4  0  0  0  0  0  11265  6003  34733  4  631  1  189  1  0  0  0  11  0  0  0  0  0  0  0  613  181  37  1594  51276  566  
0  0  0  0  0  0  0  0  0  0  0  0  0  0  0  0  0  0  0  0  0  0  0  0  0  0  0  0  0  0  0  0  0  0  0  0  0  0  0  0  0  0  0  0  0  0  0  0  0  0  0  0  0  0  0  0  0  0  0  0  0  0  0  0  0  0  0  0  0  0  0  0  0  0  0  140  0  19  2  0  0  0  0  2  0  101  0  0  0  0  47651  86  6  0  28  0  5037  3  0  24  0  0  0  0  0  0  27292  25667  63276  253  8  1009  0  0  19470  0  3462  21  32  0  5  0  107  502  2  3  0  0  7  9  2  11  85  136  214  0  0  0  57  9  0  6  12  0  0  820  105795  14374  0  0  0  0  0  0  5737  1  4717  3876  52281  0  
0  0  0  0  0  0  0  0  0  0  0  0  0  0  0  0  0  0  0  0  0  0  0  0  0  0  0  0  0  0  0  0  0  0  0  0  0  0  0  0  0  0  0  0  0  0  0  0  0  0  0  2  0  0  0  0  0  0  0  0  0  0  0  0  0  0  0  0  0  0  0  0  0  0  1428  1  0  32079  393  1960  26  4  22  189  0  71930  152  11549  12  115  12243  40908  13  0  1  0  4  5  2  629  0  1  141  0  0  9  600  2  18  1  0  0  11950  26472  21267  0  0  127  15065  0  11633  847  0  0  0  28547  695  1029  8  100  19  70  0  0  9  63  80  63  1716  2557  47  22664  275  0  1  0  561  0  0  0  0  0  2  0  3  829  3  9  77924  148  
0  0  0  0  0  0  0  0  0  0  0  0  0  0  0  0  0  0  0  0  0  0  0  0  0  0  0  0  0  0  0  0  0  0  0  0  0  0  0  0  0  0  0  0  0  0  0  0  0  0  0  0  0  0  0  0  0  0  0  0  0  0  0  0  0  0  0  0  0  0  0  0  0  0  0  6  0  0  0  0  0  0  0  0  0  0  0  0  0  0  0  0  0  0  27842  0  21873  0  0  0  0  0  0  0  0  0  0  1496  553  0  62999  10292  0  0  0  0  46920  0  0  0  0  214  0  0  0  0  0  0  0  0  0  0  0  21399  8940  0  0  0  0  0  0  0  0  0  0  11919  3230  0  0  0  0  0  0  0  600  0  1550  0  0  0  
0  0  0  0  0  0  0  0  0  0  0  0  0  0  0  0  0  0  0  0  0  0  0  0  0  0  0  0  0  0  0  0  0  0  0  0  0  0  0  0  0  0  0  0  0  0  0  0  0  0  0  0  0  0  0  0  0  0  0  0  0  0  0  0  0  0  0  0  0  0  0  0  0  0  0  38181  0  0  0  0  0  0  0  0  2  0  0  0  0  0  0  0  1280  125  28178  18651  0  0  0  0  0  0  0  0  0  0  0  0  0  0  0  0  0  0  0  70977  0  379  4  0  0  0  2  0  0  0  0  0  0  0  1355  69  1321  65  56230  0  0  0  5  0  0  0  0  0  0  3  27  0  0  0  0  0  0  0  0  0  0  0  1  0  
1  0  0  0  1  4  1  1  0  0  0  0  0  0  0  0  0  0  0  0  0  0  0  0  0  0  0  0  0  0  0  0  0  0  0  0  0  0  0  0  0  0  0  0  0  0  1  0  2  0  0  9  4  4  0  0  0  0  0  0  0  0  0  0  0  3  0  0  0  0  0  0  0  0  6759  0  0  1  1501  6735  231  4  0  2  0  24912  82  49963  130556  297  2  81  0  0  0  0  0  12  0  5  0  0  580  0  0  7  0  0  0  0  0  0  6099  5807  395  0  0  2  116  0  3349  5  32205  0  0  0  31081  71203  0  52  0  3  0  0  1  9860  325  207  50  8696  15  45434  47  0  3  0  98  0  0  0  0  0  3  0  0  2656  0  3  15416  32  
0  0  0  0  0  0  0  0  0  0  0  0  0  0  0  0  0  0  0  0  0  0  0  0  0  0  0  0  0  0  0  0  0  0  0  0  0  0  0  0  0  0  0  0  0  0  0  0  0  0  0  2  1  0  0  0  0  0  0  0  0  0  0  0  0  1  0  0  0  0  0  0  0  0  45692  0  0  4  39783  8434  4  0  0  2  0  41  7  27  141201  4457  0  8  1  0  0  0  0  2  0  19  0  0  1  0  0  1  0  0  0  0  0  0  555  8  276  0  0  7  163  0  1086  6  759  0  0  64458  0  53914  3  1  0  1  0  0  0  6799  32  72  63  4958  2  270  14  0  0  0  188  0  0  0  0  0  1  0  0  808  2  0  1694  6  
0  0  0  0  0  1  0  0  0  0  0  0  0  0  0  0  0  0  0  0  0  0  0  0  0  0  0  0  0  0  0  0  0  0  0  0  0  0  0  0  0  0  0  0  0  0  0  0  0  0  0  11  1  7  0  0  0  0  0  0  0  0  0  0  0  6  0  1  0  0  0  0  0  0  194  0  0  1  1876  43828  9186  176  3  0  0  128  4  7  71764  162615  0  2  1  0  0  0  0  0  0  4  2  0  20  0  0  0  0  0  0  0  0  0  12  6  90  0  0  5  353  119  153  2  571  0  0  72151  43119  0  1  131  0  3  0  0  0  4  0  8  30  13070  52  17110  31144  0  0  0  52  0  0  1  0  0  1  0  0  2564  0  0  2757  64  
0  0  0  0  0  0  0  0  0  0  0  0  0  0  0  0  0  0  0  0  0  0  0  0  0  0  0  0  0  0  0  0  0  0  0  0  0  0  0  0  0  0  0  0  0  0  0  0  0  0  0  0  0  0  0  0  0  0  0  0  0  0  0  0  0  0  0  0  0  0  0  0  0  0  0  0  0  0  0  0  0  0  45  36  1  0  0  0  0  0  59  0  1  0  0  0  0  0  44662  43794  55  0  0  1  0  0  0  2735  0  7028  0  0  0  0  5391  0  0  5  8  0  0  81  1  0  1  2  0  0  0  24609  8  32  0  0  16  0  0  0  114  36  21  23  7  0  0  0  27447  4  0  0  0  0  0  0  1  70  9  9  154  8  
0  0  0  0  0  0  0  0  0  0  0  0  0  0  0  0  0  0  0  0  0  0  0  0  0  0  0  0  0  0  0  0  0  0  0  0  0  0  0  0  0  0  0  0  0  0  0  0  0  0  0  0  0  0  0  0  0  0  0  0  0  0  0  0  0  0  0  0  0  0  0  0  0  0  1  0  1  11  0  4  17  730  1770  712  0  3  0  0  0  5  19  0  8089  16061  1  0  0  0  65173  11700  188565  4  158  7042  0  0  0  3  0  1510  0  0  0  0  13523  0  0  127  1274  4445  2  28  25  0  0  12  0  39  20389  0  65  25447  0  0  4  0  0  1  9828  4705  48398  140  91  0  29329  0  37126  0  0  0  0  0  0  0  1  958  8  14  705  144  
0  0  0  0  0  0  0  0  0  0  0  0  0  0  0  0  0  0  0  0  0  0  0  0  0  0  0  0  0  0  0  0  0  0  0  0  0  0  0  0  0  0  0  0  0  0  0  0  0  0  0  0  0  0  0  0  0  0  0  0  0  0  0  0  0  0  0  0  0  0  0  0  0  0  0  11010  0  0  0  0  0  0  5  16  20  0  0  0  0  1  2  0  139461  8972  960  767  1  0  38  2  0  0  1  0  0  0  0  0  0  0  0  0  0  0  16  37766  0  9405  30  0  0  3  2  0  3258  0  0  1  1  14  0  13075  5008  16  2962  0  0  0  2362  69  3  37  11  0  0  1  22669  0  0  0  0  0  0  0  1  15  1  0  51  1  
0  0  0  0  0  0  0  0  0  0  0  0  0  0  0  0  0  0  0  0  0  0  0  0  0  0  0  0  0  0  0  0  0  0  0  0  0  0  0  0  0  0  0  0  0  0  0  0  0  0  0  0  0  0  0  0  0  0  0  0  0  0  0  0  0  0  0  0  0  0  0  0  0  0  0  7  0  1  2  4  4  11  236  193  6811  0  0  0  0  3  22  0  66549  58843  69  74  2  0  65  19  1218  0  7  39  0  0  0  0  0  0  0  0  0  0  185  33  0  6627  208  368  0  25  17  0  1279  10  0  1  6  23980  15790  0  162  0  1311  0  0  0  58264  926  33  377  129  0  676  3  7153  1  0  0  0  0  0  0  1  173  10  1  550  61  
0  0  0  0  0  0  0  0  0  0  0  0  0  0  0  0  0  0  0  0  0  0  0  0  0  0  0  0  0  0  0  0  0  0  0  0  0  0  0  0  0  0  0  0  0  0  0  0  0  0  0  0  0  0  0  0  0  0  0  0  0  0  0  0  0  0  0  0  0  0  0  0  0  0  3  26395  0  4  2  1  2  0  0  0  0  1  0  0  0  2  44  0  49595  0  2515  4  2  0  0  12  0  0  0  0  0  0  0  0  0  0  1  6125  0  0  18  22  0  78  157  0  4  15  13  0  4668  3  0  3  0  2  4733  366  0  59  7743  0  0  0  60  17  0  10  39  0  0  15352  43108  0  0  0  0  0  0  0  0  2  14  1  31  3  
0  0  0  0  0  0  0  0  0  0  0  0  0  0  0  0  0  0  0  0  0  0  0  0  0  0  0  0  0  0  0  0  0  0  0  0  0  0  0  0  0  0  0  0  0  0  0  0  0  0  0  0  0  0  0  0  0  0  0  0  0  0  0  0  0  0  0  0  0  0  0  0  0  0  0  33518  0  0  0  0  0  0  0  0  0  0  0  0  0  0  6  0  7  0  89502  1  502  0  0  0  0  0  0  0  0  0  0  138  143  0  55625  18818  0  0  1  0  3519  2  7  0  0  99  1  27284  399  0  0  0  0  0  33  1  129  0  49314  0  0  0  3  1  0  0  0  0  0  17511  1699  0  0  0  0  0  0  0  369  0  3051  0  4  0  
0  0  0  0  0  0  0  0  0  0  0  0  0  0  0  0  0  0  0  0  0  0  0  0  0  0  0  0  0  0  0  0  0  0  0  0  0  0  0  0  0  0  0  0  0  0  0  0  0  0  0  0  0  0  0  0  0  0  0  0  0  0  0  0  0  0  0  0  0  0  0  0  0  0  1  6230  0  12  0  1  6  0  0  3  0  1  0  0  0  0  120  0  238  64  121461  104037  57003  0  0  5  0  0  1  0  0  0  0  6  10  0  2248  4203  0  0  664  1102  1647  1898  132  0  1  146  17  8899  64683  3  0  1  3  0  6123  94  5510  36514  0  0  0  0  78  28  1  21  45  0  0  5827  5736  1  0  0  0  0  0  0  203  2  33765  202  211  2  
0  0  0  0  0  0  0  0  0  0  0  0  0  0  0  0  0  0  0  0  0  0  0  0  0  0  0  0  0  0  0  0  0  0  0  0  0  0  0  0  0  0  0  0  0  0  0  0  0  0  0  0  0  0  0  0  0  0  0  0  0  0  0  0  0  0  0  0  0  0  0  0  0  0  5511  0  0  0  31  23  0  0  0  0  0  4  21579  18070  19692  0  0  7  0  0  0  0  0  40023  0  0  0  0  0  0  0  5  0  0  0  0  0  0  25441  26  0  0  0  0  0  0  7294  0  79  0  0  10411  1037  3  0  0  0  0  0  0  0  0  207  23882  0  7  0  0  0  0  0  0  0  0  0  0  0  0  0  0  0  184  0  0  326  0  
0  0  0  0  0  2  0  0  0  0  0  0  0  0  0  0  0  0  0  0  0  0  0  0  0  0  0  0  0  0  0  51  0  0  0  0  0  0  0  0  0  0  0  0  0  0  0  0  0  0  0  0  0  0  0  0  0  0  0  0  0  0  0  0  0  2  0  0  0  0  0  0  0  0  2935  0  0  0  279  6823  0  0  0  0  0  1  33  12  12  198  36  725  0  0  0  0  9810  91229  0  0  0  0  0  0  56856  44053  0  0  21  0  0  0  1005  11  0  0  0  0  0  0  6128  0  33  0  0  220  48  0  0  0  0  0  0  0  0  222  0  35877  0  4  0  0  0  13110  0  0  0  0  0  0  2  0  0  0  367  12695  377  251  45540  14  
0  0  0  0  0  0  0  0  0  0  0  0  0  0  0  0  0  0  0  0  0  0  0  0  0  0  0  0  0  0  0  0  0  0  0  0  0  0  0  0  0  0  0  0  0  0  0  0  0  0  0  0  0  0  0  0  0  0  0  0  0  0  0  0  0  0  0  0  0  0  0  0  0  0  20007  0  0  0  1095  4579  0  0  0  0  0  1  45  10  61  978  0  58  0  0  0  0  3  123766  0  0  0  0  0  0  27  2800  0  0  0  0  0  0  1786  5  0  0  0  0  0  0  21762  0  52  0  0  189  82  2  0  0  0  0  0  0  0  33837  17274  0  0  15  0  1  0  171  0  0  0  0  0  0  0  0  0  0  1  14139  0  0  9737  0  
0  0  0  0  0  0  0  0  4  8  52  0  0  0  0  0  0  0  0  0  0  0  0  0  0  0  0  0  0  8323  0  0  0  0  0  0  0  0  0  0  0  0  0  4  0  0  0  0  0  0  0  0  0  0  0  0  0  0  0  0  0  0  0  0  165  13  0  0  0  0  27  0  0  0  3  17  0  3  2  3  4  41  3219  16681  80352  1  0  0  0  0  28  0  257  29128  1  1767  4  0  8  12  23358  3  34  118940  0  0  0  0  0  0  0  0  0  0  180  2  0  51816  396  379  1  52  49  0  215  7  5  7  3  10175  4033  58909  22  2  144  0  0  0  0  4725  96  315  121  0  16153  2  3262  0  0  0  0  0  0  0  0  202  12  4  392  35  
86  0  0  0  220  2890  166  393  3607  8467  0  0  0  10  13  47  0  0  0  0  0  2  0  0  0  0  0  0  0  11  2  169  0  0  0  0  0  0  1  3  0  0  0  8  6  0  42  1  127  0  0  2650  759  71  0  0  1  0  0  0  0  24  2  3  1  36220  0  16  4  1  175  0  0  0  1479  0  0  0  2464  61688  30379  34318  35322  35589  14  40  0  7  36  910  1  7  53  3  1  176  1267  1  1  2  57  5  147  178  0  11583  0  0  0  0  0  0  43  5  112  0  0  3101  551  90  847  5  954  0  1  10335  1917  6350  3  820  32  181  0  0  6  40  1  21  7282  0  178  1519  172  0  2153  0  536  0  0  95  0  13  595  123  0  10752  65  17  4301  63  
0  0  0  0  0  0  0  0  0  0  0  0  0  0  0  0  0  0  0  0  0  0  0  0  0  0  0  0  0  0  0  0  0  0  0  0  0  0  0  0  0  0  0  0  0  0  0  0  0  0  0  0  0  0  0  0  0  0  0  0  0  0  0  0  0  0  0  0  0  0  0  0  0  0  1  0  10168  67  1  2  19  80  53  73  0  4  0  0  0  2  10  0  10  1  0  0  0  0  6  60118  53349  88648  102  449  0  0  0  0  0  31  0  0  1  0  2521  0  0  62  33729  15130  0  8  107  0  1  15  2  83  31  53020  8  51  1  0  5  0  0  0  623  3928  0  765  251  0  330  0  271  0  0  0  0  0  0  0  0  446  1  0  1099  108  
0  0  0  0  0  1  1  0  0  0  0  0  0  0  0  0  0  0  0  0  0  0  0  0  0  0  0  0  0  0  0  0  0  0  0  0  0  0  0  0  0  0  0  0  0  0  0  0  0  0  0  7  0  1  0  0  0  0  0  0  0  0  0  0  0  1  0  0  0  0  0  0  0  0  12  1  0  9054  9  157  263  34  8  18  0  39342  1  3  30348  55  8  84  5  0  0  0  0  0  0  63  3  0  54409  0  0  0  0  0  0  0  0  0  14  28  1321  0  0  18  62147  4  116  12  26906  0  0  47321  27  5009  0  58  17  24  0  0  8  1  0  1  423  2794  794  0  25277  0  5  0  225  0  0  0  0  0  0  0  2  3817  3  1  9973  281  
0  0  0  0  0  0  0  0  0  0  0  0  0  0  0  0  0  0  0  0  0  0  0  0  0  0  0  0  0  0  0  0  0  0  0  0  0  0  0  0  0  0  0  0  0  0  0  0  0  0  0  1  0  0  0  0  0  0  0  0  0  0  0  0  0  0  0  0  0  0  0  0  0  0  1  0  0  14  0  16  1068  2519  40  8  0  4  0  0  14394  30359  0  1  3  0  0  0  0  0  1  24  71  0  89088  2  0  0  0  0  0  0  0  0  0  1  101  0  0  2  51474  1406  2  0  113  0  0  323  1  34102  1  287  3  28  0  0  1  0  0  0  196  2884  265  28981  0  0  19  0  58  0  0  0  0  0  0  0  0  406  0  1  931  61  
0  0  0  0  0  59  0  0  0  0  0  0  0  0  0  1  0  0  0  0  0  0  0  2  0  0  0  0  0  0  46  21  0  0  0  0  0  0  0  0  0  0  0  0  0  0  0  0  0  0  0  0  0  0  0  0  0  0  0  0  0  0  0  0  0  4  0  0  0  91  0  0  0  0  11699  0  0  0  5294  64749  0  0  0  0  0  0  0  0  0  25545  0  0  0  0  0  0  0  3332  0  0  0  0  0  0  52036  6352  0  0  0  0  0  0  0  0  0  0  0  0  0  0  1  0  0  0  0  0  0  0  0  0  0  0  0  0  0  0  16755  1057  0  0  0  0  0  0  0  0  0  0  0  0  0  0  0  0  0  6108  0  1  519  0  
0  0  0  0  0  0  0  10  6826  1  0  0  0  0  0  0  0  0  0  0  0  0  0  0  0  0  0  0  0  1288  0  0  0  0  0  0  0  0  0  0  0  0  0  0  0  83  0  0  0  0  0  0  0  0  0  0  0  0  0  0  0  0  0  0  0  6  0  0  0  0  2480  0  0  0  0  0  15  0  1  1  13  536  53283  139  0  0  0  0  0  2  0  0  4  94  0  0  0  0  0  1  25437  2  67  104990  0  0  0  0  0  0  0  0  0  0  5  0  0  7  193  23314  1  2  6  0  2  3  1  7  0  23317  7  609  0  0  2  0  0  0  17691  7070  342  24  17  0  0  0  149  0  0  0  0  0  0  0  0  35  0  1  42  6  
0  0  0  0  0  0  0  0  0  0  0  0  0  0  0  0  0  0  0  0  0  0  0  0  0  0  0  0  0  0  0  0  0  0  0  0  0  0  0  0  0  0  0  0  0  0  0  0  0  0  0  0  0  0  0  0  0  0  0  0  0  0  0  0  0  0  0  0  0  0  0  0  0  0  0  11050  0  1  0  0  0  0  0  0  0  1  0  0  0  0  30  0  4  0  151  0  71  0  0  1  0  0  0  0  0  0  0  2410  339  0  150628  116189  0  0  3  0  20922  2  16  0  0  344  1  30011  17  1  0  1  0  0  15  1  9445  7286  4925  0  0  0  5  1  0  4  3  0  0  0  10231  0  0  0  0  0  0  0  118  2  2733  0  8  0  
0  0  0  0  0  1  0  0  0  0  0  0  0  0  0  0  0  0  0  0  0  0  0  0  0  0  0  0  0  0  0  0  0  0  0  0  0  0  0  0  0  0  0  0  0  0  0  0  0  0  0  0  0  0  0  0  0  0  0  0  0  0  0  0  0  2  0  0  0  0  0  0  0  0  10  568  0  39  12  21  43  26  1965  1063  1  25  0  2  1  5  9240  17  42317  0  734  9  916  0  95826  2522  14  0  29  27  0  0  2079  123674  79077  13508  138  165826  2  1  24373  1  10569  1106  1636  10  9  140047  247  4022  539  67  10  23  21779  33781  22921  7526  47245  1693  9828  0  0  0  6790  1638  110  1923  777  0  18  21904  0  24250  0  0  0  1  0  0  3731  1001  23975  2208  12324  221  
0  0  0  0  0  0  0  0  0  0  0  0  0  0  0  0  0  0  0  0  0  0  0  0  0  0  0  0  0  0  0  0  0  0  0  0  0  0  0  0  0  0  0  0  0  0  0  0  0  0  0  0  0  0  0  0  0  0  0  0  0  0  0  0  0  0  0  0  0  0  0  0  0  0  0  1  0  9  0  0  0  0  0  0  0  2  0  0  0  0  17  0  0  0  0  0  2  0  0  43  0  0  0  0  0  0  56060  26498  339  21985  0  0  0  0  9606  0  0  3  0  0  0  17883  0  0  0  0  0  0  1  0  0  0  1  0  3  0  0  0  1  0  0  0  0  0  0  0  20482  0  0  0  0  0  0  0  1  0  109  208  605  0  
0  4  0  7  0  0  0  0  0  0  0  0  0  0  0  0  28160  27232  0  0  13  0  90235  79  0  7  0  0  0  0  0  3500  0  37  13405  4  3  355  0  0  143  0  49438  3  23  0  24  11095  14  5934  0  0  0  0  0  0  15  10  176  67  184  0  196  0  1  0  1  1  0  0  0  55  4054  5  0  0  0  0  0  0  0  0  0  0  0  0  0  0  0  0  0  0  0  0  0  0  0  0  0  0  0  0  0  0  0  0  0  0  0  0  0  0  0  0  0  0  0  0  0  0  0  0  0  0  0  0  0  0  0  0  0  0  0  0  0  0  0  0  0  0  0  0  0  0  0  0  0  0  0  0  285278  29642  10820  1371  0  0  10  0  0  0  
0  0  0  0  10  13120  238295  30757  174  0  0  0  0  0  0  242282  0  0  0  0  0  0  0  0  0  0  0  0  4  6  0  1  0  0  0  0  0  0  0  0  0  0  0  0  14  88  1  0  28  0  0  182  1127  38560  0  0  0  0  0  0  0  1  0  0  0  2599  1  10  2204  0  16  0  0  0  0  0  0  0  0  14  1781  64  0  0  0  0  0  0  0  23  0  0  0  0  0  0  0  0  0  0  0  0  0  0  0  0  0  0  0  0  0  0  0  0  0  0  0  0  0  0  0  0  0  0  0  0  0  0  0  0  0  0  0  0  0  0  0  0  0  41  0  0  0  0  0  0  0  0  0  0  0  0  37  0  0  0  0  0  0  0  
0  86  0  171  0  1  0  0  0  1211  0  10  0  0  0  0  138  26  56  1  1000  1217  67969  1  7  69  0  9  0  0  1  1650  3  405  509  272  46  1895  0  0  3072  0  7290  6943  920  0  0  14321  263  42712  2  3  0  2  3  5  1032  278  2703  4119  24322  0  155  0  46  10  241  162  9  0  0  970  14496  23  0  0  0  0  0  0  0  0  0  0  0  0  0  0  0  0  0  0  0  0  0  0  5  0  0  0  0  0  0  0  0  0  0  0  0  0  0  0  0  0  0  0  0  0  0  0  0  0  0  0  0  0  0  0  0  0  0  0  0  0  0  0  0  0  0  0  0  0  0  0  0  0  0  0  139389  0  0  42462  1672  960  0  0  110  5  0  0  
0  0  1  0  4  304  0  4  9  86  0  0  0  0  0  3  835  3011  0  0  7  7  612  0  0  1  4  0  13  1  0  8287  1  3  10  4  0  0  0  0  231  0  28  39  137  2  0  6018  13  1  0  36  5  10  0  182  10  0  1  0  6  0  121  0  3  284  445  12  1  5  6  0  453  9  0  0  0  0  0  0  0  0  0  2  0  0  0  0  0  0  1  0  0  0  1  2  33  0  0  0  0  0  0  0  0  22  0  0  0  0  0  0  0  0  0  0  0  0  0  0  0  0  0  0  0  0  0  0  0  0  0  0  0  0  0  0  0  0  0  30  0  0  0  0  0  0  1  0  8300  0  51248  0  64153  67759  0  5  9  534  0  32  
8167  0  0  0  2148  5354  40  14  68  182  0  72  5  27  2230  156  61894  74180  0  0  5  0  349  1037  0  6  25  8  54  26  510  17208  41  16  159  15  0  0  88  23  701  0  206  20  963  3  21958  67429  68412  0  0  6558  5147  345  0  2396  24  5  1  1  5  1100  14927  1666  85  1940  4739  409  84  823  109  0  258  9  0  0  0  0  0  1  0  0  0  0  0  0  0  0  0  0  0  0  0  0  0  0  0  0  0  0  0  0  0  0  0  0  0  0  0  0  0  0  0  0  0  0  0  0  0  0  0  0  0  0  0  3  0  2  0  0  0  0  0  0  0  0  0  0  0  178  0  3  0  0  0  0  0  0  7475  8  1252  28496  0  192592  0  0  1  0  1  0  
207  0  0  1  80  3040  3  8  10  12  0  0  0  0  16  36  107  2477  0  0  1  0  20  5  0  0  4  1  14  1  4  46279  0  0  0  1  0  0  1  0  8  0  0  2  250  0  9  68  87  0  0  272  83  42  0  280  0  0  0  0  0  8  120  133  13  1413  463  28  12  4643  13  0  7  0  0  0  0  0  0  0  0  0  0  0  0  0  0  0  0  0  0  0  0  0  0  0  1  0  0  0  0  0  0  0  0  24  0  0  0  0  0  0  0  0  0  0  0  0  0  0  0  0  0  0  0  1  0  0  0  0  0  0  0  0  0  0  0  0  0  100  0  0  0  0  0  0  0  0  334  3  413  95072  456264  0  0  4  3  9  0  0  
0  0  0  0  0  0  0  0  0  0  0  0  0  0  0  0  0  0  0  0  0  0  0  0  0  0  0  0  0  0  0  13  0  0  0  0  0  0  0  0  0  0  0  0  0  0  0  0  0  0  0  0  0  0  0  0  0  0  0  0  0  0  0  0  0  0  0  0  0  0  0  0  0  0  0  91  0  1  0  0  0  0  0  1  0  0  0  0  0  0  5800  8822  0  0  48  0  98361  125  0  1  0  0  0  0  98  6350  0  0  890  0  17  1112  0  0  49  0  22276  4  7  0  643  9127  2  144  0  0  0  1  2  0  1  2  24  161  1122  0  360  0  14  4  0  0  4  0  0  546  9098  0  0  0  3  2  0  0  0  66  257867  33344  15176  256  
0  0  0  0  0  1  0  0  0  0  0  0  0  0  0  1  0  0  0  0  0  0  0  0  0  0  0  0  0  0  0  63  0  0  0  0  0  0  0  0  0  0  0  0  0  0  0  0  1  0  0  3  2  0  0  0  0  0  0  0  0  0  0  0  0  2  0  0  0  0  0  0  0  0  7229  0  0  4  1364  9321  94  243  152  190  0  20  2  7  23  308  7  215  8  0  0  0  350  164  17  21  5  1  601  6  21  14691  0  0  0  0  0  0  203  2  1097  0  0  52  1411  5  247  3  353  0  1  9789  559  1748  2  1447  28  173  2  0  5  432  1212  5964  768  5640  525  6902  254  173  1  0  538  0  0  1  0  9  0  1  63  0  48  14346  157748  63383  
0  0  0  0  0  0  0  0  0  17  0  0  0  0  0  0  0  0  0  0  0  0  3  0  0  0  0  0  0  0  0  0  0  0  0  0  0  0  0  0  0  0  0  0  0  0  0  0  0  0  0  0  0  0  0  0  0  0  0  0  0  0  0  0  0  16  0  0  0  0  0  0  0  0  0  721  0  7  0  1  1  0  0  4333  0  1  0  0  0  0  2774  5  2  0  223  1563  82886  0  0  3  0  0  0  0  30  167  0  20  128  0  578  10600  0  0  802  0  2592  4830  31  0  1  4829  5  1813  6  1  3  0  6  0  8  6  153  2174  29153  0  75  0  49  112  0  6  9  0  0  5427  17370  13  2  0  159  9  0  0  132482  11  0  62112  5403  24  
0  0  0  0  0  1  0  0  0  4  0  0  0  0  0  0  0  0  0  0  0  0  4  0  0  0  0  0  0  0  3  565  0  0  0  0  0  0  0  0  0  0  0  0  0  0  0  0  0  0  0  0  0  0  0  0  0  0  0  0  0  0  2  0  0  13  0  0  0  5  0  0  0  0  0  10  0  2  0  4  0  10  19  53  0  0  0  0  0  0  1876  5436  1  1  27  58  6869  3  0  1  3  1  26  1  94  1150  2  8  0  0  0  1  0  0  1201  0  0  19  398  0  1443  3361  8  0  0  0  0  0  6  221  1  24  23  8  52  0  180  0  77  45  61  9  5  0  1  16  2131  19  0  0  25  1229  1  9  12247  68990  60335  0  38142  36495  
0  0  0  0  0  0  0  0  0  0  0  0  0  0  0  0  0  0  0  0  0  0  0  0  0  0  0  0  0  0  0  14  0  0  0  0  0  0  0  0  0  0  0  0  0  0  0  0  0  0  0  1  0  0  0  0  0  0  0  0  0  0  0  0  0  0  0  0  0  0  0  0  0  0  5166  65  0  18  796  2707  35  81  89  304  0  16  11  9  17  142  38952  33793  28  0  17  3  16441  5881  8  15  8  0  242  2  4035  13815  2  2  32  0  1  13  382  8  13610  0  0  135  999  10  21296  32772  32750  0  7  8146  415  706  14  1526  41  136  82  30  183  404  19552  6189  1806  2284  280  4979  155  16  2  142  4191  32  0  0  1  4  0  0  8998  92709  2193  15036  0  170255  
0  0  0  0  0  0  0  0  0  0  0  0  0  0  0  0  0  0  0  0  0  0  0  0  0  0  0  0  0  0  0  832  0  0  0  0  0  0  0  0  0  0  0  0  0  0  0  0  0  0  0  0  0  0  0  0  0  0  0  0  0  0  0  0  0  0  0  0  0  1  0  0  0  0  1  0  0  0  0  4  5  275  163  223  0  1  0  0  0  6  24  6785  13  0  0  0  8079  38  8  3  8  3  592  3  80  11004  0  0  0  0  0  0  0  0  309  0  0  66  1167  10  3497  4  25  0  0  20  3  8  1  2492  16  135  0  0  3  0  175  0  772  418  245  377  188  0  7  0  441  0  0  0  0  114  0  4  903  204908  510  38179  416229  0  
