0  0  0  0  60061  7876  16  0  0  0  0  3  5  118  9310  364  0  4  0  0  0  0  0  65194  0  0  0  0  0  0  24541  0  0  0  0  0  0  0  62  0  0  0  0  0  1  0  54  0  1538  0  0  11630  11830  120  0  0  0  0  0  0  0  8299  5  6579  0  51  0  1  0  11473  0  0  0  0  0  0  0  0  0  2  0  0  0  0  0  0  0  0  0  0  0  0  0  0  0  0  0  0  0  0  0  0  0  0  10  0  0  0  0  0  0  0  0  0  0  0  0  0  0  0  0  0  0  0  0  0  0  0  0  0  0  0  0  0  0  0  0  0  0  1  0  0  0  3  0  0  0  0  0  1  0  201  31637  100  0  0  0  0  0  0  
0  0  0  0  0  0  0  0  0  0  23  0  0  0  0  0  0  0  52347  575  53388  9785  17  0  0  0  0  0  0  0  0  0  0  2  0  0  52  561  0  0  0  21477  0  1417  0  0  0  0  1  46  50072  0  0  0  0  4  9314  278  20320  3064  12356  0  0  0  4  0  4  0  0  0  0  4280  91  0  0  0  0  0  0  0  0  0  0  0  0  0  0  0  0  0  0  0  0  0  0  16  0  0  0  0  0  0  0  0  0  0  0  0  0  0  0  0  0  0  0  0  0  0  0  0  0  0  0  0  0  0  0  0  0  0  0  0  0  0  0  0  0  0  0  0  0  0  0  0  0  0  0  0  0  0  40  0  0  0  0  0  0  0  0  0  
0  0  0  0  0  0  0  6575  1  0  0  0  0  0  1  49416  0  0  0  0  0  0  0  0  0  0  7696  11329  23326  8289  0  0  0  0  0  0  0  0  0  0  0  0  0  0  25969  39093  0  0  0  0  0  0  0  1  0  0  0  0  0  0  0  0  0  0  0  1  12161  0  135  0  20  0  0  0  0  0  271  0  0  0  0  11  5  0  0  0  0  0  0  21  0  0  0  0  0  0  0  0  0  0  1  0  0  84  0  0  0  0  0  0  0  0  0  0  0  0  0  0  0  30  0  0  0  0  0  0  0  0  0  0  0  0  0  0  0  0  0  0  0  0  0  0  0  0  21  0  0  0  0  39529  0  4  1  0  0  0  0  0  0  0  
0  1  0  0  0  2  1  7  58  144  0  29358  0  0  5  0  635  510  17  1  1  0  15  0  2  35969  25  26021  28280  5  0  0  4446  812  3  49  0  0  0  1  6521  0  0  42  22670  11  0  968  43519  1  0  3  1  14  0  84  42  27  4  0  2  0  0  0  23  85  2031  16760  29  0  29  0  66  37  0  0  0  0  0  0  0  0  0  0  0  0  0  0  0  0  0  0  0  0  0  0  0  0  0  0  0  0  0  0  0  0  0  0  0  0  0  0  0  0  0  0  0  0  0  0  0  0  0  0  0  0  0  0  0  0  0  0  0  0  0  0  0  0  0  0  0  0  0  0  0  0  0  0  7  10  1480  1174  448  3  0  0  0  0  0  0  
48731  0  0  0  0  5461  1  0  0  0  0  0  0  3  7647  28191  0  0  0  0  0  0  0  340  0  0  0  0  0  0  23125  0  0  0  0  0  0  0  2  0  0  0  0  0  0  0  0  0  374  0  0  60  10381  15  0  0  0  0  0  0  0  1  0  1523  0  4  0  0  0  12771  0  0  0  0  0  0  0  0  0  4  0  0  0  0  0  0  0  0  0  55  0  0  0  0  0  0  0  0  0  0  0  0  0  0  0  0  0  0  0  0  0  0  0  0  0  0  0  0  0  0  0  0  0  0  0  0  0  0  0  0  0  0  0  0  0  0  0  0  0  0  0  0  0  1  0  0  0  0  0  0  0  50  3108  13  0  0  0  0  0  0  
14589  0  0  0  17609  0  32812  200  2  0  0  2  0  14  23339  73930  0  4  0  0  0  0  0  5177  0  0  0  1  0  0  132  11709  0  0  0  0  0  0  19  0  0  0  0  0  6  0  12  1  934  0  0  5169  15326  18980  0  0  0  0  0  0  0  4  2  3701  0  32035  1  156  2  47702  0  0  0  0  0  0  0  0  0  1689  234  0  0  0  0  0  0  0  1  132  0  0  0  0  0  0  0  0  0  0  0  0  0  0  0  38  0  0  0  0  0  0  0  0  0  0  0  0  0  0  0  0  0  0  0  1  0  0  0  0  0  0  0  0  0  0  0  0  0  717  0  0  1  17  0  0  0  0  0  195  0  7692  51250  1643  0  149  0  7  4  0  
8  0  0  0  4  29232  0  28690  10  1  0  0  0  0  42  56857  0  0  0  0  0  0  0  1  0  0  0  0  0  0  0  1  0  0  0  0  0  0  0  0  0  0  0  0  8  0  0  0  137  0  0  2689  230  6742  0  0  0  0  0  0  0  0  0  0  0  26634  1  821  562  0  0  0  0  0  0  0  0  0  0  531  3198  715  6  0  0  0  0  0  0  138  0  0  0  0  0  0  0  0  0  0  0  0  0  0  0  0  0  0  0  0  0  0  0  0  0  0  0  0  0  0  0  0  0  0  0  2  0  1  0  0  0  0  0  0  0  0  0  0  0  294  0  0  0  0  0  0  0  0  0  88257  0  1038  5358  17  0  69  0  4  0  0  
1  0  2928  3  0  2600  29255  0  12468  21  0  1  0  0  7  33320  42  1  0  0  0  0  0  0  0  13  126  370  255  6  0  0  0  0  0  4  0  0  0  1  1514  0  0  3  26675  39426  0  1707  1071  0  0  179  7  815  0  47  0  0  0  0  0  0  0  0  0  24287  1878  894  10470  0  7  0  0  0  0  0  5  0  0  2  1177  7745  876  0  0  0  0  0  0  29  0  0  0  0  0  0  0  0  0  0  0  0  0  0  0  0  0  0  0  0  0  0  0  0  0  0  0  0  0  15  0  0  0  0  0  0  0  0  0  0  0  0  0  0  0  0  0  0  0  1049  0  0  0  0  0  0  0  0  0  96103  3  3614  7489  66  0  8  0  9  0  0  
0  0  2  9  0  23  13  12224  0  11229  0  1  0  0  3  2  9  0  0  1  0  1  1  0  13  271  621  167  65  8926  0  0  0  2  0  953  0  0  0  0  1939  0  0  21  962  11313  0  333  153  0  0  6  0  21  0  853  2  1  0  0  1  0  0  0  173  27322  1416  43  199  0  22673  0  10  0  0  0  0  0  0  0  0  636  9125  22  15  0  0  0  0  1  0  0  0  0  0  3  0  0  0  0  0  0  0  353  0  0  0  0  0  0  0  0  0  0  0  0  0  3  0  420  0  0  0  0  0  0  0  0  0  0  0  0  0  0  0  0  0  0  0  862  0  0  0  0  1258  0  0  0  1  229  31  2716  1104  221  0  0  0  0  0  0  
1  4  0  25  0  0  1  8  12471  0  1  14  0  0  3  0  1  0  22  2  3  225  1645  0  2  583  555  89  0  14444  0  0  0  8  0  666  0  0  0  1  4008  0  0  24816  201  62  0  192  212  1  4  3  1  8  0  532  68  39  7  0  4  0  0  0  4048  64515  1828  81  23  0  1059  0  64  2  0  0  0  0  0  0  0  0  714  168  109  0  0  0  0  0  0  0  0  0  0  137  0  0  0  1  1  0  1  104  0  0  0  0  0  0  0  0  0  0  4  0  0  42  13  0  0  0  1  0  0  0  0  0  0  0  0  0  0  0  0  0  0  0  3  4575  27  0  1  0  87  0  0  0  1  3  2706  9414  344  202  3  0  0  552  41  19  
0  34  0  0  0  0  0  0  0  4  0  0  0  0  0  0  0  0  82  66707  19  13336  0  0  0  0  79  0  0  2072  0  0  0  0  0  0  0  1  0  0  15  11851  0  87344  0  0  0  1  1  1  250  0  0  0  0  0  426  3962  14  0  150  0  0  0  50943  0  4  0  0  0  2  0  95  0  0  0  0  0  0  0  0  0  0  0  41155  0  0  0  0  0  0  0  0  384  0  919  0  0  0  0  0  0  0  9  0  0  0  0  0  0  0  0  0  0  0  1373  0  39  0  0  0  0  0  0  0  0  0  0  0  0  0  0  0  0  0  0  0  0  49  0  0  0  0  0  0  0  0  0  0  0  5  0  1  0  0  0  0  0  0  0  
18  0  0  42962  1  0  0  2  25  64  0  0  2  28129  222  2  58  338  1  0  0  0  1  2  0  148  4  59  4358  1  0  0  23  344  70  25  0  0  285  23705  96  0  1  25  641  1  48  34  36585  0  0  27884  6  7  0  17  1  0  0  0  0  3  0  16  7  27  131  44047  4  0  9  0  4  0  0  0  0  0  0  0  0  0  0  0  0  0  0  0  0  0  0  0  0  0  0  0  0  0  0  0  0  0  0  0  0  0  0  0  0  0  0  0  0  0  0  0  0  0  0  0  0  0  0  0  0  0  0  0  0  0  0  0  0  0  0  0  0  0  0  0  0  0  0  0  0  0  0  0  0  5  207  173  85  0  0  0  0  1  0  0  
97  0  0  0  1  0  0  0  0  0  0  14  0  11930  0  0  0  194  0  0  0  0  0  34238  0  0  0  0  0  0  0  0  0  47  40  0  0  0  21662  2  0  0  1  0  0  0  10834  0  74  0  0  6  2  0  0  0  0  0  0  0  0  1410  0  1737  0  0  0  0  0  0  0  0  0  0  0  0  0  0  0  0  0  0  0  0  0  0  0  0  0  0  0  0  0  0  0  0  0  0  0  0  0  0  0  0  0  0  0  0  0  0  0  0  0  0  0  0  0  0  0  0  0  0  0  0  0  0  0  0  0  0  0  0  0  0  0  0  0  0  0  0  0  0  0  0  0  0  0  0  0  0  0  0  23  0  0  0  0  0  0  0  
355  0  0  0  6  4  0  1  0  0  0  31123  9968  0  4249  0  0  37  0  0  0  0  0  2695  0  0  0  0  0  0  0  0  0  10  5  0  0  0  11953  22535  0  0  0  1  0  0  190  0  12257  0  0  45157  31  4  0  0  0  0  0  0  0  21589  0  329  0  1  0  76  0  0  0  0  0  0  0  0  0  0  0  0  0  0  0  0  0  0  0  0  0  0  0  0  0  0  0  0  0  0  0  0  0  0  0  0  0  0  0  0  0  0  0  0  0  0  0  0  0  0  0  0  0  0  0  0  0  0  0  0  0  0  0  0  0  0  0  0  0  0  0  0  0  0  0  0  0  0  0  0  0  0  1  1  37  0  0  0  0  0  0  0  
11977  0  0  4  9361  15139  88  21  1  4  0  249  1  5420  0  61160  0  1  0  0  0  0  0  9674  0  0  2  19  2367  0  0  0  0  0  0  3  0  0  1  0  1  0  0  0  84  2  2  2  59  0  0  118665  95366  86029  0  2  0  0  0  0  0  22584  0  219  0  54  13  34580  19026  60  0  0  0  0  0  0  0  0  0  0  0  0  0  0  0  0  0  0  0  0  0  0  0  0  0  0  0  0  0  0  0  0  0  0  0  0  0  0  0  0  0  0  0  0  0  0  0  0  0  0  0  0  0  0  0  0  0  0  0  0  0  0  0  0  0  0  0  0  0  2  0  0  0  0  0  0  0  0  0  26  0  86  550  16  0  2  0  1  0  0  
856  0  32703  0  37524  70626  62058  39126  3  0  0  0  0  0  70577  0  0  0  0  0  0  0  0  1063  0  1  0  2  11926  1  23  0  0  0  0  0  0  0  0  0  0  0  0  0  2076  3692  0  0  15  0  0  241  1460  134960  0  0  0  0  0  0  0  0  0  1248  0  428  0  230  16414  8494  1  0  0  0  0  0  34  0  1  173  2471  106  3  0  0  0  0  0  0  1405  0  0  0  0  0  0  0  0  0  0  0  0  0  2  0  0  0  0  0  0  0  0  0  0  0  0  0  0  0  11  0  0  0  0  0  0  0  0  0  0  0  0  0  0  0  0  0  0  0  12  0  0  0  2  2  0  0  0  0  214799  0  132  684  6  0  14  0  4  0  0  
0  0  1  611  0  0  1  194  15  6  0  238  0  0  1  0  0  34829  0  0  0  0  12697  15  0  17  17  426  63  0  0  0  758  9  19173  0  0  0  0  0  1444  0  1609  0  1930  33  0  35097  20744  2  0  0  0  18  0  18  0  0  1  0  0  0  0  0  0  63  346  10  119  0  0  0  18  0  0  0  0  0  0  0  0  0  0  0  0  0  0  0  0  0  0  0  0  0  0  0  0  0  0  0  0  0  0  0  0  0  0  0  0  0  0  0  0  0  0  0  0  0  0  0  0  0  0  0  0  0  0  0  0  0  0  0  0  0  0  0  0  0  0  1  0  0  0  0  0  0  0  0  8851  32  6  163  85276  27  0  0  0  0  0  0  
56  0  0  190  1  5  0  8  0  0  0  1836  294  102  1  0  32927  0  0  0  0  0  8641  5819  0  0  1  6  2  0  0  0  0  1  1245  0  0  0  7  50  52  0  33  0  27  0  33728  4454  45360  0  0  130  16  6  0  0  0  0  0  0  0  1  7  3  0  5  6  4  34  1  0  0  0  0  0  0  0  0  0  0  0  0  0  0  0  0  0  0  0  0  0  0  0  0  0  0  0  0  0  0  0  0  0  0  0  0  0  0  0  0  0  0  0  0  0  0  0  0  0  0  0  0  0  0  0  0  0  0  0  0  0  0  0  0  0  0  0  0  0  0  0  0  0  0  0  0  0  0  5708  20  26  494  91968  195  0  0  0  0  0  0  
0  55130  0  0  0  0  0  0  0  0  7  0  0  0  0  0  0  0  0  399  241  31  5  0  19582  6  12  0  0  0  0  0  0  7  0  5  0  111  0  0  41  23845  0  674  0  0  0  6  3  29  383  0  0  0  0  475  99854  58052  35335  3  508  0  0  0  65  0  56  1  0  0  2  9  45369  0  0  0  0  0  0  0  0  0  0  0  0  0  0  0  0  0  0  0  0  0  0  0  0  0  0  0  0  0  0  0  0  0  0  0  0  0  0  0  0  0  0  0  0  0  0  0  0  0  0  0  0  0  0  0  0  0  0  0  0  0  0  0  0  0  0  0  0  0  0  0  0  0  0  0  2  0  32  2  4  0  0  0  0  0  0  0  
0  134  0  0  0  0  0  0  0  1  64766  0  0  0  0  0  0  0  437  0  1  223  0  0  0  0  9345  0  0  417  0  0  0  0  0  0  0  0  0  0  6  23920  0  9238  0  0  0  1  0  1  427  0  0  0  0  8387  1277  44125  1  1  194  0  0  0  18398  0  0  0  0  0  0  0  12  0  0  0  1  0  0  0  0  0  0  0  678  0  0  0  0  0  0  0  0  529  0  3  0  0  0  0  0  0  0  1  0  0  0  0  0  0  0  0  0  0  0  866  0  0  0  0  0  0  0  0  0  0  0  0  0  0  0  0  0  0  0  0  0  0  0  0  0  0  0  0  0  0  0  0  0  0  0  0  0  0  0  0  0  0  0  0  
0  64623  0  0  0  0  0  0  0  1  0  0  0  0  0  0  0  0  276  2  0  29266  15221  0  1  11  0  0  0  0  0  0  0  1  0  28  3011  817  0  0  2  11  9  92  0  0  0  1  0  46262  7792  0  0  0  0  6  222  131  4011  48968  92204  0  0  0  1  0  1  0  0  0  0  5862  366  0  0  0  0  0  0  0  0  0  0  0  0  0  0  0  0  0  0  0  0  0  5  76  0  0  0  0  0  0  0  0  0  0  0  0  0  0  0  0  0  0  0  0  0  0  0  0  0  0  0  0  0  0  0  0  0  0  0  0  0  0  24  0  0  0  0  0  0  0  0  0  0  0  0  0  0  0  283  11  0  0  0  0  0  5  0  0  
0  7245  0  0  0  0  0  0  0  1084  9648  0  0  0  0  0  0  0  21  204  7203  0  14868  0  1  2  0  1  0  591  0  0  0  1  0  3  0  0  0  0  7  28361  0  142084  1  0  0  1  7  0  42467  0  0  0  0  10  780  948  60  1  104730  0  0  0  404  8  5  1  0  0  1  3  55  0  0  0  0  0  0  0  0  0  1  0  8209  0  0  0  0  0  0  0  0  0  3  23093  0  0  0  0  0  0  0  5  0  0  0  0  0  0  0  0  0  0  0  130  0  211  0  0  0  0  0  0  1  0  0  0  0  0  0  0  0  0  14  0  0  0  4  0  0  0  0  0  0  0  0  0  0  0  1084  53  4  0  0  0  0  5  0  0  
0  64  0  18  0  1  0  1  5  1849  0  11  0  0  1  0  15998  12394  69  0  15327  10516  0  3  23  117  0  1  0  0  0  0  0  26  14993  254  1307  89  0  2  95  2  31475  15223  6  0  0  2014  129  19643  3  1  0  3  18  61  113  66  1315  317  56286  0  0  0  36  2  13  17  2  0  16  414  1103  2  0  0  0  0  0  0  0  0  0  0  0  0  0  0  0  0  0  0  0  0  0  3  0  0  0  0  0  0  0  0  0  0  0  0  0  0  0  0  0  0  0  0  0  0  0  0  0  0  0  0  0  0  0  0  0  0  0  0  0  0  1  0  0  0  0  0  0  0  0  0  0  0  0  0  29423  2  60729  505  127  2  0  0  0  16  0  0  
63996  0  0  0  963  1867  0  0  0  0  0  2  31720  4461  9635  302  12  6728  0  0  0  0  10  0  0  0  0  0  0  0  24602  3  0  46  64  0  0  0  10571  0  0  0  19  0  0  0  27169  3248  38  0  0  250  19  2  0  0  0  0  0  0  0  25110  61254  97716  0  4  0  0  0  7054  0  0  0  0  0  0  0  0  0  1  0  0  0  0  0  0  0  0  0  0  0  0  0  0  0  0  0  0  0  0  0  0  0  0  9  0  0  0  0  0  0  0  0  0  0  0  0  0  0  0  0  0  0  0  0  0  0  0  0  0  0  0  0  0  0  0  0  0  0  0  0  0  0  0  0  0  0  0  20  0  0  17  15711  21  0  0  0  0  0  0  
0  2  0  1  0  0  0  0  34  46  0  0  0  0  0  0  0  0  19863  0  2  3  12  0  0  50074  182  0  0  1  0  0  0  3635  1  4165  0  90  0  0  80  0  5  16  4  2  0  2  12  5  1  0  0  0  42438  73263  347  2143  172  0  34  0  0  0  136  21  451  1  0  0  59  3  117573  0  0  0  0  0  0  0  0  0  0  0  0  0  0  0  0  0  0  0  0  0  0  0  0  0  0  0  0  0  0  0  0  0  0  0  0  0  0  0  0  0  0  0  0  0  0  0  0  0  0  0  0  0  0  0  0  0  0  0  0  0  0  0  0  0  0  0  0  0  0  0  0  0  0  0  2  1  144  12  2  1  0  0  0  0  0  0  
1  8  0  35836  0  0  1  13  1252  1446  0  202  0  0  1  0  75  0  18  0  5  6  87  0  39838  0  465  10681  2  25  0  0  1735  4122  4  46476  3  2  0  3  74115  0  19  164  9811  133  0  1424  14942  14  3  5  0  11  16202  34625  36  26  27  1  102  0  0  0  165  1182  71406  176  53  0  404  4  11574  62  0  0  0  0  0  0  0  0  0  0  0  0  0  0  0  0  0  0  0  0  0  1  0  0  0  0  0  0  0  0  0  0  0  0  0  0  0  0  0  0  0  0  0  0  0  0  0  0  0  0  0  0  0  0  0  0  0  0  0  0  0  0  0  0  0  0  0  0  0  0  0  0  0  0  30  10  1772  1699  599  47  0  0  0  0  0  0  
0  0  7719  0  0  0  0  9  264  57  71  0  0  0  0  0  2  0  44  9400  0  0  0  0  225  237  0  110  23  74753  0  0  0  0  0  33  0  0  0  0  463  0  0  4  205  10362  0  16  16  0  0  0  0  3  0  92562  3  31  0  0  0  0  0  0  23024  877  60660  5  27  0  3899  0  5  0  0  0  0  0  0  0  0  0  0  0  2  0  0  0  0  0  0  0  0  0  0  0  0  0  0  0  0  0  0  63  0  0  0  0  0  0  0  0  0  0  0  0  0  0  0  0  0  0  0  0  0  0  0  0  0  0  0  0  0  0  0  0  0  0  1  1  0  0  0  0  0  0  0  0  0  0  1  424  83  52  0  0  0  0  0  0  
0  0  12798  28343  0  0  0  60  22  37  0  12  0  0  7  1  2  0  0  0  0  0  0  0  0  12129  97  0  3319  0  0  0  0  0  0  6  0  0  0  0  260  0  0  1  145805  3233  0  23  422  0  0  2  0  36  0  75  0  0  0  0  0  0  0  0  0  53  93720  36  121  0  8  0  0  0  0  0  0  0  0  0  0  0  0  0  0  0  0  0  0  0  0  0  0  0  0  0  0  0  0  0  0  0  0  0  0  0  0  0  0  0  0  0  0  0  0  0  0  0  0  0  0  0  0  0  0  0  0  0  0  0  0  0  0  0  0  0  0  0  0  1  0  0  0  0  0  0  0  0  0  39  5  414  120  3  0  0  0  0  0  0  
0  0  21373  50420  0  0  3  169  6  8  0  3514  0  0  860  11737  2  0  0  0  0  0  0  0  0  2  20  3580  0  1  0  0  0  0  0  3  0  0  0  0  10  0  0  1  153486  19  0  10  88  0  0  152  0  388  0  15  0  0  0  0  0  0  0  0  2  26  503  69537  60843  0  0  0  0  0  0  0  0  0  0  0  0  0  0  0  0  0  0  0  0  0  0  0  0  0  0  0  0  0  0  0  0  0  0  0  0  0  0  0  0  0  0  0  0  0  0  0  0  0  0  0  0  0  0  0  0  0  0  0  0  0  0  0  0  0  0  0  0  0  0  0  0  0  0  0  0  0  0  0  0  41461  1  127  267  5  0  0  0  0  0  0  
0  0  8522  0  0  0  0  7  10576  12192  3497  0  0  0  0  1  0  0  1  1011  0  691  0  0  0  10  102709  1  1  0  0  0  0  0  0  23  0  0  0  0  62  0  0  10225  17  49937  0  1  2  0  1  0  0  0  0  17901  9  11  0  0  1  0  0  0  66466  64  862  0  5  0  50155  0  4  0  0  0  31  0  0  0  0  246  2619  2  3554  0  0  0  0  4  0  0  0  3  0  254  0  0  0  0  0  0  0  6410  0  0  0  0  0  0  0  0  0  0  0  0  0  48  0  2769  0  0  0  0  0  0  0  0  0  0  0  0  0  0  0  0  0  0  288  23  0  0  0  0  4959  0  0  0  0  0  3  24  7  3  0  0  0  0  0  0  
28043  0  0  0  22941  75  0  0  0  0  0  0  0  0  0  39  0  0  0  0  0  0  0  31158  0  0  0  0  0  0  0  986  0  0  0  0  0  0  1  0  0  0  0  0  0  0  2  0  0  0  0  0  0  0  0  0  0  0  0  0  0  0  40241  334  0  0  0  0  0  61695  0  0  0  0  2  0  0  0  2  146  0  0  0  0  0  0  0  0  0  36  0  0  0  0  0  0  0  5  0  0  0  0  0  0  1902  861  0  0  0  0  0  0  0  0  0  0  0  0  0  0  0  0  0  0  0  0  0  0  0  0  0  0  0  0  0  0  1  0  0  9  0  0  0  1011  0  0  0  0  0  0  0  13  2400  162  0  0  0  0  0  1  
3  0  0  0  0  7692  0  0  0  0  0  0  0  0  0  0  0  0  0  0  0  0  0  32  0  0  0  0  0  0  1097  0  0  0  0  0  0  0  0  0  0  0  0  0  0  0  0  0  0  0  0  0  0  0  0  0  0  0  0  0  0  0  1  42  0  10711  0  0  0  18099  0  0  0  0  0  0  0  0  0  604  0  0  0  0  0  0  0  0  0  0  0  0  0  0  0  0  0  0  0  0  0  0  0  0  16  123  0  0  0  0  0  0  0  0  0  0  0  0  0  0  0  0  0  0  0  0  0  0  0  0  0  0  0  0  0  0  0  0  0  289  0  0  0  5  0  0  0  0  0  0  0  9213  404  1218  0  11  0  0  0  1  
0  0  0  6095  0  0  0  0  0  2  0  16  0  0  0  0  283  0  1  0  0  0  0  0  0  908  0  0  0  0  0  0  0  29780  25  2475  0  0  0  0  11869  0  0  0  0  0  0  45069  14  0  0  0  0  0  0  0  0  0  0  0  0  0  0  0  0  0  1  0  0  0  0  0  1430  51102  0  0  0  0  0  0  0  0  0  0  0  0  0  0  0  0  0  0  0  0  0  0  0  0  0  0  0  0  0  0  0  0  0  0  0  0  0  0  0  0  0  0  0  0  0  0  0  0  0  0  0  0  0  0  0  0  0  0  0  0  0  0  0  0  0  0  0  0  0  0  0  0  0  0  2  0  2  155  857  0  0  0  0  0  0  0  
0  6  0  1283  0  0  0  0  5  9  0  520  144  56  0  0  7  2  17  0  6  0  27  98  3825  6229  1  0  0  0  0  0  25120  0  75963  59942  1  11774  2  0  4139  0  16702  39  0  0  0  22311  26  667  0  0  0  0  1  150  3  25  123  23  63  0  0  10  22  1  27  0  0  0  11  197  98264  14883  0  0  0  0  0  0  0  0  0  0  0  0  0  0  0  0  0  0  0  0  0  0  0  0  0  0  0  0  0  0  0  0  0  0  0  0  0  0  0  0  0  0  0  0  0  0  0  0  0  0  0  0  0  0  0  0  0  0  0  0  0  0  0  0  0  0  0  0  0  0  0  0  0  0  178  0  886  161  34  0  0  0  0  0  0  0  
0  1  0  4  0  0  0  0  0  0  0  122  61  8  0  0  22683  1357  5  0  0  0  15082  58  5  12  0  0  0  0  0  0  14  53823  0  38  1  327  3  0  9  0  26049  3  0  0  0  50403  11  533  0  0  0  0  1  4  1  1  78  26  1  0  0  2  0  0  0  0  0  0  0  171  15879  16  0  0  0  0  0  0  0  0  0  0  0  0  0  0  0  0  0  0  0  0  0  0  0  0  0  0  0  0  0  0  0  0  0  0  0  0  0  0  0  0  0  0  0  0  0  0  0  0  0  0  0  0  0  0  0  0  0  0  0  0  0  0  0  0  0  0  0  0  0  0  0  0  0  0  20152  0  537  10  16  0  0  0  0  0  0  0  
0  28  0  161  0  0  1  3  1592  1880  0  14  0  0  0  0  3  0  79  0  17  3  119  0  745  43912  221  29  2  25  0  0  1518  76683  56  0  0  40  0  0  50962  1  254  194  57  63  0  1049  401  46  0  2  0  0  220  12015  29  89  922  16  151  0  0  0  976  919  5252  22  11  0  631  8  21838  13927  0  0  0  0  0  0  0  0  0  0  0  0  0  0  0  0  0  0  0  0  0  0  0  0  0  0  0  0  0  0  0  0  0  0  0  0  0  0  0  0  0  0  0  0  0  0  0  0  0  0  0  0  0  0  0  0  0  0  0  0  0  0  0  0  0  0  0  0  0  0  0  0  0  0  425  0  10603  503  141  14  0  0  0  0  0  0  
0  41  0  0  0  0  0  0  0  0  0  0  0  0  0  0  0  0  0  0  2585  0  943  0  3  21  0  0  0  0  0  0  0  36  4  26  0  75579  0  0  0  0  19879  0  0  0  0  5  0  47379  0  0  0  0  0  0  0  0  31  40967  20  0  0  0  0  0  0  0  0  0  0  72976  14481  0  0  0  0  0  0  0  0  0  0  0  0  0  0  0  0  0  0  0  0  0  0  0  0  0  0  0  0  0  0  0  0  0  0  0  0  0  0  0  0  0  0  0  0  0  0  0  0  0  0  0  0  0  0  0  0  0  0  0  0  0  0  0  0  0  0  0  0  0  0  0  0  0  0  0  2  0  237  0  0  0  0  0  0  0  0  0  
0  298  0  0  0  0  0  0  0  0  0  0  0  0  0  0  4  0  93  0  669  4  84  0  259  65  0  0  0  0  0  0  0  14240  137  238  80692  0  0  0  5  0  26258  30  0  0  0  1153  0  9912  1  0  0  0  0  3  2  24  19394  5288  227  0  0  0  3  0  3  0  0  0  0  85371  92890  0  0  0  0  0  0  0  0  0  0  0  0  0  0  0  0  0  0  0  0  0  0  0  0  0  0  0  0  0  0  0  0  0  0  0  0  0  0  0  0  0  0  0  0  0  0  0  0  0  0  0  0  0  0  0  0  0  0  0  0  0  0  0  0  0  0  0  0  0  0  0  0  0  0  0  7  0  941  0  1  0  0  0  0  0  0  0  
3664  0  0  0  50  27  1  0  0  0  0  410  18774  15139  3  1  0  6  0  0  0  0  0  10734  0  0  0  0  0  0  0  0  0  1  0  0  0  0  0  3853  0  0  0  0  0  0  12237  0  20121  0  0  2071  161  12  0  0  0  0  0  0  0  785  4  5211  0  7  0  1  0  1  0  0  0  0  0  0  0  0  0  0  0  0  0  0  0  0  0  0  0  0  0  0  0  0  0  0  0  0  0  0  0  0  0  0  0  0  0  0  0  0  0  0  0  0  0  0  0  0  0  0  0  0  0  0  0  0  0  0  0  0  0  0  0  0  0  0  0  0  0  0  0  0  0  0  0  0  0  0  0  0  0  6  799  1  0  0  0  0  0  0  
5  0  0  0  0  0  0  0  1  0  0  30424  8  37348  0  0  0  30  0  0  0  0  0  0  0  0  0  0  0  0  0  0  0  0  0  0  0  0  3913  0  0  0  0  1  4  0  58  0  11429  0  0  1343  1  0  0  0  0  0  0  0  0  2  0  11  0  0  0  985  0  0  0  0  0  0  0  0  0  0  0  0  0  0  0  0  0  0  0  0  0  0  0  0  0  0  0  0  0  0  0  0  0  0  0  0  0  0  0  0  0  0  0  0  0  0  0  0  0  0  0  0  0  0  0  0  0  0  0  0  0  0  0  0  0  0  0  0  0  0  0  0  0  0  0  0  0  0  0  0  0  0  1  1  5  0  0  0  0  0  0  0  
0  98  3  4682  0  3  3  477  2253  2332  2  729  0  6  13  0  819  8  288  1  39  2  18  0  20  59137  858  2211  42  103  0  0  13242  8078  46  39909  0  47  0  96  0  1  130  1135  4355  1540  0  35200  23248  11  13  30  1  70  4  1377  208  339  624  4  55  0  0  1  364  1301  10128  1335  145  0  721  20  10739  14581  0  0  0  0  0  0  0  0  0  1  0  0  0  0  0  0  0  0  0  0  0  0  0  0  0  0  0  0  0  0  0  0  0  0  0  0  0  0  0  0  0  0  0  0  0  0  0  0  0  0  0  0  0  0  0  0  0  0  0  0  0  0  0  0  0  5  0  0  0  0  0  0  0  0  1472  54  9322  28646  14384  1708  0  1  0  2  0  0  
0  20239  0  0  0  0  0  0  0  0  10550  0  0  0  0  0  0  0  23597  26163  9  25894  0  0  0  0  0  0  0  0  0  0  0  0  0  1  0  0  0  0  1  0  0  29697  0  0  0  0  0  0  12806  0  0  0  0  0  32427  11768  1  0  989  0  0  0  60  0  0  0  0  0  0  0  3  0  0  0  0  0  0  0  0  0  0  0  7  0  0  0  0  0  0  0  0  0  0  0  0  0  0  0  0  0  0  0  0  0  0  0  0  0  0  0  0  0  0  19  0  0  0  0  0  0  0  0  0  0  0  0  0  0  0  0  0  0  0  0  0  0  0  0  0  0  0  0  0  0  0  0  0  0  0  0  0  0  0  0  0  0  0  0  
0  8  0  0  0  0  0  0  0  0  0  0  1  0  0  0  226  0  11  0  6  1  36799  11  12  50  0  0  0  0  0  0  0  16627  22296  210  20182  18191  0  0  44  0  0  13  0  0  0  2559  1  17304  1  0  0  0  2  9  2  13  420  161  58  0  0  0  0  0  4  0  0  0  1  2109  11122  2  0  0  0  0  0  0  0  0  0  0  0  0  0  0  0  0  0  0  0  0  0  0  0  0  0  0  0  0  0  0  0  0  0  0  0  0  0  0  0  0  0  0  0  0  0  0  0  0  0  0  0  0  0  0  0  0  0  0  0  0  0  0  0  0  0  0  0  0  0  0  0  0  0  0  40762  0  13555  32  3  0  0  0  0  0  0  0  
0  7355  0  24  0  0  1  2  45  18157  100362  9  0  0  1  1  0  0  1601  6514  720  127191  14954  0  2  59  16  3  1  12791  0  0  0  39  1  88  0  42  0  1  1659  28071  6  0  14  1  0  149  156  40  12895  4  0  4  5  242  12288  21733  3148  11  16058  0  0  0  37550  86  274  49  7  0  383  77  4058  16  0  0  0  0  0  0  0  0  0  0  3536  0  0  0  0  0  0  0  0  0  0  677  0  0  0  0  0  0  0  1  0  0  0  0  0  0  0  0  0  0  0  22  0  28  0  0  0  0  0  0  0  0  0  0  0  0  0  0  0  0  0  0  0  0  0  0  0  0  0  0  0  0  0  0  24  5  2227  238  112  4  0  0  0  4  0  0  
0  0  30643  36258  0  4  21  21225  707  741  0  327  0  1  106  2073  67  1  0  0  0  0  0  0  1  28779  479  181000  140284  22  0  0  0  0  0  208  0  0  0  5  2145  0  0  48  0  20628  0  814  19718  0  0  104  5  1799  0  1173  1  3  1  0  0  0  0  0  33  1395  59864  32148  54812  0  111  0  9  0  0  0  0  0  0  0  0  0  0  0  0  0  0  0  0  0  0  0  0  0  0  0  0  0  0  0  0  0  0  0  0  0  0  0  0  0  0  0  0  0  0  0  0  0  0  0  0  0  0  0  0  0  0  0  0  0  0  0  0  0  0  0  0  0  0  7  0  0  0  0  0  0  0  0  0  82374  96  4861  5362  110  0  2  0  4  0  0  
0  0  39173  39  0  0  1  33399  15858  251  1  2  0  0  3  3085  6  0  0  0  0  0  0  0  2  448  25939  2417  164  45995  0  0  0  0  0  123  0  0  0  1  3970  0  0  11  21254  0  0  159  192  0  0  3  0  27  0  2363  0  2  0  0  0  0  0  0  120  1274  30791  52  507  0  20216  0  4  0  0  0  92  0  0  0  0  3656  384  0  0  0  0  0  0  6  0  0  0  0  0  0  0  0  0  0  0  0  0  258  0  0  0  0  0  0  0  0  0  0  0  0  0  0  0  112  0  0  0  0  0  0  0  0  0  0  0  0  0  0  0  0  0  0  0  15  0  0  0  0  85  0  0  0  2  2493  13  2328  754  174  0  1  0  2  0  0  
2131  0  0  0  13  19  1  0  0  0  0  151  10920  204  1  4  3  34483  0  0  0  0  2  25254  0  0  0  0  0  0  13  0  0  0  0  0  0  0  12173  35  0  0  0  0  0  0  0  2846  6093  0  0  542  94  13  0  0  0  0  0  0  0  26  501  18527  0  2  0  2  0  29  0  0  0  0  0  0  0  0  0  0  0  0  0  0  0  0  0  0  0  0  0  0  0  0  0  0  0  0  0  0  0  0  0  0  0  0  0  0  0  0  0  0  0  0  0  0  0  0  0  0  0  0  0  0  0  0  0  0  0  0  0  0  0  0  0  0  0  0  0  0  0  0  0  0  0  0  0  0  2  0  0  0  54721  4  0  0  0  0  0  0  
0  17  0  277  0  2  1  217  102  103  0  30  6  1  0  0  38164  6625  42  0  6  0  3584  3349  4  249  50  431  14  3  0  0  35397  19273  55194  324  1  833  0  0  29767  0  10564  39  1167  56  3289  0  3398  636  1  0  0  5  2  59  24  60  489  14  17  0  4  0  17  133  285  16  33  0  51  207  76163  16997  0  0  0  0  0  0  0  0  0  0  0  0  0  0  0  0  0  0  0  0  0  0  0  0  0  0  0  0  0  0  0  0  0  0  0  0  0  0  0  0  0  0  0  0  0  0  0  0  0  0  0  0  0  0  0  0  0  0  0  0  0  0  0  0  0  2  0  0  0  0  0  0  0  0  15480  8  1549  17022  97271  1519  0  0  0  0  0  0  
4776  0  0  41057  910  1408  334  1607  270  549  0  35825  57  12449  359  272  16377  39690  14  0  2  0  12  201  0  9541  129  3078  275  13  0  0  10  7  0  168  0  0  17373  8670  25602  0  0  181  26749  164  6814  2231  0  1  0  41516  7192  1766  0  358  47  20  2  1  8  85  4  1137  67  1035  7098  26005  2288  1  96  0  43  12  0  0  0  0  0  2  0  0  0  0  0  0  0  0  0  0  0  0  0  0  0  0  0  0  0  0  0  0  0  0  0  0  0  0  0  0  0  0  0  0  0  0  0  0  0  0  0  0  0  0  0  0  0  0  0  0  0  0  0  0  0  0  0  0  0  20  0  0  0  0  0  0  0  0  6  1279  1938  3278  98129  48  0  11  0  5  0  0  
0  570  0  0  0  0  0  0  0  0  1  0  0  0  0  0  4  0  284  1  39619  0  18420  0  34  248  0  0  0  0  0  0  0  307  110  655  34310  4951  0  0  12  0  21823  28  0  0  0  596  0  0  2  0  0  0  1  16  6  116  1059  18923  5839  0  0  0  3  0  3  0  0  0  0  14202  14289  0  0  0  0  0  0  0  0  0  0  0  0  0  0  0  0  0  0  0  0  0  0  0  0  0  0  0  0  0  0  0  0  0  0  0  0  0  0  0  0  0  0  0  0  0  0  0  0  0  0  0  0  0  0  0  0  0  0  0  0  0  0  0  0  0  0  0  0  0  0  0  0  0  0  0  6  0  16626  4  0  0  0  0  0  0  0  0  
0  39828  0  0  0  0  0  0  0  1  54  0  0  0  0  0  0  0  571  833  8922  46206  7  0  0  0  0  0  0  0  0  0  0  0  0  0  0  1  0  0  3  15647  0  24336  0  0  0  1  0  0  0  0  0  0  0  2  2629  2271  29  0  25044  0  0  0  43  0  3  0  0  0  0  2  39  0  0  0  0  0  0  0  0  0  0  0  0  0  0  0  0  0  0  0  0  0  0  3  0  0  0  0  0  0  0  0  0  0  0  0  0  0  0  0  0  0  0  0  0  0  0  0  0  0  0  0  0  0  0  0  0  0  0  0  0  0  0  0  0  0  0  0  0  0  0  0  0  0  0  0  0  0  7  0  0  0  0  0  0  0  0  0  
19782  0  0  6  690  7604  5724  349  6  2  0  40431  4  46197  119672  1449  0  31  0  0  0  0  0  324  0  3  0  17  699  0  0  1  0  0  0  1  0  0  1284  1303  2  0  0  0  134  2  424  1  27478  0  0  0  30163  60662  0  0  0  0  0  0  0  17743  0  497  0  3715  11  39075  99  2  0  0  0  0  0  0  0  0  0  0  5  0  0  0  0  0  0  0  0  1  0  0  0  0  0  0  0  0  0  0  0  0  0  0  0  0  0  0  0  0  0  0  0  0  0  0  0  0  0  0  0  0  0  0  0  1  0  0  0  0  0  0  0  0  0  0  0  0  0  60  0  0  0  0  0  0  0  0  0  556  1  1221  20181  37  0  75  0  7  1  0  
13715  0  0  0  13081  11408  225  1  0  0  0  7  1  69  118972  2007  0  2  0  0  0  0  0  16  0  0  0  0  0  0  0  0  0  0  0  0  0  0  49  0  0  0  0  0  1  0  17  0  2299  0  0  37354  0  27294  0  0  0  0  0  0  0  19  0  99  0  565  0  8  0  2  0  0  0  0  0  0  0  0  0  11  2  0  0  0  0  0  0  0  0  1  0  0  0  0  0  0  0  0  0  0  0  0  1  0  0  0  0  0  0  0  0  0  0  0  0  0  0  0  0  0  0  0  0  0  0  0  0  1  0  0  0  0  0  0  0  0  0  0  0  121  0  1  0  0  0  0  0  0  0  6  0  1554  15360  346  0  50  0  0  1  0  
76  0  0  2  23  22006  7210  1532  31  37  0  6  0  17  81197  143640  0  5  0  0  0  0  0  3  0  11  21  364  59  0  0  0  0  0  0  6  0  0  9  0  24  0  0  0  1379  16  8  9  791  0  0  56404  29201  0  0  56  1  0  0  0  0  3  0  3  0  2160  423  28287  19945  0  4  0  1  0  0  0  0  0  0  2  5  1  1  0  0  0  0  0  0  1  0  0  0  0  0  0  0  0  0  0  0  0  0  0  0  0  0  0  0  0  0  0  0  0  0  0  0  0  0  0  0  0  0  0  0  1  0  1  0  0  0  0  0  0  0  0  0  0  0  125  0  2  1  0  0  0  0  0  0  34493  1  2207  8485  79  0  105  0  12  3  0  
0  7  0  0  0  0  0  0  0  0  0  0  0  0  0  0  0  0  4  0  1  0  14  0  28166  15680  1  0  0  0  0  0  0  3  0  345  0  0  0  0  56  0  0  23  0  1  0  2  0  0  0  0  0  0  0  7121  3  3  5  0  20  0  0  0  3  3  77  0  0  0  1  1  3001  1  0  0  0  0  0  0  0  0  0  0  0  0  0  0  0  0  0  0  0  0  0  0  0  0  0  0  0  0  0  0  0  0  0  0  0  0  0  0  0  0  0  0  0  0  0  0  0  0  0  0  0  0  0  0  0  0  0  0  0  0  0  0  0  0  0  0  0  0  0  0  0  0  0  0  0  0  47  1  2  0  0  0  0  0  0  0  
0  18  1  29  0  1  1  45  4324  3871  2  5  0  0  2  0  1  0  2226  10001  12  5  25  0  79014  47437  96887  54  29  10957  0  0  2  7  0  20204  0  0  0  0  2201  0  2  263  300  2049  0  157  83  3  3  4  0  28  7807  0  285  29753  50  1  55  0  0  0  43403  6642  43172  61  69  0  10804  4  31921  0  0  0  0  0  0  0  0  0  0  0  0  0  0  0  0  0  0  0  0  0  0  0  0  0  0  0  0  0  0  0  0  0  0  0  0  0  0  0  0  0  0  0  0  0  0  0  0  0  0  0  0  0  0  0  0  0  0  0  0  0  0  0  0  0  0  0  0  0  0  0  0  0  0  0  0  14  288  2051  433  135  0  2  0  1  0  0  
0  18087  0  2  0  0  0  0  0  2  243  0  0  0  0  0  0  0  109452  2013  1486  858  6  0  417  2  0  0  0  1  0  0  0  3  0  17  0  13  0  0  80  31107  0  7455  0  0  0  4  3  8  5653  0  0  1  0  10  0  15911  11039  1  4527  0  0  0  205  0  81  1  0  0  1  18  3572  0  0  0  0  0  0  0  0  0  0  0  0  0  0  0  0  0  0  0  0  0  0  0  0  0  0  0  0  0  0  0  0  0  0  0  0  0  0  0  0  0  0  0  0  0  0  0  0  0  0  0  0  0  0  0  0  0  0  0  0  0  0  0  0  0  0  0  0  0  0  0  0  0  0  0  0  0  12  8  8  0  0  0  0  0  0  0  
0  558  0  1  0  0  0  0  2  4  3302  1  0  0  0  0  0  0  60339  50418  97  1972  0  0  2535  18  48  1  0  5  0  0  0  9  1  27  0  24  0  0  238  12530  1  17634  3  0  0  23  12  8  2037  1  0  0  0  29944  15607  0  93  1  1820  0  0  0  10439  0  127  7  1  0  5  6  12589  2  0  0  0  0  0  0  0  0  0  0  0  0  0  0  0  0  0  0  0  0  0  0  0  0  0  0  0  0  0  0  0  0  0  0  0  0  0  0  0  0  0  0  0  0  0  0  0  0  0  0  0  0  0  0  0  0  0  0  0  0  0  0  0  0  0  0  0  0  0  0  0  0  0  0  2  1  48  19  21  0  0  0  0  0  0  0  
0  28720  0  0  0  0  0  0  0  0  4  0  0  0  0  0  0  0  33143  19  10299  62  724  0  574  9  0  0  0  0  0  0  0  15  9  19  13  29649  0  0  202  30  50  1600  1  1  0  184  1  633  608  0  0  0  0  21  12338  485  0  1014  4395  0  0  0  12  0  21  1  0  0  1  28238  28729  2  0  0  0  0  0  0  0  0  0  0  0  0  0  0  0  0  0  0  0  0  0  0  0  0  0  0  0  0  0  0  0  0  0  0  0  0  0  0  0  0  0  0  0  0  0  0  0  0  0  0  0  0  0  0  0  0  0  0  0  0  0  0  0  0  0  0  0  0  0  0  0  0  0  0  69  0  5876  29  5  0  0  0  0  0  0  0  
0  3987  0  0  0  0  0  0  0  0  0  0  0  0  0  0  0  0  307  0  56997  1  83  0  18  71  0  0  0  0  0  0  0  39  11  107  33106  2882  0  0  9  0  89  57  0  0  0  7  0  28799  10  0  0  0  0  13  19  95  5586  0  2898  0  0  0  2  0  0  0  0  0  0  26468  12240  0  0  0  0  0  0  0  0  0  0  0  0  0  0  0  0  0  0  0  0  0  0  0  0  0  0  0  0  0  0  0  0  0  0  0  0  0  0  0  0  0  0  0  0  0  0  0  0  0  0  0  0  0  0  0  0  0  0  0  0  0  0  0  0  0  0  0  0  0  0  0  0  0  0  0  0  0  7029  2  2  0  0  0  0  0  0  0  
0  21940  0  3  0  0  0  0  7  8  13  1  0  0  0  0  0  0  2626  119  99996  110894  55444  0  121  494  1  2  0  0  0  0  0  77  8  996  36  524  0  0  65  302  311  13151  6  0  0  11  35  12202  17472  0  0  0  90  384  2503  1995  10661  5496  0  0  0  0  42  5  98  6  0  0  12  9342  4966  2  0  0  0  0  0  0  0  0  0  0  0  0  0  0  0  0  0  0  0  0  1  27  0  0  0  0  0  0  0  0  0  0  0  0  0  0  0  0  0  0  0  0  0  0  0  0  0  0  0  0  0  0  0  0  0  0  0  0  0  0  5  0  0  0  0  0  0  0  0  0  0  0  0  0  12  1  10016  16  8  0  0  0  0  1  0  0  
8366  0  0  0  3  3  0  0  0  0  0  1  1123  22400  22728  0  0  2  0  0  0  0  0  18545  0  0  0  0  0  0  0  0  0  0  0  0  0  0  335  0  0  0  0  0  0  0  114  0  57  0  0  18011  25  3  0  0  0  0  0  0  0  0  0  2823  0  1  0  0  0  0  0  0  0  0  0  0  0  0  0  0  0  0  0  0  0  0  0  0  0  0  0  0  0  0  0  0  0  0  0  0  0  0  0  0  0  0  0  0  0  0  0  0  0  0  0  0  0  0  0  0  0  0  0  0  0  0  0  0  0  0  0  0  0  0  0  0  0  0  0  0  0  0  0  0  0  0  0  0  0  0  0  0  268  0  0  0  0  0  0  0  
128  0  0  0  5  4  0  0  0  0  0  0  0  0  0  0  2  33  0  0  0  0  2  56283  0  0  0  0  0  0  41968  2  0  0  0  0  0  0  11  0  0  0  0  0  0  0  2282  9  6  0  0  6  2  0  0  0  0  0  0  0  0  0  0  11579  0  0  0  0  0  9414  0  0  0  0  0  0  0  0  0  0  0  0  0  0  0  0  0  0  0  0  0  0  0  0  0  0  0  0  0  0  0  0  0  0  4  0  0  0  0  0  0  0  0  0  0  0  0  0  0  0  0  0  0  0  0  0  0  0  0  0  0  0  0  0  0  0  0  0  0  0  0  0  0  1  0  0  0  0  1  0  0  7  17188  34  0  0  0  0  0  0  
14699  0  0  0  1816  740  2  0  0  0  0  66  2040  959  176  343  0  1  0  0  0  0  0  104193  0  0  0  0  0  0  388  8  0  0  0  0  0  0  11538  7  0  0  0  0  1  0  16058  0  2658  0  0  999  179  6  0  0  0  0  0  0  0  3072  16777  0  0  4  0  0  0  3539  0  0  0  0  0  0  0  0  0  0  0  0  0  0  0  0  0  0  0  0  0  0  0  0  0  0  0  0  0  0  0  0  0  0  0  0  0  0  0  0  0  0  0  0  0  0  0  0  0  0  0  0  0  0  0  0  0  0  0  0  0  0  0  0  0  0  0  0  0  1  0  0  0  0  0  0  0  0  0  0  0  22  29304  131  0  0  0  0  0  0  
0  112  0  6  0  2  0  0  208  1022  57195  3  0  0  0  1  1  0  1220  20650  73  1728  6  0  39  100  20123  2  0  56234  0  0  0  2  0  503  0  17  0  0  564  16  0  38001  21  17  0  46  45  9  359  0  0  1  0  23767  3897  12871  101  1  305  0  0  0  0  106  754  11  8  0  21677  5  1575  3  0  0  0  0  0  0  0  0  0  0  2228  0  0  0  0  0  0  0  0  0  0  39  0  0  0  0  0  0  0  15  0  0  0  0  0  0  0  0  0  0  0  0  0  0  0  0  0  0  0  0  0  0  0  0  0  0  0  0  0  0  0  0  0  0  8  0  0  0  0  0  0  0  0  0  0  0  91  104  61  11  0  0  0  0  0  0  
65  0  3  15  22  39201  29402  26931  26904  64967  0  4  0  0  61  136  24  2  0  0  1  6  0  1  1  561  2088  870  104  87  0  11513  1  6  0  352  0  0  0  0  4131  0  0  839  3682  498  0  645  366  0  1  1122  474  499  0  921  1  1  0  0  1  0  0  4  80  0  4332  1944  550  90  247  0  6  0  0  0  0  0  1  6145  763  2201  3470  315  8  0  0  0  1  30  0  0  0  0  0  29  0  0  0  0  0  2  2  7  2  66  0  0  0  0  0  0  1  0  3  0  0  20  20  1  0  0  0  0  0  13  0  21  0  1  0  0  0  0  0  0  0  0  8  28830  12  3  0  1  184  0  0  0  0  1196  389  24120  8124  1914  0  2075  1  104  81  7  
2  4  8667  2882  0  3  4  535  2042  2105  0  61  0  0  23  0  33  0  16  0  5  1  9  0  240  88858  55143  109759  390  929  0  0  0  17  0  4636  0  0  0  0  19023  0  0  93  45313  23530  0  510  5633  1  0  49  0  225  5  48998  9  25  4  0  8  0  0  0  188  6199  0  514  817  0  795  1  161  14  0  0  0  0  0  0  0  0  0  0  0  0  0  0  0  0  0  0  0  0  0  0  0  0  0  0  0  0  0  0  0  0  0  0  0  0  0  0  0  0  0  0  0  0  0  0  0  0  0  0  0  0  0  0  0  0  0  0  0  0  0  0  0  0  0  11  0  0  0  0  0  0  0  0  6  104  424  10704  2753  640  0  0  0  1  1  0  
9  0  1  33896  1  215  1542  1702  172  382  0  45174  0  38  30456  304  1  5  0  0  0  0  0  1  1  359  63  392  69080  9  0  0  0  0  0  91  0  0  2  2558  267  0  0  101  63637  30  2  44  17296  0  0  36365  27  19049  0  200  2  3  0  0  0  0  0  2  18  2128  1578  0  22808  0  37  0  5  0  0  0  0  0  0  0  1  0  1  0  0  0  0  0  0  0  0  0  0  0  0  0  0  0  0  0  0  0  0  0  0  0  0  0  0  0  0  0  0  0  0  0  0  0  0  0  0  0  0  0  0  0  0  0  0  0  0  0  0  0  0  0  0  0  0  33  0  0  1  0  0  0  0  0  0  2218  371  3344  16822  22  0  33  0  25  2  0  
0  0  1  9  0  8  323  17715  203  317  0  1  0  0  14923  17920  4  0  0  0  0  0  0  0  0  41  127  1273  62355  8  0  0  0  0  0  60  0  0  0  0  304  0  0  17  45081  153  0  154  815  0  0  37  0  21344  0  405  0  0  0  0  0  0  0  0  8  567  1169  14635  0  0  38  0  0  0  0  0  0  0  0  0  0  0  0  0  0  0  0  0  0  0  0  0  0  0  0  0  0  0  0  0  0  0  0  0  0  0  0  0  0  0  0  0  0  0  0  0  0  0  0  0  0  0  0  0  0  0  0  0  0  0  0  0  0  0  0  0  0  0  0  0  0  0  0  0  0  0  0  0  0  50839  8  674  2250  18  0  5  0  3  0  0  
12003  0  0  0  14058  42030  0  0  0  0  0  0  0  0  159  7664  0  0  0  0  0  0  0  10847  0  0  0  0  0  0  58909  15537  0  0  0  0  0  0  1  0  0  0  0  0  0  0  17  0  1  0  0  2  15  1  0  0  0  0  0  0  0  0  9195  5922  0  56  0  0  0  0  0  0  0  0  0  0  0  0  1  461  0  0  0  0  0  0  0  0  0  73  0  0  0  0  0  0  0  0  0  0  0  0  0  0  365  712  0  0  0  0  0  0  0  0  0  0  0  0  0  0  0  0  0  0  0  0  0  0  0  0  0  0  0  0  0  0  0  0  0  178  0  0  0  376  0  0  0  0  0  0  0  1081  13701  3685  0  0  0  0  0  1  
0  2  28  15  0  0  0  10  22571  1481  3  1  0  0  2  0  2  0  14  1  0  3  3  0  24  1046  11446  63  6  42220  0  0  0  7  0  2435  0  0  0  0  4330  0  0  91  179  21434  0  217  76  1  3  1  0  2  0  11413  34  45  0  0  3  0  0  0  27389  1278  2398  32  24  0  0  1  63  0  0  0  2  0  0  0  0  22  2738  1  119  0  0  0  0  1  0  0  0  0  0  4  0  0  0  0  0  0  0  1555  0  0  0  0  0  0  0  0  0  0  0  0  0  3  0  1838  0  0  0  0  0  0  0  0  0  0  0  0  0  0  0  0  0  0  74  72  0  0  0  0  5570  0  0  0  0  5  67  1445  381  429  0  0  0  0  0  0  
0  5970  0  0  0  0  0  0  0  0  0  0  0  0  0  0  1  0  491  0  8917  23  457  0  16  52  0  0  0  0  0  0  0  260  151  83  67077  84881  0  0  12  2  5565  176  0  0  0  410  0  18386  18  0  0  0  0  39  48  167  33551  26278  5570  0  0  0  4  0  7  0  0  0  0  0  22722  0  0  0  0  0  0  0  0  0  0  0  0  0  0  0  0  0  0  0  0  0  0  0  0  0  0  0  0  0  0  0  0  0  0  0  0  0  0  0  0  0  0  0  0  0  0  0  0  0  0  0  0  0  0  0  0  0  0  0  0  0  0  0  0  0  0  0  0  0  0  0  0  0  0  0  3  0  1065  3  0  0  0  0  0  0  0  0  
0  1468  0  53  0  0  2  3  68  120  12  19  0  2  1  0  24  0  45643  27  789  84  1444  0  107912  27502  21  9  0  6  0  0  355  100229  9421  31665  12576  111765  0  2  7998  8  11235  5517  39  7  0  77015  375  26262  108  5  0  18  4072  29063  4285  8270  23797  12350  4075  0  0  0  991  40  5039  128  9  0  113  20511  0  9729  0  0  0  0  0  0  0  0  0  0  0  0  0  0  0  0  0  0  0  0  0  0  0  0  0  0  0  0  0  0  0  0  0  0  0  0  0  0  0  0  0  0  0  0  0  0  0  0  0  0  0  0  0  0  0  0  0  0  0  0  0  0  0  0  0  0  0  0  0  0  0  0  0  0  2159  6  24663  924  420  4  0  0  0  0  0  0  
0  4  0  31  0  0  0  0  1  1  0  0  0  0  0  0  0  0  11  0  5  0  0  0  0  26  0  0  0  0  0  0  45643  28864  3  15128  0  0  0  0  15330  0  3  27  0  0  0  23167  38  1  0  0  0  0  0  3  3  9  11  0  0  0  0  0  1  0  12  1  0  0  1  1  7812  0  0  0  0  0  0  0  0  0  0  0  0  0  0  0  0  0  0  0  0  0  0  0  0  0  0  0  0  0  0  0  0  0  0  0  0  0  0  0  0  0  0  0  0  0  0  0  0  0  0  0  0  0  0  0  0  0  0  0  0  0  0  0  0  0  0  0  0  0  0  0  0  0  0  0  335  0  93  1230  399  0  0  0  0  0  0  0  
0  0  0  0  0  0  0  0  0  0  0  0  0  0  0  0  0  0  0  0  0  0  0  0  0  0  0  0  0  0  2  0  0  0  0  0  0  0  0  0  0  0  0  0  0  0  0  0  0  0  0  0  0  0  0  0  0  0  0  0  0  0  0  0  0  0  0  0  0  0  0  0  0  0  0  0  0  1  51014  4628  15  0  0  0  0  12  115  1328  8196  10892  0  31  0  0  0  0  0  61453  0  0  0  0  4  0  6955  2  0  0  0  1  0  0  2499  4  3  0  0  0  7  0  19434  0  1441  0  0  6374  14467  27  0  0  0  0  0  0  0  1568  542  8209  0  24  0  85  1  7793  0  0  2  0  0  0  0  0  0  0  0  2958  0  0  15089  0  
0  0  0  0  0  0  0  0  0  0  0  0  0  0  0  0  0  0  0  0  0  0  0  0  0  0  0  0  0  0  0  0  0  0  0  0  0  0  0  0  0  0  0  0  0  0  0  0  0  0  0  0  0  0  0  0  0  0  0  0  0  0  0  0  0  0  0  0  0  0  0  0  0  0  0  0  0  0  0  0  0  0  0  0  8  0  0  0  0  0  0  0  36326  12  41036  333  1  0  0  0  0  0  0  0  0  0  0  0  0  0  33989  24  0  0  0  22889  0  59  0  0  0  0  0  3  9716  0  0  0  0  0  5020  82  19457  10227  28796  0  0  0  5  0  0  0  0  0  0  10  329  0  0  0  0  0  0  0  0  0  23  0  2  0  
0  0  218  0  0  0  0  1  0  0  0  0  0  0  0  24  0  0  0  0  0  0  0  0  0  0  0  0  0  5  0  0  0  0  0  0  0  0  0  0  0  0  0  0  0  20  0  0  0  0  0  0  0  0  0  0  0  0  0  0  0  0  0  0  0  0  0  0  0  0  0  0  0  0  0  0  0  0  0  0  1  4708  5  1  0  0  0  0  0  56108  0  0  0  0  0  0  0  0  0  0  11042  20314  23289  12544  0  0  0  0  0  0  0  0  0  0  1  0  0  0  34546  48433  0  0  0  0  0  0  0  0  0  4  1  0  0  0  0  0  0  0  1  19  9209  0  327  0  9  0  0  0  0  3  0  0  0  0  0  34  0  1  13  7  
0  0  0  0  0  0  0  0  0  0  0  0  0  0  0  0  0  0  0  0  0  0  0  0  0  0  0  0  0  0  0  0  0  0  0  0  0  0  0  0  0  0  0  0  0  0  0  0  0  0  0  0  0  0  0  0  0  0  0  0  0  0  0  0  0  0  0  0  0  0  0  0  0  0  0  0  0  0  0  2  0  5  44  24  0  33284  0  1  0  1  246  59  0  0  0  0  3  0  16  43696  3  17873  21388  0  0  0  3291  912  211  160  0  0  0  0  40624  0  0  49  39406  1  1  607  38786  0  0  16  1  1  8  95  2  10  0  0  0  0  0  0  70  198  10226  9841  7  0  15  0  15  147  0  0  0  1  0  0  7  17  14  21  687  207  
1  0  0  0  1  0  0  0  0  0  0  0  0  0  0  3  0  0  0  0  0  0  0  0  0  0  0  0  0  0  3  0  0  0  0  0  0  0  0  0  0  0  0  0  0  0  0  0  0  0  0  0  0  0  0  0  0  0  0  0  0  0  0  0  0  0  0  0  0  2  0  0  0  0  31397  0  0  0  0  8707  32  0  0  0  0  2  0  74  24250  63790  0  23  0  0  0  0  0  659  0  0  0  0  0  0  4  1  0  0  0  0  0  0  203  0  0  0  0  0  1  0  1833  0  603  0  0  1610  20021  71  0  0  0  0  0  0  0  0  15  434  1  36  0  8  0  4598  0  0  1  0  0  0  0  0  0  1  0  1256  0  0  2218  1  
3  0  0  0  7  2029  100  0  0  0  0  0  0  0  22  124  0  0  0  0  0  0  0  1  0  0  0  0  0  0  190  246  0  0  0  0  0  0  0  0  0  0  0  0  0  0  0  0  6  0  0  12  230  56  0  0  0  0  0  0  0  0  1  1  0  7144  0  0  0  1158  0  0  0  0  7844  0  0  1  32055  0  47619  2  1  0  0  46  1  309  23061  121430  0  841  0  0  0  0  0  2402  0  0  0  0  9  0  1009  9053  0  0  0  0  0  0  1064  5  0  0  0  4  17  0  8104  0  10152  0  0  15996  4269  1966  0  1  0  0  0  0  0  3  1890  1962  14  39305  0  555  4  40745  0  0  6  0  0  3  0  1200  343  201  0  64815  2  0  40084  40  
1  0  0  0  0  184  2628  1231  0  0  0  0  0  0  0  964  0  0  0  0  0  0  0  0  0  0  0  0  0  0  0  0  0  0  0  0  0  0  0  0  0  0  0  0  0  0  0  0  0  0  0  4  1  2  0  0  0  0  0  0  0  0  0  0  0  1863  0  2  0  0  0  0  0  0  4  0  1  2  15  55493  0  33680  1328  375  0  4  0  1  42  79189  0  0  0  0  0  0  0  0  1  5  20  25  86  5  0  0  0  0  0  1  0  0  1  0  23  0  0  38  244  185  6  0  73  0  0  1632  194  4677  0  31  0  1  0  0  0  0  0  0  149  34383  165  367  1649  0  37  0  0  0  0  964  0  7  6  1  0  7152  0  1  3561  133  
0  0  18  0  0  0  655  9872  186  0  0  0  0  0  0  105  0  0  0  0  0  0  0  0  0  0  0  0  0  32  0  0  0  0  0  0  0  0  0  0  0  0  0  0  2  643  0  0  0  0  0  1  0  1  0  0  0  0  0  0  0  0  0  0  0  1423  0  0  0  0  12  0  0  0  0  0  2043  13  0  21  37589  0  13108  3040  0  0  0  0  2  62389  0  0  0  0  0  0  0  0  1  16  56  51  16750  5  0  0  0  0  0  1  0  0  0  1  148  0  0  137  24038  32671  0  0  10  0  0  3  0  92  0  87  1  2  0  0  0  0  0  0  473  29438  376  105  35802  0  99  0  4  0  0  719  0  4  0  0  0  3458  4  1  481  319  
0  0  2  0  0  0  5  125  3535  407  0  0  0  0  0  1  0  0  0  0  0  2  0  0  0  0  0  0  0  823  0  0  0  0  0  0  0  0  0  0  2  0  0  0  0  219  0  0  0  0  0  0  0  0  0  0  0  0  0  0  0  0  0  0  0  2646  0  2  0  0  2556  0  0  0  0  0  1  21  0  1  56  11796  0  5797  27  5  0  0  1  18  0  0  0  0  0  13  0  0  14  70  37  9  2  7149  0  0  0  0  0  11  0  0  0  1  1509  0  0  596  70  11659  0  6  44  0  0  3  0  2  6  783  0  0  0  0  1  0  0  0  8574  19372  780  12  1  0  27305  0  63  0  0  0  2  4  0  0  0  10  16  13  218  22  
0  0  0  0  0  0  0  0  8  221  0  0  0  0  0  0  0  0  0  0  0  7  0  0  0  0  0  0  0  14  0  0  0  0  0  0  0  0  0  0  1  0  0  2  0  0  0  0  0  0  0  0  0  0  0  0  0  0  0  0  0  0  0  0  0  265  0  0  0  0  9  0  0  0  3  0  0  15  1  7  183  569  9814  0  15  2  0  0  4  6  0  0  0  0  0  402  3432  0  11  46  58  14  5  10331  0  0  0  1  0  4  0  0  0  1  1484  0  0  22332  138  31  0  8  49  0  0  12  4  2  3  866  12  13  0  0  2  0  0  0  7858  17221  693  23  0  0  2100  0  23  0  0  0  2  19  0  0  17  15  2879  256  752  129  
0  0  0  0  0  0  0  0  9  35  43267  0  0  0  0  0  0  0  0  419  0  4334  0  0  0  0  1  0  0  1270  0  0  0  0  0  0  0  0  0  0  0  21  0  2640  0  0  0  0  0  0  0  0  0  0  0  0  0  0  0  0  0  0  0  0  429  4  0  0  0  0  200  0  0  0  0  0  0  0  0  0  0  0  3  0  0  0  0  0  0  0  0  0  419  56258  0  31266  0  0  0  0  39  0  0  3113  0  0  0  0  0  0  0  0  0  0  0  41791  0  93910  0  0  0  0  0  0  455  0  0  0  0  0  56  25559  0  0  34  0  0  0  56798  0  0  0  0  0  22  0  0  0  0  0  0  0  0  0  0  0  0  0  0  0  
0  0  0  0  0  0  0  0  0  0  0  0  0  0  0  0  0  0  0  0  0  0  0  0  0  0  0  0  0  0  0  0  0  0  0  0  0  0  0  0  0  0  0  0  0  0  0  0  0  0  0  0  0  0  0  0  0  0  0  0  0  0  0  0  0  0  0  0  0  0  0  0  0  0  11  0  0  41931  4  13  11  0  0  0  0  0  6  22234  12  13  797  850  0  0  0  0  0  12  13  53  0  1  5153  0  0  0  13  21  41  2  0  0  1131  33024  94  0  0  2  835  1  89  23  39053  0  0  15860  8  23  7  4  0  0  0  0  0  0  0  3  1  11  122  57127  1  0  0  0  7  0  0  0  0  0  0  0  1  8  1  0  956  1  
0  0  0  0  0  0  0  0  0  0  0  0  0  0  0  0  0  0  0  0  0  0  0  0  0  0  0  0  0  0  0  0  0  0  0  0  0  0  0  0  0  0  0  0  0  0  0  0  0  0  0  0  0  0  0  0  0  0  0  0  0  0  0  0  0  0  0  0  0  0  0  0  0  0  1954  0  0  0  28  3  1  0  0  0  0  15  0  13521  9  0  0  38  0  0  0  0  0  37963  0  0  0  0  0  0  0  0  0  1  1  0  0  0  22661  14  0  0  0  0  0  0  7068  0  237  0  0  68  2  0  0  0  0  0  0  0  0  9306  5  10310  0  1  0  6  0  0  0  0  0  0  0  0  0  0  0  0  0  1  0  0  26  0  
0  0  0  0  0  0  0  0  0  0  0  0  0  0  0  0  0  0  0  0  0  0  0  0  0  0  0  0  0  0  0  0  0  0  0  0  0  0  0  0  0  0  0  0  0  0  0  0  0  0  0  0  0  0  0  0  0  0  0  0  0  0  0  0  0  0  0  0  0  0  0  0  0  0  421  0  0  0  72  126  22  0  0  0  0  24973  11500  0  12399  6  0  170  0  0  0  0  0  426  0  0  0  0  0  0  0  0  0  2  0  0  0  0  28902  16967  0  0  0  0  0  0  232  0  8315  0  0  56606  128  10  0  0  0  0  0  0  0  9285  0  284  0  29  0  192  0  0  0  0  1  0  0  0  0  0  0  0  0  7  0  0  84  0  
0  0  0  0  0  0  0  0  0  0  0  0  0  0  0  0  0  0  0  0  0  0  0  0  0  0  0  0  0  0  0  0  0  0  0  0  0  0  0  0  0  0  0  0  0  0  0  0  0  0  0  0  0  0  0  0  0  0  0  0  0  0  0  0  0  0  0  0  0  0  0  0  0  0  9528  0  0  0  16666  6188  73  4  0  0  0  12  3  18433  0  32603  0  77  0  0  0  0  0  5528  0  0  0  0  5225  0  0  0  0  0  0  0  0  0  108  0  2  0  0  0  43  0  355  0  1658  0  0  98259  118051  66323  0  0  0  0  0  0  0  17186  0  83  1  92  5  36216  10194  0  0  0  2  0  0  0  0  0  0  0  0  203  0  0  1079  1  
1  0  48  0  37  87  53  40  0  0  0  0  0  0  0  1164  0  0  0  0  0  0  0  0  0  0  0  0  0  0  24  0  0  0  0  0  0  0  0  0  0  0  0  0  0  1  0  0  0  0  0  1  0  0  0  0  0  0  0  0  0  0  0  0  0  14  0  0  0  35  0  0  0  0  13987  0  41256  1  77719  102090  66383  80060  6  0  0  2  0  28  35923  0  0  31  0  0  0  0  0  1056  1  0  0  8  8482  2  2243  1  0  0  0  0  0  0  57  0  1  0  0  1  3636  8954  448  0  517  0  0  1890  4108  112558  0  1  0  0  0  0  0  0  34  963  4  295  6  274  25074  21035  4  0  0  0  0  151  0  0  0  0  0  3750  0  0  4385  140  
0  0  0  0  0  0  0  0  0  0  0  0  0  0  0  0  0  0  0  0  0  0  0  0  0  0  0  0  0  0  0  0  0  0  0  0  0  0  0  0  0  0  0  0  0  0  0  0  0  0  0  0  0  0  0  0  0  0  0  0  0  0  0  0  0  0  0  0  0  0  0  0  0  0  1  0  0  657  0  2  1  3  24  15  0  1501  0  86  0  1  0  56054  0  0  0  0  11222  399  7  1  0  1  4  0  0  0  322  9  9112  36  0  4  0  7  11767  0  3348  8  61  0  311  28928  11636  0  0  4  0  0  0  83  0  6  0  0  2  0  3  0  22  20  4  3  2  0  12  0  372  6  0  0  0  0  0  0  12119  0  124  99  48977  1  
0  0  0  0  0  0  0  0  0  0  0  0  0  0  0  0  0  0  0  0  0  0  0  0  0  0  0  0  0  0  0  0  0  0  0  0  0  0  0  0  0  0  0  0  0  0  0  0  0  0  0  0  0  0  0  0  0  0  0  0  0  0  0  0  0  0  0  0  0  0  0  0  0  0  80  0  0  374  185  959  1  3  11  10  0  2700  90  1549  288  118  46644  0  0  0  0  0  37644  10597  7  0  0  0  2  0  0  0  3  6  5831  19  0  0  43  368  244  0  87  22  47  1  33388  441  46978  0  0  67  35  4  0  86  0  7  1  0  3  0  42  0  40  13  8  14  5  0  10  0  128  1  0  0  0  0  0  0  16471  10  31  154  49955  4  
0  0  0  0  0  0  0  0  0  0  0  0  0  0  0  0  0  0  0  0  0  0  0  0  0  0  0  0  0  0  0  0  0  0  0  0  0  0  0  0  0  0  0  0  0  0  0  0  0  0  0  0  0  0  0  0  0  0  0  0  0  0  0  0  0  0  0  0  0  0  0  0  0  0  0  32707  0  0  0  5  1  0  2  1  299  0  0  0  2  1  0  2  0  20361  409  1014  2  0  14335  0  0  0  0  0  0  0  0  0  0  0  120  1106  0  0  0  43504  0  986  11  0  0  9  2  0  2266  3  2  1  0  278  113018  56943  22806  7  6132  0  0  0  114  1  0  24  0  0  0  842  34422  1  0  0  0  0  0  0  2  0  29  0  72  1  
0  0  0  0  0  0  0  0  0  0  543  0  0  0  0  0  0  0  0  734  0  0  0  0  0  0  0  0  0  5  0  0  0  0  0  0  0  0  0  0  0  0  0  0  0  0  0  0  0  0  0  0  0  0  0  0  0  0  0  0  0  0  0  0  0  0  0  0  0  0  0  0  0  0  0  4  0  0  0  1  0  0  0  1  61984  0  0  0  0  0  0  1  20306  0  2  917  0  0  2939  0  15710  0  0  261  0  0  0  0  0  0  0  0  0  0  0  25472  0  5191  0  0  0  0  0  0  300  1  0  0  0  15702  921  53653  0  0  53  0  0  0  23065  0  0  1  0  0  0  0  18  0  0  0  0  0  0  0  0  0  0  0  4  0  
0  2  0  0  0  0  0  0  0  0  0  0  0  0  0  0  0  0  0  0  5  10  0  0  0  0  0  0  0  0  0  0  0  0  0  0  0  0  0  0  0  0  0  0  0  0  0  0  0  0  0  0  0  0  0  0  0  0  0  0  6  0  0  0  0  0  0  0  0  0  0  0  0  0  0  42956  0  0  0  0  0  0  0  0  1  0  0  0  0  0  0  0  209  8  0  4351  12071  0  0  0  0  0  0  0  0  0  0  0  0  0  7826  509  0  0  0  2395  6  13  0  0  0  1  0  38825  19264  1  0  0  0  0  1348  33  1884  48943  83350  0  0  0  0  0  0  0  0  0  0  24  390  0  0  0  0  10  0  0  11  0  4393  302  0  0  
0  17  0  0  0  0  0  0  3  190  1284  0  0  0  0  0  0  0  0  4  23  14784  8  0  0  0  0  0  0  71  0  0  0  0  0  0  0  0  0  0  0  0  0  386  0  0  0  0  0  0  1  0  0  0  0  0  0  0  0  0  62  0  0  0  34  14  0  0  0  0  2  0  0  0  1  202  0  4  0  5  2  0  6  1201  20496  6  0  0  2  1  0  0  338  1708  4880  0  11455  0  3  0  0  0  1  19  1  0  0  0  0  0  1  27  0  1  130  35624  0  126821  6  0  1  1  39  0  34051  9  0  0  0  7  2759  5223  38  23  96365  0  1  0  1661  4  18  8  0  0  1  3  127  0  0  0  8  8  0  0  0  0  1181  163  58  1  
0  0  0  0  0  0  0  0  0  0  0  0  0  0  0  0  0  0  0  0  0  0  0  0  0  0  0  0  0  0  0  0  0  0  0  0  0  0  0  0  0  0  0  0  0  0  0  0  0  0  0  0  0  0  0  0  0  0  0  0  0  0  0  0  0  0  0  0  0  0  0  0  0  0  8  35  0  27  0  21  8  2  14  3211  0  29  0  0  8  3  13488  44313  7  3  10825  8363  0  13273  7  4  0  0  2  0  15  142  0  3  15169  7  1078  210  1  1  821  0  30151  6829  37  0  3408  1691  172  29593  14  27  9  3  0  26  96  55  42  390  49584  0  11185  0  82  26  127  30  0  0  5  3  567  0  0  0  0  9  0  0  41280  794  74504  840  41109  2167  
0  0  0  0  0  0  0  0  0  0  0  0  0  0  0  0  0  0  0  0  0  0  0  0  0  0  0  0  0  0  2  0  0  0  0  0  0  0  0  0  0  0  0  0  0  0  0  0  0  0  0  0  0  0  0  0  0  0  0  0  0  0  0  0  0  0  0  0  0  0  0  0  0  0  68697  0  0  0  407  2187  0  0  0  0  0  10  41565  1686  6227  186  192  15536  0  0  0  0  16937  0  0  0  0  0  0  0  14300  55  0  1  67  0  0  0  5198  4  0  0  1  0  0  0  39232  0  28  0  0  24  5  0  0  0  0  0  0  0  0  23893  58224  119812  0  0  0  1  0  2934  0  0  0  0  0  0  0  0  0  0  15  1755  3  1  14421  4  
0  0  0  0  0  0  0  0  0  0  0  0  0  0  0  0  0  0  0  0  0  0  0  0  0  0  0  0  0  0  0  0  0  0  0  0  0  0  0  0  0  0  0  0  0  0  0  0  0  0  0  0  0  0  0  0  0  0  0  0  0  0  0  0  0  0  0  0  0  0  0  0  0  0  2  5  0  8  0  12  11  5  148  33  0  7  0  0  6  6  5  16  15819  3581  0  0  30  0  0  37721  2637  2  7  1  0  0  0  2  0  3155  0  0  0  0  6073  0  0  47  121  1  0  104  37  0  2  12  5  7  13539  70535  69  17350  38  0  136  0  0  0  1113  176  926  240  3  0  104  0  85828  1  0  0  0  0  0  0  41  10  517  40  474  12  
0  0  0  0  0  0  0  0  0  0  0  0  0  0  0  0  0  0  0  0  0  0  0  0  0  0  0  0  0  0  0  0  0  0  0  0  0  0  0  0  0  0  0  0  0  0  0  0  0  0  0  0  0  0  0  0  0  0  0  0  0  0  0  0  0  0  0  0  0  0  0  0  0  0  0  0  0  42552  0  1  6  19  154  86  0  176  0  0  1  1  0  1  0  0  0  0  7  0  38288  0  45  7856  47  1  0  0  869  3565  0  56915  0  43  0  8  49654  0  0  26  1310  0  0  44  564  0  0  8  0  1  3951  788  0  0  0  0  0  0  0  0  33  877  82689  135  1  0  20  0  16260  101  0  0  0  1  0  0  11  11  24  33  815  669  
0  0  0  0  0  0  0  0  0  0  0  0  0  0  0  0  0  0  0  0  0  0  0  0  0  0  0  0  0  3  0  0  0  0  0  0  0  0  0  0  0  0  0  0  0  0  0  0  0  0  0  0  0  0  0  0  0  0  0  0  0  0  0  0  0  1  0  0  0  0  0  0  0  0  0  0  13129  2  0  0  3  29  119  26  47  0  0  0  1  1  0  0  2  14997  0  1  2  0  1970  39  0  218  17  93329  0  0  0  0  0  0  0  0  0  0  59  0  0  10  307  22508  0  1  4  0  1  1  0  1  274  118157  12  40  0  0  1  0  0  0  18004  475  25940  5  11  0  4059  0  10  0  0  0  0  1  0  0  4  38  1  20  210  69  
0  0  0  0  0  0  0  0  0  0  0  0  0  0  0  0  0  0  0  0  0  0  0  0  0  0  0  0  0  0  0  0  0  0  0  0  0  0  0  0  0  0  0  0  0  0  0  0  0  0  0  0  0  0  0  0  0  0  0  0  0  0  0  0  0  0  0  0  0  0  0  0  0  0  0  0  19411  18932  0  2  6  67  9  5  0  9  0  0  0  4  0  0  0  0  0  0  0  0  13  9616  131  0  5749  0  0  0  0  0  0  1  0  0  0  0  217  0  0  0  135030  3224  0  1  148  0  0  5  0  3  0  28  0  0  0  0  0  0  0  0  8  106  106845  30  14  0  3  0  2  0  0  0  0  0  0  0  0  44  0  8  143  96  
0  0  0  0  0  0  0  0  0  0  0  0  0  0  0  0  0  0  0  0  0  0  0  0  0  0  0  0  0  0  0  0  0  0  0  0  0  0  0  0  0  0  0  0  0  0  0  0  0  0  0  0  0  0  0  0  0  0  0  0  0  0  0  0  0  0  0  0  0  0  0  0  0  0  3  0  27059  36847  0  5  286  18459  23  3  0  5514  0  0  4303  8571  0  2  0  0  0  0  0  0  11  6  2  6531  0  0  0  0  0  0  0  2  0  0  0  0  54  0  0  1  136194  1616  1  2  1098  0  0  191  1  382  0  92  1  3  0  0  2  0  0  0  24  146  624  75676  65051  0  5  0  29  0  0  0  0  0  0  0  0  1044  3  6  1841  390  
0  0  41  0  0  0  0  0  439  621  26  0  0  0  0  0  0  0  0  4  0  5  0  0  0  0  16  0  0  4089  0  0  0  0  0  0  0  0  0  0  0  0  0  0  0  110  0  0  0  0  0  0  0  0  0  0  0  0  0  0  0  0  0  0  3  92  0  0  0  0  4702  0  0  0  0  0  13944  0  0  0  1  1  9669  10492  3154  0  0  0  0  3  0  0  0  664  0  44  0  0  0  0  98247  1  0  0  0  0  0  0  0  0  0  0  0  0  0  0  0  1159  4  25578  0  0  0  0  0  0  0  0  0  14150  0  0  0  0  0  0  0  0  68203  6  11  1  0  0  63415  0  0  0  0  0  0  0  0  0  0  0  1  0  0  1  
5  0  0  0  1  1  0  0  0  0  0  0  0  0  0  0  0  0  0  0  0  0  0  4  0  0  0  0  0  0  1439  28  0  0  0  0  0  0  0  0  0  0  0  0  0  0  0  0  0  0  0  0  0  0  0  0  0  0  0  0  0  0  7  0  0  0  0  0  0  543  0  0  0  0  8186  0  0  0  1  2632  0  0  0  0  0  0  0  0  0  2314  0  0  0  0  0  0  151  14193  0  0  0  0  0  0  0  29057  0  0  0  0  0  0  0  0  0  0  0  0  0  0  0  0  0  0  0  0  0  0  0  0  0  0  0  0  0  0  56359  13  0  2  0  0  0  37815  0  0  0  0  0  0  0  36  5  3  196  277  136  233  18710  366  
0  0  0  0  0  4  0  0  0  0  0  0  0  0  0  0  0  0  0  0  0  0  0  0  0  0  0  0  0  0  263  60  0  0  0  0  0  0  0  0  0  0  0  0  0  0  0  0  0  0  0  0  0  0  0  0  0  0  0  0  0  0  1  0  0  241  0  0  0  626  0  0  0  0  0  0  0  0  0  8560  0  0  0  0  0  0  0  0  0  0  0  0  0  0  0  0  1029  31  0  0  0  0  0  0  25772  0  0  0  0  0  0  0  0  0  0  0  0  0  0  0  1  0  0  0  0  0  0  0  0  0  0  0  0  0  0  0  21031  1  0  9878  0  0  0  5084  0  0  0  0  0  0  0  79  2  3  605  21328  805  572  23384  2394  
0  0  0  0  0  0  0  0  0  0  0  0  0  0  0  0  0  0  0  0  0  0  0  0  0  0  0  0  0  0  0  0  0  0  0  0  0  0  0  0  0  0  0  0  0  0  0  0  0  0  0  0  0  0  0  0  0  0  0  0  0  0  0  0  0  0  0  0  0  0  0  0  0  0  0  0  0  4668  0  0  0  0  0  0  0  24  0  0  0  0  295  8  0  0  0  0  1  0  0  1191  0  0  0  0  0  0  0  24632  11906  1731  0  0  0  0  12865  0  0  0  2  0  0  48341  9  0  0  0  0  0  0  2  2  0  0  0  0  0  0  0  3  0  0  2  0  0  0  0  1197  43117  0  0  0  0  0  0  18  0  11  59  206  0  
0  0  0  0  0  0  0  0  0  0  0  0  0  0  0  0  0  0  0  0  0  0  0  0  0  0  0  0  0  0  0  0  0  0  0  0  0  0  0  0  0  0  0  0  0  0  0  0  0  0  0  0  0  0  0  0  0  0  0  0  0  0  0  0  0  0  0  0  0  0  0  0  0  0  1  0  0  598  0  0  0  0  19  7  0  45  0  3  2  2  3  27  1  0  0  0  5  2  0  3641  1  0  0  0  0  0  16360  0  91153  44505  8  3132  0  0  2698  0  19927  0  1  0  0  7976  9  414  0  1  1  0  2  12  0  9  0  0  0  0  0  0  4  25  2  0  0  0  5  9  76952  25045  0  0  0  0  0  0  10  1  136  108  450  0  
0  0  0  0  0  0  0  0  0  0  0  0  0  0  0  0  0  0  0  0  0  0  0  0  0  0  0  0  0  0  0  0  0  0  0  0  0  0  0  0  0  0  0  0  0  0  0  0  0  0  0  0  0  0  0  0  0  0  0  0  0  0  0  0  0  0  0  0  0  0  0  0  0  0  0  0  0  439  0  0  0  0  0  0  0  61  1  3  0  0  16781  5177  0  0  0  0  18837  129  0  0  0  0  0  0  0  0  9709  84695  0  62  2  24  0  0  3  0  26386  0  0  0  72  43786  1  430  0  0  0  0  0  0  0  0  0  1  0  0  1  0  0  0  0  0  0  0  0  1  31854  485  0  0  0  0  0  0  4918  0  36  2  3  0  
0  0  0  0  0  0  0  0  0  0  0  0  0  0  0  0  0  0  0  0  0  0  0  0  0  0  0  0  0  0  0  0  0  0  0  0  0  0  0  0  0  0  0  0  0  0  0  0  0  0  0  0  0  0  0  0  0  0  0  0  0  0  0  0  0  0  0  0  0  0  0  0  0  0  13  1  0  177  0  23  15  37  563  92  0  43  0  0  8  4  13  37  0  1  0  0  20  0  2744  50353  0  1  3  1  0  0  669  52206  3  0  0  48  1  3  27656  0  0  26  63  2  4  1507  260  0  0  77  22  2  1737  829  0  10  0  0  3  0  0  0  124  697  566  63  0  0  57  0  14212  23967  0  0  0  1  0  0  32  8  3510  300  815  21  
0  0  0  0  0  0  0  0  0  0  0  0  0  0  0  0  0  0  0  0  0  0  0  0  0  0  0  0  0  0  0  0  0  0  0  0  0  0  0  0  0  0  0  0  0  0  0  0  0  0  0  0  0  0  0  0  0  0  0  0  0  0  0  0  0  0  0  0  0  0  0  0  0  0  0  25385  0  0  0  0  0  0  0  0  0  0  0  0  0  0  0  0  212  0  7439  0  430  0  0  0  0  0  0  0  0  0  0  5  0  0  0  55033  0  0  0  0  26036  1  0  0  0  0  0  37957  0  0  0  0  0  0  1  0  23190  56311  538  0  0  0  0  0  0  0  0  0  0  83957  153  0  0  0  0  0  0  0  0  0  29  0  0  0  
0  0  0  0  0  0  0  0  0  0  0  0  0  0  0  0  0  0  0  0  0  0  0  0  0  0  0  0  0  0  0  0  0  0  0  0  0  0  0  0  0  0  0  0  0  0  0  0  0  0  0  0  0  0  0  0  0  0  0  0  0  0  0  0  0  0  0  0  0  0  0  0  0  0  0  168  0  0  0  0  0  0  0  0  0  0  0  0  0  0  3  0  893  0  144  2  50  0  0  21  0  0  0  0  0  0  0  3174  7  7  62010  0  0  0  1  0  22683  7  0  0  0  207  0  23708  0  0  0  0  0  2  7  0  16831  10840  1732  0  0  0  0  1  0  0  0  0  0  88321  115970  0  0  0  0  0  0  0  240  0  9435  0  2  0  
0  0  0  0  0  0  0  0  0  0  0  0  0  0  0  0  0  0  0  0  0  0  0  0  0  0  0  0  0  0  0  0  0  0  0  0  0  0  0  0  0  0  0  0  0  0  0  0  0  0  0  0  0  0  0  0  0  0  0  0  0  0  0  0  0  0  0  0  0  0  0  0  0  0  6626  0  0  0  879  371  15  0  0  0  0  739  19034  35482  198  60  0  68  0  0  0  0  0  766  0  0  0  0  0  0  0  0  0  0  0  0  0  0  0  547  0  0  0  0  0  0  6935  0  13065  0  0  6532  168  9  0  0  0  0  0  0  0  1318  12  9944  0  13  0  157  0  0  0  0  0  0  0  0  0  0  0  0  0  2  0  0  71  0  
0  0  0  0  0  0  0  0  0  0  0  0  0  0  0  0  0  0  0  0  0  0  0  0  0  0  0  0  0  0  0  0  0  0  0  0  0  0  0  0  0  0  0  0  0  0  0  0  0  0  0  0  0  0  0  0  0  0  0  0  0  0  0  0  0  0  0  0  0  0  0  0  0  0  19  0  0  0  5  2  2  0  0  0  0  34057  30  20915  5  0  0  88  0  0  0  0  0  21  0  1  0  0  0  0  0  0  0  0  0  0  0  0  765  0  2  0  0  0  0  0  32  0  10381  0  0  4358  3  0  0  0  0  0  0  0  0  3  0  10  0  4  2  4216  0  0  0  0  1  0  0  0  0  0  0  0  0  0  0  0  51  0  
0  0  0  0  0  0  0  0  0  0  0  0  0  0  0  0  0  0  0  0  0  0  0  0  0  0  0  0  0  0  0  0  0  0  0  0  0  0  0  0  0  0  0  0  0  0  0  0  0  0  0  0  0  0  0  0  0  0  0  0  0  0  0  0  0  0  0  0  0  0  0  0  0  0  26  1  0  32124  7  81  87  210  2468  2466  0  270  0  2  37  28  8921  214  11  1  1  20  331  0  4754  40646  39  825  175  5  0  0  16238  3929  1  26554  0  7  1  10  0  0  5  3739  6384  36  8  27273  27354  4  5  241  56  39  4162  4939  53  137  3  0  33  0  0  0  1877  6246  22097  439  20  0  724  0  7878  11109  0  0  0  8  0  0  299  303  12381  4295  80425  4349  
0  0  0  0  0  0  0  0  0  0  865  0  0  0  0  0  0  0  0  471  0  293  0  0  0  0  0  0  0  0  0  0  0  0  0  0  0  0  0  0  0  27  0  54  0  0  0  0  0  0  0  0  0  0  0  0  0  0  0  0  0  0  0  0  0  0  0  0  0  0  0  0  0  0  0  20622  0  0  0  0  0  0  0  0  44134  0  0  0  0  0  0  0  46507  27978  2494  37089  0  0  0  0  0  0  0  0  0  0  0  0  0  0  0  0  0  0  0  0  0  32327  0  0  0  0  0  0  34244  0  0  0  0  0  8293  323  0  0  812  0  0  0  11  0  0  0  0  0  0  0  0  0  0  0  0  0  0  0  0  0  0  0  0  0  
0  0  0  0  0  0  0  0  0  0  0  0  0  0  0  0  0  0  0  0  0  0  0  0  0  0  0  0  0  0  0  0  0  0  0  0  0  0  0  0  0  0  0  0  0  0  0  0  0  0  0  0  0  0  0  0  0  0  0  0  0  0  0  0  0  0  0  0  0  0  0  0  0  0  0  0  0  0  0  0  0  0  0  0  0  0  0  0  0  0  1086  6  0  0  11  0  28699  3  0  0  0  0  0  0  0  0  0  21463  18931  0  32875  21381  0  0  4  0  0  1  0  0  0  5000  0  23809  0  0  0  0  0  0  0  0  14  9  18  0  0  0  0  0  0  0  0  0  0  5680  20993  0  0  0  0  0  0  0  37877  0  1312  0  1  0  
0  0  0  0  0  0  0  0  0  54  48  0  0  0  0  0  0  0  0  0  0  343  0  0  0  0  0  0  0  22  0  0  0  0  0  0  0  0  0  0  0  0  0  76  0  0  0  0  0  0  0  0  0  0  0  0  0  0  0  0  0  0  0  0  0  37  0  0  0  0  0  0  0  0  34  643  0  34  7  151  94  40  2832  21942  99005  44  0  3  71  40  1  3  1251  6507  40  143079  6769  0  75  15  19  0  0  1307  0  0  1  0  0  3  0  13  0  0  1177  16205  0  0  99  4  14  41  455  1  8188  272  63  17  2  613  16122  13544  310  12  5189  0  0  1  67752  207  238  148  1  0  1269  1  4932  1  0  0  1  4  0  0  1  26  1697  102  1163  17  
0  0  0  0  0  0  0  0  0  3  0  0  0  0  0  0  0  0  0  0  0  0  0  0  0  0  0  0  0  0  0  0  0  0  0  0  0  0  0  0  0  0  0  0  1  0  0  0  0  0  0  0  0  0  0  0  0  0  0  0  0  0  0  0  0  9  0  1  0  0  0  0  0  0  19  0  35353  39352  5  78  531  27514  153  92  0  282  0  2  130  6131  7  21  14  0  0  0  2  0  261  3227  149  161181  139125  5  0  0  0  1  0  50  0  0  0  10  5283  0  0  134  0  25658  11  42  15946  0  2  558  82  855  13  1084  54  107  0  0  7  0  0  0  812  1338  67964  10415  20943  0  96  0  645  1  0  0  0  8  0  0  9  3241  22  76  15126  4033  
0  0  93  0  0  0  0  11  488  1  0  0  0  0  0  13  0  0  0  0  0  0  0  0  0  0  0  0  0  982  0  0  0  0  0  0  0  0  0  0  0  0  0  0  0  58  0  0  0  0  0  0  0  0  0  0  0  0  0  0  0  0  0  0  0  28  0  0  0  0  1578  0  0  0  0  0  46742  7  0  0  135  34842  22232  67  0  2  0  0  2  6144  1  0  0  0  0  0  1  0  8  15  32491  1839  549  34163  0  0  0  1  0  5  0  0  0  0  360  0  0  33  25004  0  0  8  35  0  0  4  0  23  2  27904  1  6  0  0  0  0  0  0  179  3274  11284  29  685  0  28363  0  44  0  0  1  0  16  0  0  23  1563  11  86  1162  564  
0  0  0  0  0  0  0  0  0  0  0  0  0  0  0  0  0  0  0  0  0  0  0  0  0  0  0  0  0  0  0  0  0  0  0  0  0  0  0  0  0  0  0  0  0  0  0  0  0  0  0  0  0  0  0  0  0  0  0  0  0  0  0  0  0  0  0  0  0  0  0  0  0  0  15924  0  0  0  3509  3028  15  0  0  0  0  127  6698  573  287  150  16  23722  0  0  0  0  5975  35280  1  0  0  0  0  0  0  1  0  0  1  0  0  0  7820  72  0  0  0  0  0  0  0  0  8364  0  0  313  58  12  0  0  0  0  0  0  0  19  771  19317  1  13  0  11  0  0  0  0  0  0  0  0  0  0  0  0  21  13  0  0  61934  0  
0  0  0  0  0  0  0  0  0  0  0  0  0  0  0  0  0  0  0  0  0  0  0  0  0  0  0  0  0  0  0  0  0  0  0  0  0  0  0  0  0  0  0  0  0  0  0  0  0  0  0  0  0  0  0  0  0  0  0  0  0  0  0  0  0  0  0  0  0  0  0  0  0  0  11  1  0  183  2  37  13  10  110  54  0  85  0  0  22  10  34608  4421  6  0  0  0  3044  3  45  8  5  1  2  2  0  0  27908  11430  45780  464  0  626  0  1  18203  0  14353  29  44  0  4  0  261  913  1  65  14  1  4  275  30  133  26  18  45  0  0  2  132  139  74  37  0  0  38  0  101016  17409  0  0  0  0  0  0  12540  5  4532  2790  48567  7  
0  0  0  0  0  0  0  0  0  0  0  0  0  0  0  0  0  0  0  0  0  0  0  0  0  0  0  0  0  0  0  0  0  0  0  0  0  0  0  0  0  0  0  0  0  0  0  0  0  0  0  1  0  0  0  0  0  0  0  0  0  0  0  0  0  3  0  0  0  0  0  0  0  0  2461  0  1  34822  2092  10601  551  43  164  189  0  36202  93  7771  4089  1948  9044  42784  6  3  0  0  17  5  284  353  9  158  3000  2  0  0  3  3  2  88  0  0  10744  9070  27394  0  0  929  38562  6  9925  313  0  0  3  29990  1948  676  56  2364  28  183  0  0  12  12  0  15  1346  1067  2071  22164  73  0  212  0  877  4  0  0  0  0  0  0  142  556  172  18  97294  259  
0  0  0  0  0  0  0  0  0  0  0  0  0  0  0  0  0  0  0  0  0  0  0  0  0  0  0  0  0  0  0  0  0  0  0  0  0  0  0  0  0  0  0  0  0  0  0  0  0  0  0  0  0  0  0  0  0  0  0  0  0  0  0  0  0  0  0  0  0  0  0  0  0  0  0  108  0  0  0  0  0  0  0  0  0  0  0  0  0  0  5  0  4  0  38848  0  23408  0  1  0  0  0  0  0  0  0  0  75  463  0  33766  15675  0  0  5  0  40756  12  0  0  0  268  0  0  0  0  0  0  1  1  8  2  755  20088  7330  0  0  0  0  0  0  0  0  0  0  3693  16548  0  0  0  0  0  0  0  3857  0  18583  2  1  0  
0  0  0  0  0  0  0  0  0  0  0  0  0  0  0  0  0  0  0  0  0  0  0  0  0  0  0  0  0  0  0  0  0  0  0  0  0  0  0  0  0  0  0  0  0  0  0  0  0  0  0  0  0  0  0  0  0  0  0  0  0  0  0  0  0  0  0  0  0  0  0  0  0  0  0  10488  0  0  0  0  0  1  0  0  742  0  0  0  1  0  0  0  4407  294  14964  37363  4  0  3  0  0  0  0  0  0  0  0  0  0  0  0  1  0  0  2  31960  0  18523  2  0  0  1  0  0  0  0  0  0  0  5  13373  2192  37  0  20980  0  0  0  69  0  0  5  0  0  0  1  1265  0  0  0  0  0  0  0  0  0  6  1  13  0  
0  0  0  0  0  0  0  0  0  0  0  0  0  0  0  0  0  0  0  0  0  0  0  0  0  0  0  0  0  0  0  0  0  0  0  0  0  0  0  0  0  0  0  0  0  0  0  0  0  0  0  1  0  0  0  0  0  0  0  0  0  0  0  0  0  13  0  0  0  0  0  0  0  0  9617  0  0  12  4186  7526  2152  7  3  0  0  24247  2  62826  92785  3919  0  23  0  0  0  0  0  14  3  2  0  0  75  1  0  0  0  0  0  0  0  0  2564  845  13  0  0  7  86  0  840  4  16753  0  0  0  56121  25164  0  22  1  4  0  0  2  58  1  52  43  1330  17  37050  41  0  5  0  9  0  0  1  0  2  3  0  0  1998  4  0  25136  30  
0  0  0  0  0  2  0  0  0  0  0  0  0  0  0  0  0  0  0  0  0  0  0  0  0  0  0  0  0  0  0  0  0  0  0  0  0  0  0  0  0  0  0  0  0  0  0  0  0  0  0  0  1  0  0  0  0  0  0  0  0  0  0  0  0  4  0  0  0  0  0  0  0  0  17928  0  0  1  36459  19319  1245  0  0  0  0  36  17  907  115367  12199  0  208  0  0  0  0  0  2  0  0  0  0  11  0  0  0  0  0  0  1  0  0  1039  1  0  0  0  3  18  0  3507  1  4688  0  0  86965  0  30128  0  3  0  0  0  0  0  31  1  44  8  2568  1  395  2  0  1  0  3  0  0  0  0  1  0  0  0  2998  0  0  13284  2  
0  0  0  0  0  2  4  0  0  0  0  0  0  0  0  0  0  0  0  0  0  0  0  0  0  0  0  0  0  0  0  0  0  0  0  0  0  0  0  0  0  0  0  0  1  0  0  0  0  0  0  4  0  1  0  0  0  0  0  0  0  0  0  0  0  44  0  4  0  0  0  0  0  0  60  0  0  1  410  2356  7850  191  17  5  0  10  0  4  69211  137029  0  4  0  0  0  0  0  0  0  0  2  1  307  0  0  0  0  0  0  1  0  0  14  0  13  0  0  0  250  8  29  0  205  0  0  30762  24763  0  0  10  0  0  0  0  0  0  0  0  7  1885  76  18452  27875  0  0  0  6  0  0  0  0  0  4  0  0  4757  0  1  9198  304  
0  0  0  0  0  0  0  0  0  0  0  0  0  0  0  0  0  0  0  0  0  0  0  0  0  0  0  0  0  0  0  0  0  0  0  0  0  0  0  0  0  0  0  0  0  0  0  0  0  0  0  0  0  0  0  0  0  0  0  0  0  0  0  0  0  0  0  0  0  0  0  0  0  0  0  0  0  0  0  0  0  16  53  18  0  4  0  0  0  1  0  0  0  0  0  0  0  0  22159  6157  238  1  1  0  0  0  0  1  0  1272  0  0  0  1  9040  0  0  3  1  2  1  2  10  0  0  1  1  0  0  19238  0  1  0  0  0  0  0  0  6  384  9224  1  0  0  3  0  7591  3  0  0  0  0  0  0  2  0  17  1  9  2  
0  0  0  0  0  0  0  0  0  0  0  0  0  0  0  1  0  0  0  0  0  0  0  0  0  0  0  0  0  0  0  0  0  0  0  0  0  0  0  0  0  0  0  0  0  0  0  0  0  0  0  0  0  0  0  0  0  0  0  0  0  0  0  0  0  1  0  0  0  0  0  0  0  0  10  3  4  40  2  49  96  394  6610  765  0  7  0  0  32  28  15  35  1207  12737  2  6  42  0  85114  1338  122605  35  57  10918  0  0  0  19  0  220  0  3  0  0  5524  0  0  397  556  10154  3  261  179  0  51  79  25  45  26703  0  874  28153  44  0  206  0  0  0  45682  9950  29552  837  18  0  36874  1  16228  32  0  0  0  2  0  0  57  126  937  97  3109  269  
0  0  0  0  0  0  0  0  0  0  0  0  0  0  0  0  0  0  0  0  0  0  0  0  0  0  0  0  0  0  0  0  0  0  0  0  0  0  0  0  0  0  0  0  0  0  0  0  0  0  0  0  0  0  0  0  0  0  0  0  0  0  0  0  0  0  0  0  0  0  0  0  0  0  0  4051  0  0  0  0  1  0  1  0  148  0  0  0  3  2  0  0  115014  1440  808  4632  2  0  7  0  0  0  0  0  0  0  0  0  0  0  0  4  0  0  1  7943  0  6047  6  0  0  6  5  1  14229  5  0  0  0  7  0  12252  2610  6  7715  0  0  0  863  1  1  7  0  0  0  0  8057  0  0  0  0  0  0  0  0  0  11  0  47  0  
0  0  0  0  0  0  0  0  0  0  0  0  0  0  0  0  0  0  0  0  0  0  0  0  0  0  0  0  0  0  0  0  0  0  0  0  0  0  0  0  0  0  0  0  0  0  0  0  0  0  0  0  0  0  0  0  0  0  0  0  0  0  0  0  0  0  0  0  0  0  0  0  0  0  3  43  0  0  2  24  8  0  4  4  21129  1  0  0  18  10  3  24  59663  62832  12  7513  20  0  11813  0  297  0  1  1  0  0  0  0  0  0  0  0  0  0  12  320  1  17393  141  0  1  141  28  0  4771  35  10  5  0  26714  13621  0  186  0  928  0  0  0  19478  7  1  281  1  0  1  0  14675  1  0  0  0  0  0  0  17  13  389  31  771  2  
0  0  0  0  0  0  0  0  0  0  0  0  0  0  0  0  0  0  0  0  0  0  0  0  0  0  0  0  0  0  0  0  0  0  0  0  0  0  0  0  0  0  0  0  0  0  0  0  0  0  0  0  0  0  0  0  0  0  0  0  0  0  0  0  0  0  0  0  0  0  0  0  0  0  0  19798  0  0  0  1  1  0  1  0  0  0  0  0  1  0  0  0  24002  2  6509  18  47  0  34  0  0  0  0  0  0  0  0  0  0  0  25188  12921  0  0  0  1  1  776  7  0  0  4  3  107  271  0  1  0  0  9  4638  972  0  4515  26667  0  0  0  22  2  0  4  0  0  0  15018  34490  0  0  0  0  0  0  0  3  0  513  2  16  0  
0  0  0  0  0  0  0  0  0  0  0  0  0  0  0  0  0  0  0  0  0  0  0  0  0  0  0  0  0  0  0  0  0  0  0  0  0  0  0  0  0  0  0  0  0  0  0  0  0  0  0  0  0  0  0  0  0  0  0  0  0  0  0  0  0  0  0  0  0  0  0  0  0  0  0  12640  0  0  0  0  0  0  0  0  0  0  0  0  0  0  0  0  4  0  46241  4  156  0  3  0  0  0  0  0  0  0  0  0  0  0  58400  14709  0  0  0  0  21  9  1  0  0  5  0  25707  1  0  0  0  0  0  39  3  9203  0  16641  0  0  0  0  0  0  0  0  0  0  12654  2190  0  0  0  0  0  0  0  7  0  5946  0  0  0  
0  2  0  0  0  0  0  0  0  0  0  0  0  0  0  0  0  0  0  0  3  1  0  0  0  0  0  0  0  0  0  0  0  0  0  0  0  0  0  0  0  0  0  0  0  0  0  0  0  0  0  0  0  0  0  0  0  0  0  0  2  0  0  0  0  0  0  0  0  0  0  0  0  0  0  26684  0  0  1  2  0  1  13  4  19  1  0  0  1  0  0  0  5735  122  84823  87317  47563  0  17  0  0  0  0  0  0  0  0  1  0  0  668  3086  0  0  6  29  19  2960  6  0  1  17  13  9778  22955  6  3  0  0  40  11925  771  20397  19060  0  0  0  0  81  10  4  6  0  0  4  562  7221  0  0  0  0  4  0  0  29  1  17264  119  38  0  
0  0  0  0  0  0  0  0  0  0  0  0  0  0  0  0  0  0  0  0  0  0  0  0  0  0  0  0  0  0  0  0  0  0  0  0  0  0  0  0  0  0  0  0  0  0  0  0  0  0  0  0  0  0  0  0  0  0  0  0  0  0  0  0  0  0  0  0  0  0  0  0  0  0  707  0  0  0  2  1  0  0  0  0  0  2  10177  16056  15736  0  0  0  0  0  0  0  0  20458  0  0  0  0  0  0  0  0  0  0  0  0  0  0  5095  1  0  0  0  0  0  0  18  0  14  0  0  60  1  0  0  0  0  0  0  0  0  0  0  2769  0  0  0  9  0  0  0  0  0  0  0  0  0  0  0  0  0  0  0  0  2  0  
0  0  0  0  0  0  0  0  0  0  0  0  0  0  0  0  0  0  0  0  0  0  0  2  0  0  0  0  0  0  2  0  0  0  0  0  0  0  0  0  0  0  0  0  0  0  0  0  0  0  0  0  0  0  0  0  0  0  0  0  0  0  0  0  0  0  0  0  0  0  0  0  0  0  380  0  0  0  17  5131  0  0  0  0  0  0  3  0  0  8  0  80  0  0  0  0  15468  53088  0  0  0  0  0  0  54600  17528  0  0  0  0  0  0  3  0  0  0  0  0  0  0  2025  0  0  0  0  0  0  0  0  0  0  0  0  0  0  0  0  13569  0  0  0  0  0  8444  0  0  0  0  0  0  0  4  0  0  299  1795  509  339  71832  3568  
0  0  0  0  0  0  0  0  0  0  0  0  0  0  0  0  0  0  0  0  0  0  0  0  0  0  0  0  0  0  0  0  0  0  0  0  0  0  0  0  0  0  0  0  0  0  0  0  0  0  0  0  0  0  0  0  0  0  0  0  0  0  0  0  0  0  0  0  0  0  0  0  0  0  34773  0  0  1  1080  3935  0  0  0  0  0  9  8529  2292  169  254  0  2  0  0  0  0  0  109402  0  0  0  0  0  0  5  17  0  0  0  0  0  0  16908  11  0  0  0  0  0  0  8572  0  116  0  0  143  8  0  0  0  0  0  0  0  0  5005  19161  0  0  0  0  19  0  498  0  0  1  0  0  0  0  0  0  0  0  3077  1  0  17427  9  
0  0  0  0  0  0  0  0  1  13  271  0  0  0  0  0  0  0  0  0  0  0  0  0  0  0  0  0  0  126  0  0  0  0  0  0  0  0  0  0  1  0  0  0  0  0  0  0  0  0  0  0  0  0  0  0  0  0  0  0  0  0  0  0  11  7  0  0  0  0  57  0  0  0  27  11  0  10  12  176  70  34  8198  4617  69551  18  0  1  73  53  1  4  285  27432  2  2988  7  0  481  32  24334  3  7  68091  0  0  6  3  0  9  0  1  0  0  1074  0  0  64594  152  13  7  117  351  0  222  267  68  23  3  27668  2489  32458  16  0  444  0  0  0  0  320  325  392  4  0  20400  0  2313  7  0  0  0  1  0  0  5  47  179  15  1579  14  
25  0  0  0  3  1444  440  1116  537  1726  0  0  0  2  43  52  0  0  0  0  0  0  0  0  0  0  10  5  1  6  17  99  0  0  0  0  0  0  1  0  61  0  0  0  21  11  0  5  32  0  0  242  607  323  0  2  0  0  0  0  0  0  0  1  0  31061  29  90  6  428  130  0  0  0  13  0  1  131  16  37527  35969  32233  26155  25608  0  8  1  0  250  990  0  3  1  0  0  5  38  2  19  384  220  76  71  23  1  10342  0  1  0  30  0  0  1  0  4015  0  0  345  884  525  2  20  179  0  0  570  282  557  8  766  2  4  0  0  0  0  1  0  715  0  3571  161  21  3  384  0  56  0  0  40  20  13475  1084  456  225  37461  229  24840  10549  1147  
0  0  0  0  0  0  0  0  0  3  0  0  0  0  0  0  0  0  0  0  0  0  0  0  0  0  0  1  0  0  0  0  0  0  0  0  0  0  0  0  0  0  0  0  0  0  0  0  0  0  0  0  0  0  0  0  0  0  0  0  0  0  0  0  0  26  0  0  0  0  0  0  0  0  9  0  8366  11561  0  30  156  626  1411  420  0  417  0  4  21  40  6  5  2  1  0  0  50  0  2877  80714  37935  99111  1239  74  0  0  0  3  0  810  0  0  0  22  31884  0  0  110  57954  3707  3  92  2520  0  1  125  24  229  13700  33383  5  18  0  0  4  0  0  0  419  12593  0  1232  52  0  232  0  367  1  0  0  0  45  0  0  198  562  46  507  12357  7073  
0  0  0  0  0  0  0  0  0  0  0  0  0  0  0  0  0  0  0  0  0  0  0  0  0  0  0  0  0  0  0  0  0  0  0  0  0  0  0  0  0  0  0  0  0  0  0  0  0  0  0  1  0  0  0  0  0  0  0  0  0  0  0  0  0  3  0  0  0  0  0  0  0  0  161  0  0  31232  27  287  3159  237  32  11  0  51559  0  351  33535  777  0  26  3  2  0  0  1  1  80  38  5  4  77890  0  0  0  0  0  0  17  0  0  89  5707  174  0  0  12  25271  7  48  5  16891  0  1  34445  143  13474  12  284  11  40  1  0  2  11  0  7  138  707  332  0  8583  0  11  0  182  0  0  0  0  1  1  0  0  1866  7  4  38069  301  
0  0  0  0  0  0  0  0  0  0  0  0  0  0  0  0  0  0  0  0  0  0  0  0  0  0  0  0  0  0  0  0  0  0  0  0  0  0  0  0  0  0  0  0  0  0  0  0  0  0  0  1  0  0  0  0  0  0  0  0  0  0  0  0  0  1  0  0  0  0  0  0  0  0  1  0  510  23  0  9  3499  28475  39  8  0  1  0  0  11773  26904  0  0  1  0  0  0  0  0  6  1  19  14  65261  1  0  0  0  0  0  3  0  0  0  0  40  0  0  3  37180  643  0  0  42  0  0  125  1  22072  1  56  1  6  0  0  0  0  0  0  13  366  229  14377  0  0  4  0  20  0  0  0  0  0  0  0  1  2122  1  8  1606  358  
3  0  0  0  0  13  0  0  0  0  0  0  0  0  0  1  0  0  0  0  0  0  0  1  0  0  0  0  0  0  378  2  0  0  0  0  0  0  0  0  0  0  0  0  0  0  0  0  0  0  0  0  0  0  0  0  0  0  0  0  0  0  1  0  0  0  0  0  0  374  0  0  0  0  12827  0  0  0  8885  39589  0  0  0  0  0  0  0  0  0  22699  0  0  0  0  0  0  0  5342  0  0  0  0  0  0  35203  6769  0  0  0  0  0  0  0  0  0  0  0  0  0  0  3  0  0  0  0  0  0  0  0  0  0  0  0  0  0  0  8949  945  0  1  0  0  0  0  0  0  0  0  0  0  0  0  0  0  1  11570  0  0  3964  145  
0  0  11  0  0  0  0  0  1751  148  0  0  0  0  0  0  0  0  0  0  0  0  0  0  0  0  0  0  0  2016  0  0  0  0  0  0  0  0  0  0  1  0  0  0  0  33  0  0  0  0  0  0  0  0  0  0  0  0  0  0  0  0  0  0  0  580  0  0  0  0  8883  0  0  0  0  0  4  26  0  3  13  53  30384  140  15  1  0  0  0  2  0  0  0  0  0  0  1  0  36  58  1178  29  5  45881  0  0  0  1  0  13  0  0  0  0  1954  0  0  56  257  26675  0  14  56  0  0  5  2  3  6  41871  2  7  0  0  1  0  0  0  16371  864  1418  17  1  0  0  0  74  0  0  0  0  0  0  0  2  28  16  15  388  57  
0  0  0  0  0  0  0  0  0  0  0  0  0  0  0  0  0  0  0  0  0  0  0  0  0  0  0  0  0  0  0  0  0  0  0  0  0  0  0  0  0  0  0  0  0  0  0  0  0  0  0  0  0  0  0  0  0  0  0  0  0  0  0  0  0  0  0  0  0  0  0  0  0  0  0  44  0  0  0  0  0  0  0  0  0  0  0  0  0  0  0  0  865  0  51  0  9  0  0  0  0  0  0  0  0  0  0  6  2  0  81264  94818  0  0  0  0  5951  2  0  0  0  0  0  7314  0  0  0  0  0  0  4  0  17277  15837  326  0  0  0  0  0  0  0  0  0  0  0  1433  0  0  0  0  0  0  0  0  0  912  0  0  0  
0  0  0  0  0  0  0  0  0  0  0  0  0  0  0  0  0  0  0  0  0  0  0  0  0  0  0  0  0  0  0  0  0  0  0  0  0  0  0  0  0  0  0  0  0  0  0  0  0  0  0  0  0  0  0  0  0  0  0  0  0  0  0  0  0  1  0  0  0  0  0  0  0  0  90  672  1  14  24  273  179  200  2166  579  0  111  0  4  124  78  516  953  34695  21  608  64  1732  1  98508  16128  6  8  21  4  0  0  149  109390  31606  22147  266  151150  2  6  9809  0  25875  3480  504  7  22  102277  1040  46644  1988  536  137  30  10705  17043  12108  25041  37606  2046  13761  1  0  2  2028  2941  1805  800  5  0  472  1590  0  21603  0  0  0  1  0  0  6144  59  60211  3116  6229  90  
0  0  0  0  0  0  0  0  0  0  0  0  0  0  0  0  0  0  0  0  0  0  0  0  0  0  0  0  0  0  0  0  0  0  0  0  0  0  0  0  0  0  0  0  0  0  0  0  0  0  0  0  0  0  0  0  0  0  0  0  0  0  0  0  0  0  0  0  0  0  0  0  0  0  2  0  0  166  0  2  2  1  14  3  0  3  0  0  2  0  14  56  1  0  0  1  14  0  6  97  0  0  1  0  0  0  26132  28819  172  19055  0  0  0  0  9180  0  0  2  7  0  1  25630  27  0  1  6  2  0  3  23  5  11  0  0  1  0  0  0  11  14  9  4  0  0  7  0  16649  0  0  0  0  0  0  0  31  1  56  596  1357  0  
0  2  0  1  0  0  0  0  1  1  0  4  0  0  0  0  23728  23704  16  0  2  0  49002  26  2  14  0  0  0  0  0  0  0  40  41260  126  0  8  0  0  66  0  64782  7  0  0  1  30075  5  1  2  0  0  0  1  9  6  16  316  0  6  0  4  0  0  0  0  0  0  0  0  0  2243  10  0  0  0  0  0  0  0  0  0  0  0  0  0  0  0  0  0  0  0  0  0  0  0  0  0  0  0  0  0  0  0  0  0  0  0  0  0  0  0  0  0  0  0  0  0  0  0  0  0  0  0  0  0  0  0  0  0  0  0  0  0  0  0  0  0  0  0  0  0  0  0  0  0  0  0  0  248707  19533  42673  235  0  0  0  1  0  0  
2  0  28938  2  0  1013  73136  139125  262  2  0  2  0  0  23  234466  0  0  0  0  0  0  0  0  0  4  1  40  32854  0  0  0  0  0  0  3  0  0  0  0  24  0  0  1  45462  516  0  54  186  0  0  702  20  29878  0  5  0  0  0  0  0  0  0  0  0  4505  25  3011  44835  0  0  0  0  0  0  0  5  0  0  0  1481  421  2  0  0  0  0  0  0  75  0  0  0  0  0  0  0  0  0  0  0  0  0  0  0  0  0  0  0  0  0  0  0  0  0  0  0  0  0  0  0  0  0  0  0  2  0  0  0  0  0  0  0  0  0  0  0  0  0  115  0  1  1  0  0  0  0  0  0  0  0  1054  2810  10  0  111  0  11  0  0  
0  443  0  1322  0  1  3  24  99  5387  2  107  0  2  4  1  19  55  868  7  1234  339  49645  0  180  1412  27  35  2  36  0  0  3  1141  826  7420  32  656  0  7  4162  1  15849  10052  151  10  0  1738  4432  13595  35  19  1  25  155  833  771  1061  13585  7659  14553  0  0  0  305  1064  641  400  23  0  152  1641  21755  30  0  0  0  0  0  0  0  0  2  3  3  0  0  0  0  0  0  0  0  0  0  8  0  0  0  0  0  0  0  0  0  0  0  0  0  0  0  0  0  0  0  0  0  2  0  0  0  0  0  0  0  0  0  0  0  0  0  0  0  0  0  0  0  0  0  49  0  0  0  0  0  0  0  0  102936  12  0  45336  2116  64  0  0  0  28  0  0  
28  6  2  480  7  668  272  1153  2426  2045  1  75  0  1  7  38  26  722  54  0  7  0  99  4  2  393  570  1742  182  9  2  673  18  18  2  76  0  2  0  5  5888  0  2  82  5371  744  0  7204  1877  6  5  732  94  218  0  363  141  77  46  1  12  0  19  1  57  5935  3346  1911  591  273  266  0  344  90  0  0  0  0  0  111  2  0  1  8  0  0  0  0  0  1  0  0  0  0  4  1  8  0  0  0  0  2  0  0  7  32  0  0  0  0  0  0  0  0  7  0  0  0  30  1  0  1  0  0  0  0  0  0  0  0  0  0  0  0  0  0  1  0  0  3468  29  0  0  0  0  0  0  0  2809  304  37347  0  33373  41427  9  1652  8  49836  34  36  
16198  2  1  38  1830  9418  572  1573  76  54  0  23  0  23  209  204  39225  77069  12  0  2  1  260  6725  0  28  39  554  222  1  1059  196  363  67  95  30  0  3  44  0  856  0  4  14  3361  56  31354  73286  44767  0  1  9803  3635  1099  0  69  8  8  35  0  2  24  11117  6805  9  1954  557  3435  1281  6448  5  0  497  97  0  0  0  0  0  5  2  0  0  0  0  0  0  0  0  0  0  0  0  0  0  0  0  0  0  0  0  0  1  0  0  0  0  0  0  0  0  0  0  0  0  0  0  0  0  0  0  0  0  0  0  1  0  0  0  0  0  0  0  0  0  0  0  0  0  46  0  0  0  0  0  0  0  0  16627  868  905  30125  0  157234  0  98  0  12  3  1  
144  0  0  0  22  2365  19  25  9  2  0  0  0  0  15  10  11  400  0  0  0  0  1  21  0  0  9  14  5  0  52  2082  0  0  0  3  0  0  1  0  42  0  0  1  99  6  0  210  9  0  0  17  168  50  0  5  0  0  0  0  0  0  17  37  1  1764  29  20  22  5226  3  0  1  0  0  0  0  0  0  20  0  0  0  0  0  0  0  0  0  0  0  0  0  0  0  0  0  0  0  0  0  0  0  0  1  2  0  0  0  0  0  0  0  0  0  0  0  0  0  0  0  0  0  0  0  0  1  0  0  0  0  0  0  0  0  0  0  0  0  64  0  0  0  0  0  0  0  0  356  8  336  148736  604534  0  0  275  0  7  4  3  
0  0  0  0  0  0  0  0  0  0  0  0  0  0  0  0  0  0  0  0  0  0  0  0  0  0  0  0  0  0  0  0  0  0  0  0  0  0  0  0  0  0  0  0  0  0  0  0  0  0  0  0  0  0  0  0  0  0  0  0  0  0  0  0  0  0  0  0  0  0  0  0  0  0  6  7  0  2  0  15  7  9  166  44  0  22  0  1  6  4  7807  10221  1  0  11  0  61868  11  21  2  3  1  0  0  19  49  4  88  8361  343  2  585  1  1  1123  0  68151  13  12  0  10  22418  198  2601  0  31  8  1  3  325  10  12  36  22  74  0  90  0  123  197  39  13  0  0  63  0  9074  21  0  0  0  8  0  0  0  754  234741  18703  32214  13  
4  0  0  0  0  94  46  2  0  1  0  0  0  0  1  11  0  0  0  0  0  0  0  0  0  0  0  3  0  0  0  3  0  0  0  0  0  0  0  0  5  0  0  0  2  0  0  5  4  0  0  100  57  40  0  0  0  0  0  0  0  0  0  0  0  665  1  21  4  0  0  0  0  0  3329  0  11  2  1429  40474  1879  381  69  56  0  4  0  11  455  2605  0  9  0  0  0  0  1910  350  25  3  4  108  1470  0  30  9439  0  0  0  1  0  0  17  0  147  0  0  6  5593  66  28  2  169  0  0  935  620  1000  0  255  2  5  0  0  1  0  469  638  91  15214  279  1046  498  797  27  0  44  0  0  13  0  3161  480  243  1138  0  51  9311  159647  62019  
0  0  0  0  0  0  0  0  0  1  0  0  0  0  0  0  0  0  0  0  0  0  0  0  0  0  0  0  0  0  0  0  0  0  0  0  0  0  0  0  1  0  0  0  0  0  0  0  0  0  0  0  0  0  0  0  0  0  0  0  0  0  0  0  0  2  0  0  0  0  0  0  0  0  37  378  0  41  6  120  70  74  758  7558  0  244  0  4  61  28  112  62  42  3  1225  359  60864  0  251  11  4  4  5  3  8  28  4  213  5  1029  84  11587  0  10  12768  0  1228  4893  209  6  8  1499  1363  22199  26  294  61  15  20  1676  238  314  1454  5092  18496  0  32  0  808  2687  352  166  0  0  265  66  27385  31  0  0  0  18  0  0  96863  72  0  38935  2025  35  
1  0  0  0  1  4  11  17  1  266  0  0  0  0  0  1  0  1  0  0  0  1  7  0  0  0  0  4  1  1  0  6  0  0  0  0  0  0  0  0  23  0  0  0  16  1  0  14  1  0  0  27  1  6  0  2  0  0  0  0  0  0  0  0  0  129  7  23  5  0  1  0  0  0  8  5  0  109  0  31  14  20  119  426  0  36  0  0  9  6  46  124  5  0  89  23  1287  1  52  200  274  161  61  0  35  103  53  105  1  269  0  3  0  0  10482  0  2  69  1842  13  4  2410  259  0  0  64  8  7  10  516  46  50  23  2  57  0  82  0  204  10394  3041  63  10  0  54  0  1412  148  0  9  5  74122  23  0  16194  41582  39462  0  27807  21043  
0  0  0  0  0  0  0  0  0  0  0  0  0  0  0  0  0  0  0  0  0  0  0  0  0  0  0  0  0  0  0  0  0  0  0  0  0  0  0  0  0  0  0  0  0  0  0  0  0  0  0  2  0  1  0  0  0  0  0  0  0  0  0  0  0  3  0  0  0  0  0  0  0  0  7506  2  3  80  1723  9265  510  267  204  165  0  43  38  23  425  1030  25604  38070  5  0  2  0  28494  4542  104  106  64  227  1219  1  3356  6872  69  50  0  167  0  0  115  1  21761  0  0  65  8292  39  33508  30312  42445  0  3  5218  517  720  11  1572  24  138  11  0  31  2  34662  9834  568  1290  2149  4275  236  456  118  0  1618  307  0  0  0  4  1  0  17699  121473  1132  10063  0  182270  
0  0  0  0  0  1  0  0  0  3  0  0  0  0  0  0  0  0  0  0  0  0  0  0  0  0  0  0  0  0  0  4  0  0  0  0  0  0  0  0  0  0  0  0  0  0  0  0  0  0  0  0  0  1  0  0  0  0  0  0  0  0  0  0  0  1  0  0  0  1  0  0  0  0  0  0  10  33  0  17  42  355  42  94  0  5  0  0  2  36  1  0  1  0  0  0  9863  2  22  125  104  205  1042  0  231  3691  0  0  0  16  0  0  0  0  2898  0  0  9  6492  59  0  9  68  0  0  18  2  28  8  335  2  5  0  0  1  0  8223  0  84  535  1725  127  129  64  24  0  67  2  0  0  0  173  4  1  748  197365  170  22275  407550  0  
