0  0  0  0  55866  569  3  0  0  0  0  1  148  52  21183  90  0  116  0  0  0  0  0  72460  0  0  0  0  2  0  30268  5  0  0  0  0  0  0  366  1  14  0  0  0  7  0  8474  0  988  0  0  9956  23655  22  0  0  0  0  0  0  0  4615  1455  2809  0  22  1  24  0  20325  0  0  2  0  2  0  0  0  0  0  0  0  0  0  0  0  0  0  0  14  0  0  0  0  0  0  0  0  0  0  0  0  0  0  3  0  0  0  0  0  0  0  0  0  0  0  0  0  0  0  0  0  0  0  0  0  0  0  0  0  0  0  0  0  0  0  0  0  0  1  0  0  0  0  0  0  0  0  0  5  0  0  20418  1  0  0  0  0  0  0  
0  0  0  0  0  0  0  0  0  0  0  0  0  0  0  0  0  0  38658  4  29011  17396  0  0  0  0  0  0  0  0  0  0  0  0  0  0  7952  39  0  0  0  55877  0  35  0  0  0  0  0  5  44405  0  0  0  0  0  14639  123  17819  18703  4458  0  0  0  0  0  0  0  0  0  0  13925  83  0  0  0  0  0  0  0  0  0  0  0  0  0  0  0  0  0  0  0  0  0  0  0  0  0  0  0  0  0  0  0  0  0  0  0  0  0  0  0  0  0  0  0  0  0  0  0  0  0  0  0  0  0  0  0  0  0  0  0  0  0  0  0  0  0  0  0  0  0  0  0  0  0  0  0  0  0  0  0  0  0  0  0  0  0  0  0  
0  0  0  0  0  0  0  5417  5  0  0  0  0  0  0  38354  0  0  0  0  0  0  0  0  0  0  11641  12463  25902  10956  0  0  0  0  0  0  0  0  0  0  0  0  0  0  35808  42821  0  0  0  0  0  0  0  0  0  0  0  0  0  0  0  0  0  0  0  0  7565  0  402  0  0  0  0  0  0  0  225  0  0  0  0  21  16  0  0  0  0  0  0  96  0  0  0  0  0  0  0  0  0  0  0  0  0  43  0  0  0  0  0  0  0  0  0  0  0  0  0  0  0  146  0  0  0  0  0  0  0  0  0  0  0  0  0  0  0  0  0  0  0  0  0  0  0  0  0  0  0  0  0  0  0  2  0  0  0  0  0  0  0  0  
6  0  0  0  0  1  0  11  26  3  0  36549  0  2  0  0  56  1  5  0  0  0  0  1  37  60601  5  17432  19395  0  0  0  474  145  4  19  0  0  0  7  3950  0  0  6  11359  8  7  39  81597  0  0  52  1  4  31  136  0  19  0  0  0  1  0  17  31  13  2967  9464  0  0  46  0  563  30  0  0  0  0  0  0  0  0  0  0  0  0  0  0  0  0  0  0  0  0  0  0  0  0  0  0  0  0  0  0  0  0  0  0  0  0  0  0  0  0  0  0  0  0  0  0  0  0  0  0  0  0  0  0  0  0  0  0  0  0  0  0  0  0  0  0  0  0  0  0  0  0  0  0  5  2  6  40  219  111  0  0  0  0  0  0  
42673  0  0  0  0  7624  2  0  0  0  0  0  0  0  127  50786  0  20  0  0  0  0  0  67  0  0  0  0  0  0  10080  1  0  0  0  0  0  0  26  0  0  0  0  0  0  0  779  0  169  0  0  39  36017  14  0  0  0  0  0  0  0  0  85  49  0  12  0  0  0  14813  0  0  0  0  0  0  0  0  9  1  0  0  0  0  0  0  0  0  0  18  0  0  0  0  0  0  0  0  0  0  0  0  0  0  0  0  0  0  0  0  0  0  0  0  0  0  0  0  0  0  0  0  0  0  0  0  0  0  0  0  0  0  0  0  0  0  0  0  0  0  0  0  0  0  0  0  0  0  0  28  0  0  7922  0  0  0  0  0  0  0  
2476  0  0  0  37680  0  31023  0  0  0  0  0  0  0  6  57918  0  98  0  0  0  0  0  9  0  0  0  0  5  0  722  5828  0  0  0  0  0  0  19  0  0  0  0  0  5  0  244  0  2813  0  0  263  7587  8409  0  0  0  0  0  0  0  0  7675  21  0  50222  2  10  1  67214  0  0  0  0  9  0  0  0  15  643  8  0  0  0  0  0  0  0  0  136  0  0  0  0  0  0  0  0  0  0  0  0  0  0  84  25  0  0  0  0  0  0  0  0  0  0  0  0  0  0  0  0  0  0  0  0  8  0  0  0  0  0  0  0  0  0  0  0  0  2799  0  0  0  109  0  0  0  0  0  9466  0  17  29695  2033  0  2205  0  0  0  0  
7  0  0  0  46  29149  0  30629  2  0  0  0  0  0  2  52043  0  0  0  0  0  0  0  0  0  0  1  0  2  0  0  0  0  0  0  0  0  0  0  0  0  0  0  0  3  7  5  0  4  0  0  21  102  2409  0  7  0  0  0  0  0  0  0  0  0  30993  1  1  0  0  2  0  0  0  0  0  0  0  0  39  327  34  0  0  0  0  0  0  0  32  0  0  0  0  0  0  0  0  0  0  0  0  0  0  0  0  0  0  0  0  0  0  0  0  0  0  0  0  0  0  0  0  0  0  0  0  0  0  0  0  0  0  0  0  0  0  0  0  0  22  0  0  0  0  0  0  0  0  0  270143  0  0  391  2  0  5  0  0  0  0  
0  0  4484  0  0  2  30224  0  26477  5  0  1  0  0  0  29096  1  0  0  0  0  0  0  0  0  0  130  164  5292  46  0  0  0  0  0  0  0  0  0  0  0  0  0  0  15445  35197  0  0  67  0  0  82  0  17  0  418  0  0  0  0  0  0  0  0  7  33647  176  77  4814  0  348  0  1  0  0  0  1  0  0  1  554  2953  612  0  0  0  0  0  0  35  0  0  0  0  0  0  0  0  0  0  0  0  0  2  0  0  0  0  0  0  0  0  0  0  0  0  0  0  0  70  0  0  0  0  0  0  0  0  0  0  0  0  0  0  0  0  0  0  0  2425  0  0  0  0  2  0  0  0  0  92130  0  75  1376  55  0  4  0  0  0  0  
0  0  8  16  0  1  0  17800  0  11816  0  0  0  0  0  0  0  0  1  0  0  0  0  0  1  47  48  30  22  3653  0  0  0  0  0  1  0  0  0  0  131  0  0  71  361  16975  1  1  30  0  0  30  0  2  1  319  3  19  0  0  0  0  0  0  1064  39252  888  20  0  0  42005  0  34  0  0  0  0  0  0  0  0  35  2750  7  0  0  0  0  0  0  0  0  0  0  0  0  0  0  0  0  0  0  0  240  0  0  0  0  0  0  0  0  0  0  0  0  0  0  0  16  0  0  0  0  0  0  0  0  0  0  0  0  0  0  0  0  0  0  0  2184  0  0  0  0  323  0  0  0  1  334  6  321  439  291  1  3  0  0  1  1  
0  0  0  5  0  0  0  1  7440  0  1  0  0  0  0  0  2  6  0  0  0  104  5698  0  0  22  4  20  3  10517  0  0  0  0  0  0  0  0  0  0  80  0  0  24195  36  2  0  5  7  0  0  1  0  0  0  99  0  4  1  0  0  0  0  0  4568  46420  327  1  0  0  356  0  51  0  0  0  0  0  0  0  0  0  34  17  0  0  0  0  0  0  0  0  0  0  0  5  0  0  0  0  0  0  0  399  0  0  0  0  0  0  0  0  0  0  35  0  0  1  0  0  0  1  0  0  0  0  0  0  0  0  0  0  0  0  0  0  0  0  4  1084  0  0  0  0  2  0  1  0  41  83  10138  14079  220  564  0  1  2896  10  8  0  
0  0  0  0  0  0  0  0  0  1  0  0  0  0  0  0  0  0  0  64173  0  16353  0  0  0  0  622  0  0  466  0  0  0  0  0  0  0  0  0  0  0  11954  0  56361  0  0  0  0  0  0  0  0  0  0  0  35  0  3096  0  0  1  0  0  0  61608  0  0  0  0  0  0  0  0  0  0  0  0  0  0  0  0  0  0  0  4587  0  0  0  0  0  0  0  0  24  0  835  0  0  0  0  0  0  0  7  0  0  0  0  0  0  0  0  0  0  0  231  0  25  0  0  0  0  0  0  0  0  0  0  0  0  0  0  0  0  0  0  0  0  0  0  0  0  0  0  0  0  0  0  0  0  0  1  0  0  0  0  0  0  0  0  
1  0  0  35500  1  3  0  0  0  0  0  0  1059  17612  15  0  36  1493  0  0  0  0  0  82  0  5  0  0  2901  0  0  0  60  32  65  0  0  0  9  52510  13  0  0  0  22  0  319  55  49705  0  0  22920  1  3  0  0  0  0  0  0  0  0  0  2  0  0  7  54413  0  0  0  0  1  0  0  0  0  0  0  0  0  0  0  0  0  0  0  0  0  0  0  0  0  0  0  0  0  0  0  0  0  0  0  0  0  0  0  0  0  0  0  0  0  0  0  0  0  0  0  0  0  0  0  0  0  0  0  0  0  0  0  0  0  0  0  0  0  0  0  0  0  0  0  0  0  0  0  0  0  1  0  0  3321  0  0  0  0  0  0  0  
346  0  0  0  0  0  0  0  0  0  0  794  0  12869  6473  0  0  214  0  0  0  0  0  27783  0  0  0  0  0  0  0  0  0  0  0  0  0  0  22006  5  0  0  0  0  0  0  9782  0  7  0  0  8  0  0  0  0  0  0  0  0  0  17585  0  2854  0  0  0  0  0  0  0  0  0  0  0  0  0  0  0  0  0  0  0  0  0  0  0  0  0  0  0  0  0  0  0  0  0  0  0  0  0  0  0  0  0  0  0  0  0  0  0  0  0  0  0  0  0  0  0  0  0  0  0  0  0  0  0  0  0  0  0  0  0  0  0  0  0  0  0  0  0  0  0  0  0  0  0  0  0  0  0  0  4  0  0  0  0  0  0  0  
78  0  0  0  4  0  0  0  0  0  0  17198  12856  0  274  0  0  1  0  0  0  0  0  515  0  0  0  0  0  0  0  0  0  0  0  0  0  0  18728  26502  1  0  0  0  1  0  76  0  4474  0  0  23721  2  0  0  0  0  0  0  0  0  7538  0  2982  0  0  2  32  0  0  0  0  0  0  0  0  0  0  0  0  0  0  0  0  0  0  0  0  0  0  0  0  0  0  0  0  0  0  0  0  0  0  0  0  0  0  0  0  0  0  0  0  0  0  0  0  0  0  0  0  0  0  0  0  0  0  0  0  0  0  0  0  0  0  0  0  0  0  0  0  0  0  0  0  0  0  0  0  0  0  0  0  49  0  0  0  0  0  0  0  
21302  0  0  1  49  34  0  1  0  0  0  35  4117  484  0  23  0  0  0  0  0  0  0  5717  0  0  0  0  7049  0  0  0  0  0  0  0  0  0  0  0  0  0  0  0  58  0  1  0  6  0  0  91712  70229  67304  0  2  0  0  0  0  0  15617  0  3  1  6  8  31913  8594  0  1  0  0  0  0  0  0  0  0  0  0  0  0  0  0  0  0  0  0  0  0  0  0  0  0  0  0  0  0  0  0  0  0  0  0  0  0  0  0  0  0  0  0  0  0  0  0  0  0  0  0  0  0  0  0  0  0  0  0  0  0  0  0  0  0  0  0  0  0  0  0  0  0  0  0  0  0  0  0  114  0  6  1150  5  0  0  0  0  0  0  
40  0  52094  0  60147  56315  52803  29521  1  0  0  0  0  0  25  0  0  0  0  0  0  0  0  1  0  0  0  7  11517  0  55  0  0  0  0  0  0  0  0  0  0  0  0  0  2935  11646  0  0  1  0  0  7  28865  106703  0  6  0  0  0  0  0  0  0  1  0  2  20  0  22719  7495  3  0  0  0  0  0  24  0  13  73  161  1253  6  0  0  0  0  0  0  1134  0  0  0  0  0  0  0  0  0  0  0  0  0  0  0  0  0  0  0  0  0  0  0  0  0  0  0  0  0  92  0  0  0  0  0  0  0  0  0  0  0  0  0  0  0  0  0  0  0  0  0  0  0  0  0  0  0  0  0  30842  0  0  203  0  0  0  0  0  0  0  
0  0  0  143  0  0  0  2  4  0  0  52  0  0  0  0  0  47874  0  0  0  0  10715  211  1  154  2  16  2  0  0  0  59  22  17300  5  0  3  0  0  4330  0  60  1  86  7  85  47003  21977  4  0  0  0  0  0  17  0  0  0  0  4  0  0  0  2  0  190  0  0  0  6  0  338  8  0  0  0  0  0  0  0  0  0  0  0  0  0  0  0  0  0  0  0  0  0  0  0  0  0  0  0  0  0  0  0  0  0  0  0  0  0  0  0  0  0  0  0  0  0  0  0  0  0  0  0  0  0  0  0  0  0  0  0  0  0  0  0  0  0  0  0  0  0  0  0  0  0  0  13255  1  503  1419  86273  143  0  0  0  0  0  0  
477  0  0  2  95  19  0  0  0  0  0  2923  175  16  0  0  35691  0  0  0  0  0  4026  3591  0  0  0  0  0  0  0  0  0  29  1743  5  0  1  15  60  8  0  3  0  0  0  24733  2630  33785  0  0  14  80  0  0  0  0  0  1  0  2  0  0  0  0  1  0  0  0  0  0  1  145  6  0  0  0  0  0  0  0  0  0  0  0  0  0  0  0  0  0  0  0  0  0  0  0  0  0  0  0  0  0  0  0  0  0  0  0  0  0  0  0  0  0  0  0  0  0  0  0  0  0  0  0  0  0  0  0  0  0  0  0  0  0  0  0  0  0  0  0  0  0  0  0  0  0  0  6296  1  285  268  118181  288  0  0  0  0  0  0  
0  39324  0  0  0  0  0  0  1  1  1  0  0  0  0  0  0  0  0  6466  0  1875  0  0  21394  3  0  1  0  0  0  0  4  0  0  0  18  594  0  0  81  15271  0  1001  1  0  0  52  10  0  2675  0  0  0  0  160  105303  63703  27209  0  707  0  0  0  148  3  1  0  0  0  2  38  41291  5  0  0  0  0  0  0  0  0  0  0  0  0  0  0  0  0  0  0  0  0  0  0  0  0  0  0  0  0  0  0  0  0  0  0  0  0  0  0  0  0  0  0  0  0  0  0  0  0  0  0  0  0  0  0  0  0  0  0  0  0  0  0  0  0  0  0  0  0  0  0  0  0  0  0  1  0  0  6  50  6  0  0  0  0  0  0  
0  4  0  0  0  0  0  0  0  0  69970  0  0  0  0  0  0  0  5247  0  0  1495  0  0  407  0  13099  0  0  2  0  0  0  0  0  0  0  0  0  0  0  19987  0  26503  0  0  0  0  0  0  5  0  0  0  0  6431  399  43140  0  0  218  0  0  0  21855  0  0  0  0  0  2  0  0  0  0  0  0  0  0  0  0  0  0  0  427  0  0  0  0  0  0  0  0  8  0  2  0  0  0  0  0  0  0  0  0  0  0  0  0  0  0  0  0  0  0  0  0  0  0  0  0  0  0  0  0  0  0  0  0  0  0  0  0  0  0  0  0  0  0  0  0  0  0  0  0  0  0  0  0  0  0  0  0  0  0  0  0  0  0  0  
0  38898  0  0  0  0  0  0  0  0  0  0  0  0  0  0  0  0  12  0  0  144  97  0  0  0  0  0  0  0  0  0  0  0  4  0  15081  3255  0  0  0  0  25  0  0  0  0  0  0  30532  7537  0  0  0  0  0  0  0  1443  72653  62239  0  0  0  0  0  0  0  0  0  0  7684  156  0  0  0  0  0  0  0  0  0  0  0  0  0  0  0  0  0  0  0  0  0  0  0  0  0  0  0  0  0  0  0  0  0  0  0  0  0  0  0  0  0  0  0  0  0  0  0  0  0  0  0  0  0  0  0  0  0  0  0  0  0  0  0  0  0  0  0  0  0  0  0  0  0  0  0  2  0  220  43  0  0  0  0  0  0  0  0  
0  25002  0  0  0  0  0  0  1  88  16766  0  0  0  0  0  0  0  407  535  1710  0  11723  0  1  0  0  0  0  542  0  0  0  0  0  0  0  0  0  0  27  51106  0  133256  0  0  0  12  1  0  46859  0  0  0  0  3  8449  3806  232  0  159603  0  0  0  524  2  1  0  0  0  0  0  72  0  0  0  0  0  0  0  0  0  0  0  275  0  0  0  0  0  0  0  0  0  1  3975  0  0  0  0  0  0  0  6  0  0  0  0  0  0  0  0  0  0  0  405  0  24  0  0  0  0  0  0  0  0  0  0  0  0  0  0  0  0  0  0  0  0  0  0  0  0  0  0  0  0  0  0  1  0  1212  59  17  3  0  0  0  0  0  0  
0  0  0  0  0  0  0  0  8  7654  0  1  0  0  0  0  12072  11887  0  0  17  8455  0  16  0  1  0  1  0  0  0  0  0  0  2195  0  562  1412  0  0  63  0  33719  8313  3  1  7  919  3  28617  0  0  0  0  0  5  0  0  48  1  55584  0  0  0  24  598  13  0  0  0  1  85  1640  2  0  0  0  0  0  0  0  0  0  0  0  0  0  0  0  0  0  0  0  0  0  0  0  0  0  0  0  0  0  0  0  0  0  0  0  0  0  0  0  0  0  0  0  0  0  0  0  1  0  0  0  0  0  0  0  0  0  0  0  0  0  0  0  0  0  0  0  0  0  0  0  0  0  0  40621  0  115233  4293  1952  122  0  0  1  8  0  0  
73020  0  0  1  83  14  0  0  0  0  0  109  42603  3728  6927  0  184  4733  0  0  0  0  53  0  0  0  0  0  22  0  12261  27  0  0  14  2  0  0  16138  1  46  0  9  0  17  0  53599  5  217  0  0  95  1  1  0  0  0  0  0  0  0  15990  84640  110433  0  0  3  85  0  10959  0  0  11  0  1  0  0  0  0  0  0  0  0  0  0  0  0  0  0  1  0  0  0  0  0  0  0  0  0  0  0  0  0  0  9  0  0  0  0  0  0  0  0  0  0  0  0  0  0  0  0  0  0  0  0  0  0  0  0  0  0  0  0  0  0  0  0  0  0  0  0  0  0  0  0  0  0  0  491  0  7  0  24667  22  0  0  0  1  0  0  
2  0  0  53  0  0  0  1  1  0  0  11  0  0  0  0  2  1  20194  1240  0  0  0  2  0  37520  315  0  5  0  0  0  0  8083  0  8503  0  230  0  0  1971  0  0  89  57  0  2  56  2448  0  0  14  0  1  40173  95623  5  10796  0  0  0  0  0  10  41  0  16  42  0  0  4  0  135097  14  0  0  0  0  0  0  0  0  0  0  0  0  0  0  0  0  0  0  0  0  0  0  0  0  0  0  0  0  0  0  0  0  0  0  0  0  0  0  0  0  0  0  0  0  0  0  0  0  0  0  0  0  0  0  0  0  0  0  0  0  0  0  0  0  0  0  0  0  0  0  0  0  0  0  3  0  8  43  278  8  0  1  0  0  0  0  
6  0  0  58543  0  0  0  2  125  26  0  32  0  1  0  0  223  1  12  0  0  1  0  1  25130  0  6  6246  11  3  0  0  3631  6103  0  62298  0  49  1  0  62008  0  0  19  152  1  0  179  19259  0  0  21  0  0  28550  20752  5  48  0  0  1  0  0  7  200  22  77919  60  0  0  221  0  2982  814  0  0  0  0  0  0  0  0  0  0  0  0  0  0  0  0  0  0  0  0  0  0  0  0  0  0  0  0  0  0  0  0  0  0  0  0  0  0  0  0  0  0  0  0  0  0  0  0  0  0  0  0  0  0  0  0  0  0  0  0  0  0  0  0  0  0  0  0  0  0  0  0  0  0  7  2  7  73  252  269  0  0  0  0  0  0  
0  0  11523  1  0  0  0  21  448  83  935  1  0  0  0  7  0  0  1  14157  0  0  0  0  282  1  0  56  131  121684  0  0  0  0  0  0  0  0  0  0  29  0  0  14  267  10316  0  0  131  0  0  31  0  61  0  101598  0  22  0  0  0  0  0  0  22552  183  43784  37  177  0  16550  0  5  0  0  0  0  0  0  0  0  0  0  0  4  0  0  0  0  0  0  0  0  0  0  0  0  0  0  0  0  0  0  52  0  0  0  0  0  0  0  0  0  0  0  0  0  0  0  0  0  0  0  0  0  0  0  0  0  0  0  0  0  0  0  0  0  0  0  0  0  0  0  0  2  0  0  0  0  747  0  1075  1408  893  0  0  0  0  0  0  
0  0  13463  18261  0  0  0  18  28  16  0  0  0  0  0  9  2  0  0  0  0  0  0  1  0  6114  38  0  1683  0  0  0  0  0  0  0  0  0  0  0  3  0  0  1  133878  5941  0  0  191  0  0  4  0  1  0  29  0  0  0  0  0  0  0  2  10  22  102013  51  1  0  17  0  5  0  0  0  0  0  0  0  0  0  0  0  0  0  0  0  0  0  0  0  0  0  0  0  0  0  0  0  0  0  0  0  0  0  0  0  0  0  0  0  0  0  0  0  0  0  0  0  0  0  0  0  0  0  0  0  0  0  0  0  0  0  0  0  0  0  0  0  0  0  0  0  0  0  0  0  0  27  0  238  420  173  0  0  0  0  0  0  
2  0  26082  19997  0  0  0  8382  25  7  0  2638  0  1  6273  7508  2  0  0  0  0  0  0  2  0  0  16  5393  0  14  0  0  0  0  0  0  0  0  0  0  2  0  0  0  124684  3267  0  0  370  0  0  1374  2  6  0  22  0  0  0  0  0  0  0  5  2  8  63  75407  57447  0  24  0  0  0  0  0  0  0  0  0  0  0  0  0  0  0  0  0  0  0  0  0  0  0  0  0  0  0  0  0  0  0  0  0  0  0  0  0  0  0  0  0  0  0  0  0  0  0  0  0  0  0  0  0  0  0  0  0  0  0  0  0  0  0  0  0  0  0  0  0  0  0  0  0  0  0  0  0  0  46  0  69  789  65  0  0  0  0  0  0  
0  0  12443  0  0  0  0  2  3779  14805  892  0  0  0  0  2  1  0  0  1  0  857  0  0  0  0  131425  3  8  0  0  0  0  0  0  0  0  0  0  0  4  0  0  3033  6  33099  0  1  1  0  0  1  0  0  0  5808  0  2  0  0  0  0  0  0  67172  128  200  0  1  0  76715  0  7  0  0  0  1  0  0  0  0  0  90  7  126  0  0  0  0  0  0  0  0  0  0  116  0  0  0  0  12  0  0  7436  0  0  0  0  0  0  0  0  0  0  0  0  0  5  0  5  0  0  0  0  0  0  0  0  0  0  0  0  0  0  0  0  0  0  38  2  0  0  0  0  718  0  0  0  0  29  1  18  18  8  0  0  0  0  0  0  
22632  0  0  0  8345  283  0  0  0  0  0  0  0  0  0  71  0  0  0  0  0  0  0  13929  0  0  0  0  0  0  0  3042  0  0  0  0  0  0  0  0  0  0  0  0  0  0  1  0  0  0  0  0  0  0  0  0  0  0  0  0  0  0  50008  0  0  2  0  0  0  56061  0  0  0  0  12  0  0  0  7  111  0  0  0  0  0  0  0  0  0  120  0  0  0  0  0  0  0  0  0  0  0  0  0  0  1277  7  0  0  0  0  0  0  0  0  0  0  0  0  0  0  0  0  0  0  0  0  0  0  0  0  0  0  0  0  0  0  3  0  0  0  0  0  0  126  0  0  0  0  1  0  1  1  83  33  0  0  0  0  2  0  
0  0  0  0  0  5719  0  0  0  0  0  0  0  0  0  0  0  0  0  0  0  0  0  5  0  0  0  0  0  0  2940  0  0  0  0  0  0  0  0  0  0  0  0  0  0  0  2  0  0  0  0  0  0  0  0  0  0  0  0  0  0  0  2190  10  0  6558  0  0  0  10539  0  0  0  0  0  0  0  0  0  38  0  0  0  0  0  0  0  0  0  0  0  0  0  0  0  0  0  0  0  0  0  0  0  0  3  37  0  0  0  0  0  0  0  0  0  0  0  0  0  0  0  0  0  0  0  0  0  0  0  0  0  0  0  0  0  0  0  0  0  62  0  0  0  1  0  0  0  0  0  0  0  393  999  7514  0  5  0  1  0  1  
0  0  0  1443  0  0  0  0  0  0  0  63  0  0  0  0  31  20  2  0  0  0  0  0  3  4022  0  0  0  0  0  0  0  23894  3827  3  0  0  0  0  8029  0  0  1  0  0  0  40370  8  0  0  0  0  0  0  14  0  3  1  0  0  0  0  0  22  2  5  0  0  0  1  0  2616  36757  0  0  0  0  0  0  0  0  0  0  0  0  0  0  0  0  0  0  0  0  0  0  0  0  0  0  0  0  0  0  0  0  0  0  0  0  0  0  0  0  0  0  0  0  0  0  0  0  0  0  0  0  0  0  0  0  0  0  0  0  0  0  0  0  0  0  0  0  0  0  0  0  0  0  41  0  8  23  462  94  0  0  0  0  0  0  
0  0  0  107  0  0  0  0  0  0  0  24  0  0  0  0  8  47  0  0  0  0  0  1  6558  6636  0  0  0  0  0  0  20964  0  47924  34120  1  917  0  0  214  0  19575  0  0  0  0  39813  24  28  0  0  0  0  1  0  0  0  0  0  0  0  0  0  0  0  0  0  0  0  0  4  97922  10922  0  0  0  0  0  0  0  0  0  0  0  0  0  0  0  0  0  0  0  0  0  0  0  0  0  0  0  0  0  0  0  0  0  0  0  0  0  0  0  0  0  0  0  0  0  0  0  0  0  0  0  0  0  0  0  0  0  0  0  0  0  0  0  0  0  0  0  0  0  0  0  0  0  0  64  0  59  5  493  1  0  0  0  0  0  0  
0  1  0  1  0  0  0  0  0  0  0  23  0  0  0  0  16676  5074  0  0  0  0  2077  6  0  0  0  0  0  0  0  0  3500  44723  0  1  0  351  0  0  0  0  37528  0  0  0  1  42982  1  3240  0  0  0  0  0  0  0  0  1  2  16  0  0  0  0  0  0  0  0  0  0  178  16709  5  0  0  0  0  0  0  0  0  0  0  0  0  0  0  0  0  0  0  0  0  0  0  0  0  0  0  0  0  0  0  0  0  0  0  0  0  0  0  0  0  0  0  0  0  0  0  0  0  0  0  0  0  0  0  0  0  0  0  0  0  0  0  0  0  0  0  0  0  0  0  0  0  0  0  31016  0  1331  0  20  0  0  0  0  0  0  0  
1  0  0  37  0  0  0  2  3  1  0  11  0  0  0  0  8  26  0  0  0  0  0  1  1526  66368  0  3  2  0  0  0  6  36543  0  0  0  9  0  2  33919  0  1  0  36  0  0  2374  708  0  0  8  0  0  9330  4666  0  1  1  0  1  0  0  8  3  0  626  30  1  0  7  0  20138  13308  0  0  0  0  0  0  0  0  0  0  0  0  0  0  0  0  0  0  0  0  0  0  0  0  0  0  0  0  0  0  0  0  0  0  0  0  0  0  0  0  0  0  0  0  0  0  0  0  0  0  0  0  0  0  0  0  0  0  0  0  0  0  0  0  0  0  0  0  0  0  0  0  0  0  121  0  241  71  3054  27  0  0  0  0  0  0  
0  6276  0  0  0  0  0  0  0  0  0  0  0  0  0  0  0  0  35  0  15320  0  156  0  0  0  0  0  0  0  0  0  0  0  0  0  0  23427  0  0  0  0  21822  0  0  0  0  0  0  39786  0  0  0  0  0  0  0  0  10544  42457  273  0  0  0  0  0  0  0  0  0  0  122085  43  0  0  0  0  0  0  0  0  0  0  0  0  0  0  0  0  0  0  0  0  0  0  0  0  0  0  0  0  0  0  0  0  0  0  0  0  0  0  0  0  0  0  0  0  0  0  0  0  0  0  0  0  0  0  0  0  0  0  0  0  0  0  0  0  0  0  0  0  0  0  0  0  0  0  0  2  0  447  0  0  0  0  0  0  0  0  0  
0  25  0  0  0  0  0  0  0  0  0  0  0  0  0  0  1  0  656  0  514  0  204  0  43  29  0  0  0  0  0  0  0  940  75  2  22945  0  0  0  1  0  9695  0  0  0  0  94  0  5802  2  0  0  0  0  0  0  0  3690  1368  4924  0  0  0  0  0  0  0  0  0  0  105829  106440  1  0  0  0  0  0  0  0  0  0  0  0  0  0  0  0  0  0  0  0  0  0  0  0  0  0  0  0  0  0  0  0  0  0  0  0  0  0  0  0  0  0  0  0  0  0  0  0  0  0  0  0  0  0  0  0  0  0  0  0  0  0  0  0  0  0  0  0  0  0  0  0  0  0  0  25  0  4184  0  0  0  0  0  0  0  0  0  
7305  0  0  0  170  6  0  0  0  0  0  24  14352  19588  0  0  0  84  0  0  0  0  0  6124  0  0  0  0  0  0  0  0  0  0  0  0  0  0  0  849  0  0  0  0  2  0  7981  0  14480  0  0  1033  10  0  0  0  0  0  0  0  0  290  22  12396  0  0  0  1  0  7  0  0  1  0  0  0  0  0  0  0  0  0  0  0  0  0  0  0  0  0  0  0  0  0  0  0  0  0  0  0  0  0  0  0  0  0  0  0  0  0  0  0  0  0  0  0  0  0  0  0  0  0  0  0  0  0  0  0  0  0  0  0  0  0  0  0  0  0  0  0  0  0  0  0  0  0  0  0  0  0  0  0  241  0  0  0  0  0  0  0  
1  0  0  9  1  0  0  0  0  0  0  58945  17  24268  0  0  0  41  0  0  0  0  0  1  0  0  0  0  5  0  0  0  0  0  0  1  0  0  1110  0  10  0  0  0  5  0  48  0  26304  0  0  745  5  0  0  0  0  0  0  0  0  0  0  2  0  0  4  2651  0  0  0  0  2  0  0  0  0  0  0  0  0  0  0  0  0  0  0  0  0  0  0  0  0  0  0  0  0  0  0  0  0  0  0  0  0  0  0  0  0  0  0  0  0  0  0  0  0  0  0  0  0  0  0  0  0  0  0  0  0  0  0  0  0  0  0  0  0  0  0  0  0  0  0  0  0  0  0  0  0  0  0  0  76  0  0  0  0  0  0  0  
62  0  0  2195  1  4  0  15  262  99  0  179  1  6  2  0  4320  155  42  0  0  17  21  60  640  60958  28  187  106  5  0  0  7365  177  0  30954  0  0  5  15  0  0  0  150  609  30  24  25599  34756  0  2  334  9  31  2715  2095  18  210  7  0  37  7  0  278  1020  64  1314  733  0  0  637  1  27712  13687  0  0  0  0  0  0  0  0  0  0  0  0  0  0  0  0  0  0  0  0  0  0  0  0  0  0  0  0  0  0  0  0  0  0  0  0  0  0  0  0  0  0  0  0  0  0  0  0  0  0  0  0  0  0  0  0  0  0  0  0  0  0  0  0  0  0  0  0  0  0  0  0  0  0  945  1  2288  2609  38875  5147  0  0  0  0  0  0  
0  48498  0  0  0  0  0  0  0  0  14453  0  0  0  0  0  0  0  12499  16640  0  50959  0  0  1  0  0  0  0  0  0  0  0  0  0  0  0  0  0  0  0  0  0  28619  0  0  0  0  0  0  647  0  0  0  0  0  57633  110  782  0  2272  0  0  0  1  0  0  0  0  0  0  0  81  0  0  0  0  0  0  0  0  0  0  0  0  0  0  0  0  0  0  0  0  0  0  0  0  0  0  0  0  0  0  0  0  0  0  0  0  0  0  0  0  0  0  0  0  0  0  0  0  0  0  0  0  0  0  0  0  0  0  0  0  0  0  0  0  0  0  0  0  0  0  0  0  0  0  0  0  1  0  0  0  0  0  0  0  0  0  0  
0  0  0  0  0  0  0  0  0  0  0  0  0  0  0  0  8  1  0  0  31  0  33146  5  0  0  0  0  0  0  0  0  0  22664  36616  0  27889  9536  0  0  0  0  0  0  0  0  0  996  0  48366  0  0  0  0  0  0  0  0  1  14  28  0  0  0  0  0  0  0  0  0  0  9736  16680  0  0  0  0  0  0  0  0  0  0  0  0  0  0  0  0  0  0  0  0  0  0  0  0  0  0  0  0  0  0  0  0  0  0  0  0  0  0  0  0  0  0  0  0  0  0  0  0  0  0  0  0  0  0  0  0  0  0  0  0  0  0  0  0  0  0  0  0  0  0  0  0  0  0  0  53811  0  9745  0  1  0  0  0  0  0  0  0  
0  25  0  9  0  0  0  1  736  19813  68358  1  0  0  0  0  1  3  2792  18248  0  140532  12634  0  301  58  2  16  3  2409  0  0  18  0  0  1  0  0  0  0  683  33354  0  0  35  1  0  382  65  0  203  2  0  0  0  731  22597  32924  231  0  4478  0  0  0  58792  729  242  2  0  0  311  0  3209  27  0  0  0  0  0  0  0  0  0  0  22  0  0  0  0  0  0  0  0  0  0  14  0  0  0  0  0  0  0  4  0  0  0  0  0  0  0  0  0  0  0  1  0  0  0  0  0  0  0  0  0  0  0  0  0  0  0  0  0  0  0  0  0  0  0  0  0  0  0  0  0  0  0  0  31  43  4469  297  414  154  0  0  0  2  0  0  
6  0  32099  14038  1  1  0  8057  133  32  0  34  0  1  9  2649  46  0  1  0  0  0  0  2  0  456  24  173994  124164  12  0  0  0  0  0  2  0  0  0  2  42  0  0  2  0  22063  3  2  6000  0  0  1529  1  331  2  89  0  4  0  0  0  0  1  14  33  56  27421  28169  9362  0  88  0  15  0  0  0  0  0  0  0  0  0  0  0  0  0  0  0  0  0  0  0  0  0  0  0  0  0  0  0  0  0  0  0  0  0  0  0  0  0  0  0  0  0  0  0  0  0  0  0  0  0  0  0  0  0  0  0  0  0  0  0  0  0  0  0  0  0  0  0  0  0  0  0  0  0  0  0  0  264  0  3362  9122  1256  0  0  0  0  0  0  
1  0  37022  2  0  0  6  30667  18308  20  0  3  0  0  0  930  0  0  0  0  0  0  0  1  0  2  19046  2367  1249  39288  0  0  0  0  0  0  0  0  0  0  5  0  0  2  31277  0  0  0  415  0  0  44  0  8  0  9792  0  1  0  0  0  0  0  1  27  164  15477  84  260  0  9929  0  4  0  0  0  1  0  0  0  0  4  83  0  0  0  0  0  0  0  0  0  0  0  0  0  0  0  0  0  0  0  0  86  0  0  0  0  0  0  0  0  0  0  0  0  0  0  0  80  0  0  0  0  0  0  0  0  0  0  0  0  0  0  0  0  0  0  0  20  0  0  0  0  30  0  0  0  0  4892  0  1372  3000  511  0  0  0  0  0  0  
15508  0  0  0  1483  23  0  0  0  0  0  232  12768  113  0  4  125  27866  0  0  0  0  30  48328  0  0  0  0  1  0  0  1  0  1  1  0  0  0  19497  75  0  0  0  0  0  0  0  2  7253  0  0  535  171  1  0  0  0  0  0  0  0  95  1485  25836  0  0  1  1  0  6  0  0  1  0  0  0  0  0  0  0  0  0  0  0  0  0  0  0  0  0  0  0  0  0  0  0  0  0  0  0  0  0  0  0  0  0  0  0  0  0  0  0  0  0  0  0  0  0  0  0  0  0  0  0  0  0  0  0  0  0  0  0  0  0  0  0  0  0  0  0  0  0  0  0  0  0  0  0  12  0  2  0  56549  3  0  0  0  0  0  0  
0  0  0  75  0  0  0  0  21  14  0  38  0  0  0  0  47298  9838  23  0  0  7  1673  5  36  272  1  20  1  0  0  0  30733  46930  50832  774  0  150  0  1  21717  0  4387  37  36  6  2  0  866  187  3  1  0  0  0  214  3  72  9  0  27  0  0  0  234  6  80  0  0  0  34  34  72242  21731  0  0  0  0  0  0  0  0  0  0  0  0  0  0  0  0  0  0  0  0  0  0  0  0  0  0  0  0  0  0  0  0  0  0  0  0  0  0  0  0  0  0  0  0  0  0  0  0  0  0  0  0  0  0  0  0  0  0  0  0  0  0  0  0  0  0  0  0  0  0  0  0  0  0  8067  0  5466  565  122737  3397  0  0  0  0  0  0  
8627  0  0  74285  1037  410  0  240  38  7  0  42423  8  4765  1  38  20798  34453  2  0  0  0  0  1190  65  10038  3  302  2742  0  0  0  3  3  1  52  0  0  16997  23333  33923  0  0  4  8426  112  7002  408  0  0  0  8489  1069  148  55  178  2  12  0  0  0  158  1  3392  37  36  4974  20164  2  6  62  0  1097  0  0  0  0  0  0  0  0  0  0  0  0  0  0  0  0  0  0  0  0  0  0  0  0  0  0  0  0  0  0  0  0  0  0  0  0  0  0  0  0  0  0  0  0  0  0  0  0  0  0  0  0  0  0  0  0  0  0  0  0  0  0  0  0  0  0  0  0  0  0  0  0  0  0  0  3  56  19  357  127804  255  0  0  0  0  0  0  
0  9  0  0  0  0  0  0  0  0  0  0  0  0  0  0  1  1  0  0  24539  0  24525  0  0  0  0  0  0  0  0  0  0  22  3413  0  38122  22756  0  0  0  0  32478  0  0  0  0  470  0  0  0  0  0  0  0  0  0  0  36  5362  13127  0  0  0  0  0  0  0  0  0  0  41496  11659  0  0  0  0  0  0  0  0  0  0  0  0  0  0  0  0  0  0  0  0  0  0  0  0  0  0  0  0  0  0  0  0  0  0  0  0  0  0  0  0  0  0  0  0  0  0  0  0  0  0  0  0  0  0  0  0  0  0  0  0  0  0  0  0  0  0  0  0  0  0  0  0  0  0  0  82  0  132423  0  0  0  0  0  0  0  0  0  
0  59878  0  0  0  0  0  0  0  0  0  0  0  0  0  0  0  0  3399  3  5780  47957  0  0  1  0  0  0  0  0  0  0  0  0  0  0  0  7  0  0  0  998  0  41  0  0  0  0  0  0  0  0  0  0  0  0  1546  125  22167  14  33335  0  0  0  1  0  0  0  0  0  0  36  43  0  0  0  0  0  0  0  0  0  0  0  0  0  0  0  0  0  0  0  0  0  0  0  0  0  0  0  0  0  0  0  0  0  0  0  0  0  0  0  0  0  0  0  0  0  0  0  0  0  0  0  0  0  0  0  0  0  0  0  0  0  0  0  0  0  0  0  0  0  0  0  0  0  0  0  0  0  0  0  0  0  0  0  0  0  0  0  
9142  0  0  26  377  351  14  139  33  8  0  23496  19  28575  95146  147  1  20  0  0  0  0  0  123  0  5  11  9  10642  0  0  0  0  0  0  0  0  0  1184  1180  40  0  0  0  3978  44  698  3  4959  0  0  0  23190  9872  0  34  0  0  0  0  0  11899  0  5279  4  93  198  36125  155  3  27  0  11  0  0  0  0  0  0  0  0  0  0  0  0  0  0  0  0  0  0  0  0  0  0  0  0  0  0  0  0  0  0  0  0  0  0  0  0  0  0  0  0  0  0  0  0  0  0  0  0  0  0  0  0  0  0  0  0  0  0  0  0  0  0  0  0  0  0  0  0  0  0  0  0  0  0  0  0  1352  0  95  28248  80  0  1  0  0  0  0  
20878  0  0  0  45224  5635  58  0  0  0  0  10  0  5  66827  41451  0  260  0  0  0  0  0  4  0  0  0  0  11  0  0  0  0  0  0  0  0  0  5  1  3  0  0  0  10  0  502  0  4080  0  0  30792  0  34659  0  0  0  0  0  0  0  1  0  14  0  475  2  34  0  4  0  0  0  0  0  0  0  0  0  0  0  0  0  0  0  0  0  0  0  0  0  0  0  0  0  0  0  0  0  0  0  0  0  0  0  0  0  0  0  0  0  0  0  0  0  0  0  0  0  0  0  0  0  0  0  0  0  0  0  0  0  0  0  0  0  0  0  0  0  0  0  0  0  0  0  0  0  0  0  358  0  2  15711  2  0  10  0  0  0  0  
8  0  0  1  23  9432  2671  17  16  6  0  0  0  0  72044  115393  0  0  0  0  0  0  0  0  0  0  4  0  220  0  0  0  0  0  0  0  0  0  0  0  0  0  0  1  282  2  2  0  11  0  0  6938  33578  0  0  22  0  0  0  0  0  0  0  0  4  120  36  952  22058  6  12  0  1  0  0  0  0  0  0  0  0  0  0  0  0  0  0  0  0  0  0  0  0  0  0  0  0  0  0  0  0  0  0  0  0  0  0  0  0  0  0  0  0  0  0  0  0  0  0  0  0  0  0  0  0  0  0  0  0  0  0  0  0  0  0  0  0  0  0  0  0  0  0  0  0  0  0  0  0  27387  0  43  20288  54  0  1  0  0  0  0  
1  0  0  12  0  0  0  3  1  0  0  5  0  0  0  0  0  0  0  0  0  0  0  2  35694  32140  0  0  5  0  0  0  0  43  0  13020  0  0  0  1  5504  0  0  0  98  0  0  20  1539  0  0  7  0  2  0  467  0  0  0  0  0  0  0  3  2  0  2  20  0  0  0  0  36793  1  0  0  0  0  0  0  0  0  0  0  0  0  0  0  0  0  0  0  0  0  0  0  0  0  0  0  0  0  0  0  0  0  0  0  0  0  0  0  0  0  0  0  0  0  0  0  0  0  0  0  0  0  0  0  0  0  0  0  0  0  0  0  0  0  0  0  0  0  0  0  0  0  0  0  2  0  13  73  171  3  0  0  0  0  0  0  
4  0  1  218  1  0  0  25  1975  526  18  23  0  0  1  12  4  6  187  7032  0  10  0  5  87136  22270  124083  143  140  3936  0  0  24  0  0  2552  0  0  0  6  3703  0  0  569  368  1171  1  376  1817  0  0  62  0  66  244  0  43  28516  5  0  0  0  0  15  44864  884  58644  147  220  0  39632  0  10306  69  0  0  0  0  0  0  0  0  0  0  0  0  0  0  0  0  0  0  0  0  0  0  0  0  0  0  0  0  0  0  0  0  0  0  0  0  0  0  0  0  0  0  0  0  0  0  0  0  0  0  0  0  0  0  0  0  0  0  0  0  0  0  0  0  0  0  0  0  0  0  0  0  0  0  28  1009  10  1777  2598  2749  0  0  0  0  0  0  
0  19248  0  0  0  0  0  0  2  0  1  0  0  0  0  0  0  0  100219  629  0  5723  0  0  42  2  0  0  0  0  0  0  1  0  0  0  0  0  0  0  51  61346  0  6012  0  0  0  49  4  0  2217  0  0  0  0  8  0  11959  3001  0  2879  0  0  0  239  2  1  0  0  0  2  1  18125  2  0  0  0  0  0  0  0  0  0  0  0  0  0  0  0  0  0  0  0  0  0  0  0  0  0  0  0  0  0  0  0  0  0  0  0  0  0  0  0  0  0  0  0  0  0  0  0  0  0  0  0  0  0  0  0  0  0  0  0  0  0  0  0  0  0  0  0  0  0  0  0  0  0  0  2  1  3  2  37  4  0  0  0  0  0  0  
0  77  0  10  0  0  0  0  28  13  1749  0  0  0  0  0  1  5  77535  51252  0  10016  0  0  12472  46  9  5  0  0  0  0  11  0  0  4  0  0  0  0  1022  138  0  30726  15  1  0  498  203  0  65  3  0  0  1  33009  9317  0  348  0  408  0  0  1  21528  12  41  3  0  0  37  0  7121  96  0  0  0  0  0  0  0  0  0  0  0  0  0  0  0  0  0  0  0  0  0  0  0  0  0  0  0  0  0  0  0  0  0  0  0  0  0  0  0  0  0  0  0  0  0  0  0  0  0  0  0  0  0  0  0  0  0  0  0  0  0  0  0  0  0  0  0  0  0  0  0  0  0  0  13  0  9  70  450  50  0  0  0  0  0  0  
0  19938  0  0  0  0  0  0  1  2  0  0  0  0  0  0  0  1  20113  0  937  1925  17  0  32  2  0  0  0  0  0  0  3  0  0  0  9461  2651  0  0  79  647  0  875  1  0  0  51  4  5  9566  0  0  0  0  4  1808  808  0  1356  16123  0  0  0  89  2  3  0  0  0  3  28914  26068  5  0  0  0  0  0  0  0  0  0  0  0  0  0  0  0  0  0  0  0  0  0  0  0  0  0  0  0  0  0  0  0  0  0  0  0  0  0  0  0  0  0  0  0  0  0  0  0  0  0  0  0  0  0  0  0  0  0  0  0  0  0  0  0  0  0  0  0  0  0  0  0  0  0  0  3  0  45  5  30  3  0  0  0  0  0  0  
0  17833  0  0  0  0  0  0  0  0  0  0  0  0  0  0  0  0  0  0  90382  0  12  0  0  0  0  0  0  0  0  0  0  0  3  0  46239  6903  0  0  0  0  17  0  0  0  0  2  0  15188  12  0  0  0  0  0  0  0  903  0  14162  0  0  0  0  0  0  0  0  0  0  34956  154  0  0  0  0  0  0  0  0  0  0  0  0  0  0  0  0  0  0  0  0  0  0  0  0  0  0  0  0  0  0  0  0  0  0  0  0  0  0  0  0  0  0  0  0  0  0  0  0  0  0  0  0  0  0  0  0  0  0  0  0  0  0  0  0  0  0  0  0  0  0  0  0  0  0  0  0  0  595  0  0  0  0  0  0  0  0  0  
0  12135  0  4  0  0  0  0  1  2  0  0  0  0  0  0  0  2  459  44  50533  160562  43870  0  3  12  0  3  0  0  0  0  0  0  0  0  145  8429  0  0  209  4079  11  4931  0  1  0  54  18  14159  47824  0  0  0  0  4  4746  569  13684  9242  0  0  0  0  11  2  3  0  0  0  2  10655  8571  1  0  0  0  0  0  0  0  0  0  0  0  0  0  0  0  0  0  0  0  0  0  1  0  0  0  0  0  0  0  0  0  0  0  0  0  0  0  0  0  0  0  0  0  0  0  0  0  0  0  0  0  0  0  0  0  0  0  0  0  0  0  0  0  0  0  0  0  0  0  0  0  0  0  0  6  0  11481  210  60  10  0  0  0  0  0  0  
5530  0  0  0  0  0  0  0  0  0  0  1  17808  8314  19780  0  0  0  0  0  0  0  0  15564  0  0  0  0  0  0  0  0  0  0  0  0  0  0  411  0  1  0  0  0  1  0  123  0  9  0  0  11436  0  0  0  0  0  0  0  0  0  0  0  8006  0  0  0  0  0  0  0  0  0  0  0  0  0  0  0  0  0  0  0  0  0  0  0  0  0  0  0  0  0  0  0  0  0  0  0  0  0  0  0  0  0  0  0  0  0  0  0  0  0  0  0  0  0  0  0  0  0  0  0  0  0  0  0  0  0  0  0  0  0  0  0  0  0  0  0  0  0  0  0  0  0  0  0  0  0  0  0  0  4  0  0  0  0  0  0  0  
450  0  0  0  74  2983  0  0  0  0  0  0  0  0  0  1  0  0  0  0  0  0  0  89907  0  0  0  0  0  0  46004  3205  0  0  0  0  0  0  6  0  0  0  0  0  0  0  1780  0  0  0  0  0  0  0  0  0  0  0  0  0  0  0  0  23060  0  3  0  0  0  28253  0  0  0  0  0  0  0  0  0  0  0  0  0  0  0  0  0  0  0  0  0  0  0  0  0  0  0  0  0  0  0  0  0  0  4  2  0  0  0  0  0  0  0  0  0  0  0  0  0  0  0  0  0  0  0  0  0  0  0  0  0  0  0  0  0  0  0  0  0  0  0  0  0  0  0  0  0  0  3  0  0  3  17085  192  0  0  0  0  0  0  
8531  0  0  3  100  11  0  4  1  0  0  7  6787  6811  14  0  0  0  0  0  0  0  0  115223  0  2  1  1  42  0  5  150  0  0  0  1  0  0  24380  2  197  0  0  0  48  2  22137  7  844  0  0  1994  0  2  7  3  0  0  0  0  0  4354  42235  0  1  0  32  425  0  1207  0  0  38  0  0  0  0  0  0  0  0  0  0  0  0  0  0  0  0  0  0  0  0  0  0  0  0  0  0  0  0  0  0  0  0  0  0  0  0  0  0  0  0  0  0  0  0  0  0  0  0  0  0  0  0  0  0  0  0  0  0  0  0  0  0  0  0  0  0  0  0  0  0  0  0  0  0  0  1  0  0  0  38837  12  0  0  0  0  0  0  
0  1  0  35  0  0  0  1  1200  5138  55684  2  0  0  0  0  2  11  879  25068  0  604  2  0  653  156  25395  56  5  69676  0  0  68  0  0  4  0  0  0  0  1775  1  0  67802  90  11  0  1095  216  0  4  2  0  0  2  71689  1543  19950  59  0  10  0  0  0  0  905  579  4  0  0  22036  0  4909  96  0  0  0  0  0  0  0  0  1  0  11  0  0  0  0  0  0  0  0  0  0  1  0  0  0  0  0  0  0  127  0  0  0  0  0  0  0  0  0  0  0  0  0  0  0  0  0  0  0  0  0  0  0  0  0  0  0  0  0  0  0  0  0  0  1  0  0  0  0  0  0  0  0  0  60  75  26  382  1114  353  0  0  0  0  0  0  
245  0  0  13  373  42629  25274  25075  57198  58581  0  0  0  0  7  52  0  3  6  0  0  6  533  0  1  35  28  58  43  233  0  6536  0  0  0  0  0  0  0  0  78  0  0  849  220  187  7  6  135  0  0  152  405  368  0  317  3  14  0  0  1  0  0  0  2430  0  591  19  3  58  3956  0  74  0  15  0  0  0  14  281  50  171  403  33  0  0  0  1  0  0  0  0  0  0  0  0  0  0  0  0  0  0  0  176  0  83  0  0  0  0  0  0  0  0  11  0  0  0  0  0  1  0  0  0  0  0  28  0  0  0  0  0  0  0  0  0  0  1  0  21319  0  0  0  1  8  0  0  0  14  70929  192  12388  2910  1108  2  5700  727  4  11  0  
3  0  5817  4570  1  1  0  82  2376  713  0  34  0  2  1  6  7  2  8  0  0  8  0  5  19  85595  45290  106621  461  552  0  0  0  0  0  165  0  0  0  2  329  0  0  138  22582  24547  2  8  3506  0  0  323  3  32  10  57752  10  52  0  0  1  3  0  39  581  1569  0  891  108  0  1145  0  216  0  0  0  0  0  0  0  0  0  1  0  0  0  0  0  0  0  0  0  0  0  0  0  0  0  0  0  0  0  0  0  0  0  0  0  0  0  0  0  0  0  0  0  0  0  0  0  0  0  0  0  0  0  0  0  0  0  0  0  0  0  0  0  0  0  0  0  0  0  0  0  0  0  0  0  2  256  3  2317  4661  1631  0  0  0  0  0  0  
19  0  0  9045  2  17  2  300  42  7  0  42231  0  9  28461  7  0  0  0  0  0  0  0  13  2  24  8  229  81671  1  0  0  0  0  0  5  0  0  1  416  176  0  0  0  22934  60  11  2  12612  0  0  36232  14  1089  9  26  0  0  0  0  0  0  0  54  13  26  709  0  30850  0  50  0  70  0  0  0  0  0  0  0  0  0  0  0  0  0  0  0  0  0  0  0  0  0  0  0  0  0  0  0  0  0  0  0  0  0  0  0  0  0  0  0  0  0  0  0  0  0  0  0  0  0  0  0  0  0  0  0  0  0  0  0  0  0  0  0  0  0  0  0  0  0  0  0  0  0  0  0  0  428  1  101  16907  111  0  0  0  0  0  0  
0  0  609  3  1  1  0  4990  46  15  0  1  0  0  9363  19502  0  0  0  0  0  0  0  0  0  2  168  14  61162  14  0  0  0  0  0  0  0  0  0  0  0  0  0  0  19948  423  0  0  20  0  0  356  1  24626  2  646  0  0  0  0  0  0  0  0  11  32  77  24188  0  0  56  0  1  0  0  0  0  0  0  0  0  0  0  0  0  0  0  0  0  0  0  0  0  0  0  0  0  0  0  0  0  0  0  0  0  0  0  0  0  0  0  0  0  0  0  0  0  0  0  0  0  0  0  0  0  0  0  0  0  0  0  0  0  0  0  0  0  0  0  0  0  0  0  0  0  0  0  0  0  7045  0  57  4386  58  0  0  0  0  0  0  
13654  0  0  0  26316  60248  0  0  0  0  0  0  0  1  0  7610  0  0  0  0  0  0  0  10553  0  0  0  0  0  0  53786  10171  0  0  0  0  0  0  0  0  0  0  0  0  0  0  1  0  0  0  0  0  3  1  0  0  0  0  0  0  0  0  33405  2068  0  29  0  0  0  0  0  0  0  0  3  0  0  0  0  124  0  0  0  0  0  0  0  0  0  61  0  0  0  0  0  0  0  0  0  0  0  0  0  0  218  31  0  0  0  0  0  0  0  0  0  0  0  0  0  0  0  0  0  0  0  0  0  0  0  0  0  0  0  0  0  0  0  0  0  4  0  0  0  84  0  0  0  0  0  0  0  18  22773  5266  0  0  0  0  0  0  
1  0  0  31  0  0  0  25  34803  964  0  4  0  0  0  0  1  0  3  0  0  2  1  0  1  70  14468  106  57  76485  0  0  0  0  0  0  0  0  0  0  213  0  0  8  346  10047  0  5  238  0  0  14  0  1  1  55055  3  14  0  0  0  0  0  1  11972  2001  2002  41  0  0  0  0  80  0  0  0  0  0  0  0  0  2  203  1  0  0  0  0  0  0  0  0  0  0  0  0  0  0  0  0  0  0  0  619  0  0  0  0  0  0  0  0  0  0  0  0  0  0  0  1  0  0  0  0  0  0  0  0  0  0  0  0  0  0  0  0  0  0  0  10  0  0  0  0  113  0  0  0  0  455  0  1403  1583  1350  0  0  0  0  0  0  
0  5456  0  0  0  0  0  0  0  0  0  0  0  0  0  0  0  0  41  0  3179  0  51  0  0  0  0  0  0  0  0  0  0  6  210  0  112938  129114  0  0  0  0  9355  1  0  0  0  76  0  34194  25  0  0  0  0  0  0  0  27137  26507  10597  0  0  0  0  0  0  0  0  0  0  0  16148  0  0  0  0  0  0  0  0  0  0  0  0  0  0  0  0  0  0  0  0  0  0  0  0  0  0  0  0  0  0  0  0  0  0  0  0  0  0  0  0  0  0  0  0  0  0  0  0  0  0  0  0  0  0  0  0  0  0  0  0  0  0  0  0  0  0  0  0  0  0  0  0  0  0  0  10  0  4214  0  1  0  0  0  0  0  0  0  
7  452  0  290  0  0  0  13  183  150  0  37  0  2  0  1  462  1123  48475  1  117  506  2482  13  111368  2373  4  99  25  3  0  0  3445  119858  15896  28827  26  137425  0  3  49892  69  23753  1667  500  8  2  88375  7084  15361  383  47  3  6  23816  9299  12138  14075  20231  69  13010  2  0  49  2296  165  400  121  0  0  166  23289  0  2577  0  0  0  0  0  0  0  0  0  0  0  0  0  0  0  0  0  0  0  0  0  0  0  0  0  0  0  0  0  0  0  0  0  0  0  0  0  0  0  0  0  0  0  0  0  0  0  0  0  0  0  0  0  0  0  0  0  0  0  0  0  0  0  0  0  0  0  0  0  0  0  0  0  0  3757  13  25094  1162  15425  881  0  1  0  0  0  0  
0  0  0  65  0  0  0  0  0  2  0  1  0  0  0  0  6  13  0  0  0  0  0  0  2  1387  0  5  0  0  0  0  35614  14875  0  15144  0  0  0  0  13987  0  0  8  16  0  0  22707  168  0  0  0  0  0  0  18  1  10  0  0  1  0  0  0  13  0  28  0  0  0  1  0  2353  0  0  0  0  0  0  0  0  0  0  0  0  0  0  0  0  0  0  0  0  0  0  0  0  0  0  0  0  0  0  0  0  0  0  0  0  0  0  0  0  0  0  0  0  0  0  0  0  0  0  0  0  0  0  0  0  0  0  0  0  0  0  0  0  0  0  0  0  0  0  0  0  0  0  0  156  0  620  205  6932  67  0  0  0  0  0  0  
0  0  0  0  0  6  0  0  0  0  0  0  0  0  0  0  0  0  0  0  0  0  0  1  0  0  0  0  0  0  51  0  0  0  0  0  0  0  0  0  0  0  0  0  0  0  0  0  0  0  0  0  0  0  0  0  0  0  0  0  0  0  0  0  0  5  0  0  0  25  0  0  0  0  0  0  0  0  25141  13682  0  0  0  0  0  0  6  78  10928  7061  0  0  0  0  0  0  0  58565  0  0  0  0  0  0  14852  1  0  0  0  0  0  0  244  0  0  0  0  0  0  0  118  0  11  0  0  352  16825  0  0  0  0  0  0  0  0  21374  582  5246  0  149  0  0  0  10209  0  0  0  0  0  0  0  0  5  0  0  11651  0  0  4774  0  
0  0  0  0  0  0  0  0  0  0  0  0  0  0  0  0  0  0  0  0  0  0  0  0  0  0  0  0  0  0  0  0  0  0  0  0  0  0  0  0  0  0  0  0  0  0  0  0  0  0  0  0  0  0  0  0  0  0  0  0  0  0  0  0  0  0  0  0  0  0  0  0  0  0  0  0  0  0  0  0  0  0  0  0  0  0  0  0  0  0  0  0  34836  0  20343  1  0  0  0  0  0  0  0  0  0  0  0  0  0  0  31437  0  0  0  0  17927  0  13  0  0  0  0  0  19  6751  0  0  0  0  0  1914  0  17889  38201  375  0  0  0  0  0  0  0  0  0  0  123  0  0  0  0  0  0  0  0  0  0  1  0  0  0  
0  0  337  0  0  0  0  1  0  0  0  0  0  0  0  59  0  0  0  0  0  0  0  0  0  0  0  0  0  3  0  0  0  0  0  0  0  0  0  0  0  0  0  0  0  0  0  0  0  0  0  0  0  0  0  0  0  0  0  0  0  0  0  0  0  0  0  0  0  0  0  0  0  0  0  0  0  0  0  0  0  185  1  0  0  0  0  0  0  30718  0  0  0  0  0  0  0  0  0  0  12761  8722  13854  12291  0  0  0  0  0  0  0  0  0  0  1  0  0  0  18631  17382  0  0  0  0  0  0  0  0  0  4  0  0  0  0  0  0  0  0  0  1  8634  0  237  0  5  0  0  0  0  0  0  0  0  0  3  3  0  0  28  0  
0  0  0  0  0  0  0  0  0  0  0  0  0  0  0  0  0  0  0  0  0  0  0  0  0  0  0  0  0  0  0  0  0  0  0  0  0  0  0  0  0  0  0  0  0  0  0  0  0  0  0  0  0  0  0  0  0  0  0  0  0  0  0  0  0  0  0  0  0  0  0  0  0  0  1  0  0  0  1  1  1  88  59  14  0  31556  0  1  5  2  18  1  0  0  0  0  1  0  172  59160  9  14636  29358  1  0  0  392  37  2  32  0  0  3  285  30261  0  2  2  17680  16  0  119  29773  0  0  55  10  118  43  3247  0  4  0  0  0  0  0  0  20  114  7789  29941  11  0  40  0  501  4  0  0  0  0  0  0  6  99  6  13  1099  82  
0  0  0  0  5  0  0  0  0  0  0  0  0  0  0  10  0  0  0  0  0  0  0  0  0  0  0  0  0  0  6  0  0  0  0  0  0  0  0  0  0  0  0  0  0  0  0  0  0  0  0  0  0  0  0  0  0  0  0  0  0  0  0  0  0  0  0  0  0  2  0  0  0  0  23421  0  0  0  0  31811  0  4  0  0  0  1  8  29  18802  109409  0  0  0  0  0  0  0  300  0  0  0  0  0  0  159  0  0  0  0  0  0  0  90  3  0  0  0  0  0  0  55  0  62  0  0  319  34805  215  0  1  0  0  0  0  0  110  53  77  0  23  0  13  0  7328  0  0  0  0  0  1  0  0  0  0  0  1354  0  0  1312  0  
0  0  0  0  0  758  66  5  0  0  0  0  0  0  0  69  0  0  0  0  0  0  0  0  0  0  0  0  0  0  228  31  0  0  0  0  0  0  0  0  0  0  0  0  0  0  0  0  0  0  0  0  2  0  0  0  0  0  0  0  0  0  0  0  0  425  0  0  0  234  0  0  0  0  24733  0  0  0  44832  0  24826  10  0  0  0  2  1  5  33  64933  0  0  0  0  0  0  0  1328  0  0  0  0  0  0  2670  17693  0  0  0  0  0  0  21  1  0  0  0  0  0  0  7  0  23  0  0  124  17907  12838  0  0  0  0  0  0  0  31  16251  807  0  46329  0  2  0  44118  0  0  0  0  0  16  0  0  18  0  0  54526  0  0  5604  4  
0  0  0  0  0  10  250  240  0  0  0  0  0  0  0  147  0  0  0  0  0  0  0  0  0  0  0  0  0  0  0  0  0  0  0  0  0  0  0  0  0  0  0  0  0  0  0  0  0  0  0  0  0  0  0  0  0  0  0  0  0  0  0  0  0  78  0  0  0  0  0  0  0  0  1  0  0  0  28  28936  0  27771  3  0  0  0  0  1  2  53311  0  0  0  0  0  0  0  0  0  0  0  0  0  0  0  0  0  0  0  0  0  0  0  0  0  0  0  0  4  22  0  0  5  0  0  218  46  23227  0  2  0  0  0  0  0  0  0  0  0  25787  1  42  86  0  0  0  0  0  0  418  0  0  0  0  0  320  0  1  417  34  
0  0  81  0  0  0  22  3392  59  0  0  0  0  0  0  1476  0  0  0  0  0  0  0  0  0  0  0  0  0  0  0  0  0  0  0  0  0  0  0  0  0  0  0  0  0  8  0  0  0  0  0  0  0  0  0  0  0  0  0  0  0  0  0  0  0  287  0  0  0  0  0  0  0  0  0  0  70  8  2  12  27743  0  16554  0  0  6  0  1  14  51885  1  3  0  0  0  0  1  0  1  2  16  48  562  0  0  0  0  0  0  0  0  0  0  10  6  0  0  0  5011  24327  0  0  206  0  0  84  9  6914  0  339  0  0  0  0  0  0  0  0  1  28238  110  200  8021  0  55  0  0  0  0  76  0  0  0  0  29  3314  0  10  2221  182  
0  0  9  0  0  0  0  399  2204  54  0  0  0  0  0  6  0  0  0  0  0  0  0  0  0  0  0  0  0  113  0  0  0  0  0  0  0  0  0  0  0  0  0  0  0  44  0  0  0  0  0  0  0  0  0  0  0  0  0  0  0  0  0  0  0  940  0  0  0  0  217  0  0  0  0  0  2  18  1  7  3  11390  0  8116  0  3  0  0  0  1  2  0  0  8  0  1  5  0  36  2  25  54  5  8217  0  0  0  2  0  1  0  0  0  2  190  0  0  296  135  17075  0  9  25  0  0  13  11  31  0  1211  0  32  0  0  1  0  0  0  4048  44355  291  24  1  0  47200  0  22  0  0  3  0  0  0  0  74  1457  4  13  1384  97  
0  0  0  0  0  0  0  0  9  39  0  0  0  0  0  0  0  0  0  0  0  0  0  0  0  0  0  0  0  14  0  0  0  0  0  0  0  0  0  0  0  0  0  1  0  0  0  0  0  0  0  0  0  0  0  0  0  0  0  0  0  0  0  0  0  84  0  0  0  0  3  0  0  0  0  0  0  14  0  0  0  2  7897  0  13  1  0  0  1  1  3  0  0  8  0  47  1075  0  39  6  12  38  0  11466  0  0  0  0  0  0  0  0  0  2  227  0  1  22859  48  3  0  15  37  0  0  1  0  4  0  901  6  31  2  0  0  0  0  0  1031  26651  193  13  1  0  37  0  48  0  0  0  0  108  0  0  23  107  15163  382  505  1  
0  0  0  0  0  0  0  0  0  0  5094  0  0  0  0  0  0  0  0  304  0  260  0  0  0  0  0  0  0  58  0  0  0  0  0  0  0  0  0  0  0  0  0  9  0  0  0  0  0  0  0  0  0  0  0  0  0  0  0  0  0  0  0  0  7  0  0  0  0  0  0  0  0  0  0  0  0  0  0  0  0  0  0  5  0  0  0  0  0  0  0  0  8  44344  0  6706  0  0  0  0  13  0  0  1127  0  0  0  0  0  0  0  0  0  0  0  36777  0  79862  0  0  0  0  0  0  155  0  0  0  0  0  51  364  1  0  16  0  0  0  65771  0  0  0  0  0  0  0  5  0  0  0  0  0  0  0  0  0  1  1  0  0  
0  0  0  0  0  0  0  0  0  0  0  0  0  0  0  0  0  0  0  0  0  0  0  0  0  0  0  0  0  0  0  0  0  0  0  0  0  0  0  0  0  0  0  0  0  0  0  0  0  0  0  0  0  0  0  0  0  0  0  0  0  0  0  0  0  0  0  0  0  0  0  0  0  0  1  0  0  46931  3  2  1  11  1  0  0  0  8  14332  122  0  24  289  0  0  0  0  0  19  0  190  1  2  7667  0  0  0  396  67  36  0  0  0  12  32343  10  0  0  0  23  2  15  231  45863  0  0  12837  112  12  0  3  0  0  0  0  0  1  0  0  0  1  2  43911  0  0  0  0  0  0  0  0  0  0  0  0  0  9  0  0  897  4  
0  0  0  0  0  0  0  0  0  0  0  0  0  0  0  0  0  0  0  0  0  0  0  0  0  0  0  0  0  0  0  0  0  0  0  0  0  0  0  0  0  0  0  0  0  0  0  0  0  0  0  0  0  0  0  0  0  0  0  0  0  0  0  0  0  0  0  0  0  0  0  0  0  0  104  0  0  0  6  0  0  0  0  0  0  5  0  11440  0  0  0  694  0  0  0  0  0  26132  0  0  0  0  0  0  0  0  0  0  0  0  0  0  18719  19  0  0  0  0  0  0  10489  0  691  0  0  2  18  0  0  0  0  0  0  0  0  16365  1  5846  0  1  0  0  0  0  0  0  0  0  0  0  0  0  0  0  0  15  0  0  429  0  
0  0  0  0  0  0  0  0  0  0  0  0  0  0  0  0  0  0  0  0  0  0  0  0  0  0  0  0  0  0  0  0  0  0  0  0  0  0  0  0  0  0  0  0  0  0  0  0  0  0  0  0  0  0  0  0  0  0  0  0  0  0  0  0  0  0  0  0  0  0  0  0  0  0  17  0  0  0  29  10  1  1  0  0  0  14778  12032  0  86  0  0  39  0  0  0  0  0  740  0  0  0  0  5  0  0  0  0  0  0  0  0  0  24943  18411  0  0  0  0  0  0  681  0  3039  0  0  38589  180  39  0  0  0  0  0  0  0  15650  0  157  0  0  0  11  1  0  0  0  0  0  0  0  0  0  0  0  0  28  0  0  206  0  
0  0  0  0  0  0  0  0  0  0  0  0  0  0  0  0  0  0  0  0  0  0  0  0  0  0  0  0  0  0  0  0  0  0  0  0  0  0  0  0  0  0  0  0  0  0  0  0  0  0  0  0  0  0  0  0  0  0  0  0  0  0  0  0  0  0  0  0  0  0  0  0  0  0  17141  0  0  9  19213  89  2  14  0  0  0  333  0  156  0  5418  0  0  0  0  0  0  0  4149  0  1  0  2  10862  0  0  0  0  0  0  0  0  0  0  0  0  0  0  0  336  1  0  0  2  0  0  129249  152791  82187  0  10  0  0  0  0  0  24661  0  0  0  19  18  27057  16700  0  0  0  0  0  0  0  0  0  0  0  0  103  0  0  116  3  
1  0  208  0  9  52  37  116  0  0  0  0  0  0  0  2259  0  0  0  0  0  0  0  0  0  0  0  0  0  0  175  0  0  0  0  0  0  0  0  0  0  0  0  0  0  3  0  0  0  0  0  0  0  0  0  0  0  0  0  0  0  0  0  0  0  0  0  0  0  54  0  0  0  0  7558  0  27701  0  112470  85041  54907  52984  3  0  0  0  0  0  5394  0  0  0  0  0  0  0  0  527  0  0  0  0  7833  2  6591  0  0  0  0  0  0  0  0  0  0  0  0  0  1157  9740  0  0  1  0  0  6  2545  100725  0  3  0  0  0  0  0  0  148  0  0  16  0  0  22438  13236  1  0  0  0  0  39  0  0  0  0  0  82  0  0  36  3  
0  0  0  0  0  0  0  0  0  0  0  0  0  0  0  0  0  0  0  0  0  0  0  0  0  0  0  0  0  0  0  0  0  0  0  0  0  0  0  0  0  0  0  0  0  0  0  0  0  0  0  0  0  0  0  0  0  0  0  0  0  0  0  0  0  0  0  0  0  0  0  0  0  0  0  0  0  46  0  0  0  0  2  1  0  54  0  0  0  0  0  44079  2  5  0  2  10976  1428  10  2  1  23  0  1  0  1  142  9  6887  1  0  1  0  0  9471  0  751  0  15  0  55  41820  11031  0  0  0  0  0  0  145  25  53  3  0  0  0  96  7  31  7  110  2  0  0  1  0  204  0  0  0  0  0  0  0  1134  8  95  933  32099  2  
0  0  0  0  0  0  0  0  0  0  0  0  0  0  0  0  0  0  0  0  0  0  0  0  0  0  0  0  0  0  0  0  0  0  0  0  0  0  0  0  0  0  0  0  0  0  0  0  0  0  0  0  0  0  0  0  0  0  0  0  0  0  0  0  0  0  0  0  0  0  0  0  0  0  0  0  0  15  152  29  0  6  0  0  0  421  486  103  0  0  42809  0  0  0  0  0  17224  16900  1  2  1  24  1  0  5  1  4  1  5282  0  0  0  44  131  43  0  54  0  13  1  22211  243  44697  0  0  6  438  4  0  70  0  0  0  0  0  1  317  192  0  0  76  19  0  0  0  0  0  0  0  0  0  0  0  0  211  18  1  77  75725  0  
0  0  0  0  0  0  0  0  0  0  0  0  0  0  0  0  0  0  0  0  0  0  0  0  0  0  0  0  0  0  0  0  0  0  0  0  0  0  0  0  0  0  0  0  0  0  0  0  0  0  0  0  0  0  0  0  0  0  0  0  0  0  0  0  0  0  0  0  0  0  0  0  0  0  0  32763  0  1  0  0  0  0  0  0  13  0  0  0  0  0  2  0  0  10275  1740  697  0  0  22463  5  9  0  0  1  0  0  0  1  0  1  48  110  0  0  2  50229  4  192  0  0  0  7  0  0  6313  0  0  0  0  1161  141038  67678  54522  164  476  0  0  0  111  0  0  0  0  0  0  26  39839  0  0  0  0  0  0  0  8  0  15  0  0  0  
0  0  0  0  0  0  0  0  0  0  30  0  0  0  0  0  0  0  0  9  0  0  0  0  0  0  0  0  0  0  0  0  0  0  0  0  0  0  0  0  0  0  0  0  0  0  0  0  0  0  0  0  0  0  0  0  0  0  0  0  0  0  0  0  0  0  0  0  0  0  0  0  0  0  0  0  0  0  0  0  0  0  11  3  47381  0  0  0  0  0  2  0  7305  0  6  3265  0  0  45  0  17105  0  0  2  0  0  0  0  0  0  0  0  0  0  0  19765  0  4595  0  0  0  7  0  0  108  0  0  0  0  3762  1400  48882  4  0  684  0  0  0  27261  5  0  0  0  0  4  0  56  0  0  0  0  0  0  0  1  0  1  2  1  0  
0  0  0  0  0  0  0  0  0  0  0  0  0  0  0  0  0  0  0  0  0  0  0  0  0  0  0  0  0  0  0  0  0  0  0  0  0  0  0  0  0  0  0  0  0  0  0  0  0  0  0  0  0  0  0  0  0  0  0  0  0  0  0  0  0  0  0  0  0  0  0  0  0  0  0  17043  0  0  0  0  0  0  0  0  0  0  0  0  0  0  0  0  731  1  0  3420  3225  0  0  0  0  0  0  0  0  0  0  0  0  0  2513  61  0  0  0  5872  19  44  0  0  0  0  0  49649  22654  0  0  0  0  0  6745  20  7916  52102  93971  0  0  0  0  0  0  0  0  0  0  1064  55  0  0  0  0  0  0  0  1  0  10  3  0  0  
0  2  0  0  0  0  0  0  0  6  693  0  0  0  0  0  0  0  0  2  0  3064  0  0  0  0  0  0  0  167  0  0  0  0  0  0  0  0  0  0  0  0  0  16  0  0  0  0  0  0  0  0  0  0  0  0  0  0  0  0  1  0  0  0  13  0  0  0  0  0  0  0  0  0  0  3  0  0  0  0  0  0  0  50  7011  0  0  0  0  0  0  0  130  2344  3798  0  10652  0  1  0  0  0  0  389  0  0  0  0  0  0  0  0  0  0  4  53057  0  99257  0  0  0  2  0  0  49157  0  0  0  0  3  2911  1410  19  2  104708  0  0  0  6455  0  0  0  0  0  1  0  19  0  0  0  0  1  0  0  0  0  4607  342  0  0  
0  0  0  0  0  0  0  0  0  0  0  0  0  0  0  0  0  0  0  0  0  0  1  0  0  0  0  0  0  0  0  0  0  0  0  0  0  0  0  0  0  0  0  0  0  0  0  0  0  0  0  0  0  0  0  0  0  0  0  0  0  0  0  0  0  0  0  0  0  0  0  0  0  0  0  1  0  2  0  0  0  1  0  923  0  1  0  0  0  0  26093  26531  0  4  7737  3989  0  11663  2  2  0  1  0  2  19  42  0  2  25817  3  9  20  0  0  25  0  50932  4939  7  0  3  1968  0  22542  0  0  0  0  0  15  6  25  21  13  38134  0  4717  2  17  6  3  0  0  0  1  26  92  0  0  0  0  2  0  2  39042  81  54861  2686  9693  38  
0  0  0  0  0  0  0  0  0  0  0  0  0  0  0  0  0  0  0  0  0  0  0  0  0  0  0  0  0  0  3  0  0  0  0  0  0  0  0  0  0  0  0  0  0  0  0  0  0  0  0  0  0  0  0  0  0  0  0  0  0  0  0  0  0  0  0  0  0  1  0  0  0  0  56318  0  0  0  66  2033  0  0  0  0  0  20  34031  562  4364  5  1463  26999  0  0  0  0  12080  0  0  0  0  0  0  0  10709  50  0  0  19  0  0  0  15911  7  0  0  9  0  0  0  47653  0  20  0  0  11  313  0  0  0  0  0  0  0  0  32028  111302  105783  0  3  0  0  0  3199  0  0  0  0  0  0  0  1  0  0  828  12279  6  137  53789  171  
0  0  0  0  0  0  0  0  0  0  0  0  0  0  0  0  0  0  0  0  0  0  0  0  0  0  0  0  0  0  0  0  0  0  0  0  0  0  0  0  0  0  0  0  0  0  0  0  0  0  0  0  0  0  0  0  0  0  0  0  0  0  0  0  0  0  0  0  0  0  0  0  0  0  0  0  0  76  0  0  0  7  52  10  0  2  0  0  0  0  10  0  23196  95  0  0  0  0  0  29323  178  12  0  0  0  0  2  12198  0  1279  0  2  0  2  1129  0  6  3  14  0  0  303  5  0  0  0  0  10  34691  79577  8  4754  0  0  0  0  0  0  34  97  76  28  0  0  39  0  95282  4  0  0  0  0  0  0  11  2  41  25  237  1  
0  0  0  0  0  0  0  0  0  0  0  0  0  0  0  0  0  0  0  0  0  0  0  0  0  0  0  0  0  0  0  0  0  0  0  0  0  0  0  0  0  0  0  0  0  0  0  0  0  0  0  0  0  0  0  0  0  0  0  0  0  0  0  0  0  0  0  0  0  0  0  0  0  0  0  0  0  57368  0  0  0  36  79  16  0  214  0  0  13  0  4  1  3  0  0  0  0  0  24107  0  20  6438  5  1  0  0  345  3031  0  56050  0  1  1  9  37273  0  0  0  595  4  0  76  513  0  0  16  2  170  33315  10697  1  8  1  0  0  0  0  0  57  148  85209  436  7  0  46  0  6459  155  0  0  0  0  0  0  9  20  8  16  588  13  
0  0  0  0  0  0  0  0  0  0  0  0  0  0  0  0  0  0  0  0  0  0  0  0  0  0  0  0  0  32  0  0  0  0  0  0  0  0  0  0  0  0  0  0  0  0  0  0  0  0  0  0  0  0  0  0  0  0  0  0  0  0  0  0  0  0  0  0  0  0  0  0  0  0  0  0  11326  3  0  1  0  21  199  54  19  0  0  0  1  1  0  0  50  16118  0  0  1  0  98  4  0  205  53  119698  0  0  0  0  0  0  0  0  0  0  20  0  0  0  263  15363  0  4  7  0  0  4  0  28  2  87649  0  795  0  0  0  0  0  0  10927  151  40593  27  15  0  14252  0  3  0  0  0  0  0  0  0  19  47  1  3  350  14  
0  0  0  0  0  0  0  0  0  0  0  0  0  0  0  0  0  0  0  0  0  0  0  0  0  0  0  0  0  0  0  0  0  0  0  0  0  0  0  0  0  0  0  0  0  0  0  0  0  0  0  0  0  0  0  0  0  0  0  0  0  0  0  0  0  0  0  0  0  0  0  0  0  0  0  0  8409  24814  0  0  0  10  4  1  0  20  0  0  2  0  1  0  0  0  0  0  1  0  1  6976  166  0  6608  0  0  0  0  1  0  0  0  0  0  3  104  0  0  0  117714  28  0  0  9  0  0  0  0  22  0  85  0  0  0  0  0  0  0  0  1  38  99170  26  17  0  18  0  0  0  0  0  0  0  0  0  42  16  0  14  1234  109  
0  0  0  0  0  0  0  0  0  0  0  0  0  0  0  0  0  0  0  0  0  0  0  0  0  0  0  0  0  0  0  0  0  0  0  0  0  0  0  0  0  0  0  0  0  0  0  0  0  0  0  0  0  0  0  0  0  0  0  0  0  0  0  0  0  0  0  0  0  0  0  0  0  0  0  0  11686  36075  0  0  0  1818  9  0  0  7065  0  2  9295  6523  0  0  0  0  0  0  0  0  0  1  5  10432  0  0  0  0  0  0  0  0  0  0  0  0  3  0  0  0  109039  415  0  0  6  0  0  72  0  562  0  98  0  0  0  0  0  0  0  0  0  8  36  51163  74643  0  3  0  0  0  0  0  0  0  0  0  10  287  0  3  551  39  
0  0  46  0  0  0  0  1  59  215  13  0  0  0  0  0  0  0  0  1  0  11  0  0  0  0  38  0  0  5394  0  0  0  0  0  0  0  0  0  0  0  0  0  3  0  18  0  0  0  0  0  0  0  0  0  0  0  0  0  0  0  0  0  0  50  74  0  0  0  0  302  0  0  0  0  0  13008  0  0  0  0  1  9100  10796  1301  0  0  0  0  1  0  0  0  3  0  822  0  0  2  0  113924  1  0  0  0  0  0  0  0  0  0  0  0  0  11  0  0  1473  49  25086  0  1  2  0  0  0  0  0  0  7695  1  8  0  0  0  0  0  0  64232  146  160  1  0  0  90839  0  2  0  0  0  0  2  0  0  1  1  12  2  29  0  
0  0  0  0  0  28  0  0  0  0  0  0  0  0  0  0  0  0  0  0  0  0  0  6  0  0  0  0  0  0  1054  19  0  0  0  0  0  0  0  0  0  0  0  0  0  0  0  0  0  0  0  0  0  0  0  0  0  0  0  0  0  0  1  0  0  1  0  0  0  125  0  0  0  0  13334  0  0  0  188  1554  0  0  0  0  0  0  0  0  0  5027  0  2  0  0  0  0  26  12440  0  0  0  0  0  0  0  22455  0  0  0  0  0  0  0  0  0  0  0  0  0  0  0  0  0  0  0  0  0  0  0  0  0  0  0  0  0  0  57584  0  0  0  0  0  0  35362  0  0  0  0  0  0  0  0  0  0  57  6  125  708  4953  179  
0  0  0  0  0  74  0  0  0  0  0  0  0  0  0  0  0  0  0  0  0  0  0  0  0  0  0  0  0  0  3  59  0  0  0  0  0  0  0  0  0  0  0  0  0  0  0  0  0  0  0  0  0  0  0  0  0  0  0  0  0  0  0  0  0  103  0  0  0  67  0  0  0  0  0  0  0  0  0  17486  0  0  0  0  0  0  0  0  0  0  0  1  0  0  0  0  38  46  0  0  0  0  0  0  16179  0  0  0  0  0  0  0  0  0  3  0  0  0  0  0  0  0  0  0  0  0  0  0  0  0  0  1  0  0  0  0  27701  252  0  3248  0  0  0  3413  0  0  1  0  0  0  0  21  3  5  277  7505  512  1960  9136  4253  
0  0  0  0  0  0  0  0  0  0  0  0  0  0  0  0  0  0  0  0  0  0  0  0  0  0  0  0  0  0  0  0  0  0  0  0  0  0  0  0  0  0  0  0  0  0  0  0  0  0  0  0  0  0  0  0  0  0  0  0  0  0  0  0  0  0  0  0  0  0  0  0  0  0  0  0  0  324  0  0  0  0  0  0  0  198  0  0  0  0  35  0  0  0  0  0  0  0  14  438  0  0  0  0  0  0  0  25738  2705  874  0  0  0  0  12538  0  0  0  0  0  0  27808  30  0  0  0  0  0  0  1  0  0  0  0  0  0  0  0  1  0  0  0  0  0  0  0  3115  34868  0  0  0  0  0  0  0  0  0  0  9  0  
0  0  0  0  0  0  0  0  0  0  0  0  0  0  0  0  0  0  0  0  0  0  0  0  0  0  0  0  0  0  0  0  0  0  0  0  0  0  0  0  0  0  0  0  0  0  0  0  0  0  0  0  0  0  0  0  0  0  0  0  0  0  0  0  0  0  0  0  0  0  0  0  0  0  0  0  0  51  0  0  0  0  7  0  0  110  0  0  0  0  7  1  0  2  0  1  0  1  13490  2485  0  0  0  0  0  0  19642  0  46138  39803  0  883  0  0  519  0  11692  0  0  0  0  21309  1  0  0  0  0  0  0  55  0  8  0  0  0  0  0  0  25  17  0  0  0  0  1  13  109372  7724  0  0  0  1  0  0  4  0  9  57  185  0  
0  0  0  0  0  0  0  0  0  0  0  0  0  0  0  0  0  0  0  0  0  0  0  0  0  0  0  0  0  0  0  0  0  0  0  0  0  0  0  0  0  0  0  0  0  0  0  0  0  0  0  0  0  0  0  0  0  0  0  0  0  0  0  0  0  0  0  0  0  0  0  0  0  0  0  0  0  16  0  0  0  0  1  0  0  40  0  0  0  0  16704  4634  0  4  0  1  27844  21  1  6  0  0  0  0  0  0  3772  62004  0  1  0  21  0  0  13  0  41886  0  0  0  1  47945  2  1  0  0  0  0  0  8  12  22  2  0  1  0  11  0  6  1  0  0  0  0  0  77  14616  5  0  0  0  0  0  0  3290  1  156  122  415  0  
0  0  0  0  0  0  0  0  0  0  0  0  0  0  0  0  0  0  0  0  0  0  0  0  0  0  0  0  0  0  0  0  0  0  0  0  0  0  0  0  0  0  0  0  0  0  0  0  0  0  0  0  0  0  0  0  0  0  0  0  0  0  0  0  0  0  0  0  0  0  0  0  0  0  0  0  0  69  0  0  0  1  151  32  0  1  0  0  0  0  45  0  0  10  0  0  0  0  1269  64372  10  12  1  4  0  0  488  52183  0  0  0  0  0  1  31933  0  4  5  7  0  0  6659  1  0  0  4  0  9  398  3288  2  53  3  0  1  0  0  0  179  267  569  28  1  0  69  0  3824  15780  0  0  0  4  0  0  33  6  26  120  609  2  
0  0  0  0  0  0  0  0  0  0  0  0  0  0  0  0  0  0  0  0  0  0  0  0  0  0  0  0  0  0  0  0  0  0  0  0  0  0  0  0  0  0  0  0  0  0  0  0  0  0  0  0  0  0  0  0  0  0  0  0  0  0  0  0  0  0  0  0  0  0  0  0  0  0  0  29495  0  0  0  0  0  0  0  0  0  0  0  0  0  0  0  0  99  0  2109  0  6  0  0  0  0  0  0  0  0  0  0  0  0  0  0  20485  0  0  0  0  19593  0  0  0  0  1  0  49382  0  0  0  0  0  0  3  0  7511  83023  5  0  0  0  0  0  0  0  0  0  0  108581  21  0  0  0  0  0  0  0  0  0  23  0  0  0  
0  0  0  0  0  0  0  0  0  0  0  0  0  0  0  0  0  0  0  0  0  0  0  0  0  0  0  0  0  0  0  0  0  0  0  0  0  0  0  0  0  0  0  0  0  0  0  0  0  0  0  0  0  0  0  0  0  0  0  0  0  0  0  0  0  0  0  0  0  0  0  0  0  0  0  4  0  0  0  0  0  0  0  0  0  0  0  0  0  0  1  0  52  0  11  0  18  0  7  0  0  0  0  0  0  0  0  1053  59  1  18664  0  0  0  3  0  33734  4  0  0  0  51  0  5665  0  0  0  0  0  3  43  78  7775  3414  1649  0  0  0  4  2  0  0  0  0  0  129479  111764  0  0  0  0  0  0  0  43  0  2349  0  0  0  
0  0  0  0  0  0  0  0  0  0  0  0  0  0  0  0  0  0  0  0  0  0  0  0  0  0  0  0  0  0  0  0  0  0  0  0  0  0  0  0  0  0  0  0  0  0  0  0  0  0  0  0  0  0  0  0  0  0  0  0  0  0  0  0  0  0  0  0  0  0  0  0  0  0  439  0  0  0  254  29  0  0  0  0  0  15  18006  29741  0  0  0  40  0  0  0  0  0  3081  0  0  0  0  0  0  0  0  0  0  0  0  0  0  0  3433  0  0  0  0  0  0  19937  0  29324  0  0  472  999  7  0  1  0  0  0  0  0  4456  0  10750  1  5  0  35  0  0  0  0  0  0  0  0  0  0  0  0  0  175  0  0  2395  2  
0  0  0  0  0  0  0  0  0  0  0  0  0  0  0  0  0  0  0  0  0  0  0  0  0  0  0  0  0  0  0  0  0  0  0  0  0  0  0  0  0  0  0  0  0  0  0  0  0  0  0  0  0  0  0  0  0  0  0  0  0  0  0  0  0  0  0  0  0  0  0  0  0  0  1  0  0  5  4  5  1  8  0  0  0  35157  8  17285  0  0  0  65  0  0  0  0  0  6  1  0  0  0  0  0  0  0  0  0  0  0  0  0  3287  0  0  0  1  0  0  1  363  0  15418  0  0  303  121  15  0  11  0  0  0  0  0  0  0  0  0  1  0  496  1  0  0  0  0  0  0  0  0  0  0  0  1  10  0  0  1044  6  
0  0  0  0  0  0  0  0  0  1  0  0  0  0  0  0  0  0  0  0  0  0  0  0  0  0  0  0  0  0  0  0  0  0  0  0  0  0  0  0  0  0  0  0  0  0  0  0  0  0  0  0  0  0  0  0  0  0  0  0  0  0  0  0  0  1  0  0  0  0  0  0  0  0  1  0  0  26116  1  0  1  72  916  223  1  142  0  2  16  1  5409  26  2  147  0  6  10  0  3060  49679  78  290  7  13  0  0  12292  2412  8  43365  0  0  2  99  0  0  36  56  300  15  0  24806  26613  0  0  45  15  242  1302  19049  41  565  14  0  0  0  1  0  1539  2045  4228  1127  18  0  470  0  4646  7855  0  0  0  110  0  0  416  107  417  1407  55304  333  
0  1  0  0  0  0  0  0  0  0  368  0  0  0  0  0  0  0  0  0  0  640  0  0  0  0  0  0  0  0  0  0  0  0  0  0  0  0  0  0  0  0  0  0  0  0  0  0  0  0  0  0  0  0  0  0  0  0  0  0  0  0  0  0  0  0  0  0  0  0  0  0  0  0  0  14601  0  0  0  0  0  0  0  0  43287  0  0  0  0  0  0  0  49040  22249  4443  54793  0  0  0  0  0  0  0  0  0  0  0  0  0  0  0  0  0  0  0  0  0  32939  0  0  0  0  0  0  47622  0  0  0  0  0  26635  135  170  4  486  0  0  0  16  0  0  0  0  0  0  0  3  0  0  0  0  0  0  0  0  0  0  0  0  0  
0  0  0  0  0  0  0  0  0  0  0  0  0  0  0  0  0  0  0  0  0  0  0  0  0  0  0  0  0  0  0  0  0  0  0  0  0  0  0  0  0  0  0  0  0  0  0  0  0  0  0  0  0  0  0  0  0  0  0  0  0  0  0  0  0  0  0  0  0  0  0  0  0  0  0  1  0  0  0  0  0  0  1  0  0  0  0  0  0  0  770  0  4  0  69  0  45371  11  2  0  0  0  0  0  0  0  0  11416  25175  1  18861  20041  0  0  16  0  0  2  0  0  1  4886  0  20001  0  0  0  0  0  8  23  21  441  191  247  0  0  0  3  0  1  0  0  0  0  14801  24152  0  0  0  0  0  0  0  40383  0  19119  33  54  0  
0  0  0  0  0  0  0  0  0  2  91  0  0  0  0  0  0  0  0  1  0  31  0  0  0  0  0  0  0  10  0  0  0  0  0  0  0  0  0  0  0  0  0  1  0  0  0  0  0  0  0  0  0  0  0  0  0  0  0  0  0  0  0  0  0  1  0  0  0  0  0  0  0  0  0  6  0  21  0  0  0  2  1087  21156  87737  2  0  0  1  0  45  0  430  8263  93  90170  9371  0  58  2  3  6  0  2589  0  0  0  2  0  1  0  0  0  3  157  33437  3  0  3  1  0  124  25  2  12478  0  0  3  0  773  14114  5465  1482  8  14624  0  0  0  82181  246  26  14  0  0  554  0  1249  0  0  0  0  10  0  0  24  2  15227  379  235  1  
0  0  0  0  0  0  0  0  0  0  0  0  0  0  0  0  0  0  0  0  0  0  0  0  0  0  0  0  0  0  0  0  0  0  0  0  0  0  0  0  0  0  0  0  0  0  0  0  0  0  0  0  0  0  0  0  0  0  0  0  0  0  0  0  0  0  0  0  0  0  0  0  0  0  0  0  14892  25996  0  0  4  5568  35  6  0  27  0  0  182  328  10  3  0  0  0  0  11  0  14  2123  200  120297  101025  6  0  0  0  0  0  0  0  0  3  61  1583  0  0  0  0  5233  0  3  250  0  0  29  2  1768  0  3082  0  0  0  0  0  0  0  0  2  218  59640  11384  12710  0  46  0  3  0  0  0  0  0  0  0  277  1470  3  134  8789  723  
0  0  158  0  0  0  0  79  30  0  0  0  0  0  0  63  0  0  0  0  0  0  0  0  0  0  0  0  0  16  0  0  0  0  0  0  0  0  0  0  0  0  0  0  0  50  0  0  0  0  0  0  0  0  0  0  0  0  0  0  0  0  0  0  0  0  0  0  0  0  3  0  0  0  0  0  15401  3  0  0  0  21825  17785  0  0  0  0  0  2  6439  0  0  0  0  0  0  4  0  0  0  24986  64  1075  29706  0  0  0  0  0  0  0  0  0  1  1  0  0  0  9796  0  0  0  20  0  0  7  1  57  0  339  0  0  0  0  0  0  0  0  0  29  10415  25  37  0  16228  0  0  0  0  0  0  0  0  0  27  438  0  2  579  48  
0  0  0  0  0  0  0  0  0  0  0  0  0  0  0  0  0  0  0  0  0  0  0  0  0  0  0  0  0  0  0  0  0  0  0  0  0  0  0  0  0  0  0  0  0  0  0  0  0  0  0  0  0  0  0  0  0  0  0  0  0  0  0  0  0  0  0  0  0  0  0  0  0  0  2793  0  0  0  1240  183  0  0  0  0  0  29  14339  736  0  0  89  23159  0  0  0  0  2  51229  0  0  0  0  0  0  0  0  0  0  1  0  0  0  9356  202  0  0  0  0  0  0  0  0  9544  0  0  109  4406  0  0  0  0  0  0  0  0  198  1336  25383  0  3  0  6  0  0  0  0  0  0  0  0  0  0  0  0  0  173  0  1  61539  1  
0  0  0  0  0  0  0  0  0  0  0  0  0  0  0  0  0  0  0  0  0  0  0  0  0  0  0  0  0  0  0  0  0  0  0  0  0  0  0  0  0  0  0  0  0  0  0  0  0  0  0  0  0  0  0  0  0  0  0  0  0  0  0  0  0  0  0  0  0  0  0  0  0  0  0  0  0  87  0  0  0  0  35  3  0  116  0  0  0  0  53256  1370  11  59  0  9  1001  3  341  142  2  1  0  0  0  0  27102  40150  46073  4234  0  3  0  0  27855  0  15260  12  1  0  0  0  41  0  0  0  0  0  0  337  167  423  56  0  4  0  2  0  401  107  9  2  0  0  24  13  89351  10552  0  0  0  10  0  0  6980  5  1453  2438  37963  0  
0  0  0  0  0  0  0  0  0  0  0  0  0  0  0  0  0  0  0  0  0  0  0  0  0  0  0  0  0  0  0  0  0  0  0  0  0  0  0  0  0  0  0  0  0  0  0  0  0  0  0  0  0  0  0  0  0  0  0  0  0  0  0  0  0  0  0  0  0  0  0  0  0  0  227  0  0  50453  1728  432  5  412  172  40  0  47577  75  3219  20  4  11863  40953  0  0  0  0  6  13  93  353  49  779  32  1  0  0  17  2  2  6  0  0  21625  28876  24965  0  0  2  854  57  10230  23  0  0  0  1356  5612  527  0  5424  1  0  0  0  0  38  1  65  18  308  3625  14210  67  0  95  0  20  0  0  0  0  0  0  0  26  513  5  26  64834  188  
0  0  0  0  0  0  0  0  0  0  0  0  0  0  0  0  0  0  0  0  0  0  0  0  0  0  0  0  0  0  0  0  0  0  0  0  0  0  0  0  0  0  0  0  0  0  0  0  0  0  0  0  0  0  0  0  0  0  0  0  0  0  0  0  0  0  0  0  0  0  0  0  0  0  0  59  0  0  0  0  0  0  0  0  0  0  0  0  0  0  0  0  6  0  38329  0  15036  0  0  0  0  0  0  0  0  0  0  0  7  0  57711  5681  0  0  0  0  29978  4  0  0  0  13  0  0  0  0  0  0  0  0  34  5  2318  34445  5984  0  0  0  1  0  0  0  0  0  0  51355  891  0  0  0  0  0  0  0  116  0  8102  0  0  0  
0  1  0  0  0  0  0  0  0  0  0  0  0  0  0  0  0  0  0  0  0  0  0  0  0  0  0  0  0  0  0  0  0  0  0  0  0  0  0  0  0  0  0  0  0  0  0  0  0  0  0  0  0  0  0  0  0  0  0  0  0  0  0  0  0  0  0  0  0  0  0  0  0  0  0  6187  0  0  0  0  0  0  0  0  72  0  0  0  0  0  0  0  3937  241  23033  44812  0  0  0  0  0  0  0  0  0  0  0  0  0  0  0  0  0  0  0  55906  0  11068  0  0  0  1  0  0  0  0  0  0  0  0  11364  136  739  28  26442  0  0  0  12  0  0  0  0  0  0  0  6  0  0  0  0  0  0  0  0  0  0  0  0  0  
0  0  0  0  0  0  0  0  0  0  0  0  0  0  0  0  0  0  0  0  0  0  0  0  0  0  0  0  0  0  0  0  0  0  0  0  0  0  0  0  0  0  0  0  0  0  0  0  0  0  0  0  0  0  0  0  0  0  0  0  0  0  0  0  0  0  0  0  0  0  0  0  0  0  226  0  0  10  706  293  143  791  6  1  0  14586  1  44488  110571  22  0  0  0  0  0  0  0  4  0  2  2  11  626  0  0  0  0  0  0  0  0  0  427  219  0  0  0  0  55  134  89  0  354  0  0  0  73993  26855  0  125  0  0  0  0  0  18108  0  78  0  143  47  41836  37  0  5  0  1  0  0  0  0  0  0  0  0  2254  0  3  11296  284  
0  0  0  0  0  0  0  0  0  0  0  0  0  0  0  0  0  0  0  0  0  0  0  0  0  0  0  0  0  0  0  0  0  0  0  0  0  0  0  0  0  0  0  0  0  0  0  0  0  0  0  0  1  0  0  0  0  0  0  0  0  0  0  0  0  0  0  0  0  0  0  0  0  0  16969  0  0  9  38959  13442  11  23  1  1  0  19  11  209  149250  548  0  9  0  0  0  0  0  106  0  0  0  0  0  0  0  0  0  0  0  0  0  0  431  34  0  0  0  0  2  5  186  0  539  0  0  68591  0  65188  0  8  0  0  0  0  0  6534  0  402  0  213  0  215  1  1  1  0  0  0  0  0  0  0  0  0  0  2841  0  0  4892  10  
0  0  0  0  0  0  0  0  0  0  0  0  0  0  0  0  0  0  0  0  0  0  0  0  0  0  0  0  0  0  0  0  0  0  0  0  0  0  0  0  0  0  0  0  0  0  0  0  0  0  0  0  0  0  0  0  0  0  0  0  0  0  0  0  0  0  0  0  0  0  0  0  0  0  0  0  0  16  297  9525  18591  5096  8  0  0  1  0  9  86946  98865  0  0  0  0  0  0  0  0  3  3  2  23  86  0  0  0  0  0  0  0  0  0  2  1  2  0  0  0  484  102  0  0  14  0  0  31480  35818  0  0  129  0  0  0  0  0  0  0  1  0  403  80  10623  25549  0  4  0  0  0  0  0  0  0  0  0  0  2949  0  2  2158  443  
0  0  0  0  0  0  0  0  0  0  0  0  0  0  0  0  0  0  0  0  0  0  0  0  0  0  0  0  0  0  0  0  0  0  0  0  0  0  0  0  0  0  0  0  0  0  0  0  0  0  0  0  0  0  0  0  0  0  0  0  0  0  0  0  0  0  0  0  0  0  0  0  0  0  0  0  0  39  0  0  0  2  2  0  0  0  0  0  0  0  0  0  0  0  0  0  0  0  43304  37015  5  2  0  0  0  0  0  0  0  445  0  0  0  0  562  0  0  0  2  0  0  0  1  0  0  1  0  9  0  10772  0  0  0  0  0  0  0  0  1  5  118  14  0  0  2  0  2695  0  0  0  0  0  0  0  0  0  0  0  5  1  
0  0  0  0  0  0  0  0  0  0  0  0  0  0  0  0  0  0  0  0  0  0  0  0  0  0  0  0  0  0  0  0  0  0  0  0  0  0  0  0  0  0  0  0  0  0  0  0  0  0  0  0  0  0  0  0  0  0  0  0  0  0  0  0  0  0  0  0  0  0  0  0  0  0  0  0  0  594  0  0  6  253  3870  714  1  10  0  0  57  5  181  2  3042  3443  0  3  10  0  91796  9564  88677  237  218  14539  0  0  0  134  5  1557  0  3  1  20  5271  0  32  92  891  79  0  803  268  0  1  158  1  1072  10011  0  71  35016  14  0  8  0  1  0  6242  5549  47620  1418  164  0  25694  0  28945  2  0  0  0  0  0  0  326  568  368  135  10102  267  
0  0  0  0  0  0  0  0  0  0  0  0  0  0  0  0  0  0  0  0  0  0  0  0  0  0  0  0  0  0  0  0  0  0  0  0  0  0  0  0  0  0  0  0  0  0  0  0  0  0  0  0  0  0  0  0  0  0  0  0  0  0  0  0  0  0  0  0  0  0  0  0  0  0  0  3202  0  1  0  0  0  0  1  1  95  0  0  0  0  0  15  0  140308  4539  14497  4776  1  0  7  0  0  2  0  0  0  0  0  0  4  0  10  111  0  0  5  33856  33  4377  0  0  0  415  0  2  9141  0  0  0  0  20  0  34070  29453  92  16792  0  0  0  1221  0  0  0  0  0  0  40  10176  0  0  0  0  0  0  0  194  0  518  5  6  0  
0  0  0  0  0  0  0  0  0  0  0  0  0  0  0  0  0  0  0  0  0  0  0  0  0  0  0  0  0  0  0  0  0  0  0  0  0  0  0  0  0  0  0  0  0  0  0  0  0  0  0  0  0  0  0  0  0  0  0  0  0  0  0  0  0  0  0  0  0  0  0  0  0  0  0  2  0  5  0  0  0  6  303  53  527  3  0  0  0  0  87  0  73704  54792  20  1611  0  0  7287  3  1493  3  0  35  0  0  0  2  7  3  0  6  0  2  47  36  50  2632  2  0  0  384  5  0  42  0  0  0  0  33619  23508  0  715  6  591  0  0  0  25446  114  24  3  0  0  64  5  22276  0  0  0  0  0  0  0  112  0  280  18  39  0  
0  0  0  0  0  0  0  0  0  0  0  0  0  0  0  0  0  0  0  0  0  0  0  0  0  0  0  0  0  0  0  0  0  0  0  0  0  0  0  0  0  0  0  0  0  0  0  0  0  0  0  0  0  0  0  0  0  0  0  0  0  0  0  0  0  0  0  0  0  0  0  0  0  0  0  18787  0  0  0  0  0  0  0  1  0  0  0  0  0  0  0  0  52738  0  5764  13  11  0  0  0  0  0  0  0  0  0  0  0  6  0  7917  11580  0  0  0  12  72  215  0  0  0  222  0  198  151  0  0  0  0  1  26429  34  0  8479  2270  0  0  0  7  0  0  0  0  0  0  20605  15981  0  0  0  0  0  0  0  131  0  976  0  0  0  
0  0  0  0  0  0  0  0  0  0  0  0  0  0  0  0  0  0  0  0  0  0  0  0  0  0  0  0  0  0  0  0  0  0  0  0  0  0  0  0  0  0  0  0  0  0  0  0  0  0  0  0  0  0  0  0  0  0  0  0  0  0  0  0  0  0  0  0  0  0  0  0  0  0  0  37520  0  0  0  0  0  0  0  0  0  0  0  0  0  0  0  0  604  0  63399  2  2  0  0  0  0  0  0  0  0  0  0  0  0  0  67540  3215  0  0  0  5  3  13  0  0  0  0  0  41821  34  0  0  0  0  0  968  8  19115  0  5699  0  0  0  2  0  0  0  0  0  0  28146  77  0  0  0  0  0  0  0  1  0  32  0  0  0  
0  0  0  0  0  0  0  0  0  0  0  0  0  0  0  0  0  0  0  0  0  0  0  0  0  0  0  0  0  0  0  0  0  0  0  0  0  0  0  0  0  0  0  0  0  0  0  0  0  0  0  0  0  0  0  0  0  0  0  0  0  0  0  0  0  0  0  0  0  0  0  0  0  0  0  1085  0  0  0  0  0  0  0  1  45  0  0  0  0  0  0  0  480  224  94766  89464  43194  0  1  0  0  0  0  0  0  0  0  0  0  0  5  1958  0  0  3  1985  134  7406  0  0  0  23  0  21265  25469  0  0  0  0  7  17396  484  12834  5688  0  0  0  0  54  0  0  0  0  0  0  10309  1132  0  0  0  0  0  0  0  17  0  13895  160  0  0  
0  0  0  0  0  0  0  0  0  0  0  0  0  0  0  0  0  0  0  0  0  0  0  0  0  0  0  0  0  0  0  0  0  0  0  0  0  0  0  0  0  0  0  0  0  0  0  0  0  0  0  0  0  0  0  0  0  0  0  0  0  0  0  0  0  0  0  0  0  0  0  0  0  0  12079  0  0  0  195  23  0  0  0  0  0  1  17140  15107  19447  0  0  0  0  0  0  0  0  36285  0  0  0  0  0  0  0  0  0  0  0  0  0  0  5995  0  0  0  0  0  0  0  76  0  15  0  0  22633  7803  0  0  0  0  0  0  0  0  0  0  6341  0  1  0  2  0  0  0  0  0  0  0  0  0  0  0  0  0  33  0  0  356  0  
0  0  0  0  0  0  0  0  0  0  0  0  0  0  0  0  0  0  0  0  0  0  0  0  0  0  0  0  0  0  1  6  0  0  0  0  0  0  0  0  0  0  0  0  0  0  0  0  0  0  0  0  0  0  0  0  0  0  0  0  0  0  0  0  0  0  0  0  0  11  0  0  0  0  308  0  0  0  3  17284  0  0  0  0  0  0  1  0  0  1  143  317  0  0  0  0  6738  112673  0  0  0  0  0  0  47777  29759  0  0  10  0  0  0  1  0  1  0  1  0  1  0  1810  1  0  0  0  0  0  0  0  0  0  0  0  0  0  0  0  30796  0  2  0  1  0  12574  0  0  0  0  0  0  0  4  0  2  30163  18826  699  1709  98288  4915  
0  0  0  0  0  1  0  0  0  0  0  0  0  0  0  0  0  0  0  0  0  0  0  0  0  0  0  0  0  0  0  0  0  0  0  0  0  0  0  0  0  0  0  0  0  0  0  0  0  0  0  0  0  0  0  0  0  0  0  0  0  0  0  0  0  2  0  0  0  0  0  0  0  0  5870  0  0  0  75  516  0  0  0  0  0  1  5617  1503  0  0  23  256  0  0  0  0  0  108579  0  0  0  0  0  0  0  57  0  0  0  0  0  0  23736  0  0  0  0  0  0  0  18616  0  99  0  0  72  423  0  0  0  0  0  0  0  0  4780  45588  0  0  50  0  4  0  17  0  0  0  0  0  0  0  0  1  0  0  15368  0  1  33324  31  
0  0  0  0  0  0  0  0  0  1  0  0  0  0  0  0  0  0  0  0  0  0  0  0  0  0  0  0  0  47  0  0  0  0  0  0  0  0  0  0  0  0  0  0  0  0  0  0  0  0  0  0  0  0  0  0  0  0  0  0  0  0  0  0  0  0  0  0  0  0  1  0  0  0  0  1  0  24  0  0  0  3  4130  809  53966  1  0  0  0  0  60  0  715  45371  22  5182  4  0  172  4  11524  7  1  72374  0  0  0  5  0  3  0  1  0  3  222  48  7  67087  5  0  0  208  29  0  105  1  0  7  0  4964  6398  26904  131  5  986  0  0  0  0  559  64  25  1  0  9827  0  709  0  0  0  0  0  0  0  31  5  53  17  370  3  
4  0  0  0  19  1826  17  3454  2260  687  0  0  0  0  0  5  0  0  0  0  0  0  0  0  0  1  0  1  0  3  1  9  0  0  0  0  0  0  0  0  0  0  0  0  1  6  0  0  9  0  0  4  19  3  0  2  0  0  0  0  0  0  0  0  2  19578  0  0  0  1  28  0  0  0  420  0  0  18  465  37743  27035  26214  69869  29447  0  0  1  1  16  17  8  2  0  16  0  2  3  22  42  7  57  244  19  328  0  3966  0  8  0  4  0  0  1  2  1954  0  0  34  463  71  0  74  55  0  0  161  836  560  0  1513  2  42  0  0  0  6  2  120  195  0  1070  87  364  7  2671  0  53  0  0  217  1  11219  241  5  193  37966  4953  4264  6014  174  
0  0  0  0  0  0  0  0  1  0  0  0  0  0  0  0  0  0  0  0  0  0  0  0  0  0  0  0  0  0  0  0  0  0  0  0  0  0  0  0  0  0  0  0  0  0  0  0  0  0  0  0  0  0  0  0  0  0  0  0  0  0  0  0  0  0  0  0  0  0  0  0  0  0  0  0  7421  12946  1  0  1  333  141  23  0  19  0  0  66  2  7  0  0  0  0  0  8  0  104  104333  42790  108785  75  9  0  0  0  0  0  748  0  0  2  47  2790  0  0  0  62273  4078  0  3  159  0  0  84  1  972  327  54929  0  0  0  0  0  0  2  0  11  995  0  1395  145  0  915  0  25  0  0  0  0  0  0  0  255  310  3  151  6490  337  
0  0  0  0  0  0  0  0  0  0  0  0  0  0  0  0  0  0  0  0  0  0  0  0  0  0  0  0  0  0  0  0  0  0  0  0  0  0  0  0  0  0  0  0  0  0  0  0  0  0  0  0  0  0  0  0  0  0  0  0  0  0  0  0  0  0  0  0  0  0  0  0  0  0  0  0  0  31360  6  7  47  611  14  1  0  32648  0  2  21480  14  0  0  0  0  0  0  0  0  15  63  6  37  61625  1  0  0  0  0  0  2  0  0  3  60  18  0  0  0  12088  90  1  0  3149  0  0  38742  111  11224  0  376  0  0  0  0  0  0  0  0  3  94  185  0  11619  0  4  0  2  0  0  0  0  0  0  0  1  811  0  3  5695  251  
0  0  0  0  0  0  0  0  0  0  0  0  0  0  0  0  0  0  0  0  0  0  0  0  0  0  0  0  0  0  0  0  0  0  0  0  0  0  0  0  0  0  0  0  0  0  0  0  0  0  0  0  0  0  0  0  0  0  0  0  0  0  0  0  0  0  0  0  0  0  0  0  0  0  0  0  351  24  0  0  45  4763  3  0  0  0  0  0  18547  24558  0  0  0  0  0  0  0  0  0  7  0  47  82710  0  0  0  0  0  0  0  0  0  0  0  2  0  0  0  24639  73  0  0  2  0  0  7  0  28163  0  176  0  0  0  0  0  0  0  0  0  325  97  22014  0  0  0  0  0  0  0  0  0  0  0  0  6  111  0  0  249  17  
0  0  0  0  0  75  0  0  0  0  0  0  0  0  0  0  0  0  0  0  0  0  0  0  0  0  0  0  0  0  211  2  0  0  0  0  0  0  0  0  0  0  0  0  0  0  0  0  0  0  0  0  0  0  0  0  0  0  0  0  0  0  0  0  0  3  0  0  0  98  0  0  0  0  14401  0  0  0  11611  44492  0  0  0  0  0  0  0  0  0  13200  0  0  0  0  0  0  0  6540  0  0  0  0  0  0  37726  3002  0  0  0  0  0  0  0  0  0  0  0  0  0  0  0  0  0  0  0  0  0  0  0  0  0  0  0  0  0  0  21846  139  0  5  0  0  0  0  0  0  0  0  0  0  0  0  0  0  0  5937  0  0  64  0  
0  0  0  0  0  0  0  4  660  2  0  0  0  0  0  0  0  0  0  0  0  0  0  0  0  0  0  0  0  724  0  0  0  0  0  0  0  0  0  0  0  0  0  0  0  7  0  0  0  0  0  0  0  0  0  0  0  0  0  0  0  0  0  0  0  70  0  0  0  0  164  0  0  0  0  0  1  64  0  0  0  184  48242  287  0  3  0  0  2  2  16  1  0  11  0  0  19  0  140  13  10619  143  64  84272  0  0  0  3  1  11  0  0  0  3  1374  0  2  59  382  15721  0  26  175  0  0  3  0  34  0  34301  1  31  0  0  1  0  4  0  12880  2215  2765  107  11  0  0  0  78  0  0  0  0  0  0  0  366  868  8  141  8313  303  
0  0  0  0  0  0  0  0  0  0  0  0  0  0  0  0  0  0  0  0  0  0  0  0  0  0  0  0  0  0  0  0  0  0  0  0  0  0  0  0  0  0  0  0  0  0  0  0  0  0  0  0  0  0  0  0  0  0  0  0  0  0  0  0  0  0  0  0  0  0  0  0  0  0  0  150  0  0  0  0  0  0  0  0  0  0  0  0  0  0  0  0  21  1  130  0  34  0  0  0  0  0  0  0  0  0  0  0  63  0  116657  129537  0  0  2  0  10242  9  0  0  0  65  0  42481  0  0  0  0  0  3  115  110  18256  36553  2772  0  0  0  2  0  0  0  0  0  0  0  8286  0  0  0  0  0  0  0  55  0  2649  0  0  0  
0  0  0  0  0  0  0  0  0  0  0  0  0  0  0  0  0  0  0  0  0  0  0  0  0  0  0  0  0  0  0  0  0  0  0  0  0  0  0  0  0  0  0  0  0  0  0  0  0  0  0  0  0  0  0  0  0  0  0  0  0  0  0  0  0  0  0  0  0  0  0  0  0  0  0  1  0  1352  0  0  0  16  628  154  8  10  0  2  2  0  2552  0  64889  447  21  85  133  0  103897  14447  83  32  1  21  0  0  4805  110717  8671  9335  29  130751  1  12  9713  4  44329  315  33  5  0  91505  44  864  11  3  0  20  6109  37306  7215  26288  15818  134  3326  0  0  0  3614  1337  184  67  2  0  336  10979  0  270  0  0  0  10  0  0  5796  13  35666  3073  8601  7  
0  0  0  0  0  0  0  0  0  0  0  0  0  0  0  0  0  0  0  0  0  0  0  0  0  0  0  0  0  0  0  0  0  0  0  0  0  0  0  0  0  0  0  0  0  0  0  0  0  0  0  0  0  0  0  0  0  0  0  0  0  0  0  0  0  0  0  0  0  0  0  0  0  0  0  0  0  8  0  0  0  0  1  1  0  1  0  0  0  0  0  0  0  2  0  0  0  0  98  375  0  0  0  0  0  0  32082  9776  2  19159  0  0  0  0  7510  0  0  0  0  0  0  16229  0  0  0  0  0  0  0  11  0  2  0  0  0  0  0  0  10  9  0  0  0  0  0  0  213  0  0  0  0  1  0  0  0  0  1  5  85  0  
0  0  0  0  0  0  0  0  0  0  0  0  0  0  0  0  23994  26887  0  0  0  0  39565  651  0  2  0  1  0  0  1  1  0  128  38036  46  0  56  0  0  73  0  47837  0  1  0  18  15221  12  152  0  0  0  0  0  0  0  0  4  0  13  0  0  0  0  1  1  0  0  0  0  5  2802  55  0  0  0  0  0  0  0  0  0  0  0  0  0  0  0  0  0  0  0  0  0  0  0  0  0  0  0  0  0  0  0  0  0  0  0  0  0  0  0  0  0  0  0  0  0  0  0  0  0  0  0  0  0  0  0  0  0  0  0  0  0  0  0  0  0  0  0  0  0  0  0  0  0  0  0  0  235955  20950  17366  825  0  0  0  0  0  0  
26  0  0  0  132  4394  269376  72447  1703  303  0  1  0  0  23  33261  1  0  0  0  0  0  0  0  0  6  296  31  132  27  0  1  0  0  0  0  0  0  1  0  14  0  0  19  190  1468  9  0  26  0  0  485  196  27995  0  1314  0  0  0  0  0  0  0  0  246  51669  99  70  7301  4  659  0  7  0  0  0  0  0  0  17  273  77  1  0  0  0  0  0  0  31  0  0  0  0  0  0  0  0  0  0  0  0  0  0  0  0  0  0  0  0  0  0  0  0  0  0  0  0  0  0  0  0  0  0  0  0  0  0  0  0  0  0  0  0  0  0  0  0  0  59  0  0  0  0  0  0  0  0  0  0  0  108  15879  151  0  6  0  0  0  0  
0  0  0  24  0  0  0  0  8  6466  0  1  0  0  0  0  249  320  4  0  23  1872  75602  0  13  188  0  28  1  1  0  0  4  161  536  81  270  6594  0  0  3150  0  9579  7163  57  5  0  4490  515  63455  1  0  0  0  2  33  1  6  196  14  17751  0  0  0  66  39  106  0  0  0  9  998  22262  203  0  0  0  0  0  0  0  0  0  0  0  0  0  0  0  0  0  0  0  0  0  0  0  0  0  0  0  0  0  0  0  0  0  0  0  0  0  0  0  0  0  0  0  0  0  0  0  0  0  0  0  0  0  0  0  0  0  0  0  0  0  0  0  0  0  0  0  0  0  0  0  0  0  0  108929  0  0  65790  4383  793  0  0  0  11  0  0  
0  0  0  27  0  6  0  173  421  2409  0  3  0  0  0  0  1814  1854  5  0  2  17  607  0  10  69  40  620  490  3  1  1047  1  0  0  4  0  0  0  0  1119  0  0  138  6467  136  0  468  239  0  0  102  0  18  3  647  5  43  1  0  13  0  0  0  225  2549  2276  119  6  28  375  0  243  48  0  0  0  0  0  0  0  0  0  9  0  0  0  0  0  0  4  0  0  0  0  0  6  0  0  0  0  0  0  0  0  21  0  0  0  0  0  0  0  0  63  0  0  0  0  0  0  13  0  0  0  0  0  0  0  2  0  1  0  0  0  0  13  0  5  1484  0  0  0  0  0  0  3  0  18319  55  66268  0  18688  49435  10  12  1463  45703  100  29  
9784  0  0  29  12451  6762  5  305  150  35  0  324  9  1  19  161  48069  96109  2  0  0  1  187  8914  9  52  15  259  1976  2  25  1410  70  97  19  123  0  0  6  2  2909  0  2  9  6918  101  18335  79346  60274  0  0  3969  1240  1016  2  208  1  14  7  0  9  1  7718  7003  83  485  2740  2333  18  4268  135  1  1071  482  0  0  0  0  1  1  0  0  0  0  0  0  0  0  0  0  0  0  0  0  0  0  0  0  0  0  0  0  0  0  1  6  0  0  0  0  0  0  0  0  0  0  0  0  0  0  0  0  0  0  0  0  0  0  0  0  0  0  0  0  0  0  0  0  0  4  0  0  0  0  0  0  0  0  11607  535  2346  8585  0  172337  0  9  0  1  0  1  
2  0  0  8  0  5707  0  36  34  6  0  0  0  0  0  1  1620  2705  3  0  0  1  312  9  0  19  11  88  114  0  11  14337  3  0  0  0  0  0  0  0  208  0  0  6  789  9  0  328  198  0  0  25  0  0  2  123  0  17  0  0  1  0  331  0  31  2205  355  27  0  12546  39  0  46  3  0  0  0  0  0  1  0  0  0  0  0  0  0  0  0  0  0  0  0  0  0  0  0  0  0  0  0  0  0  0  0  5  0  0  0  0  0  0  0  0  0  0  0  0  0  0  0  0  0  0  0  0  0  0  0  0  0  0  0  0  0  0  1  0  0  13  0  0  0  0  0  0  0  0  4814  25  337  82456  457853  0  0  11  0  15  1  2  
0  0  0  0  0  0  0  0  0  0  0  0  0  0  0  0  0  0  0  0  0  0  0  0  0  0  0  0  0  0  0  0  0  0  0  0  0  0  0  0  0  0  0  0  0  0  0  0  0  0  0  0  0  0  0  0  0  0  0  0  0  0  0  0  0  0  0  0  0  0  0  0  0  0  0  0  0  9  0  0  0  2  16  7  0  1  0  0  0  0  4601  250  7  37  1  7  55657  458  36  8  3  12  2  0  226  1312  0  10  1087  13  0  6  0  0  242  0  46157  12  61  2  0  10482  3  174  0  0  0  3  0  249  240  321  63  1  92  0  100474  0  142  48  98  5  1  0  18  3  4086  0  0  0  0  6  0  2  0  7029  210269  20211  12780  129  
2  0  0  0  13  131  0  0  1  0  0  0  0  0  0  4  0  0  0  0  0  0  0  0  0  0  0  0  0  0  0  0  0  0  0  0  0  0  0  0  0  0  0  1  1  0  0  0  1  0  0  4  19  5  0  0  0  0  0  0  0  0  0  0  0  1222  0  0  0  0  1  0  0  0  6255  0  2  15  3721  17646  64  973  282  6  0  3  1  10  60  62  50  12  0  0  0  0  276  1050  7  2  28  260  181  0  0  10593  0  0  2  0  0  0  32  6  94  0  0  0  1985  303  16  13  70  0  0  494  7510  3254  0  846  2  0  0  0  0  30  5049  8988  3  19584  527  632  110  55  97  0  4  0  0  11  0  5  66  0  3259  0  1728  16167  106815  59857  
0  0  0  0  0  0  0  0  0  393  0  0  0  0  0  0  0  0  0  0  0  0  0  0  0  0  0  0  0  0  0  0  0  0  0  0  0  0  0  0  0  0  0  0  0  0  0  0  0  0  0  0  0  0  0  0  0  0  0  0  0  0  0  0  0  231  0  0  0  0  0  0  0  0  0  5  0  68  0  0  0  1  69  6774  3  0  0  0  0  0  764  1  74  218  30  697  41450  18  210  33  9  1  0  14  99  721  0  30  642  34  1  2044  0  0  3272  0  22809  14478  0  0  0  3696  5  12785  1  0  0  2  0  1288  1708  2461  2458  130  22750  0  255  1  1087  1691  18  7  0  0  36  6095  16521  0  0  0  0  2309  0  0  94185  1166  0  40760  426  41  
0  0  0  0  0  0  0  0  0  5  0  0  0  0  0  0  0  0  0  0  0  0  2  0  0  0  0  0  0  0  0  0  0  0  0  0  0  0  0  0  0  0  0  1  1  0  0  0  0  0  0  0  0  0  0  0  0  0  0  0  0  0  0  0  1  5  0  0  0  0  0  0  0  0  0  0  0  21  0  0  0  21  50  57  0  0  0  0  0  0  2246  111  6  78  1  35  1777  24  25  22  27  86  13  1  135  1277  0  16  66  26  0  0  0  0  2497  0  207  52  152  2  0  3821  47  0  0  3  0  5  0  842  122  367  32  0  17  0  1284  1  387  2075  310  19  9  0  36  0  1305  2  0  0  5  48397  2  10  31146  43967  55618  0  21908  11533  
0  0  0  0  0  0  0  0  0  0  0  0  0  0  0  0  0  0  0  0  0  0  0  0  0  0  0  0  0  0  4  7  0  0  0  0  0  0  0  0  0  0  0  0  0  0  0  0  0  0  0  0  0  0  0  0  0  0  0  0  0  0  0  0  0  0  0  0  0  12  0  0  0  0  7074  0  1  116  2873  1485  16  616  125  25  0  13  6  27  17  26  31951  42831  4  43  0  2  5830  24331  55  46  62  1454  288  3  2238  7687  0  22  171  37  0  0  83  37  17631  0  263  6  2968  91  23892  20223  25892  0  0  2787  8610  1109  0  4055  35  172  4  0  1  53  61452  13552  288  477  3606  2938  82  11  189  0  470  1  0  0  0  48  0  0  6323  69458  236  13463  0  157733  
0  0  0  0  0  0  0  0  0  0  0  0  0  0  0  0  0  0  0  0  0  0  0  0  0  0  0  0  0  0  0  0  0  0  0  0  0  0  0  0  0  0  0  0  0  0  0  0  0  0  0  0  0  0  0  0  0  0  0  0  0  0  0  0  0  1  0  0  0  0  0  0  0  0  1  0  2  34  0  84  2  170  39  5  0  2  0  0  5  4  31  38  0  0  0  0  1019  62  18  5  41  669  106  0  297  8074  0  1  0  0  0  0  0  4  859  0  0  0  1785  27  0  1  122  0  0  54  2  174  0  1591  0  1  0  0  0  1  37467  118  0  127  1744  228  26  0  133  0  8  0  0  0  0  10  0  2  517  191821  71  18406  369771  0  
