0  0  0  0  54482  9129  9  0  0  0  0  10  19  253  11224  625  0  2  0  0  0  0  0  63237  0  0  0  0  0  0  24432  4  0  0  0  0  0  0  257  10  0  0  0  0  0  0  11411  0  1194  0  0  20330  12896  215  0  0  0  0  0  0  0  8697  59  2556  0  151  0  8  0  20343  0  0  0  0  0  0  0  0  0  1  0  0  0  0  0  0  0  0  0  0  0  0  0  0  0  0  0  0  0  0  0  0  0  0  4  0  0  0  0  0  0  0  0  0  0  0  0  0  0  0  0  0  0  0  0  0  0  0  0  0  0  0  0  0  0  0  0  0  0  0  0  0  0  2  0  0  0  0  0  2  0  17  19882  0  0  19  0  0  0  0  
0  0  0  1  0  0  0  0  0  0  3  0  0  0  0  0  0  0  85608  228  46139  13944  5  0  0  5  0  0  0  0  0  0  0  0  0  7  32  1439  0  0  5  20401  0  2399  1  0  0  1  5  0  43590  0  0  0  0  2  18527  302  21396  2969  7657  0  0  0  7  0  1  2  0  0  0  6239  39  0  0  0  0  0  0  0  0  0  0  0  0  0  0  0  0  0  0  0  0  0  0  1  0  0  0  0  0  0  0  0  0  0  0  0  0  0  0  0  0  0  0  0  0  0  0  0  0  0  0  0  0  0  0  0  0  0  0  0  0  0  0  0  0  0  0  0  0  0  0  0  0  0  0  0  0  0  8  0  1  0  0  0  0  0  0  0  
0  0  0  0  0  0  0  6974  2  0  0  0  0  0  0  38893  0  0  0  0  0  0  0  0  0  0  9298  12266  24483  7658  0  0  0  0  0  0  0  0  0  0  0  0  0  0  33321  48338  0  0  1  0  0  0  0  1  0  0  0  0  0  0  0  0  0  0  0  3  7032  1  87  0  328  0  0  0  0  0  253  0  0  0  0  37  79  0  0  0  0  0  0  30  0  0  0  0  0  0  0  0  0  0  0  0  0  1154  0  0  0  0  0  0  0  0  0  0  0  0  0  0  0  251  0  0  0  0  0  0  0  0  0  0  0  0  0  0  0  0  0  0  0  0  0  0  0  0  1431  0  0  0  0  40399  0  0  0  0  0  0  0  0  0  0  
0  5  0  0  0  1  2  51  13  57  0  28834  0  0  1  0  436  50  6  2  3  0  1  1  1  44952  1  30207  27067  47  0  0  5299  1131  11  1056  0  0  0  15  2780  0  0  28  21702  1  0  1229  46439  0  0  91  0  11  0  153  7  19  11  0  4  0  0  0  214  33  4733  18148  72  0  94  2  35  4  0  0  0  0  0  0  0  0  0  0  0  0  0  0  0  0  0  0  0  0  0  0  0  0  0  0  0  0  0  0  0  0  0  0  0  0  0  0  0  0  0  0  0  0  0  0  0  0  0  0  0  0  0  0  0  0  0  0  0  0  0  0  0  0  0  0  0  0  0  0  0  0  0  0  2  41  16  29  416  0  0  0  0  0  0  0  
44135  0  0  0  0  8113  0  0  0  0  0  1  0  1  13025  29792  0  1  0  0  0  0  0  243  0  0  0  0  0  0  21839  0  0  0  0  0  0  0  4  0  0  0  0  0  0  0  264  0  365  0  0  1158  9841  34  0  0  0  0  0  0  0  3  5  95  0  46  0  2  0  15927  0  0  0  0  0  0  0  0  0  4  0  0  0  0  0  0  0  0  0  33  0  0  0  0  0  0  0  0  0  0  0  0  0  0  0  0  0  0  0  0  0  0  0  0  0  0  0  0  0  0  0  0  0  0  0  0  0  0  0  0  0  0  0  0  0  0  0  0  0  1  0  0  0  2  0  0  0  0  0  0  0  14  2476  0  0  5  0  0  0  0  
18700  0  0  0  27136  0  26681  51  10  0  0  0  0  6  30359  75811  0  4  0  0  0  0  0  6561  0  0  0  2  0  0  734  4596  0  0  0  0  0  0  23  0  0  0  0  0  8  0  803  0  1705  0  0  8446  3764  11405  0  0  0  0  0  0  0  110  61  3756  0  29656  3  80  27  53024  0  0  0  0  4  0  0  0  0  2004  130  0  0  0  0  0  0  0  0  50  0  0  0  0  0  0  0  0  0  0  0  0  0  0  698  70  0  0  0  0  0  0  0  0  0  0  0  0  0  0  0  0  0  0  0  0  0  0  0  0  0  0  0  0  0  0  0  0  0  3170  0  0  0  306  0  0  0  0  0  904  1  397  53616  170  0  194  0  0  1  0  
13  0  0  0  3  30527  0  20842  976  2  0  0  0  1  177  63662  0  1  0  0  0  0  0  4  0  0  3  13  3  0  0  1  0  0  0  0  0  0  0  0  1  0  0  0  65  16  1  1  336  0  0  5625  8  4069  0  1  0  0  0  0  0  1  0  0  1  33374  17  734  235  0  0  0  0  0  0  0  0  0  0  49  1914  404  0  0  0  0  0  0  0  26  0  0  0  0  0  0  0  0  0  0  0  0  0  0  0  0  0  0  0  0  0  0  0  0  0  0  0  0  0  0  0  0  0  0  0  0  0  0  0  0  0  0  0  0  0  0  0  0  0  1514  0  0  2  0  0  0  0  0  0  83341  0  394  2533  2  0  28  0  0  2  0  
1  0  4708  56  0  58  24405  0  14888  55  0  4  0  1  0  28547  8  0  0  0  0  0  0  0  0  8  9  84  503  33  0  0  0  0  0  1  0  0  0  0  63  0  0  0  24537  37598  0  210  522  0  0  48  0  268  0  14  0  1  0  0  0  0  0  0  11  29139  184  2917  7945  0  49  0  1  0  0  0  7  0  0  9  2049  3773  2482  0  0  0  0  0  0  12  0  0  0  0  0  0  0  0  0  0  0  0  0  0  0  0  0  0  0  0  0  0  0  0  0  0  0  0  0  25  0  0  0  0  0  0  0  0  0  0  0  0  0  0  0  0  0  0  0  2177  0  0  0  0  2  0  0  0  0  110006  1  2807  3588  2  0  4  0  0  0  0  
0  0  3  8  0  0  1171  14176  0  12498  0  2  0  1  0  0  1  0  0  0  0  2  1  0  0  149  33  62  10  9987  0  0  0  0  0  241  0  0  0  1  659  0  0  177  175  12800  0  64  72  0  0  7  1  9  0  806  0  0  0  0  0  0  0  0  183  26271  942  140  35  0  22602  0  1  0  0  0  0  0  0  0  13  100  4465  0  1  0  0  0  0  0  0  0  0  0  0  0  0  0  0  0  0  0  0  397  0  0  0  0  0  0  0  0  0  0  0  0  0  0  0  52  0  0  0  0  0  0  0  0  0  0  0  0  0  0  0  0  0  0  0  140  0  0  0  0  2537  0  0  0  0  281  4  1317  437  2  0  0  0  0  0  0  
0  1  0  3  0  0  0  13  17293  0  2  0  0  1  0  0  0  0  0  1  0  447  1649  0  1  124  25  420  3  15737  0  0  0  0  0  224  0  0  0  0  1182  0  0  26928  550  106  0  21  38  0  0  6  0  2  0  542  0  1  0  0  3  0  0  0  1982  69789  989  12  4  0  1951  0  1  2  0  0  0  0  0  0  0  4  2149  81  1  0  0  0  0  0  0  0  0  0  0  19  0  0  0  0  0  0  0  145  0  0  0  0  0  0  0  0  0  0  1  0  0  5  0  7  0  0  0  0  0  0  0  0  0  0  0  0  0  0  0  0  0  0  0  1262  0  0  0  0  475  0  0  0  0  2  1689  19245  81  1  0  0  6  95  10  0  
0  22  0  0  0  0  0  0  0  5  0  0  0  0  0  0  0  0  13  74355  3  20609  0  0  0  1  7  0  0  3220  0  0  0  0  0  2  0  0  0  0  6  31990  0  90208  0  0  0  0  0  0  92  0  0  0  0  2  210  9268  9  0  26  0  0  0  42452  0  0  0  0  0  7  0  0  1  0  0  0  0  0  0  0  0  1  0  25160  0  0  0  0  0  0  0  0  212  0  447  0  0  0  0  6  0  0  100  0  0  0  0  0  0  0  0  0  0  0  185  0  150  0  0  0  0  0  0  0  0  0  0  0  0  0  0  0  0  0  0  0  0  140  0  0  0  0  0  1  0  0  0  0  0  0  0  2  0  0  0  0  0  0  0  
53  0  0  44679  4  7  1  52  1  1  0  0  6  24973  62  5  115  715  0  0  0  0  1  23  0  52  0  4  4448  1  0  0  49  702  792  5  0  0  139  29995  11  0  1  0  815  0  126  184  36760  0  0  28550  0  5  0  4  0  0  0  0  0  7  0  43  11  49  565  42583  99  0  3  0  1  0  0  0  0  0  0  0  0  0  0  0  0  0  0  0  0  0  0  0  0  0  0  0  0  0  0  0  0  0  0  0  0  0  0  0  0  0  0  0  0  0  0  0  0  0  0  0  0  0  0  0  0  0  0  0  0  0  0  0  0  0  0  0  0  0  0  0  0  0  0  0  0  0  0  0  1  66  3  9  311  0  0  0  0  0  0  0  
106  0  0  0  7  4  0  0  0  0  0  19  0  12440  0  0  0  11  0  0  0  0  0  35524  0  0  0  0  0  0  0  0  0  2  3  0  0  0  19494  15  0  0  0  0  0  0  10320  0  230  0  0  24  0  1  0  0  0  0  0  0  0  1136  1  1360  0  0  0  0  0  0  0  0  0  0  0  0  0  0  0  0  0  0  0  0  0  0  0  0  0  0  0  0  0  0  0  0  0  0  0  0  0  0  0  0  0  0  0  0  0  0  0  0  0  0  0  0  0  0  0  0  0  0  0  0  0  0  0  0  0  0  0  0  0  0  0  0  0  0  0  0  0  0  0  0  0  0  0  0  0  0  0  0  46  0  0  0  0  0  0  0  
669  0  0  1  34  29  0  0  0  0  0  31581  12208  0  4214  1  0  135  0  0  0  0  0  2861  0  1  0  1  0  0  0  0  0  9  5  0  0  0  13847  28590  0  0  0  0  1  0  366  0  13426  0  0  51631  6  2  0  1  0  0  0  0  0  18650  3  3194  0  1  3  62  0  0  0  0  0  0  0  0  0  0  0  0  0  0  0  0  0  0  0  0  0  0  0  0  0  0  0  0  0  0  0  0  0  0  0  0  0  0  0  0  0  0  0  0  0  0  0  0  0  0  0  0  0  0  0  0  0  0  0  0  0  0  0  0  0  0  0  0  0  0  0  0  0  0  0  0  0  0  0  0  0  1  0  3  142  0  0  0  0  0  0  0  
15573  0  0  0  11591  13272  57  1  0  0  0  127  0  3177  0  66732  0  0  0  0  0  0  0  9970  0  0  0  1  621  1  0  0  0  0  0  0  0  0  5  0  0  0  0  0  0  0  108  0  176  0  0  112827  93628  83526  0  0  0  0  0  0  0  22532  2  161  1  177  1  32840  16225  113  0  0  0  0  0  0  0  0  0  0  0  0  0  0  0  0  0  0  0  0  0  0  0  0  0  0  0  0  0  0  0  0  0  0  0  0  0  0  0  0  0  0  0  0  0  0  0  0  0  0  0  0  0  0  0  0  0  0  0  0  0  0  0  0  0  0  0  0  0  1  0  0  0  0  0  0  0  0  0  20  0  49  3896  1  0  26  0  0  0  0  
3468  0  36381  0  46984  69245  67197  29564  4  1  0  0  0  0  57102  0  0  0  0  0  0  0  0  28  0  0  1  3  12872  4  9  1  0  0  0  0  0  0  0  0  0  0  0  0  697  1189  12  0  68  0  0  337  1865  140544  0  1  0  0  0  0  0  3  1  73  3  219  4  185  14663  7527  3  0  0  0  0  0  6  0  0  149  316  239  86  0  0  0  0  0  0  867  0  0  0  0  0  0  0  0  0  0  0  0  0  0  1  0  0  0  0  0  0  0  0  0  0  0  0  0  0  30  0  0  0  0  0  0  0  0  0  0  0  0  0  0  0  0  0  0  0  5  0  0  0  2  1  0  0  0  0  213435  0  96  700  0  0  1  0  0  0  0  
0  0  0  376  0  0  0  131  6  3  0  493  7  0  0  1  0  36601  0  1  3  0  11030  148  0  13  5  280  329  3  0  0  223  7  14108  6  2  1  0  1  3338  0  5726  1  2896  16  239  33034  24208  6  0  9  0  2  0  17  0  1  2  0  1  0  1  0  47  39  605  121  45  0  16  2  74  3  0  0  0  0  0  0  0  0  0  0  0  0  0  0  0  0  0  0  0  0  0  0  0  0  0  0  0  0  0  0  0  0  0  0  0  0  0  0  0  0  0  0  0  0  0  0  0  0  0  0  0  0  0  0  0  0  0  0  0  0  0  0  0  0  0  0  0  0  0  0  0  0  0  0  13883  89  42  89  88702  1  0  1  0  0  0  0  
29  0  0  13  4  16  0  13  0  0  0  2702  53  513  4  3  36695  0  0  0  0  0  8233  5101  0  0  0  3  5  0  0  0  0  1  1126  0  0  0  55  290  21  0  108  0  25  0  36050  5943  47956  0  0  117  8  6  0  0  0  0  1  0  0  0  1  0  2  3  12  2  14  0  0  0  5  1  0  0  0  0  0  0  0  0  0  0  0  0  0  0  0  0  0  0  0  0  0  0  0  0  0  0  0  0  0  0  0  0  0  0  0  0  0  0  0  0  0  0  0  0  0  0  0  0  0  0  0  0  0  0  0  0  0  0  0  0  0  0  0  0  0  0  0  0  0  0  0  0  0  0  24279  19  34  15  93594  6  0  0  0  0  0  0  
0  90505  0  0  0  0  0  1  0  0  3  0  0  0  0  0  0  0  0  1514  154  73  5  0  16360  6  2  1  0  0  0  0  0  0  0  23  0  154  0  0  15  30417  0  1657  3  0  0  11  5  0  853  1  0  0  0  3031  119797  62028  37789  8  195  0  0  0  50  0  5  6  5  0  0  104  41448  0  0  0  0  0  0  0  0  0  0  0  0  0  0  0  0  0  0  0  0  0  0  0  0  0  0  0  0  0  0  0  0  0  0  0  0  0  0  0  0  0  0  0  0  0  0  0  0  0  0  0  0  0  0  0  0  0  0  0  0  0  0  0  0  0  0  0  0  0  0  0  0  0  0  0  0  1  6  3  4  0  0  0  0  0  0  0  
0  268  0  0  0  0  0  1  0  0  85632  0  0  0  0  0  0  0  2072  0  10  384  0  0  7  5  16512  0  0  830  0  0  0  0  0  12  0  0  0  0  26  23402  0  24459  5  0  0  34  1  0  336  0  0  0  0  6092  2341  50748  54  0  88  0  0  0  14006  0  6  0  3  0  0  4  25  0  0  0  0  0  0  0  0  0  0  0  683  0  0  0  0  0  0  0  0  500  0  0  0  0  0  0  3  0  0  25  0  0  0  0  0  0  0  0  0  0  0  5  0  0  0  0  0  0  0  0  0  0  0  0  0  0  0  0  0  0  0  0  0  0  0  0  0  0  0  0  0  0  0  0  0  1  6  0  8  0  0  0  0  0  0  0  
0  55011  0  0  0  0  0  0  0  0  0  0  0  0  0  0  0  0  191  0  0  27489  18696  0  2  2  0  0  0  0  0  0  0  6  0  49  3518  427  0  0  6  1  315  511  4  0  0  293  2  35527  6686  0  0  0  2  10  114  42  1067  59065  102405  0  0  0  1  0  0  1  1  0  0  3729  360  2  0  3  0  0  0  0  0  0  0  0  0  0  0  0  0  0  0  0  0  0  8  10  0  0  0  0  0  0  0  0  0  0  0  0  0  0  0  0  0  0  0  0  0  0  0  0  0  0  0  0  0  0  0  0  0  0  0  0  0  0  11  0  0  0  0  0  0  0  0  0  0  0  0  0  103  0  4792  37  0  0  0  0  0  5  0  0  
0  9297  0  1  0  0  0  0  0  852  20205  0  0  0  0  0  0  0  33  174  3718  0  12414  0  0  3  0  0  0  558  0  0  0  0  0  6  0  2  0  0  47  31283  0  122188  1  0  0  3  18  0  36332  8  0  0  0  10  309  1004  66  1  106978  0  0  0  184  15  7  5  1  0  1  26  21  1  0  1  0  0  0  0  0  0  16  1  8725  0  0  0  0  0  0  0  0  0  46  20270  0  0  0  0  0  0  0  64  0  0  0  0  0  0  0  0  0  0  0  68  0  669  0  0  0  0  0  0  1  0  0  0  0  0  0  0  0  0  35  0  0  0  11  0  0  0  0  0  3  0  0  0  0  0  867  42  6  0  0  0  0  6  0  0  
0  41  0  11  0  0  0  5  1  1324  0  11  2  0  0  0  13690  15008  30  10  22948  8254  0  42  4  67  1  5  1  10  0  0  1  6  12924  319  542  24  0  2  1486  0  36437  9471  40  2  51  2828  241  25463  6  77  0  2  4  104  18  52  494  543  49772  0  0  0  78  4  71  64  12  0  28  187  680  6  0  0  0  0  0  0  0  0  0  0  0  0  0  0  0  0  0  0  0  0  1  2  0  0  0  0  0  0  0  0  0  0  0  0  0  0  0  0  0  0  0  0  0  0  0  0  0  0  0  0  0  0  0  0  0  0  0  0  0  0  1  0  0  0  0  0  0  0  0  0  0  0  0  0  35866  8  97000  954  219  1  0  0  0  10  0  0  
56583  0  0  0  720  1509  6  1  0  0  0  95  36213  6252  10575  7  65  5627  0  0  0  0  47  0  0  0  0  1  1  0  24557  4  0  1  8  0  0  0  13819  191  1  0  21  0  3  0  31201  4009  979  0  0  2849  36  27  0  0  0  0  0  0  0  18230  69995  118707  0  22  1  33  5  9850  0  0  0  0  0  0  0  0  0  0  0  0  0  0  0  0  0  0  0  0  0  0  0  0  0  0  0  2  0  0  0  0  0  0  67  0  0  0  0  0  0  0  0  0  0  0  0  0  0  0  0  0  0  0  0  0  0  0  0  0  0  0  0  0  0  0  0  0  0  0  0  0  0  2  0  0  0  0  274  1  0  7  16043  0  0  0  0  0  0  0  
0  0  0  0  0  0  0  2  2  5  0  9  0  0  0  0  0  0  19542  1  1  1  10  0  0  37386  85  3  0  10  0  0  0  3661  0  4091  1  183  0  2  75  0  2  3  12  3  0  7  54  6  0  9  0  0  42973  75923  35  2176  8  5  68  0  0  0  22  2  210  9  6  0  17  3  118177  2  0  0  0  0  0  0  0  0  0  0  0  0  0  0  0  0  0  0  0  0  0  0  0  0  0  0  0  0  0  0  0  0  0  0  0  0  0  0  0  0  0  0  0  0  0  0  0  0  0  0  0  0  0  0  0  0  0  0  0  0  0  0  0  0  0  0  0  0  0  0  0  0  0  0  1  2  48  3  6  0  0  0  0  0  0  0  
2  15  0  56128  0  1  1  29  109  569  0  82  0  5  0  0  15  0  13  14  16  0  35  0  36373  0  73  10522  11  679  0  0  2631  5119  0  51278  0  2  0  17  54134  0  1  399  8286  3  0  892  15830  1  0  74  0  14  15448  28928  14  49  47  1  60  0  0  0  1701  146  70200  163  38  0  934  4  3400  102  0  0  0  0  0  0  0  0  0  0  0  0  0  0  0  0  0  0  0  0  0  0  0  0  0  0  0  0  0  0  0  0  0  0  0  0  0  0  0  0  0  0  0  0  0  0  0  0  0  0  0  0  0  0  0  0  0  0  0  0  0  0  0  0  0  0  0  0  0  0  0  0  0  0  36  28  983  170  322  1  0  0  0  0  0  0  
0  0  9317  0  0  0  0  30  245  143  6  0  0  0  0  1  0  0  13  14071  0  0  0  0  78  456  0  484  22  88689  0  0  0  0  0  19  0  0  0  0  188  0  0  8  229  9797  0  2  4  0  0  0  0  1  0  104786  0  109  1  0  0  0  0  0  28444  1304  45630  11  32  0  3923  0  2  0  0  0  0  0  0  0  0  0  0  0  5  0  0  0  0  0  0  0  0  0  0  0  0  0  0  0  2  0  0  524  0  0  0  0  0  0  0  0  0  0  0  0  0  0  0  0  0  0  0  0  0  0  0  0  0  0  0  0  0  0  0  0  0  0  5  0  0  0  0  0  307  0  0  0  0  44  3  365  83  1  0  0  0  0  0  0  
0  1  11102  25886  0  0  2  21  21  23  0  1  0  0  0  9  0  0  1  0  0  0  0  0  0  11591  257  0  2529  8  0  0  0  0  0  7  0  0  0  0  663  0  0  2  149469  3136  0  33  25  0  0  3  0  11  0  60  0  1  2  0  0  0  0  0  28  312  107941  90  81  0  14  0  6  1  0  0  0  0  0  0  0  0  0  0  0  0  0  0  0  0  0  0  0  0  0  0  0  0  0  0  0  0  0  0  0  0  0  0  0  0  0  0  0  0  0  0  0  0  0  0  0  0  0  0  0  0  0  0  0  0  0  0  0  0  0  0  0  0  0  0  0  0  0  0  0  0  0  0  0  138  2  1353  479  18  0  0  0  0  0  0  
0  0  21482  35542  0  1  3  127  2  4  0  3461  0  0  316  10112  20  0  1  0  0  1  0  0  0  7  30  3480  0  8  0  0  0  1  2  3  0  0  0  0  36  0  0  3  175897  53  0  4  231  0  0  206  0  17  0  31  3  2  0  0  0  0  0  0  73  35  856  79676  60439  0  25  0  1  0  0  0  0  0  0  0  0  0  0  0  0  0  0  0  0  0  0  0  0  0  0  0  0  0  0  0  0  0  0  0  0  0  0  0  0  0  0  0  0  0  0  0  0  0  0  0  0  0  0  0  0  0  0  0  0  0  0  0  0  0  0  0  0  0  0  0  0  0  0  0  0  0  0  0  0  46092  0  184  411  0  0  0  0  0  0  0  
0  1  9456  1  0  0  0  10  10610  14088  1907  0  0  0  0  3  0  0  0  1566  1  1069  1  0  0  72  127147  5  2  0  0  0  0  0  0  154  0  0  0  0  125  0  0  10870  12  48711  0  7  26  0  0  1  0  1  0  14602  2  5  2  0  4  0  0  0  60503  251  1130  7  0  0  49033  0  4  0  0  0  11  0  0  0  0  5  1294  1  1069  0  0  0  0  2  0  0  0  7  0  57  0  0  0  0  12  0  0  15387  0  0  0  0  0  0  0  0  0  0  0  0  0  3  0  16  0  0  0  0  0  0  0  0  0  0  0  0  0  0  0  0  0  0  232  11  0  0  0  0  9925  0  0  0  1  2  5  79  34  0  0  0  0  0  0  0  
30295  0  0  0  27141  321  0  0  0  0  0  0  0  0  2  71  0  0  0  0  0  0  1  33398  0  0  0  0  0  0  0  1137  0  0  0  0  0  0  0  0  0  0  0  0  0  0  0  0  0  0  0  0  1  0  0  0  0  0  0  0  0  0  40381  75  0  8  0  0  0  62966  0  0  0  0  1  0  0  0  1  408  0  0  0  0  0  0  0  0  0  147  0  0  0  0  0  0  0  10  0  0  0  0  0  0  2065  569  0  0  0  0  0  0  0  0  0  0  0  0  0  0  0  0  0  0  0  0  0  0  0  0  0  0  0  0  0  0  2  0  0  47  0  0  0  894  0  0  0  0  0  0  4  173  2780  64  0  0  0  0  0  0  
10  0  0  0  0  6961  0  0  0  0  0  0  0  0  0  0  0  0  0  0  0  0  0  0  0  0  0  0  0  0  1078  0  0  0  0  0  0  0  0  0  0  0  0  0  0  0  0  0  0  0  0  0  0  0  0  0  0  0  0  0  0  0  11  1  0  11165  0  0  0  17588  0  0  0  0  0  0  0  0  0  454  0  0  0  0  0  0  0  0  0  0  0  0  0  0  0  0  0  0  0  0  0  0  0  0  116  279  0  0  0  0  0  0  0  0  0  0  0  0  0  0  0  0  0  0  0  0  0  0  0  0  0  0  0  0  0  0  0  0  0  520  0  0  0  22  0  0  0  0  2  0  5  1753  1285  1287  0  6  0  0  1  2  
0  0  0  8978  0  0  0  0  0  0  0  59  0  0  0  0  112  0  2  0  0  0  2  0  0  3120  0  0  0  0  0  0  0  32210  88  486  0  0  0  0  13604  0  0  1  0  0  0  44185  43  0  0  2  0  0  0  3  0  0  4  0  2  0  0  0  5  0  0  1  0  0  0  0  478  45963  0  0  0  0  0  0  0  0  0  0  0  0  0  0  0  0  0  0  0  0  0  0  0  0  0  0  0  0  0  0  0  0  0  0  0  0  0  0  0  0  0  0  0  0  0  0  0  0  0  0  0  0  0  0  0  0  0  0  0  0  0  0  0  0  0  0  0  0  0  0  0  0  0  0  248  0  24  292  856  0  0  0  0  0  0  0  
0  0  0  1638  0  0  0  0  1  0  0  520  1  115  0  0  16  0  1  0  1  0  19  2  3802  4833  0  0  4  0  0  0  28099  0  83758  61227  269  14415  0  1  1392  0  16650  0  5  0  0  29386  19  928  0  2  0  0  5  27  0  0  19  12  140  0  0  0  7  2  6  2  0  0  1  347  85295  13128  0  0  0  0  0  0  0  0  0  0  0  0  0  0  0  0  0  0  0  0  0  0  0  0  0  0  0  0  0  0  0  0  0  0  0  0  0  0  0  0  0  0  0  0  0  0  0  0  0  0  0  0  0  0  0  0  0  0  0  0  0  0  0  0  0  0  0  0  0  0  0  0  0  0  170  0  869  15  55  0  0  0  0  0  0  0  
0  0  0  30  0  0  0  0  0  0  0  551  10  45  0  0  19546  3163  0  0  2  0  11739  55  0  1  0  0  7  0  0  0  37  64211  0  6  262  839  1  2  0  0  36400  0  0  0  73  39470  4  1851  0  0  0  0  0  1  0  0  0  7  7  0  0  0  0  0  0  4  0  0  0  362  10375  3  0  0  0  0  0  0  0  0  0  0  0  0  0  0  0  0  0  0  0  0  0  0  0  0  0  0  0  0  0  0  0  0  0  0  0  0  0  0  0  0  0  0  0  0  0  0  0  0  0  0  0  0  0  0  0  0  0  0  0  0  0  0  0  0  0  0  0  0  0  0  0  0  0  0  20767  0  740  0  8  0  0  0  0  0  0  0  
2  10  0  52  0  0  0  13  92  321  0  164  0  21  0  0  2  0  18  19  15  5  526  2  2735  44873  13  12  2  479  0  0  311  66581  0  0  3  6  0  38  43565  0  53  97  102  0  1  833  1422  12  1  320  0  9  315  10150  19  114  82  18  3696  0  0  1  1376  78  2620  170  41  0  800  21  27809  13490  0  0  0  0  0  0  0  0  0  0  0  0  0  0  0  0  0  0  0  0  0  0  0  0  0  0  0  0  0  0  0  0  0  0  0  0  0  0  0  0  0  0  0  0  0  0  0  0  0  0  0  0  0  0  0  0  0  0  0  0  0  0  0  0  0  0  0  0  0  0  0  0  0  0  450  19  3646  120  312  2  0  0  0  0  0  0  
0  43  0  0  0  0  0  0  0  0  0  0  0  0  0  0  0  0  0  0  2744  0  576  0  9  8  0  0  0  0  0  0  0  360  146  10  0  71920  0  0  1  0  24831  0  1  0  0  379  0  40036  0  0  0  0  10  1  0  0  8  38387  45  0  0  0  0  0  0  0  0  0  0  82720  25089  0  0  0  0  0  0  0  0  0  0  0  0  0  0  0  0  0  0  0  0  0  0  0  0  0  0  0  0  0  0  0  0  0  0  0  0  0  0  0  0  0  0  0  0  0  0  0  0  0  0  0  0  0  0  0  0  0  0  0  0  0  0  0  0  0  0  0  0  0  0  0  0  0  0  0  7  0  222  0  0  0  0  0  0  0  0  0  
0  325  0  1  0  0  0  0  0  0  1  0  0  1  0  0  1  0  243  1  437  3  29  0  501  5  0  0  0  0  0  0  0  17373  728  5  71405  0  0  0  0  0  27159  12  0  0  0  851  4  7566  0  1  0  0  1  2  46  8  22875  1787  230  0  0  0  3  0  0  1  0  0  0  83128  104299  2  0  0  0  0  0  0  0  0  0  0  0  0  0  0  0  0  0  0  0  0  0  0  0  0  0  0  0  0  0  0  0  0  0  0  0  0  0  0  0  0  0  0  0  0  0  0  0  0  0  0  0  0  0  0  0  0  0  0  0  0  0  0  0  0  0  0  0  0  0  0  0  0  0  0  0  0  67  0  0  0  0  0  0  0  0  0  
1996  0  0  0  164  112  0  0  0  0  0  511  17844  24295  32  2  0  9  0  0  0  0  0  11081  0  0  0  0  0  0  6  0  0  0  0  0  0  0  0  4867  0  0  0  0  1  0  14776  0  24787  0  0  2457  17  14  0  0  0  0  0  0  0  232  280  9628  0  8  2  9  0  15  0  0  0  0  0  0  0  0  0  0  0  0  0  0  0  0  0  0  0  0  0  0  0  0  0  0  0  0  0  0  0  0  0  0  0  0  0  0  0  0  0  0  0  0  0  0  0  0  0  0  0  0  0  0  0  0  0  0  0  0  0  0  0  0  0  0  0  0  0  0  0  0  0  0  0  0  0  0  0  0  0  1  1973  0  0  0  0  0  0  0  
106  0  0  4  6  3  1  0  0  0  0  33381  33  37238  0  0  0  233  0  0  0  0  0  39  0  0  0  0  0  0  0  0  0  0  2  0  0  0  3792  0  2  0  0  0  12  0  95  0  12806  0  0  6290  1  0  0  0  0  0  0  0  0  9  0  184  0  1  13  392  3  0  0  0  0  0  0  0  0  0  0  0  0  0  0  0  0  0  0  0  0  0  0  0  0  0  0  0  0  0  0  0  0  0  0  0  0  0  0  0  0  0  0  0  0  0  0  0  0  0  0  0  0  0  0  0  0  0  0  0  0  0  0  0  0  0  0  0  0  0  0  0  0  0  0  0  0  0  0  0  0  2  4  0  24  0  0  0  0  0  0  0  
7  96  0  1012  0  0  1  82  184  490  1  467  0  48  1  1  1613  12  82  31  57  18  1345  4  17  51329  143  2350  73  602  0  0  11647  4952  1  40767  0  18  1  121  0  0  29  1623  1556  209  1  43090  26616  2  1  1887  2  11  2  2515  67  267  513  14  4139  0  0  5  2263  285  16568  1290  125  0  1121  32  7510  17017  0  0  0  0  0  0  0  0  0  0  0  0  0  0  0  0  0  0  0  0  0  0  0  0  0  0  0  0  0  0  0  0  0  0  0  0  0  0  0  0  0  0  0  0  0  0  0  0  0  0  0  0  0  0  0  0  0  0  0  0  0  0  0  0  0  0  0  0  0  0  0  0  0  0  2296  104  17247  11980  26059  176  0  0  0  1  0  0  
0  23404  0  0  0  0  0  0  0  0  31476  0  0  0  0  0  0  0  33536  28157  10  34500  0  0  0  0  0  0  0  0  0  0  0  0  0  0  0  0  0  0  0  0  0  52173  0  0  0  0  0  0  15399  0  0  0  0  0  41192  11828  2  0  262  0  0  0  1  0  0  0  1  0  0  0  0  0  0  0  0  0  0  0  0  0  0  0  0  0  0  0  0  0  0  0  0  0  0  0  0  0  0  0  0  0  0  0  0  0  0  0  0  0  0  0  0  0  0  0  0  0  0  0  0  0  0  0  0  0  0  0  0  0  0  0  0  0  0  0  0  0  0  0  0  0  0  0  0  0  0  0  0  0  1  0  0  0  0  0  0  0  0  0  
0  0  0  0  0  0  0  0  0  0  0  0  1  0  0  0  1432  33  0  0  444  0  34882  19  5  6  0  0  0  0  0  0  0  16528  25696  36  24617  19249  0  0  8  0  0  0  0  0  0  4063  0  19292  0  0  0  0  4  2  0  0  4  81  144  0  0  0  0  0  0  0  0  0  0  3603  4464  1  0  0  0  0  0  0  0  0  0  0  0  0  0  0  0  0  0  0  0  0  0  0  0  0  0  0  0  0  0  0  0  0  0  0  0  0  0  0  0  0  0  0  0  0  0  0  0  0  0  0  0  0  0  0  0  0  0  0  0  0  0  0  0  0  0  0  0  0  0  0  0  0  0  0  31757  0  7952  0  0  0  0  0  0  0  0  0  
1  9443  0  6  1  0  0  12  431  19065  93710  4  0  0  0  0  0  0  1041  13568  3707  126823  9515  0  1  182  5  20  2  12052  0  0  0  2  0  306  0  18  0  2  2014  43342  0  0  87  10  0  158  214  0  6977  48  0  5  0  283  9885  20561  3037  25  10961  0  0  0  38154  702  545  82  23  0  135  379  417  11  0  0  0  0  0  0  0  0  41  2  997  0  0  0  0  0  0  0  0  0  0  356  0  0  0  0  0  0  0  40  0  0  0  0  0  0  0  0  0  0  0  110  0  71  0  0  0  0  0  0  0  0  0  0  0  0  0  0  0  0  1  0  0  0  2  1  0  0  0  0  27  0  0  0  2  16  1602  762  224  0  0  0  0  0  0  0  
6  18  26511  20656  0  13  50  17212  99  97  0  261  0  14  7  58  308  0  15  20  12  0  4  0  0  11203  370  148217  157442  108  0  0  0  0  0  56  0  1  0  26  1057  0  0  26  0  27167  0  256  7909  0  0  753  0  333  0  756  18  45  25  0  13  0  0  1  790  1590  52612  42763  33051  0  253  2  91  2  0  0  0  0  0  0  0  0  0  0  0  0  0  0  0  0  0  0  0  0  0  0  0  0  0  0  0  0  0  0  0  0  0  0  0  0  0  0  0  0  0  0  0  0  0  0  0  0  0  0  0  0  0  0  0  0  0  0  0  0  0  0  0  0  0  2  0  0  0  0  0  0  0  0  0  97013  21  5943  6218  29  0  0  0  0  0  0  
0  0  42163  3  0  1  12  34435  12321  130  1  1  0  0  0  626  2  0  0  0  0  0  2  0  0  23  16758  3427  337  48661  0  0  0  0  0  26  0  0  0  0  800  0  0  5  33308  0  0  65  79  0  0  7  0  62  0  2793  0  0  0  0  0  0  0  0  65  1716  20367  129  509  0  21863  0  2  0  0  0  26  0  0  0  0  202  2298  0  0  0  0  0  0  7  0  0  0  0  0  0  0  0  0  0  0  0  0  239  0  0  0  0  0  0  0  0  0  0  0  0  0  0  0  37  0  0  0  0  0  0  0  0  0  0  0  0  0  0  0  0  0  0  0  24  0  0  0  0  370  0  0  0  0  2828  7  3049  1051  17  0  0  0  0  0  0  
3074  0  0  0  521  242  0  0  0  0  0  387  10870  874  24  1  68  28525  0  0  0  0  30  25579  0  0  0  0  1  0  3  1  0  0  2  0  0  0  13488  101  0  0  0  0  0  0  0  3437  6096  0  0  402  21  12  0  0  0  0  0  0  0  65  595  22864  0  14  0  1  0  15  0  0  0  0  0  0  0  0  0  0  0  0  0  0  0  0  0  0  0  0  0  0  0  0  0  0  0  0  0  0  0  0  0  0  0  0  0  0  0  0  0  0  0  0  0  0  0  0  0  0  0  0  0  0  0  0  0  0  0  0  0  0  0  0  0  0  0  0  0  0  0  0  0  0  0  0  0  0  317  0  0  5  54169  0  0  0  0  0  0  0  
0  18  0  1057  0  0  0  36  8  15  0  291  5  3  0  0  39850  8106  26  6  259  2  4225  3328  6  165  6  442  50  14  0  0  35109  26166  43208  492  202  1307  0  0  34578  0  22321  143  845  37  3688  0  3695  1600  0  68  0  3  8  125  13  42  220  49  217  0  0  0  73  31  992  87  11  0  32  357  72712  16218  0  0  0  0  0  0  0  0  0  0  0  0  0  0  0  0  0  0  0  0  0  0  0  0  0  0  0  0  0  0  0  0  0  0  0  0  0  0  0  0  0  0  0  0  0  0  0  0  0  0  0  0  0  0  0  0  0  0  0  0  0  0  0  0  0  0  0  0  0  0  0  0  0  0  11476  22  3896  5591  94568  179  0  0  0  3  0  0  
4811  20  0  45039  847  2034  118  2255  92  130  0  35522  160  14822  455  213  19643  41672  19  7  20  2  47  1536  3  10844  20  908  571  88  1  0  50  17  3  3327  0  4  17233  10108  32598  0  0  85  16515  59  6886  2238  0  0  0  66508  1040  639  0  415  9  63  30  1  63  404  55  1824  507  1438  9057  27964  2745  7  221  1  127  71  0  0  0  0  0  0  0  0  0  0  0  0  0  0  0  0  0  0  0  0  0  0  0  0  0  0  0  0  0  0  0  0  0  0  0  0  0  0  0  0  0  0  0  0  0  0  0  0  0  0  0  0  0  0  0  0  0  0  0  0  0  0  0  0  0  1  0  0  0  0  0  0  0  0  38  2519  1722  808  98983  7  0  20  0  0  0  0  
0  1  0  0  0  0  0  1  0  0  0  0  0  0  0  0  13  0  2  0  43133  0  24278  0  82  83  0  0  0  0  0  0  0  891  1891  292  29673  3157  0  0  23  0  24210  1  2  0  0  3573  2  0  0  2  0  0  55  33  1  0  29  14576  854  0  0  0  1  0  0  1  1  0  2  2180  20744  12  0  0  0  0  0  0  0  0  0  0  0  0  0  0  0  0  0  0  0  0  0  0  0  0  0  0  0  0  0  0  0  0  0  0  0  0  0  0  0  0  0  0  0  0  0  0  0  0  0  0  0  0  0  0  0  0  0  0  0  0  0  0  0  0  0  0  0  0  0  0  0  0  0  0  225  0  26082  2  6  0  0  0  0  0  0  0  
0  45745  0  0  0  0  0  0  0  0  16  0  0  0  0  0  0  0  1760  1157  7212  41279  1  0  0  0  0  0  0  0  0  0  0  0  0  1  0  0  0  0  1  18029  0  17576  2  0  0  0  0  0  0  0  0  0  0  0  2992  2893  13  0  23198  0  0  0  27  0  0  0  0  0  0  4  3  0  0  0  0  0  0  0  0  0  0  0  0  0  0  0  0  0  0  0  0  0  0  1  0  0  0  0  0  0  0  0  0  0  0  0  0  0  0  0  0  0  0  0  0  0  0  0  0  0  0  0  0  0  0  0  0  0  0  0  0  0  0  0  0  0  0  0  0  0  0  0  0  0  0  0  0  0  4  0  1  0  0  0  0  0  0  0  
22839  0  0  17  2402  6160  1976  145  14  2  0  36264  12  45328  106513  1736  0  39  1  0  0  0  5  2669  0  3  3  45  142  5  0  0  0  0  0  12  0  0  685  6953  39  0  0  1  489  7  1077  7  40994  0  0  0  15829  34451  0  23  0  2  1  0  9  15966  5  514  35  3951  170  48741  275  4  11  0  6  2  0  0  0  0  0  0  0  0  0  0  0  0  0  0  0  0  0  0  0  0  0  0  0  0  0  0  0  0  0  0  0  0  0  0  0  0  0  0  0  0  0  0  0  0  0  0  0  0  0  0  0  0  0  0  0  0  0  0  0  0  0  0  0  0  0  10  0  0  0  0  0  0  0  0  0  358  49  633  28560  4  0  62  0  0  0  0  
16510  0  0  0  17020  3802  29  0  0  0  0  2  0  5  123428  4170  0  7  0  0  0  0  0  182  0  0  0  1  0  0  0  0  0  0  0  0  0  0  18  1  0  0  0  0  0  0  210  0  2031  0  0  23587  0  32855  0  0  0  0  0  0  0  52  1  41  0  729  0  4  1  4  0  0  0  0  1  0  0  0  0  0  0  0  0  0  0  0  0  0  0  0  0  0  0  0  0  0  0  0  0  0  0  0  0  0  0  0  0  0  0  0  0  0  0  0  0  0  0  0  0  0  0  0  0  0  0  0  0  0  0  0  0  0  0  0  0  0  0  0  0  8  0  0  0  0  0  0  0  0  0  0  0  77  18927  3  0  293  0  0  0  0  
293  1  0  2  58  9050  8173  460  33  8  0  0  0  3  79997  156376  0  3  1  2  0  0  1  40  0  0  2  13  8  16  0  0  0  0  0  4  0  0  3  0  5  0  0  0  289  9  43  2  503  0  0  45876  31170  0  0  40  2  3  4  0  0  21  0  3  137  2704  29  28449  21162  0  46  0  3  0  0  0  0  0  0  0  2  2  0  0  0  0  0  0  0  0  0  0  0  0  0  0  0  0  0  0  0  0  0  0  0  0  0  0  0  0  0  0  0  0  0  0  0  0  0  0  0  0  0  0  0  0  0  0  0  0  0  0  0  0  0  0  0  0  0  20  0  0  0  0  0  0  0  0  0  41633  2  1642  15994  1  0  78  0  0  0  0  
0  0  0  0  0  0  0  0  0  0  0  0  0  0  0  0  0  0  0  0  1  0  3  0  30760  14872  0  0  0  0  0  0  0  1  0  336  0  0  0  0  2  0  0  0  0  0  0  2  0  0  0  0  0  0  0  6007  0  0  1  0  30  0  0  0  0  0  3  0  0  0  0  1  716  1  0  0  0  0  0  0  0  0  0  0  0  0  0  0  0  0  0  0  0  0  0  0  0  0  0  0  0  0  0  0  0  0  0  0  0  0  0  0  0  0  0  0  0  0  0  0  0  0  0  0  0  0  0  0  0  0  0  0  0  0  0  0  0  0  0  0  0  0  0  0  0  0  0  0  0  0  10  1  0  0  0  0  0  0  0  0  
1  20  0  16  0  0  1  44  3495  3624  0  35  0  2  0  0  2  0  2923  14052  15  1  20  0  69897  35237  124951  215  17  9527  0  0  2  3  0  16526  0  5  0  9  2170  0  0  484  687  649  0  221  390  0  1  91  0  28  4456  0  42  27887  87  2  178  0  0  0  33016  8122  42784  199  140  0  24390  5  18276  10  0  0  0  0  0  0  0  0  0  0  0  0  0  0  0  0  0  0  0  0  0  0  0  0  0  0  0  0  0  0  0  0  0  0  0  0  0  0  0  0  0  0  0  0  0  0  0  0  0  0  0  0  0  0  0  0  0  0  0  0  0  0  0  0  0  0  0  0  0  0  0  0  0  0  3  90  93  4947  873  25  0  0  0  0  0  0  
0  26185  0  1  0  0  0  0  0  0  35  1  0  0  0  0  0  0  119180  2964  717  498  6  0  46  22  0  0  0  1  0  0  0  0  0  38  0  21  0  0  21  42346  0  4683  3  0  0  11  6  0  2442  1  0  2  0  7  0  30097  19179  27  1054  0  0  0  129  1  9  10  9  0  1  183  1647  0  0  0  0  0  0  0  0  0  0  0  0  0  0  0  0  0  0  0  0  0  0  0  0  0  0  0  0  0  0  0  0  0  0  0  0  0  0  0  0  0  0  0  0  0  0  0  0  0  0  0  0  0  0  0  0  0  0  0  0  0  0  0  0  0  0  0  0  0  0  0  0  0  0  0  0  0  13  0  16  0  0  0  0  0  0  0  
0  1254  0  3  0  0  0  12  1  2  2717  0  0  0  0  0  0  0  60137  57265  105  1607  3  0  1405  100  465  7  0  8  0  0  1  0  0  466  0  1  0  0  254  12206  0  13316  58  0  0  131  16  0  1582  5  0  6  0  33398  38174  0  471  2  521  0  0  0  9885  2  75  59  24  0  12  40  10036  1  0  0  0  0  0  0  0  0  0  0  0  0  0  0  0  0  0  0  0  0  0  0  0  0  0  0  0  0  0  0  0  0  0  0  0  0  0  0  0  0  0  0  0  0  0  0  0  0  0  0  0  0  0  0  0  0  0  0  0  0  0  0  0  0  0  0  0  0  0  0  0  0  0  0  2  5  49  16  111  0  0  0  0  0  0  0  
0  25685  0  2  0  0  0  2  0  0  4  1  0  0  0  0  0  0  40984  23  5674  72  379  0  73  11  0  2  0  1  0  0  1  5  0  54  7  25419  0  0  43  9  0  3501  23  0  0  18  50  0  82  11  0  3  0  46  20659  459  0  656  4882  0  0  0  29  0  16  7  5  0  0  24847  29764  2  0  0  0  0  0  0  0  0  0  0  0  0  0  0  0  0  0  0  0  0  0  0  0  0  0  0  0  0  0  0  0  0  0  0  0  0  0  0  0  0  0  0  0  0  0  0  0  0  0  0  0  0  0  0  0  0  0  0  0  0  0  0  0  0  0  0  0  0  0  0  0  0  0  0  3  0  188  4  24  0  0  0  0  0  0  0  
0  3125  0  0  0  0  0  0  0  0  2  0  0  0  0  0  0  0  160  2  63307  4  394  0  22  25  0  0  0  0  0  0  0  19  1  74  33659  781  0  0  12  1  157  56  2  0  0  175  6  19582  2  0  0  0  17  41  87  90  2821  0  10997  0  0  0  2  0  1  1  0  0  0  28690  12273  3  0  0  0  0  0  0  0  0  0  0  0  0  0  0  0  0  0  0  0  0  0  0  0  0  0  0  0  0  0  0  0  0  0  0  0  0  0  0  0  0  0  0  0  0  0  0  0  0  0  0  0  0  0  0  0  0  0  0  0  0  0  0  0  0  0  0  0  0  0  0  0  0  0  0  49  0  11849  1  6  0  0  0  0  0  0  0  
1  17772  0  31  0  0  2  21  2  8  5  8  0  1  0  1  1  0  1702  164  113213  112707  49673  0  32  94  0  1  2  8  0  0  0  37  0  1238  17  392  1  0  1907  88  236  7582  144  2  0  189  685  692  15018  263  0  2  24  395  1742  1861  8526  9612  0  0  0  0  71  7  81  109  37  0  10  14104  7531  9  0  0  0  0  0  0  0  0  0  0  0  0  0  0  0  0  0  0  0  0  11  5  0  0  0  0  0  0  0  0  0  0  0  0  0  0  0  0  0  0  0  0  0  0  0  0  0  0  0  0  0  0  0  0  0  0  0  0  0  0  8  0  0  0  0  0  0  0  0  0  0  0  0  0  113  29  15020  50  239  0  0  0  0  1  0  0  
11170  0  0  0  78  95  2  0  0  0  0  25  1210  20125  20439  2  0  0  0  0  0  0  0  17896  0  0  0  0  0  0  0  0  0  0  0  0  0  0  102  13  0  0  0  0  2  0  338  0  366  0  0  20029  15  21  0  0  0  0  0  0  0  0  1  3141  0  12  1  18  0  4  1  0  0  0  0  0  0  0  0  0  0  0  0  0  0  0  0  0  0  0  0  0  0  0  0  0  0  0  0  0  0  0  0  0  0  0  0  0  0  0  0  0  0  0  0  0  0  0  0  0  0  0  0  0  0  0  0  0  0  0  0  0  0  0  0  0  0  0  0  0  0  0  0  0  0  0  0  0  0  2  0  0  409  0  0  0  0  0  0  0  
343  0  0  0  48  129  0  0  0  0  0  0  0  7  7  0  0  17  0  0  0  0  0  58471  0  0  0  0  0  0  43203  4  0  0  0  0  0  0  43  0  0  0  0  0  0  0  686  5  11  0  0  11  4  0  0  0  0  0  0  0  0  3  0  18090  0  1  0  0  0  7903  0  0  0  0  0  0  0  0  0  0  0  0  0  0  0  0  0  0  0  0  0  0  0  0  0  0  0  0  0  0  0  0  0  0  5  1  0  0  0  0  0  0  0  0  0  0  0  0  0  0  0  0  0  0  0  0  0  0  0  0  0  0  0  0  0  0  0  0  0  0  0  0  0  0  0  0  0  0  9  0  2  131  17965  30  0  0  0  0  0  0  
14976  0  0  1  935  1557  4  1  0  0  0  475  1742  10786  198  8  0  1  0  0  0  0  0  122970  0  0  0  0  0  0  832  5  0  0  0  0  0  0  13400  1091  0  0  1  0  4  0  14947  0  3521  0  0  4626  96  35  0  0  0  0  0  0  0  3900  29537  0  1  29  5  46  9  3177  0  0  0  0  0  0  0  0  0  0  0  0  0  0  0  0  0  0  0  0  0  0  0  0  0  0  0  0  0  0  0  0  0  0  0  0  0  0  0  0  0  0  0  0  0  0  0  0  0  0  0  0  0  0  0  0  0  0  0  0  0  0  0  0  0  0  0  0  0  0  0  0  0  0  0  0  0  0  0  3  0  7  15531  1  0  1  0  0  0  0  
0  93  0  7  0  0  2  18  118  649  52031  10  0  0  0  0  3  0  148  21448  76  345  27  0  7  496  24814  32  6  61197  0  0  5  5  0  1174  0  5  0  2  1378  75  1  46031  234  3  0  521  190  0  157  53  0  29  0  32222  1042  19199  607  4  193  0  0  0  0  129  1161  180  60  0  17556  18  212  14  0  0  0  0  0  0  0  0  1  0  243  0  0  0  0  0  0  0  0  0  0  2  0  0  0  0  0  0  0  9  0  0  0  0  0  0  0  0  0  0  0  0  0  0  0  0  0  0  0  0  0  0  0  0  0  0  0  0  0  0  0  0  0  0  5  0  0  0  0  0  0  0  0  0  6  14  158  234  577  1  0  0  0  0  0  0  
357  0  0  9  70  34473  29917  28122  29723  63958  0  3  0  1  150  174  7  0  1  0  0  13  3  34  0  98  222  1823  102  362  7  11057  0  0  0  165  0  0  3  1  857  0  0  1242  3268  640  15  131  322  0  0  1860  413  540  0  1652  2  0  0  0  3  7  1  10  278  0  1812  1395  335  281  765  0  4  0  33  0  0  0  0  9735  569  251  9720  33  0  0  0  0  3  6  0  0  0  0  0  10  0  0  0  0  0  0  9  28  4  36  0  0  0  0  0  0  0  0  3  0  0  1  24  1  0  0  0  0  0  4  2  2  0  1  0  0  0  0  0  0  0  1  0  18009  6  3  18  7  439  0  0  0  0  843  35  21392  14284  1004  1  6915  0  25  18  0  
1  18  4978  990  0  3  7  181  838  2140  0  183  0  22  2  22  35  0  14  14  13  4  10  1  262  78929  55198  115922  272  2676  0  0  0  0  0  2264  0  1  0  40  8716  0  0  323  43467  24701  1  218  2844  0  0  294  0  67  1  51017  22  64  36  0  29  0  0  2  1873  2257  0  746  408  0  1275  2  172  3  0  0  0  0  0  0  0  0  0  0  0  0  0  0  0  0  0  0  0  0  0  0  0  0  0  0  0  0  0  0  0  0  0  0  0  0  0  0  0  0  0  0  0  0  0  0  0  0  0  0  0  0  0  0  0  0  0  0  0  0  0  0  0  0  0  0  0  0  0  0  0  0  0  0  1  392  74  17703  4553  166  0  0  0  0  0  0  
43  7  0  30125  4  91  275  1693  100  27  0  45626  0  165  21957  446  2  0  3  8  2  0  4  12  1  49  17  116  63332  53  0  0  0  0  0  28  0  0  3  869  48  0  0  17  58889  87  1  5  18058  0  0  47047  6  21867  0  195  6  25  11  0  11  6  0  13  385  1564  1273  0  28536  0  151  0  31  0  0  0  0  0  0  0  0  0  0  0  0  0  0  0  0  0  0  0  0  0  0  0  0  0  0  0  0  0  0  0  0  0  0  0  0  0  0  0  0  0  0  0  0  0  0  0  0  0  0  0  0  0  0  0  0  0  0  0  0  0  0  0  0  0  0  4  0  0  0  0  0  0  0  0  2  2334  7  1538  16785  3  0  18  0  0  0  0  
0  17  0  31  0  4  61  11158  32  34  0  16  0  0  14189  15514  4  1  10  14  10  0  2  0  0  10  167  69  55494  84  0  0  0  0  0  32  0  0  0  3  45  0  0  26  26870  114  0  22  698  0  0  136  1  19973  0  357  15  45  32  0  13  0  0  0  741  384  270  21541  0  0  231  0  68  2  0  0  0  0  0  0  0  0  0  0  0  0  0  0  0  0  0  0  0  0  0  0  0  0  0  0  0  0  0  0  0  0  0  0  0  0  0  0  0  0  0  0  0  0  0  0  0  0  0  0  0  0  0  0  0  0  0  0  0  0  0  0  0  0  0  0  0  0  0  0  0  0  0  0  0  67675  7  525  1302  3  0  2  0  0  0  0  
31778  0  0  0  17450  47278  0  0  0  0  0  0  0  4  33  7950  0  0  0  0  0  0  0  14845  0  0  0  0  0  0  60608  14635  0  0  0  0  0  0  1  0  0  0  0  0  0  0  34  0  0  0  0  9  0  0  0  0  0  0  0  0  0  38  6585  2154  0  194  0  0  0  0  0  0  0  0  1  0  0  0  0  645  0  0  0  0  0  0  0  0  0  64  0  0  0  0  0  0  0  0  0  0  0  0  0  0  2851  498  0  0  0  0  0  0  0  0  0  0  0  0  0  0  0  0  0  0  0  0  0  0  0  0  0  0  0  0  0  0  0  0  0  208  0  0  0  1527  0  0  0  0  0  0  1  149  7785  757  0  0  0  1  0  0  
0  1  130  14  0  0  1  8  22400  1923  8  7  0  0  0  0  1  0  3  4  0  0  8  0  2  449  7328  99  2  40152  0  0  0  0  0  589  0  0  0  2  2530  0  0  115  184  30893  0  79  127  0  0  27  0  5  0  24249  1  10  6  0  11  0  0  0  20024  713  4941  60  17  0  0  0  12  4  0  0  4  0  0  0  0  1  316  0  34  0  0  0  0  0  0  0  0  1  0  0  0  0  0  0  2  0  0  3052  0  0  0  0  0  0  0  0  0  0  0  0  0  0  0  65  0  0  0  0  0  0  0  0  0  0  0  0  0  0  0  0  0  0  28  4  0  0  0  0  7431  0  0  0  1  14  31  2614  736  15  0  0  0  0  0  0  
0  6816  0  1  0  0  0  2  0  0  0  0  0  1  0  0  1  0  591  3  8801  23  232  0  5  9  0  0  0  0  0  0  0  493  200  36  78953  84016  0  0  22  2  5767  192  11  0  0  341  73  3999  9  28  0  0  3  99  313  325  30107  27111  8334  0  0  0  6  0  8  12  2  0  0  0  22721  2  0  0  0  0  0  0  0  0  0  0  0  0  0  0  0  0  0  0  0  0  0  0  0  0  0  0  0  0  0  0  0  0  0  0  0  0  0  0  0  0  0  0  0  0  0  0  0  0  0  0  0  0  0  0  0  0  0  0  0  0  0  0  0  0  0  0  0  0  0  0  0  0  0  0  17  2  458  0  25  0  0  0  0  0  0  0  
0  968  0  56  0  0  0  127  11  36  0  28  0  5  1  0  24  3  45940  211  840  32  1161  1  119517  10570  4  56  31  53  0  0  507  93014  6727  31672  24461  123774  0  4  7785  1  11374  959  816  4  1  71928  667  36693  24  196  1  97  2112  23743  2810  11766  26100  7641  9821  0  0  1  458  30  1209  843  418  0  159  20259  0  5039  0  0  0  0  0  0  0  0  0  0  0  0  0  0  0  0  0  0  0  0  0  0  0  0  0  0  0  0  0  0  0  0  0  0  0  0  0  0  0  0  0  0  0  0  0  0  0  0  0  0  0  0  0  0  0  0  0  0  0  0  0  0  0  0  0  0  0  0  0  0  0  0  0  0  2384  134  15638  248  1114  1  0  0  0  0  0  0  
0  3  0  17  0  0  0  0  0  0  0  2  0  1  0  0  1  2  9  0  1  0  5  0  2  214  0  0  0  0  0  0  41743  29987  4  13628  0  8  0  2  15112  0  4  3  3  1  0  20358  51  0  0  20  0  0  1  26  6  7  141  2  49  0  0  0  1  0  1  0  0  0  2  7  6269  0  0  0  0  0  0  0  0  0  0  0  0  0  0  0  0  0  0  0  0  0  0  0  0  0  0  0  0  0  0  0  0  0  0  0  0  0  0  0  0  0  0  0  0  0  0  0  0  0  0  0  0  0  0  0  0  0  0  0  0  0  0  0  0  0  0  0  0  0  0  0  0  0  0  0  1197  1  188  603  927  0  0  0  0  0  0  0  
2  0  0  0  0  1  0  0  0  0  0  0  0  0  0  0  0  0  0  0  0  0  0  0  0  0  0  0  0  0  6  0  0  0  0  0  0  0  0  0  0  0  0  0  0  0  0  0  0  0  0  0  0  0  0  0  0  0  0  0  0  0  0  0  0  3  0  0  0  1  0  0  0  0  0  0  0  0  41735  18461  35  1  1  0  0  18  190  4252  10596  18654  0  0  0  0  0  0  0  59121  0  0  0  0  0  0  8141  4  0  0  0  0  0  0  1067  16  0  0  0  0  7  0  352  0  152  0  0  4765  15052  14  0  0  0  0  0  0  0  3220  37  5338  0  209  0  75  3  12874  0  0  0  0  0  0  0  0  1  0  0  24032  0  0  17091  0  
0  0  0  0  0  0  0  0  0  0  0  0  0  0  0  0  0  0  0  0  1  1  0  0  0  0  0  0  0  0  0  0  0  0  0  0  0  0  0  0  0  0  0  0  0  0  0  0  0  0  0  0  0  0  0  0  0  0  0  0  2  0  0  0  0  0  0  0  0  0  0  0  0  0  0  0  0  0  0  0  0  0  0  0  1  0  0  0  0  0  1  0  46546  45  40220  527  164  0  0  0  0  0  0  0  0  0  0  0  0  0  39162  34  0  0  0  30079  3  237  1  0  0  5  0  458  14143  0  0  0  0  1  3201  84  18562  15355  21699  0  0  0  3  0  0  0  0  0  0  11  364  0  0  0  0  1  0  0  0  0  473  7  1  0  
0  0  503  0  0  0  0  1  2  0  0  0  0  0  0  13  0  0  0  0  0  0  0  0  0  0  1  0  0  18  0  0  0  0  0  0  0  0  0  0  0  0  0  0  0  24  0  0  0  0  0  0  0  0  0  0  0  0  0  0  0  0  0  0  0  0  0  0  0  0  4  0  0  0  0  0  0  0  0  0  3  5287  24  0  0  0  0  0  0  54351  0  0  0  0  0  0  2  0  0  2  15248  19817  21493  8712  0  0  0  1  0  0  0  0  0  0  8  0  0  0  41373  58502  0  0  0  0  0  0  0  7  0  268  0  0  0  0  0  0  0  0  0  36  9546  2  19  0  23  0  1  0  0  0  0  0  0  0  12  15  0  7  35  7  
0  0  0  0  0  0  0  0  0  1  0  0  0  0  0  0  0  0  0  0  0  0  0  0  0  0  0  0  0  0  0  0  0  0  0  0  0  0  0  0  0  0  0  0  0  0  0  0  0  0  0  0  0  0  0  0  0  0  0  0  0  0  0  0  0  1  0  0  0  0  0  0  0  0  0  0  1  0  0  0  2  1  80  51  0  30588  0  0  0  0  257  56  0  0  0  0  12  0  25  46902  0  18591  23246  1  0  0  10130  1186  138  199  0  0  0  0  42611  0  1  54  31790  2  1  280  34161  0  0  6  4  3  22  169  3  2  0  0  2  0  0  1  76  258  5216  14123  17  0  5  0  241  945  0  0  0  0  0  0  49  21  78  18  1499  130  
0  0  0  0  0  1  0  0  0  0  0  0  0  0  0  2  0  0  0  0  0  0  0  0  0  0  0  0  0  0  12  0  0  0  0  0  0  0  0  0  0  0  0  0  0  0  0  0  0  0  0  0  0  0  0  0  0  0  0  0  0  0  0  0  0  1  0  0  0  7  0  0  0  0  38717  0  0  0  0  14881  46  0  0  0  0  1  0  23  27647  67707  0  2  0  0  0  0  0  2714  0  0  0  0  0  0  0  0  0  0  0  0  0  0  28  0  0  0  0  0  1  0  91  0  1116  0  0  538  17957  12  0  1  0  0  0  0  0  4  5  256  0  67  0  25  0  7073  0  0  0  0  0  0  0  0  1  0  0  3472  0  0  4980  0  
4  0  0  0  2  3352  53  7  0  0  0  0  0  0  0  170  0  0  0  0  0  0  0  0  0  0  0  0  0  0  966  235  0  0  0  0  0  0  0  0  0  0  0  0  0  0  0  0  0  0  0  2  1  0  0  0  0  0  0  0  0  0  0  0  0  10777  0  0  0  1574  0  0  0  0  25274  0  0  2  31717  0  47469  33  10  0  0  13  5  45  34671  108618  0  1  0  0  0  0  0  7954  0  0  0  0  5  0  2189  8915  0  0  0  0  0  0  70  0  0  0  0  0  15  7  304  0  990  0  0  1302  2596  922  0  3  0  0  0  0  0  10  4953  5316  0  38104  1  280  17  41750  1  0  0  0  0  1  0  28  284  16  0  98463  0  0  17963  146  
1  0  0  0  0  145  2822  2769  2  2  0  0  0  0  0  95  0  0  0  0  0  0  0  0  0  0  0  0  0  0  0  0  0  0  0  0  0  0  0  0  0  0  0  0  0  3  0  0  0  0  0  0  2  0  0  0  0  0  0  0  0  0  0  0  0  601  0  1  0  0  0  0  0  0  69  0  5  1  36  57292  0  43095  2009  1  0  2  0  6  92  87455  0  2  0  0  0  0  0  4  0  0  4  5  164  0  0  0  0  0  0  0  0  0  7  0  1  0  0  0  325  566  10  0  94  0  0  657  176  4784  0  51  0  0  0  0  0  0  0  22  0  41279  47  352  2782  0  103  0  3  0  0  779  0  0  7  0  9  6452  0  5  786  15  
0  0  23  0  0  3  922  4486  129  24  0  0  0  0  0  288  0  0  0  0  0  0  0  0  0  0  0  0  0  6  0  0  0  0  0  0  0  0  0  0  0  0  0  0  0  152  0  0  0  0  0  0  0  0  0  0  0  0  0  0  0  0  0  0  0  1423  0  1  0  0  11  0  0  0  1  0  2704  0  2  412  51382  0  16712  1  0  0  0  1  8  68609  0  1  0  0  0  0  7  0  0  1  3  27  19532  0  0  0  0  0  0  0  0  0  1  0  23  0  1  0  19882  32794  0  1  17  0  0  21  7  198  0  50  0  0  0  0  0  0  0  2  0  25002  252  82  32671  0  150  0  2  0  0  1217  0  0  3  0  67  4736  3  30  605  124  
0  0  25  0  0  0  4  468  1154  1896  0  0  0  0  0  11  0  0  0  0  0  7  0  0  0  0  0  1  0  505  0  0  0  0  0  0  0  0  0  0  0  0  0  13  0  472  0  0  0  0  0  0  0  0  0  0  0  0  0  0  0  0  0  0  1  5821  2  0  0  0  628  0  0  0  0  0  28  10  0  56  1400  12334  0  3509  2  18  0  1  1  25  4  0  0  2  0  11  1  0  11  23  6  14  11  7585  0  0  0  67  0  18  0  0  0  0  833  0  4  173  220  9304  0  55  131  0  0  2  0  14  5  1182  0  2  0  0  4  0  0  0  8208  20576  424  445  12  0  25567  0  154  8  0  0  4  15  0  0  20  40  187  23  161  15  
0  0  0  0  0  0  0  0  0  161  0  0  0  0  0  0  0  0  0  0  0  10  0  0  0  0  0  0  0  2  0  0  0  0  0  0  0  0  0  0  0  0  0  1  0  0  0  0  0  0  0  0  0  0  0  0  0  0  0  0  0  0  0  0  1  25  0  0  0  0  0  0  0  0  0  0  0  76  0  1  2  2  14451  0  2  19  0  0  2  1  3  1  2  45  0  749  3104  0  27  50  13  2  5  10462  0  0  0  41  0  18  0  0  0  0  1728  0  1  23129  118  8  0  32  171  0  0  0  0  14  2  1628  8  120  0  0  1  0  0  0  8776  18621  408  216  11  0  349  0  184  3  0  0  1  78  0  0  27  13  5366  576  201  27  
0  0  0  0  0  0  0  0  1  10  31697  0  0  0  0  0  0  0  0  457  0  10460  0  0  0  0  2  0  0  485  0  0  0  0  0  0  0  0  0  0  0  0  0  502  0  0  0  0  0  0  0  0  0  0  0  0  0  0  0  0  0  0  0  0  121  0  0  0  0  0  22  0  0  0  0  0  0  0  0  0  0  0  0  0  0  0  0  0  0  0  0  0  789  68807  0  14759  0  0  0  0  1146  0  0  4683  0  0  0  0  0  0  0  0  0  0  0  39189  0  95897  0  0  0  0  0  0  86  0  0  0  0  1  133  31873  0  0  34  0  0  0  74313  0  0  0  0  0  7  0  2  0  0  0  0  0  0  0  0  0  0  0  0  0  
0  0  0  0  0  0  0  0  0  0  0  0  0  0  0  0  0  0  0  0  0  0  0  0  0  0  0  0  0  0  0  0  0  0  0  0  0  0  0  0  0  0  0  0  0  0  0  0  0  0  0  0  0  0  0  0  0  0  0  0  0  0  0  0  0  0  0  0  0  0  0  0  0  0  14  0  0  42247  0  15  7  0  376  133  0  0  15  18034  150  7  613  680  0  1  0  0  0  32  2  88  0  4  5656  0  0  0  16  156  41  0  0  0  639  35468  42  0  0  7  2282  0  140  52  36966  0  0  19879  50  4  0  42  0  2  0  0  1  0  0  5  11  1505  56  52782  5  0  29  0  8  0  0  0  0  0  0  0  0  49  40  2  886  0  
0  0  0  0  0  0  0  0  0  0  0  0  0  0  0  0  0  0  0  0  0  0  0  0  0  0  0  0  0  0  0  0  0  0  0  0  0  0  0  0  0  0  0  0  0  0  0  0  0  0  0  0  0  0  0  0  0  0  0  0  0  0  0  0  0  0  0  0  0  0  0  0  0  0  125  0  0  0  0  3  0  0  0  0  0  17  0  14387  28  0  0  14  0  0  0  0  0  41986  0  0  0  0  0  0  0  2  0  0  0  0  0  0  23398  3  0  0  0  0  0  0  7557  0  786  0  0  15  4  0  0  0  0  0  0  0  0  7529  8  5642  0  1  0  1  0  0  0  0  0  0  0  0  0  0  0  0  0  16  0  0  89  0  
0  0  0  0  0  0  0  0  0  0  0  0  0  0  0  0  0  0  0  0  0  0  0  0  0  0  0  0  0  0  0  0  0  0  0  0  0  0  0  0  0  0  0  0  0  0  0  0  0  0  0  0  0  0  0  0  0  0  0  0  0  0  0  0  0  0  0  0  0  0  0  0  0  0  490  0  0  0  17  137  3  1  0  0  0  26579  14015  0  14435  4  0  4  0  0  0  0  0  524  0  0  0  0  0  0  0  0  0  5  2  0  0  0  33166  17171  0  0  0  0  2  0  58  0  8435  0  0  55459  372  1  0  0  0  0  0  0  0  9059  0  374  0  13  1  416  2  0  0  0  0  0  0  0  0  0  0  0  0  176  0  0  245  0  
0  0  0  0  0  0  0  0  0  0  0  0  0  0  0  0  0  0  0  0  0  0  0  0  0  0  0  0  0  0  0  0  0  0  0  0  0  0  0  0  0  0  0  0  0  0  0  0  0  0  0  0  0  0  0  0  0  0  0  0  0  0  0  0  0  1  0  0  0  0  0  0  0  0  10041  0  1  2  17510  12356  98  10  4  1  0  48  74  24509  0  30080  0  1  0  0  0  0  0  5941  0  0  0  4  4376  0  0  0  0  0  0  1  0  0  199  3  1  0  0  0  189  1  62  0  563  0  0  107437  111689  58437  0  10  0  0  0  0  0  16711  0  127  0  140  6  44794  11853  0  0  0  2  0  0  0  0  0  0  0  1  2178  0  0  2068  0  
0  0  49  0  5  54  24  42  0  0  0  0  0  0  0  987  0  0  0  0  0  0  0  0  0  0  0  0  0  0  116  0  0  0  0  0  0  0  0  0  0  0  0  0  0  1  0  0  0  0  0  0  0  0  0  0  0  0  0  0  0  0  0  0  0  4  0  0  0  79  0  0  0  0  21721  0  44093  0  88924  102264  73762  81183  23  0  0  6  0  10  33625  0  0  1  0  0  0  0  0  4804  0  0  1  0  7897  0  1433  0  0  0  0  0  0  0  3  0  1  0  0  0  3284  11268  6  0  86  0  0  1081  3516  119962  0  17  0  0  0  0  0  0  12  175  0  739  8  310  27406  20826  1  0  0  0  0  47  0  0  0  0  4  2894  1  2  1048  7  
0  0  0  0  0  0  0  0  0  0  0  0  0  0  0  0  0  0  0  0  0  0  0  0  0  0  0  0  0  0  0  0  0  0  0  0  0  0  0  0  0  0  0  0  0  0  0  0  0  0  0  0  0  0  0  0  0  0  0  0  0  0  0  0  0  0  0  0  0  0  0  0  0  0  0  0  0  565  0  0  1  2  24  8  0  808  0  0  0  2  0  51137  0  0  0  0  15319  68  2  8  4  13  37  0  0  0  147  6  8581  2  0  1  0  0  13908  0  2170  1  251  2  64  29863  13217  1  0  0  0  1  0  54  1  2  0  0  0  0  0  0  5  98  29  3  8  0  0  0  36  20  0  0  0  1  0  0  7733  3  20  319  53040  13  
0  0  0  0  0  0  0  0  0  0  0  0  0  0  0  0  0  0  0  0  0  0  0  0  0  0  0  0  0  0  0  0  0  0  0  0  0  0  0  0  0  0  0  0  0  0  0  0  0  0  0  0  0  0  0  0  0  0  0  0  0  0  0  0  0  1  0  0  0  0  0  0  0  0  1  0  0  345  7  12  5  2  31  32  0  2084  32  106  31  7  43625  0  0  0  0  0  37774  10788  0  27  5  20  51  1  0  0  0  5  5461  0  0  0  2  66  405  0  31  4  472  3  32571  227  50317  0  0  44  9  5  0  125  0  0  0  0  0  0  101  0  2  309  80  18  31  0  1  0  3  1  0  0  0  0  0  0  2279  47  18  39  67156  30  
0  0  0  0  0  0  0  0  0  0  0  0  0  0  0  0  0  0  0  0  0  0  0  0  0  0  0  0  0  0  0  0  0  0  0  0  0  0  0  0  0  0  0  0  0  0  0  0  0  0  0  0  0  0  0  0  0  0  0  0  0  0  0  0  0  0  0  0  0  0  0  0  0  0  0  35993  0  0  0  0  0  0  0  0  125  1  0  0  0  0  0  0  0  15479  430  344  32  0  20889  0  0  0  0  0  0  0  0  1  0  0  105  133  0  0  3  55435  1  1042  1  0  0  32  12  17  4436  0  0  0  0  202  132835  51174  23521  8  7205  0  0  0  75  0  0  9  0  0  0  299  33129  0  0  0  0  0  0  0  14  0  150  10  3  0  
0  0  0  0  0  0  0  0  0  0  1322  0  0  0  0  0  0  0  0  2801  0  0  0  0  0  0  0  0  0  8  0  0  0  0  0  0  0  0  0  0  0  0  0  0  0  0  0  0  0  0  0  0  0  0  0  0  0  0  0  0  0  0  0  0  0  0  0  0  0  0  1  0  0  0  0  11  0  0  0  0  0  0  0  0  61279  0  0  0  0  0  1  0  18414  0  3  1362  2  0  1018  0  16945  0  0  821  0  0  0  0  0  0  0  0  0  0  2  50329  0  2742  1  0  0  4  6  0  957  0  0  0  0  13821  3099  63190  2  0  853  0  0  0  18816  1  0  4  0  0  0  0  39  0  0  0  0  0  0  0  2  0  11  2  3  1  
0  0  0  0  0  0  0  0  0  0  0  0  0  0  0  0  0  0  0  0  17  134  4  0  0  0  0  0  0  0  0  0  0  0  0  0  0  0  0  0  0  0  0  1  0  0  0  0  0  0  0  0  0  0  0  0  0  0  0  0  60  0  0  0  0  0  0  0  0  0  0  0  0  0  0  40773  0  0  0  0  0  0  0  0  1  0  0  0  0  0  0  0  567  24  0  7089  15760  0  0  0  0  0  0  0  0  0  0  0  2  0  9567  115  0  0  0  2013  19  37  0  0  0  2  1  48156  14220  0  0  0  0  2  995  37  4803  45163  89606  0  0  0  3  0  0  0  0  0  0  84  317  0  0  0  2  7  0  0  4  0  2120  217  0  0  
0  1  0  0  0  0  0  0  0  15  366  0  0  0  0  0  0  0  0  0  1  22440  13  0  0  0  0  0  0  28  0  0  0  0  0  0  0  0  0  0  0  0  0  391  0  0  0  0  0  0  0  0  0  0  0  0  0  0  0  0  23  0  0  0  0  2  0  0  0  0  0  0  0  0  0  247  0  3  0  0  0  0  111  1665  15277  1  0  0  0  0  0  0  347  5057  12059  0  11962  0  4  2  1  0  0  180  0  0  0  0  0  0  1  0  0  0  42  33030  0  132926  1  0  0  1  11  1  42578  0  0  0  0  62  1559  6092  124  8  92308  0  0  0  1822  140  6  1  0  0  8  3  453  0  0  0  2  11  1  0  8  0  851  383  109  5  
0  0  0  0  0  0  0  0  0  0  0  0  0  0  0  0  0  0  0  0  0  0  0  0  0  0  0  0  0  0  0  0  0  0  0  0  0  0  0  0  0  0  0  0  0  0  0  0  0  0  0  0  0  0  0  0  0  0  0  0  0  0  0  0  0  1  0  0  0  0  0  0  0  0  0  102  0  25  0  1  0  0  163  3188  1  11  0  0  0  0  19061  45241  7  23  12251  9282  0  11916  12  41  2  0  2  0  130  286  0  2  15664  1  957  101  0  0  400  1  34419  8613  19  3  836  2296  28  21886  20  0  0  0  2  295  135  137  1375  2423  48967  0  10816  0  346  246  22  16  0  0  8  106  1837  0  0  0  0  3  0  0  43224  664  58297  1116  38672  2731  
1  0  0  0  0  0  0  0  0  0  0  0  0  0  0  0  0  0  0  0  0  0  0  0  0  0  0  0  0  0  20  0  0  0  0  0  0  0  0  0  0  0  0  0  0  0  0  0  0  0  0  0  0  0  0  0  0  0  0  0  0  0  1  0  0  0  0  0  0  1  0  0  0  0  59756  0  0  0  889  4377  6  1  0  0  0  34  52820  1748  6496  598  13  16764  0  0  0  0  16642  0  0  0  0  0  0  0  18173  55  0  0  0  0  0  0  5026  8  0  0  0  0  2  0  35903  0  22  0  0  187  283  1  0  1  0  0  0  0  0  39365  87871  110104  0  17  0  12  1  8369  0  0  0  0  0  0  0  0  0  0  24  1242  0  2  17227  0  
0  0  0  0  0  0  0  0  0  0  0  0  0  0  0  0  0  0  0  0  0  0  0  0  0  0  0  0  0  0  0  0  0  0  0  0  0  0  0  0  0  0  0  0  0  0  0  0  0  0  0  0  0  0  0  0  0  0  0  0  0  0  0  0  0  0  0  0  0  0  0  0  0  0  0  5  0  36  0  0  0  0  573  16  1  13  0  1  1  1  10  0  18836  1128  1  15  22  0  0  38252  2160  46  2  0  0  0  0  54  1  2885  0  3  0  0  2842  1  23  100  57  0  0  321  81  4  22  0  1  2  13026  78995  96  16350  11  0  365  0  0  0  583  203  1084  191  1  0  72  0  98140  7  0  0  0  0  0  0  138  7  1050  112  191  14  
0  0  0  0  0  0  0  0  0  0  0  0  0  0  0  0  0  0  0  0  0  0  0  0  0  0  0  0  0  0  0  0  0  0  0  0  0  0  0  0  0  0  0  0  0  0  0  0  0  0  0  0  0  0  0  0  0  0  0  0  0  0  0  0  0  0  0  0  0  0  0  0  0  0  0  0  0  40754  0  0  0  2  82  16  0  53  0  7  3  1  10  17  0  2  0  0  57  0  35655  0  46  9515  11  0  0  0  1789  3734  2  60532  0  6  2  0  47872  0  4  7  5255  13  0  148  663  2  0  0  2  8  3619  881  4  3  0  0  0  0  0  0  15  266  77332  214  5  0  8  0  16089  366  0  0  0  1  0  0  292  35  170  132  1350  363  
0  0  1  0  0  0  0  0  0  0  0  0  0  0  0  0  0  0  0  2  0  0  0  0  0  0  0  0  0  19  0  0  0  0  0  0  0  0  0  0  0  0  0  0  0  0  0  0  0  0  0  0  0  0  0  0  0  0  0  0  0  0  0  0  0  2  0  0  0  0  0  0  0  0  0  0  19279  1  0  0  6  19  35  4  602  2  0  0  4  3  0  1  3  14982  0  0  5  0  1984  16  0  276  123  99984  0  0  0  0  0  0  0  0  0  0  51  0  1  36  183  27822  0  10  13  0  3  0  0  24  1249  121836  53  163  1  0  4  0  0  0  15329  288  24869  19  36  0  3406  0  103  0  0  0  0  1  0  0  35  28  27  24  341  27  
0  0  0  0  0  0  0  0  0  0  0  0  0  0  0  0  0  0  0  0  0  0  0  0  0  0  0  0  0  0  0  0  0  0  0  0  0  0  0  0  0  0  0  0  0  0  0  0  0  0  0  0  0  0  0  0  0  0  0  0  0  0  0  0  0  0  0  0  0  0  0  0  0  0  0  0  16205  20614  0  1  3  15  26  0  0  2  0  0  0  1  0  2  0  0  0  0  5  0  13  10742  164  0  6121  0  0  0  0  0  0  1  0  0  0  0  54  0  0  0  142978  2420  0  0  74  0  0  0  0  14  2  393  0  0  0  0  0  0  0  0  1  278  110119  9  9  0  1  0  3  0  0  0  0  0  0  0  49  33  1  15  208  28  
0  0  0  0  0  0  0  1  0  0  0  0  0  0  0  0  0  0  0  0  0  0  0  0  0  0  0  0  0  0  0  0  0  0  0  0  0  0  0  0  0  0  0  0  0  0  0  0  0  0  0  0  0  0  0  0  0  0  0  0  0  0  0  0  0  1  0  0  0  0  0  0  0  0  0  0  28221  40725  1  22  154  13295  107  7  0  5653  0  2  3620  7644  0  10  0  0  0  0  25  0  4  4  46  7147  0  2  0  0  0  7  0  3  0  0  0  0  82  0  0  2  167759  2392  0  2  146  0  0  150  0  1266  0  1195  0  0  0  0  0  0  0  0  13  268  2108  78746  66351  0  8  0  34  0  0  0  0  0  0  0  147  1541  30  120  8193  980  
0  0  456  0  0  0  0  0  226  589  504  0  0  0  0  0  0  0  0  57  0  178  0  0  0  0  299  0  0  9733  0  0  0  0  0  0  0  0  0  0  0  0  0  10  0  61  0  0  0  0  0  0  0  0  0  0  0  0  0  0  1  0  0  0  8  29  0  0  0  0  2371  0  0  0  0  0  14164  0  0  0  0  0  9508  10686  8205  0  0  0  0  0  0  0  0  166  0  343  0  0  0  0  113698  2  1  0  0  0  0  0  0  0  0  0  0  0  8  0  0  912  7  26414  0  1  0  0  0  0  0  0  0  11007  0  0  0  0  0  0  0  0  69961  43  9  1  1  0  67165  0  2  0  0  0  1  0  0  0  3  0  1  0  4  0  
10  0  0  0  0  145  0  0  0  0  0  0  0  0  0  0  0  0  0  0  0  0  0  24  0  0  0  0  0  0  1495  158  0  0  0  0  0  0  0  0  0  0  0  0  0  0  0  0  0  0  0  0  0  0  0  0  0  0  0  0  0  0  12  0  0  14  0  0  0  1396  0  0  0  0  6831  0  0  0  0  1079  0  0  0  0  0  0  0  0  0  1166  0  0  0  0  0  0  798  19035  0  0  0  0  0  0  0  27303  0  0  0  0  0  0  0  0  0  0  0  0  0  0  0  0  0  0  0  0  0  0  0  0  0  0  0  0  0  0  53966  7  0  13  0  0  0  39327  0  0  0  0  0  0  0  24  8  3  17  161  65  31  19649  51  
0  0  0  0  0  44  0  0  0  0  0  0  0  0  0  0  0  0  0  0  0  0  0  0  0  0  0  0  0  0  913  103  0  0  0  0  0  0  0  0  0  0  0  0  0  0  0  0  0  0  0  0  0  0  0  0  0  0  0  0  0  0  1  0  0  132  0  0  0  1076  0  0  0  0  1  0  0  0  0  8856  0  0  0  0  0  0  0  0  0  0  0  1  0  0  0  0  1514  36  0  0  0  0  0  0  26301  0  0  0  0  0  0  0  0  0  0  0  0  0  0  0  2  0  0  0  0  0  0  0  0  0  0  0  0  0  0  0  22277  10  0  11702  0  0  0  8049  0  0  0  0  0  0  0  259  7  10  342  5506  944  244  24126  2466  
0  0  0  0  0  0  0  0  0  0  0  0  0  0  0  0  0  0  0  0  0  0  0  0  0  0  0  0  0  0  0  0  0  0  0  0  0  0  0  0  0  0  0  0  0  0  0  0  0  0  0  0  0  0  0  0  0  0  0  0  0  0  0  0  0  0  0  0  0  0  0  0  0  0  0  0  0  10029  0  0  0  0  0  0  0  110  0  0  0  0  168  5  0  0  0  0  2  0  0  2805  0  0  0  0  0  0  0  31622  12259  1214  0  2  0  0  13598  0  51  0  1  0  0  41799  12  4  0  0  0  0  1  2  1  0  1  0  0  0  0  0  1  0  3  0  0  0  0  0  2238  47666  0  0  0  1  0  0  174  0  36  82  47  0  
0  0  0  0  0  0  0  0  0  0  0  0  0  0  0  0  0  0  0  0  0  0  0  0  0  0  0  0  0  0  0  0  0  0  0  0  0  0  0  0  0  0  0  0  0  0  0  0  0  0  0  0  0  0  0  0  0  0  0  0  0  0  0  0  0  1  0  0  0  0  0  0  0  0  0  0  0  1370  0  0  0  0  75  39  0  86  0  16  0  0  25  1  0  1  0  0  8  1  11  4118  0  0  0  1  0  0  18400  0  88414  54837  0  3837  0  0  1800  0  23749  38  3  6  0  6428  2  76  0  0  0  1  4  87  2  5  5  20  0  0  0  0  9  101  19  12  0  0  6  7  80888  21668  0  0  0  1  0  0  43  0  296  242  231  2  
0  0  0  0  0  0  0  0  0  0  0  0  0  0  0  0  0  0  0  0  0  0  0  0  0  0  0  0  0  0  0  0  0  0  0  0  0  0  0  0  0  0  0  0  0  0  0  0  0  0  0  0  0  0  0  0  0  0  0  0  0  0  0  0  0  0  0  0  0  0  0  0  0  0  0  3  0  199  0  0  0  0  0  0  0  123  0  4  0  0  18731  4456  0  0  3  0  21425  16  0  0  0  0  0  0  0  0  8375  78630  0  15  6  377  0  0  4  0  35205  0  0  0  11  47936  5  298  0  0  0  0  0  1  0  1  43  151  8  0  0  0  0  0  0  0  0  0  0  39  32922  246  0  0  0  0  0  0  4874  0  149  5  77  0  
0  0  0  0  0  0  0  0  0  0  0  0  0  0  0  0  0  0  0  0  0  0  0  0  0  0  0  0  0  0  0  0  0  0  0  0  0  0  0  0  0  0  0  0  0  0  0  0  0  0  0  0  0  0  0  0  0  0  0  0  0  0  0  0  0  2  0  0  0  0  0  0  0  0  0  0  0  357  0  0  0  1  341  66  0  9  0  0  0  0  23  2  0  3  0  0  22  0  3393  54660  1  1  3  0  0  0  1459  66829  7  0  0  5  0  0  34474  0  14  42  24  11  0  571  80  2  0  0  0  1  1065  1203  4  6  0  0  1  0  0  0  21  606  1915  37  3  0  21  0  9166  21760  0  0  0  1  0  0  157  7  606  298  977  33  
0  0  0  0  0  0  0  0  0  0  0  0  0  0  0  0  0  0  0  0  0  0  0  0  0  0  0  0  0  0  0  0  0  0  0  0  0  0  0  0  0  0  0  0  0  0  0  0  0  0  0  0  0  0  0  0  0  0  0  0  0  0  0  0  0  0  0  0  0  0  0  0  0  0  0  25318  0  0  0  0  0  0  0  0  0  0  0  0  0  0  0  0  112  0  9140  0  769  0  0  0  0  0  0  0  0  0  0  0  2  0  0  51252  0  0  0  0  24240  0  0  0  0  0  0  42438  0  0  0  0  0  0  1  1  21560  67318  169  0  0  0  0  0  0  0  0  0  0  89583  154  0  0  0  0  0  0  0  0  0  164  0  0  0  
0  0  0  0  0  0  0  0  0  0  0  0  0  0  0  0  0  0  0  0  0  0  0  0  0  0  0  0  0  0  0  0  0  0  0  0  0  0  0  0  0  0  0  0  0  0  0  0  0  0  0  0  0  0  0  0  0  0  0  0  0  0  0  0  0  0  0  0  0  0  0  0  0  0  0  208  0  0  0  0  0  0  1  0  0  0  0  0  0  0  4  0  78  0  228  2  221  0  16  13  0  0  0  0  0  0  0  3251  364  21  61030  0  0  0  0  0  21564  3  0  0  0  339  0  20274  4  0  0  0  0  22  13  14  13851  12490  421  0  0  0  4  1  0  0  0  0  1  93080  124397  0  0  0  0  0  0  0  539  0  10987  11  6  0  
0  0  0  0  0  0  0  0  0  0  0  0  0  0  0  0  0  0  0  0  0  0  0  0  0  0  0  0  0  0  0  0  0  0  0  0  0  0  0  0  0  0  0  0  0  0  0  0  0  0  0  0  0  0  0  0  0  0  0  0  0  0  0  0  0  0  0  0  0  0  0  0  0  0  1930  0  0  2  202  334  12  0  1  0  0  1167  19392  35849  298  13  0  1  0  0  0  0  0  2188  0  0  0  0  2  0  0  1  0  0  0  0  0  0  0  1756  0  0  0  0  19  0  6597  0  15969  0  0  4216  957  6  0  5  0  0  0  0  0  1239  7  7817  0  14  2  340  4  0  0  0  0  0  0  0  0  0  0  0  0  354  0  0  609  1  
0  0  0  0  0  0  0  0  0  0  0  0  0  0  0  0  0  0  0  0  0  0  0  0  0  0  0  0  0  0  0  0  0  0  0  0  0  0  0  0  0  0  0  0  0  0  0  0  0  0  0  0  0  0  0  0  0  0  0  0  0  0  0  0  0  0  0  0  0  0  0  0  0  0  9  0  0  1  0  1  0  0  1  0  0  41647  10  20641  3  0  0  36  0  0  0  0  0  10  0  0  0  0  0  0  0  0  0  0  0  0  0  0  1204  0  0  0  0  0  4  0  13  0  10026  0  0  1678  11  0  0  0  0  0  0  0  0  0  0  4  0  10  0  7506  0  0  0  0  0  0  0  0  0  0  0  0  0  8  0  0  31  0  
0  0  0  0  0  0  0  0  0  4  0  0  0  0  0  0  0  0  0  0  0  0  0  0  0  0  0  0  0  0  0  0  0  0  0  0  0  0  0  0  0  0  0  0  0  0  0  0  0  0  0  0  0  0  0  0  0  0  0  0  0  0  0  0  0  4  0  0  0  0  0  0  0  0  0  0  1  34451  0  3  21  28  1755  1993  0  229  0  3  45  9  11951  307  0  25  0  2  356  0  3214  39432  52  325  897  1  0  0  15373  4293  16  34398  0  0  7  1  0  0  109  509  7940  93  0  29159  25880  13  2  11  2  348  1366  3310  28  92  1  0  9  0  0  0  332  7827  21886  741  177  0  137  0  11520  10759  0  0  0  19  0  0  1714  225  8867  8338  72463  2411  
0  0  0  0  0  0  0  0  0  0  255  0  0  0  0  0  0  0  0  13  0  103  0  0  0  0  0  0  0  0  0  0  0  0  0  0  0  0  0  0  0  0  0  71  0  0  0  0  0  0  0  0  0  0  0  0  0  0  0  0  0  0  0  0  0  0  0  0  0  0  0  0  0  0  0  24548  0  0  0  0  0  0  0  0  35279  0  0  0  0  0  0  0  54472  45594  2094  35861  2  0  0  0  0  0  0  0  0  0  0  0  0  0  0  0  0  0  0  0  0  36478  0  0  0  0  0  0  40599  0  0  0  0  1  10048  576  4  0  1701  0  0  0  5  0  0  0  0  0  0  0  11  0  0  0  0  0  0  0  0  0  5  0  0  0  
0  0  0  0  0  0  0  0  0  0  0  0  0  0  0  0  0  0  0  0  0  0  0  0  0  0  0  0  0  0  0  0  0  0  0  0  0  0  0  0  0  0  0  0  0  0  0  0  0  0  0  0  0  0  0  0  0  0  0  0  0  0  0  0  0  0  0  0  0  0  0  0  0  0  0  20  0  0  0  0  0  0  2  1  0  0  0  0  0  0  1143  3  0  0  19  1  30201  2  5  8  0  0  0  0  0  0  5  21831  27873  12  35184  22056  0  0  35  0  0  0  0  0  0  6184  0  27674  0  0  0  0  1  4  2  5  201  671  89  0  0  0  0  6  3  0  0  0  0  3162  27060  2  0  0  0  0  0  0  37532  0  1526  13  28  0  
0  0  0  0  0  0  0  0  0  8  40  0  0  0  0  0  0  0  0  0  0  682  0  0  0  0  0  0  0  3  0  0  0  0  0  0  0  0  0  0  0  0  0  22  0  0  0  1  0  0  0  0  0  0  0  0  0  0  0  0  0  0  0  0  0  4  0  0  0  0  0  0  0  0  0  178  0  64  0  0  0  0  2681  21071  105212  12  0  0  0  0  3  2  2025  9854  12  133737  7163  0  61  71  12  0  6  1092  0  0  0  20  0  4  0  1  0  0  895  16944  5  0  53  2  0  73  186  1  9700  0  0  4  0  1552  16249  17639  404  10  7227  0  0  1  83600  466  92  119  1  0  54  2  6152  1  0  0  1  18  0  0  83  7  1726  478  592  56  
0  0  0  0  0  0  0  0  0  1  0  0  0  0  0  0  0  0  0  0  0  0  0  0  0  0  0  0  0  0  0  0  0  0  0  0  0  0  0  0  0  0  0  0  0  0  0  0  0  0  0  0  0  0  0  0  0  0  0  0  0  0  0  0  0  17  0  1  0  0  0  0  0  0  12  0  35141  32286  2  52  420  21724  679  78  0  732  1  61  345  5098  7  62  0  0  0  0  132  0  29  7418  282  157841  169095  12  0  0  0  32  0  20  0  0  49  11  1978  0  0  10  0  17176  9  15  10148  0  0  280  27  2561  13  3006  0  3  0  0  1  0  0  9  42  4051  108554  20494  33791  0  32  0  227  1  0  0  0  2  0  0  769  4406  69  261  18245  2582  
0  0  170  0  0  0  0  23  89  4  0  0  0  0  0  34  0  0  0  0  0  0  0  0  0  0  0  0  0  16  0  0  0  0  0  0  0  0  0  0  0  0  0  0  0  17  0  0  0  0  0  0  0  0  0  0  0  0  0  0  0  0  0  0  0  11  0  0  0  0  198  0  0  0  0  0  54948  4  1  36  535  31749  14289  31  0  8  0  0  16  6008  3  23  0  1  0  0  90  0  18  65  38305  4080  470  23524  0  0  0  11  0  8  0  0  0  0  449  0  2  4  22157  0  0  25  100  0  0  4  0  187  3  28258  0  3  0  0  0  0  0  0  136  5611  4886  225  111  0  22033  0  73  0  0  4  0  5  0  0  596  761  51  365  3548  298  
0  0  0  0  0  0  0  0  0  0  0  0  0  0  0  0  0  0  0  0  0  0  0  0  0  0  0  0  0  0  0  0  0  0  0  0  0  0  0  0  0  0  0  0  0  0  0  0  0  0  0  0  0  0  0  0  0  0  0  0  0  0  0  0  0  0  0  0  0  0  0  0  0  0  5537  0  0  0  187  448  2  0  0  0  0  447  6547  356  188  8  3  24232  0  0  0  0  736  40058  0  0  0  0  0  0  0  26  0  0  1  0  0  0  7153  22  0  0  0  0  3  0  0  0  8626  0  0  503  1063  6  0  0  0  0  0  0  0  323  5012  14072  0  7  0  16  0  2  0  0  0  0  0  0  0  0  0  0  0  586  0  0  71431  0  
0  0  0  0  0  0  0  0  0  0  0  0  0  0  0  0  0  0  0  0  0  0  0  0  0  0  0  0  0  0  0  0  0  0  0  0  0  0  0  0  0  0  0  0  0  0  0  0  0  0  0  0  0  0  0  0  0  0  0  0  0  0  0  0  0  0  0  0  0  0  0  0  0  0  0  3  0  166  0  0  1  0  99  25  0  43  0  1  0  0  38403  4639  3  16  2  0  1693  0  87  116  3  1  3  0  0  0  24917  9645  41349  217  2  219  0  0  20090  0  15133  14  40  4  0  0  88  305  3  0  0  1  38  428  20  75  95  85  23  0  0  0  95  127  72  105  1  0  14  16  101785  13796  0  0  0  3  0  0  18001  10  2297  5315  40945  21  
0  0  0  0  0  0  0  0  0  2  0  0  0  0  0  0  0  0  0  0  0  0  0  0  0  0  0  0  0  0  0  0  0  0  0  0  0  0  0  0  0  0  0  0  0  0  0  0  0  0  0  0  0  0  0  0  0  0  0  0  0  0  0  0  0  8  0  0  0  0  0  0  0  0  1288  0  4  35356  1190  3210  658  134  695  380  0  41476  86  8875  4808  577  10452  42101  0  1  0  0  17  49  10  1093  77  297  1697  1  0  0  10  12  1  13  0  0  12444  8939  23350  0  0  17  32783  63  10369  91  0  0  0  14607  4269  592  11  1733  0  0  0  0  0  32  0  170  40  4447  1613  23122  845  1  43  0  74  1  0  0  0  0  0  0  74  2819  148  60  97864  354  
0  0  0  0  0  0  0  0  0  0  0  0  0  0  0  0  0  0  0  0  0  0  0  0  0  0  0  0  0  0  0  0  0  0  0  0  0  0  0  0  0  0  0  0  0  0  0  0  0  0  0  0  0  0  0  0  0  0  0  0  0  0  0  0  0  0  0  0  0  0  0  0  0  0  0  265  0  0  0  0  0  0  1  1  0  0  0  0  0  0  55  0  25  0  38362  0  32436  0  6  3  0  0  0  0  0  0  0  21  474  3  37302  13023  0  0  2  0  45570  2  0  0  0  300  0  0  1  0  0  0  1  4  28  5  1641  22358  8833  0  0  0  1  1  1  0  0  0  0  5529  19294  0  0  0  0  0  0  0  1531  0  12393  2  1  0  
0  0  0  0  0  0  0  0  0  0  0  0  0  0  0  0  0  0  0  0  0  1  0  0  0  0  0  0  0  0  0  0  0  0  0  0  0  0  0  0  0  0  0  0  0  0  0  0  0  0  0  0  0  0  0  0  0  0  0  0  0  0  0  0  0  0  0  0  0  0  0  0  0  0  0  15612  0  0  0  0  0  0  0  0  56  0  0  0  0  0  0  0  4938  775  13280  51740  16  0  4  0  1  0  0  0  0  0  0  0  0  0  0  1  0  0  0  38297  0  17876  0  0  0  5  6  0  0  0  0  0  0  3  10321  1263  142  1  23163  0  0  0  43  1  0  2  0  0  0  1  370  0  0  0  0  0  0  0  0  0  26  0  2  0  
0  0  0  0  0  0  0  0  0  0  0  0  0  0  0  0  0  0  0  0  0  0  0  0  0  0  0  0  0  0  0  0  0  0  0  0  0  0  0  0  0  0  0  0  0  0  0  0  0  0  0  0  0  0  0  0  0  0  0  0  0  0  0  0  0  2  0  0  0  0  0  0  0  0  4190  0  0  55  1547  5927  973  29  14  1  0  25615  25  69058  95029  2138  0  13  0  0  0  0  0  142  0  0  0  2  120  0  0  0  0  0  0  0  0  0  4189  1722  2  0  0  0  367  1  434  0  8995  0  0  0  73988  32662  0  21  0  0  0  0  0  121  0  113  0  562  3  43939  205  0  0  0  0  0  0  0  0  0  2  0  2  9029  0  0  14937  9  
0  0  0  0  0  0  1  0  0  0  0  0  0  0  0  0  0  0  0  0  0  0  0  0  0  0  0  0  0  0  0  0  0  0  0  0  0  0  0  0  0  0  0  0  0  0  0  0  0  0  0  0  0  0  0  0  0  0  0  0  0  0  0  0  0  1  0  0  0  0  0  0  0  0  18398  0  0  13  29039  8516  1030  9  0  0  0  110  1  797  113382  8604  0  7  0  0  0  0  0  62  0  0  0  0  10  0  0  0  0  0  0  0  0  0  309  2  0  0  0  0  74  1  580  0  3434  0  0  83860  0  30681  0  8  0  0  0  0  0  106  1  55  0  807  0  1364  17  0  0  0  0  0  0  0  0  0  0  0  0  11324  0  0  20302  1  
0  0  0  0  0  0  0  0  0  0  0  0  0  0  0  0  0  0  0  0  0  0  0  0  0  0  0  0  0  0  0  0  0  0  0  0  0  0  0  0  0  0  0  0  0  0  0  0  0  0  0  0  0  0  0  0  0  0  0  0  0  0  0  0  0  0  0  0  0  0  0  0  0  0  12  0  0  2  25  3411  3021  182  43  3  0  2  0  15  57434  151148  0  1  0  0  0  0  0  1  0  0  6  5  220  0  0  0  0  0  0  0  0  0  1  1  11  0  0  2  1527  17  3  1  88  0  0  41684  27259  0  0  110  0  0  0  0  0  0  0  1  1  1709  38  27638  31089  0  3  0  3  0  0  0  0  1  1  0  4  5545  2  4  1701  30  
0  0  0  0  0  0  0  0  0  0  0  0  0  0  0  0  0  0  0  0  0  0  0  0  0  0  0  0  0  0  0  0  0  0  0  0  0  0  0  0  0  0  0  0  0  0  0  0  0  0  0  0  0  0  0  0  0  0  0  0  0  0  0  0  0  1  0  0  0  0  0  0  0  0  0  1  0  4  0  0  0  0  48  10  0  3  0  0  0  0  25  1  1  1  0  0  7  0  22537  7397  488  5  0  0  0  0  0  200  3  1552  0  0  0  0  2891  0  21  6  1  1  0  309  18  4  1  0  0  0  0  18322  1  1  1  0  9  0  0  0  9  131  10083  9  0  0  2  0  14424  10  0  0  0  0  0  0  125  0  232  150  91  0  
0  0  0  0  0  0  0  0  0  2  0  0  0  0  0  0  0  0  0  0  0  0  0  0  0  0  0  0  0  0  0  0  0  0  0  0  0  0  0  0  0  0  0  0  0  0  0  0  0  0  0  0  0  0  0  0  0  0  0  0  0  0  0  0  0  31  0  0  0  0  0  0  0  0  0  8  71  131  0  3  68  170  8404  540  1  126  0  4  5  16  71  7  344  13879  0  27  90  0  92414  977  129848  282  775  8974  0  0  1  331  10  783  0  5  4  0  2396  2  49  811  2521  20072  0  1295  842  6  62  5  0  52  22396  0  374  29938  18  1  619  0  0  0  42065  12971  34722  2339  264  0  21524  1  23325  14  0  0  0  4  0  0  613  191  5171  428  2220  156  
0  0  0  0  0  0  0  0  0  0  0  0  0  0  0  0  0  0  0  0  0  0  0  0  0  0  0  0  0  0  0  0  0  0  0  0  0  0  0  0  0  0  0  0  0  0  0  0  0  0  0  0  0  0  0  0  0  0  0  0  0  0  0  0  0  0  0  0  0  0  0  0  0  0  0  1974  0  2  0  0  0  0  0  0  141  2  0  0  0  0  6  0  138424  2560  356  1779  22  0  1  3  0  1  0  0  0  0  0  0  0  0  0  0  0  0  8  9158  1  8415  2  0  0  58  29  5  13790  0  0  0  0  31  0  14407  2072  4  6457  0  0  0  197  5  0  16  0  0  0  0  5848  1  0  0  0  0  0  0  15  0  139  12  3  0  
0  0  0  0  0  0  0  0  0  0  0  0  0  0  0  0  0  0  0  0  0  0  0  0  0  0  0  0  0  0  0  0  0  0  0  0  0  0  0  0  0  0  0  0  0  0  0  0  0  0  0  0  0  0  0  0  0  0  0  0  0  0  0  0  0  0  0  0  0  0  0  0  0  0  0  51  0  14  0  0  0  0  15  7  21466  21  0  0  0  0  23  0  51526  72184  11  4765  31  0  14660  6  880  1  1  0  0  0  0  3  3  0  0  2  1  0  66  791  9  25381  23  0  0  544  121  0  1875  0  0  0  0  28038  12622  0  588  0  2584  0  0  0  17840  19  11  137  1  0  1  0  21535  3  0  0  0  1  0  0  239  1  1565  138  63  3  
0  0  0  0  0  0  0  0  0  0  0  0  0  0  0  0  0  0  0  0  0  0  0  0  0  0  0  0  0  0  0  0  0  0  0  0  0  0  0  0  0  0  0  0  0  0  0  0  0  0  0  0  0  0  0  0  0  0  0  0  0  0  0  0  0  0  0  0  0  0  0  0  0  0  0  19532  0  1  0  0  0  0  1  0  1  0  0  0  0  0  2  0  27069  54  6579  140  752  0  2  0  0  0  1  0  0  0  0  0  3  1  24126  9417  0  0  2  12  31  1997  0  0  0  54  4  782  415  0  0  0  0  14  7020  1124  0  7416  20683  0  0  0  29  0  0  3  0  0  1  17112  33400  1  0  0  0  0  0  0  30  0  5726  12  3  0  
0  0  0  0  0  0  0  0  0  0  0  0  0  0  0  0  0  0  0  0  0  0  0  0  0  0  0  0  0  0  0  0  0  0  0  0  0  0  0  0  0  0  0  0  0  0  0  0  0  0  0  0  0  0  0  0  0  0  0  0  0  0  0  0  0  0  0  0  0  0  0  0  0  0  0  13296  0  0  0  0  0  0  0  0  0  0  0  0  0  0  4  0  62  1  46231  0  977  0  0  0  0  0  0  0  0  0  0  0  28  0  58733  9819  0  0  0  0  366  2  0  0  0  28  0  19478  1  0  0  0  0  1  79  10  11406  0  2985  0  0  0  0  0  0  0  0  0  0  20100  2900  0  0  0  0  0  0  0  58  0  16259  0  0  0  
0  0  0  0  0  0  0  0  0  0  0  0  0  0  0  0  0  0  0  0  4  71  0  0  0  0  0  0  0  0  0  0  0  0  0  0  0  0  0  0  0  0  0  0  0  0  0  0  0  0  0  0  0  0  0  0  0  0  0  0  16  0  0  0  0  0  0  0  0  0  0  0  0  0  0  19946  0  4  0  0  0  0  14  1  51  1  0  0  0  0  1  0  10194  843  91271  98349  56276  0  18  2  2  0  0  0  0  0  0  0  2  0  475  261  0  0  24  224  45  5807  1  0  0  7  4  9289  24363  0  0  0  0  82  15629  2379  20781  9641  0  0  0  0  209  28  3  3  0  0  1  376  5665  0  0  0  1  2  0  0  37  1  16241  94  42  1  
0  0  0  0  0  0  0  0  0  0  0  0  0  0  0  0  0  0  0  0  0  0  0  0  0  0  0  0  0  0  0  0  0  0  0  0  0  0  0  0  0  0  0  0  0  0  0  0  0  0  0  0  0  0  0  0  0  0  0  0  0  0  0  0  0  0  0  0  0  0  0  0  0  0  1306  0  0  0  1  18  0  0  0  0  0  4  10927  17762  15039  0  0  0  0  0  0  0  0  24794  0  0  0  0  0  0  0  0  0  0  0  0  0  0  6470  0  0  0  0  0  0  0  60  0  1  0  0  21  25  1  0  0  0  0  0  0  0  0  0  5834  0  1  0  2  0  0  0  0  0  0  0  0  0  0  0  0  0  258  0  0  298  0  
0  0  0  0  0  0  0  0  0  0  0  0  0  0  0  0  0  0  0  0  0  0  0  0  0  0  0  0  0  0  1  0  0  0  0  0  0  0  0  0  0  0  0  0  0  0  0  0  0  0  0  0  0  0  0  0  0  0  0  0  0  0  0  0  0  0  0  0  0  0  0  0  0  0  69  0  0  0  0  9060  0  0  0  0  0  0  0  0  0  0  1  296  0  0  0  0  20266  67093  0  0  0  0  0  0  50561  19763  0  0  0  0  0  0  1  0  0  0  0  0  0  0  3948  0  0  0  0  0  0  0  0  0  0  0  0  0  0  1  0  15242  0  4  0  0  0  14288  0  0  0  0  0  0  0  15  0  0  299  1695  1211  217  74978  3736  
0  0  0  0  0  0  0  0  0  0  0  0  0  0  0  0  0  0  0  0  0  0  0  0  0  0  0  0  0  0  0  0  0  0  0  0  0  0  0  0  0  0  0  0  0  0  0  0  0  0  0  0  0  0  0  0  0  0  0  0  0  0  0  0  0  2  0  0  0  0  0  0  0  0  17472  0  0  0  268  14771  0  2  0  0  0  5  7435  2027  70  88  0  4  0  0  0  0  0  109848  0  0  0  0  0  0  13  142  0  0  0  0  0  0  13177  0  0  0  0  0  11  0  9575  0  43  0  0  99  41  3  0  0  0  0  0  0  0  10527  21777  0  0  103  0  34  1  494  0  0  0  0  0  0  0  0  0  0  0  5141  0  0  22248  2  
0  0  0  0  0  0  0  0  0  5  1103  0  0  0  0  0  0  0  0  2  0  28  0  0  0  0  1  0  0  133  0  0  0  0  0  0  0  0  0  0  0  0  0  0  0  0  0  0  0  0  0  0  0  0  0  0  0  0  0  0  0  0  0  0  9  3  0  0  0  0  32  0  0  0  0  10  0  69  0  0  0  0  9230  3496  90410  51  0  1  0  1  18  5  283  35270  2  2065  22  0  407  53  22043  2  3  61852  0  0  0  46  0  17  0  0  0  0  1212  29  15  70030  107  36  0  271  612  3  407  1  0  8  1  34910  3892  30819  24  1  790  0  0  0  0  287  171  575  9  0  19385  0  1478  2  0  0  0  3  0  0  84  7  570  67  268  20  
11  0  0  0  3  4180  1884  1155  82  2567  0  0  0  0  8  8  0  0  0  0  0  0  0  1  0  0  0  0  0  4  150  94  0  0  0  0  0  0  1  0  0  0  0  0  1  16  1  0  2  0  0  25  16  30  0  0  0  0  0  0  0  0  0  0  0  21223  0  25  9  451  4  0  0  0  673  0  7  91  56  37633  50255  28267  34476  19630  1  152  0  11  292  506  5  3  0  0  0  8  21  14  15  76  64  69  148  56  59  7748  0  92  0  43  0  0  6  2  7762  0  2  242  2048  607  30  81  440  0  0  315  142  540  6  3097  0  4  0  0  5  3  6  79  167  0  2654  607  245  8  1098  0  327  2  0  47  0  10043  371  12  136  25699  1410  21620  2766  226  
0  0  0  0  0  0  0  0  0  1  0  0  0  0  0  0  0  0  0  0  0  0  0  0  0  0  0  0  0  0  0  0  0  0  0  0  0  0  0  0  0  0  0  0  0  0  0  0  0  0  0  0  0  0  0  0  0  0  0  0  0  0  0  0  0  9  0  0  0  0  0  0  0  0  6  0  10688  7306  0  15  153  445  1724  342  0  354  0  16  44  37  36  39  0  1  0  0  179  0  3131  86779  28609  96137  3730  18  0  0  0  270  5  2070  0  0  12  12  31602  0  13  61  80020  2960  1  355  2277  0  0  25  8  352  12979  42880  4  2  0  0  2  0  0  2  79  9007  0  853  798  0  91  0  2703  16  0  0  0  8  1  0  1072  702  306  448  9750  1129  
0  0  0  0  0  0  1  0  0  0  0  0  0  0  0  0  0  0  0  0  0  0  0  0  0  0  0  0  0  0  0  0  0  0  0  0  0  0  0  0  0  0  0  0  0  0  0  0  0  0  0  0  0  0  0  0  0  0  0  0  0  0  0  0  0  3  0  0  0  0  0  0  0  0  28  0  0  32596  16  501  1429  381  412  98  0  46620  0  548  40789  1114  0  47  0  2  0  0  0  2  7  21  2  16  63307  0  0  0  0  1  0  1  0  0  421  6128  23  0  0  6  35413  14  29  3  12000  0  0  35538  460  20380  1  247  0  1  0  0  1  1  0  13  18  1361  71  0  6741  0  24  0  18  1  0  0  0  0  0  0  6  3478  37  6  33046  67  
0  0  0  0  0  0  0  0  0  0  0  0  0  0  0  0  0  0  0  0  0  0  0  0  0  0  0  0  0  0  0  0  0  0  0  0  0  0  0  0  0  0  0  0  0  0  0  0  0  0  0  0  0  0  0  0  0  0  0  0  0  0  0  0  0  5  0  2  0  0  0  0  0  0  3  0  55  6  4  111  3969  30770  136  6  0  1  0  2  11275  31583  0  4  0  0  0  0  4  0  1  1  14  35  61148  0  0  0  0  2  0  1  0  0  1  0  34  0  0  1  47632  631  0  2  66  0  0  244  10  23072  0  513  0  0  0  0  0  0  0  1  3  670  239  9495  0  0  15  0  5  0  0  0  0  1  0  0  42  4413  16  46  2511  314  
1  0  0  0  0  143  0  0  0  0  0  0  0  0  0  0  0  0  0  0  0  0  0  0  0  0  0  0  0  0  820  23  0  0  0  0  0  0  0  0  0  0  0  0  0  0  0  0  0  0  0  0  0  0  0  0  0  0  0  0  0  0  0  0  0  4  0  0  0  1040  0  0  0  0  17640  0  0  0  3957  39408  0  0  0  0  0  0  0  0  0  21067  0  0  0  0  0  0  1  15897  0  0  0  0  0  0  35936  6917  0  0  0  0  0  0  0  0  0  0  0  0  0  0  13  0  0  0  0  0  0  0  0  0  0  0  0  0  0  0  16273  1137  0  3  0  0  0  0  0  0  0  0  0  0  0  0  0  0  0  2127  0  0  5056  26  
0  0  430  0  0  0  0  1  2882  745  0  0  0  0  0  1  0  0  0  0  0  9  0  0  0  0  95  0  0  6124  0  0  0  0  0  0  0  0  0  0  0  0  0  15  0  58  0  0  0  0  0  0  0  0  0  0  0  0  0  0  0  0  0  0  0  610  0  0  0  0  5899  0  0  0  0  0  57  15  0  4  70  48  28035  40  8  19  0  1  2  7  3  0  0  1  0  7  6  0  22  24  4760  15  8  49436  0  0  0  74  0  22  0  0  1  1  767  0  1  10  139  19894  0  51  116  1  1  1  1  17  6  38010  0  2  0  0  1  0  0  0  15716  2623  388  275  7  0  0  0  218  3  0  0  0  1  0  0  29  16  165  31  222  6  
0  0  0  0  0  0  0  0  0  0  0  0  0  0  0  0  0  0  0  0  0  0  0  0  0  0  0  0  0  0  0  0  0  0  0  0  0  0  0  0  0  0  0  0  0  0  0  0  0  0  0  0  0  0  0  0  0  0  0  0  0  0  0  0  0  0  0  0  0  0  0  0  0  0  0  107  0  0  0  0  0  0  0  0  0  0  0  0  0  0  0  0  283  0  259  1  107  0  0  0  2  0  0  0  0  0  0  3  131  0  73807  88681  0  0  0  0  4535  1  0  0  0  20  0  8999  0  0  0  0  0  0  2  0  19265  16203  218  0  0  0  0  0  0  0  0  0  0  0  3282  0  0  0  0  0  0  0  7  0  2925  0  0  0  
0  0  0  0  0  0  0  0  0  0  0  0  0  0  0  0  0  0  0  0  0  0  0  0  0  0  0  0  0  0  0  0  0  0  0  0  0  0  0  0  0  0  0  0  0  0  0  0  0  0  0  0  0  0  0  0  0  0  0  0  0  0  0  0  0  1  0  0  0  0  0  0  0  0  0  359  0  169  0  0  5  0  1272  160  12  41  0  1  0  3  675  28  33361  306  264  369  1382  0  110508  29243  58  0  8  2  0  0  201  91317  30852  14009  150  163299  1  0  13015  38  37692  5297  124  28  1  105123  521  25021  1026  2  0  5  15418  27401  13256  28226  34880  3759  12023  0  0  0  1795  1707  2770  357  9  0  108  3576  0  24914  0  0  0  8  0  0  7567  20  62310  4259  4256  126  
0  0  0  0  0  0  0  0  0  0  0  0  0  0  0  0  0  0  0  0  0  0  0  0  0  1  0  0  0  0  0  0  0  0  0  0  0  0  0  0  0  0  0  0  0  0  0  0  0  0  0  0  0  0  0  0  0  0  0  0  0  0  0  0  0  0  0  0  0  0  0  0  0  0  0  0  0  907  0  0  0  0  6  2  0  0  0  0  0  0  129  14  0  1  0  1  25  0  13  383  1  0  0  0  0  0  30371  27329  48  18705  0  0  0  0  9311  0  27  5  3  1  0  20728  5  3  0  0  0  0  4  23  1  7  0  0  0  0  0  0  9  26  6  4  0  0  1  0  25735  0  0  0  0  0  0  0  134  0  29  446  194  2  
0  4  0  3  0  0  0  0  0  1  0  10  5  0  0  0  31760  51557  6  0  152  0  49439  100  0  9  0  0  0  1  0  1  1  19  28893  41  1  5  0  0  81  0  58320  3  2  0  440  26533  36  115  0  9  0  0  1  2  3  2  36  7  78  0  5  0  0  2  2  4  0  0  0  7  523  62  0  0  0  0  0  0  0  0  0  0  0  0  0  0  0  0  0  0  0  0  0  0  0  0  0  0  0  0  0  0  0  0  0  0  0  0  0  0  0  0  0  0  0  0  0  0  0  0  0  0  0  0  0  0  0  0  0  0  0  0  0  0  0  0  0  0  0  0  0  0  0  0  0  0  0  0  281250  18969  51878  112  0  0  0  0  0  0  
1  0  26744  15  1  736  72519  137214  1427  15  0  0  0  1  16  212401  0  0  1  0  0  0  0  1  0  4  39  29  31845  5  0  0  0  0  0  4  0  0  0  1  10  0  0  0  55311  1658  0  8  465  0  0  397  0  28444  0  52  1  0  1  0  1  0  0  0  28  4449  120  1287  41475  0  15  0  0  0  0  0  1  0  0  0  1435  516  10  0  0  0  0  0  0  42  0  0  0  0  0  0  0  0  0  0  0  0  1  0  0  0  0  0  0  0  0  0  0  0  0  0  0  0  0  5  0  0  0  0  0  0  0  0  0  0  0  0  0  0  0  0  0  0  0  64  0  0  0  0  0  0  0  0  0  0  0  2360  5701  12  0  23  0  1  0  0  
4  379  0  99  1  2  0  32  16  3459  1  153  0  13  0  0  34  167  390  21  10009  352  63976  2  182  607  4  26  5  39  0  1  3  677  122  3288  225  188  1  29  11726  0  10815  6180  284  3  0  3391  4359  14186  11  1535  0  9  118  990  203  417  3076  8071  16528  0  7  1  387  326  566  625  84  1  76  2178  18445  155  0  0  0  0  0  0  0  0  7  1  0  0  0  0  0  0  0  0  0  0  0  2  1  0  0  0  0  0  0  2  0  1  0  0  0  0  0  0  0  0  1  0  0  0  0  0  0  1  0  0  0  0  0  0  0  0  0  0  0  0  0  0  0  0  0  0  0  0  0  0  3  0  0  0  127865  48  0  49348  3655  16  0  0  1  30  0  0  
3  49  0  11  0  64  33  660  960  8937  0  28  0  0  0  21  4  153  57  9  52  5  318  0  0  167  189  2797  416  61  33  326  13  2  0  75  0  13  1  4  5769  0  1  334  5790  921  0  2768  550  0  0  205  2  103  0  1913  30  75  110  4  47  1  38  0  176  9592  7384  821  173  14  644  6  446  76  0  0  1  0  0  34  0  0  16  63  0  0  0  0  1  1  1  0  0  1  1  1  9  0  0  2  14  2  4  1  5  30  0  5  0  2  0  0  0  0  157  0  0  3  11  24  0  11  4  0  0  0  0  1  0  21  0  1  0  0  0  0  0  0  1  2332  43  1  2  0  1  0  6  0  3165  392  47567  0  50680  30531  17  159  25  39164  756  15  
9734  7  0  104  3416  11959  128  1414  34  14  0  60  0  7  578  280  42106  65175  12  2  4  1  165  6255  0  34  13  527  306  19  1243  3087  162  37  14  51  0  1  41  4  2367  0  7  55  4498  48  34645  60753  48148  0  0  9535  1210  974  1  75  6  10  45  1  17  115  11454  6191  82  4170  912  2930  737  6464  42  1  685  217  1  0  0  0  0  36  0  0  0  0  0  0  0  0  0  0  0  0  0  0  0  0  0  0  0  0  0  0  0  0  3  4  0  0  0  0  0  0  0  0  0  0  0  0  0  0  0  0  0  0  0  0  0  0  0  0  0  0  0  0  0  0  0  0  0  11  0  0  0  0  0  0  0  0  24283  969  1601  28770  0  167858  0  244  0  2  0  2  
3  0  0  0  1  108  1  3  1  0  0  0  0  0  0  0  5  26  0  0  0  0  2  2  0  1  0  2  1  0  56  3328  0  0  0  0  0  0  0  0  16  0  0  2  7  0  0  144  23  0  0  2  1  0  0  1  0  0  1  0  0  0  70  0  0  5363  17  1  0  810  0  0  1  0  0  0  0  0  0  44  0  0  0  0  0  0  0  0  0  0  0  0  0  0  0  0  0  0  0  0  0  0  0  0  0  7  0  0  0  0  0  0  0  0  0  0  0  0  0  0  0  0  0  0  0  0  0  0  0  0  0  0  0  0  0  0  0  0  0  4  0  0  0  0  0  0  0  0  313  2  958  138802  536573  0  0  78  0  1  0  1  
0  0  0  0  0  0  0  0  0  0  0  0  0  0  0  0  0  0  0  0  0  0  0  0  0  0  0  0  0  0  0  0  0  0  0  0  0  0  0  0  0  0  0  0  0  0  0  0  0  0  0  0  0  0  0  0  0  0  0  0  0  0  0  0  0  0  0  0  0  0  0  0  0  0  0  3  0  1  0  1  2  6  84  17  0  0  0  0  0  0  15967  8425  0  2  19  0  62400  26  78  85  1  4  49  0  8  161  26  122  15429  123  3  132  0  0  541  0  63956  5  144  12  1  26574  4  2180  1  0  0  6  48  176  9  16  150  79  125  0  92  0  20  128  113  17  21  0  6  2  7236  57  0  0  0  5  0  0  0  14327  208749  8332  24916  357  
32  0  0  0  3  221  24  3  1  1  0  0  0  0  30  27  0  0  0  0  0  0  0  4  0  0  0  0  0  0  0  0  0  0  0  0  0  0  1  0  0  0  0  0  1  0  1  0  5  0  0  44  64  29  0  0  0  0  0  0  0  2  0  0  0  1591  0  8  3  1  0  0  0  0  15438  0  2  4  2350  36505  2117  885  139  3  0  18  1  108  2783  2087  9  134  0  0  0  0  773  437  2  4  6  42  5079  0  10  4104  0  5  0  3  0  0  46  3  160  0  2  1  6455  116  55  9  183  0  0  3403  2081  2193  0  234  0  0  0  0  0  68  203  885  3  11909  835  1819  4709  257  12  0  30  0  0  12  0  145  930  25  7445  0  5704  9145  125437  60482  
0  0  0  0  0  0  0  0  0  16  0  0  0  0  0  0  0  0  0  0  0  0  0  0  0  0  0  0  0  0  0  0  0  0  0  0  0  0  0  0  0  0  0  0  1  0  0  0  0  0  0  0  0  0  0  0  0  0  0  0  0  0  0  0  0  3  0  0  0  0  0  0  0  0  0  487  0  177  0  1  0  0  715  7775  0  7  0  1  0  0  49  9  57  96  1360  925  60208  0  184  385  14  1  9  1  6  304  1  331  88  202  349  1965  0  0  7689  1  2677  5341  52  33  0  1148  162  13010  29  0  0  1  21  1778  315  501  5874  12081  17857  0  33  0  760  3748  126  151  4  0  52  801  27818  5  0  0  0  35  0  0  123536  5089  0  40765  3344  135  
0  1  0  0  0  0  0  0  1  26  0  0  0  0  0  0  0  0  0  0  0  0  7  0  0  0  0  0  0  0  0  2  0  0  0  0  0  0  0  0  1  0  0  0  0  0  0  1  2  0  0  1  0  0  0  0  0  0  0  0  0  0  0  0  0  18  0  0  0  0  0  0  2  0  0  1  6  103  0  2  10  16  239  118  0  25  0  0  11  6  500  334  5  42  7  27  1470  0  57  273  145  23  253  0  7  362  17  387  9  133  0  0  0  0  11966  0  67  93  2282  361  0  5035  206  4  2  0  1  105  22  1043  55  148  12  0  9  0  7  0  154  4782  2402  262  107  0  23  0  1968  124  2  0  18  50407  9  4  21561  42448  50586  0  18401  3926  
0  0  0  0  0  0  0  0  0  1  0  0  0  0  0  0  0  0  0  0  0  0  0  0  0  0  0  0  0  0  0  0  0  0  0  0  0  0  0  0  0  0  0  0  0  0  0  0  0  0  0  0  0  0  0  0  0  0  0  0  0  0  0  0  0  5  0  0  0  0  0  0  0  0  7288  0  14  273  1200  5150  449  346  286  96  0  35  5  91  1302  505  29906  53553  1  9  0  0  31924  4640  12  164  92  222  6620  1  4140  11539  15  131  28  56  0  0  55  4  18699  0  34  38  12289  199  33780  34216  38987  0  2  3495  1612  872  6  2285  6  33  4  0  0  88  32708  8097  46  1433  3271  5691  2336  429  17  0  676  79  0  0  0  99  1  0  14355  102323  1100  7062  0  186915  
0  0  0  0  0  0  0  0  0  0  0  0  0  0  0  0  0  0  0  0  0  0  0  0  0  0  0  0  0  0  0  1  0  0  0  0  0  0  0  0  0  0  0  0  0  0  0  0  0  0  0  0  0  0  0  0  0  0  0  0  0  0  0  0  0  1  0  0  0  0  0  0  0  0  7  0  3  92  4  74  91  381  178  124  0  9  0  6  16  56  21  581  0  0  0  0  9559  2  6  236  9  102  5481  1  51  12470  0  8  0  7  0  0  16  0  2666  0  0  4  9592  87  0  4  108  0  0  55  15  149  2  545  0  0  0  0  0  0  5738  2  6  1473  1627  683  1732  6  5  0  37  0  0  0  0  15  0  3  13691  196665  533  3135  435885  0  
