0  0  0  0  29148  6764  73  5  5  0  0  0  5  439  13115  434  0  8  0  0  0  0  0  41640  0  0  0  0  3  0  14560  218  0  0  0  0  0  0  1837  0  0  0  0  0  10  0  7  0  126  0  0  1181  11464  268  0  0  0  0  0  0  0  1740  838  2063  0  133  0  18  34  28879  0  0  0  0  0  0  0  0  0  0  0  0  0  0  0  0  0  0  0  0  0  0  0  0  0  0  0  0  0  0  0  0  0  0  0  1  0  0  0  0  0  0  0  0  0  0  0  0  0  0  0  0  0  0  0  0  0  0  0  0  0  0  0  0  0  0  0  0  0  0  0  0  0  0  0  0  0  0  0  100  0  2  264  759  0  0  0  0  0  0  
0  0  0  0  0  0  0  0  0  0  0  0  0  0  0  0  0  0  41959  0  31508  13439  0  0  28  0  0  0  0  0  0  0  0  0  0  0  175  91  0  0  0  24115  0  1132  1  0  0  0  0  0  28683  0  0  0  0  12  11283  352  21694  7195  7887  0  0  0  0  0  0  0  0  0  0  2928  316  0  0  0  0  0  0  0  0  0  0  0  0  0  0  0  0  0  0  0  0  0  0  0  0  0  0  0  0  0  0  0  0  0  0  0  0  0  0  0  0  0  0  0  0  0  0  0  0  0  0  0  0  0  0  0  0  0  0  0  0  0  0  0  0  0  0  0  0  0  0  0  0  0  0  0  0  0  0  0  0  0  0  0  0  0  0  0  
0  0  0  0  0  0  0  302  46  0  0  0  0  0  2  54309  0  0  0  0  0  0  0  0  0  0  14313  19289  34533  10236  0  0  0  0  0  0  0  0  0  0  2  0  0  0  45204  45867  0  0  2  0  0  2  0  3  0  53  0  0  0  0  0  0  0  0  0  125  7212  1  198  0  69  0  4  0  0  0  83  0  0  0  0  0  0  0  0  0  0  0  0  6  0  0  0  0  0  0  0  0  0  0  0  0  0  2  0  0  0  0  0  0  0  0  0  0  0  0  0  0  0  28  0  0  0  0  0  0  0  0  0  0  0  0  0  0  0  0  0  0  0  0  0  0  0  0  0  0  0  0  0  114  0  9  2  0  0  0  0  0  0  0  
0  1  0  0  0  0  0  0  34  4  0  40356  0  0  0  0  21  0  0  1  0  0  0  0  72  57798  6  24744  15902  4  0  0  3345  3023  0  556  0  1  0  7  9516  0  0  6  30802  0  0  168  33367  0  0  0  0  0  105  398  0  7  1  0  16  0  0  0  51  24  4309  7330  1  0  15  0  124  241  0  0  0  0  0  0  0  0  0  0  0  0  0  0  0  0  0  0  0  0  0  0  0  0  0  0  0  0  0  0  0  0  0  0  0  0  0  0  0  0  0  0  0  0  0  0  0  0  0  0  0  0  0  0  0  0  0  0  0  0  0  0  0  0  0  0  0  0  0  0  0  0  0  0  1  0  5  16  67  0  0  0  0  0  0  0  
30785  0  0  0  0  15748  10  1  0  0  0  0  0  0  13694  41304  0  0  0  0  0  0  0  554  0  0  0  0  0  0  5838  0  0  0  0  0  0  0  21  0  0  0  0  0  0  0  0  0  1  0  0  27  15196  80  0  0  0  0  0  0  0  3  106  56  0  17  0  2  0  32223  0  0  0  0  0  0  0  0  0  0  0  0  0  0  0  0  0  0  0  7  0  0  0  0  0  0  0  0  0  0  0  0  0  0  3  0  0  0  0  0  0  0  0  0  0  0  0  0  0  0  0  0  0  0  0  0  0  0  0  0  0  0  0  0  0  0  0  0  0  0  0  0  0  1  0  0  0  0  0  6  0  0  4  8  0  0  0  0  0  0  
10628  0  0  0  35446  0  34255  725  383  0  0  0  1  43  12320  64975  0  1  0  0  0  0  0  1315  0  0  0  0  3  0  2848  4843  0  0  0  0  0  0  360  0  0  0  0  0  10  0  4  0  27  0  0  533  52299  34826  0  0  0  0  0  0  0  35  253  1212  0  49487  0  10  162  46948  0  0  0  0  0  0  0  0  0  200  32  29  0  0  0  0  0  0  4  242  0  0  0  0  0  0  0  0  0  0  0  0  0  0  5  198  0  0  0  0  0  0  0  0  0  0  0  0  0  0  0  0  0  0  0  14  27  5  0  0  0  0  0  0  0  0  0  0  0  2219  0  0  0  36  0  0  0  0  0  229  0  16  67  66  0  8  0  1  0  4  
24  0  0  0  17  34407  0  31306  89  0  0  0  0  1  58  76640  0  0  0  0  0  0  0  0  0  0  0  0  2  0  0  1  0  0  0  0  0  0  7  0  0  0  0  0  15  1  1  0  3  0  0  165  374  18446  0  0  0  0  0  0  0  3  0  1  0  26211  0  8  5908  55  0  0  0  0  0  0  0  0  0  2  96  315  0  0  0  0  0  0  0  6  0  0  0  0  0  0  0  0  0  0  0  0  0  0  0  0  0  0  0  0  0  0  0  0  0  0  0  0  0  0  0  0  0  0  0  0  0  0  0  0  0  0  0  0  0  0  0  0  0  30  0  0  0  0  0  0  0  0  0  312  0  2  43  3  0  0  0  0  0  0  
4  0  250  0  0  3846  30804  0  15990  6  0  0  0  0  0  49110  0  0  0  0  0  0  0  0  0  0  5  9  6965  0  0  0  0  0  0  0  0  0  0  0  0  0  0  0  14866  27990  1  0  5  0  0  58  1  909  0  4  0  0  0  0  0  0  0  0  0  41763  33  33  17839  150  5  0  0  0  0  0  1  0  0  0  3  1089  965  0  0  0  0  0  0  57  0  0  0  0  0  0  0  0  0  0  0  0  0  0  0  0  0  0  0  0  0  0  0  0  0  0  0  0  0  10  0  0  0  0  0  0  0  0  0  0  0  0  0  0  0  0  0  0  0  30  0  0  0  0  16  0  0  0  0  6527  0  113  52  0  0  0  0  0  0  0  
1  0  26  2  0  1057  7  13190  0  10058  0  3  0  1  3  30  1  0  0  7  0  0  0  0  25  9  90  82  114  4144  0  0  0  0  0  232  0  0  0  14  297  0  0  203  1667  15450  0  13  93  0  0  20  1  10  1  1066  0  30  1  1  3  0  0  0  309  40863  1856  13  94  54  40403  1  1247  0  0  0  3  0  0  0  0  28  1162  11  0  0  0  0  0  2  0  0  0  0  0  0  0  0  0  0  0  0  0  573  0  0  0  0  0  0  0  0  0  0  0  0  0  0  0  32  0  0  0  0  0  0  0  0  0  0  0  0  0  0  0  0  0  0  0  26  0  0  0  0  754  0  0  0  0  2447  0  165  149  1  0  0  0  0  0  0  
0  0  0  0  0  0  0  2  9725  0  0  0  0  0  0  0  0  0  0  0  0  47  4491  0  1  0  2  8  1  12527  0  0  0  0  0  15  0  1  0  1  16  0  0  38179  31  0  0  3  3  0  0  0  0  0  0  41  0  0  0  0  1  0  0  0  125  81264  73  1  0  0  31  0  54  0  0  0  0  0  0  0  0  0  569  4770  0  0  0  0  0  0  0  0  0  0  0  1  0  0  0  0  0  0  0  31  0  0  0  0  0  0  0  0  0  0  0  0  0  0  2  0  0  0  0  0  0  0  0  0  1  0  0  0  0  0  0  0  0  0  0  19782  1  0  0  0  138  0  0  0  0  0  1135  208  7  0  0  1  2  12  0  0  
0  0  0  0  0  0  0  0  0  0  0  0  0  0  0  0  0  0  1  59275  0  1203  0  0  6  0  334  0  0  201  0  0  0  0  0  0  0  0  0  0  2  8773  0  55795  2  0  0  1  5  0  0  0  0  0  0  59  2  6253  0  0  1  0  0  0  63956  1  1  0  0  0  0  0  38  0  0  0  0  0  0  0  0  0  0  0  5644  0  0  0  0  0  0  0  0  116  0  192  0  0  0  0  0  0  0  28  0  0  0  0  0  0  0  0  0  0  0  0  0  106  0  0  0  0  0  0  0  0  0  0  0  0  0  0  0  0  0  0  0  0  0  0  0  0  0  0  0  0  0  0  0  0  0  0  2  0  0  0  0  0  0  0  
0  0  0  53211  0  0  0  0  7  1  0  0  0  24517  204  0  94  428  0  0  0  0  2  40  6  95  2  10  3566  0  0  0  2211  273  14  23  0  1  1  40112  80  0  0  0  970  0  21  413  44978  0  0  38001  0  0  1  34  0  0  0  0  1  2  3  0  1  7  175  36967  4  0  1  0  5  0  0  0  0  0  0  0  0  0  0  0  0  0  0  0  0  0  0  0  0  0  0  0  0  0  0  0  0  0  0  0  0  0  0  0  0  0  0  0  0  0  0  0  0  0  0  0  0  0  0  0  0  0  0  0  0  0  0  0  0  0  0  0  0  0  0  0  0  0  0  0  0  0  0  0  0  11  1  29  433  0  0  0  0  0  0  0  
8  0  0  0  0  1  0  0  0  0  0  0  0  10211  0  0  0  1  0  0  0  0  0  53549  0  0  0  0  0  0  40  17  0  0  0  0  0  0  34367  0  0  0  1  0  0  0  17607  0  3423  0  0  10  0  0  0  0  0  0  0  0  0  2927  210  2836  0  0  0  0  1  7  0  0  0  0  0  0  0  0  0  0  0  0  0  0  0  0  0  0  0  0  0  0  0  0  0  0  0  0  0  0  0  0  0  0  0  0  0  0  0  0  0  0  0  0  0  0  0  0  0  0  0  0  0  0  0  0  0  0  0  0  0  0  0  0  0  0  0  0  0  0  0  0  0  0  0  0  0  0  0  0  0  0  322  183  0  0  0  0  0  0  
229  0  0  0  2  42  0  0  1  0  0  21628  9918  0  1206  1  0  58  0  0  0  0  0  461  0  1  0  0  1  0  2  0  0  2  5  0  0  0  25982  27610  3  0  0  0  48  0  181  5  9914  0  0  48293  2  0  0  0  0  0  0  0  0  25075  0  5  0  1  8  207  1  36  0  0  0  0  0  0  0  0  0  0  0  0  0  0  0  0  0  0  0  0  0  0  0  0  0  0  0  0  0  0  0  0  0  0  0  0  0  0  0  0  0  0  0  0  0  0  0  0  0  0  0  0  0  0  0  0  0  0  0  0  0  0  0  0  0  0  0  0  0  0  0  0  0  0  0  0  0  0  0  1  0  3  239  32  0  0  0  0  0  0  
12642  0  0  0  12916  14516  154  9  5  0  0  281  0  2239  0  40161  0  2  0  0  0  0  0  4416  0  0  1  0  9424  0  3  0  0  0  0  0  0  0  91  2  0  0  0  0  94  2  2  0  88  0  0  113965  102499  94671  0  1  0  0  0  0  0  23787  0  40  0  91  6  13785  15170  257  0  0  0  0  0  0  0  0  0  0  0  0  0  0  0  0  0  0  0  0  0  0  0  0  0  0  0  0  0  0  0  0  0  0  0  0  0  0  0  0  0  0  0  0  0  0  0  0  0  0  0  0  0  0  0  0  0  0  0  0  0  0  0  0  0  0  0  0  0  0  0  0  0  0  0  0  0  0  0  232  0  3  178  12  0  0  0  0  0  0  
1345  0  42174  0  47096  65228  71257  46534  15  0  0  0  0  0  42263  0  0  0  0  0  0  0  0  157  0  0  0  0  24777  1  51  0  0  0  0  0  0  0  0  0  0  0  0  0  2978  4690  0  0  2  0  0  68  4530  146174  0  0  0  0  0  0  0  0  15  0  0  89  0  12  47466  10265  7  0  0  0  0  0  22  0  0  10  0  4  0  0  0  0  0  0  0  474  0  0  0  0  0  0  0  0  0  0  0  0  0  0  0  0  0  0  0  0  0  0  0  0  0  0  0  0  0  14  0  0  0  0  0  0  0  0  0  0  0  0  0  0  0  0  0  0  0  0  0  0  0  0  0  0  0  0  0  2516  0  1  40  1  0  0  0  0  0  0  
0  0  0  40  0  0  0  0  9  1  0  119  2  2  0  0  0  34819  0  0  0  0  8712  626  0  17  0  14  12  0  0  0  95  1  22618  12  0  8  0  11  9564  0  68  0  862  0  119  52672  25156  0  0  1  0  2  0  7  0  0  59  0  0  0  4527  0  1  41  2427  51  7  0  1  10  98  268  0  0  0  0  0  0  0  0  0  0  0  0  0  0  0  0  0  0  0  0  0  0  0  0  0  0  0  0  0  0  0  0  0  0  0  0  0  0  0  0  0  0  0  0  0  0  0  0  0  0  0  0  0  0  0  0  0  0  0  0  0  0  0  0  0  0  0  0  0  0  0  0  0  0  13664  5  158  231  95336  10  0  0  0  0  0  0  
120  0  0  0  2  18  0  0  3  0  0  335  10  33  87  0  37750  0  0  0  0  0  1723  5989  0  0  0  4  26  0  0  0  1  0  437  0  0  0  24  150  5  0  0  0  589  0  26798  4456  64003  0  0  863  137  6  0  1  0  0  0  0  0  22  14774  0  0  9  214  106  28  19  0  0  1  0  0  0  0  0  0  0  0  0  0  0  0  0  0  0  0  0  0  0  0  0  0  0  0  0  0  0  0  0  0  0  0  0  0  0  0  0  0  0  0  0  0  0  0  0  0  0  0  0  0  0  0  0  0  0  0  0  0  0  0  0  0  0  0  0  0  0  0  0  0  0  0  0  0  0  1913  22  0  73  199649  4222  0  0  0  0  0  0  
0  37410  0  0  0  0  0  0  0  0  0  0  0  0  0  0  0  0  0  4060  6  68  0  0  38497  0  6  0  0  0  0  0  0  0  0  0  0  76  0  0  0  45918  0  3349  0  0  0  0  0  0  762  0  0  0  0  8  114594  85948  24546  0  889  0  0  0  4  0  0  0  0  0  0  21  29785  0  0  0  0  0  0  0  0  0  0  0  0  0  0  0  0  0  0  0  0  0  0  0  0  0  0  0  0  0  0  0  0  0  0  0  0  0  0  0  0  0  0  0  0  0  0  0  0  0  0  0  0  0  0  0  0  0  0  0  0  0  0  0  0  0  0  0  0  0  0  0  0  0  0  0  0  0  0  0  0  0  0  0  0  0  0  0  
0  0  0  0  0  0  0  0  1  0  65184  0  0  0  0  0  0  0  4660  0  0  28  0  0  127  1  17383  0  0  0  0  0  0  0  0  0  0  0  0  3  18  8727  0  14533  4  0  0  1  8  0  0  0  0  0  0  8416  1  57889  0  0  0  0  0  0  31863  0  0  0  0  0  3  0  11  0  0  0  0  0  0  0  0  0  0  0  0  0  0  0  0  0  0  0  0  0  0  0  0  0  0  0  0  0  0  0  0  0  0  0  0  0  0  0  0  0  0  0  0  0  0  0  0  0  0  0  0  0  0  0  0  0  0  0  0  0  0  0  0  0  0  0  0  0  0  0  0  0  0  0  0  0  0  1  6  0  0  0  0  0  0  0  
0  31048  0  0  0  0  0  0  0  0  0  0  0  0  0  0  0  0  3  0  0  766  2410  0  0  0  0  0  0  0  0  0  0  0  2  1  953  4  0  0  1  0  22  1  0  0  0  0  0  30895  17323  0  0  0  0  0  6  2  657  67519  118816  0  0  0  0  0  0  0  0  0  0  624  15  0  0  0  0  0  0  0  0  0  0  0  0  0  0  0  0  0  0  0  0  0  0  0  0  0  0  0  0  0  0  0  0  0  0  0  0  0  0  0  0  0  0  0  0  0  0  0  0  0  0  0  0  0  0  0  0  0  0  0  0  0  0  0  0  0  0  0  0  0  0  0  0  0  0  0  0  0  2908  3  0  1  0  0  0  0  0  0  
0  20734  0  0  0  0  0  0  0  69  741  0  0  0  0  0  0  0  76  0  4007  0  19082  0  17  0  0  0  0  66  0  0  0  0  0  0  0  0  0  0  1  38198  0  156179  2  0  0  0  1  0  23627  0  0  0  0  11  2966  277  100  5  83979  0  1  0  552  0  0  0  0  0  0  5  90  0  0  0  0  0  0  0  0  0  0  0  52  0  0  0  0  0  0  0  0  0  0  1028  1  0  0  0  0  0  0  4  0  0  0  0  0  0  0  0  0  0  0  1  0  7  0  0  0  0  0  0  0  0  0  0  0  0  0  0  0  0  0  0  0  0  0  0  0  0  0  0  0  0  0  0  0  0  204  41  1  4  0  0  0  0  0  0  
0  0  0  0  0  0  0  0  0  4379  0  0  1  0  0  0  10145  3275  0  0  2078  14314  0  49  0  0  0  0  0  1  0  12  0  1  8085  2  101  0  0  0  4  0  18310  12671  1  0  2  1178  1  106  0  0  0  0  0  0  0  0  1  2  42986  0  5327  0  0  3  0  0  0  0  0  1  1  0  0  0  0  0  0  0  0  0  0  0  0  0  0  0  0  0  0  0  0  0  0  0  0  0  0  0  0  0  0  0  0  0  0  0  0  0  0  0  0  0  0  0  0  0  0  0  0  2  0  0  0  0  0  0  0  0  0  0  0  0  0  0  0  0  0  0  0  0  0  0  0  0  0  0  17747  0  129667  785  230  57  0  0  0  3  1  0  
42519  0  0  0  127  190  0  1  0  0  0  3  60701  684  4288  25  46  7020  0  0  0  0  6  0  0  0  0  0  1  0  10567  128  0  0  11  0  0  0  33427  1  0  0  10  0  0  0  43359  1345  43  0  0  80  27  4  0  0  0  0  0  0  0  20939  73463  92560  0  3  0  0  4  9965  0  0  0  0  0  0  0  0  0  0  0  0  0  0  0  0  0  0  0  0  0  0  0  0  0  0  0  0  0  0  0  0  0  0  0  1  0  0  0  0  0  0  0  0  0  0  0  0  0  0  0  0  0  0  0  0  0  0  0  0  0  0  0  0  0  0  0  0  0  0  0  0  0  0  0  0  0  0  11  4  5  0  37312  434  0  0  0  0  0  0  
0  4  0  16  0  0  0  0  30  0  1  8  0  3  0  0  4  1  27255  79  0  5  0  0  0  37120  119  0  7  5  0  0  0  298  0  1260  0  1247  0  33  802  1  0  920  112  0  0  103  128  0  3  0  0  0  57840  70984  61  7536  19  0  36  0  0  0  189  7  956  25  0  0  13  0  152331  2  0  0  0  0  0  0  0  0  0  0  0  0  0  0  0  0  0  0  0  0  0  0  0  0  0  0  0  0  0  0  0  0  0  0  0  0  0  0  0  0  0  0  0  0  0  0  0  0  0  0  0  0  0  0  0  0  0  0  0  0  0  0  0  0  0  0  0  0  0  0  0  0  0  0  0  0  2  8  99  0  0  0  0  0  0  0  
0  0  0  49636  0  0  0  0  117  6  0  132  0  6  0  0  50  3  0  0  0  0  0  0  36574  0  11  3762  278  14  0  0  605  7173  0  88552  0  7  0  86  68613  0  0  2  1934  0  0  157  9030  0  0  2  0  1  25014  8104  0  8  1  2  15  0  0  0  29  54  93313  642  3  0  17  1  7703  215  0  0  0  0  0  0  0  0  0  0  0  0  0  0  0  0  0  0  0  0  0  0  0  0  0  0  0  0  0  0  0  0  0  0  0  0  0  0  0  0  0  0  0  0  0  0  0  0  0  0  0  0  0  0  0  0  0  0  0  0  0  0  0  0  0  0  0  0  0  0  0  0  0  0  2  2  3  87  1103  0  0  0  0  0  0  0  
0  0  15057  0  0  0  0  4  427  15  191  1  0  0  1  1  0  0  1  8922  0  0  0  0  85  0  0  153  15  100255  0  0  0  0  0  13  0  0  0  2  15  0  0  1  441  5241  0  1  4  0  0  1  0  5  0  145331  0  43  0  0  1  0  0  0  38849  998  37134  1  57  0  11101  0  39  0  0  0  0  0  0  0  0  0  0  0  3  0  0  0  0  0  0  0  0  218  0  0  0  0  0  0  0  0  0  22  0  0  0  0  0  0  0  0  0  0  0  0  0  0  0  0  0  0  0  0  0  0  0  0  0  0  0  0  0  0  0  0  0  0  2  0  0  0  0  0  0  0  0  0  0  106  0  45  28  0  0  0  0  0  0  0  
0  0  19808  25950  0  0  0  0  2  1  0  9  0  0  0  1  2  0  0  0  0  0  0  0  0  3934  45  0  710  8  0  0  0  0  0  0  0  0  0  0  2  0  0  0  127693  4912  0  0  263  0  0  1  0  1  0  15  0  0  0  0  0  0  0  0  0  158  119515  12  14  0  5  0  0  0  0  0  0  0  0  0  0  0  0  0  0  0  0  0  0  0  0  0  0  0  0  0  0  0  0  0  0  0  0  0  0  0  0  0  0  0  0  0  0  0  0  0  0  0  0  0  0  0  0  0  0  0  0  0  0  0  0  0  0  0  0  0  0  0  0  0  0  0  0  0  0  0  0  0  0  27  0  629  589  0  0  0  0  0  0  0  
0  0  26125  15782  0  3  3  13005  106  2  0  2305  0  4  9279  28091  1  1  0  0  0  0  0  0  5  71  13  1487  0  0  0  0  0  0  0  21  0  0  0  9  177  0  0  1  201387  134  0  7  13129  0  0  165  0  182  6  58  0  0  0  1  9  1  0  0  9  240  2054  89030  100302  0  4  0  22  0  0  0  0  0  0  0  0  0  0  0  0  0  0  0  0  0  0  0  0  0  0  0  0  0  0  0  0  0  0  0  0  0  0  0  0  0  0  0  0  0  0  0  0  0  0  0  0  0  0  0  0  0  0  0  0  0  0  0  0  0  0  0  0  0  0  0  0  0  0  0  0  0  0  0  0  1203  0  669  1178  1  0  0  0  0  0  0  
0  0  11712  0  0  0  0  3  6012  12251  548  4  0  2  0  6  2  0  0  11  0  117  0  0  17  1  121327  56  9  0  0  0  0  0  0  65  0  0  0  11  104  0  0  8871  152  30100  0  6  41  0  0  4  0  1  0  2102  0  61  0  1  3  0  0  0  75594  492  742  6  42  0  73268  0  448  0  0  0  0  0  0  0  0  0  23  33  60  0  0  0  0  0  0  0  0  242  0  11  0  0  0  0  47  0  0  13637  0  0  0  0  0  0  0  0  0  0  0  0  0  7  0  6  0  0  0  0  0  0  0  0  0  0  0  0  0  0  0  0  0  0  33  0  0  0  0  0  201  0  0  0  1  125  0  12  25  0  0  0  0  0  0  0  
15567  0  0  0  4458  2636  1  0  0  0  0  0  83  5  5  16  0  0  0  0  0  0  0  10029  0  0  0  0  0  0  0  10976  0  0  0  0  0  0  359  0  0  0  0  0  0  0  25  0  1  0  0  11  10  3  0  0  0  0  0  0  0  1  63783  1917  0  1  0  1  1  48392  0  0  0  0  0  0  0  0  0  15  0  0  0  0  0  0  0  0  0  1  0  0  0  0  0  0  0  1  0  0  0  0  0  0  252  71  0  0  0  0  0  0  0  0  0  0  0  0  0  0  0  0  0  0  0  0  0  0  0  0  0  0  0  0  0  0  0  0  0  0  0  0  0  35  0  0  0  0  0  1  0  37  3840  341  0  1  0  2  0  1  
31  0  0  0  0  5544  0  0  0  0  0  0  13  0  0  0  0  0  0  0  1  0  28  23  0  0  0  0  0  0  7577  0  0  0  0  0  0  0  88  0  0  0  0  0  0  0  8  0  0  0  0  0  1  0  0  0  0  0  0  0  0  0  4462  153  0  3161  0  0  0  8002  0  0  0  0  0  0  0  0  0  3  0  0  0  0  0  0  0  0  0  0  0  0  0  0  0  0  0  0  0  0  0  0  0  0  4  531  0  0  0  0  0  0  0  0  0  0  0  0  0  0  0  0  0  0  0  0  0  0  0  0  0  0  0  0  0  0  0  0  0  4  0  0  0  2  0  0  0  0  0  50  7  722  514  5693  0  8  0  35  1  22  
0  0  0  3941  0  0  0  0  2  1  0  3029  0  0  0  0  43  0  0  0  0  0  0  0  2  1467  0  0  0  0  0  0  0  22916  3  188  0  7  0  1  17390  0  0  0  12  0  0  66022  2349  2  0  0  0  0  0  10  0  0  15  1  0  0  0  0  2  0  0  0  0  0  0  3  7270  52138  0  0  0  0  0  0  0  0  0  0  0  0  0  0  0  0  0  0  0  0  0  0  0  0  0  0  0  0  0  0  0  0  0  0  0  0  0  0  0  0  0  0  0  0  0  0  0  0  0  0  0  0  0  0  0  0  0  0  0  0  0  0  0  0  0  0  0  0  0  0  0  0  0  0  16  0  76  204  74  1  0  0  0  0  0  0  
0  0  0  623  0  0  0  0  1  0  0  786  0  1  0  0  3  1  0  0  0  0  2  0  57  5315  0  0  0  0  0  0  21085  0  58974  91322  5  12721  0  4  1568  0  25538  0  15  0  0  35696  26  598  0  0  0  0  7  5  0  0  19  1254  74  0  0  0  1  0  1  4  0  0  0  282  109602  15531  0  0  0  0  0  0  0  0  0  0  0  0  0  0  0  0  0  0  0  0  0  0  0  0  0  0  0  0  0  0  0  0  0  0  0  0  0  0  0  0  0  0  0  0  0  0  0  0  0  0  0  0  0  0  0  0  0  0  0  0  0  0  0  0  0  0  0  0  0  0  0  0  0  0  3  0  9  7  15  0  0  0  0  0  0  0  
0  0  0  0  0  0  0  0  0  0  0  7  0  1  0  0  19453  87  0  0  0  0  5255  26  0  0  0  0  0  0  0  0  0  45714  0  1  11  208  0  1  1  0  20435  0  0  0  3  33016  76  628  0  0  0  0  0  0  0  0  0  1760  333  0  53  0  0  0  0  0  0  0  0  104  1997  1  0  0  0  0  0  0  0  0  0  0  0  0  0  0  0  0  0  0  0  0  0  0  0  0  0  0  0  0  0  0  0  0  0  0  0  0  0  0  0  0  0  0  0  0  0  0  0  0  0  0  0  0  0  0  0  0  0  0  0  0  0  0  0  0  0  0  0  0  0  0  0  0  0  0  35699  0  170  1  48  0  0  0  0  0  0  0  
0  0  0  77  0  0  0  0  183  19  1  16  0  11  0  0  7  2  0  3  2  3  0  0  203  72836  20  0  18  20  0  0  88  88523  1  0  0  9  1  90  40813  0  0  16  586  0  0  238  379  0  0  1  0  2  8648  1837  0  7  35  32  186  0  0  0  155  179  16275  126  1  0  59  31  55984  15950  0  0  0  0  0  0  0  0  0  0  0  0  0  0  0  0  0  0  0  0  0  0  0  0  0  0  0  0  0  0  0  0  0  0  0  0  0  0  0  0  0  0  0  0  0  0  0  0  0  0  0  0  0  0  0  0  0  0  0  0  0  0  0  0  0  0  0  0  0  0  0  0  0  0  15  3  33  85  364  1  0  0  0  0  0  0  
0  110  0  0  0  0  0  0  0  0  0  0  0  0  0  0  0  0  0  0  743  0  50  0  0  0  0  0  0  0  0  0  0  12  122  1  0  31164  0  0  0  0  25554  0  0  0  0  63  0  27309  0  0  0  0  0  0  0  0  16  41821  533  0  0  0  0  0  0  0  0  0  0  127807  1881  0  0  0  0  0  0  0  0  0  0  0  0  0  0  0  0  0  0  0  0  0  0  0  0  0  0  0  0  0  0  0  0  0  0  0  0  0  0  0  0  0  0  0  0  0  0  0  0  0  0  0  0  0  0  0  0  0  0  0  0  0  0  0  0  0  0  0  0  0  0  0  0  0  0  0  1  0  62  0  0  0  0  0  0  0  0  0  
0  20  0  0  0  0  0  0  0  0  0  0  0  0  0  0  1  0  18  0  28  1  0  0  277  5  0  0  0  0  0  0  4  15064  370  24  32914  0  0  0  41  0  12190  50  1  0  0  799  0  1145  3  0  0  0  0  2  12  12  20015  10866  192  0  0  0  0  0  0  0  0  0  0  127439  132725  46  0  0  0  0  0  0  0  0  0  0  0  0  0  0  0  0  0  0  0  0  0  0  0  0  0  0  0  0  0  0  0  0  0  0  0  0  0  0  0  0  0  0  0  0  0  0  0  0  0  0  0  0  0  0  0  0  0  0  0  0  0  0  0  0  0  0  0  0  0  0  0  0  0  0  4  0  38  3  5  0  0  0  0  0  0  0  
1349  0  0  0  8  230  1  0  0  0  0  3  30789  28706  188  1  0  37  0  0  0  0  0  21057  0  0  0  0  1  0  131  101  0  0  0  0  0  0  0  326  0  0  0  0  6  0  10068  0  30631  0  0  2287  33  6  0  0  0  0  0  0  0  7886  154  12744  0  8  0  13  8  399  0  0  0  0  0  0  0  0  0  0  0  0  0  0  0  0  0  0  0  0  0  0  0  0  0  0  0  0  0  0  0  0  0  0  0  0  0  0  0  0  0  0  0  0  0  0  0  0  0  0  0  0  0  0  0  0  0  0  0  0  0  0  0  0  0  0  0  0  0  0  0  0  0  0  0  0  0  0  0  25  0  3  3457  1059  0  0  0  0  0  0  
6  0  0  1  0  1  0  0  18  1  0  40229  0  30872  8  0  6  71  0  0  0  0  0  4  0  6  0  1  28  0  0  0  0  0  0  0  0  0  217  0  37  0  0  1  1145  0  128  74  24353  0  0  4121  2  2  0  12  0  0  0  0  0  121  0  0  2  7  157  3852  11  3  3  0  1  0  0  0  0  0  0  0  0  0  0  0  0  0  0  0  0  0  0  0  0  0  0  0  0  0  0  0  0  0  0  0  0  0  0  0  0  0  0  0  0  0  0  0  0  0  0  0  0  0  0  0  0  0  0  0  0  0  0  0  0  0  0  0  0  0  0  0  0  0  0  0  0  0  0  0  0  16  0  27  980  4  0  0  0  0  0  0  
0  1  0  1720  0  0  0  0  1413  93  2  236  0  24  0  0  5509  31  1  15  1  0  6  0  169  53054  191  15  206  177  0  0  14648  979  7  44673  2  118  0  167  0  0  2  109  1881  0  0  44665  32837  7  1  6  0  0  139  4412  3  75  470  62  839  0  2  0  428  650  14274  885  15  0  330  49  23662  10866  0  0  0  0  0  0  0  0  0  0  0  0  0  0  0  0  0  0  0  0  0  0  0  0  0  0  0  0  0  0  0  0  0  0  0  0  0  0  0  0  0  0  0  0  0  0  0  0  0  0  0  0  0  0  0  0  0  0  0  0  0  0  0  0  0  0  0  0  0  0  0  0  0  0  307  23  1407  3573  15135  8  0  0  0  0  0  0  
0  27104  0  0  0  0  0  0  0  0  8174  0  0  0  0  0  0  0  47691  8675  0  38141  0  0  2  0  0  0  0  0  0  0  0  0  0  0  0  0  0  0  0  0  0  49146  0  0  0  0  0  0  26  0  0  0  0  1  13073  1373  5  0  60  0  0  0  0  0  0  0  0  0  0  0  12  0  0  0  0  0  0  0  0  0  0  0  2  0  0  0  0  0  0  0  0  0  0  13  0  0  0  0  0  0  0  0  0  0  0  0  0  0  0  0  0  0  0  0  0  0  0  0  0  0  0  0  0  0  0  0  0  0  0  0  0  0  0  0  0  0  0  0  0  0  0  0  0  0  0  0  0  0  0  0  0  0  0  0  0  0  0  0  
0  0  0  0  0  0  0  0  0  0  0  0  1  0  0  0  16  0  0  0  36  0  19339  13  0  0  0  0  0  0  0  0  0  23944  23737  0  25421  12408  0  0  0  0  0  0  0  0  1  7896  0  15647  0  0  0  0  0  0  0  0  1  467  19213  0  0  0  0  0  0  0  0  0  0  9459  242  1  0  0  0  0  0  0  0  0  0  0  0  0  0  0  0  0  0  0  0  0  0  0  0  0  0  0  0  0  0  0  0  0  0  0  0  0  0  0  0  0  0  0  0  0  0  0  0  0  0  0  0  0  0  0  0  0  0  0  0  0  0  0  0  0  0  0  0  0  0  0  0  0  0  0  33259  0  10351  1  17  0  0  0  0  0  0  0  
0  3658  0  3  0  0  0  0  418  26421  56636  8  0  3  0  0  6  1  1898  15325  99  142041  13661  0  1518  7  0  3  2  11272  0  1  1  0  0  7  0  4  0  26  197  27026  0  0  113  0  0  53  93  0  742  1  0  0  0  1963  16559  23825  1067  6  6518  0  0  0  81105  986  39  4  0  0  7  102  4702  0  0  0  0  0  0  0  0  0  0  0  391  0  0  0  0  0  0  0  0  0  0  67  0  0  0  0  0  0  0  3  0  0  0  0  0  0  0  0  0  0  0  0  0  5  0  0  0  0  0  0  0  0  0  0  0  0  0  0  0  0  0  0  0  0  0  1  0  0  0  0  1  0  0  0  0  0  2170  155  80  1  0  0  0  0  0  0  
0  0  43803  31335  1  20  3  12118  635  3  0  514  0  161  84  4581  71  116  0  0  0  0  0  0  6  1026  220  138877  158902  10  0  0  0  0  0  26  0  0  4  1361  270  0  0  0  0  32579  0  147  12714  0  0  929  2  1191  3  267  0  0  0  0  3  4  0  0  5  4219  94068  18084  20984  0  96  1  10  0  0  0  0  0  0  0  0  0  0  0  0  0  0  0  0  0  0  0  0  0  0  0  0  0  0  0  0  0  0  0  0  0  0  0  0  0  0  0  0  0  0  0  0  0  0  0  0  0  0  0  0  0  0  0  0  0  0  0  0  0  0  0  0  0  0  0  0  0  0  0  0  0  0  0  0  4903  0  10801  23179  34  0  0  0  0  0  0  
0  0  42151  0  0  8  2  27391  15111  4  0  0  0  0  4  3928  0  0  0  0  0  0  0  0  0  0  14393  3705  404  30641  0  0  0  0  0  5  0  0  0  0  7  0  0  1  43566  0  0  0  3  0  0  47  2  53  0  525  0  0  0  0  0  0  0  0  9  735  6654  27  1151  1  13926  0  16  0  0  0  6  0  0  0  0  0  4  0  0  0  0  0  0  2  0  0  0  0  0  0  0  0  0  0  0  0  0  1  0  0  0  0  0  0  0  0  0  0  0  0  0  0  0  7  0  0  0  0  0  0  0  0  0  0  0  0  0  0  0  0  0  0  0  0  0  0  0  0  3  0  0  0  0  3875  0  298  79  3  0  0  0  0  0  0  
17  0  0  0  0  52  10  3  0  0  0  32  12808  92  6  3  33  24885  0  0  0  0  0  39292  0  0  0  0  9  0  70  28  0  0  0  0  0  0  12483  128  0  0  0  0  10  0  0  1350  16942  0  0  898  120  47  0  0  0  0  0  0  0  72  2908  1446  0  42  0  24  63  33  0  0  0  0  0  0  0  0  0  0  0  0  0  0  0  0  0  0  0  0  0  0  0  0  0  0  0  0  0  0  0  0  0  0  0  0  0  0  0  0  0  0  0  0  0  0  0  0  0  0  0  0  0  0  0  0  0  0  0  0  0  0  0  0  0  0  0  0  0  0  0  0  0  0  0  0  0  0  0  124  0  8  73585  513  0  0  0  1  0  0  
0  1  0  50  0  0  0  0  210  13  0  516  0  5  0  0  49852  5951  0  1  0  0  615  1087  17  43  113  12  6  17  0  0  46577  32043  36198  334  24  924  0  44  33972  0  4124  23  314  0  1422  0  1115  122  0  2  0  0  4  1124  0  8  755  1464  56  0  903  0  61  112  6234  18  0  0  49  732  84696  17128  0  0  0  0  0  0  0  0  0  0  0  0  0  0  0  0  0  0  0  0  0  0  0  0  0  0  0  0  0  0  0  0  0  0  0  0  0  0  0  0  0  0  0  0  0  0  0  0  0  0  0  0  0  0  0  0  0  0  0  0  0  0  0  0  0  0  0  0  0  0  0  0  0  0  9676  1  2868  6076  88869  71  0  0  0  0  0  0  
654  0  0  36148  3  242  50  10  263  18  0  46006  796  10203  480  15  17550  44472  0  2  0  1  1  84  47  6483  24  68  14479  15  7  3  1012  8  89  221  0  2  23113  21424  30033  0  1  29  14953  3  17251  2530  0  0  0  27245  878  239  42  543  0  11  4  0  108  1195  1  17  97  392  9708  35090  641  124  24  0  219  10  0  0  0  0  0  0  0  0  0  0  0  0  0  0  0  0  0  0  0  0  0  0  0  0  0  0  0  0  0  0  0  0  0  0  0  0  0  0  0  0  0  0  0  0  0  0  0  0  0  0  0  0  0  0  0  0  0  0  0  0  0  0  0  0  0  0  0  0  0  0  0  0  0  0  11  1269  39  977  122314  1081  0  0  0  0  0  0  
0  0  0  0  0  0  0  0  0  0  0  0  0  0  0  0  0  0  0  0  27232  0  197  0  0  0  0  0  0  0  0  0  0  157  995  0  23970  424  0  0  0  0  13872  0  0  0  0  64  0  0  0  0  0  0  0  0  0  0  2  12318  31617  0  0  0  0  0  0  0  0  0  0  13428  2019  0  0  0  0  0  0  0  0  0  0  0  0  0  0  0  0  0  0  0  0  0  0  0  0  0  0  0  0  0  0  0  0  0  0  0  0  0  0  0  0  0  0  0  0  0  0  0  0  0  0  0  0  0  0  0  0  0  0  0  0  0  0  0  0  0  0  0  0  0  0  0  0  0  0  0  0  0  7350  0  0  0  0  0  0  0  0  0  
0  39293  0  0  0  0  0  0  0  0  0  0  0  0  0  0  0  0  155  0  18620  23471  1  0  14  1  0  0  0  0  0  0  0  0  0  0  0  1  0  0  1  106  0  905  1  0  0  0  0  0  0  0  0  0  0  19  2692  204  228  71  28085  0  0  0  1  0  0  0  0  0  0  7  77  0  0  0  0  0  0  0  0  0  0  0  0  0  0  0  0  0  0  0  0  0  0  0  0  0  0  0  0  0  0  0  0  0  0  0  0  0  0  0  0  0  0  0  0  0  0  0  0  0  0  0  0  0  0  0  0  0  0  0  0  0  0  0  0  0  0  0  0  0  0  0  0  0  0  0  0  0  0  0  2  0  0  0  0  0  0  0  
3373  0  0  4  18  821  98  52  17  0  0  34999  1  50988  96026  141  0  148  0  0  0  0  0  109  0  0  7  8  166  0  11  7  0  0  0  0  0  0  1243  3837  0  0  0  0  942  17  182  0  33139  0  0  0  27160  19154  0  12  0  0  0  0  0  14368  2  40  0  621  46  38417  1595  211  0  0  0  0  0  0  0  0  0  0  0  0  0  0  0  0  0  0  0  0  0  0  0  0  0  0  0  0  0  0  0  0  0  0  0  0  0  0  0  0  0  0  0  0  0  0  0  0  0  0  0  0  0  0  0  0  0  0  0  0  0  0  0  0  0  0  0  0  0  0  0  0  0  0  0  0  0  0  0  1853  0  1857  30008  251  0  0  0  0  0  0  
11852  0  0  0  16880  37950  489  19  11  0  0  0  0  16  104164  4399  0  0  0  0  0  0  0  37  0  0  0  0  5  0  6  1  0  0  0  0  0  0  44  1  0  0  0  0  10  1  3  0  26  0  0  21179  0  49540  0  0  0  0  0  0  0  20  4  60  0  286  0  12  61  773  0  0  0  0  0  0  0  0  0  0  0  0  0  0  0  0  0  0  0  0  0  0  0  0  0  0  0  0  0  0  0  0  0  0  0  0  0  0  0  0  0  0  0  0  0  0  0  0  0  0  0  0  0  0  0  0  0  0  0  0  0  0  0  0  0  0  0  0  0  0  0  0  0  0  0  0  0  0  0  89  0  5  163  15  0  0  0  0  0  0  
202  0  0  0  150  35691  19923  551  32  0  0  0  0  9  88697  178128  0  0  0  0  0  0  0  6  0  0  3  11  314  0  1  0  0  0  0  0  0  0  22  0  0  0  0  0  431  16  5  0  50  0  0  25356  40329  0  0  10  0  0  0  0  0  12  0  6  0  760  20  806  34518  73  1  0  0  0  0  0  0  0  0  0  0  0  0  0  0  0  0  0  0  0  0  0  0  0  0  0  0  0  0  0  0  0  0  0  0  0  0  0  0  0  0  0  0  0  0  0  0  0  0  0  0  0  0  0  0  0  0  0  0  0  0  0  0  0  0  0  0  0  0  0  0  0  0  0  0  0  0  0  0  18800  0  32  471  15  0  0  0  0  0  0  
0  0  0  52  0  0  0  0  9  1  0  9  0  3  0  0  2  0  0  0  0  0  0  0  43860  28481  2  0  12  0  0  0  0  15  0  16343  0  4  0  10  1095  0  0  0  89  0  0  6  115  0  0  1  0  0  0  22088  0  0  0  1  3  0  0  0  5  13  2232  70  0  0  6  1  7397  0  0  0  0  0  0  0  0  0  0  0  0  0  0  0  0  0  0  0  0  0  0  0  0  0  0  0  0  0  0  0  0  0  0  0  0  0  0  0  0  0  0  0  0  0  0  0  0  0  0  0  0  0  0  0  0  0  0  0  0  0  0  0  0  0  0  0  0  0  0  0  0  0  0  0  1  0  0  6  92  0  0  0  0  0  0  0  
0  6  3  86  0  0  1  2  5800  291  176  34  0  26  0  1  29  4  4  7041  0  4  0  0  71165  6500  163389  28  58  6033  0  0  3  1  0  7725  0  3  0  213  4931  0  0  1347  2177  100  0  306  1527  0  4  7  0  1  14629  0  55  27154  12  5  54  1  0  0  47499  2963  34033  553  43  0  17484  2  23673  4  0  0  0  0  0  0  0  0  0  0  0  0  0  0  0  0  0  0  0  0  0  0  0  0  0  0  0  0  0  0  0  0  0  0  0  0  0  0  0  0  0  0  0  0  0  0  0  0  0  0  0  0  0  0  0  0  0  0  0  0  0  0  0  0  0  0  0  0  0  0  0  0  0  0  6  66  7  192  1507  0  0  0  0  0  0  0  
0  11559  0  0  0  0  0  0  0  0  0  0  0  0  0  0  0  0  119661  0  48  2905  0  0  123  0  0  0  0  0  0  0  0  0  0  0  0  11  0  0  3  15367  0  16268  0  0  0  2  1  0  2263  0  0  0  0  50  0  26930  10841  0  3255  0  0  0  4  0  0  0  0  0  0  1  12808  0  0  0  0  0  0  0  0  0  0  0  0  0  0  0  0  0  0  0  0  0  0  0  0  0  0  0  0  0  0  0  0  0  0  0  0  0  0  0  0  0  0  0  0  0  0  0  0  0  0  0  0  0  0  0  0  0  0  0  0  0  0  0  0  0  0  0  0  0  0  0  0  0  0  0  0  0  0  0  0  0  0  0  0  0  0  0  
0  115  0  3  0  0  0  0  28  1  17173  3  0  2  0  0  10  0  77546  63084  58  55  0  0  20482  18  135  0  4  32  0  0  0  0  0  4  0  2  0  29  308  722  0  22760  148  0  0  55  162  0  97  0  0  0  0  25603  18086  0  1385  0  1057  0  0  0  9534  2  27  6  0  0  34  3  11762  1  0  0  0  0  0  0  0  0  0  0  0  0  0  0  0  0  0  0  0  0  0  0  0  0  0  0  0  0  0  0  0  0  0  0  0  0  0  0  0  0  0  0  0  0  0  0  0  0  0  0  0  0  0  0  0  0  0  0  0  0  0  0  0  0  0  0  0  0  0  0  0  0  0  0  1  0  0  12  127  0  0  0  0  0  0  0  
0  28460  0  0  0  0  0  0  0  0  1  0  0  0  0  0  2  0  20341  0  7439  34  0  0  40  1  0  0  0  0  0  0  3  1  0  25  14  21127  0  0  37  1  1  1262  4  0  0  130  1  0  2967  0  0  0  0  23  10010  2845  0  3163  17868  0  0  0  6  0  0  0  0  0  0  37983  22364  34  0  0  0  0  0  0  0  0  0  0  0  0  0  0  0  0  0  0  0  0  0  0  0  0  0  0  0  0  0  0  0  0  0  0  0  0  0  0  0  0  0  0  0  0  0  0  0  0  0  0  0  0  0  0  0  0  0  0  0  0  0  0  0  0  0  0  0  0  0  0  0  0  0  0  6  0  9  9  5  0  0  0  0  0  0  0  
0  4199  0  0  0  0  0  0  2  0  0  0  0  0  0  0  0  0  1  0  69639  1  4  0  0  0  0  0  1  0  0  0  0  136  1829  75  40753  2498  0  0  23  0  506  5  0  0  0  972  2  11490  206  0  0  0  0  3  4  2  3871  0  24724  0  0  0  2  0  1  0  0  0  1  42298  3487  0  0  0  0  0  0  0  0  0  0  0  0  0  0  0  0  0  0  0  0  0  0  0  0  0  0  0  0  0  0  0  0  0  0  0  0  0  0  0  0  0  0  0  0  0  0  0  0  0  0  0  0  0  0  0  0  0  0  0  0  0  0  0  0  0  0  0  0  0  0  0  0  0  0  0  0  0  4118  0  2  0  0  0  0  0  0  0  
0  7250  0  2  0  0  0  0  9  1  0  3  0  3  0  0  2  0  114  0  112116  94232  41986  0  136  2  0  0  4  0  0  2  0  117  1510  264  157  83  0  9  382  49  15314  4960  61  0  0  127  58  27422  23199  0  0  0  0  122  2084  1047  5877  35379  0  0  0  0  13  1  8  14  0  0  3  2299  1258  7  0  0  0  0  0  0  0  0  0  0  0  0  0  0  0  0  0  0  0  0  0  0  0  0  0  0  0  0  0  0  0  0  0  0  0  0  0  0  0  0  0  1  0  0  0  0  0  0  0  0  0  0  0  0  0  0  0  0  0  0  0  0  0  0  0  0  0  0  0  0  0  0  0  0  39  0  67188  37  38  0  0  0  0  0  0  0  
6492  0  0  0  2  93  1  0  1  0  0  5  2534  27395  28829  0  0  16  0  0  0  0  0  15887  0  0  0  0  4  0  13  1  0  0  0  0  0  0  11406  81  0  0  0  0  10  0  35  0  846  0  0  16542  118  18  0  0  0  0  0  0  0  0  5  54  0  16  0  15  29  93  0  0  0  0  0  0  0  0  0  0  0  0  0  0  0  0  0  0  0  0  0  0  0  0  0  0  0  0  0  0  0  0  0  0  0  0  0  0  0  0  0  0  0  0  0  0  0  0  0  0  0  0  0  0  0  0  0  0  0  0  0  0  0  0  0  0  0  0  0  0  0  0  0  0  0  0  0  0  0  42  0  7  510  54  0  0  0  0  0  0  
617  0  0  0  90  194  1  1  1  0  0  0  978  2  2  1  5587  22323  0  0  1  1  6575  75752  0  0  0  0  0  0  60058  5483  0  0  295  0  0  0  1755  0  0  0  0  0  0  0  1732  511  1  0  0  7  3  2  0  0  0  0  0  0  0  1  0  28611  0  0  0  0  0  14525  0  0  0  0  0  0  0  0  0  0  0  0  0  0  0  0  0  0  0  0  0  0  0  0  0  0  0  0  0  0  0  0  0  0  0  11  0  0  0  0  0  0  0  0  0  0  0  0  0  0  0  0  0  0  0  0  0  0  0  0  0  0  0  0  0  0  0  0  0  0  0  0  0  0  0  0  0  0  1193  0  8  137  71165  17545  0  0  0  7  0  1  
4761  0  0  0  51  360  1  0  0  0  0  0  4205  19  6  0  0  0  0  0  0  0  0  93894  0  0  0  0  1  0  4976  713  0  0  0  0  0  0  16225  1  0  0  0  0  0  0  3329  0  9  0  0  14  32  2  0  0  0  0  0  0  0  10  25458  0  0  3  0  0  3  3505  0  0  0  0  0  0  0  0  0  0  0  0  0  0  0  0  0  0  0  0  0  0  0  0  0  0  0  0  0  0  0  0  0  0  0  3  0  0  0  0  0  0  0  0  0  0  0  0  0  0  0  0  0  0  0  0  0  0  0  0  0  0  0  0  0  0  0  0  0  0  0  0  0  0  0  0  0  0  0  1  0  2  178  1841  0  0  0  1  0  0  
0  2  0  10  0  0  0  0  473  25  69233  14  0  6  0  0  15  1  15  33745  2  173  0  0  404  25  47389  1  4  73619  0  0  1  0  0  102  0  0  1  53  968  0  0  79858  274  8  0  55  316  0  3  2  0  0  0  46048  39  12599  12  0  32  0  0  0  0  27  85  16  2  0  22422  2  2684  1  0  0  0  0  0  0  0  0  0  0  15  0  0  0  0  0  0  0  0  13  0  12  0  0  0  0  0  0  0  43  0  0  0  0  0  0  0  0  0  0  0  0  0  2  0  0  0  0  0  0  0  0  0  0  0  0  0  0  0  0  0  0  0  0  1  0  0  0  0  0  0  0  0  0  2  1  2  25  293  0  0  0  0  0  0  0  
23  1  1  2  1  67526  27220  40837  48510  75027  0  3  0  0  15  22  2  0  0  2  0  0  3  2  4  4  85  886  460  515  4  3828  0  0  0  149  0  0  9  9  195  0  0  477  6544  36  1  11  53  0  1  161  28  106  2  526  0  6  0  1  0  8  0  1  91  0  3709  38  374  1016  270  1  418  1  0  0  0  0  0  902  174  963  6961  2371  0  0  0  0  12  3  0  0  0  0  0  0  0  0  0  0  0  0  0  12  0  237  0  0  0  0  0  0  0  0  0  0  0  0  2  2  0  0  0  0  0  25  83  16  0  0  0  0  0  0  0  0  0  0  0  12459  1  0  0  0  278  0  0  0  1  18812  253  1069  220  14  0  46  0  9  1  0  
0  0  7328  2623  0  1  0  24  4848  160  0  65  0  13  4  2  541  11  0  0  0  0  0  0  1435  81656  52975  98730  687  631  0  0  1  0  0  22576  0  0  0  110  17069  0  0  34  91486  10926  0  1897  5844  0  0  44  0  32  786  34266  0  3  1  1  4  1  0  0  52  20648  0  899  214  0  868  0  409  0  0  0  0  0  0  0  0  0  0  0  0  0  0  0  0  0  0  0  0  0  0  0  0  0  0  0  0  0  0  0  0  0  0  0  0  0  0  0  0  0  0  0  0  0  0  0  0  0  0  0  0  0  0  0  0  0  0  0  0  0  0  0  0  0  0  0  0  0  0  0  0  0  0  0  0  419  1  8080  16564  1  0  0  0  0  0  0  
5  0  0  8377  0  7  1  3  8  1  0  29730  0  505  12615  5  0  2  0  1  0  0  0  0  1  32  1  35  75327  0  0  0  0  0  0  13  0  0  15  1283  91  0  0  0  17814  3  1  33  28687  0  0  41786  21  2265  2  22  0  0  0  0  4  9  0  1  4  52  301  0  15721  1  0  0  6  0  0  0  0  0  0  0  0  0  0  0  0  0  0  0  0  0  0  0  0  0  0  0  0  0  0  0  0  0  0  0  0  0  0  0  0  0  0  0  0  0  0  0  0  0  0  0  0  0  0  0  0  0  0  0  0  0  0  0  0  0  0  0  0  0  0  0  0  0  0  0  0  0  0  0  0  2134  2  657  13037  12  0  0  0  0  0  0  
2  0  144  0  0  907  3627  13446  180  0  0  0  0  0  13435  48330  0  0  0  0  0  0  0  1  0  0  178  5  85835  7  0  0  0  0  0  0  0  0  1  3  0  0  0  0  22942  439  0  0  79  0  0  890  15  36725  0  65  0  0  0  0  0  0  0  1  2  638  221  20032  0  24  34  0  0  0  0  0  0  0  0  0  0  0  0  0  0  0  0  0  0  0  0  0  0  0  0  0  0  0  0  0  0  0  0  0  0  0  0  0  0  0  0  0  0  0  0  0  0  0  0  0  0  0  0  0  0  0  0  0  0  0  0  0  0  0  0  0  0  0  0  0  0  0  0  0  0  0  0  0  0  36099  0  411  685  2  0  0  0  0  0  0  
27401  0  0  0  32076  52724  56  18  7  0  0  0  3  27  121  9495  0  2  0  0  0  0  0  20788  0  0  0  0  0  0  55684  8353  0  0  0  0  0  0  686  0  0  0  0  0  2  0  4  0  19  0  0  134  1278  147  0  0  0  0  0  0  0  34  12905  5693  0  179  0  9  32  0  0  0  0  0  0  0  0  0  1  22  0  0  0  0  0  0  0  0  0  1  0  0  0  0  0  0  0  0  0  0  0  0  0  0  19  184  0  0  0  0  0  0  0  0  0  0  0  0  0  0  0  0  0  0  0  0  0  0  0  0  0  0  0  0  0  0  0  0  0  0  0  0  0  22  0  0  0  0  0  43  0  100  71  328  0  0  0  3  0  12  
0  0  111  2  0  0  0  9  39530  53  6  1  0  3  0  9  4  1  0  43  0  0  0  0  45  13  33702  124  29  67910  0  0  0  0  0  281  0  0  0  21  454  0  0  32  1344  15466  0  11  133  0  0  7  1  1  2  16298  1  199  3  2  7  0  0  0  22152  1863  7144  7  43  0  0  2  2275  0  0  0  2  0  0  0  0  0  19  0  0  0  0  0  0  0  0  0  0  2  0  0  0  0  0  0  1  0  0  3035  0  0  0  0  0  0  0  0  0  0  0  0  0  0  0  34  0  0  0  0  0  0  0  0  0  0  0  0  0  0  0  0  0  0  1  0  0  0  0  0  297  0  0  0  1  162  0  144  164  0  0  0  0  0  0  0  
0  3013  0  0  0  0  0  0  7  0  0  0  0  0  0  0  1  0  33  0  6041  12  1  0  1  1  0  0  0  1  0  0  1  386  700  106  120121  139626  0  0  30  0  9513  904  4  0  0  1021  4  11169  132  0  0  0  0  4  123  57  32685  47258  4170  0  0  0  4  0  0  0  0  0  3  0  13903  13  0  0  0  0  0  0  0  0  0  0  0  0  0  0  0  0  0  0  0  0  0  0  0  0  0  0  0  0  0  0  0  0  0  0  0  0  0  0  0  0  0  0  0  0  0  0  0  0  0  0  0  0  0  0  0  0  0  0  0  0  0  0  0  0  0  0  0  0  0  0  0  0  0  0  0  0  173  1  6  0  0  0  0  0  0  0  
0  291  0  43  0  0  0  0  607  33  2  64  0  43  0  0  60  7  32301  8  126  57  10  0  139577  10981  9  0  27  111  0  0  2956  112029  5847  53356  2486  189097  0  290  35096  6  992  3914  1760  0  0  96618  1329  4520  115  4  0  0  10464  15693  9351  16197  23050  17445  4146  1  0  0  1672  148  325  143  5  0  386  20502  0  19431  0  0  0  0  0  0  0  0  0  0  0  0  0  0  0  0  0  0  0  0  0  0  0  0  0  0  0  0  0  0  0  0  0  0  0  0  0  0  0  0  0  0  0  0  0  0  0  0  0  0  0  0  0  0  0  0  0  0  0  0  0  0  0  0  0  0  0  0  0  0  0  0  0  0  84  4  501  241  913  2  0  0  0  0  0  0  
0  0  0  242  0  0  0  0  8  0  0  5  0  0  0  0  4  1  0  0  0  0  0  0  0  142  0  0  2  0  0  0  40867  16546  1  16363  0  65  0  2  10254  0  3  2  7  0  0  19423  10  1  0  0  0  0  0  10  0  0  501  3  3  0  0  0  13  0  3  1  0  0  0  45  16931  0  0  0  0  0  0  0  0  0  0  0  0  0  0  0  0  0  0  0  0  0  0  0  0  0  0  0  0  0  0  0  0  0  0  0  0  0  0  0  0  0  0  0  0  0  0  0  0  0  0  0  0  0  0  0  0  0  0  0  0  0  0  0  0  0  0  0  0  0  0  0  0  0  0  0  19  0  14  30  19  0  0  0  0  0  0  0  
0  0  0  0  0  0  0  0  0  0  0  0  0  0  0  0  0  0  0  0  0  0  0  0  0  0  0  0  0  0  0  0  0  0  0  0  0  0  0  0  0  0  0  0  0  0  0  0  0  0  0  0  0  0  0  0  0  0  0  0  0  0  0  0  0  0  0  0  0  0  0  0  0  0  0  0  0  0  32751  1635  0  0  0  0  0  0  51  13  5902  12379  0  0  0  0  0  0  0  45348  0  0  0  0  0  0  6728  177  0  0  0  0  0  0  115  0  0  0  0  0  0  0  8  0  1  0  0  76  18116  4  0  0  0  0  0  0  0  10361  630  500  0  4  0  0  0  2825  0  0  0  0  0  0  0  0  0  0  0  2282  0  0  957  1  
0  0  0  0  0  0  0  0  0  0  0  0  0  0  0  0  0  0  0  0  0  0  0  0  0  0  0  0  0  0  0  0  0  0  0  0  0  0  0  0  0  0  0  0  0  0  0  0  0  0  0  0  0  0  0  0  0  0  0  0  0  0  0  0  0  0  0  0  0  0  0  0  0  0  0  0  0  0  0  0  0  0  0  0  0  0  0  0  0  0  0  0  26468  91  37103  20  0  0  0  0  0  0  0  0  0  0  0  0  0  0  10601  12  0  0  4  37829  0  770  0  0  0  2  0  1  30807  0  0  0  0  0  18074  56  23741  30323  10334  0  0  0  0  0  0  0  0  0  0  1781  53  0  0  0  0  0  0  0  0  0  1  0  0  0  
0  0  106  0  0  0  0  2  137  0  0  0  0  0  0  50  0  0  0  0  0  0  0  0  0  0  0  0  2  0  0  0  0  0  0  0  0  0  0  0  0  0  0  0  0  2  0  0  0  0  0  0  0  0  0  0  0  0  0  0  0  0  0  0  0  0  0  0  0  0  72  0  0  0  0  0  0  0  0  0  0  656  25  0  0  0  0  0  0  55132  0  0  0  0  0  0  0  0  0  0  3872  13576  11011  6216  0  0  0  0  0  0  0  0  0  0  0  0  0  0  35225  28542  0  0  0  0  0  0  0  0  0  6  0  0  0  0  0  0  0  0  0  0  13878  0  141  0  12  0  0  0  0  0  0  0  0  0  0  0  0  0  0  0  
0  0  0  0  0  0  0  0  0  0  0  0  0  0  0  0  0  0  0  0  0  0  0  0  0  0  0  0  0  0  0  0  0  0  0  0  0  0  0  0  0  0  0  0  0  0  0  0  0  0  0  0  0  0  0  0  0  0  0  0  0  0  0  0  0  0  0  0  0  0  0  0  0  0  0  0  0  0  0  0  0  0  1  1  0  26715  0  0  0  0  114  48  0  0  0  0  0  0  9  73851  0  21961  26593  0  0  0  908  28  27  1034  0  0  0  1  16670  0  0  2  28483  0  0  185  29999  0  0  0  0  0  99  19  1  0  0  0  0  0  0  0  4  5  2756  16915  0  0  0  0  61  72  0  0  0  0  0  0  0  2  2  8  77  1  
0  0  0  0  1  0  0  0  0  0  0  0  0  0  0  1  0  0  0  0  0  0  0  0  0  0  0  0  0  0  1  0  0  0  0  0  0  0  0  0  0  0  0  0  0  0  0  0  0  0  0  0  0  0  0  0  0  0  0  0  0  0  0  0  0  0  0  0  0  0  0  0  0  0  22623  0  0  0  0  7346  0  0  0  0  0  0  0  1  7453  63323  0  0  0  0  0  0  0  113  0  0  0  0  0  0  29  108  0  0  0  0  0  0  0  0  0  0  0  0  0  0  0  0  0  0  0  35  20681  6  0  0  0  0  0  0  0  0  141  5  0  10  0  0  0  1975  0  0  0  0  0  0  0  0  0  0  0  534  0  0  13  0  
0  0  0  0  0  336  4  0  0  0  0  0  0  0  0  7  0  0  0  0  0  0  0  0  0  0  0  0  0  0  34  6  0  0  0  0  0  0  0  0  0  0  0  0  0  0  0  0  0  0  0  0  0  0  0  0  0  0  0  0  0  0  0  0  0  2135  0  0  0  32  0  0  0  0  1244  0  0  0  17578  0  28779  6  0  0  0  0  0  6  1808  159906  0  1  0  0  0  0  0  1048  0  0  0  0  3  0  3571  18496  0  0  0  0  0  0  5  0  0  0  0  0  11  0  2  0  57  0  0  6476  18903  36700  0  0  0  0  0  0  0  54  7473  47  0  44514  0  239  47  40439  0  0  0  0  0  0  0  0  0  0  0  21084  0  1  410  1  
0  0  0  0  0  28  162  6  0  0  0  0  0  0  0  0  0  0  0  0  0  0  0  0  0  0  0  0  0  0  0  0  0  0  0  0  0  0  0  0  0  0  0  0  0  0  0  0  0  0  0  0  0  0  0  0  0  0  0  0  0  0  0  0  0  519  0  0  0  0  0  0  0  0  0  0  0  0  0  29120  0  37036  1  0  0  0  0  0  20  72413  0  3  0  0  0  0  0  0  0  0  0  0  79  0  0  0  0  0  0  0  0  0  0  0  0  0  0  0  48  10  0  0  38  0  0  335  9  58195  0  5  0  0  0  0  0  0  0  0  0  36737  11  449  595  0  0  0  0  0  0  78  0  0  0  0  0  3349  0  6  249  0  
0  0  0  0  0  36  125  1234  197  0  0  0  0  0  0  3  0  0  0  0  0  0  0  0  0  0  0  0  0  0  0  0  0  0  0  0  0  0  0  0  0  0  0  0  0  1  0  0  0  0  0  0  0  0  0  0  0  0  0  0  0  0  0  0  0  2034  0  0  0  0  1  0  0  0  0  0  406  0  0  3  28315  0  25234  1  0  0  0  0  0  74740  0  0  0  0  0  0  0  0  0  0  3  1  6986  3  0  0  0  0  0  1  0  0  0  0  2  0  0  0  14156  29490  0  0  1  0  0  0  0  7826  3  199  0  0  0  0  0  0  0  0  2  37502  475  1  36960  0  74  0  0  0  0  101  0  0  0  0  0  558  0  207  331  3  
0  0  2  0  0  0  0  738  1975  661  0  0  0  0  0  0  0  0  0  0  0  0  0  0  0  0  0  0  0  28  0  0  0  0  0  0  0  0  0  0  0  0  0  1  0  0  0  0  0  0  0  0  0  0  0  0  0  0  0  0  0  0  0  0  0  5894  0  0  0  0  41  0  0  0  0  0  23  1  0  0  0  18788  0  7613  0  0  0  0  0  10  1  1  1  0  0  0  0  0  37  7  15  0  32  4191  0  0  0  0  0  1  0  0  0  0  54  0  0  119  630  16690  0  4  58  0  0  0  0  7  35  692  0  1  0  0  1  0  0  0  275  45558  182  2  10  0  38701  0  207  0  0  5  0  0  0  0  0  10  2  13  13  0  
0  0  0  0  0  0  0  0  16  1737  0  0  0  0  0  0  0  0  0  0  0  0  0  0  0  0  0  0  0  25  0  0  0  0  0  0  0  0  0  0  0  0  0  0  0  0  0  0  0  0  0  0  0  0  0  0  0  0  0  0  0  0  0  0  0  1320  0  0  0  0  0  0  0  0  0  0  0  2  0  0  0  2  13961  0  0  0  0  0  0  0  0  0  2  0  0  302  6104  0  25  1  1  0  0  15178  0  0  0  0  0  1  0  0  0  0  32  0  0  35565  112  0  0  15  26  0  0  0  0  1  20  101  0  1  0  0  0  0  0  0  1540  40385  40  4  2  0  22  0  64  0  0  0  1  4  0  0  0  3  1216  511  29  1  
0  0  0  0  0  0  0  0  0  0  2355  0  0  0  0  0  0  0  0  0  0  68  0  0  0  0  6  0  0  62  0  0  0  0  0  0  0  0  0  0  0  2  0  140  0  0  0  0  0  0  0  0  0  0  0  0  0  0  0  0  0  0  0  0  26  0  0  0  0  0  0  0  0  0  0  0  0  0  0  0  0  0  0  2  0  0  0  0  0  0  0  0  1  73437  0  1537  0  0  5  0  116  0  0  689  0  0  0  0  0  0  0  0  0  0  0  37846  0  97611  0  0  0  0  2  0  11  0  0  0  0  5921  2  15990  0  0  0  0  0  0  65223  0  0  0  0  0  0  0  21  0  0  0  0  0  0  0  0  0  0  0  0  0  
0  0  0  0  0  0  0  0  0  0  0  0  0  0  0  0  0  0  0  0  0  0  0  0  0  0  0  0  0  0  0  0  0  0  0  0  0  0  0  0  0  0  0  0  0  0  0  0  0  0  0  0  0  0  0  0  0  0  0  0  0  0  0  0  0  0  0  0  0  0  0  0  0  0  0  0  0  39371  0  0  0  0  1  0  0  0  0  15564  23  0  57  51  0  0  0  0  0  0  0  5078  0  27  3908  0  0  0  25  39  83  2  0  0  6  35790  6  0  0  0  3825  0  0  151  51645  0  0  15504  0  1  1  1  0  0  0  0  0  0  0  0  2  0  397  36867  14  0  2  0  2  1  0  0  0  0  0  0  0  10  0  2  42  0  
0  0  0  0  0  0  0  0  0  0  0  0  0  0  0  0  0  0  0  0  0  0  0  0  0  0  0  0  0  0  0  0  0  0  0  0  0  0  0  0  0  0  0  0  0  0  0  0  0  0  0  0  0  0  0  0  0  0  0  0  0  0  0  0  0  0  0  0  0  0  0  0  0  0  24  0  0  0  0  0  0  0  0  0  0  0  0  11815  418  0  0  0  0  0  0  0  0  42108  0  0  0  0  0  0  0  0  0  4  24  0  0  0  23928  0  0  0  12  0  0  0  6523  0  141  0  0  63  28  0  0  0  0  0  0  0  0  11978  65  9068  0  0  0  0  0  0  0  0  0  0  0  0  0  0  0  0  0  0  0  0  126  0  
0  0  0  0  0  0  0  0  0  0  0  0  0  0  0  0  0  0  0  0  0  0  0  0  0  0  0  0  0  0  0  0  0  0  0  0  0  0  0  0  0  0  0  0  0  0  0  0  0  0  0  0  0  0  0  0  0  0  0  0  0  0  0  0  0  0  0  0  0  0  0  0  0  0  0  0  0  0  0  1  0  0  0  0  0  14583  8668  0  761  0  0  13  0  0  0  0  0  176  0  0  0  0  3  0  0  0  0  93  120  0  0  0  20772  35560  0  0  118  0  1  0  10  0  6067  0  0  38277  10  0  0  0  0  0  0  0  0  6191  0  12  0  0  0  136  0  0  0  0  0  0  0  0  0  0  0  0  0  0  0  0  3  0  
0  0  0  0  0  0  0  0  0  0  0  0  0  0  0  0  0  0  0  0  0  0  0  0  0  0  0  0  0  0  0  0  0  0  0  0  0  0  0  0  0  0  0  0  0  0  0  0  0  0  0  0  0  0  0  0  0  0  0  0  0  0  0  0  0  1  0  0  0  0  0  0  0  0  5872  0  0  0  6016  1914  60  0  0  0  0  19  736  909  0  38957  0  7  0  0  0  0  0  6952  0  0  0  0  7599  0  0  0  0  0  0  0  0  0  14  0  0  0  0  0  8  0  4  0  50  0  0  103429  129917  98434  0  0  0  0  0  0  0  33368  0  6  0  301  0  24810  26537  0  0  0  0  0  0  0  0  0  0  0  0  1437  0  1  639  0  
0  0  10  0  0  172  45  111  14  0  0  0  0  0  0  181  0  0  0  0  0  0  0  0  0  0  0  0  0  0  1  0  0  0  0  0  0  0  0  0  0  0  0  0  0  2  0  0  0  0  0  0  0  0  0  0  0  0  0  0  0  0  0  0  0  11  0  0  0  1  2  0  0  0  12710  0  42083  0  69317  129849  71308  67331  8  0  0  0  0  0  33153  0  0  0  0  0  0  0  0  361  0  0  0  0  10297  0  3140  39  0  0  0  0  0  0  0  0  0  0  0  0  1696  4230  0  0  0  0  0  47  3709  123618  0  1  0  0  0  0  0  1  180  2  0  1837  4  1  28621  18589  0  0  0  0  0  2  0  0  0  0  0  2233  0  0  8  0  
0  0  0  0  0  0  0  0  0  0  0  0  0  0  0  0  0  0  0  0  0  0  0  0  0  0  0  0  0  0  0  0  0  0  0  0  0  0  0  0  0  0  0  0  0  0  0  0  0  0  0  0  0  0  0  0  0  0  0  0  0  0  0  0  0  0  0  0  0  0  0  0  0  0  0  0  0  163  0  0  0  0  3  1  0  32  0  0  0  0  0  51421  0  0  0  0  12105  25  0  354  0  0  4  1  0  0  126  4  20568  88  0  0  0  0  16243  0  6  0  463  0  1  46151  34487  0  0  0  0  1  11  17  0  0  0  0  0  0  0  0  4  3  163  17  18  0  3  0  263  11  0  0  0  2  0  0  10152  14  462  123  73381  64  
0  0  0  0  0  0  0  0  0  0  0  0  0  0  0  0  0  0  0  0  0  0  0  0  0  0  0  0  0  0  0  0  0  0  0  0  0  0  0  0  0  0  0  0  0  0  0  0  0  0  0  0  0  0  0  0  0  0  0  0  0  0  0  0  0  0  0  0  0  0  0  0  0  0  0  0  0  88  0  3  12  0  0  0  0  81  0  16  90  2  51814  0  0  0  0  0  31038  12933  1  0  0  0  1  0  0  0  0  16  9072  0  0  0  4  13  5  0  5  0  175  0  21881  505  70752  0  0  717  43  143  0  1  0  0  0  0  0  0  4  0  1  33  15  115  14  0  1  0  0  0  0  0  0  0  0  0  7919  121  7  19  70064  2  
0  0  0  0  0  0  0  0  0  0  0  0  0  0  0  0  0  0  0  0  0  0  0  0  0  0  0  0  0  0  0  0  0  0  0  0  0  0  0  0  0  0  0  0  0  0  0  0  0  0  0  0  0  0  0  0  0  0  0  0  0  0  0  0  0  0  0  0  0  0  0  0  0  0  0  30920  0  0  0  0  0  0  1  0  2  0  0  0  0  0  0  0  0  12923  34  19  0  0  15981  0  25  0  0  0  0  0  0  0  0  0  8  62  0  0  0  2652  0  2945  14  0  0  0  9  0  786  0  0  0  0  8579  97201  64322  28992  0  69  0  0  0  263  0  0  0  0  0  3  10  52478  0  0  0  0  0  0  0  0  0  1  0  0  0  
0  0  0  0  0  0  0  0  0  0  53  0  0  0  0  0  0  0  0  0  0  0  0  0  0  0  184  0  0  198  0  0  0  0  0  0  0  0  0  0  0  0  0  0  0  0  0  0  0  0  0  0  0  0  0  0  0  0  0  0  0  0  0  0  10  0  0  0  0  0  2  0  0  0  0  14  0  0  0  0  0  0  0  0  66772  0  0  0  0  0  0  0  9651  0  0  240  0  0  131  0  20064  0  0  1165  0  0  0  0  0  0  0  0  0  0  0  32919  0  18578  0  0  0  0  0  0  353  0  0  0  0  8686  14235  48156  2  0  5  0  0  0  18532  0  0  0  0  0  0  0  2  0  0  0  0  0  0  0  0  0  0  0  0  0  
0  0  0  0  0  0  0  0  0  0  0  0  0  0  0  0  0  0  0  0  0  0  0  0  0  0  0  0  0  0  0  0  0  0  0  0  0  0  0  0  0  0  0  0  0  0  0  0  0  0  0  0  0  0  0  0  0  0  0  0  0  0  0  0  0  0  0  0  0  0  0  0  0  0  0  27779  0  0  0  0  0  0  0  0  0  0  0  0  0  0  0  0  42  1  0  6103  3753  0  0  0  0  0  0  0  0  0  0  0  1  0  4946  3  0  0  0  1560  3  101  0  0  0  0  0  38820  19237  0  0  0  0  0  390  5  1514  66161  102977  0  0  0  0  0  0  0  0  0  0  21  11  0  0  0  0  0  0  0  0  0  0  1  0  0  
0  0  0  0  0  0  0  0  0  1  200  0  0  0  0  0  0  0  0  0  0  413  0  0  0  0  0  0  0  5  0  0  0  0  0  0  0  0  0  0  0  9  0  47  0  0  0  0  0  0  0  0  0  0  0  0  0  0  0  0  0  0  0  0  8  0  0  0  0  0  0  0  0  0  0  32  0  0  0  0  0  0  0  767  3423  0  0  0  0  0  1  0  10  540  4431  0  20316  0  1  0  0  0  0  6  0  0  1  0  0  0  1  1  0  0  5  39833  0  146417  0  0  0  3  0  0  58100  0  0  0  0  0  104  191  111  4  93870  0  0  0  3344  0  0  0  0  0  0  1  38  0  0  0  0  0  0  0  0  0  14438  24  0  0  
0  0  0  0  0  0  0  0  0  0  0  0  0  0  0  0  0  0  0  0  0  0  1  0  0  0  0  0  0  0  0  0  0  0  0  0  0  0  0  0  0  0  0  0  0  0  0  0  0  0  0  0  0  0  0  0  0  0  0  0  0  0  0  0  0  0  0  0  0  0  0  0  0  0  0  0  0  0  0  0  0  0  0  4509  0  0  0  0  0  0  12162  40813  0  0  2384  13878  0  7769  0  0  0  0  0  0  15  38  9  0  19760  3  15  2  0  0  17  0  23953  6523  0  0  2  239  4  6595  0  0  0  0  0  0  0  0  0  0  41094  0  2509  2  0  0  1  0  0  0  0  0  11  1  0  0  0  2  0  0  65286  0  117136  1391  24398  17667  
0  0  0  0  0  0  0  0  0  0  0  0  0  0  0  0  0  0  0  0  0  0  0  0  0  0  0  0  0  0  0  0  0  0  0  0  0  0  0  0  0  0  0  0  0  0  0  0  0  0  0  0  0  0  0  0  0  0  0  0  0  0  0  0  0  0  0  0  0  0  0  0  0  0  41287  0  0  0  360  673  0  0  0  0  0  0  47359  1265  7235  154  17  19451  0  0  0  0  14070  0  0  0  0  0  0  0  6426  67  0  11  304  0  0  0  3660  0  0  0  355  0  0  0  39180  0  22  0  0  22  131  1  0  0  0  0  0  0  0  19287  65304  94413  0  0  0  0  0  169  0  0  0  0  0  0  0  0  0  0  31  110  0  3  15842  87  
0  0  0  0  0  0  0  0  0  0  0  0  0  0  0  0  0  0  0  0  0  0  0  0  0  0  0  0  0  0  0  0  0  0  0  0  0  0  0  0  0  0  0  0  0  0  0  0  0  0  0  0  0  0  0  0  0  0  0  0  0  0  0  0  0  0  0  0  0  0  0  0  0  0  0  4  0  25  0  0  0  0  208  8  0  13  0  0  0  0  3  2  14486  5  1  0  0  0  0  21016  896  0  0  7  0  0  1  3  0  22  0  71  0  4  151  1  0  2555  1438  0  0  77  1660  0  2  13  0  1  40831  57808  5  96  69  0  2  0  0  0  2127  45  2  215  4  0  88  1  129639  0  0  0  0  0  0  0  0  10  3  6  44  0  
0  0  0  0  0  0  0  0  0  0  0  0  0  0  0  0  0  0  0  0  0  0  0  0  0  0  0  0  0  0  0  0  0  0  0  0  0  0  0  0  0  0  0  0  0  0  0  0  0  0  0  0  0  0  0  0  0  0  0  0  0  0  0  0  0  0  0  0  0  0  0  0  0  0  0  0  0  74327  0  0  0  0  21  2  0  1302  0  0  0  0  72  8  0  0  0  0  0  0  18921  0  4  4495  2  2  0  0  750  5049  0  58635  0  0  1  2  41667  0  0  14  8550  0  0  1028  8192  0  0  29  0  0  78545  620  0  0  0  0  3  0  0  1  38  34  79549  69  31  0  24  0  7597  150  0  0  0  0  0  0  2  66  131  237  2212  15  
0  0  0  0  0  0  0  0  0  0  0  0  0  0  0  0  0  0  0  0  0  0  0  0  0  0  2  0  0  20  0  0  0  0  0  0  0  0  0  0  0  0  0  0  0  0  0  0  0  0  0  0  0  0  0  0  0  0  0  0  0  0  0  0  0  0  0  0  0  0  1  0  0  0  0  0  3803  0  0  0  0  0  37  2  120  0  0  0  0  0  0  0  252  15391  0  0  0  0  1637  2  0  118  0  99458  0  0  0  0  0  0  0  0  0  0  9  0  0  8  25  7723  0  2  13  0  0  0  0  0  20  188336  0  1414  0  0  0  0  0  0  26137  89  28108  3  1  0  3182  0  85  0  0  0  0  0  0  0  0  1  0  2  1  0  
0  0  0  0  0  0  0  0  0  0  0  0  0  0  0  0  0  0  0  0  0  0  0  0  0  0  0  0  0  0  0  0  0  0  0  0  0  0  0  0  0  0  0  0  0  0  0  0  0  0  0  0  0  0  0  0  0  0  0  0  0  0  0  0  0  0  0  0  0  0  0  0  0  0  0  0  11082  22970  0  0  0  0  0  0  0  19  0  0  0  1  0  0  0  0  0  0  0  0  0  5190  44  0  390  0  0  0  0  0  0  1  0  0  0  0  1  0  0  0  131970  594  0  0  658  0  0  0  0  0  8  27  0  0  0  0  0  0  0  0  0  3  105201  16  1  0  0  0  0  0  0  0  0  0  0  0  0  0  0  0  0  0  
0  0  1  0  0  0  0  0  0  0  0  0  0  0  0  1  0  0  0  0  0  0  0  0  0  0  0  0  0  0  0  0  0  0  0  0  0  0  0  0  0  0  0  0  0  0  0  0  0  0  0  0  0  0  0  0  0  0  0  0  0  0  0  0  0  0  0  0  0  0  0  0  0  0  0  0  11144  25372  0  0  3  10570  5  0  0  3825  0  2  7303  14779  0  0  0  0  0  0  0  0  0  1  0  736  0  0  0  0  0  0  0  0  0  0  0  0  0  0  0  0  157998  1390  0  0  342  0  0  49  0  64  13  41  0  0  0  0  0  0  0  0  0  220  152  71327  83950  0  2  0  0  0  0  0  0  0  0  0  0  1721  1  733  2736  15  
0  0  2  0  0  0  0  0  228  215  13  0  0  0  0  0  0  0  0  0  0  3  0  0  0  0  33  0  0  5496  0  0  0  0  0  0  0  0  0  0  0  0  0  0  0  0  0  0  0  0  0  0  0  0  0  0  0  0  0  0  0  0  0  0  54  19  0  0  0  0  831  0  0  0  0  0  6554  0  0  0  0  1  6479  14871  731  0  0  0  0  0  0  0  1  861  0  23  0  0  46  1  122645  0  0  0  0  0  0  0  0  0  0  0  0  0  36  0  0  3295  100  39657  0  10  20  0  0  2  0  0  5  39209  0  2  0  0  0  0  0  0  80146  486  732  2  1  0  108284  0  182  0  0  0  0  0  0  0  0  1  1  0  2  0  
0  0  0  0  0  6  0  0  0  0  0  0  0  0  0  0  0  0  0  0  0  1  0  0  0  0  0  0  0  0  251  1  0  0  0  0  0  0  0  0  0  0  0  0  0  0  0  0  0  0  0  0  0  0  0  0  0  0  0  0  0  0  0  0  0  0  0  0  0  14  0  0  0  0  7063  0  0  0  73  2902  0  0  0  0  0  0  0  0  0  3344  0  0  0  0  0  0  16  6247  0  0  0  0  0  0  0  16453  0  0  0  0  0  0  0  0  0  0  0  0  0  0  0  0  0  0  0  0  0  0  0  0  0  0  0  0  0  0  70042  0  0  0  0  0  0  43189  0  0  0  0  0  0  0  0  0  0  5  135  263  5607  4412  10880  
0  0  0  0  0  246  0  0  0  0  0  0  0  0  0  0  0  0  0  0  0  0  0  0  0  0  0  0  0  0  8  206  0  0  0  0  0  0  1  0  0  0  0  0  0  0  0  0  0  0  0  0  0  0  0  0  0  0  0  0  0  0  4  5  0  499  0  0  0  35  0  0  0  0  93  0  0  0  21  12753  0  0  0  0  0  0  0  0  0  4  0  0  0  0  0  0  67  17  0  0  0  0  0  0  15808  0  0  0  0  0  0  0  0  0  0  0  0  0  0  0  0  0  0  0  0  0  0  0  0  0  0  0  0  0  0  0  13046  1  0  982  0  0  0  7460  0  0  0  0  0  7  0  143  1  2  0  8271  64  4671  1958  8125  
0  0  0  0  0  0  0  0  0  0  0  0  0  0  0  0  0  0  0  0  0  0  0  0  0  0  0  0  0  0  0  0  0  0  0  0  0  0  0  0  0  0  0  0  0  0  0  0  0  0  0  0  0  0  0  0  0  0  0  0  0  0  0  0  0  0  0  0  0  0  0  0  0  0  0  0  0  1526  0  0  0  0  0  1  0  15  0  0  0  0  277  12  0  0  0  1  3  0  17  1600  0  0  0  0  0  0  0  19871  9294  451  0  0  0  0  14016  0  0  3  36  0  0  41340  64  0  0  1  0  0  1  1  0  0  0  0  9  0  0  0  19  0  0  7  0  0  1  0  14181  33843  0  0  0  2  0  0  15  0  989  145  195  0  
0  0  0  0  0  0  0  0  0  0  0  0  0  0  0  0  0  0  0  0  0  0  0  0  0  0  0  0  0  0  0  0  0  0  0  0  0  0  0  0  0  0  0  0  0  0  0  0  0  0  0  0  0  0  0  0  0  0  0  0  0  0  0  0  0  0  0  0  0  0  0  0  0  0  0  0  0  122  0  0  0  0  0  0  0  27  6  436  0  0  1  10  0  0  0  0  0  14  1  5045  0  0  0  0  0  0  14388  0  61131  30199  1  3194  9  10  8  0  27133  0  0  0  0  32055  1  2  0  0  0  0  3  0  0  0  0  14  1  0  0  0  0  0  0  0  0  0  0  6  96678  23989  0  0  0  0  0  0  2  0  79  1  3  0  
0  0  0  0  0  0  0  0  0  0  0  0  0  0  0  0  0  0  0  0  0  0  0  0  0  0  0  0  0  0  0  0  0  0  0  0  0  0  0  0  0  0  0  0  0  0  0  0  0  0  0  0  0  0  0  0  0  0  0  0  0  0  0  0  0  0  0  0  0  0  0  0  0  0  0  0  0  271  0  0  0  0  0  0  0  63  27  462  0  0  20912  9310  0  0  1  0  19452  512  0  0  0  0  0  0  0  0  8774  61598  0  6  7  1874  30  4  1  0  23702  0  0  0  5  68221  14  260  0  0  0  0  0  0  0  0  0  2283  93  0  0  1  0  0  0  0  0  0  0  106  26215  175  0  0  0  0  0  0  24064  0  8  0  103  0  
0  0  0  0  0  0  0  0  0  0  0  0  0  0  0  0  0  0  0  0  0  0  0  0  0  0  0  0  0  0  0  0  0  0  0  0  0  0  0  0  0  0  0  0  0  0  0  0  0  0  0  0  0  0  0  0  0  0  0  0  0  0  0  0  0  0  0  0  0  0  0  0  0  0  0  1  0  123  0  0  0  0  34  6  0  5  0  0  0  0  72  15  5  0  0  0  5  0  119  53556  0  1  1  5  0  0  191  28677  6  0  1  11  0  0  25460  0  1  46  814  0  0  9709  1589  0  0  4  0  0  2173  462  0  0  0  0  22  0  0  0  144  35  937  31  9  0  33  0  13318  15852  0  0  0  7  0  0  87  34  4258  296  467  7  
0  0  0  0  0  0  0  0  0  0  0  0  0  0  0  0  0  0  0  0  0  0  0  0  0  0  0  0  0  0  0  0  0  0  0  0  0  0  0  0  0  0  0  0  0  0  0  0  0  0  0  0  0  0  0  0  0  0  0  0  0  0  0  0  0  0  0  0  0  0  0  0  0  0  0  9158  0  0  0  0  0  0  0  0  0  0  0  0  0  0  0  0  0  0  3367  0  25  0  0  0  0  0  0  0  0  0  0  0  41  0  0  30757  0  0  0  0  20665  0  0  0  0  20  0  57523  3  0  0  0  0  0  1  0  4026  69968  300  0  0  0  0  0  0  0  0  0  0  137035  76  0  0  0  0  0  0  0  0  0  0  0  0  0  
0  0  0  0  0  0  0  0  0  0  0  0  0  0  0  0  0  0  0  0  0  0  0  0  0  0  0  0  0  0  0  0  0  0  0  0  0  0  0  0  0  0  0  0  0  0  0  0  0  0  0  0  0  0  0  0  0  0  0  0  0  0  0  0  0  0  0  0  0  0  0  0  0  0  0  14  0  0  0  0  0  0  0  0  0  0  0  0  0  0  0  0  31  0  3  2  0  0  40  1  0  0  0  0  0  0  0  2576  1258  5  32205  0  0  0  6  0  17388  40  2  0  0  790  3  2184  19  0  0  0  0  0  47  74  12143  18991  8792  0  0  0  2  0  0  1  0  0  0  137668  119627  0  0  0  0  0  0  0  1  0  351  0  0  0  
0  0  0  0  0  0  0  0  0  0  0  0  0  0  0  0  0  0  0  0  0  0  0  0  0  0  0  0  0  0  0  0  0  0  0  0  0  0  0  0  0  0  0  0  0  0  0  0  0  0  0  0  0  0  0  0  0  0  0  0  0  0  0  0  0  0  0  0  0  0  0  0  0  0  15  0  0  0  0  15  1  0  0  0  0  1  17863  22333  13  0  0  3  0  0  0  0  0  1281  0  0  0  0  0  0  0  0  0  1  14  0  0  0  0  108  0  0  6  0  2  0  7551  0  19786  0  0  7871  87  5  0  0  0  0  0  0  0  2857  49  7994  0  1  0  8  0  0  0  0  0  0  0  0  0  0  0  0  0  26  0  0  597  0  
0  0  0  0  0  0  0  0  0  0  0  0  0  0  0  0  0  0  0  0  0  0  0  0  0  0  0  0  0  0  0  0  0  0  0  0  0  0  0  0  0  0  0  0  0  0  0  0  0  0  0  0  0  0  0  0  0  0  0  0  0  0  0  0  0  0  0  0  0  0  0  0  0  0  0  0  0  0  0  0  0  0  0  0  0  39171  0  34927  0  0  0  16  0  0  0  0  0  0  0  0  0  0  0  0  0  0  0  4  3  0  0  0  821  0  0  0  4  0  23  0  1  0  32805  0  0  7563  0  0  0  0  0  0  0  0  0  0  0  0  0  0  0  1260  5  0  0  0  1  0  0  0  0  0  0  0  0  3  0  0  6  0  
0  0  0  0  0  0  0  0  0  0  0  0  0  0  0  0  0  0  0  0  0  0  0  0  0  0  0  0  0  0  0  0  0  0  0  0  0  0  0  0  0  0  0  0  0  0  0  0  0  0  0  0  0  0  0  0  0  0  0  0  0  0  0  0  0  0  0  0  0  0  0  0  0  0  0  0  0  20051  0  0  0  2  401  45  0  22  0  1  0  0  15548  125  10  0  0  4  23  0  420  53111  27  6  5  50  0  0  14042  11  9  43485  0  1  1  11  0  0  0  221  3599  0  0  41340  25470  0  2  37  0  1  2464  1125  2  0  6  0  104  0  0  0  750  280  2645  215  28  0  309  0  4027  11972  0  0  0  12  0  0  103  117  6602  2657  69185  168  
0  0  0  0  0  0  0  0  0  0  0  0  0  0  0  0  0  0  0  0  0  0  0  0  0  0  0  0  0  0  0  0  0  0  0  0  0  0  0  0  0  0  0  0  0  0  0  0  0  0  0  0  0  0  0  0  0  0  0  0  0  0  0  0  0  0  0  0  0  0  0  0  0  0  0  36820  0  0  0  0  0  0  0  0  31091  0  0  0  0  0  0  0  1886  33010  1782  42843  0  0  0  0  0  0  0  0  0  0  0  0  0  0  0  0  0  0  0  0  0  38282  0  0  0  0  0  0  51831  0  0  0  0  0  27464  649  76  0  182  0  0  0  1  0  0  0  0  0  0  0  14  0  0  0  0  0  0  0  0  0  0  0  0  0  
0  0  0  0  0  0  0  0  0  0  0  0  0  0  0  0  0  0  0  0  0  0  0  0  0  0  0  0  0  0  0  0  0  0  0  0  0  0  0  0  0  0  0  0  0  0  0  0  0  0  0  0  0  0  0  0  0  0  0  0  0  0  0  0  0  0  0  0  0  0  0  0  0  0  0  0  0  0  0  0  0  0  0  0  0  0  20  723  0  0  2  0  0  0  11  0  27378  940  0  0  0  0  0  0  0  0  0  27719  29460  0  23081  20371  35  7  0  0  0  0  0  0  1  4873  4  19238  0  0  0  0  0  0  0  0  0  1861  1186  0  0  20  0  0  0  0  0  0  0  7478  7476  0  0  0  0  0  0  0  25995  0  101  0  0  0  
0  0  0  0  0  0  0  0  0  1  425  0  0  0  0  0  0  0  0  0  0  10  0  0  0  0  0  0  0  1  0  0  0  0  0  0  0  0  0  0  0  1  0  22  0  0  0  0  0  0  0  0  0  0  0  0  0  0  0  0  0  0  0  0  13  1  0  0  0  0  0  0  0  0  0  1709  0  4  0  0  0  0  1391  29785  100870  2  0  0  0  0  1  0  646  19109  26  131451  8643  0  2489  7  2  0  0  4135  0  0  1  0  0  4  7  24  0  1  253  42176  0  0  197  0  0  73  253  0  11097  3  0  0  18  8617  2306  29761  3085  22  3977  0  0  0  55020  150  3  32  0  0  229  44  16963  1  0  0  0  1  0  0  0  3  16215  34  16  0  
0  0  0  0  0  0  0  0  0  0  0  0  0  0  0  0  0  0  0  0  0  0  0  0  0  0  0  0  0  0  0  0  0  0  0  0  0  0  0  0  0  0  0  0  0  0  0  0  0  0  0  0  0  0  0  0  0  0  0  0  0  0  0  0  0  0  0  0  0  0  0  0  0  0  0  0  24354  26600  0  0  21  20569  163  6  0  466  0  0  0  3262  122  39  1  0  0  0  0  0  11  7664  12  124550  161468  18  0  0  1  0  0  69  0  0  13  25  78  0  0  10  0  40596  1  3  29356  0  0  244  0  181  101  555  0  0  0  0  1  0  0  0  81  1153  159984  28116  45393  0  123  0  26  0  0  1  0  0  0  0  0  6453  3  5710  16563  51  
0  0  12  0  0  0  0  15  294  0  0  0  0  0  0  5  0  0  0  0  0  0  0  0  0  0  0  0  0  1  0  0  0  0  0  0  0  0  0  0  0  0  0  0  0  3  0  0  0  0  0  0  0  0  0  0  0  0  0  0  0  0  0  0  0  4  0  0  0  0  87  0  0  0  0  0  26586  0  0  0  18  25625  17324  2  0  0  0  0  0  3305  0  0  0  0  0  0  0  0  0  0  12087  1942  871  35524  0  0  0  0  0  0  0  0  0  0  1  0  0  2  54996  0  0  0  1  0  0  0  0  89  16  22725  0  0  0  0  0  0  0  0  11  1285  17823  0  195  0  35070  0  1  0  0  0  0  0  0  0  0  124  0  53  17  0  
0  0  0  0  0  0  0  0  0  0  0  0  0  0  0  0  0  0  0  0  0  0  0  0  0  0  0  0  0  0  0  0  0  0  0  0  0  0  0  0  0  0  0  0  0  0  0  0  0  0  0  0  0  0  0  0  0  0  0  0  0  0  0  0  0  0  0  0  0  0  0  0  0  0  161  0  0  0  0  21  1  0  0  0  0  0  7972  73  39  0  0  19689  0  0  0  0  1  38431  0  0  0  0  0  0  0  0  0  0  5  0  0  0  8284  0  0  0  4  0  0  0  0  0  13623  0  0  2661  225  41  0  0  0  0  0  0  0  1535  6917  6019  0  3  0  9  0  0  0  0  0  0  0  0  0  0  0  0  0  10  0  0  57355  0  
0  0  0  0  0  0  0  0  0  0  0  0  0  0  0  0  0  0  0  0  0  0  0  0  0  0  0  0  0  0  0  0  0  0  0  0  0  0  0  0  0  0  0  0  0  0  0  0  0  0  0  0  0  0  0  0  0  0  0  0  0  0  0  0  0  0  0  0  0  0  0  0  0  0  0  1  0  98  0  0  0  0  0  0  0  40  0  4  0  0  53341  3081  0  0  0  1  202  0  32  601  0  0  0  0  0  0  30713  32213  69240  1148  7  1079  1  1  16364  0  4991  34  33  0  0  0  95  296  0  0  0  0  19  10  0  0  2  709  342  0  0  0  23  0  0  7  0  0  1  58  115003  4762  0  0  0  37  0  0  12101  1  14925  1803  25230  4  
0  0  0  0  0  0  0  0  0  0  0  0  0  0  0  0  0  0  0  0  0  0  0  0  0  0  0  0  0  0  0  0  0  0  0  0  0  0  0  0  0  0  0  0  0  0  0  0  0  0  0  0  0  0  0  0  0  0  0  0  0  0  0  0  0  0  0  0  0  0  0  0  0  0  6  0  0  23286  1  133  267  3  402  47  0  47707  46  5797  453  3  29761  53541  4  0  0  0  21  18  57  3404  18  282  127  70  0  0  0  3  2  215  0  0  13532  21403  15373  0  0  41  30374  0  11210  41  0  0  0  38125  576  1168  238  359  0  0  0  0  1  314  8  101  258  833  3922  37319  778  0  395  0  230  0  0  0  0  0  0  0  22  3823  94  315  78258  35  
0  0  0  0  0  0  0  0  0  0  0  0  0  0  0  0  0  0  0  0  0  0  0  0  0  0  0  0  0  0  0  0  0  0  0  0  0  0  0  0  0  0  0  0  0  0  0  0  0  0  0  0  0  0  0  0  0  0  0  0  0  0  0  0  0  0  0  0  0  0  0  0  0  0  0  0  0  0  0  0  0  0  0  0  0  0  0  0  0  0  0  0  0  0  25930  0  6145  0  0  0  0  0  0  0  0  0  0  0  1207  0  54500  2192  0  0  0  0  18141  0  0  0  0  339  0  0  0  0  0  0  0  0  0  0  0  11993  23709  0  0  0  0  0  0  0  0  0  0  6192  894  0  0  0  0  0  0  0  574  0  196  0  0  0  
0  0  0  0  0  0  0  0  0  0  0  0  0  0  0  0  0  0  0  0  0  0  0  0  0  0  0  0  0  0  0  0  0  0  0  0  0  0  0  0  0  0  0  0  0  0  0  0  0  0  0  0  0  0  0  0  0  0  0  0  0  0  0  0  0  0  0  0  0  0  0  0  0  0  0  22187  0  0  0  0  0  0  0  0  0  0  0  0  0  0  0  0  338  229  22913  32735  0  0  1  0  0  0  0  0  0  0  0  0  0  0  1  3  0  0  4  51914  0  5814  0  0  0  0  1  0  0  0  0  0  0  0  3999  246  2386  8  30831  0  0  0  0  0  0  0  0  0  0  3  88  0  0  0  0  0  0  0  0  0  12  0  0  0  
0  0  0  0  0  0  0  0  0  0  0  0  0  0  0  0  0  0  0  0  0  0  0  0  0  0  0  0  0  0  0  0  0  0  0  0  0  0  0  0  0  0  0  0  0  0  0  0  0  0  0  0  0  0  0  0  0  0  0  0  0  0  0  0  0  0  0  0  0  0  0  0  0  0  20  0  0  0  14  2002  330  0  0  0  0  11042  8  39408  85173  21  0  64  0  0  0  0  0  8  0  2  0  0  35  0  0  0  0  0  0  0  0  0  6515  13770  1  0  0  0  41  0  150  0  50453  0  0  0  14900  27240  1  0  0  0  0  0  0  16900  0  15  0  1168  2  43805  62  0  0  0  0  0  0  2  0  0  0  0  0  8218  0  4  18280  0  
0  0  0  0  0  3  0  0  0  0  0  0  0  0  0  0  0  0  0  0  0  0  0  0  0  0  0  0  0  0  0  0  0  0  0  0  0  0  0  0  0  0  0  0  0  0  0  0  0  0  0  0  0  0  0  0  0  0  0  0  0  0  0  0  0  3  0  0  0  0  0  0  0  0  16868  0  0  0  25145  22477  28  0  0  0  0  0  38  43  120257  15381  0  0  0  0  0  0  0  54  0  0  0  0  0  0  0  5  0  0  0  0  0  0  114  0  0  0  0  0  0  0  7  0  75  0  0  17944  0  44639  0  0  0  0  0  0  0  11163  12  37  0  1911  0  12  0  6  0  0  0  0  0  0  0  0  0  0  0  1214  0  0  258  0  
0  0  0  0  0  0  0  0  0  0  0  0  0  0  0  0  0  0  0  0  0  0  0  0  0  0  0  0  0  0  0  0  0  0  0  0  0  0  0  0  0  0  0  0  0  0  0  0  0  0  0  0  0  0  0  0  0  0  0  0  0  0  0  0  0  0  0  0  0  0  0  0  0  0  1  0  0  0  1  20650  43050  9932  5  0  0  0  0  0  81520  144168  0  0  0  0  0  0  0  0  0  0  0  1  510  0  0  0  0  0  0  0  0  0  3  0  0  0  0  0  464  21  0  0  51  0  0  27235  34924  0  1  2  0  0  0  0  0  0  0  0  0  8566  60  2366  68126  0  1  0  0  0  0  3  0  0  0  0  0  12122  0  18  308  0  
0  0  0  0  0  0  0  0  0  0  0  0  0  0  0  0  0  0  0  0  0  0  0  0  0  0  0  0  0  0  0  0  0  0  0  0  0  0  0  0  0  0  0  0  0  0  0  0  0  0  0  0  0  0  0  0  0  0  0  0  0  0  0  0  0  0  0  0  0  0  0  0  0  0  0  0  0  130  0  0  0  0  342  10  0  31  0  0  0  0  25  9  5  0  0  0  0  0  44523  89627  58  39  10  25  0  0  4  3  0  11241  0  2  1  12  2952  0  0  42  3435  4  0  723  4034  0  0  20  0  0  0  33763  0  0  0  0  1  0  0  0  304  734  18206  247  29  0  199  0  17968  9  0  0  0  0  0  0  11  103  129  193  880  24  
0  0  0  0  0  0  0  0  0  0  0  0  0  0  0  0  0  0  0  0  0  0  0  0  0  0  0  0  0  0  0  0  0  0  0  0  0  0  0  0  0  0  0  0  0  0  0  0  0  0  0  0  0  0  0  0  0  0  0  0  0  0  0  0  0  0  0  0  0  0  0  0  0  0  0  1  24  47  0  0  3  183  7039  120  4962  18  0  0  0  15  8  2  13264  7869  0  0  0  0  55747  460  203152  73  32  29957  0  0  1  0  0  360  0  1  0  7  549  0  0  4719  3265  9746  0  78  2441  0  3  14  0  8  31511  0  4  35626  1  0  0  0  0  0  95952  12846  42735  219  49  0  47466  1  13154  1  0  0  0  0  0  0  1  109  19  225  586  20  
0  0  0  0  0  0  0  0  0  0  0  0  0  0  0  0  0  0  0  0  0  0  0  0  0  0  0  0  0  0  0  0  0  0  0  0  0  0  0  0  0  0  0  0  0  0  0  0  0  0  0  0  0  0  0  0  0  0  0  0  0  0  0  0  0  0  0  0  0  0  0  0  0  0  0  20879  0  0  0  0  0  0  0  0  0  0  0  0  0  0  0  0  89918  11995  119  28  0  0  1  0  0  0  0  0  0  0  0  0  0  0  0  26  0  0  3  28219  0  4896  0  0  0  0  0  0  7916  0  0  0  0  0  0  3811  9882  1  678  0  0  0  0  0  0  0  0  0  0  13  5072  0  0  0  0  0  0  0  0  0  0  0  0  0  
0  0  0  0  0  0  0  0  0  0  0  0  0  0  0  0  0  0  0  0  0  0  0  0  0  0  0  0  0  0  0  0  0  0  0  0  0  0  0  0  0  0  0  0  0  0  0  0  0  0  0  0  0  0  0  0  0  0  0  0  0  0  0  0  0  0  0  0  0  0  0  0  0  0  0  74  0  0  0  0  0  0  7  1  7825  0  0  0  0  0  0  0  68161  55372  0  57  0  0  730  0  827  0  0  0  0  0  0  0  0  0  0  63  0  0  1  385  0  38450  13  0  0  0  15  0  506  0  0  0  0  37175  3301  0  594  0  33  0  0  0  2948  3  0  3  0  0  4  2  13898  0  0  0  0  0  0  0  0  0  0  0  0  0  
0  0  0  0  0  0  0  0  0  0  0  0  0  0  0  0  0  0  0  0  0  0  0  0  0  0  0  0  0  0  0  0  0  0  0  0  0  0  0  0  0  0  0  0  0  0  0  0  0  0  0  0  0  0  0  0  0  0  0  0  0  0  0  0  0  0  0  0  0  0  0  0  0  0  0  25407  0  0  0  0  0  0  0  0  1  0  0  0  0  0  0  0  27124  12  403  11  0  0  28  0  0  0  0  0  0  0  0  0  0  0  4308  12361  0  0  5  135  0  1502  1  0  0  1  7  0  2786  0  0  0  0  2  6692  359  0  229  7667  0  0  0  2  0  0  0  0  0  0  21623  33982  0  0  0  0  0  0  0  0  0  7  0  0  0  
0  0  0  0  0  0  0  0  0  0  0  0  0  0  0  0  0  0  0  0  0  0  0  0  0  0  0  0  0  0  0  0  0  0  0  0  0  0  0  0  0  0  0  0  0  0  0  0  0  0  0  0  0  0  0  0  0  0  0  0  0  0  0  0  0  0  0  0  0  0  0  0  0  0  0  30304  0  0  0  0  0  0  0  0  0  0  0  0  0  0  0  0  4  0  64011  10  0  0  0  0  1  0  0  0  0  0  0  2  1051  0  69180  19977  0  0  19  0  1064  34  1  0  0  302  5  15410  397  0  0  0  2  0  46  2  527  0  63019  0  0  0  2  0  0  0  0  0  0  35789  4977  0  0  0  0  0  0  0  0  0  12  0  0  0  
0  0  0  0  0  0  0  0  0  0  0  0  0  0  0  0  0  0  0  0  0  1  0  0  0  0  0  0  0  0  0  0  0  0  0  0  0  0  0  0  0  0  0  0  0  0  0  0  0  0  0  0  0  0  0  0  0  0  0  0  0  0  0  0  0  0  0  0  0  0  0  0  0  0  0  10043  0  1  0  0  0  0  1  0  0  0  0  0  0  0  0  0  73  20  102245  87172  43825  0  11  2  0  0  0  0  0  0  1  0  435  10  207  9349  0  0  157  123  1137  4523  21  0  0  421  28  17922  34183  1  0  0  4  2  1451  44  10361  54198  0  0  0  0  17  0  0  3  1  0  1  2953  8995  0  0  0  0  0  0  0  819  1  53515  6  2  0  
0  0  0  0  0  0  0  0  0  0  0  0  0  0  0  0  0  0  0  0  0  0  0  0  0  0  0  0  0  0  0  0  0  0  0  0  0  0  0  0  0  0  0  0  0  0  0  0  0  0  0  0  0  0  0  0  0  0  0  0  0  0  0  0  0  0  0  0  0  0  0  0  0  0  9909  0  0  0  7  37  0  0  0  0  0  0  11678  6128  24462  1  0  0  0  0  0  0  0  13001  0  0  0  0  0  0  0  0  0  0  0  0  0  0  3471  0  0  0  0  0  0  0  278  0  165  0  0  18772  13380  0  0  0  0  0  0  0  0  0  3  266  0  0  0  0  0  2  0  0  0  0  0  0  0  0  0  0  0  192  0  0  814  0  
0  0  0  0  0  0  0  0  0  0  0  0  0  0  0  0  0  0  0  0  0  0  0  0  0  0  0  0  0  0  0  0  0  0  0  0  0  0  0  0  0  0  0  0  0  0  0  0  0  0  0  0  0  0  0  0  0  0  0  0  0  0  0  0  0  0  0  0  0  0  0  0  0  0  5850  0  0  0  460  11459  0  0  0  0  0  0  19  0  1  264  0  0  0  0  0  0  2885  65279  0  0  0  0  0  0  70468  20058  0  0  0  0  0  0  15  0  0  0  0  0  0  0  4082  0  0  0  0  5  12  0  0  0  0  0  0  0  0  14  0  4637  0  0  0  0  0  21424  0  0  0  0  0  0  0  0  0  0  2  3687  62  1571  45510  10311  
0  0  0  0  0  0  0  0  0  0  0  0  0  0  0  0  0  0  0  0  0  0  0  0  0  0  0  0  0  0  0  0  0  0  0  0  0  0  0  0  0  0  0  0  0  0  0  0  0  0  0  0  0  0  0  0  0  0  0  0  0  0  0  0  0  0  0  0  0  0  0  0  0  0  3192  0  0  0  100  219  0  0  0  0  0  0  9417  113  6  34  0  0  0  0  0  0  5  108376  0  0  0  0  0  0  0  4  0  0  2  0  0  0  10922  0  0  0  13  0  0  0  3396  0  29  0  0  253  309  2  0  0  0  0  0  0  0  1478  10327  0  0  0  0  0  0  14  0  0  0  0  0  0  0  0  0  0  0  525  0  0  3277  0  
0  0  0  0  0  0  0  0  0  0  3  0  0  0  0  0  0  0  0  0  0  2  0  0  0  0  0  0  0  32  0  0  0  0  0  0  0  0  0  0  0  0  0  0  0  0  0  0  0  0  0  0  0  0  0  0  0  0  0  0  0  0  0  0  0  0  0  0  0  0  0  0  0  0  0  2  0  14  0  0  0  2  1547  641  66948  8  0  0  0  0  3  1  819  17363  1  4715  0  0  6262  27  27393  0  0  89351  0  0  1  0  0  29  0  0  1  6  491  2  0  62832  1193  7  0  224  1465  0  23  18  0  0  212  80685  6  2140  8  0  8  0  0  0  0  426  164  180  6  0  10568  1  11042  3  0  0  0  0  0  0  1  15  28  15  70  3  
0  0  0  0  0  1654  10  10  29  16429  0  0  0  0  0  0  0  0  0  0  0  0  1  0  0  0  0  0  0  2  0  8  0  0  0  0  0  0  0  0  0  0  0  1  0  0  0  0  0  0  0  0  1  1  0  0  0  0  0  0  0  0  0  0  0  11645  1  0  1  7  0  0  0  0  0  0  0  0  11  42035  27175  31954  54001  39019  0  0  0  0  640  233  0  3  4  0  0  0  0  0  22  0  6  0  411  515  0  1044  0  0  0  2  0  0  0  0  25  0  0  178  2902  129  1  2  106  0  0  2639  2969  7859  72  446  0  0  0  0  0  2  0  0  94  0  506  1302  927  0  492  0  67  0  0  254  8  44  0  0  0  5314  11  122  1015  1  
0  0  0  0  0  0  0  0  0  2  0  0  0  0  0  0  0  0  0  0  0  0  0  0  0  0  0  0  0  0  0  0  0  0  0  0  0  0  0  0  0  0  0  0  0  0  0  0  0  0  0  0  0  0  0  0  0  0  0  0  0  0  0  0  0  2  0  0  0  0  0  0  0  0  0  0  12694  3165  0  0  29  931  518  23  0  65  0  0  0  63  119  33  0  0  0  0  0  0  6  80339  24603  97222  283  297  0  0  0  0  0  4253  0  0  1  1  887  0  0  6  177250  18162  0  20  7369  0  0  18  0  77  18222  44638  0  0  0  0  0  0  0  0  141  5296  0  81  345  0  677  0  25  0  0  0  0  0  0  0  0  1353  21  3094  9540  98  
0  0  0  0  0  0  0  0  0  0  0  0  0  0  0  0  0  0  0  0  0  0  0  0  0  0  0  0  0  0  0  0  0  0  0  0  0  0  0  0  0  0  0  0  0  0  0  0  0  0  0  0  0  0  0  0  0  0  0  0  0  0  0  0  0  0  0  0  0  0  0  0  0  0  0  0  0  11329  0  16  177  13  5  2  0  38667  0  73  17758  11  20  15  1  0  0  0  0  0  3  32  0  13  65197  1  0  0  0  0  0  1  0  0  4  182  6  0  0  1  43450  0  1  1  33028  0  0  41112  3  1006  1  8  0  1  0  0  0  0  0  0  7  1129  36  0  13852  0  9  0  4  0  0  1  0  0  0  0  0  9678  0  168  20128  2  
0  0  0  0  0  0  0  0  0  0  0  0  0  0  0  0  0  0  0  0  0  0  0  0  0  0  0  0  0  0  0  0  0  0  0  0  0  0  0  0  0  0  0  0  0  0  0  0  0  0  0  0  0  0  0  0  0  0  0  0  0  0  0  0  0  0  0  0  0  0  0  0  0  0  0  0  41  0  0  2  132  38090  23  0  0  6  0  0  24410  32298  1  0  0  0  0  0  0  0  1  3  0  0  95470  0  0  0  0  0  0  1  0  0  0  1  3  0  0  0  75437  78  0  0  163  0  0  74  0  69373  15  42  0  0  0  0  0  0  0  0  3  2953  401  12027  0  0  2  0  0  0  0  0  0  0  0  0  0  13397  0  864  3155  6  
0  0  0  0  0  71  0  0  0  0  0  0  0  0  0  0  0  0  0  0  0  0  0  0  0  0  0  0  0  0  75  0  0  0  0  0  0  0  0  0  0  0  0  0  0  0  0  0  0  0  0  0  0  0  0  0  0  0  0  0  0  0  0  0  0  0  0  0  0  31  0  0  0  0  7856  0  0  0  4542  54957  0  0  0  0  0  0  0  0  0  20657  0  0  0  0  0  0  0  386  0  0  0  0  0  0  45237  11631  0  0  0  0  0  0  0  0  0  0  0  0  0  0  0  0  0  0  0  4  3  0  0  0  0  0  0  0  0  0  23393  4  0  0  0  0  0  0  0  0  0  0  0  0  0  0  0  0  0  5035  0  0  41  0  
0  0  0  0  0  0  0  5  943  286  0  0  0  0  0  0  0  0  0  0  0  0  0  0  0  0  0  0  0  218  0  0  0  0  0  0  0  0  0  0  0  0  0  0  0  0  0  0  0  0  0  0  0  0  0  0  0  0  0  0  0  0  0  0  0  204  0  0  0  0  246  0  0  0  0  0  6  1  0  0  0  81  41458  21  0  0  0  0  0  2  1  0  1  0  0  0  0  0  58  2  4759  0  11  104803  0  0  0  0  0  10  0  0  0  0  42  0  0  37  953  27477  0  6  68  0  0  0  0  3  123  59835  0  1  0  0  1  0  0  0  14268  1741  683  3  8  0  0  0  292  0  0  0  0  0  0  0  0  12  1  18  14  0  
0  0  0  0  0  0  0  0  0  0  0  0  0  0  0  0  0  0  0  0  0  0  0  0  0  0  0  0  0  0  0  0  0  0  0  0  0  0  0  0  0  0  0  0  0  0  0  0  0  0  0  0  0  0  0  0  0  0  0  0  0  0  0  0  0  0  0  0  0  0  0  0  0  0  0  937  0  0  0  0  0  0  0  0  0  0  0  0  0  0  0  0  15  2  134  5  0  0  2  1  0  0  0  0  0  0  0  0  225  0  128218  138654  0  0  18  1  12905  138  3  0  0  141  5  8262  52  0  0  0  0  3  143  30  24641  23452  4584  0  0  0  1  0  0  0  0  0  0  0  15936  1  0  0  0  0  0  0  0  0  12  0  0  0  
0  0  0  0  0  0  0  0  0  0  0  0  0  0  0  0  0  0  0  0  0  0  0  0  0  0  0  0  0  0  0  0  0  0  0  0  0  0  0  0  0  0  0  0  0  0  0  0  0  0  0  0  0  0  0  0  0  0  0  0  0  0  0  0  0  0  0  0  0  0  0  0  0  0  0  346  0  255  0  0  0  0  577  46  7  33  0  0  0  0  74  13  48752  10  37  25  17  0  125965  7301  85  7  0  49  0  0  8056  86890  28821  19848  142  170917  2  18  9449  22  6504  27596  3946  0  0  151566  5239  2043  362  13  0  0  19900  9025  13869  15821  36496  8305  26315  0  0  0  5866  113  9  566  9  0  438  9018  0  10508  0  0  0  3  0  0  574  14  13490  338  505  9  
0  0  0  0  0  0  0  0  0  0  0  0  0  0  0  0  0  0  0  0  0  0  0  0  0  0  0  0  0  0  0  0  0  0  0  0  0  0  0  0  0  0  0  0  0  0  0  0  0  0  0  0  0  0  0  0  0  0  0  0  0  0  0  0  0  0  0  0  0  0  0  0  0  0  0  0  0  63  0  0  0  0  0  0  0  0  0  0  0  0  13  2  0  0  0  0  2  0  1  125  0  0  0  0  0  0  32963  28008  217  24218  0  0  0  0  10125  0  1  1  1  0  0  7444  1  0  1  0  0  0  1  1  1  0  0  0  8  0  0  0  0  0  0  0  0  0  0  0  13450  0  0  0  0  3  0  0  16  0  2263  126  26  0  
0  0  0  0  0  0  0  0  0  0  0  0  0  0  0  0  27452  13384  0  0  0  0  26023  39  0  0  0  0  0  0  0  0  0  0  51001  4  1  2  0  0  142  0  64622  0  3  0  1  28323  21  1  0  0  0  0  0  2  0  0  34  1  19  0  575  0  0  0  0  0  0  0  0  1  40  115  0  0  0  0  0  0  0  0  0  0  0  0  0  0  0  0  0  0  0  0  0  0  0  0  0  0  0  0  0  0  0  0  0  0  0  0  0  0  0  0  0  0  0  0  0  0  0  0  0  0  0  0  0  0  0  0  0  0  0  0  0  0  0  0  0  0  0  0  0  0  0  0  0  0  0  0  192547  2729  11665  5217  0  0  0  0  0  0  
54  0  7  0  1  2729  111  2993  2425  1  0  0  0  4  62  2465  0  0  0  0  0  0  0  4  0  0  135  30  1555  7  0  5  0  0  0  0  0  0  13  10  1  0  0  0  2621  385  10  0  293  0  0  1462  145  2475  0  144  0  0  0  0  0  7  0  2  0  21051  348  716  12778  384  27  0  1  0  0  0  0  0  0  0  25  31  4  0  0  0  0  0  0  2  0  0  0  0  0  0  0  0  0  0  0  0  0  0  0  9  0  0  0  0  0  0  0  0  0  0  0  0  0  0  0  0  0  0  0  1  0  2  0  0  0  0  0  0  0  0  0  0  0  96  0  1  0  0  0  0  0  0  0  0  0  3546  2093  2215  0  2  0  0  1  1  
0  0  0  1  0  0  0  0  17  1866  0  0  0  5  0  0  212  83  0  0  2530  365  92777  1  5  1  0  0  2  5  0  0  9  49  787  29  19  26  0  16  591  0  9233  9430  89  0  1  6942  58  4745  0  0  0  0  0  81  0  1  35  2761  66343  0  11  0  9  30  5  9  1  0  6  58  210  67  0  0  0  0  0  0  0  0  0  0  0  0  0  0  0  0  0  0  0  0  0  1  0  0  0  0  0  0  0  0  0  0  0  0  0  0  0  0  0  0  0  0  0  0  0  0  0  3  0  0  0  0  0  0  0  0  0  0  0  0  0  0  0  0  0  0  0  0  0  0  0  0  0  0  94319  0  0  12986  1359  742  0  0  0  1  0  0  
6  0  0  0  0  6  1  18  92  81  0  1  0  1  4  0  126  350  0  0  8  8  275  0  2  12  65  781  799  8  1  243  4  0  0  112  0  1  0  7  638  0  0  49  5190  5  3  5363  74  0  0  1658  21  29  1  617  0  1  15  1  12  1  20  1  15  252  7610  30  147  20  32  1  61  32  0  0  0  0  0  0  0  0  0  0  0  0  0  0  0  0  2  0  0  0  0  1  2  0  0  0  0  0  0  0  0  41  0  0  0  0  0  0  0  0  0  0  0  0  0  0  0  12  0  0  0  0  0  0  0  0  0  0  0  0  0  0  0  0  0  9  0  0  0  0  0  0  0  0  1086  2108  10989  0  59798  42301  0  4  0  605  0  20  
492  0  1  0  6  120  30  20  42  3  0  168  762  52  351  16  63688  100729  0  0  0  0  62  15242  1  14  16  480  1218  5  2791  612  23  0  36  16  0  5  5756  71  1617  0  1  1  13200  7  35434  45363  54979  0  0  12748  1079  360  0  117  0  0  69  0  0  140  26337  280  1  253  5113  6857  763  45  6  4  98  452  0  0  0  0  0  0  0  0  0  0  0  0  0  0  0  0  0  0  0  0  0  0  0  0  0  0  0  0  0  0  0  1  0  0  0  0  0  0  0  0  0  0  0  0  0  0  0  0  0  0  0  0  0  0  0  0  0  0  0  0  0  0  0  0  0  0  0  0  0  0  0  0  0  0  3191  1089  178  35289  0  173811  0  0  0  1  0  0  
112  0  0  0  1  21  3  0  0  0  0  0  84  2  6  1  146  6500  0  0  5  2  38  192  0  0  0  0  4  0  291  3351  0  0  0  1  0  0  968  0  10  0  0  2  12  1  122  287  319  0  0  59  26  6  0  0  0  0  1  0  5  5  18315  616  0  18  0  2  12  346  0  0  2  2  0  0  0  0  0  0  0  0  0  0  0  0  0  0  0  0  0  0  0  0  0  0  0  0  0  0  0  0  0  0  2  0  0  0  0  0  0  0  0  0  0  0  0  0  0  0  0  0  0  0  0  0  0  0  0  0  0  0  0  0  0  0  0  0  0  0  0  0  0  0  0  0  0  0  4198  2649  531  78606  385399  0  0  0  0  7  0  0  
0  0  0  0  0  0  0  0  0  0  0  0  0  0  0  0  0  0  0  0  0  0  0  0  0  0  0  0  0  0  0  0  0  0  0  0  0  0  0  0  0  0  0  0  0  0  0  0  0  0  0  0  0  0  0  0  0  0  0  0  0  0  0  0  0  0  0  0  0  0  0  0  0  0  0  0  0  0  0  0  0  0  0  0  0  0  0  0  0  0  25294  11355  0  0  0  0  60481  28  1  0  0  0  0  0  26  1  1  3  29227  68  0  4  0  0  17  0  30541  0  1  0  0  35147  0  495  0  0  0  0  1  0  0  0  0  0  224  0  6  5  1  0  0  0  0  0  0  0  278  5  0  0  0  0  0  0  0  0  187611  8029  15331  8266  
0  0  0  0  0  1  0  0  0  0  0  0  0  0  0  0  0  0  0  0  0  0  0  0  0  0  0  0  0  0  0  3  0  0  0  0  0  0  0  0  0  0  0  0  0  0  0  0  0  0  0  0  0  0  0  0  0  0  0  0  0  0  0  1  0  23  0  0  0  0  0  0  0  0  3280  0  0  0  233  6582  361  893  14  3  0  1  0  11  770  175  1  1  0  0  0  0  0  26  0  1  0  0  5251  1  326  9849  0  0  0  0  0  0  12  1  5  0  0  0  8229  7  0  0  144  0  0  4927  1726  9202  30  95  0  0  0  0  0  80  1327  27  1  1753  716  2469  5924  506  4  0  0  0  0  2  0  26  0  0  2  0  0  112189  130228  31300  
0  0  0  0  0  0  0  0  0  0  0  0  0  0  0  0  0  0  0  0  0  0  1  0  0  0  0  0  0  0  0  0  0  0  0  0  0  0  0  0  0  0  0  0  0  0  0  0  0  0  0  0  0  0  0  0  0  0  0  0  0  0  0  0  0  0  0  0  0  0  0  0  0  0  0  0  0  2  0  0  0  0  6  3271  0  0  0  0  0  0  321  53  0  0  0  7976  75774  0  15  32  1  0  0  0  172  33  157  12  8  1551  0  623  0  1  1206  0  148  10295  55  0  0  23814  80  175  4  1  0  0  36  27  0  0  0  10  52294  0  39  0  30  23  21  5  1  0  5  21  3582  196  0  0  0  5  0  0  95655  7  0  18580  3688  189  
0  0  0  0  0  0  0  0  0  0  0  0  0  0  0  0  0  0  0  0  0  0  1  0  0  0  0  0  0  0  0  11  0  0  0  0  0  0  0  0  0  0  0  0  0  0  0  0  0  0  0  0  0  0  0  0  0  0  0  0  0  0  1  0  0  2  0  0  0  3  0  0  0  0  0  0  0  1  0  0  2  113  45  365  0  0  0  0  0  0  574  164  0  0  0  11  435  1  3  24  3  0  1008  0  1495  1014  54  0  16  67  0  0  1  0  1069  0  0  128  5473  1  0  6972  155  0  0  1  0  27  141  160  0  0  0  0  0  0  659  0  13  240  1273  21  289  0  27  0  62  96  0  7  6  1026  0  0  2530  122240  10206  0  55446  54489  
0  0  0  0  0  0  0  0  0  0  0  0  0  0  0  0  0  0  0  0  0  0  0  0  0  0  0  0  0  0  0  0  0  0  0  0  0  0  0  0  0  0  0  0  0  0  0  0  0  0  0  0  0  0  0  0  0  0  0  0  0  0  0  0  0  0  0  0  0  0  0  0  0  0  2856  0  0  7  27  119  140  327  189  17  0  1  24  11  286  6  36541  39122  0  0  0  0  16736  6197  14  129  21  0  3176  10  2878  742  3  1  192  93  0  0  77  3  10042  0  0  8  25659  0  23462  18066  25105  0  0  9842  660  689  421  572  0  0  0  0  0  565  25070  575  87  1094  8283  6389  3096  11  134  0  111  15  0  1  0  6  0  0  8756  89226  657  27719  0  184129  
0  0  0  0  0  0  0  0  0  0  0  0  0  0  0  0  0  0  0  0  0  0  0  0  0  0  0  0  0  0  0  6  0  0  0  0  0  0  0  0  0  0  0  0  0  0  0  0  0  0  0  0  0  0  0  0  0  0  0  0  0  0  1  0  0  0  0  0  0  1  0  0  0  0  1  0  0  0  0  4  0  6  23  1  0  0  0  0  0  0  127  71  0  0  0  0  20076  18  1  3  0  0  16  0  7521  4787  0  0  0  7  0  0  0  0  72  0  0  0  88  0  0  74  116  0  0  2  0  0  29  61  0  0  0  0  0  0  8989  0  7  51  56  4  20  1  7  0  2  0  0  0  0  18  0  1  7337  88438  1081  91462  414545  0  
