0  0  0  0  68148  28227  446  1  11  0  0  0  0  2098  30969  6169  0  2  0  0  0  0  0  83821  0  0  0  0  0  0  17711  12  0  0  0  0  0  0  59  3  0  0  0  0  7  0  502  0  207  0  0  4932  32156  636  0  0  0  0  0  0  0  15795  367  18309  0  42  0  45  7  19531  0  0  0  0  1  0  0  0  0  0  0  0  0  0  0  0  0  0  0  3  0  0  0  0  0  0  0  0  0  0  0  0  0  0  0  0  0  0  0  0  0  0  0  0  0  0  0  0  0  0  0  0  0  0  0  0  0  0  0  0  0  0  0  0  0  0  0  0  0  2  0  0  0  0  0  0  0  0  0  154  0  2  5473  820  0  0  0  0  0  0  
0  0  0  32  0  0  0  0  1  0  0  2  0  0  0  0  0  0  39975  143  30798  1587  0  0  9  22  0  0  0  0  0  0  0  0  0  0  56  0  0  2  86  37168  0  1024  8  0  0  6  209  0  27489  0  0  0  5  12  52109  564  25235  685  4863  0  0  0  125  0  21  6  0  0  1  7715  108  0  0  0  0  0  0  0  0  0  0  0  0  0  0  0  0  0  0  0  0  0  1  0  0  0  0  0  0  0  0  0  0  0  0  0  0  0  0  0  0  0  0  0  0  0  0  0  0  0  0  0  0  0  0  0  0  0  0  0  0  0  0  0  0  0  0  0  0  0  0  0  0  0  0  0  0  0  6  0  4  0  0  0  0  0  0  0  
0  0  0  0  0  2  100  1978  16  0  0  0  0  0  0  42638  0  0  0  0  0  0  0  0  0  0  19733  22758  39896  12584  0  0  0  0  0  0  0  0  0  0  0  0  0  0  58283  39377  0  0  0  0  0  0  0  15  0  9  0  0  0  0  0  0  0  0  1  0  1623  0  5199  0  19  0  0  0  0  0  4579  0  0  0  0  105  0  0  0  0  0  0  0  210  0  0  0  0  0  0  0  0  0  0  0  3  0  117  0  0  0  0  0  0  0  0  0  0  0  0  0  0  2  518  0  0  0  0  0  0  0  0  0  0  0  0  0  0  0  0  0  0  0  0  0  0  0  0  68  0  0  0  0  2  0  0  0  0  0  0  0  0  0  0  
0  0  0  0  0  0  0  0  81  7  0  32244  0  1  0  0  88  11  3  0  0  0  0  0  8  45195  2  33623  23974  10  0  0  1135  19  5  225  1  1  0  2  13901  0  0  2  9092  0  0  115  28672  0  0  0  0  0  26  114  13  9  3  3  1  0  0  0  27  7  12797  32370  2  0  74  0  27  7  0  0  0  0  0  0  0  0  0  0  0  0  0  0  0  0  0  0  0  0  0  0  0  0  0  0  0  0  0  0  0  0  0  0  0  0  0  0  0  0  0  0  0  0  0  0  0  0  0  0  0  0  0  0  0  0  0  0  0  0  0  0  0  0  0  0  0  0  0  0  0  0  0  0  0  0  0  4  333  34  0  0  0  0  0  0  
56943  0  0  0  0  13463  1  0  0  0  0  0  0  4  11748  30956  0  0  0  0  0  0  0  1878  0  0  0  0  0  0  5642  0  0  0  0  0  0  0  0  0  0  0  0  0  1  0  5  0  4  0  0  26  24019  18  0  0  0  0  0  0  0  4  36  722  0  0  0  0  0  9581  0  0  0  0  3  0  0  0  0  35  0  0  0  0  0  0  0  0  0  258  0  0  0  0  0  0  0  0  0  0  0  0  0  0  0  0  0  0  0  0  0  0  0  0  0  0  0  0  0  0  0  0  0  0  0  0  0  0  0  0  0  0  0  0  0  0  0  0  0  0  0  0  0  1  0  0  0  0  0  6  0  1  191  37  0  0  0  0  0  0  
21083  0  0  0  17839  0  30542  79  842  0  0  0  0  109  25859  104642  0  3  0  0  0  0  0  18681  0  0  0  1  4  1  7481  11802  0  0  0  0  0  0  8  3  0  0  0  0  88  0  43  0  39  0  0  4939  8561  55244  0  0  0  0  0  0  0  90  846  21982  0  36437  2  163  49  64905  0  0  0  0  0  0  0  0  0  3002  543  5  0  0  0  0  0  0  0  1928  0  0  0  0  0  0  0  0  0  0  0  0  0  0  11  599  0  0  0  0  0  0  0  0  0  0  0  0  0  0  0  0  0  0  0  0  0  0  0  0  0  0  0  0  0  0  0  0  0  2461  0  0  0  25  0  0  0  0  30  503  2  347  9897  6473  0  12  0  0  0  0  
100  0  2  0  4  40489  0  35339  14843  1  0  0  0  6  141  73279  0  0  0  0  0  0  0  5  0  0  0  0  4  0  0  3  0  0  0  0  0  0  0  0  0  0  0  0  249  15  2  0  4  0  0  2750  101  29689  0  0  0  0  0  0  0  3  1  28  0  32188  1  483  1351  0  5  0  0  0  0  0  0  0  0  68  1681  1163  13  0  0  0  0  0  0  2153  0  0  0  0  0  0  0  0  0  0  0  0  0  0  0  0  0  0  0  0  0  0  0  0  0  0  0  0  0  2  0  0  0  0  0  0  0  0  0  0  0  0  0  0  0  0  0  0  0  3  0  0  0  0  0  0  0  0  0  1654  0  8  806  61  0  0  0  0  0  0  
0  0  2102  0  0  683  44871  0  29411  1  0  0  0  0  6  63433  0  0  0  0  0  0  0  0  0  0  13  111  2169  89  0  0  0  0  0  0  0  0  0  0  1  0  0  0  11850  26144  0  2  1  0  0  18  4  3975  0  23  0  0  0  0  0  0  0  0  0  24628  36  24  35898  0  281  0  0  0  0  0  65  0  0  4  185  1484  250  0  0  0  0  0  0  145  0  0  0  0  0  0  0  0  0  0  0  0  0  0  0  0  0  0  0  0  0  0  0  0  0  0  0  0  0  135  0  0  0  0  0  0  0  0  0  0  0  0  0  0  0  0  0  0  0  31  0  0  0  0  18  0  0  0  0  11711  0  15  30  10  0  0  0  0  0  0  
3  0  21  6  0  167  4649  18701  0  12122  0  2  0  25  1  70  16  0  0  0  0  20  0  4  6  38  75  307  173  18301  0  1  0  0  0  5  1  0  0  34  230  0  0  72  1362  11371  2  15  475  0  0  19  1  35  124  660  0  2  2  2  13  11  0  12  2252  54010  1080  64  94  0  28161  0  50  1  0  0  2  0  0  0  5  270  3743  200  0  0  0  0  0  3  0  0  0  0  0  1  0  0  0  0  0  0  0  137  0  0  0  0  0  0  0  0  0  0  0  0  0  0  0  101  0  0  0  0  0  0  0  0  0  0  0  0  0  0  0  0  0  0  0  190  0  0  0  0  1546  0  0  0  0  6296  5  5  78  13  0  0  0  0  0  0  
0  0  0  2  0  1  8  2  11875  0  0  2  0  3  0  0  4  0  0  0  0  1031  5851  0  1  5  23  240  38  9719  0  0  0  0  0  1  0  0  0  5  68  0  0  34727  785  2  1  26  86  0  0  0  0  0  23  172  0  0  0  1  1  1  0  1  164  54596  401  9  14  0  860  0  7  0  0  0  0  0  0  0  0  0  780  281  0  0  0  0  0  0  0  0  0  0  0  0  0  0  0  0  0  0  0  111  0  0  0  0  0  0  0  0  0  0  0  0  0  1  1  0  0  0  0  0  0  0  0  0  0  0  0  0  0  0  0  0  0  0  1  16201  0  0  0  0  56  0  0  0  0  319  2196  345  29  5  0  0  15  70  1  0  
0  4  0  0  0  0  0  0  0  0  0  0  0  0  0  0  0  0  7  78533  0  3254  0  0  0  0  34  0  0  2240  0  0  0  0  0  0  0  0  0  0  0  16416  0  88459  0  0  0  0  0  0  7  0  0  0  0  0  309  3204  0  0  17  0  0  0  68610  0  0  0  0  0  0  0  0  0  0  0  0  0  0  0  0  0  0  0  26718  0  0  0  0  0  0  0  0  2499  0  32  0  0  0  0  0  0  0  1743  0  0  0  0  0  0  0  0  0  0  0  79  0  41  0  0  0  0  0  0  0  0  0  0  0  0  0  0  0  0  0  0  0  0  42  0  0  0  0  0  62  0  0  0  0  0  0  0  0  0  0  0  0  0  0  0  
2  0  0  43838  0  1  1  0  17  0  0  0  305  24588  2952  0  121  172  0  0  0  0  0  3  0  572  0  891  1600  1  0  0  288  20  280  58  0  0  189  48960  211  0  0  0  947  0  13  408  41768  0  0  26338  0  3  3  17  3  2  0  0  0  4  0  19  19  0  3117  42788  1  0  14  0  4  0  0  0  0  0  0  0  0  0  0  0  0  0  0  0  0  0  0  0  0  0  0  0  0  0  0  0  0  0  0  0  0  0  0  0  0  0  0  0  0  0  0  0  0  0  0  0  0  0  0  0  0  0  0  0  0  0  0  0  0  0  0  0  0  0  0  0  0  0  0  0  0  0  0  0  0  1  0  1  412  9  0  0  0  0  0  0  
19  0  0  0  0  6  0  0  0  0  0  268  0  34931  1  0  12  338  0  0  0  0  0  47799  0  0  0  0  0  0  0  0  0  84  171  0  0  0  21880  22  0  0  8  0  0  0  9090  20  239  0  0  14  2  0  0  0  0  0  0  0  0  523  2  3653  0  0  0  1  0  0  0  0  0  0  0  0  0  0  0  0  0  0  0  0  0  0  0  0  0  0  0  0  0  0  0  0  0  0  0  0  0  0  0  0  0  0  0  0  0  0  0  0  0  0  0  0  0  0  0  0  0  0  0  0  0  0  0  0  0  0  0  0  0  0  0  0  0  0  0  0  0  0  0  0  0  0  0  0  0  0  0  0  29  1  0  0  0  0  0  0  
389  0  0  1  29  44  2  0  23  0  0  19889  25427  0  10377  1  1  12  0  0  0  0  0  4674  0  0  0  6  10  0  0  0  0  3  1  0  0  0  30190  34564  4  0  0  0  104  0  509  0  25046  0  0  44730  1664  6  1  5  0  0  0  0  0  34905  9  3654  10  0  20  139  0  1  5  0  0  0  0  0  0  0  0  0  0  0  0  0  0  0  0  0  0  0  0  0  0  0  0  0  0  0  0  0  0  0  0  0  0  0  0  0  0  0  0  0  0  0  0  0  0  0  0  0  0  0  0  0  0  0  0  0  0  0  0  0  0  0  0  0  0  0  0  0  0  0  0  0  0  0  0  0  0  14  0  0  1467  11  0  0  0  0  0  0  
36114  0  0  0  13532  17711  282  2  11  0  0  3307  0  23453  0  25312  0  0  0  0  0  0  0  20479  0  0  0  3  14793  0  0  0  0  0  0  0  0  0  1  2  0  0  0  0  685  0  18  0  15  0  0  206534  211324  102424  0  0  0  0  0  0  0  37018  1  2767  0  85  3  58579  13684  5  0  0  0  0  0  0  0  0  0  0  0  0  0  0  0  0  0  0  0  0  0  0  0  0  0  0  0  0  0  0  0  0  0  0  0  0  0  0  0  0  0  0  0  0  0  0  0  0  0  0  0  0  0  0  0  0  0  0  0  0  0  0  0  0  0  0  0  0  0  0  0  0  0  0  0  0  0  0  0  384  0  6  821  57  0  0  0  0  0  0  
7696  0  43251  0  42875  118271  71112  52458  189  0  0  0  0  0  32148  0  0  0  0  0  0  0  0  5468  0  0  0  8  42709  56  75  1  0  0  0  0  0  0  0  0  0  0  0  0  5331  8223  0  0  1  0  0  113  5129  207039  0  0  0  0  0  0  0  0  137  3485  0  50  20  33  37939  19812  8  0  0  0  0  0  1328  0  0  263  1480  1189  2  0  0  0  0  0  0  11250  0  0  0  0  0  0  0  0  0  0  0  0  0  1  0  0  0  0  0  0  0  0  0  0  0  0  0  0  0  550  0  0  0  0  0  0  0  0  0  0  0  0  0  0  0  0  0  0  0  4  0  0  0  0  9  0  0  0  0  677  0  0  108  47  0  0  0  0  0  0  
0  0  0  22  0  0  2  3  25  3  0  169  76  4  0  0  0  39874  0  0  0  0  15534  70  0  5  0  652  5  3  0  0  69  2  19979  3  2  0  8  2  6246  0  1774  2  2970  1  114  44578  22510  18  0  0  0  3  5  6  0  0  0  1  0  0  3487  1  4  1  4300  25  61  0  23  6  41  4  0  0  0  0  0  0  0  0  0  0  0  0  0  0  0  0  0  0  0  0  0  0  0  0  0  0  0  0  0  0  0  0  0  0  0  0  0  0  0  0  0  0  0  0  0  0  0  0  0  0  0  0  0  0  0  0  0  0  0  0  0  0  0  0  0  0  0  0  0  0  0  0  0  0  13686  44  43  50  95800  489  0  0  0  0  0  0  
2  0  0  25  0  1  0  0  1  0  0  388  323  11  0  0  30172  0  0  0  0  0  7483  5050  0  0  0  7  0  0  1  23  8  1  339  0  0  0  133  2  6  0  4  0  34  0  22894  6271  52061  0  0  34  0  1  1  0  0  0  0  0  0  0  19710  0  0  0  32  1  1  3  0  0  1  0  0  0  0  0  0  0  0  0  0  0  0  0  0  0  0  0  0  0  0  0  0  0  0  0  0  0  0  0  0  0  0  0  0  0  0  0  0  0  0  0  0  0  0  0  0  0  0  0  0  0  0  0  0  0  0  0  0  0  0  0  0  0  0  0  0  0  0  0  0  0  0  0  0  0  6235  1  8  8  104398  3  0  0  0  0  0  0  
0  41221  0  96  0  0  0  0  2  0  0  10  0  0  0  0  0  0  0  13967  75  56  0  0  25527  59  12  3  0  0  0  0  0  0  0  5  6276  46  0  4  187  6900  0  428  35  0  0  33  554  0  205  0  0  0  14  61  100120  62721  27954  398  470  0  0  0  212  0  57  24  0  0  1  3863  38420  0  0  0  0  0  0  0  0  0  0  0  0  0  0  0  0  0  0  0  0  0  0  0  0  0  0  0  0  0  0  0  0  0  0  0  0  0  0  0  0  0  0  0  0  0  0  0  0  0  0  0  0  0  0  0  0  0  0  0  0  0  0  0  0  0  0  0  0  0  0  0  0  0  0  0  0  0  3  1  6  1  0  0  0  0  0  0  
0  144  0  0  0  0  0  0  0  0  80470  1  0  0  0  0  0  0  11322  0  7  82  5  0  91  2  22239  0  0  26  0  0  0  0  0  0  0  0  0  0  2  4941  0  5970  0  0  0  2  21  0  159  0  0  0  0  4029  773  54275  10  0  196  0  0  0  17495  0  2  1  0  0  0  0  3  0  0  0  0  0  0  0  0  0  0  0  16  0  0  0  0  0  0  0  0  21  0  0  0  0  0  0  0  0  0  5  0  0  0  0  0  0  0  0  0  0  0  1  0  0  0  0  0  0  0  0  0  0  0  0  0  0  0  0  0  0  0  0  0  0  0  0  0  0  0  0  0  0  0  0  0  0  1  0  1  0  0  0  0  0  0  0  
0  32526  0  7  0  1  0  0  0  0  1  1  0  0  0  0  0  0  56  43  0  6263  2000  0  30  1  0  0  0  0  0  0  0  0  0  0  7252  2  0  0  11  162  11  133  2  0  0  2  39  27703  14758  0  0  0  0  5  2404  135  14007  69981  120040  0  1  0  69  0  1  3  0  0  0  209  152  0  0  0  0  0  0  0  0  0  0  0  0  0  0  0  0  0  0  0  0  0  2  6  0  0  0  0  0  0  0  0  0  0  0  0  0  0  0  0  0  0  0  1  0  0  0  0  0  0  0  0  0  0  0  0  0  0  0  0  0  0  0  0  0  0  0  0  0  0  0  0  0  0  0  0  0  0  350  100  0  3  0  0  0  1  0  0  
0  2525  0  0  0  0  0  0  43  3049  2294  1  0  0  0  0  0  0  27  1001  4363  0  17717  0  2  0  0  0  0  269  0  1  0  0  0  0  0  0  0  0  1  27292  0  162401  0  0  0  1  3  0  44843  0  0  0  0  0  673  1870  60  2  99792  0  0  0  2664  1  0  1  0  1  0  1  15  0  0  0  0  0  0  0  0  0  13  9  378  0  0  0  0  0  0  0  0  0  0  1767  1  0  0  0  0  0  0  80  0  0  0  0  0  0  0  0  0  0  0  232  0  123  0  0  0  0  0  0  0  0  0  0  0  0  0  0  0  0  0  0  0  0  6  0  0  0  0  0  9  0  0  0  0  0  1767  196  1  0  0  0  0  33  0  0  
0  9  0  0  0  2  0  0  0  4282  1  2  6  0  0  0  12121  12053  0  20  2611  11308  0  35  0  0  0  1  0  0  0  3  1  2  9011  0  14  2  1  0  7  0  31969  10726  0  0  31  1067  11  18403  0  0  0  0  0  0  7  44  4  24  44706  0  5519  0  12  2  2  0  0  1  0  1  9  0  0  0  0  0  0  0  0  0  0  0  0  0  0  0  0  0  0  0  0  0  0  0  0  0  0  0  0  0  0  0  0  0  0  0  0  0  0  0  0  0  0  0  0  0  0  0  0  0  0  0  0  0  0  0  0  0  0  0  0  0  0  0  0  0  0  1  0  0  0  0  0  0  0  0  31546  0  102721  1797  5353  6  0  0  2  42  0  0  
83563  0  0  0  578  12595  18  0  1  0  0  10  49144  12143  19936  1326  9  5702  0  0  0  0  34  0  0  0  0  1  0  0  42451  860  0  479  1052  0  0  0  844  54  0  0  388  0  18  0  61248  1543  1142  0  0  1066  184  60  0  1  0  0  0  0  0  44034  83341  166254  2  7  6  26  0  11042  0  0  0  0  2  0  0  0  0  0  0  0  0  0  0  0  0  0  0  28  0  0  0  0  0  0  0  108  0  0  0  0  0  0  1182  0  0  0  0  0  0  0  0  0  0  0  0  0  0  0  0  0  0  0  0  0  0  0  0  0  0  0  0  0  0  0  342  0  0  0  0  0  0  31  0  0  0  0  16  7  1  0  12987  620  0  0  0  0  0  0  
0  67  0  49  0  0  0  0  144  1  0  4  0  3  0  0  0  0  25075  46  52  0  3  0  0  31825  648  1  1  14  0  0  0  10316  0  1408  0  155  0  9  288  0  0  101  28  0  0  7  280  0  0  1  0  0  43185  73833  1079  26824  799  1155  2243  0  0  1  299  0  76  22  0  0  219  6  152603  0  0  0  0  0  0  0  0  0  0  0  0  0  0  0  0  0  0  0  0  0  0  0  0  0  0  0  0  0  0  0  0  0  0  0  0  0  0  0  0  0  0  0  0  0  0  0  0  0  0  0  0  0  0  0  0  0  0  0  0  0  0  0  0  0  0  0  0  0  0  0  0  0  0  0  0  2  0  1  5  4  0  0  0  0  0  0  
0  0  0  41526  0  0  0  0  242  19  0  191  0  3  0  0  240  0  1  0  0  0  0  0  31203  0  207  5678  0  27  0  0  385  6224  10  97442  8  5  0  11  44770  0  5  5  159  0  0  326  3249  0  0  2  0  1  53204  16563  2  4  26  26  108  2  0  2  72  13  81971  52  1  0  197  11  3230  102  0  0  0  0  0  0  0  0  0  0  0  0  0  0  0  0  0  0  0  0  0  0  0  0  0  0  0  0  0  0  0  0  0  0  0  0  0  0  0  0  0  0  0  0  0  0  0  0  0  0  0  0  0  0  0  0  0  0  0  0  0  0  0  0  0  0  0  0  0  0  0  0  0  0  8  5  19  11  1135  81  0  0  0  0  0  0  
0  0  13812  9  1  1  3  32  891  35  197  6  0  10  0  0  10  0  15  15725  0  0  0  0  543  323  0  4354  271  137958  0  0  0  0  0  3  2  0  0  15  98  0  0  10  2002  18969  0  11  227  0  0  1  0  1  128  198957  4  1577  3  2  9  1  0  5  28381  19  58618  28  153  0  21318  1  81  0  0  0  0  0  0  0  0  0  0  0  0  0  0  0  0  0  0  0  0  0  0  0  0  0  0  0  0  0  0  6  0  0  0  0  0  0  0  0  0  0  0  0  0  0  0  0  0  0  0  0  0  0  0  0  0  0  0  0  0  0  0  0  0  0  0  0  0  0  0  0  0  0  0  0  0  429  0  4  30  3  0  0  0  0  0  0  
0  0  22456  35148  1  1  1  7  1537  31  0  170  0  4  1  10  18  0  0  0  0  0  0  2  0  6525  2448  0  3784  84  0  0  0  0  0  3  0  0  0  8  160  0  0  5  160158  1917  2  24  2296  0  0  2  0  2  1  120  0  0  0  0  0  1  0  4  9  12  134786  157  21  0  888  0  0  0  0  0  0  0  0  0  0  0  0  0  0  0  0  0  0  0  0  0  0  0  0  0  0  0  0  0  0  0  0  0  0  0  0  0  0  0  0  0  0  0  0  0  0  0  0  0  0  0  0  0  0  0  0  0  0  0  0  0  0  0  0  0  0  0  0  0  0  0  0  0  0  0  0  0  0  47  0  678  315  925  0  0  0  0  0  0  
0  0  35635  27133  0  0  26  2786  362  6  0  3446  0  65  9890  38758  1  0  0  0  0  0  0  0  0  0  30  4137  0  19  0  0  0  0  0  0  0  0  0  27  8  0  0  0  162062  159  0  12  66  0  0  108  0  290  0  56  0  0  0  0  0  0  0  0  0  14  103  69173  75590  0  73  0  0  0  0  0  46  0  0  0  0  1  0  0  0  0  0  0  0  15  0  0  0  0  0  0  0  0  0  0  0  0  0  0  0  0  0  0  0  0  0  0  0  0  0  0  0  0  0  1  0  0  0  0  0  0  0  0  0  0  0  0  0  0  0  0  0  0  0  0  0  0  0  0  0  0  0  0  0  1878  0  433  106  122  0  0  0  0  0  0  
0  0  12156  1  0  0  3  5  22679  7884  5917  3  0  14  0  74  2  0  0  22  0  276  0  1  2  18  141301  320  34  0  0  0  0  0  0  2  0  0  0  23  97  0  0  6796  665  43270  1  8  227  0  0  4  0  0  53  29750  2  5  1  1  7  3  0  3  69283  134  653  42  13  0  69792  1  21  0  0  0  65  0  0  0  0  2  416  11  145  0  0  0  0  2  0  0  0  0  0  13  0  0  0  0  0  0  0  22864  0  0  0  0  0  0  0  0  0  0  0  0  0  0  0  46  0  0  0  0  0  0  0  0  0  0  0  0  0  0  0  0  0  0  31  2  0  0  0  0  7276  0  0  0  0  242  14  3  31  0  0  0  0  1  0  0  
26271  0  0  0  4686  3793  0  0  0  0  0  0  0  1  0  552  0  1  0  0  0  0  1  47082  0  0  0  0  0  0  0  38132  0  0  0  0  0  0  7  0  0  0  0  0  0  0  105  0  13  0  0  1  1  0  0  0  0  0  0  0  0  0  93460  1378  0  0  0  1  0  51055  0  0  0  0  7  0  0  0  1  527  0  0  0  0  0  0  0  0  0  1263  0  0  0  0  0  0  0  42  0  0  0  0  0  0  4992  154  0  0  0  0  0  0  0  0  0  0  0  0  0  0  0  0  0  0  0  0  0  0  0  0  0  0  0  0  0  0  111  0  0  1  0  0  0  644  0  0  0  0  1  0  0  0  391  53  0  0  0  0  0  0  
7  0  0  0  2  12941  0  0  0  0  0  0  0  4  1  0  0  12  0  0  2  0  8  808  0  0  0  0  0  0  24584  0  0  0  1  0  0  0  2  0  0  0  0  1  0  0  115  0  5  0  0  2  0  0  0  0  0  0  0  0  0  2  23347  398  0  15526  0  1  0  16531  0  0  0  0  0  0  0  0  0  70  0  0  0  0  0  0  0  0  0  0  0  0  0  0  0  0  0  0  0  0  0  0  0  0  100  8518  0  0  0  0  0  0  0  0  0  0  0  0  0  0  0  0  0  0  0  0  0  0  0  0  0  0  0  0  0  0  17  0  0  354  0  0  0  9  0  0  0  0  166  10  22  1982  16075  8535  0  94  2  0  0  5  
0  0  0  691  0  0  0  0  3  2  0  114  0  2  0  0  76  6  0  0  0  0  0  0  0  839  0  0  0  0  0  0  0  25407  4187  2912  0  1  0  4  14759  0  0  0  2  0  0  51094  242  0  0  0  0  0  10  3  0  0  2  0  1  0  0  0  3  1  11  2  0  0  2  0  516  60696  0  0  0  0  0  0  0  0  0  0  0  0  0  0  0  0  0  0  0  0  0  0  0  0  0  0  0  0  0  0  0  0  0  0  0  0  0  0  0  0  0  0  0  0  0  0  0  0  0  0  0  0  0  0  0  0  0  0  0  0  0  0  0  0  0  0  0  0  0  0  0  0  0  0  5  0  45  426  1470  3  0  0  0  0  0  0  
0  0  0  187  0  0  0  0  13  0  0  90  79  2  0  0  2  0  0  0  0  0  0  812  7567  1335  0  0  0  1  0  0  26663  0  82594  67609  3  12788  0  0  1420  0  18488  1  0  0  0  43678  2  1380  0  0  0  0  129  4  0  0  5  661  2  0  0  0  6  1  71  0  0  0  9  257  106409  17600  0  0  0  0  0  0  0  0  0  0  0  0  0  0  0  0  0  0  0  0  0  0  0  0  0  0  0  0  0  0  0  0  0  0  0  0  0  0  0  0  0  0  0  0  0  0  0  0  0  0  0  0  0  0  0  0  0  0  0  0  0  0  0  0  0  0  0  0  0  0  0  0  0  0  8  0  13  27  11  1  0  0  0  0  0  0  
0  0  0  17  0  0  0  0  0  0  0  178  109  2  0  0  18497  518  0  0  0  0  10260  1532  0  4  0  0  0  0  0  0  4182  81499  0  19  135  255  3  0  3  0  26602  0  0  0  36  46742  22  4924  0  0  0  0  14  0  0  0  76  4169  8  0  2  0  0  0  2  0  0  0  0  287  30901  4  0  0  0  0  0  0  0  0  0  0  0  0  0  0  0  0  0  0  0  0  0  0  0  0  0  0  0  0  0  0  0  0  0  0  0  0  0  0  0  0  0  0  0  0  0  0  0  0  0  0  0  0  0  0  0  0  0  0  0  0  0  0  0  0  0  0  0  0  0  0  0  0  0  0  16594  0  426  0  1  0  0  0  0  0  0  0  
0  0  0  24  0  0  0  0  62  3  0  2  0  0  0  0  1  0  1  0  0  0  0  0  3628  83809  1  0  0  2  0  1  1184  78376  14  0  10  7  0  0  44634  0  9  2  1  0  0  1216  23  1  0  0  0  0  456  99  2  2  31  32  118  0  0  0  26  1  15263  2  0  0  36  9  20666  17690  0  0  0  0  0  0  0  0  0  0  0  0  0  0  0  0  0  0  0  0  0  0  0  0  0  0  0  0  0  0  0  0  0  0  0  0  0  0  0  0  0  0  0  0  0  0  0  0  0  0  0  0  0  0  0  0  0  0  0  0  0  0  0  0  0  0  0  0  0  0  0  0  0  0  35  0  45  97  36  10  0  0  0  0  0  0  
0  87  0  0  0  0  0  0  0  0  0  0  0  0  0  0  1  0  6634  0  3282  0  53  0  0  0  0  0  0  0  0  0  0  25  128  0  0  34834  0  0  1  0  37839  0  0  0  0  80  0  53428  0  0  0  0  2  0  0  0  27001  63249  126  0  0  0  0  0  1  0  0  0  0  151221  1059  0  0  0  0  0  0  0  0  0  0  0  0  0  0  0  0  0  0  0  0  0  0  0  0  0  0  0  0  0  0  0  0  0  0  0  0  0  0  0  0  0  0  0  0  0  0  0  0  0  0  0  0  0  0  0  0  0  0  0  0  0  0  0  0  0  0  0  0  0  0  0  0  0  0  0  8  0  27  0  0  0  0  0  0  0  0  0  
0  0  0  0  0  0  0  0  1  0  0  0  0  0  0  0  2  0  9  0  1  0  5  0  185  0  0  0  0  0  0  0  0  14099  1284  3  27226  0  0  0  6  0  19952  0  0  0  0  1151  0  8148  0  0  0  0  1  1  0  0  23677  5235  524  0  0  0  0  0  4  0  0  0  1  135236  114342  0  0  0  0  0  0  0  0  0  0  0  0  0  0  0  0  0  0  0  0  0  0  0  0  0  0  0  0  0  0  0  0  0  0  0  0  0  0  0  0  0  0  0  0  0  0  0  0  0  0  0  0  0  0  0  0  0  0  0  0  0  0  0  0  0  0  0  0  0  0  0  0  0  0  0  50  0  217  0  0  0  0  0  0  0  0  0  
158  0  0  0  0  25  2  0  1  0  0  240  24804  37226  4  0  0  185  0  0  0  0  0  2920  0  0  0  1  1  1  10  15  0  0  0  0  0  0  0  654  0  0  0  0  14  0  7271  0  18720  0  0  127  8  2  0  0  0  0  0  0  0  532  1593  10335  2  0  1  5  1  73  0  0  0  0  0  0  0  0  0  0  0  0  0  0  0  0  0  0  0  0  0  0  0  0  0  0  0  0  0  0  0  0  0  0  0  0  0  0  0  0  0  0  0  0  0  0  0  0  0  0  0  0  0  0  0  0  0  0  0  0  0  0  0  0  0  0  0  0  0  0  0  0  0  0  0  0  0  0  0  1  0  0  456  3  0  0  0  0  0  0  
21  0  0  4  1  8  0  0  66  0  0  42108  13  40159  0  0  0  15  0  0  0  0  0  76  1  3  1  15  18  5  0  0  0  0  0  0  0  0  743  0  9  0  0  0  518  0  19  1  28556  0  0  8833  1  12  1  20  0  1  0  0  1  104  5  282  30  0  65  802  14  0  27  0  0  0  0  0  0  0  0  0  0  0  0  0  0  0  0  0  0  0  0  0  0  0  0  0  0  0  0  0  0  0  0  0  0  0  0  0  0  0  0  0  0  0  0  0  0  0  0  0  0  0  0  0  0  0  0  0  0  0  0  0  0  0  0  0  0  0  0  0  0  0  0  0  0  0  0  0  0  6  0  2  3169  5  0  0  0  0  0  0  
3  45  0  12778  0  0  0  1  1015  80  0  69  0  10  1  0  6936  0  25  3  4  0  0  0  88  61469  30  798  5  100  0  0  14875  1077  7  48155  41  32  0  65  0  1  2  313  2200  7  0  51795  32405  1  0  8  0  2  1086  1200  535  213  224  237  667  1  0  6  683  87  26558  135  22  0  749  35  7008  16364  0  0  0  0  0  0  0  0  0  0  0  0  0  0  0  0  0  0  0  0  0  0  0  0  0  0  0  0  0  0  0  0  0  0  0  0  0  0  0  0  0  0  0  0  0  0  0  0  0  0  0  0  0  0  0  0  0  0  0  0  0  0  0  0  0  3  0  0  0  0  0  0  0  0  126  33  2103  1680  16178  1909  0  0  0  0  0  0  
0  37682  0  0  0  0  0  0  0  0  17697  0  0  0  0  0  0  0  6961  7117  40  28707  2  0  0  0  0  0  0  0  0  0  0  0  0  0  0  0  0  0  0  0  0  29720  0  0  0  0  1  0  12140  0  0  0  0  0  43499  106  10  0  613  0  0  0  4  0  0  0  0  0  0  0  0  0  0  0  0  0  0  0  0  0  0  0  1  0  0  0  0  0  0  0  0  0  0  1  0  0  0  0  0  0  0  0  0  0  0  0  0  0  0  0  0  0  0  3  0  0  0  0  0  0  0  0  0  0  0  0  0  0  0  0  0  0  0  0  0  0  0  0  0  0  0  0  0  0  0  0  0  0  0  0  0  0  0  0  0  0  0  0  
0  0  0  0  0  0  0  0  1  0  0  0  1  0  0  0  674  5  0  0  25  0  30082  381  0  1  0  0  0  0  0  0  0  21347  22374  3  36366  17223  0  0  1  0  0  0  0  0  1  2208  0  26977  0  0  0  0  1  0  0  0  20  1397  21  0  0  0  0  0  1  0  0  0  0  18216  4589  0  0  0  0  0  0  0  0  0  0  0  0  0  0  0  0  0  0  0  0  0  0  0  0  0  0  0  0  0  0  0  0  0  0  0  0  0  0  0  0  0  0  0  0  0  0  0  0  0  0  0  0  0  0  0  0  0  0  0  0  0  0  0  0  0  0  0  0  0  0  0  0  0  0  0  31792  0  10125  0  0  0  0  0  0  0  0  0  
1  3502  0  95  0  0  0  2  2839  26646  101699  14  0  11  0  0  1  0  478  10315  83  138012  15882  0  156  122  29  150  9  8457  0  1  2  0  0  7  0  0  0  19  522  27473  0  0  292  2  1  24  700  0  8902  0  0  0  86  528  14469  27306  702  24  9645  5  0  2  59953  28  464  42  0  0  973  0  231  1  0  0  0  0  0  0  0  0  2  0  459  0  0  0  0  0  0  0  0  1  0  42  0  0  0  0  0  0  0  40  0  0  0  0  0  0  0  0  0  0  0  5  0  27  0  0  0  0  0  0  0  0  0  0  0  0  0  0  0  0  0  0  0  0  0  1  0  0  0  0  4  0  0  0  0  74  4438  167  26  4  0  0  0  41  0  0  
40  1  46134  13977  11  66  740  19528  8816  66  0  226  0  451  557  3983  382  0  1  0  0  0  0  43  2  258  243  166664  141097  294  0  0  3  0  0  4  0  0  4  724  739  0  0  4  0  22583  44  509  24531  0  0  172  4  1899  15  457  2  7  0  0  0  138  0  363  117  138  117422  19147  51108  0  2471  0  10  0  0  0  0  0  0  0  0  0  0  0  0  0  0  0  0  0  0  0  0  0  0  0  0  0  0  0  0  0  0  0  0  0  0  0  0  0  0  0  0  0  0  0  0  0  0  0  0  0  0  0  0  0  0  0  0  0  0  0  0  0  0  0  0  0  0  0  0  0  0  0  0  0  0  0  0  7373  0  8407  13369  5824  0  0  0  0  0  0  
0  0  37677  0  0  70  1024  22426  15820  4  0  0  0  0  0  7363  1  0  0  0  0  0  0  0  0  0  35731  7753  1206  55314  0  0  0  0  0  0  0  0  0  0  4  0  0  0  29031  0  0  0  8  0  0  3  0  882  6  8775  0  0  0  0  0  0  0  0  17  18  5329  4  5083  0  10115  0  1  0  0  0  68  0  0  0  0  4  27  0  0  0  0  0  0  9  0  0  0  0  0  0  0  0  0  0  0  0  0  37  0  0  0  0  0  0  0  0  0  0  0  0  0  0  0  123  0  0  0  0  0  0  0  0  0  0  0  0  0  0  0  0  0  0  0  0  0  0  0  0  99  0  0  0  0  2412  0  19  12  8  0  0  0  0  0  0  
2910  0  0  0  19  224  9  1  1  0  0  13  7533  6114  143  2  12  23381  0  0  0  0  1  56688  0  0  0  0  0  0  22  248  0  0  11  0  0  0  7850  30  0  0  2  0  1  0  0  1079  11282  0  0  1959  91  35  1  1  0  0  0  0  0  1031  6257  11615  0  3  3  16  0  64  0  0  0  0  0  0  0  0  0  0  0  0  0  0  0  0  0  0  0  0  0  0  0  0  0  0  0  0  0  0  0  0  0  0  0  0  0  0  0  0  0  0  0  0  0  0  0  0  0  0  0  0  0  0  0  0  0  0  0  0  0  0  0  0  0  0  0  0  0  0  0  0  0  0  0  0  0  0  7  14  0  0  57082  37  0  0  0  0  0  0  
0  0  0  35  0  0  0  0  145  10  0  176  8  17  0  0  39178  7858  0  0  0  0  1828  2199  3  505  0  268  6  12  0  2  44139  41254  49745  1367  93  172  1  32  27179  0  2278  8  804  3  1896  0  1260  709  0  4  0  2  277  50  7  3  76  1147  17  3  3033  9  36  7  6178  34  16  0  109  73  95067  15516  0  0  0  0  0  0  0  0  0  0  0  0  0  0  0  0  0  0  0  0  0  0  0  0  0  0  0  0  0  0  0  0  0  0  0  0  0  0  0  0  0  0  0  0  0  0  0  0  0  0  0  0  0  0  0  0  0  0  0  0  0  0  0  0  0  3  0  0  0  0  0  0  0  0  19179  19  1106  9069  110576  4544  0  0  0  0  0  0  
1552  6  0  25366  185  304  48  6  1315  80  0  39278  201  23789  154  3  25167  38561  15  1  0  0  0  2237  46  1713  30  2837  89  114  28  36  210  2  1  81  0  1  14924  27805  24369  0  0  40  29447  21  12221  1224  0  0  0  6955  82  401  135  908  191  217  25  16  13  1652  2520  6910  1455  50  16866  20828  256  150  808  1  146  12  0  0  0  0  0  0  0  0  0  0  0  0  0  0  0  0  0  0  0  0  0  0  0  0  0  0  0  0  0  0  0  0  0  0  0  0  0  0  0  0  0  0  0  0  0  0  0  0  0  0  0  0  0  0  0  0  0  0  0  0  0  0  0  0  0  0  0  0  0  0  0  0  0  0  0  401  1  242  98933  422  0  0  0  0  0  0  
0  0  0  0  0  0  0  0  0  0  0  0  0  0  0  0  63  0  2  0  24711  0  13270  0  1  1  0  0  0  0  0  0  0  4195  7255  0  54882  7817  0  0  1  0  29049  0  0  0  0  1090  0  0  0  0  0  0  1  0  1  0  142  31847  9904  0  0  0  0  0  0  0  0  0  0  33393  12810  1  0  0  0  0  0  0  0  0  0  0  0  0  0  0  0  0  0  0  0  0  0  0  0  0  0  0  0  0  0  0  0  0  0  0  0  0  0  0  0  0  0  0  0  0  0  0  0  0  0  0  0  0  0  0  0  0  0  0  0  0  0  0  0  0  0  0  0  0  0  0  0  0  0  0  519  0  8869  0  0  0  0  0  0  0  0  0  
0  24451  0  1  0  0  0  0  0  0  3  0  0  0  0  0  0  0  188  353  15813  48475  0  0  0  0  0  0  0  0  0  0  0  0  0  0  0  0  0  0  5  7927  0  7320  1  0  0  1  11  0  0  0  0  0  0  1  7798  507  20  0  32815  0  0  0  31  0  0  0  0  0  0  0  2  0  0  0  0  0  0  0  0  0  0  0  0  0  0  0  0  0  0  0  0  0  0  1  0  0  0  0  0  0  0  0  0  0  0  0  0  0  0  0  0  0  0  1  0  0  0  0  0  0  0  0  0  0  0  0  0  0  0  0  0  0  0  0  0  0  0  0  0  0  0  0  0  0  0  0  0  0  1  0  0  0  0  0  0  0  0  0  
3956  0  0  0  306  2178  2769  8  80  0  0  21988  2  62782  134327  51  0  140  0  0  0  0  0  754  0  0  0  4  166  1  0  2  0  0  0  0  0  0  41  11202  1  0  0  0  223  0  793  0  3399  0  0  0  74874  27734  0  7  0  0  0  0  0  756  6  5916  3  520  16  42465  25  0  0  0  1  0  0  0  0  0  0  0  0  0  0  0  0  0  0  0  0  0  0  0  0  0  0  0  0  0  0  0  0  0  0  0  0  0  0  0  0  0  0  0  0  0  0  0  0  0  0  0  0  0  0  0  0  0  0  0  0  0  0  0  0  0  0  0  0  0  0  0  0  0  0  0  0  0  0  0  0  1987  0  131  44785  1167  0  0  0  0  0  0  
36276  0  0  0  24112  11700  652  1  30  0  0  0  0  5582  212084  6835  0  0  0  0  0  0  0  551  0  0  0  0  0  0  1  18  0  0  0  0  0  0  1  1  0  0  0  0  3  0  20  0  38  0  0  117991  0  60730  0  0  0  0  0  0  0  1889  11  2602  0  139  0  29  3  67  0  0  0  0  0  0  0  0  0  0  0  0  0  0  0  0  0  0  0  0  0  0  0  0  0  0  0  0  0  0  0  0  0  0  0  0  0  0  0  0  0  0  0  0  0  0  0  0  0  0  0  0  0  0  0  0  0  0  0  0  0  0  0  0  0  0  0  0  0  1  0  0  0  0  0  0  0  0  0  108  0  0  1095  331  0  0  0  0  0  0  
491  0  21  0  83  70530  21008  441  1043  1  0  0  0  17  97476  221227  0  0  0  0  0  0  0  44  0  0  0  3  204  1  0  5  0  0  0  0  0  0  1  1  0  0  0  0  2182  569  11  0  14  0  0  31512  52450  0  0  0  0  0  0  0  0  19  1  178  0  1037  10  8418  40784  1  2  0  0  0  0  0  0  0  0  0  1  0  0  0  0  0  0  0  0  0  0  0  0  0  0  0  0  0  0  0  0  0  0  0  0  0  0  0  0  0  0  0  0  0  0  0  0  0  0  0  0  0  0  0  0  0  0  0  0  0  0  0  0  0  0  0  0  0  0  0  0  0  0  0  0  0  0  0  0  13302  0  32  2309  299  0  0  0  0  0  0  
0  0  0  43  0  0  0  1  1026  42  0  5  0  0  0  0  6  0  0  0  1  0  0  0  38200  59029  89  18  3  95  0  0  1  84  10  5258  10  5  0  4  2132  0  4  9  48  0  0  58  257  0  0  2  0  0  0  28961  11  18  29  20  71  0  0  0  379  17  11727  14  0  0  1358  6  15854  8  0  0  0  0  0  0  0  0  0  0  0  0  0  0  0  0  0  0  0  0  0  0  0  0  0  0  0  0  0  0  0  0  0  0  0  0  0  0  0  0  0  0  0  0  0  0  0  0  0  0  0  0  0  0  0  0  0  0  0  0  0  0  0  0  0  0  0  0  0  0  0  0  0  0  3  6  6  8  43  38  0  0  0  0  0  0  
14  31  16  521  5  1  5  57  7949  422  0  147  0  199  1  0  45  1  62  5981  8  4  0  10  78704  17568  236770  650  730  40122  0  0  4  5  0  239  23  10  0  431  3170  0  1  583  2470  4557  12  133  6153  0  0  58  1  5  40050  0  724  37490  540  415  410  51  0  58  49802  222  57384  859  408  0  58289  22  14432  8  0  0  0  0  0  0  0  0  0  0  0  0  0  0  0  0  0  0  0  0  0  0  0  0  0  0  0  0  0  1  0  0  0  0  0  0  0  0  0  0  0  0  0  0  0  0  0  0  0  0  0  0  0  0  0  0  0  0  0  0  0  0  0  0  0  0  0  0  0  0  0  0  0  0  1  1218  9  27  395  37  0  0  0  0  0  0  
0  53337  0  412  0  0  0  0  11  0  138  39  0  0  0  0  0  0  113358  1829  728  693  8  0  402  209  1  10  0  1  0  0  0  2  0  7  0  1  0  25  642  40471  0  9223  97  0  0  81  2049  0  4478  0  0  0  28  98  0  14964  6647  154  2076  0  0  0  838  0  189  82  0  0  7  12  10655  5  0  0  0  0  0  0  0  0  0  0  0  0  0  0  0  0  0  0  0  0  0  0  0  0  0  0  0  0  0  0  0  0  0  0  0  0  0  0  0  0  0  0  0  0  0  0  0  0  0  0  0  0  0  0  0  0  0  0  0  0  0  0  0  0  0  0  0  0  0  0  0  0  0  0  0  0  5  0  16  1  0  0  0  0  0  0  
0  528  0  378  0  0  0  0  23  1  2759  64  0  6  0  0  4  0  54139  59277  74  195  13  0  24081  255  7696  9  1  4  0  0  0  0  1  5  0  0  0  28  1121  154  0  19413  140  0  0  57  2423  0  399  0  0  0  109  31172  11229  0  558  482  1377  1  0  0  25263  0  250  104  1  0  23  2  22118  3  0  0  0  0  0  0  0  0  0  0  0  0  0  0  0  0  0  0  0  0  0  0  0  0  0  0  0  0  0  0  0  0  0  0  0  0  0  0  0  0  0  0  0  0  0  0  0  0  0  0  0  0  0  0  0  0  0  0  0  0  0  0  0  0  0  0  0  0  0  0  0  0  0  0  0  1  11  0  30  1  0  0  0  0  0  0  
0  38300  0  69  0  0  0  0  6  0  0  11  0  0  0  0  0  0  21361  7  21637  11  6  0  210  64  0  0  0  0  0  0  1  28  197  10  19972  25977  0  5  216  114  37  603  24  0  0  322  444  50  39  0  0  0  19  60  3840  461  0  22914  14664  0  0  0  123  2  71  17  0  0  5  30012  27546  1  0  0  0  0  0  0  0  0  0  0  0  0  0  0  0  0  0  0  0  0  0  0  0  0  0  0  0  0  0  0  0  0  0  0  0  0  0  0  0  0  0  0  0  0  0  0  0  0  0  0  0  0  0  0  0  0  0  0  0  0  0  0  0  0  0  0  0  0  0  0  0  0  0  0  11  0  155  0  6  0  0  0  0  0  0  0  
0  2427  0  68  0  0  0  0  4  1  0  16  0  2  0  0  5  0  251  1  75306  2  2  0  340  49  0  2  0  0  0  0  0  327  1914  2  62514  6250  0  4  181  3  291  218  18  0  0  1244  404  17912  1  0  0  0  8  73  873  321  21833  0  30102  0  0  0  186  0  52  19  0  0  2  27841  7213  0  0  0  0  0  0  0  0  0  0  0  0  0  0  0  0  0  0  0  0  0  0  0  0  0  0  0  0  0  0  0  0  0  0  0  0  0  0  0  0  0  0  0  0  0  0  0  0  0  0  0  0  0  0  0  0  0  0  0  0  0  0  0  0  0  0  0  0  0  0  0  0  0  0  0  36  0  2170  1  3  0  0  0  0  0  0  0  
0  18987  0  42  0  0  0  0  7  1  27  4  0  0  0  0  0  0  611  1012  124911  113164  39850  0  469  50  0  1  0  1  0  1  0  1  2  71  430  405  0  1  699  777  31  19601  5  0  0  33  229  12836  27817  0  0  0  53  53  17757  2158  17709  38436  0  0  0  0  274  0  105  7  0  1  9  3149  3171  6  0  0  0  0  0  0  0  0  0  0  0  0  0  0  0  0  0  0  0  0  0  5  0  0  0  0  0  0  0  0  0  0  0  0  0  0  0  0  0  0  0  0  0  1  0  0  0  0  0  0  0  0  0  0  0  0  0  0  0  0  0  0  0  0  0  0  0  0  0  0  0  0  0  0  6  0  37060  37  2  0  0  0  1  0  0  0  
7395  0  0  0  39  258  7  0  10  0  0  4  577  48302  27467  1  0  4  0  0  0  0  0  22118  0  0  0  1  0  0  0  0  0  0  0  0  0  0  257  56  2  0  0  0  86  0  544  0  1524  0  0  1240  3172  17  0  4  0  0  0  0  0  0  20  13234  6  2  22  91  1  6  3  0  1  0  0  0  0  0  0  0  0  0  0  0  0  0  0  0  0  0  0  0  0  0  0  0  0  0  0  0  0  0  0  0  0  0  0  0  0  0  0  0  0  0  0  0  0  0  0  0  0  0  0  0  0  0  0  0  0  0  0  0  0  0  0  0  0  0  0  0  0  0  0  0  0  0  0  0  0  19  0  1  1787  30  0  0  0  0  0  0  
580  0  0  0  22  942  1  0  0  0  0  1  1  127  11  127  2086  18789  0  0  1  0  6036  84829  0  0  0  0  0  0  75951  38768  0  0  21  0  0  0  928  1  0  0  1  0  0  0  7540  1162  1771  0  0  233  24  3  0  0  0  0  0  0  0  105  0  30841  0  2  0  6  0  21851  0  0  0  1  0  0  0  0  0  1  0  0  0  0  0  0  0  0  0  10  0  0  0  0  0  0  0  8  0  0  0  0  0  0  197  5  0  0  0  0  0  0  0  0  0  0  0  0  0  0  0  0  0  0  0  0  0  0  0  0  0  0  0  0  0  0  34  0  0  0  0  0  0  15  0  0  0  0  5146  1  28  412  45659  19526  0  0  4  0  0  1  
14324  0  0  0  1385  17085  25  0  10  0  0  44  2886  15074  851  845  0  11  0  0  0  0  0  165247  0  1  0  3  0  0  727  924  0  0  1  0  0  0  3023  387  5  0  0  0  88  0  8481  1  6013  0  0  5836  2278  191  0  2  0  0  0  0  1  20071  24753  0  1  7  23  189  2  13455  6  0  0  0  0  0  0  0  0  0  0  0  0  0  0  0  0  0  0  0  0  0  0  0  0  0  0  0  0  0  0  0  0  0  0  0  0  0  0  0  0  0  0  0  0  0  0  0  0  0  0  0  0  0  0  0  0  0  0  0  0  0  0  0  0  0  0  0  0  0  0  0  0  0  0  0  0  0  1  14  0  0  13484  2149  0  0  0  0  0  0  
0  204  0  498  1  0  1  0  2414  16  69398  95  0  49  0  0  9  0  416  25490  23  3252  18  2  196  302  37576  90  2  79653  0  0  0  3  0  14  1  1  0  158  1098  16  0  56922  386  0  3  281  3987  0  38  13  1  0  267  45583  7388  40109  130  61  279  7  0  7  0  7  664  290  0  0  6223  0  691  9  0  0  0  0  0  0  0  0  1  0  1  0  0  0  0  0  0  0  0  0  0  1  0  0  0  0  0  0  0  188  0  0  0  0  0  0  0  0  0  0  0  0  0  0  0  0  0  0  0  0  0  0  0  0  0  0  0  0  0  0  0  0  0  0  1  0  0  0  0  0  10  0  0  0  0  23  36  10  111  3  0  0  0  0  0  0  
169  0  0  1  39  36152  33413  33006  77398  59323  0  0  0  10  52  8  4  2  0  0  0  3  8  29  1  1  3  99  70  1478  0  17383  0  0  0  0  0  0  0  1  76  0  0  176  620  3  1  51  30  0  0  374  10  111  1  14  0  0  0  0  0  6  1  28  13  0  192  126  61  18  76  0  2  0  0  0  0  0  0  1298  1509  1278  3413  381  0  0  0  0  0  2  0  0  0  0  0  1  0  0  0  0  0  0  0  47  1  2610  0  0  0  0  0  0  0  0  0  0  0  0  0  6  0  0  0  0  0  0  0  0  0  0  0  0  0  0  0  0  1  0  0  23770  0  0  0  0  383  0  0  0  19  11012  35  544  546  826  0  63  25  11  6  1  
36  1  1813  10605  10  11  7  75  7017  458  0  670  0  174  3  30  640  1  0  0  0  0  0  25  26  76643  51226  136147  380  855  0  0  2  1  0  8033  20  8  7  340  13600  0  0  48  96884  9784  29  624  13456  0  0  100  5  7  6696  65712  3  8  57  49  108  92  2  199  439  346  0  3681  174  1  5856  15  183  9  0  0  0  0  0  0  0  0  1  0  0  0  0  0  0  0  0  0  0  0  0  0  0  0  0  0  0  0  0  0  0  0  0  0  0  0  0  0  0  0  0  0  0  0  0  0  0  0  0  0  0  0  0  0  0  0  0  0  0  0  0  0  0  0  0  1  0  0  0  0  0  0  0  0  0  490  0  2705  5389  8551  0  0  0  0  0  0  
244  1  0  31651  35  127  289  11  199  4  0  45234  0  780  47050  8  2  20  1  0  0  0  0  159  6  45  3  459  75500  17  0  1  0  0  0  4  0  0  14  2654  126  0  0  2  40715  5  126  20  29541  0  0  39021  10  12853  4  91  1  15  1  0  0  157  2  720  155  122  2143  0  10355  0  98  0  11  0  0  0  0  0  0  0  0  0  0  0  0  0  0  0  0  0  0  0  0  0  0  0  0  0  0  0  0  0  0  0  0  0  0  0  0  0  0  0  0  0  0  0  0  0  0  0  0  0  0  0  0  0  0  0  0  0  0  0  0  0  0  0  0  0  0  0  0  0  0  0  0  0  0  0  0  4405  0  172  23858  1615  0  0  0  0  0  0  
0  0  1529  0  0  61  1016  25241  1762  2  0  0  0  2  17344  32057  0  0  0  0  0  0  0  0  0  0  56  375  75001  58  0  0  0  0  0  0  0  0  0  6  4  0  0  0  49612  4884  0  15  52  0  0  2  0  39906  2  103  0  0  0  0  0  0  0  1  1  264  122  18565  0  0  218  0  0  0  0  0  0  0  0  0  0  0  0  0  0  0  0  0  0  0  0  0  0  0  0  0  0  0  0  0  0  0  0  0  0  0  0  0  0  0  0  0  0  0  0  0  0  0  0  0  0  0  0  0  0  0  0  0  0  0  0  0  0  0  0  0  0  0  0  0  0  0  0  0  0  0  0  0  0  35526  0  289  520  221  0  0  0  0  0  0  
25894  0  0  0  7979  78850  0  0  0  0  0  0  0  17  27  18491  0  1  0  0  0  0  0  15368  0  0  0  0  0  0  56723  13543  0  0  0  0  0  0  21  0  0  0  0  0  0  0  11  0  52  0  0  57  19  4  0  0  0  0  0  0  0  17  14642  18971  0  6  0  0  0  0  0  0  0  0  0  0  0  0  0  729  0  0  0  0  0  0  0  0  0  624  0  0  0  0  0  0  0  0  0  0  0  0  0  0  93  171  0  0  0  0  0  0  0  0  0  0  0  0  0  0  0  0  0  0  0  0  0  0  0  0  0  0  0  0  0  0  0  0  0  53  0  0  0  169  0  0  0  0  36  1  3  218  3016  5078  0  0  0  0  0  1  
3  0  31  13  0  2  12  17  31088  136  2  15  0  48  1  58  42  0  0  0  0  1  0  3  105  76  23862  991  95  78999  0  0  1  1  0  20  3  1  1  72  598  0  0  37  2156  3777  8  26  1051  0  0  18  1  0  570  47540  1  6  5  10  28  17  0  23  11007  71  5843  146  40  0  0  3  447  6  0  0  1  0  0  0  0  1  139  3  0  0  0  0  0  0  0  0  0  0  0  0  0  0  0  0  0  0  0  642  0  0  0  0  0  0  0  0  0  0  0  0  0  0  0  39  0  0  0  0  0  0  0  0  0  0  0  0  0  0  0  0  0  0  0  3  0  0  0  0  836  0  0  0  1  1155  1  8  200  18  0  0  0  0  0  0  
0  6968  0  2  0  0  0  0  0  0  0  0  0  0  0  0  12  0  3901  0  173  0  1  0  2  2  0  0  0  0  0  0  0  322  942  1  164581  159916  0  1  17  0  25222  4  0  0  0  494  5  38127  1  0  0  0  3  2  113  12  26846  32619  682  0  0  0  1  0  9  1  0  0  0  0  7868  0  0  0  0  0  0  0  0  0  0  0  0  0  0  0  0  0  0  0  0  0  0  0  0  0  0  0  0  0  0  0  0  0  0  0  0  0  0  0  0  0  0  0  0  0  0  0  0  0  0  0  0  0  0  0  0  0  0  0  0  0  0  0  0  0  0  0  0  0  0  0  0  0  0  0  88  0  68  0  0  0  0  0  0  0  0  0  
0  1634  0  478  0  0  0  0  1287  49  0  52  0  12  1  0  32  0  31516  11  1137  26  12  0  155828  10644  81  35  3  166  0  0  480  122259  46497  27841  2702  139291  0  24  10954  3  5790  710  189  0  0  116297  2547  23124  1  3  0  2  28255  13039  6024  27777  31483  16265  17682  1  0  1  1585  31  2033  121  0  0  1382  9542  0  10562  0  0  0  0  0  0  0  0  0  0  0  0  0  0  0  0  0  0  0  0  0  0  0  0  0  0  0  0  0  0  0  0  0  0  0  0  0  0  0  0  0  0  0  0  0  0  0  0  0  0  0  0  0  0  0  0  0  0  0  0  0  0  0  0  0  0  0  0  0  0  0  0  0  0  1544  11  1168  167  112  42  0  0  0  0  0  0  
0  1  0  10  0  0  0  0  2  0  0  0  0  0  0  0  0  0  0  0  0  0  0  0  8  199  0  0  0  1  0  0  56688  23812  9  21023  0  0  0  0  15294  0  0  1  0  0  0  15592  12  0  0  0  0  0  27  9  2  0  1  0  2  0  0  0  7  0  128  0  0  0  2  0  12015  0  0  0  0  0  0  0  0  0  0  0  0  0  0  0  0  0  0  0  0  0  0  0  0  0  0  0  0  0  0  0  0  0  0  0  0  0  0  0  0  0  0  0  0  0  0  0  0  0  0  0  0  0  0  0  0  0  0  0  0  0  0  0  0  0  0  0  0  0  0  0  0  0  0  0  42  0  98  291  48  0  0  0  0  0  0  0  
0  0  0  0  6  0  0  0  0  0  0  0  0  0  0  0  0  0  0  0  0  0  0  3  0  0  0  0  0  0  25  0  0  0  0  0  0  0  0  0  0  0  0  0  0  0  0  0  0  0  0  0  0  0  0  0  0  0  0  0  0  0  0  0  0  0  0  0  0  2  0  0  0  0  0  0  0  0  50303  12715  1  0  0  0  0  6  0  4  6778  29632  2  6  0  0  0  0  0  60936  0  0  0  0  0  0  5394  0  0  0  0  0  0  0  0  1  0  0  0  0  5  0  1134  1  46  0  0  2836  21586  151  0  0  0  0  0  0  0  11798  1104  8819  0  1  1  14  0  1115  0  0  0  0  0  0  0  0  0  0  0  8531  0  0  16778  0  
0  1  0  0  0  0  0  0  0  0  0  0  0  0  0  0  0  0  0  0  0  0  0  0  0  0  0  0  0  0  0  0  0  0  0  0  0  0  0  0  0  0  0  0  0  0  0  0  0  0  0  0  0  0  0  0  0  0  0  0  0  0  0  0  0  0  0  0  0  0  0  0  0  0  0  0  0  0  0  0  0  0  0  0  0  0  0  0  0  0  0  0  38322  0  29772  237  1  0  107  0  0  0  0  0  0  0  0  0  0  0  6751  83  0  0  0  25943  0  45  0  0  0  0  0  0  29138  0  0  0  1  0  3128  44  29555  32747  7199  0  0  0  2  0  0  0  0  0  0  1978  151  0  0  0  0  0  0  0  0  0  0  0  0  0  
0  0  2943  0  0  0  0  7  1  0  0  0  0  0  0  1568  0  0  0  0  0  0  0  0  0  0  0  0  138  134  0  0  0  0  0  0  0  0  0  0  0  0  0  0  0  112  0  0  0  0  0  0  0  0  0  0  0  0  0  0  0  0  0  0  0  0  0  0  0  0  1  0  0  0  0  0  0  0  0  0  6  555  130  2  0  0  0  0  0  39794  0  0  0  0  0  0  0  0  1  0  10059  17294  13605  11849  0  0  0  0  0  0  0  0  0  0  1  0  0  0  33052  43959  0  0  0  0  0  0  0  2  0  243  0  0  0  0  0  0  0  0  4  43  1018  0  21  0  68  0  2  0  0  0  0  0  0  0  0  1  0  0  0  0  
0  0  0  0  0  0  0  0  0  0  0  0  0  0  0  0  0  0  0  0  0  0  0  0  0  0  0  0  0  0  0  0  0  0  0  0  0  0  0  0  0  0  0  0  0  0  0  0  0  0  0  0  0  0  0  0  0  0  0  0  0  0  0  0  0  0  0  0  0  0  0  0  0  0  0  0  0  0  1  0  0  0  0  0  0  32434  0  3  0  0  243  56  1  0  0  0  0  1  60  65591  1  24814  22677  0  0  0  605  378  1  93  0  0  0  2  31931  0  0  0  27776  0  3  128  38388  0  0  75  3  8  57  49  0  2  0  0  0  5  0  5  13  0  1024  30468  7  0  3  0  318  39  0  0  0  0  0  0  4  146  3  8  317  0  
0  0  0  0  10  0  0  0  0  0  0  0  0  0  0  1  0  0  0  0  0  0  0  0  0  0  0  0  0  0  8  0  0  0  0  0  0  0  0  0  0  0  0  0  0  0  0  0  0  0  0  0  0  0  0  0  0  0  0  0  0  0  0  0  0  0  0  0  0  2  0  0  0  0  37736  0  0  0  0  29457  4  0  0  0  0  2  0  0  1490  105990  0  3  0  0  0  0  0  208  0  0  0  0  0  0  0  0  0  0  0  0  0  0  0  0  0  0  0  0  1  0  50  1  8  0  0  219  62073  1618  0  0  0  0  0  0  0  2  103  1160  0  22  0  6  0  5  0  0  0  0  0  0  0  0  0  0  0  2458  0  0  2149  0  
8  0  0  0  78  3010  35  0  0  0  0  0  0  0  0  195  0  0  0  0  0  0  0  7  0  0  0  0  0  0  672  73  0  0  0  0  0  0  0  0  0  0  0  0  0  0  0  0  0  0  0  3  1  0  0  0  0  0  0  0  0  0  3  1  0  3895  0  0  0  749  0  0  0  0  28338  0  0  0  53126  0  21774  9  2  0  0  12  0  4  9  138722  2  11  0  0  0  0  1  2598  0  1  0  0  0  1  4200  6380  0  0  0  1  0  0  0  2  1  0  0  0  5  1  71  5  15  0  0  450  41299  69325  1  0  0  0  0  0  0  12  15713  25533  0  57555  13  82  16  25351  0  0  0  0  0  2  0  22  25  47  0  34591  0  0  12431  173  
2  0  0  0  0  2969  2146  74  1  0  0  0  0  0  0  519  0  0  0  0  0  0  0  1  0  0  0  0  0  0  0  0  0  0  0  0  0  0  0  0  0  0  0  0  0  0  0  0  0  0  0  1  0  0  0  0  0  0  0  0  0  0  0  0  0  3397  0  2  0  0  0  0  0  0  1  0  2  0  5  25644  0  42204  645  22  0  0  0  0  65  75797  4  0  0  0  0  0  2  0  0  2  26  20  103  66  0  0  0  0  0  2  0  0  0  0  32  0  0  4  517  519  1  23  2  0  0  273  2311  67068  0  534  0  0  0  0  0  1  0  0  43  32385  322  200  4617  0  202  0  8  0  0  8  0  0  1  1  0  896  1  11  137  0  
0  0  45  0  0  93  1485  868  199  2  0  0  0  0  0  572  0  0  0  0  0  0  0  0  0  1  0  0  4  0  0  0  0  0  0  0  0  0  0  0  0  0  0  0  0  21  0  0  0  0  0  1  0  0  0  0  0  0  0  0  0  0  0  0  0  2221  1  0  0  0  0  0  0  0  0  0  1354  0  0  3  57487  0  23625  206  0  0  0  0  23  76030  5  1  0  0  0  0  24  0  20  1  175  341  1776  494  0  0  0  0  0  0  0  0  0  0  27  0  0  61  11194  34795  0  14  7  0  0  1  7  29176  4  3192  0  2  0  0  0  0  0  0  287  34252  1057  2  4050  0  2430  0  17  0  0  26  0  0  0  0  0  52  5  8  69  0  
0  0  0  0  0  1  33  134  7700  439  0  0  0  0  0  6  0  0  0  0  0  11  0  0  0  0  0  1  0  534  0  0  0  0  0  0  0  0  0  0  0  0  0  5  0  9  0  0  0  0  0  0  0  0  0  0  0  0  0  0  0  0  0  0  1  3624  2  0  0  0  155  0  0  0  0  0  23  0  0  0  156  17430  0  15599  0  0  0  0  0  3  7  0  0  0  0  13  94  0  40  2  55  1  5  3474  0  0  0  0  0  0  0  0  0  0  25  0  0  422  144  13478  1  9  7  0  0  1  0  5  7  1806  0  4  0  0  0  0  0  0  306  45334  447  1  42  0  42072  0  61  0  0  2  1  0  1  0  0  122  51  0  49  0  
0  0  0  0  0  0  0  0  373  143  0  0  0  0  0  0  0  0  0  0  0  0  0  0  0  0  0  0  0  14  0  0  0  0  0  0  0  0  0  0  0  0  0  0  0  0  0  0  0  0  0  0  0  0  0  0  0  0  0  0  0  0  0  0  0  205  0  0  0  0  0  0  0  0  0  0  18  0  1  0  158  1051  21035  0  5  0  0  0  0  0  9  2  6  3  0  812  7382  0  62  1  24  0  2  6797  0  0  0  0  0  0  0  0  0  0  35  0  0  19769  36  57  0  14  36  0  0  4  0  1  8  1118  1  31  0  0  0  1  0  0  4935  33734  113  4  30  0  1489  0  72  0  0  0  0  2  0  0  0  116  2998  138  86  0  
0  0  0  0  0  0  0  0  0  0  31530  0  0  0  0  0  0  0  0  34  0  480  0  0  0  0  0  0  0  201  0  0  0  0  0  0  0  0  0  0  0  0  0  526  0  0  0  0  0  0  0  0  0  0  0  0  0  0  0  0  0  0  0  0  3  0  0  0  0  0  0  0  0  0  0  0  0  0  0  0  0  0  0  1  0  0  0  0  0  0  0  0  87  63367  0  3619  0  0  1  0  0  0  0  2824  0  0  0  0  0  0  0  0  0  0  1  33370  0  108503  0  0  0  0  1  0  4  0  0  0  0  0  218  12996  4  0  33  0  0  0  56260  0  0  1  0  0  6  0  1  0  0  0  0  0  0  0  0  0  2  0  0  0  
0  0  0  0  0  0  0  0  0  0  0  0  0  0  0  0  0  0  0  0  0  0  0  0  0  0  0  0  0  0  0  0  0  0  0  0  0  0  0  0  0  0  0  0  0  0  0  0  0  0  0  0  0  0  0  0  0  0  0  0  0  0  0  0  0  0  0  0  0  0  0  0  0  0  23  0  0  40585  4  3  0  0  0  0  0  0  87  13158  0  0  13  137  0  0  0  0  0  13  4  1824  0  102  8301  0  0  0  45  210  67  1  0  0  177  19226  26  0  0  0  1116  0  35  50  44600  0  0  10272  81  2  0  5  0  0  0  0  0  27  0  23  2  0  77  46047  0  0  0  0  19  0  0  0  0  0  0  0  3  34  0  1  62  0  
0  0  0  0  0  0  0  0  0  0  0  0  0  0  0  0  0  0  0  0  0  0  0  0  0  0  0  0  0  0  0  0  0  0  0  0  0  0  0  0  0  0  0  0  0  0  0  0  0  0  0  0  0  0  0  0  0  0  0  0  0  0  0  0  0  0  0  0  0  0  0  0  0  0  24  0  0  0  0  1  0  0  0  0  0  45  0  21941  0  0  0  4  0  0  0  0  0  24447  0  0  0  0  0  0  0  0  0  8  5  0  0  0  20462  122  0  0  0  0  0  0  5854  0  61  0  0  26  14  0  0  0  0  0  0  0  0  9049  0  1123  0  0  0  0  0  0  0  0  0  0  0  0  0  0  0  0  0  0  0  0  0  0  
0  0  0  0  0  0  0  0  0  0  0  0  0  0  0  0  0  0  0  0  0  0  0  0  0  0  0  0  0  0  0  0  0  0  0  0  0  0  0  0  0  0  0  0  0  0  0  0  0  0  0  0  0  0  0  0  0  0  0  0  0  0  0  0  0  0  0  0  0  0  0  0  0  0  781  0  0  13  20  8  0  0  0  0  0  11839  16596  0  1074  0  3  16  0  0  0  0  0  1096  2  5  0  2  368  0  0  0  0  0  0  1  0  0  20784  12187  13  0  0  0  14  0  326  9  5665  0  0  44601  394  3  0  6  0  0  0  0  0  20616  1  1984  2  0  8  105  1  0  0  0  10  0  0  0  0  0  0  0  1  34  1  2  92  0  
0  0  0  0  0  0  0  0  0  0  0  0  0  0  0  0  0  0  0  0  0  0  0  0  0  0  0  0  0  0  0  0  0  0  0  0  0  0  0  0  0  0  0  0  0  0  0  0  0  0  0  0  0  0  0  0  0  0  0  0  0  0  0  0  0  0  0  0  0  0  0  0  0  0  5554  0  0  0  913  85  82  4  0  0  0  0  0  1205  0  121  10  5  0  0  0  0  0  9020  0  1  0  1  12215  0  0  0  0  0  0  1  0  0  0  0  18  0  0  0  3598  0  8  24  26  0  0  146749  123382  73314  0  0  0  0  0  0  0  17552  0  5  0  33  65  27306  22622  0  0  0  0  0  0  0  0  0  0  0  0  3162  0  6  102  0  
5  0  206  0  427  1346  1911  450  2  0  0  0  0  0  0  9693  0  0  0  0  0  0  0  137  0  0  0  0  83  1  1640  0  0  0  0  0  0  0  0  0  0  0  0  0  0  67  0  0  0  0  0  0  0  0  0  0  0  0  0  0  0  0  61  0  0  17  0  0  0  397  0  0  0  0  40088  0  41092  0  107342  135127  55009  76444  10  0  0  0  0  0  126  0  0  0  0  0  0  0  0  1254  0  0  12  46  14839  8  7780  0  0  0  0  0  0  0  0  0  1  0  0  0  10221  13038  0  2  0  0  0  5  3477  164693  0  216  0  0  0  0  0  1  307  3255  1  229  61  3  32403  18765  6  0  0  0  0  0  0  0  0  0  0  268  0  2  145  0  
0  0  0  0  0  0  0  0  0  0  0  0  0  0  0  0  0  0  0  0  0  0  0  0  0  0  0  0  0  0  0  0  0  0  0  0  0  0  0  0  0  0  0  0  0  0  0  0  0  0  0  0  0  0  0  0  0  0  0  0  0  0  0  0  0  0  0  0  0  0  0  0  0  0  1  0  0  204  2  8  8  2  0  0  0  17  0  3  20  0  0  54347  0  0  0  0  8258  38  38  110  1  9  98  1  0  0  46  0  10546  31  7  0  0  1  15509  0  213  0  4151  0  28  37746  27015  105  0  666  20  507  39  55  0  3  0  3  0  1  4  4  34  5  1102  1432  1704  0  3  4  202  4  0  0  0  0  0  0  8539  289  37  14  5225  0  
0  0  0  0  0  0  0  0  0  0  0  0  0  0  0  0  0  0  0  0  0  0  0  0  0  0  0  0  0  0  0  0  0  0  0  0  0  0  0  0  0  0  0  0  0  0  0  0  0  0  0  0  0  0  0  0  0  0  0  0  0  0  0  0  0  0  0  0  0  0  0  0  0  0  26  0  0  8  21  18  2  1  0  0  0  221  10  41  8  0  37954  0  0  0  0  0  29580  13514  4  10  0  2  37  0  0  0  1  1  1514  65  0  0  20  67  650  0  18  0  1048  0  29031  8728  58951  3  0  1062  252  870  2  16  1  0  0  0  0  11  195  23  4  3  211  4301  70  0  0  0  50  21  0  0  0  0  0  0  8707  244  32  322  12517  0  
0  0  0  0  0  0  0  0  0  0  0  0  0  0  0  0  0  0  0  0  0  0  0  0  0  0  0  0  0  0  0  0  0  0  0  0  0  0  0  0  0  0  0  0  0  0  0  0  0  0  0  0  0  0  0  0  0  0  0  0  0  0  0  0  0  0  0  0  0  0  0  0  0  0  1  32218  0  1  0  0  0  0  0  0  171  0  0  1  0  0  20  8  0  2656  136  775  0  1  18618  2  1  0  1  0  0  0  0  0  0  0  14  5  0  0  110  42078  0  2700  2  0  0  16  141  0  5744  22  0  1  80  7478  143064  78764  44508  196  503  1  0  4  2801  0  2  18  1  0  10  34  54089  0  0  0  0  0  0  0  0  14  3  2  41  0  
0  0  0  0  0  0  0  0  0  0  3630  0  0  0  0  0  0  0  0  37  0  0  0  0  0  0  0  0  0  1  0  0  0  0  0  0  0  0  0  0  0  0  0  0  0  0  0  0  0  0  0  0  0  0  0  0  0  0  0  0  0  0  0  0  0  0  0  0  0  0  0  0  0  0  0  0  0  0  0  0  0  0  0  0  70593  0  0  0  0  0  0  0  2525  0  0  49  1  0  8  0  5823  0  0  9029  0  0  0  0  0  0  0  0  0  0  5  23778  0  5968  0  1  0  0  1  0  8  0  0  0  1  13248  1464  66211  6  0  47  0  0  0  44761  0  0  0  0  0  993  0  2  0  0  0  0  0  0  0  0  0  1  0  0  0  
0  5  0  0  0  0  0  0  0  0  0  0  0  0  0  0  0  0  0  0  2  0  0  0  0  0  0  0  0  0  0  0  0  0  0  0  0  0  0  0  0  0  0  0  0  0  0  0  0  0  0  0  0  0  0  0  0  0  0  0  0  0  0  0  0  0  0  0  0  0  0  0  0  0  0  27923  0  0  0  0  0  0  0  0  0  0  0  0  0  0  0  0  922  0  0  5349  4943  0  83  0  0  0  0  0  1  0  0  0  5  0  915  19  0  0  0  89  10  43  0  0  0  20  0  48781  15542  0  0  0  1  0  2721  33  5532  60888  136875  0  1  0  0  0  0  0  0  0  0  40  289  0  0  0  2  18  0  0  9  2  1936  144  1  9  
0  3  0  0  0  0  0  0  6  1  19  0  0  0  0  0  0  0  0  0  22  3280  0  0  0  0  0  0  0  3  0  0  0  0  0  0  0  0  0  0  0  0  0  37  0  0  0  0  0  0  1  0  0  0  0  0  0  0  0  0  8  0  0  0  0  0  0  0  0  0  0  0  0  0  0  903  0  1  0  0  0  0  27  1341  3877  0  0  0  0  0  0  0  756  109  3416  0  10986  0  178  2  0  0  0  362  0  0  0  0  0  0  1  1  0  0  47  44666  0  138348  0  0  0  4  7  0  48071  1  0  0  0  7  2600  297  1486  27  94172  0  0  0  1583  9  0  1  0  0  8  3  163  0  0  1  0  3  0  0  0  0  7110  63  0  0  
0  0  0  0  0  0  0  0  0  0  0  0  0  0  0  0  0  0  0  0  0  1  1  0  0  0  0  0  0  0  0  0  0  0  0  0  0  0  0  0  0  0  0  0  0  0  0  0  0  0  0  0  0  0  0  0  0  0  0  0  1  0  0  0  0  0  0  0  0  0  0  0  0  0  0  0  0  0  0  0  21  84  618  8617  0  1  0  0  0  0  9103  43774  0  0  5257  10049  0  15106  11  0  3  0  0  105  88  41  0  1  22380  1  1973  0  0  0  36  0  30087  17232  6  12  4164  566  81  21716  0  3  1  0  4  262  0  8  0  16  65510  1  6430  1  170  870  19  6  3  0  293  0  17  0  0  0  0  4  0  0  46795  59  108882  3144  26582  1640  
0  0  0  0  0  0  0  0  0  0  0  0  0  0  0  0  0  0  0  0  0  0  0  240  0  0  0  0  0  0  68  0  0  0  0  0  0  0  0  0  0  0  0  0  0  0  0  0  0  0  0  0  0  0  0  0  0  0  0  0  0  0  13  0  0  0  0  0  0  0  0  0  0  0  74840  0  0  0  246  2817  0  0  0  0  0  66  26123  1344  10109  794  12  18475  0  0  0  0  15579  0  0  0  0  0  1  0  30769  154  0  419  379  0  0  0  4318  324  2  0  348  0  8  0  58659  3  834  0  0  3172  494  21  0  0  0  0  0  0  0  91929  90364  158982  0  1  3  32  0  5297  0  0  0  0  0  0  0  0  0  0  1644  4034  23  10  35631  25  
0  0  0  0  0  0  0  0  0  0  0  0  0  0  0  0  0  0  0  0  0  0  0  0  0  0  0  0  0  0  0  0  0  0  0  0  0  0  0  0  0  0  0  0  0  0  0  0  0  0  0  0  0  0  0  0  0  0  0  0  0  0  0  0  0  0  0  0  0  0  0  0  0  0  0  15  0  5  0  0  0  2  99  7  0  0  0  3  0  0  97  20  16892  41  35  99  1  3  0  31215  12207  6  1  19  0  0  3  15  0  800  4  12  0  0  1255  0  0  837  21  1  0  225  582  2  404  73  1  3  22363  85225  498  4518  524  34  1032  11  0  27  6287  29  2090  65  6  0  174  13  177311  5  0  0  0  0  0  0  5  396  45  10  590  1  
0  0  0  0  0  0  0  0  0  0  0  0  0  0  0  0  0  0  0  0  0  0  0  0  0  0  0  0  0  0  0  0  0  0  0  0  0  0  0  0  0  0  0  0  0  0  0  0  0  0  0  0  0  0  0  0  0  0  0  0  0  0  0  0  0  0  0  0  0  0  0  0  0  0  4  0  0  64504  0  7  3  1  14  1  0  95  0  8  3  0  831  180  4  0  0  0  8  4  40826  0  6  7428  27  1  0  0  1956  5314  0  43433  0  3  0  5  49523  0  0  8  2688  0  5  1025  8273  5  0  348  10  85  14704  914  0  46  1  0  215  39  0  42  305  2  67510  719  69  0  39  1  18797  514  0  0  0  0  0  0  41  1339  133  91  2942  2  
0  0  0  0  0  0  0  0  0  0  0  0  0  0  0  0  0  0  0  0  0  0  0  0  0  0  0  0  0  0  0  0  0  0  0  0  0  0  0  0  0  0  0  0  0  0  0  0  0  0  0  0  0  0  0  0  0  0  0  0  0  0  0  0  0  0  0  0  0  0  0  0  0  0  0  0  9508  0  0  0  31  69  459  23  0  0  0  0  0  84  10  1  1  7826  0  0  3  0  13785  9  0  215  6  116314  0  0  0  0  0  0  0  0  0  0  24  0  0  5  96  4094  0  11  13  0  1  0  0  43  11  183169  1  19  1  0  0  1  0  0  298  266  26071  0  59  0  11640  0  39  0  0  0  0  0  0  0  0  149  0  1  42  0  
0  0  0  0  0  0  0  0  0  0  0  0  0  0  0  0  0  0  0  0  0  0  0  0  0  0  0  0  0  0  0  0  0  0  0  0  0  0  0  0  0  0  0  0  0  0  0  0  0  0  0  0  0  0  0  0  0  0  0  0  0  0  0  0  0  0  0  0  0  0  0  0  0  0  0  0  16075  28165  0  0  12  184  13  0  0  8  0  0  8  176  2  2  0  0  0  0  0  2  3  8209  180  0  4066  5  0  0  0  0  0  1  0  0  0  0  466  0  0  0  138700  3983  0  13  922  0  0  15  1  11  5  291  0  0  0  0  0  0  0  1  4  6  142089  90  39  0  9  0  14  0  0  0  0  0  0  0  1  2  0  2  28  0  
0  0  0  0  0  0  0  0  0  0  0  0  0  0  0  0  0  0  0  0  0  0  0  0  0  0  0  0  0  0  0  0  0  0  0  0  0  0  0  0  0  0  0  0  0  0  0  0  0  0  0  0  0  0  0  0  0  0  0  0  0  0  0  0  0  0  0  0  0  0  0  0  0  0  0  0  15580  24775  1  0  21  1738  55  0  0  6640  0  437  16787  18218  14  12  0  0  0  0  1  0  0  11  2  3692  0  5  0  0  0  0  0  4  0  0  0  0  75  0  0  0  136459  426  0  57  201  0  0  819  1  236  2  38  0  0  0  0  0  4  0  3  4  58  1017  72218  62347  0  8  0  6  0  0  0  0  0  0  0  2  73  0  24  267  2  
0  0  133  0  0  0  0  0  215  24  2241  0  0  0  0  2  0  0  0  6  0  84  0  0  0  0  3  0  0  25402  0  0  0  0  0  0  0  0  0  0  0  0  0  266  0  37  0  0  0  0  0  0  0  0  0  0  0  0  0  0  0  0  0  0  56  16  0  0  0  0  299  0  0  0  0  0  11878  0  0  0  55  313  5317  7487  3273  0  0  0  0  23  6  1  0  13516  0  938  3  0  29  1  129415  9  2  0  0  0  0  0  0  0  0  0  0  0  17  0  0  120  28  29798  0  8  3  0  0  1  0  12  2  46669  0  3  0  0  0  0  0  0  73626  849  93  0  32  0  74448  0  61  0  0  0  0  0  0  0  0  53  4  0  30  0  
0  0  0  0  0  16  0  0  0  0  0  0  0  0  0  0  0  0  0  0  0  0  0  3246  0  0  0  0  0  0  3237  356  0  0  0  0  0  0  0  0  0  0  0  0  0  0  0  0  0  0  0  0  0  0  0  0  0  0  0  0  0  0  668  1  0  0  0  0  0  108  0  0  0  0  4712  0  0  0  0  1940  0  0  0  0  0  0  0  0  0  8444  0  0  0  0  1  0  182  27863  0  0  0  0  0  0  0  16167  0  0  0  0  0  0  0  0  0  0  0  0  0  0  0  0  0  0  0  0  0  0  0  0  0  0  0  0  0  0  67837  1413  0  1  0  0  0  47346  0  0  0  0  1  0  0  1  0  0  41  661  1084  154  13508  4118  
0  0  0  0  0  361  0  0  0  0  0  0  0  0  0  0  0  2  0  0  0  0  0  0  0  0  0  0  0  0  57  5469  0  0  0  0  0  0  0  0  0  0  0  0  0  0  0  0  0  0  0  0  0  0  0  0  0  0  0  0  0  0  4  0  0  879  0  0  0  214  0  0  0  0  0  0  0  0  0  8348  0  0  0  0  0  0  0  0  0  0  0  0  0  0  1  0  130  288  0  0  0  0  0  0  17234  0  0  0  0  0  0  0  0  0  0  0  0  0  0  0  0  0  0  0  0  0  0  0  0  0  0  0  0  0  2  0  8233  4  0  9576  0  0  0  2338  0  0  0  0  35  0  1  136  27  96  36  15229  1638  146  6749  6883  
0  0  0  0  0  0  0  0  0  0  0  0  0  0  0  0  0  0  0  0  0  0  0  0  0  0  0  0  0  0  0  0  0  0  0  0  0  0  0  0  0  0  0  0  0  0  0  0  0  0  0  0  0  0  0  0  0  0  0  0  0  0  0  0  0  0  0  0  0  0  0  0  0  0  0  0  0  896  0  0  0  0  0  0  0  22  0  0  0  0  104  5  0  0  0  0  0  0  1  2326  0  0  0  0  0  0  0  17958  9313  1212  2  0  0  0  14148  0  7  0  0  0  0  30347  46  11  0  0  0  0  0  0  0  0  0  1  0  0  0  0  0  0  0  0  0  0  0  1  8910  42503  0  0  0  0  0  0  7  0  10  29  11  0  
0  0  0  0  0  0  0  0  0  0  0  0  0  0  0  0  0  0  0  0  0  0  0  0  0  0  0  0  0  0  0  0  0  0  0  0  0  0  0  0  0  0  0  0  0  0  0  0  0  0  0  0  0  0  0  0  0  0  0  0  0  0  0  0  0  0  0  0  0  0  0  0  0  0  0  0  0  800  0  0  0  0  0  0  0  468  3  0  0  0  3  2  0  0  0  0  0  570  1  6097  0  0  0  0  0  0  17202  0  55882  57630  2  3264  0  0  20  0  18036  0  0  0  7  21805  63  1005  0  0  0  0  0  0  0  0  0  18  0  0  0  0  0  0  0  0  0  0  0  97  85152  23580  0  0  0  0  0  0  0  0  2  0  0  0  
0  0  0  0  0  0  0  0  0  0  0  0  0  0  0  0  0  0  0  0  0  0  0  0  0  0  0  0  0  0  0  0  0  0  0  0  0  0  0  0  0  0  0  0  0  0  0  0  0  0  0  0  0  0  0  0  0  0  0  0  0  0  0  0  0  0  0  0  0  0  0  0  0  0  0  0  0  2  0  0  0  0  0  0  0  220  2  0  0  0  9014  2522  0  0  1  0  26043  1261  9  0  0  0  0  0  0  0  8623  54188  0  6  157  410  0  0  2  0  33141  0  0  0  19  56237  90  8030  0  0  0  0  0  0  0  0  0  509  17  0  1  1  0  0  0  0  0  0  0  2436  48241  51  0  0  0  0  0  0  15092  0  471  0  0  0  
0  0  0  0  0  0  0  0  0  0  0  0  0  0  0  0  0  0  0  0  0  0  0  0  0  0  0  0  0  0  0  0  0  0  0  0  0  0  0  0  0  0  0  0  0  0  0  0  0  0  0  0  0  0  0  0  0  0  0  0  0  0  0  0  0  0  0  0  0  0  0  0  0  0  0  0  0  28  0  1  0  0  2  0  0  2  0  1  0  0  26  9  1  0  0  0  0  0  1865  55271  1  1  0  0  0  0  1022  50053  2  0  0  0  0  0  35188  0  1  0  6  0  1  4851  137  25  1  22  2  0  7  82  0  6  0  1  138  3  0  2  44  1  623  15  1  0  5  0  9420  21451  0  0  0  0  0  0  318  60  741  295  230  0  
0  0  0  0  0  0  0  0  0  0  0  0  0  0  0  0  0  0  0  0  0  0  0  0  0  0  0  0  0  0  0  0  0  0  0  0  0  0  0  0  0  0  0  0  0  0  0  0  0  0  0  0  0  0  0  0  0  0  0  0  0  0  0  0  0  0  0  0  0  0  0  0  0  0  0  6462  0  0  0  0  0  0  0  0  0  0  0  0  0  0  0  0  24  0  1149  0  931  0  21  0  0  0  0  0  0  0  0  7  404  1  0  49516  0  0  2  0  14643  1  0  0  0  368  0  54963  9  0  0  0  0  0  10  0  7216  63982  639  0  0  0  0  0  0  0  0  0  0  159279  3234  0  0  0  0  0  0  0  98  0  3  0  0  0  
0  0  0  0  0  0  0  0  0  0  0  0  0  0  0  0  0  0  0  0  0  0  0  0  0  0  0  0  0  0  0  0  0  0  0  0  0  0  0  0  0  0  0  0  0  0  0  0  0  0  0  0  0  0  0  0  0  0  0  0  0  0  0  0  0  0  0  0  0  0  0  0  0  0  0  271  0  0  0  0  0  0  0  0  0  0  0  0  0  0  0  0  5  0  52  1  0  0  73  0  0  0  0  0  0  0  1  6562  1844  2  35892  0  0  0  0  0  24854  0  0  0  0  299  0  9262  1  0  0  0  0  1  3  1  962  14982  261  0  0  0  0  0  0  0  0  0  0  148344  124668  1  0  0  0  0  0  0  15  0  99  0  0  0  
0  0  0  0  0  0  0  0  0  0  0  0  0  0  0  0  0  0  0  0  0  0  0  0  0  0  0  0  0  0  0  0  0  0  0  0  0  0  0  0  0  0  0  0  0  0  0  0  0  0  0  0  0  0  0  0  0  0  0  0  0  0  0  0  0  0  0  0  0  0  0  0  0  0  293  0  0  0  22  4  0  0  0  0  0  402  17480  23378  1  0  0  12  0  0  0  0  0  4954  0  0  0  0  0  0  0  0  0  0  0  0  0  0  0  18388  3  0  0  0  8  0  10866  2  23862  0  0  1279  231  0  0  0  0  0  0  0  0  2833  1  5554  0  1  3  28  0  0  0  0  5  0  0  0  0  0  0  0  0  17  0  0  38  0  
0  0  0  0  0  0  0  0  0  0  0  0  0  0  0  0  0  0  0  0  0  0  0  0  0  0  0  0  0  0  0  0  0  0  0  0  0  0  0  0  0  0  0  0  0  0  0  0  0  0  0  0  0  0  0  0  0  0  0  0  0  0  0  0  0  0  0  0  0  0  0  0  0  0  88  0  0  2  2  1  0  0  0  0  0  17345  8  12295  1  0  3  14  0  0  0  0  0  165  1  1  0  0  4  0  0  0  0  0  0  0  0  0  9200  0  5  0  0  0  2  0  120  6  14906  0  0  584  58  0  0  0  0  0  0  0  0  622  0  331  0  0  1  20  1  0  0  0  3  0  0  0  0  0  0  0  0  8  0  0  7  0  
0  0  0  0  0  0  0  0  0  0  0  0  0  0  0  0  0  0  0  0  0  0  0  0  0  0  0  0  0  0  0  0  0  0  0  0  0  0  0  0  0  0  0  0  0  0  0  0  0  0  0  0  0  0  0  0  0  0  0  0  0  0  0  0  0  0  0  0  0  0  0  0  0  0  6  0  1  34598  1  4  13  9  42  2  0  198  0  10  16  0  15584  539  13  2  0  22  24  0  837  46390  17  416  477  11  0  0  13721  37  1  59218  1  0  0  5  0  0  1  111  12701  2  15  63930  29929  19  2  544  17  224  603  2139  5  142  7  0  1181  24  0  26  947  32  22693  1069  2365  0  141  3  7410  14622  0  0  0  0  0  0  919  3747  2990  9834  35244  14  
0  0  0  0  0  0  0  0  0  0  108  0  0  0  0  0  0  0  0  0  0  214  0  0  0  0  0  0  0  0  0  0  0  0  0  0  0  0  0  0  0  3  0  4  0  0  0  0  0  0  0  0  0  0  0  0  0  0  0  0  0  0  0  0  0  0  0  0  0  0  0  0  0  0  0  28637  0  0  0  0  0  0  0  0  36161  0  0  0  0  0  0  0  42406  20911  65  51158  0  0  3  0  0  0  0  0  0  0  0  0  0  0  0  0  0  0  0  0  0  31934  0  0  0  0  0  0  45500  0  0  0  0  0  28860  1439  115  2  69  0  0  0  6  0  0  0  0  0  0  0  3  0  0  0  0  0  0  0  0  0  0  0  0  0  
0  0  0  0  0  0  0  0  0  0  0  0  0  0  0  0  0  0  0  0  0  0  0  0  0  0  0  0  0  0  0  0  0  0  0  0  0  0  0  0  0  0  0  0  0  0  0  0  0  0  0  0  0  0  0  0  0  0  0  0  0  0  0  0  0  0  0  0  0  0  0  0  0  0  0  0  0  0  0  0  0  0  0  0  0  0  0  0  0  0  2  1  1  0  1  0  38916  1073  3  0  0  0  0  0  0  0  1  22595  39709  4  21095  17145  0  0  0  0  0  0  0  0  8  1942  0  19763  0  0  0  0  0  0  0  0  0  150  32  0  0  0  0  0  0  0  0  0  0  9549  4121  3  0  0  0  0  0  0  2838  0  2253  1  0  0  
0  0  0  0  0  0  0  0  0  0  24  0  0  0  0  0  0  0  0  0  1  92  0  0  0  0  0  0  0  2  0  0  0  0  0  0  0  0  0  0  0  0  0  13  0  0  0  0  0  0  0  0  0  0  0  0  0  0  0  0  0  0  0  0  0  1  0  0  0  0  0  0  0  0  0  215  2  1  0  0  48  229  1424  18326  82402  1  0  1  0  0  14  3  2545  4121  86  121433  20223  0  405  7  17  2  2  492  0  0  0  0  0  0  0  2  0  0  242  31355  0  0  18  19  0  24  154  0  20260  17  0  0  14  879  14837  8347  2904  45  4217  4  0  2  65840  514  56  14  14  0  947  10  585  0  0  0  0  0  0  0  0  66  7132  109  60  0  
0  0  3  0  0  0  0  0  0  0  0  0  0  0  0  0  0  0  0  0  0  0  0  0  0  0  0  0  0  0  0  0  0  0  0  0  0  0  0  0  0  0  0  0  0  0  0  0  0  0  0  0  0  0  0  0  0  0  0  0  0  0  0  0  0  0  0  0  0  0  0  0  0  0  52  0  35872  33419  23  11  408  12555  1824  36  0  246  0  79  1920  10786  2326  854  0  0  0  0  38  70  84  2600  70  143676  153019  69  0  0  0  0  0  81  0  0  3  21  7260  0  0  9  0  30941  84  3013  23207  0  1  3806  120  5495  68  1264  0  11  1  0  1  472  0  485  88  955  135077  24206  59535  0  311  0  398  0  0  0  0  0  0  0  202  3881  9  650  10470  8  
0  0  720  0  0  0  8  71  102  0  0  0  0  0  0  995  0  0  0  0  0  0  0  0  0  0  0  0  0  90  0  0  0  0  0  0  0  0  0  0  0  0  0  0  0  193  0  0  0  0  0  0  0  0  0  0  0  0  0  0  0  0  0  0  0  15  0  0  0  0  51  0  0  0  0  0  40741  0  0  0  1987  30489  17384  35  0  0  0  0  5  9611  1  2  1  1  0  0  1  0  8  0  10891  4617  714  40429  0  0  0  0  0  0  0  0  0  0  6  0  0  15  31726  0  0  3  4  0  0  1  2  1760  1  29843  0  0  0  0  1  0  0  0  56  921  8196  1  671  0  41520  0  9  0  0  0  0  0  0  0  0  28  2  0  26  0  
0  0  0  0  0  0  0  0  0  0  0  0  0  0  0  0  0  0  0  0  0  0  0  0  0  0  0  0  0  0  0  0  0  0  0  0  0  0  0  0  0  0  0  0  0  0  0  0  0  0  0  0  0  0  0  0  0  0  0  0  0  0  0  0  0  0  0  0  0  0  0  0  0  0  15941  0  0  0  615  115  6  0  0  0  0  48  8655  147  8  14  24  25847  0  0  0  0  3786  72410  0  0  0  0  1  0  0  0  0  8  13  5  0  0  11396  104  38  0  15  0  19  0  0  960  13020  0  0  6138  3406  39  0  0  0  0  0  0  0  797  5538  17626  1  2  2  68  1  0  0  0  2  6  0  0  0  0  0  0  867  1001  4  119  49127  0  
0  0  0  0  0  0  0  0  0  0  0  0  0  0  0  0  0  0  0  0  0  0  0  0  0  0  0  0  0  0  0  0  0  0  0  0  0  0  0  0  0  0  0  0  0  0  0  0  0  0  0  0  0  0  0  0  0  0  0  0  0  0  0  0  0  0  0  0  0  0  0  0  0  0  1  0  0  28  1  1  5  0  0  1  0  128  0  9  8  1  36041  10644  0  0  4  0  473  5  43  117  0  6  12  0  0  0  20702  23592  68672  2653  524  41  1  7  27467  0  3295  2  340  2  317  0  2562  3443  1  346  21  33  49  116  1  11  0  413  14  1  1  1  49  1  951  102  883  0  4  916  109106  17600  0  0  0  0  0  0  10233  284  1137  7180  30270  1  
0  0  0  0  0  0  0  0  0  0  0  0  0  0  0  0  0  0  0  0  0  0  0  0  0  0  0  0  0  0  0  0  0  0  0  0  0  0  0  0  0  0  0  0  0  0  0  0  0  0  0  0  0  0  0  0  0  0  0  0  0  0  0  0  0  0  0  0  0  0  0  0  0  0  847  0  0  24789  484  168  39  3  5  0  0  35126  37  7175  77  1  25092  61669  5  2  0  1  939  1969  274  6565  2  1269  333  0  0  0  30  57  31  262  0  0  14654  13896  20495  0  2  19  19208  1  11467  12416  0  0  3  28552  2183  1570  94  851  3  35  3  0  7  2045  6  4282  189  12  2642  36796  744  0  16  0  1220  18  0  0  0  0  0  0  4672  948  133  314  5343  1  
0  0  0  0  0  0  0  0  0  0  0  0  0  0  0  0  0  0  0  0  0  0  0  0  0  0  0  0  0  0  0  0  0  0  0  0  0  0  0  0  0  0  0  0  0  0  0  0  0  0  0  0  0  0  0  0  0  0  0  0  0  0  0  0  0  0  0  0  0  0  0  0  0  0  0  6  0  0  0  0  0  0  0  0  0  0  0  0  0  0  19  1  0  0  41191  0  18320  0  39  0  0  0  0  0  0  0  1  1097  5990  4  52068  9753  0  0  7  0  18007  1  0  0  0  2620  0  0  0  0  0  0  0  0  0  0  14  64760  14577  0  0  0  1  0  0  0  0  0  0  25300  17513  2  0  0  0  0  0  0  16556  0  19453  0  0  0  
0  0  0  0  0  0  0  0  0  0  0  0  0  0  0  0  0  0  0  0  0  0  0  0  0  0  0  0  0  0  0  0  0  0  0  0  0  0  0  0  0  0  0  0  0  0  0  0  0  0  0  0  0  0  0  0  0  0  0  0  0  0  0  0  0  0  0  0  0  0  0  0  0  0  0  22538  0  0  0  0  0  0  1  0  2  0  0  0  0  0  0  0  5695  7  16599  39524  0  0  2239  2  1  1  0  0  0  0  0  0  0  0  1  0  0  0  9  36409  0  6841  0  0  0  1  10  0  0  2  0  0  8  18  6961  133  9050  124  24877  0  0  2  39  0  0  3  0  0  2  4  1969  0  0  0  0  0  0  0  0  1  0  0  0  0  
0  0  0  0  0  0  0  0  0  0  0  0  0  0  0  0  0  0  0  0  0  0  0  0  0  0  0  0  0  0  0  0  0  0  0  0  0  0  0  0  0  0  0  0  0  0  0  0  0  0  0  0  0  0  0  0  0  0  0  0  0  0  0  0  0  0  0  0  0  0  0  0  0  0  6961  0  0  7  1566  822  819  4  1  0  0  13569  14  49962  123797  6  683  771  1  0  0  0  30  1324  66  242  0  8  1903  0  0  0  0  0  0  74  0  0  143  1860  611  0  0  4  1494  0  3554  1286  25557  0  0  0  95009  15136  26  237  2  8  1  0  4  18586  136  7369  48  148  620  59389  39  0  4  0  371  2  0  0  0  0  0  0  195  22725  14  36  5329  0  
0  0  0  0  0  0  0  0  0  0  0  0  0  0  0  0  0  0  0  0  0  0  0  0  0  0  0  0  0  0  0  0  0  0  0  0  0  0  0  0  0  0  0  0  0  0  0  0  0  0  0  0  0  0  0  0  0  0  0  0  0  0  0  0  0  0  0  0  0  0  0  0  0  0  21568  0  0  0  86978  28762  1257  4  1  0  0  174  1  151  121540  8050  9  77  0  0  0  0  1  238  0  0  0  0  4  0  0  0  0  0  0  1  0  0  3  76  5  0  0  1  22  1  1314  38  253  0  0  99967  0  126587  0  1  0  0  0  0  0  4192  254  384  0  3287  26  268  8  0  1  0  1  0  0  0  0  0  0  0  5  40745  0  2  8619  0  
0  0  0  0  0  0  0  0  0  0  0  0  0  0  0  0  0  0  0  0  0  0  0  0  0  0  0  0  0  0  0  0  0  0  0  0  0  0  0  0  0  0  0  0  0  0  0  0  0  0  0  0  0  0  0  0  0  0  0  0  0  0  0  0  0  0  0  0  0  0  0  0  0  0  196  0  11  0  833  42176  80363  15279  96  6  0  2  0  1  69963  182947  27  11  0  0  0  0  1  2  5  2  21  8  66  14  0  0  0  0  0  1  0  0  0  0  47  0  0  2  2726  147  5  68  73  0  0  14474  96759  0  4  422  0  0  0  0  0  1  7  110  7  6491  557  16429  30598  0  34  0  2  0  0  0  0  0  0  0  8  4050  0  26  448  0  
0  0  0  0  0  0  0  0  0  0  0  0  0  0  0  0  0  0  0  0  0  0  0  0  0  0  0  0  0  0  0  0  0  0  0  0  0  0  0  0  0  0  0  0  0  0  0  0  0  0  0  0  0  0  0  0  0  0  0  0  0  0  0  0  0  0  0  0  0  0  0  0  0  0  0  1  0  5  0  0  0  0  30  3  0  3  0  0  0  0  55  6  75  10  0  2  1  4  28327  19105  10  5  1  8  0  0  0  0  0  79  0  0  0  0  450  0  0  30  11  0  0  149  178  0  5  15  0  5  0  12092  11  583  3  1  6  2  0  8  840  18  11438  27  3  0  86  0  3736  0  0  0  0  0  0  0  1  786  6  10  815  1  
0  0  0  0  0  0  0  0  0  0  0  0  0  0  0  0  0  0  0  0  0  0  0  0  0  0  0  0  0  0  0  0  0  0  0  0  0  0  0  0  0  0  0  0  0  0  0  0  0  0  0  0  0  0  0  0  0  0  0  0  0  0  0  0  0  0  0  0  0  0  0  0  0  0  5  2  1327  20  2  3  281  1581  9529  407  0  19  1  22  3  842  564  139  9968  14724  2  30  29  16  94348  956  188129  313  123  41747  0  0  0  0  0  9  0  0  0  0  2143  0  0  215  1660  8552  7  806  2929  0  62  321  11  537  13075  0  67  24847  72  2  97  56  0  92  32574  6420  56583  259  1790  0  40967  1  20054  0  0  0  0  0  0  0  19  6687  21  86  3402  1  
0  0  0  0  0  0  0  0  0  0  0  0  0  0  0  0  0  0  0  0  0  0  0  0  0  0  0  0  0  0  0  0  0  0  0  0  0  0  0  0  0  0  0  0  0  0  0  0  0  0  0  0  0  0  0  0  0  0  0  0  0  0  0  0  0  0  0  0  0  0  0  0  0  0  0  626  0  0  0  0  0  0  0  0  266  0  0  0  0  0  0  0  135677  1551  330  7529  3  0  305  0  0  0  0  0  0  0  0  0  0  0  3  1  0  0  17  28137  0  8771  0  0  0  2  8  0  15955  1  0  0  3  11  0  14820  14730  306  2257  0  0  0  260  0  0  1  0  0  0  2  5828  0  0  0  0  0  0  0  0  0  20  0  1  0  
0  0  0  0  0  0  0  0  0  0  0  0  0  0  0  0  0  0  0  0  0  0  0  0  0  0  0  0  0  0  0  0  0  0  0  0  0  0  0  0  0  0  0  0  0  0  0  0  0  0  0  0  0  0  0  0  0  0  0  0  0  0  0  0  0  0  0  0  0  0  0  0  0  0  3  7  0  5  0  0  0  0  5  1  12452  5  0  6  0  0  127  24  89902  86910  16  1305  3  8  4788  24  9  12  1  3  0  0  0  1  0  2  0  0  1  2  496  2106  0  20349  22  0  3  96  1018  0  316  93  2  4  370  20766  14997  0  617  6  666  18  0  32  57928  1  7  94  3  0  33  3  15012  0  0  0  0  0  0  0  5  133  15  8  286  2  
0  0  0  0  0  0  0  0  0  0  0  0  0  0  0  0  0  0  0  0  0  0  0  0  0  0  0  0  0  0  0  0  0  0  0  0  0  0  0  0  0  0  0  0  0  0  0  0  0  0  0  0  0  0  0  0  0  0  0  0  0  0  0  0  0  0  0  0  0  0  0  0  0  0  0  27518  0  0  0  0  0  0  0  0  0  0  0  0  0  0  0  1  35400  1  2704  534  0  0  1162  1  0  2  0  0  0  0  0  0  0  0  8201  1714  0  0  17  25  0  1341  0  0  0  2  15  0  12291  1  0  0  4  25  14965  321  0  6937  18193  0  0  1  55  0  0  2  0  0  0  24181  39325  0  0  0  0  0  0  0  0  2  5  0  3  0  
0  0  0  0  0  0  0  0  0  0  0  0  0  0  0  0  0  0  0  0  0  0  0  0  0  0  0  0  0  0  0  0  0  0  0  0  0  0  0  0  0  0  0  0  0  0  0  0  0  0  0  0  0  0  0  0  0  0  0  0  0  0  0  0  0  0  0  0  0  0  0  0  0  0  0  43104  0  0  0  0  0  0  0  0  0  0  0  0  0  0  0  0  870  0  56006  88  7  0  103  0  0  0  0  0  0  0  0  56  326  4  72865  17143  0  0  2  2  181  32  0  0  0  189  0  53639  1292  0  0  0  0  1  2484  18  9872  0  28267  0  0  0  0  0  0  0  0  0  0  36380  20230  0  0  0  0  0  0  0  8  0  3520  0  1  0  
0  0  0  0  0  0  0  0  0  0  0  0  0  0  0  0  0  0  0  0  0  0  0  0  0  0  0  0  0  0  0  0  0  0  0  0  0  0  0  0  0  0  0  0  0  0  0  0  0  0  0  0  0  0  0  0  0  0  0  0  0  0  0  0  0  0  0  0  0  0  0  0  0  0  0  4582  0  3  0  0  0  0  0  0  12  0  0  0  0  0  3  0  1973  49  138848  98925  49618  0  1545  65  0  1  0  0  0  0  0  0  2  11  545  216  0  0  3567  88  3  2957  2  0  0  69  61  17206  36964  10  0  0  8  111  6793  473  23881  18329  0  2  0  5  135  0  2  6  3  0  0  870  13912  0  0  0  0  0  0  0  32  13  44506  23  27  1  
0  0  0  0  0  0  0  0  0  0  0  0  0  0  0  0  0  0  0  0  0  0  0  0  0  0  0  0  0  0  0  0  0  0  0  0  0  0  0  0  0  0  0  0  0  0  0  0  0  0  0  0  0  0  0  0  0  0  0  0  0  0  0  0  0  0  0  0  0  0  0  0  0  0  3480  0  0  0  7  11  0  0  0  0  0  335  8119  30124  11475  0  0  1  0  0  0  0  0  58176  2  9  0  0  0  0  0  0  0  0  0  0  0  0  2709  805  6  0  0  0  25  0  820  2  1336  0  0  16050  2752  1  0  2  0  0  0  0  0  0  53  23499  0  0  3  58  0  0  0  0  2  0  0  0  0  0  0  0  0  14  0  1  193  0  
0  0  0  0  0  0  0  0  0  0  0  0  0  0  0  0  0  0  0  0  0  0  0  375  0  0  0  0  0  0  36  33  0  0  0  0  0  0  0  0  0  0  0  0  0  0  0  0  0  0  0  0  0  0  0  0  0  0  0  0  0  0  65  0  0  0  0  0  0  2  0  0  0  0  7628  0  0  0  272  5597  0  0  0  0  0  0  0  0  0  145  5  77  0  0  1  0  7287  97825  0  0  0  0  0  0  66569  6430  0  0  1  0  0  0  0  2  0  0  0  0  3  0  2982  3  4  0  0  262  160  33  0  0  0  0  0  0  0  178  0  26388  0  0  0  2  0  22477  0  0  0  0  0  0  0  0  0  0  431  632  1024  2132  49658  9709  
0  0  0  0  0  0  0  0  0  0  0  0  0  0  0  0  0  0  0  0  0  0  0  0  0  0  0  0  0  0  0  0  0  0  0  0  0  0  0  0  0  0  0  0  0  0  0  0  0  0  0  0  0  0  0  0  0  0  0  0  0  0  0  0  0  0  0  0  0  0  0  0  0  0  19505  0  0  1  964  6200  2  0  0  0  0  288  684  8750  8  496  14  77  0  0  0  0  2  173742  3  10  0  0  2  0  521  1  0  0  3  3  0  0  6406  1018  8  0  4  0  65  0  12286  11  2070  0  0  10369  842  209  1  3  0  0  0  0  0  50982  36096  0  1  0  22  132  0  3265  0  0  16  0  0  0  0  0  0  0  14  8969  1  2  11554  0  
0  0  0  0  0  0  0  0  0  1  28  0  0  0  0  0  0  0  0  0  0  4  0  0  0  0  0  0  0  37  0  0  0  0  0  0  0  0  0  0  0  0  0  2  0  0  0  0  0  0  0  0  0  0  0  0  0  0  0  0  0  0  0  0  0  0  0  0  0  0  0  0  0  0  3  14  3  10  1  0  47  256  420  6886  53473  2  0  10  0  0  191  49  1807  60067  21  2245  11  9  2427  17  339  11  3  71870  0  0  0  0  0  4  0  0  0  3  698  20  0  68203  49  22  1  148  1488  0  376  147  4  9  182  26968  3791  48571  453  1  606  23  0  39  0  592  48  139  12  0  18651  0  1489  0  0  0  0  0  0  0  4  338  23  13  455  0  
15  0  0  0  6  2300  8  14  1649  12528  0  0  0  0  1  0  0  0  0  0  0  0  0  8  0  0  0  0  0  21  3  618  0  0  0  0  0  0  0  1  3  0  0  13  1  0  0  8  2  0  0  9  1  0  0  0  0  0  0  0  0  0  0  6  0  26045  2  0  0  68  3  0  0  0  1  0  5  0  40  48423  32101  43947  61697  38443  0  0  0  1  248  38  13  2  0  0  0  15  1044  0  80  1  14  5  92  868  2  6983  0  0  0  1  0  0  0  1  81  0  0  623  540  287  0  37  24  0  0  40  6841  3702  6  1033  0  7  0  0  0  0  2  1  829  0  339  62  2201  1  1232  0  82  0  0  460  15  225  75  86  0  6142  513  144  284  1  
0  0  0  0  0  0  0  0  0  0  0  0  0  0  0  0  0  0  0  0  0  0  0  0  0  0  0  0  0  0  0  0  0  0  0  0  0  0  0  0  0  0  0  0  0  0  0  0  0  0  0  0  0  0  0  0  0  0  0  0  0  0  0  0  0  0  0  0  0  0  0  0  0  0  15  0  2934  901  5  8  310  2947  5885  81  0  146  0  23  26  401  599  211  0  0  0  0  17  22  2080  88441  26095  125031  238  213  0  0  0  0  0  918  0  0  1  6  13627  0  0  27  115444  10675  18  929  10367  0  0  1687  32  422  10835  61845  0  13  1  0  8  156  0  145  313  2521  0  1029  4076  0  1166  0  1083  1  0  0  0  0  0  0  55  4363  38  723  11448  8  
0  0  0  0  0  0  0  0  0  0  0  0  0  0  0  0  0  0  0  0  0  0  0  0  0  0  0  0  0  0  0  0  0  0  0  0  0  0  0  0  0  0  0  0  0  0  0  0  0  0  0  0  0  0  0  0  0  0  0  0  0  0  0  0  0  0  0  0  0  0  0  0  0  0  76  0  0  43471  211  244  677  16  2  0  0  42421  1  234  26918  10  1118  728  1  1  0  0  64  90  33  334  0  55  72937  0  0  0  0  0  1  33  0  0  3  680  330  0  0  2  28600  2  126  1397  37960  0  0  60145  1278  26141  13  75  0  2  0  0  2  287  2  397  11  168  587  0  1563  0  2  0  156  3  0  0  0  0  0  0  365  12411  5  14  3095  1  
0  0  0  0  0  0  0  0  0  0  0  0  0  0  0  0  0  0  0  0  0  0  0  0  0  0  0  0  0  0  0  0  0  0  0  0  0  0  0  0  0  0  0  0  0  0  0  0  0  0  0  0  0  0  0  0  0  0  0  0  0  0  0  0  0  0  0  0  0  0  0  0  0  0  0  0  64  1  0  33  1632  10426  422  12  0  0  0  1  43314  38454  1239  45  0  0  0  0  3  0  17  18  85  46  62512  53  0  0  0  0  0  5  0  0  0  0  1339  0  0  3  59073  513  0  2674  317  0  0  25  3  28707  16  1766  0  0  0  0  0  1  0  0  37  3318  3914  5187  0  0  121  0  25  0  0  0  0  0  0  0  7  2697  0  550  6283  9  
0  0  0  0  3  22  0  0  0  0  0  0  0  0  0  0  0  0  0  0  0  0  0  156  0  0  0  0  0  0  682  12  0  0  0  0  0  0  0  0  0  0  0  0  0  0  0  0  0  0  0  0  0  0  0  0  0  0  0  0  0  0  66  0  0  0  0  0  0  112  0  0  0  0  5075  0  0  0  4  21555  0  0  0  0  0  0  0  0  0  18415  0  0  0  0  0  0  1  7670  0  0  0  0  0  0  44993  2374  0  0  0  0  0  0  0  0  0  0  0  0  0  0  0  0  0  0  0  0  1  0  0  0  0  0  0  0  0  0  19973  8361  0  2  0  0  0  0  0  0  0  0  0  0  0  0  0  0  0  1470  0  1  975  97  
0  0  45  0  0  0  2  3  3842  93  202  0  0  0  0  48  0  0  0  0  0  14  0  0  0  0  0  0  0  6051  0  0  0  0  0  0  0  0  0  0  0  0  0  18  0  62  0  0  0  0  0  0  0  0  0  0  0  0  0  0  0  0  0  0  9  424  0  0  0  0  481  0  0  0  0  0  130  1  0  0  257  916  44539  239  3  0  0  1  2  53  21  5  1  2095  0  4  11  0  136  3  14203  22  13  64490  0  0  0  0  0  1  0  0  0  0  104  0  0  47  379  26816  0  37  60  0  0  6  0  43  17  54287  0  23  0  0  1  2  0  2  14985  1297  1446  2  119  0  0  0  230  0  0  0  0  0  0  0  0  307  3  2  149  0  
0  0  0  0  0  0  0  0  0  0  0  0  0  0  0  0  0  0  0  0  0  0  0  0  0  0  0  0  0  0  0  0  0  0  0  0  0  0  0  0  0  0  0  0  0  0  0  0  0  0  0  0  0  0  0  0  0  0  0  0  0  0  0  0  0  0  0  0  0  0  0  0  0  0  0  4029  0  0  0  0  0  0  0  0  0  0  0  0  0  0  1  0  58  0  366  2  0  0  50  0  0  0  0  0  0  0  1  51  3290  2  160943  161567  0  0  1  1  10522  0  0  0  0  1132  0  31458  18  0  0  0  0  0  42  1  24922  37923  1959  0  0  0  1  0  0  0  0  0  0  0  11278  1  0  0  0  0  0  0  80  0  37  0  0  0  
0  0  0  0  0  0  0  0  0  0  0  0  0  0  0  0  0  0  0  0  0  0  0  0  0  0  0  0  0  0  0  0  0  0  0  0  0  0  0  0  0  0  0  0  0  0  0  0  0  0  0  0  0  0  0  0  0  0  0  0  0  0  0  0  0  0  0  0  0  0  0  0  0  0  2  537  1  61  2  0  1  8  88  4  0  21  0  11  0  1  290  53  53480  15  303  369  5  14  178815  38009  20  112  2  11  0  0  7456  95178  45278  31597  1778  142837  0  1  26196  8  6040  1583  137  0  2  110295  2118  30489  1912  178  4  12  2979  14427  3341  18453  38982  29644  48096  48  0  64  3226  35  651  289  29  0  136  12755  0  5904  0  0  0  0  0  0  482  907  4226  231  1897  2  
0  0  0  0  0  0  0  0  0  0  0  0  0  0  0  0  0  0  0  0  0  0  0  0  0  0  0  0  0  0  0  0  0  0  0  0  0  0  0  0  0  0  0  0  0  0  0  0  0  0  0  0  0  0  0  0  0  0  0  0  0  0  0  0  0  0  0  0  0  0  0  0  0  0  0  0  0  74  0  0  0  0  0  0  0  0  0  0  0  0  1  1  0  0  0  0  0  0  1  179  0  0  0  0  0  0  33842  24001  25  20449  0  0  0  0  10048  0  2  1  0  0  1  29071  1  4  0  0  0  0  0  0  0  0  0  0  1  0  0  0  0  0  0  0  0  0  0  0  5391  0  0  0  0  0  0  0  203  0  54  335  23  0  
0  0  0  0  0  99  0  0  1  0  0  1  5  1  0  0  17528  12869  0  0  0  0  47100  27  0  14  0  0  0  0  1  155  0  2  21584  35  103  10  0  0  81  0  56121  0  0  0  15  37255  2  406  0  0  0  0  11  1  0  0  14  29  1  0  5112  0  2  6  5  0  0  60  0  254  1822  76  0  0  0  0  0  0  0  0  0  0  0  0  0  0  0  0  0  0  0  0  0  0  0  0  0  0  0  0  0  0  0  18  0  0  0  0  0  0  0  0  0  0  0  0  0  0  0  0  0  0  0  0  0  0  0  0  0  0  0  0  0  0  0  0  0  0  0  0  0  0  0  0  0  0  0  8  196187  8944  40491  118  0  1  0  0  0  0  
555  0  0  0  46  345  2581  4265  6991  12  0  1  0  33  451  617  1  7  0  0  0  0  0  65  0  0  19  1033  8468  54  0  38  0  0  0  0  0  0  0  1  6  0  0  0  12068  171  2  6  45  0  0  3169  16  4851  0  43  0  0  0  0  0  17  1  80  2  12282  128  6124  20232  11  311  0  0  0  0  0  0  0  0  1  10  21  3  0  0  0  0  0  0  0  0  0  0  0  0  0  0  0  0  0  0  0  0  0  0  2  0  0  0  0  0  0  0  0  0  0  0  0  0  0  0  0  0  0  0  0  0  0  0  0  0  0  0  0  0  0  0  0  0  94  0  0  0  0  0  0  0  0  97  0  133  10856  29339  42010  0  0  0  0  0  0  
0  22  0  0  0  17  0  0  13  1560  1  0  0  0  0  0  30  72  3  70  779  563  75861  0  3  39  1  1  0  2  0  24  14  14  333  84  59  90  0  1  6392  0  7435  7554  3  0  0  2629  6  16386  2  0  0  0  42  3  52  169  71  4242  33900  0  33  0  40  11  23  1  0  9  3  43  470  140  0  0  0  0  0  0  0  0  0  0  0  0  0  0  0  0  0  0  0  0  0  0  1  0  0  0  0  0  0  0  0  5  0  0  0  0  0  0  0  0  0  0  0  0  0  0  0  0  0  0  0  0  0  0  0  0  0  0  0  0  0  0  0  0  0  3  0  0  0  0  0  0  0  0  107059  4  0  17637  1332  27  0  0  4  56  0  0  
5  1  0  1  0  1339  10  14  42  43  0  0  0  3  4  0  5  132  1  0  12  24  1115  1  1  39  1  1708  290  4  0  1516  64  6  0  109  0  0  0  3  536  0  0  40  7625  16  0  14147  46  0  0  50  0  21  19  3  3  1  1  0  28  1  164  0  11  222  3497  317  469  502  26  0  126  504  0  0  0  0  0  6  0  0  0  0  0  0  0  0  0  0  0  0  0  0  1  0  0  0  0  0  0  0  0  0  0  65  0  0  0  0  0  0  0  0  0  0  0  0  0  0  0  0  0  0  0  0  0  0  0  0  0  0  0  0  0  0  0  0  0  144  0  0  0  0  0  0  0  0  5270  19530  23004  0  22506  50551  0  6  5  271  0  1  
7445  0  0  3  248  1719  451  19  95  5  0  11  6  611  640  23  45640  85029  0  0  0  0  1013  8861  0  40  4  1409  37  8  268  12124  60  2  7  64  1  0  201  112  1485  0  0  3  9428  16  30646  81825  42807  0  0  13028  199  1584  43  16  0  1  0  1  0  564  36306  12116  14  181  6789  6122  535  2504  33  0  115  184  0  0  0  0  0  0  0  0  0  0  0  0  0  0  0  0  0  0  0  0  0  0  0  0  0  0  0  0  0  0  0  3  0  0  0  0  0  0  0  0  0  0  0  0  0  0  0  0  0  0  0  0  0  0  0  0  0  0  0  0  0  0  0  0  0  4  0  0  0  0  0  0  0  0  15449  16946  870  11421  0  233801  0  0  0  0  0  0  
654  0  0  2  10  10612  41  10  9  0  0  1  0  17  31  6  256  133  0  0  0  0  8  412  0  11  1  353  85  0  1  5937  1  0  0  4  0  0  0  2  306  0  0  0  5396  4  8  4015  50  0  0  402  16  93  6  3  1  0  0  0  1  23  30181  613  2  898  1277  1371  537  6753  4  0  18  34  0  0  0  0  0  20  0  0  0  0  0  0  0  0  0  0  0  0  0  0  0  0  0  0  0  0  0  0  0  0  0  48  0  0  0  0  0  0  0  0  0  0  0  0  0  0  0  0  0  0  0  0  0  0  0  0  0  0  0  0  0  0  0  0  0  38  0  0  0  0  0  0  0  0  1249  42317  1559  43740  431330  0  0  1  1  0  0  0  
0  0  0  0  0  0  0  0  0  0  0  0  0  0  0  0  0  0  0  0  0  0  0  0  0  0  0  0  0  0  0  0  0  0  0  0  0  0  0  0  0  0  0  0  0  0  0  0  0  0  0  0  0  0  0  0  0  0  0  0  0  0  0  0  0  0  0  0  0  0  0  0  0  0  0  0  0  0  0  0  0  0  0  0  0  3  0  0  0  0  13237  13018  0  0  25  0  86443  596  1  0  0  0  0  0  107  95  3  0  26449  136  705  1  0  0  256  0  6640  0  7  0  1294  34105  605  22146  0  16  1  4  0  3  0  0  0  9  17  0  298  1  0  0  0  29  0  0  0  169  88  40  0  0  0  0  0  0  0  88  211162  16782  14637  331  
0  0  0  0  0  6  0  0  0  0  0  0  0  0  0  0  0  0  0  0  0  0  0  0  0  0  0  0  0  0  0  96  0  0  0  0  0  0  0  0  0  0  0  0  0  0  0  0  0  0  0  0  0  0  0  0  0  0  0  0  0  0  1  0  0  31  0  0  0  2  0  0  0  0  7038  0  1  0  4696  18510  924  94  50  1  0  109  2  69  638  42  319  79  1  0  0  0  6  681  74  97  14  9  305  4  1414  8129  0  0  0  16  0  0  3  35  1380  0  0  1  6469  2  624  2357  128  0  0  12400  11350  5321  90  519  0  1  0  0  0  65  1194  1820  35  3501  4567  5454  7890  2156  33  0  81  2  1  0  1  15  4  14  35  0  46  38414  162608  45002  
0  0  0  0  0  0  0  0  5  6  0  0  0  0  0  0  0  0  0  0  0  0  2  0  0  0  0  0  0  1  0  1  0  0  0  0  0  0  0  0  0  0  0  0  0  0  0  0  0  0  0  0  0  0  0  0  0  0  0  0  0  0  0  0  0  3  0  0  0  0  0  0  0  0  0  1  0  1  0  2  3  17  145  4343  0  0  0  1  0  0  8  17  4  0  1336  1905  54219  2  35  81  1  0  0  25  450  929  0  0  193  222  4  20  0  1  4820  0  1185  8176  6  3  2  4965  100  20580  1  11  0  0  2  189  11  15  22  786  40520  10  396  5  75  120  13  14  3  1  67  24  1052  90  1  0  0  8  0  0  111369  248  0  18778  197  872  
0  0  0  0  0  0  0  0  0  4  0  0  0  0  0  0  0  0  0  0  1  3  15  0  0  0  0  0  0  0  0  4  0  0  0  0  0  0  0  0  0  0  0  5  0  0  0  0  0  0  0  0  0  0  0  0  0  0  0  0  0  0  0  0  0  5  0  0  0  0  0  0  0  0  0  0  0  3  0  6  0  0  7  32  0  0  0  0  1  0  8  54  1  0  135  14  1571  9  31  33  1  1  2  0  141  442  2  0  0  116  0  0  0  0  6404  0  0  22  311  0  26  10136  56  0  0  4  0  3  35  233  0  5  0  0  35  1  238  1  38  40  1349  4  120  3  11  0  89  89  0  1  19  138  0  0  6552  72071  13772  0  56386  68718  
0  0  0  0  0  0  0  0  0  0  0  0  0  0  0  0  0  0  0  0  0  0  0  0  0  0  0  0  0  0  0  0  0  0  0  0  0  0  0  0  0  0  0  0  0  0  0  0  0  0  0  0  0  0  0  0  0  0  0  0  0  0  0  0  0  0  0  0  0  0  0  0  0  0  22744  0  0  8  2195  2531  185  13  12  1  0  408  1  218  219  24  6992  13239  2  0  0  0  16033  23933  134  284  3  18  207  0  12120  5300  0  0  0  178  0  0  0  159  6012  0  0  2  6173  0  31100  37117  6604  1  0  12125  3636  2827  191  420  0  8  0  0  3  272  46030  2055  98  48  4934  6046  2910  818  24  0  492  99  0  0  0  0  0  1  13849  116089  451  29527  0  177895  
0  0  0  0  0  0  0  0  0  0  0  0  0  0  0  0  0  0  0  0  0  0  0  0  0  0  0  0  0  0  0  5  0  0  0  0  0  0  0  0  0  0  0  0  0  0  0  0  0  0  0  0  0  0  0  0  0  0  0  0  0  0  0  0  0  0  0  0  0  0  0  0  0  0  0  0  0  0  0  622  0  0  0  0  0  0  0  0  0  0  0  4  0  0  0  0  3533  41  0  0  0  0  0  0  6945  7887  0  0  0  0  0  0  0  0  13  0  0  0  4  0  18  12  0  0  0  0  0  1  0  1  0  0  0  0  0  0  20775  0  0  4  1  0  1  264  0  0  0  2  0  0  0  3  0  3  650  138804  926  123945  374701  0  
