0  0  0  0  60724  5364  0  0  1  0  0  1  0  307  17964  1880  0  6  0  0  0  0  0  69610  0  0  1  0  0  0  14465  2  0  0  0  0  0  0  32  0  0  0  0  0  6  0  6466  0  5007  0  0  11021  31685  323  0  0  0  0  0  0  0  24736  123  5269  0  24  0  3  0  12079  0  0  0  0  0  0  0  0  0  0  0  0  0  0  0  0  0  0  0  8  0  0  0  0  0  0  0  0  0  0  0  0  0  0  3  0  0  0  0  0  0  0  0  0  0  0  0  0  0  0  0  0  0  0  0  0  0  0  0  0  0  0  0  0  0  0  0  0  0  2  0  0  0  2  0  0  0  0  0  4294  0  23  22362  690  0  1  0  0  0  0  
0  0  0  0  0  0  0  0  0  0  5  0  0  0  0  0  0  0  73630  79  65094  10935  0  0  0  0  0  0  0  0  0  0  0  0  0  0  6  130  0  0  0  44142  1  140  0  0  0  0  1  4  33977  0  0  0  0  0  15737  593  27320  958  17740  0  0  0  29  0  0  0  0  0  0  351  360  0  0  0  0  0  0  0  0  0  0  0  0  0  0  0  0  0  0  0  0  0  2  0  0  0  0  0  0  0  0  0  0  0  0  0  0  0  0  0  0  0  0  0  0  0  0  0  0  0  0  0  1  0  0  0  0  0  0  0  0  0  0  0  0  0  0  0  0  0  0  0  0  0  0  0  0  0  1  3  0  0  0  0  0  0  0  0  
0  0  0  0  0  0  0  178  1  0  0  0  0  0  0  41687  0  0  0  0  0  0  0  0  0  0  18567  24669  24953  11855  0  0  0  0  0  0  0  0  0  0  0  0  0  0  45942  33045  0  1  0  0  0  0  0  3  0  2  0  0  0  0  0  0  0  0  1  0  22917  0  633  0  1  0  0  0  0  0  49  0  0  0  0  3  0  0  0  0  0  0  0  48  0  0  0  0  0  0  0  0  0  0  0  0  0  75  0  0  0  0  0  0  0  0  0  0  0  0  0  0  0  49  0  0  0  0  0  0  0  0  0  0  0  0  0  0  0  0  0  0  0  0  0  0  0  0  2  0  0  0  0  1  0  3  5  0  0  0  0  0  0  0  
1  0  0  0  0  2  0  1  9  7  0  44547  0  28  1  0  10  0  2  2  0  0  0  0  29  61686  2  23832  20389  7  0  0  1754  463  1  78  0  0  0  6  1362  0  0  2  18806  0  4  407  50177  0  0  60  0  0  389  201  0  1  0  0  0  0  0  0  47  3  5558  29661  1  0  79  0  37  265  0  0  0  0  0  0  0  0  0  0  0  0  0  0  0  0  0  0  0  0  0  0  0  0  0  0  0  0  0  0  0  0  0  0  0  0  0  0  0  0  0  0  0  0  0  0  0  0  0  0  0  0  0  0  0  0  0  0  0  0  0  0  0  0  0  0  0  0  0  0  0  0  0  0  0  3  24  17  137  0  0  0  0  0  0  0  
43378  0  0  0  0  4775  0  0  0  0  0  0  0  0  15918  29096  0  0  0  0  0  0  0  1799  0  0  0  0  0  0  10387  1  0  0  0  0  0  0  0  0  0  0  0  0  0  0  319  0  270  0  0  29  24064  87  0  0  0  0  0  0  0  15  5  1731  0  7  0  0  0  1320  0  0  0  0  0  0  0  0  7  3  0  0  0  0  0  0  0  0  0  31  0  0  0  0  0  0  0  0  0  0  0  0  0  0  1  0  0  0  0  0  0  0  0  0  0  0  0  0  0  0  0  0  0  0  0  0  0  0  0  0  0  0  0  0  0  0  0  0  0  0  0  0  0  2  0  0  0  0  0  128  0  4  2146  253  0  0  0  0  0  0  
12658  0  0  0  15000  0  29500  20  1632  774  0  1  0  3  14469  72605  0  2  0  0  0  0  0  11626  0  0  0  0  2  55  105  10463  0  0  0  0  0  0  2  0  4  0  0  54  1  0  857  0  646  0  0  338  12883  35492  0  2  0  0  0  0  0  20  515  3570  2  34037  4  1  6  46418  1  0  0  0  0  0  0  0  2  3144  919  1  0  0  0  0  0  0  0  153  0  0  0  0  0  0  0  0  0  0  0  0  0  0  25  423  0  0  0  0  0  0  0  0  0  0  0  0  0  0  0  0  0  0  0  0  0  0  0  0  0  0  0  0  0  0  0  0  0  1531  0  0  0  29  0  0  0  0  0  47257  0  297  23772  4326  0  118  0  0  1  0  
2  0  0  0  11  31055  0  34882  10603  2150  0  0  0  0  197  99476  0  0  0  0  0  0  0  0  0  0  0  1  3  97  0  1  0  0  0  0  0  0  0  0  9  0  0  89  22  61  0  0  5  0  0  19  34  47859  0  8  0  0  0  0  0  0  0  1  7  26642  9  20  872  0  3  0  2  0  0  0  0  0  0  56  509  1083  38  0  0  0  0  0  0  220  0  0  0  0  0  0  0  0  0  0  0  0  0  0  0  0  0  0  0  0  0  0  0  0  0  0  0  0  0  1  0  0  0  0  0  0  0  0  0  0  0  0  0  0  0  0  0  0  0  83  0  0  0  0  0  0  0  0  0  30738  0  14  46  2  0  1  0  0  0  0  
0  0  24  0  0  508  52521  0  35224  824  0  0  0  0  1  25164  3  0  0  0  0  0  0  0  1  1  19  207  5565  54  0  0  0  0  0  0  0  0  0  0  20  0  0  33  33651  26386  0  30  277  0  0  12  4  24522  0  40  0  0  0  0  0  0  0  0  11  19719  400  128  34085  0  165  0  7  0  0  0  0  0  0  0  18  3364  1013  0  0  0  0  0  0  212  0  0  0  0  0  0  0  0  0  0  0  0  0  0  0  0  0  0  0  0  0  0  0  0  0  0  0  0  0  48  0  0  0  0  0  0  0  0  0  0  0  0  0  0  0  0  0  0  0  3  0  0  0  0  1  0  0  0  0  4664  0  1920  3760  227  0  0  0  0  0  0  
2  0  0  5  0  2310  5867  15810  0  25117  2  2  0  1  0  21  20  0  3  7  0  4  0  0  203  13  30  231  35  14241  0  2  1  0  0  1  0  0  0  1  632  0  0  1857  392  16932  2  111  256  0  0  30  2  23  2  900  5  11  0  0  0  1  0  1  2017  41099  1046  60  56  0  35778  0  93  0  0  0  0  0  0  0  1  180  1659  10  0  0  0  0  0  1  0  0  0  0  0  3  0  0  0  0  0  0  0  39  0  0  0  0  0  0  0  0  0  0  0  0  0  1  0  93  0  0  0  0  0  0  0  0  0  0  0  0  0  0  0  0  0  0  0  21  0  0  0  0  121  0  0  0  0  572  0  456  766  3  0  0  0  0  0  0  
0  0  0  4  0  1154  842  46  10513  0  0  0  0  0  0  8  2  0  1  29  0  32  3720  0  31  13  34  179  30  7998  0  2  1  0  0  0  0  0  0  0  188  0  0  32824  343  14  1  76  106  0  0  11  0  11  0  200  4  31  0  0  0  0  0  0  876  99909  700  34  23  0  287  0  52  0  0  0  0  0  0  0  0  0  211  24  0  0  0  0  0  0  0  0  0  0  0  3  2  0  1  0  0  0  0  8  0  0  0  0  0  0  0  0  0  0  90  0  0  1  2  2  0  5  12  0  0  0  0  0  0  10  0  0  0  0  0  0  0  0  1  7193  1  0  0  0  10  0  4  0  0  328  3722  7064  991  10  0  24  51  2082  229  0  
0  18  0  0  0  0  0  0  3  1  0  0  0  0  0  0  0  0  259  57827  1  6755  0  0  0  0  1167  0  0  4834  0  0  0  0  0  0  0  0  0  0  0  10846  0  83146  0  0  0  0  0  0  13  0  0  0  0  0  85  7214  0  0  83  0  0  0  60591  0  0  0  0  0  3  0  1  0  0  0  0  0  0  0  0  0  3  1  1087  0  0  0  0  0  0  0  0  1188  0  52  0  0  0  0  0  0  0  546  0  0  0  0  0  0  0  0  0  0  0  0  0  3  0  0  0  0  0  0  0  0  0  0  0  0  0  0  0  0  0  0  0  0  8  0  0  0  0  0  13  0  0  0  0  0  0  0  0  0  0  0  0  0  0  0  
14  0  0  49004  0  0  0  0  4  3  0  0  545  28648  28  0  28  285  0  0  0  0  1  67  3  614  1  558  175  2  0  0  299  239  289  10  0  0  25  33565  627  0  0  0  3565  0  18  1149  51294  0  0  22252  7  7  25  63  1  0  0  0  0  2  0  6  23  0  1384  50978  1  0  21  0  52  0  0  0  0  0  0  0  0  0  0  0  0  0  0  0  0  0  0  0  0  0  0  0  0  0  0  0  0  0  0  0  0  0  0  0  0  0  0  0  0  0  0  0  0  0  0  0  0  0  0  0  0  0  0  0  0  0  0  0  0  0  0  0  0  0  0  0  0  0  0  0  0  0  0  0  1  40  220  89  140  1  0  0  0  0  0  0  
1  0  0  0  0  0  0  0  0  0  0  158  0  4347  0  0  0  35  0  0  0  0  0  29699  0  0  0  0  0  0  0  0  0  0  63  0  0  0  20886  52  0  0  1  0  0  0  7881  8  21  0  0  0  0  0  0  0  0  0  0  0  0  415  0  77  0  0  0  0  0  0  0  0  0  0  0  0  0  0  0  0  0  0  0  0  0  0  0  0  0  0  0  0  0  0  0  0  0  0  0  0  0  0  0  0  0  0  0  0  0  0  0  0  0  0  0  0  0  0  0  0  0  0  0  0  0  0  0  0  0  0  0  0  0  0  0  0  0  0  0  0  0  0  0  0  0  0  0  0  0  0  0  0  0  0  0  0  0  0  0  0  
512  0  0  0  16  34  0  0  0  0  0  25921  5225  0  5683  2  0  25  0  0  0  0  0  5992  0  0  0  0  0  0  0  0  0  0  0  0  0  0  18885  24628  15  0  0  0  0  0  188  2  17339  0  0  33893  45  11  0  1  0  0  0  0  0  19622  1  1482  2  0  0  97  0  0  0  0  0  0  0  0  0  0  0  0  0  0  0  0  0  0  0  0  0  0  0  0  0  0  0  0  0  0  0  0  0  0  0  0  0  0  0  0  0  0  0  0  0  0  0  0  0  0  0  0  0  0  0  0  0  0  0  0  0  0  0  0  0  0  0  0  0  0  0  0  0  0  0  0  0  0  0  0  0  60  1  1  466  13  0  0  0  0  0  0  
28847  0  0  0  19715  4766  160  1  0  0  0  62  0  10202  0  35632  0  0  0  0  0  0  0  6665  3  1  0  17  1674  0  0  1  0  0  0  0  0  0  2  1  2  0  0  0  4496  1  19  0  85  0  0  177237  162247  98981  1  23  0  0  0  0  0  32538  0  74  3  1  120  71666  9174  30  0  0  8  0  0  0  0  0  0  0  0  0  0  0  0  0  0  0  0  0  0  0  0  0  0  0  0  0  0  0  0  0  0  0  0  0  0  0  0  0  0  0  0  0  0  0  0  0  0  0  0  0  0  0  0  0  0  0  0  0  0  0  0  0  0  0  0  0  0  0  0  0  0  0  0  0  0  0  0  5884  0  2  487  21  0  0  0  0  0  0  
7126  0  36609  0  51048  81412  69007  39343  10  0  0  0  0  0  48840  0  0  0  0  0  0  0  0  2522  0  0  0  5  22510  19  5329  1625  0  0  0  0  0  0  0  0  0  0  0  0  13324  7111  6  0  7  0  0  36  2962  197815  0  0  0  0  0  0  0  1  9  2120  0  2167  3  44  52612  15210  0  0  0  0  0  0  228  0  29  160  104  372  1  0  0  0  0  0  0  3700  0  0  0  0  0  0  0  0  0  0  0  0  0  1  0  78  0  0  0  0  0  0  0  0  0  0  0  0  0  124  0  0  0  0  0  0  0  0  0  0  0  0  0  0  0  0  0  0  0  164  0  0  0  1  0  0  0  0  0  2558  0  11  699  471  0  50  0  0  0  0  
0  0  0  122  0  0  0  0  6  2  0  213  1  0  9  0  0  39527  0  0  0  0  11144  3  168  19  11  53  7  42  0  1  16  0  17374  0  0  0  0  0  7076  0  2671  0  840  2  7  61646  21655  0  0  1  0  26  1  1125  0  1  0  0  0  0  3846  0  21  0  1591  62  23  0  331  0  126  0  0  0  0  0  0  0  0  0  0  0  0  0  0  0  0  0  0  0  0  0  0  0  0  0  0  0  0  0  0  0  0  0  0  0  0  0  0  0  0  0  0  0  0  0  0  0  0  0  0  0  0  0  0  0  0  0  0  0  0  0  0  0  0  0  0  0  0  0  0  0  0  0  0  0  16029  26  4  23  45527  234  0  0  0  0  0  0  
14  0  0  0  1  19  0  0  0  0  0  622  53  42  14  0  31501  0  0  0  0  0  5557  8610  0  0  0  1  0  0  1  90  1  8  1029  0  0  0  42  1  0  0  2  0  16  0  41449  4046  46919  0  0  132  141  39  0  1  0  0  0  0  0  0  18251  1  0  0  6  2  0  0  0  0  0  0  0  0  0  0  0  0  0  0  0  0  0  0  0  0  0  0  0  0  0  0  0  0  0  0  0  0  0  0  0  0  0  0  0  0  0  0  0  0  0  0  0  0  0  0  0  0  0  0  0  0  0  0  0  0  0  0  0  0  0  0  0  0  0  0  0  0  0  0  0  0  0  0  0  0  10995  77  25  48  71460  930  0  0  0  0  0  0  
0  70861  0  0  0  0  0  0  0  0  132  0  0  0  0  0  0  0  0  2913  2297  1147  0  0  21449  0  0  0  0  0  0  0  0  0  0  0  0  19  0  0  0  34550  2  1316  0  0  0  2  0  28  465  0  0  0  3  12  144021  81767  41520  24  1750  0  0  0  4261  0  0  1  0  0  1  3  53344  0  0  0  0  0  0  0  0  0  0  0  0  0  0  0  0  0  0  0  0  0  0  0  0  0  0  0  0  0  0  0  0  0  0  0  0  0  0  0  0  0  0  0  0  0  0  0  0  0  0  0  0  0  0  0  0  0  0  0  0  0  0  0  0  0  0  0  0  0  0  0  0  0  0  0  0  0  2  0  0  0  0  0  0  0  0  0  
0  128  0  0  0  0  0  0  0  0  71908  0  0  0  0  0  0  0  2587  0  0  6084  0  0  425  0  15622  0  0  290  0  0  0  0  0  0  0  0  0  0  0  18528  0  4116  0  0  0  0  0  0  122  0  0  0  0  10457  156  53599  0  0  342  0  0  0  32103  0  1  0  0  0  336  0  37  0  0  0  0  0  0  0  0  0  0  0  8  0  0  0  0  0  0  0  0  24  0  0  0  0  0  0  0  0  0  0  0  0  0  0  0  0  0  0  0  0  0  0  0  0  0  0  0  0  0  0  0  0  0  0  0  0  0  0  0  0  0  0  0  0  0  0  0  0  0  0  0  0  0  0  0  0  0  0  1  0  0  0  0  0  0  0  
0  49731  0  0  0  0  0  0  0  0  0  0  0  0  0  0  0  0  1787  0  0  72  763  0  0  0  0  0  0  0  0  0  0  19  78  0  3687  23  0  0  0  16  254  43  0  0  0  16  0  33271  16743  0  0  0  0  0  2533  37  32933  65431  102703  0  0  0  0  0  0  0  0  0  0  8965  187  0  0  0  0  0  0  0  0  0  0  0  0  0  0  0  0  0  0  0  0  0  4  1  0  0  0  0  0  0  0  0  0  0  0  0  0  0  1  0  0  0  0  0  0  0  0  0  0  0  0  0  8  0  0  0  0  0  0  0  0  0  0  0  0  0  0  0  0  0  0  0  0  0  0  0  0  0  171  55  0  0  0  0  0  0  0  0  
0  6948  0  0  0  0  0  0  3  186  10682  0  0  0  0  0  0  0  2679  3305  109  0  9456  0  0  0  0  0  0  251  0  0  0  0  0  0  0  0  0  0  0  138493  0  134807  0  0  0  0  0  0  39671  0  0  0  0  0  5220  17557  4  0  103913  0  0  0  3937  0  0  0  0  0  2  1  2  0  0  0  0  0  0  0  0  0  1  0  37  0  0  0  0  0  0  0  0  0  5  337  0  0  0  0  0  0  0  0  0  0  0  0  0  0  0  0  0  0  0  8  0  30  0  0  0  0  0  0  13  0  0  0  0  0  0  0  0  0  7  0  0  0  0  0  0  0  0  0  0  0  0  0  0  0  190  23  0  0  0  0  0  0  0  0  
0  0  0  0  0  0  0  0  0  4250  0  17  0  0  0  0  18011  12573  0  1  1114  6216  0  3  0  0  0  0  0  1  0  5  0  8  23793  1  67  21  0  0  2  1  42904  10030  0  0  0  4669  1  26130  0  0  0  0  0  2  1  1  20  11  51308  0  4226  0  10  25  1  3  0  0  1  79  77  0  0  0  0  0  0  0  0  0  0  0  0  0  0  0  0  0  0  0  0  0  0  0  0  0  0  0  0  0  0  0  0  0  0  0  0  0  0  0  0  0  0  0  0  0  0  0  0  0  0  0  0  0  0  0  0  0  0  0  0  0  0  0  0  0  0  0  0  0  0  0  0  0  0  0  45221  0  50727  1367  20  2  0  0  0  5  0  0  
70928  0  0  0  78  2578  0  0  0  0  0  22  33978  6518  6185  206  0  8321  0  0  0  0  8  0  0  0  0  0  0  0  32236  81  0  4  655  0  0  0  14972  26  0  0  23  0  0  0  55305  847  402  0  0  106  25  1  0  0  0  0  0  0  0  42105  83457  151140  0  8  0  2  0  18804  0  0  0  0  0  0  0  0  0  0  0  0  0  0  0  0  0  0  0  6  0  0  0  0  0  0  0  1  0  0  0  0  0  0  187  0  0  0  0  0  0  0  0  0  0  0  0  0  0  0  0  0  0  0  0  0  0  0  0  0  0  0  0  0  0  0  0  0  0  2  0  0  0  1  0  0  0  0  9  413  0  34  23150  1712  0  0  0  0  0  0  
3  0  0  36  0  0  0  0  76  16  0  5  0  2  7  0  43  0  17524  284  0  0  0  0  0  22652  2486  43  7  6  0  0  0  1  0  163  0  0  0  0  5277  0  0  12  376  2  3  96  783  0  0  73  2  13  47932  106486  564  16264  1  0  0  0  0  1  2103  3  3407  328  14  0  593  0  106961  0  0  0  0  0  0  0  0  0  0  0  0  0  0  0  0  0  0  0  0  0  0  0  0  0  0  0  0  0  0  0  0  0  0  0  0  0  0  0  0  0  0  0  0  0  0  0  0  0  0  0  0  0  0  0  0  0  0  0  0  0  0  0  0  0  0  0  0  0  0  0  0  0  0  0  0  12  12  28  156  2  0  0  0  0  0  0  
5  0  0  55393  0  6  7  0  85  37  0  519  0  46  2  0  16  0  3  3  0  0  0  0  22791  0  22  4961  21  44  0  0  394  12246  0  71329  0  32  1  7  60876  0  0  3  592  1  6  355  17926  0  0  183  3  3  67619  9544  1  5  2  0  0  2  0  1  98  7  100884  1902  13  0  364  0  14411  678  0  0  0  0  0  0  0  0  0  0  0  0  0  0  0  0  0  0  0  0  0  0  0  0  0  0  0  0  0  0  0  0  0  0  0  0  0  0  0  0  0  0  0  0  0  0  0  0  0  0  0  0  0  0  0  0  0  0  0  0  0  0  0  0  0  0  0  0  0  0  0  0  0  0  1  6  53  85  1432  1  0  0  0  0  0  0  
0  0  18018  20  0  6  4  71  150  95  699  1  0  0  0  0  17  0  1  12353  0  0  0  0  1796  48  0  50  35  190830  0  0  0  0  0  0  0  0  0  0  131  0  0  31  147  27951  0  48  47  0  0  1  0  5  1  95686  1  12  0  0  0  0  0  0  8494  17  45969  13  72  0  29242  0  13  0  0  0  0  0  0  0  0  0  0  0  0  0  0  0  0  0  0  0  0  0  0  0  0  0  0  0  5  0  0  129  0  0  0  0  0  0  0  0  0  0  0  0  0  0  0  0  0  0  0  0  0  0  0  0  0  0  0  0  0  0  0  0  0  0  0  0  0  0  0  0  7  0  0  0  0  118  0  221  466  9  0  0  0  0  0  0  
1  0  21931  33911  0  3  3  42  35  66  0  366  0  3  56  48  7  0  0  0  0  0  0  0  28  5036  5  0  792  5  0  0  2  0  0  2  0  0  3  0  22  0  0  7  201253  6238  2  72  797  0  0  20  0  113  0  39  0  0  0  0  0  1  0  0  12  68  122945  1246  243  0  19  0  4  0  0  0  0  0  0  0  0  0  0  0  0  0  0  0  0  0  0  0  0  0  0  0  0  0  0  0  0  0  0  0  0  0  0  0  0  0  0  0  0  0  0  0  0  0  0  0  0  0  0  0  0  0  0  0  0  0  0  0  0  0  0  0  0  0  0  0  0  0  0  0  0  0  0  0  0  245  3  1148  1482  23  0  0  0  0  0  0  
4  0  22669  25387  0  3  12  6578  74  50  0  381  0  7  1041  21141  1  0  0  0  0  0  0  0  13  16  0  1953  0  10  0  0  0  0  0  0  0  0  1  0  59  0  0  7  150476  232  0  7  528  0  0  647  1  364  4  104  1  1  0  0  0  2  0  0  24  16  647  111818  89175  0  12  0  45  0  0  0  0  0  0  0  0  0  0  0  0  0  0  0  0  0  0  0  0  0  0  0  0  0  0  0  0  0  0  0  0  0  0  0  0  0  0  0  0  0  0  0  0  0  0  0  0  0  0  0  0  0  0  0  0  0  0  0  0  0  0  0  0  0  0  0  0  0  0  0  0  0  0  0  0  902  0  906  2999  162  0  0  0  0  0  0  
0  0  13105  0  0  27  31  26  16607  6753  9223  0  0  0  0  70  11  0  2  443  0  303  0  0  17  2  195510  110  6  0  0  0  0  0  0  0  0  0  0  0  113  1  0  6403  125  52794  0  66  62  0  0  9  0  2  2  19285  7  10  0  0  0  0  0  0  76832  16  2828  17  8  0  109679  0  11  0  0  0  0  0  0  0  0  2  66  3  172  0  0  0  0  4  0  0  0  18  0  2  0  0  0  0  19  0  0  5208  0  0  0  0  0  0  0  0  0  0  0  0  0  0  0  74  0  0  0  0  0  0  0  0  0  0  0  0  0  0  0  0  0  0  54  1  0  0  0  0  328  0  0  0  0  51  1  205  313  1  0  0  0  0  0  0  
21374  0  0  0  7961  49  0  0  0  0  0  0  0  0  0  5049  0  1  0  0  0  0  0  33184  0  0  0  0  0  0  0  12311  0  0  0  0  0  0  0  0  0  0  0  0  0  0  0  0  0  0  0  0  0  0  0  0  0  0  0  0  0  0  64398  60  0  1  0  0  0  52483  0  0  0  0  3  0  0  0  6  277  0  0  0  0  0  0  0  0  0  190  0  0  0  0  0  0  0  29  0  0  0  0  0  0  2862  3139  0  0  0  0  0  0  0  0  0  0  0  0  0  0  0  0  0  0  0  0  0  0  0  0  0  0  0  0  0  0  5  0  0  0  0  0  0  1103  0  0  0  0  0  0  0  21  49  401  0  0  0  0  0  0  
0  0  0  0  0  7866  0  0  1  2  0  0  0  0  0  1930  1  355  0  0  0  0  34  79  0  0  0  0  0  0  16163  0  0  0  0  0  0  0  0  0  0  0  0  0  0  0  3  0  0  0  0  0  0  0  0  0  0  0  0  0  0  0  10937  99  0  23095  0  0  0  17977  0  0  0  0  0  0  0  0  0  1179  0  0  0  0  0  0  0  0  0  0  0  0  0  0  0  0  1  0  0  0  0  0  0  0  9  7817  0  0  0  0  0  0  0  0  0  0  0  0  0  0  0  0  0  0  0  0  0  0  0  0  0  0  0  0  0  0  2  0  0  2319  0  0  0  35  0  0  0  0  66  79  1  2331  628  3513  0  223  0  24  1  9  
0  0  0  2615  0  0  0  0  1  0  0  666  0  0  0  0  9  0  0  2  0  0  0  0  11  261  0  3  0  0  0  0  0  52108  13  443  0  0  0  0  15473  0  0  8  20  0  0  61722  105  0  0  0  0  0  0  67  9  5  0  0  0  0  0  0  121  0  8  168  0  0  3  0  47913  24446  0  0  0  0  0  0  0  0  0  0  0  0  0  0  0  0  0  0  0  0  0  0  0  0  0  0  0  0  0  0  0  0  0  0  0  0  0  0  0  0  0  0  0  0  0  0  0  0  0  0  0  0  0  0  0  0  0  0  0  0  0  0  0  0  0  0  0  0  0  0  0  0  0  0  1  0  45  1167  19  1  0  0  0  0  0  0  
0  0  0  982  0  0  0  0  6  1  0  328  0  3  0  0  1  1  3  3  6  0  7  5  65  12557  0  1  2  2  0  0  45736  0  39413  58376  1  22379  1  0  1005  0  20334  2  34  0  0  19550  38  2337  0  3  0  0  23  164  8  9  325  167  3  0  0  0  149  1  79  238  1  0  12  6243  96634  19810  0  0  0  0  0  0  0  0  0  0  0  0  0  0  0  0  0  0  0  0  0  0  0  0  0  0  0  0  0  0  0  0  0  0  0  0  0  0  0  0  0  0  0  0  0  0  0  0  0  0  0  0  0  0  0  0  0  0  0  0  0  0  0  0  0  0  0  0  0  0  0  0  0  0  0  1  119  258  11  0  0  0  0  0  0  0  
0  0  0  3  0  0  0  0  0  0  0  272  27  0  0  0  25940  1416  0  0  10  0  18957  329  0  0  0  0  0  0  0  0  3  39870  0  4  0  2446  0  0  2  0  34861  0  0  0  3  68123  0  1573  0  0  0  0  0  0  1  0  477  230  19  0  0  0  0  0  0  7  0  0  0  4096  3243  0  0  0  0  0  0  0  0  0  0  0  0  0  0  0  0  0  0  0  0  0  0  0  0  0  0  0  0  0  0  0  0  0  0  0  0  0  0  0  0  0  0  0  0  0  0  0  0  0  0  0  0  0  0  0  0  0  0  0  0  0  0  0  0  0  0  0  0  0  0  0  0  0  0  0  10501  0  30  0  17  1  0  0  0  0  0  0  
0  0  0  34  0  0  0  0  8  6  0  9  0  2  2  0  2  0  5  4  0  0  0  0  213  43739  0  1  4  4  0  0  745  65566  0  0  0  4  0  0  34738  0  1  1  149  0  0  432  88  0  0  10  0  2  2720  464  10  18  1  0  1  1  0  0  343  1  5444  264  7  0  31  1  39777  17143  0  0  0  0  0  0  0  0  0  0  0  0  0  0  0  0  0  0  0  0  0  0  0  0  0  0  0  0  0  0  0  0  0  0  0  0  0  0  0  0  0  0  0  0  0  0  0  0  0  0  0  0  0  0  0  0  0  0  0  0  0  0  0  0  0  0  0  0  0  0  0  0  0  0  8  0  218  511  27  1  0  0  0  0  0  0  
0  0  0  0  0  0  0  0  0  0  0  0  0  0  0  0  0  0  0  0  2852  0  33  0  0  0  0  0  0  0  0  0  0  3  5  0  0  20877  0  0  0  0  26984  0  0  0  0  2  0  41529  0  0  0  0  0  0  0  0  175  59839  21  0  0  0  0  0  0  0  0  0  0  136762  38  0  0  0  0  0  0  0  0  0  0  0  0  0  0  0  0  0  0  0  0  0  0  0  0  0  0  0  0  0  0  0  0  0  0  0  0  0  0  0  0  0  0  0  0  0  0  0  0  0  0  0  0  0  0  0  0  0  0  0  0  0  0  0  0  0  0  0  0  0  0  0  0  0  0  0  0  0  0  0  0  0  0  0  0  0  0  0  
0  124  0  0  0  0  0  0  0  0  0  0  0  0  0  0  0  0  36  0  369  0  18  0  1  41  0  0  0  0  0  0  2  23123  959  20  16419  0  0  0  29  0  12669  1  2  0  0  914  0  8309  0  0  0  0  2  1  5  16  32552  2021  126  0  0  0  2  0  1  1  0  0  0  166525  158290  0  0  0  0  0  0  0  0  0  0  0  0  0  0  0  0  0  0  0  0  0  0  0  0  0  0  0  0  0  0  0  0  0  0  0  0  0  0  0  0  0  0  0  0  0  0  0  0  0  0  0  0  0  0  0  0  0  0  0  0  0  0  0  0  0  0  0  0  0  0  0  0  0  0  0  2  1  55  8  0  0  0  0  0  0  0  0  
699  0  0  0  29  71  0  0  0  0  0  22  16741  20331  4  0  0  42  0  0  0  0  0  13547  0  0  0  0  0  0  0  0  0  0  0  0  0  0  0  69  0  0  0  0  2  0  20527  0  15927  0  0  345  43  7  0  2  0  0  0  0  0  1995  9  12978  1  0  0  5  0  1  0  0  0  0  0  0  0  0  0  0  0  0  0  0  0  0  0  0  0  0  0  0  0  0  0  0  0  0  0  0  0  0  0  0  0  0  0  0  0  0  0  0  0  0  0  0  0  0  0  0  0  0  0  0  0  0  0  0  0  0  0  0  0  0  0  0  0  0  0  0  0  0  0  0  0  0  0  0  0  42  0  0  124  8  0  0  0  0  0  0  
3  0  0  0  0  0  0  0  0  0  0  44515  80  29315  1  0  0  0  0  0  0  0  0  12  0  0  0  0  0  0  0  0  1  0  0  0  0  0  19  0  3  0  0  0  3  0  1  2  9172  0  0  591  0  1  0  0  0  0  0  0  0  1  0  17  0  0  0  81  0  0  0  0  0  0  0  0  0  0  0  0  0  0  0  0  0  0  0  0  0  0  0  0  0  0  0  0  0  0  0  0  0  0  0  0  0  0  0  0  0  0  0  0  0  0  0  0  0  0  0  0  0  0  0  0  0  0  0  0  0  0  0  0  0  0  0  0  0  0  0  0  0  0  0  0  0  0  0  0  0  0  2  0  6  0  0  0  0  0  0  0  
8  0  0  3095  0  36  18  3  629  211  0  244  0  66  12  0  4854  0  28  32  0  0  0  1  1882  44831  125  109  30  307  0  0  15853  2788  0  33647  0  1  1  16  0  0  0  40  874  4  9  45579  24489  0  0  236  3  33  2135  8948  85  119  5  0  9  1  0  1  2576  51  26295  1839  37  0  2876  2  18109  9568  0  0  0  0  0  0  0  0  0  0  0  0  0  0  0  0  0  0  0  0  0  0  0  0  0  0  0  0  0  0  0  0  0  0  0  0  0  0  0  0  0  0  0  0  0  0  0  0  0  0  0  0  0  0  0  0  0  0  0  0  0  0  0  0  0  7  0  0  0  0  0  0  0  0  20  71  1787  4562  15285  12  0  0  0  1  0  0  
0  46526  0  0  0  0  0  0  0  0  10890  0  0  0  0  0  0  0  40954  23537  1  124850  1  0  0  0  0  0  0  0  0  0  0  0  0  0  0  0  0  0  0  0  0  13422  0  0  0  0  0  0  4546  0  0  0  0  0  43936  4410  0  0  4266  0  0  0  239  0  0  0  0  0  0  0  6  0  0  0  0  0  0  0  0  0  0  0  0  0  0  0  0  0  0  0  0  4  0  1  0  0  0  0  0  0  0  0  0  0  0  0  0  0  0  0  0  0  0  0  0  0  0  0  0  0  0  0  0  0  0  0  0  0  0  0  0  0  0  0  0  0  0  0  0  0  0  0  0  0  0  0  0  0  0  0  0  0  0  0  0  0  0  0  
0  0  0  0  0  0  0  0  0  0  0  1  0  0  0  0  477  6  0  0  72  0  37666  18  0  0  0  0  0  0  0  0  0  19068  29757  4  33778  13610  0  0  6  0  0  0  0  0  0  3534  0  22530  0  0  0  0  0  0  0  0  167  138  541  0  0  0  0  0  0  0  0  0  0  33962  1845  0  0  0  0  0  0  0  0  0  0  0  0  0  0  0  0  0  0  0  0  0  0  0  0  0  0  0  0  0  0  0  0  0  0  0  0  0  0  0  0  0  0  0  0  0  0  0  0  0  0  0  0  0  0  0  0  0  0  0  0  0  0  0  0  0  0  0  0  0  0  0  0  0  0  0  12010  0  505  0  1  0  0  0  0  0  0  0  
0  204  0  1  0  27  21  4  1221  20408  90628  0  0  0  0  0  2  0  2261  5366  72  121810  9847  0  109  2  186  119  3  5645  0  0  0  0  0  1  0  0  0  0  122  15913  0  0  90  7  0  41  51  0  138  12  0  0  0  745  5656  15409  21  1  8809  0  0  0  76816  36  563  17  7  0  1309  1  589  0  0  0  0  0  0  0  0  0  1  0  10  0  0  0  0  0  0  0  0  5  0  23  0  0  0  0  0  0  0  1  0  0  0  0  0  0  0  0  0  0  0  0  0  3  0  0  0  0  0  0  0  0  0  0  0  0  0  0  0  0  0  0  0  0  0  1  0  0  0  0  0  0  0  0  0  41  1945  244  314  1  0  0  0  0  0  0  
24  0  34908  25659  1  28  18  17332  314  306  0  1163  0  32  4056  17217  145  0  1  4  0  0  0  0  97  633  113  208838  146544  50  0  0  10  1  0  0  0  0  5  1  147  0  0  49  0  39481  14  470  6687  0  0  306  7  4487  8  499  12  12  0  0  0  13  0  0  333  193  96354  74008  58650  0  161  0  113  0  0  0  0  0  0  0  0  0  0  0  0  0  0  0  0  0  0  0  0  0  0  0  0  0  0  0  0  0  0  0  0  0  0  0  0  0  0  0  0  0  0  0  0  0  0  0  0  0  0  0  0  0  0  0  0  0  0  0  0  0  0  0  0  0  0  0  0  0  0  0  0  0  0  0  0  4128  5  10052  18404  407  0  0  0  0  0  0  
0  0  33056  1  0  30  49  26556  19873  186  0  0  0  0  6  10011  2  0  0  3  0  0  0  0  10  2  38256  3836  1307  63501  0  0  0  0  0  0  0  0  0  0  69  0  0  28  37613  0  0  97  191  0  0  8  3  601  0  2849  1  15  0  0  0  0  0  0  140  80  35486  177  6166  0  30164  0  4  0  0  0  3  0  0  0  0  11  1  0  0  0  0  0  0  20  0  0  0  0  0  0  0  0  0  0  0  0  0  44  0  0  0  0  0  0  0  0  0  0  0  0  0  0  0  36  0  0  0  0  0  0  0  0  0  0  0  0  0  0  0  0  0  0  0  0  0  0  0  0  2  0  0  0  0  2173  0  1563  2111  62  0  0  0  0  0  0  
5349  0  0  0  624  647  0  0  0  0  0  58  5166  107  29  11  2  35416  0  0  0  0  5  57991  0  0  0  0  0  0  0  23  0  1  8  0  0  0  17845  0  0  0  0  0  1  0  0  1508  11822  0  0  209  1041  66  0  0  0  0  0  0  0  931  4022  22759  0  0  0  0  0  1  0  0  1  0  0  0  0  0  0  0  0  0  0  0  0  0  0  0  0  0  0  0  0  0  0  0  0  0  0  0  0  0  0  0  0  0  0  0  0  0  0  0  0  0  0  0  0  0  0  0  0  0  0  0  0  0  0  0  0  0  0  0  0  0  0  0  0  0  0  0  0  0  0  0  0  0  0  0  14  128  2  11  69606  31  0  0  0  0  0  0  
4  0  0  494  0  0  1  0  49  42  0  1106  4  7  4  0  57149  5921  1  0  35  0  5842  1101  99  193  17  102  7  43  0  6  41632  19938  69338  174  4  6891  0  3  25150  0  10636  7  745  4  1292  0  1282  3958  0  40  0  15  5  979  1  12  1526  672  15  0  26  1  109  3  4028  383  15  0  430  6647  98908  25  0  0  0  0  0  0  0  0  0  0  0  0  0  0  0  0  0  0  0  0  0  0  0  0  0  0  0  0  0  0  0  0  0  0  0  0  0  0  0  0  0  0  0  0  0  0  0  0  0  0  0  0  0  0  0  0  0  0  0  0  0  0  0  0  0  14  0  0  0  0  0  0  0  0  16406  24  1063  18075  103709  1291  0  0  0  0  0  0  
7495  0  0  42717  688  1406  6  20  48  24  0  44202  10  17969  598  77  19895  39831  4  6  0  0  3  562  441  12561  21  2193  1505  56  0  0  213  3  1  51  0  0  14949  3331  25664  0  0  5  16209  16  10770  2461  0  0  0  33336  5416  1670  286  2037  17  21  0  0  0  496  11  2055  640  25  9038  29926  1698  3  573  0  338  2  0  0  0  0  0  0  0  0  0  0  0  0  0  0  0  0  0  0  0  0  0  0  0  0  0  0  0  0  0  0  0  0  0  0  0  0  0  0  0  0  0  0  0  0  0  0  0  0  0  0  0  0  0  0  0  0  0  0  0  0  0  0  0  0  0  2  0  0  0  0  0  0  0  0  54  5097  333  446  91849  65  0  1  0  0  0  0  
0  53  0  0  0  0  0  0  0  0  0  0  0  0  0  0  0  0  22  0  31758  4  16975  0  0  0  0  0  0  0  0  0  0  1894  3587  2  45870  6211  0  0  6  0  35187  2  0  0  0  718  0  0  0  0  0  0  0  0  291  10  3150  29322  24174  0  0  0  0  0  0  0  0  0  0  77494  6419  0  0  0  0  0  0  0  0  0  0  0  0  0  0  0  0  0  0  0  0  0  0  0  0  0  0  0  0  0  0  0  0  0  0  0  0  0  0  0  0  0  0  0  0  0  0  0  0  0  0  0  0  0  0  0  0  0  0  0  0  0  0  0  0  0  0  0  0  0  0  0  0  0  0  0  0  0  668  1  0  0  0  0  0  0  0  0  
0  31828  0  0  0  0  0  0  0  0  3  0  0  0  0  0  0  0  1813  58  18551  33755  0  0  0  0  0  0  0  0  0  0  0  0  0  0  0  0  0  0  0  4457  0  119  0  0  0  0  0  0  0  0  0  0  0  0  2298  1927  15  0  36844  0  0  0  40  0  0  0  0  0  0  0  2  0  0  2  0  0  0  0  0  0  0  0  0  0  0  0  0  0  0  0  0  0  11  2  0  0  0  0  0  0  0  0  0  0  0  0  0  0  1  0  0  0  0  0  0  0  0  0  0  0  0  0  17  0  0  0  0  0  0  0  0  0  0  0  0  0  0  0  0  0  0  0  0  0  0  0  0  0  0  0  0  0  0  0  0  0  0  0  
15385  0  0  2  61  743  237  5  7  3  0  36192  0  42895  137628  709  1  7  1  6  0  0  0  155  52  3  3  8  2026  6  0  0  10  0  0  0  0  0  82  420  203  0  0  2  119  7  794  100  39049  0  0  0  52969  8974  0  151  9  13  1  0  0  1525  3  360  426  7  31  58531  184  0  63  0  29  0  0  0  0  0  0  0  0  0  0  0  0  0  0  0  0  0  0  0  0  0  0  0  0  0  0  0  0  0  0  0  0  0  0  0  0  0  0  0  0  0  0  0  0  0  0  0  0  0  0  0  0  0  0  0  0  0  0  0  0  0  0  0  0  0  0  0  0  0  0  0  0  0  0  0  0  38843  22  240  20651  56  0  0  0  0  0  0  
33464  0  0  0  26985  7114  13  0  0  0  0  0  0  26  154981  3860  0  14  0  0  0  0  0  12  0  0  0  0  0  0  0  0  0  0  0  0  0  0  0  0  0  0  0  0  1  0  846  0  1836  0  0  65576  0  55128  0  0  0  0  0  0  0  25  0  34  0  1  0  6  0  0  0  0  0  0  0  0  0  0  0  0  0  0  0  0  0  0  0  0  0  0  0  0  0  0  0  0  0  0  0  0  0  0  0  0  0  0  0  0  0  0  0  0  0  0  0  0  0  0  0  0  0  0  0  0  0  0  0  0  0  0  0  0  0  0  0  0  0  0  0  0  0  0  0  0  0  0  0  0  0  4647  0  20  11436  47  0  0  0  0  0  0  
284  0  0  0  704  38210  35880  13051  451  100  0  1  0  45  112008  187082  1  6  0  0  0  0  0  7  6  1  0  16  193  5  0  1  0  0  0  0  0  0  0  0  10  0  0  3  1094  292  65  1  318  0  0  12113  54494  0  0  16  0  0  0  0  0  2  0  12  1  9  79  29818  28039  1  7  0  2  0  0  0  0  0  0  0  0  0  0  0  0  0  0  0  0  0  0  0  0  0  0  0  0  0  0  0  0  0  0  0  0  0  0  0  0  0  0  0  0  0  0  0  0  0  0  0  0  0  0  0  0  0  0  0  0  0  0  0  0  0  0  0  0  0  0  0  0  0  0  0  0  0  0  0  0  59816  0  41  2275  19  0  0  0  0  0  0  
0  0  0  112  0  1  1  1  47  13  0  9  0  0  1  0  1  0  6  0  0  0  0  0  37819  75525  1  0  3  12  0  0  2  80  0  11962  0  0  0  0  10661  0  0  0  42  1  0  12  103  0  0  2  0  2  0  21075  9  2  0  0  0  0  0  0  61  2  16783  180  2  0  74  0  33000  0  0  0  0  0  0  0  0  0  0  0  0  0  0  0  0  0  0  0  0  0  0  0  0  0  0  0  0  0  0  0  0  0  0  0  0  0  0  0  0  0  0  0  0  0  0  0  0  0  0  0  0  0  0  0  0  0  0  0  0  0  0  0  0  0  0  0  0  0  0  0  0  0  0  0  0  0  8  8  43  0  0  0  0  0  0  0  
9  0  44  146  0  13  8  73  1015  300  1  16  0  8  27  0  327  0  87  12828  1  0  0  1  105696  6639  147589  173  59  19113  0  0  11  11  0  177  0  0  0  1  9635  0  0  93  1455  1954  5  962  2810  0  0  208  3  77  18547  0  208  23088  0  0  1  3  0  1  25866  66  47880  1095  124  0  67514  0  24196  0  0  0  0  0  0  0  0  0  0  0  0  0  0  0  0  0  0  0  0  0  0  0  0  0  0  0  0  0  0  0  0  0  0  0  0  0  0  0  0  0  0  0  0  0  0  0  0  0  0  0  0  0  0  0  0  0  0  0  0  0  0  0  0  0  0  0  0  0  0  0  0  0  0  0  0  142  45  1128  2120  10  0  0  0  0  0  0  
0  24933  0  0  0  0  0  0  0  0  36  0  0  0  0  0  0  0  159192  102  2336  4452  2  0  551  0  0  0  0  0  0  0  0  0  1  0  0  0  0  0  2  46007  2  3168  0  0  0  0  1  31  1822  0  0  0  0  7  0  27625  25972  50  5575  0  0  0  6128  0  0  0  0  0  0  5  17932  0  0  0  0  0  0  0  0  0  0  0  0  0  0  0  0  0  0  0  0  0  0  0  0  0  0  0  0  0  0  0  0  0  0  0  0  0  0  0  0  0  0  0  0  0  0  0  0  0  0  0  0  0  0  0  0  0  0  0  0  0  0  0  0  0  0  0  0  0  0  0  0  0  0  0  0  0  4  5  0  0  0  0  0  0  0  0  
0  684  0  2  0  0  1  1  5  1  5987  0  0  0  1  0  2  0  91174  64474  239  16842  1  1  23502  4  37  0  1  0  0  0  0  0  0  1  0  3  0  0  35  3326  0  15024  10  1  1  25  23  5  1154  6  0  1  0  23662  12794  0  628  11  4185  0  0  1  56132  1  43  9  0  0  839  0  41577  0  0  0  0  0  0  0  0  0  0  0  0  0  0  0  0  0  0  0  0  0  0  0  0  0  0  0  0  0  0  0  0  0  0  0  0  0  0  0  0  0  0  0  0  0  0  0  0  0  0  0  0  0  0  0  0  0  0  0  0  0  0  0  0  0  0  0  0  0  0  0  0  0  0  0  2  0  3  28  6  0  0  0  0  0  0  0  
0  28909  0  0  0  0  0  0  0  0  0  0  0  0  0  0  0  0  40904  0  52843  64  18  0  4  1  0  0  1  0  0  0  1  56  98  191  211  32524  0  0  263  26  211  188  10  0  0  465  4  1940  24  0  0  0  2  22  28642  1191  0  19269  10449  0  0  0  32  0  6  8  0  0  1  37511  29259  1  0  0  0  0  0  0  0  0  0  0  0  0  0  0  0  0  0  0  0  0  0  0  0  0  0  0  0  0  0  0  0  0  0  0  0  0  0  0  0  0  0  0  0  0  0  0  0  0  0  0  0  0  0  0  0  0  0  0  0  0  0  0  0  0  0  0  0  0  0  0  0  0  0  0  11  1  170  53  4  2  0  0  0  0  0  0  
0  1030  0  0  0  0  0  0  0  0  0  0  0  0  0  0  0  0  23  0  88284  3  11  0  0  0  0  0  0  0  0  0  1  208  341  0  57309  4837  0  0  1  1  581  7  0  0  0  319  0  26379  0  0  0  0  1  0  293  10  18449  0  4601  0  0  0  0  0  1  0  0  0  0  38795  655  0  0  0  0  0  0  0  0  0  0  0  0  0  0  0  0  0  0  0  0  0  0  0  0  0  0  0  0  0  0  0  0  0  0  0  0  0  0  0  0  0  0  0  0  0  0  0  0  0  0  0  0  0  0  0  0  0  0  0  0  0  0  0  0  0  0  0  0  0  0  0  0  0  0  0  0  0  36  1  0  0  0  0  0  0  0  0  
0  23305  0  0  0  0  0  0  1  0  48  0  0  0  0  0  0  0  3046  176  111756  105155  54455  0  2  0  0  0  0  0  0  0  0  2  74  4  108  35  0  0  25  6526  658  8372  0  0  0  4  0  22029  31043  0  0  0  0  3  8970  4714  8322  5006  0  0  0  0  298  0  6  2  0  0  0  6758  759  0  0  1  0  0  0  0  0  0  0  0  0  0  0  0  0  0  0  0  0  0  3  15  0  0  0  0  0  0  0  0  0  0  0  0  0  0  0  0  0  0  0  0  0  0  0  0  0  0  0  0  2  0  0  0  0  0  0  0  0  0  7  0  0  0  0  0  0  0  0  0  0  0  0  0  8  0  20929  68  0  0  0  0  0  1  0  0  
29436  0  0  0  71  219  0  0  0  0  0  5  926  31566  30304  0  0  0  0  0  0  0  0  34373  0  0  0  0  0  0  0  0  0  0  0  0  0  0  4690  16  0  0  0  0  1  0  823  0  382  0  0  1655  136  18  0  1  0  0  0  0  0  0  0  10974  0  1  0  1  0  2  0  0  0  0  0  0  0  0  0  0  0  0  0  0  0  0  0  0  0  0  0  0  0  0  0  0  0  0  0  0  0  0  0  0  0  0  0  0  0  0  0  0  0  0  0  0  0  0  0  0  0  0  0  0  0  0  0  0  0  0  0  0  0  0  0  0  0  0  0  0  0  0  0  0  0  0  0  0  0  333  0  3  1866  41  0  0  0  0  0  0  
159  0  0  0  4  64  0  0  0  0  0  2  0  24  0  1  3928  27241  0  0  0  0  4527  88992  0  0  0  0  0  0  59963  9521  0  0  0  0  0  0  16  0  0  0  0  0  0  0  4662  7  12  0  0  11  0  0  0  0  0  0  0  0  0  215  0  26206  0  0  0  0  0  26653  0  0  0  0  0  0  0  0  0  0  0  0  0  0  0  0  0  0  0  0  0  0  0  0  0  0  0  0  0  0  0  0  0  0  0  4  0  0  0  0  0  0  0  0  0  0  0  0  0  0  0  0  0  0  0  0  0  0  0  0  0  0  0  0  0  0  0  0  0  0  0  0  0  0  0  0  0  0  7262  6  5  233  42915  8900  0  0  0  0  0  0  
5676  0  0  0  125  680  1  0  0  0  0  23  69  6053  19  42  0  0  0  0  0  0  0  138079  0  0  0  0  0  0  97  139  0  0  0  0  0  0  16144  72  0  0  1  0  1  0  10428  0  2569  0  0  597  38  7  0  0  0  0  0  0  0  27388  27116  0  1  49  0  0  0  2088  0  0  0  0  0  0  0  0  0  0  0  0  0  0  0  0  0  0  0  0  0  0  0  0  0  0  0  0  0  0  0  0  0  0  0  0  0  0  0  0  0  0  0  0  0  0  0  0  0  0  0  0  0  0  0  0  0  0  0  0  0  0  0  0  0  0  0  0  0  2  0  0  0  0  0  0  0  0  0  3428  0  47  20912  6285  0  2  0  0  0  0  
0  62  0  3  0  3  3  1  640  28  59900  0  0  0  0  0  2  0  4548  40787  21  4198  1  0  955  11  7598  23  0  76281  0  0  0  0  0  0  0  0  0  0  120  229  0  65174  52  2  0  17  83  0  63  6  0  2  1  22013  15453  48358  67  0  769  0  0  0  0  4  215  23  1  0  11618  0  16364  0  0  0  0  0  0  0  0  0  0  0  13  0  0  0  0  0  0  0  0  0  0  0  0  0  0  0  0  0  0  65  0  0  0  0  0  0  0  0  0  0  0  0  0  0  0  0  0  0  0  0  0  0  0  0  0  0  0  0  0  0  0  0  0  0  3  0  0  0  0  0  0  0  0  0  0  12  7  26  82  0  0  0  0  0  0  0  
114  0  0  2  4  38928  34446  21050  52622  113732  0  2  0  2  2  1890  2  0  2  8  0  0  161  23  12  6  7  159  91  415  0  23139  0  0  0  0  0  0  0  1  111  0  0  3704  464  11  2  25  72  0  0  28  43  23  0  65  2  4  0  0  0  0  0  199  150  0  423  47  104  3  60  0  14  0  0  0  0  0  0  402  2111  1799  1606  6  1  0  0  0  6  0  0  0  0  0  0  0  0  0  0  0  0  0  4  4  2  1173  0  0  0  0  0  0  0  0  4  0  0  0  7  20  0  1  0  0  0  0  0  1  0  0  0  0  0  0  0  0  0  0  0  23260  0  0  2  0  78  0  0  0  0  76114  284  1253  623  300  0  1537  0  5  6  0  
20  0  28453  4481  0  150  101  405  4202  2421  0  578  0  32  190  11  208  0  8  28  0  0  1  1  976  101105  47270  121243  354  1397  0  0  6  11  1  2582  0  0  2  7  37615  0  1  767  89202  43440  21  1745  6157  0  0  592  19  443  8082  43511  34  65  0  0  2  4  0  6  964  811  0  5273  768  0  7903  0  5473  0  0  0  0  0  0  0  0  0  0  0  0  0  0  0  0  0  0  0  0  0  0  0  0  0  0  0  0  0  0  0  0  0  0  0  0  0  0  0  0  0  0  0  0  0  0  0  0  0  0  0  0  0  0  0  0  0  0  0  0  0  0  0  0  0  0  1  0  0  0  0  0  0  0  0  1  1441  57  11994  25705  285  0  0  0  0  0  0  
61  0  0  31523  4  34  77  59  21  14  0  51123  0  150  70246  507  3  0  3  5  0  0  0  5  99  1177  10  1224  85525  8  0  0  186  14  2  4  0  0  11  417  1143  0  0  6  91089  77  34  472  25331  0  0  54392  22  30394  43  397  9  15  0  1  0  29  0  6  313  4  1839  0  14645  0  84  0  195  1  0  0  0  0  0  0  0  0  0  0  0  0  0  0  0  0  0  0  0  0  0  0  0  0  0  0  0  0  0  0  0  0  0  0  0  0  0  0  0  0  0  0  0  0  0  0  0  0  0  0  0  0  0  0  0  0  0  0  0  0  0  0  0  0  0  0  0  0  0  0  0  0  0  0  0  25681  222  311  14060  23  0  0  0  0  0  0  
0  0  700  16  0  66  549  57817  497  182  0  1  0  0  10247  73539  9  0  0  1  0  0  0  0  53  45  14  127  89785  39  0  0  0  0  0  3  0  0  0  0  106  0  0  22  80771  2894  0  27  470  0  0  21  2  28437  10  333  2  3  0  0  0  0  0  0  54  39  1283  14947  0  0  50  0  111  0  0  0  0  0  0  0  0  0  0  0  0  0  0  0  0  0  0  0  0  0  0  0  0  0  0  0  0  0  0  0  0  0  0  0  0  0  0  0  0  0  0  0  0  0  0  0  0  0  0  0  0  0  0  0  0  0  0  0  0  0  0  0  0  0  0  0  0  0  0  0  0  0  0  0  0  15480  0  826  3397  179  0  0  0  0  0  0  
12491  0  0  0  3150  51839  0  0  0  0  0  0  0  0  359  17430  0  0  0  0  0  0  0  22192  0  0  0  0  0  0  52475  16989  0  0  0  0  0  0  0  0  0  0  0  0  0  0  2  0  0  0  0  0  1  3  0  0  0  0  0  0  0  0  27399  5704  0  11  0  0  0  0  0  0  0  0  0  0  0  0  0  734  0  0  0  0  0  0  0  0  0  23  0  0  0  0  0  0  0  0  0  0  0  0  0  0  96  1091  0  0  0  0  0  0  0  0  0  0  0  0  0  0  0  0  0  0  0  0  0  0  0  0  0  0  0  0  0  0  0  0  0  18  0  0  0  473  0  0  0  0  0  167  0  51  1791  2611  0  0  0  0  0  0  
5  0  12  30  0  9  11  171  44238  348  5  3  0  1  2  0  94  0  33  907  0  1  0  0  1041  76  32896  621  18  105097  0  0  0  3  0  4  0  0  0  0  2171  0  0  237  1064  23442  4  456  1037  0  0  116  0  10  19  64555  89  596  0  0  0  1  0  1  20806  76  9488  300  19  0  0  0  732  0  0  0  0  0  0  0  0  0  12  0  2  0  0  0  0  0  0  0  0  0  0  0  0  0  0  0  1  0  0  292  0  0  0  0  0  0  0  0  0  0  0  0  0  0  0  56  0  0  0  0  0  0  0  0  0  0  0  0  0  0  0  0  0  0  0  0  0  0  0  0  34  0  0  0  0  29  4  1352  2234  11  0  0  0  0  0  0  
0  654  0  0  0  0  0  0  0  0  0  0  0  0  0  0  0  0  11  0  26126  0  43  0  1  0  0  0  0  0  0  0  0  4115  6004  23  125628  189671  0  0  29  0  33905  0  0  0  0  1146  0  72947  0  0  0  0  0  3  50  2  44855  38845  1415  0  0  0  1  0  2  0  0  0  0  0  21976  0  0  0  0  0  0  0  0  0  0  0  0  0  0  0  0  0  0  0  0  0  0  0  0  0  0  0  0  0  0  0  0  0  0  0  0  0  0  0  0  0  0  0  0  0  0  0  0  0  0  0  0  0  0  0  0  0  0  0  0  0  0  0  0  0  0  0  0  0  0  0  0  0  0  0  0  0  106  8  1  0  0  0  0  0  0  0  
3  146  0  139  0  2  9  2  242  54  2  36  0  10  48  0  37  0  71808  219  451  18  133  0  106744  21330  22  3  45  27  0  0  38852  116271  7930  47413  22  188567  1  2  34382  10  6225  520  1246  0  6  102085  920  18037  4  97  3  38  33980  18463  18657  53682  19981  1376  2570  6  0  1  22704  3  6268  1315  68  0  665  29351  0  2437  0  0  0  0  0  0  0  0  0  0  0  0  0  0  0  0  0  0  0  0  0  0  0  0  0  0  0  0  0  0  0  0  0  0  0  0  0  0  0  0  0  0  0  0  0  0  0  0  0  0  0  0  0  0  0  0  0  0  0  0  0  0  0  0  0  0  0  0  0  0  0  0  0  0  115  27  1725  4423  353  18  0  0  0  0  0  0  
0  0  0  252  0  0  0  0  0  0  0  1  0  0  0  0  0  0  0  0  0  0  0  0  8  338  0  0  1  0  0  0  26558  33714  0  17888  0  0  0  0  11372  0  0  0  6  0  0  286  6  0  0  0  0  0  0  7  1  0  0  0  0  0  0  0  18  0  5  38  0  0  1  0  4638  0  0  0  0  0  0  0  0  0  0  0  0  0  0  0  0  0  0  0  0  0  0  0  0  0  0  0  0  0  0  0  0  0  0  0  0  0  0  0  0  0  0  0  0  0  0  0  0  0  0  0  0  0  0  0  0  0  0  0  0  0  0  0  0  0  0  0  0  0  0  0  0  0  0  0  0  0  76  178  2  0  0  0  0  0  0  0  
2  0  0  0  0  0  0  0  0  0  0  0  0  0  0  0  0  0  0  0  0  0  0  1  0  0  0  0  0  0  24  0  0  0  0  0  0  0  0  0  0  0  0  0  0  0  0  0  0  0  0  0  0  0  0  0  0  0  0  0  0  0  0  0  0  0  0  0  0  0  0  0  0  0  0  0  0  0  43791  4124  13  0  0  0  0  12  5  206  9633  27084  0  0  0  0  0  0  0  76152  5  4  0  0  0  0  1253  0  0  0  0  0  0  0  370  140  4  0  0  0  2  0  2855  0  220  0  0  698  29034  3  1  4  0  0  0  0  0  19896  99  3838  0  95  4  3  0  4464  0  0  3  0  0  0  0  0  0  0  0  177  0  0  17750  0  
0  0  0  0  0  0  0  0  0  0  0  0  0  0  0  0  0  0  0  0  0  0  0  0  0  0  0  0  0  0  0  0  0  0  0  0  0  0  0  0  0  0  0  0  0  0  0  0  0  0  0  0  0  0  0  0  0  0  0  0  0  0  0  0  0  0  0  0  0  0  0  0  0  0  0  0  0  0  0  0  0  0  0  0  0  0  0  0  0  0  0  0  38081  8  45737  11  0  0  0  0  0  0  0  0  0  0  0  0  0  0  57147  19  0  0  0  39654  1  40  0  0  0  1  1  21  15536  0  0  0  0  0  5069  17  36465  40187  12102  0  0  0  1  0  0  0  0  0  0  719  1338  0  0  0  0  0  0  0  0  0  4  0  1  0  
0  0  47  0  0  0  0  1  0  0  0  0  0  0  0  123  0  0  0  0  0  0  0  0  0  0  0  0  0  0  0  0  0  0  0  0  0  0  0  0  0  0  0  0  0  1  0  0  0  0  0  0  0  0  0  0  0  0  0  0  0  0  0  0  0  0  0  0  0  0  0  0  0  0  0  0  0  0  0  0  0  2559  0  0  0  0  0  0  0  31537  0  0  0  0  0  0  0  0  0  0  8607  8760  12442  8072  0  0  0  0  0  0  0  0  0  0  0  0  0  0  15751  50582  0  0  0  0  0  0  0  2  0  0  0  0  0  0  0  0  0  0  0  0  10678  0  170  0  1  0  0  0  0  0  0  0  0  0  0  0  0  0  0  0  
0  0  0  0  0  0  0  0  0  0  0  0  0  0  0  0  0  0  0  0  0  0  0  0  0  0  0  0  0  0  0  0  0  0  0  0  0  0  0  0  0  0  0  0  0  0  0  0  0  0  0  0  0  0  0  0  0  0  0  0  0  0  0  0  0  0  0  0  0  0  0  0  0  0  2  0  0  0  1  2  0  0  8  7  0  53778  0  0  2  3  9  122  0  0  0  0  0  0  19  50421  1  28645  26874  0  0  0  213  352  196  65  0  0  0  0  18105  0  0  0  22348  0  1  47  42483  0  0  28  3  0  84  50  0  0  0  0  0  0  0  0  3  7  17657  15154  4  0  0  0  86  47  0  0  0  0  0  0  0  36  0  3  408  4  
2  0  0  0  18  0  0  0  0  0  0  0  0  0  0  39  0  0  0  0  0  0  0  0  0  0  0  0  0  0  7  0  0  0  0  0  0  0  0  0  0  0  0  0  0  0  0  0  0  0  0  0  0  0  0  0  0  0  0  0  0  0  0  0  0  0  0  0  0  3  0  0  0  0  29297  0  0  0  0  35973  15  0  0  0  0  20  1  30  37097  95464  0  0  0  0  0  0  0  47  20  6  0  0  0  0  1  0  0  0  0  0  0  0  16  203  3  0  0  0  4  0  606  0  286  0  0  192  59340  18  13  21  0  0  0  0  0  8  11  370  0  103  15  5  0  580  0  0  20  0  0  0  0  0  0  0  0  179  0  0  4191  0  
4  0  0  0  0  2198  13  0  0  0  0  0  0  0  0  151  0  0  0  0  0  0  0  0  0  0  0  0  0  0  562  1623  0  0  0  0  0  0  0  0  0  0  0  0  0  0  0  0  0  0  0  0  0  0  0  0  0  0  0  0  0  0  0  5  0  750  0  0  0  1066  0  0  0  0  7091  0  0  0  80462  0  27086  0  0  0  0  19  0  20  4763  106923  0  1  0  0  0  0  1  2327  26  21  0  0  21  0  130  14171  0  0  0  0  0  0  3  276  11  0  0  0  32  0  278  0  800  0  0  1654  52428  23164  23  15  0  0  0  0  0  9  3375  2666  0  67873  71  102  33  34642  0  0  23  0  0  2360  0  0  2  3  2  45771  1  0  32403  461  
0  0  0  0  0  2282  590  8  0  0  0  0  0  0  0  87  0  0  0  0  0  0  0  0  0  0  0  0  0  0  0  1  0  0  0  0  0  0  0  0  0  0  0  0  0  0  0  0  0  0  0  0  0  0  0  0  0  0  0  0  0  0  0  0  0  2675  0  0  0  0  0  0  0  0  4  0  0  0  19  28053  0  25227  1328  606  0  0  0  0  1865  84291  0  0  0  0  0  0  0  0  1  7  13  0  613  0  0  0  0  0  0  0  0  0  1  4  7  0  0  0  442  273  3  0  18  0  0  2035  1048  50719  10  158  0  3  0  0  0  0  0  0  5  26537  233  1225  1924  0  71  0  4  0  0  326  0  0  0  0  0  4347  0  0  625  10  
0  0  2  0  0  4  3814  4803  443  3  0  0  0  0  0  97  0  0  0  0  0  0  0  0  0  0  0  0  0  0  0  0  0  0  0  0  0  0  0  0  0  0  0  0  0  0  0  0  0  0  0  0  0  0  0  0  0  0  0  0  0  0  0  0  0  1173  0  0  0  0  0  0  0  0  0  0  300  0  0  18  31028  0  24852  2848  0  0  0  0  788  64034  0  0  0  0  0  0  0  0  2  0  29  47  10861  1  0  0  0  0  0  0  0  0  0  0  0  0  0  2  25914  33977  0  0  0  0  0  1  0  31036  2  441  0  8  0  0  0  0  0  0  33  23887  773  17  38139  0  139  0  21  0  0  16  0  0  0  0  0  337  0  0  10  2  
0  0  0  0  0  1  22  425  5023  302  5  0  0  0  0  0  0  0  0  0  0  0  0  0  0  0  0  0  0  106  0  0  0  0  0  0  0  0  0  0  0  0  0  1  0  1  0  0  0  0  0  0  0  0  0  0  0  0  0  0  0  0  0  0  0  2573  0  0  0  0  4  0  0  0  0  0  0  0  0  0  2153  19726  0  17429  2  0  0  0  1  9  0  0  0  2  0  5  0  0  10  0  16  0  98  6514  0  0  0  0  0  0  0  0  0  0  12  0  0  170  285  20812  0  0  18  0  0  0  0  11  5  849  1  76  0  0  1  0  0  0  4863  36018  203  0  97  0  37544  0  154  0  0  0  0  7  0  0  0  52  0  1  42  2  
0  0  0  0  0  0  0  0  8  12  0  0  0  0  0  0  0  0  0  0  0  2  0  0  0  0  0  0  0  3  0  0  0  0  0  0  0  0  0  0  0  0  0  0  0  0  0  0  0  0  0  0  0  0  0  0  0  0  0  0  0  0  0  0  0  2  0  0  0  0  1  0  0  0  0  0  0  0  1  0  1248  979  14037  0  26  0  0  0  0  0  0  0  1  5  0  506  1020  0  15  1  15  1  8  13760  0  0  0  0  0  2  0  0  0  0  58  0  0  17580  262  10  0  3  63  0  1  1  1  0  3  778  6  129  1  0  0  0  0  0  6030  27965  156  1  1  0  1830  0  411  0  0  0  1  34  0  0  0  12  2292  108  97  7  
0  0  0  0  0  0  0  0  0  0  1140  0  0  0  0  0  0  0  0  10  0  41  0  0  0  0  0  0  0  197  0  0  0  0  0  0  0  0  0  0  0  0  0  13  0  0  0  0  0  0  0  0  0  0  0  0  0  0  0  0  0  0  0  0  4  0  0  0  0  0  3  0  0  0  0  0  0  0  0  0  0  0  5  37  0  0  0  0  0  0  0  0  19  82093  0  8561  0  0  0  0  1  0  0  10515  0  0  0  0  0  0  0  0  0  0  0  36242  0  84889  0  0  0  0  0  0  0  0  0  0  0  0  4  18776  0  0  14  0  0  0  64821  0  0  0  0  0  8  0  0  0  0  0  0  0  0  0  0  0  0  0  0  0  
0  0  0  0  0  0  0  0  0  0  0  0  0  0  0  0  0  0  0  0  0  0  0  0  0  0  0  0  0  0  0  0  0  0  0  0  0  0  0  0  0  0  0  0  0  0  0  0  0  0  0  0  0  0  0  0  0  0  0  0  0  0  0  0  0  0  0  0  0  0  0  0  0  0  32  0  0  64222  35  125  3  0  0  0  0  0  215  17801  129  61  6  493  0  0  0  0  0  240  8  212  0  0  6118  0  0  0  69  817  997  1  0  0  95  43744  50  0  0  0  2429  0  134  358  57558  0  0  9417  184  1  6  4  0  0  0  0  0  1  0  24  0  22  276  59973  0  0  0  0  9  0  0  0  0  0  0  0  0  9  0  0  425  0  
0  0  0  0  0  0  0  0  0  0  0  0  0  0  0  0  0  0  0  0  0  0  0  0  0  0  0  0  0  0  0  0  0  0  0  0  0  0  0  0  0  0  0  0  0  0  0  0  0  0  0  0  0  0  0  0  0  0  0  0  0  0  0  0  0  0  0  0  0  0  0  0  0  0  354  0  0  0  3  3  0  0  0  0  0  126  0  10712  12  0  0  5  0  0  0  0  0  29898  1  0  0  0  0  0  0  0  0  3  8  0  0  0  25662  68  0  0  4  0  1  0  14404  0  78  0  0  21  81  0  0  0  0  0  0  0  0  7576  10  2512  0  0  1  1  0  0  0  0  0  0  0  0  0  0  0  0  0  0  0  0  180  0  
0  0  0  0  0  0  0  0  0  0  0  0  0  0  0  0  0  0  0  0  0  0  0  0  0  0  0  0  0  0  0  0  0  0  0  0  0  0  0  0  0  0  0  0  0  0  0  0  0  0  0  0  0  0  0  0  0  0  0  0  0  0  0  0  0  0  0  0  0  0  0  0  0  0  95  0  0  0  49  110  1  0  0  0  0  15756  8929  0  1666  38  0  0  0  0  0  0  0  26  0  1  0  0  37  0  0  0  0  0  0  0  0  0  25034  31931  1  0  0  0  0  0  122  0  83  0  0  42024  289  0  1  0  0  0  0  0  0  14449  0  51  0  26  3  2  0  0  0  0  3  0  0  0  0  0  0  0  0  11  0  0  316  0  
0  0  0  0  0  0  0  0  0  0  0  0  0  0  0  0  0  0  0  0  0  0  0  0  0  0  0  0  0  0  0  0  0  0  0  0  0  0  0  0  0  0  0  0  0  0  0  0  0  0  0  0  0  0  0  0  0  0  0  0  0  0  0  0  0  0  0  0  0  0  0  0  0  0  17077  0  0  1  36491  2437  1643  113  4  2  0  22  64  2825  0  34469  0  0  0  0  0  0  0  12824  11  5  0  5  5008  0  0  0  0  0  0  2  0  0  0  67  15  0  0  0  10843  11  15  1  131  0  0  122953  176536  131538  13  62  0  0  0  0  0  32151  0  68  0  747  605  35676  24832  0  0  0  26  0  0  0  0  0  0  0  0  2123  0  2  1666  20  
11  0  13  0  26  101  249  444  0  0  0  0  0  0  0  2021  0  0  0  0  0  0  0  5  0  0  0  0  0  0  359  0  0  0  0  0  0  0  0  0  0  0  0  0  0  1  0  0  0  0  0  0  0  0  0  0  0  0  0  0  0  0  0  0  0  1  0  0  0  11  0  0  0  0  28409  0  33634  0  106884  90528  103466  123694  3  1  0  5  0  1  29887  0  0  0  0  0  0  0  0  3815  17  8  1  22  5400  0  12276  0  0  0  0  0  0  0  0  68  4  0  0  0  3064  22984  28  0  132  0  0  1629  17997  134586  9  17  0  0  0  0  0  0  586  53  0  318  112  792  36469  25030  4  0  24  0  0  0  0  0  0  0  0  651  0  0  1793  4  
0  0  0  0  0  0  0  0  0  0  0  0  0  0  0  0  0  0  0  0  0  0  0  0  0  0  0  0  0  0  0  0  0  0  0  0  0  0  0  0  0  0  0  0  0  0  0  0  0  0  0  0  0  0  0  0  0  0  0  0  0  0  0  0  0  0  0  0  0  0  0  0  0  0  0  0  0  31  0  0  2  0  4  1  0  20  0  0  0  0  0  45717  0  0  0  0  16800  656  12  31  0  2  0  0  2  0  41  0  23012  1  0  0  1  0  11963  0  1070  0  69  0  1  42952  14980  10  0  0  0  0  16  30  0  1  0  0  0  0  57  0  3  7  476  1  4  0  0  0  92  6  0  0  0  0  0  0  10261  1  45  338  11171  1  
0  0  0  0  0  0  0  0  0  0  0  0  0  0  0  0  0  0  0  0  0  0  0  0  0  0  0  0  0  0  0  0  0  0  0  0  0  0  0  0  0  0  0  0  0  0  0  0  0  0  0  0  0  0  0  0  0  0  0  0  0  0  0  0  0  0  0  0  0  0  0  0  0  0  0  0  0  80  0  1  0  0  0  0  0  403  4  0  3  2  43126  0  0  0  0  0  29882  20402  1  12  0  1  0  0  3  1  1  1  9986  2  0  0  0  3  236  0  40  0  20  0  26279  5909  41464  1  0  11  0  0  2  2  0  0  0  0  0  0  1141  676  0  0  215  0  0  1  0  0  62  3  0  1  0  0  0  0  6949  3  14  951  29777  0  
0  0  0  0  0  0  0  0  0  0  0  0  0  0  0  0  0  0  0  0  0  0  0  0  0  0  0  0  0  0  0  0  0  0  0  0  0  0  0  0  0  0  0  0  0  0  0  0  0  0  0  0  0  0  0  0  0  0  0  0  0  0  0  0  0  0  0  0  0  0  0  0  0  0  0  35994  0  0  0  0  0  0  2  0  2  0  0  0  0  0  0  0  0  17099  2040  136  0  0  17261  0  42  0  0  0  0  0  0  0  0  0  186  6  0  0  0  13642  0  733  0  0  0  2  10  1  1096  0  0  0  0  11225  173400  77958  54424  1331  2245  0  0  0  516  1  0  0  0  0  3  4  67597  0  0  0  0  0  0  0  0  2  0  0  19  1  
0  0  0  0  0  0  0  0  0  0  1329  0  0  0  0  0  0  0  0  35  0  0  0  0  0  0  0  0  0  23  0  0  0  0  0  0  0  0  0  0  0  0  0  0  0  0  0  0  0  0  0  0  0  0  0  0  0  0  0  0  0  0  0  0  4  0  0  0  0  0  0  0  0  0  0  8  0  0  0  0  0  0  6  1  96888  0  0  0  0  0  0  0  11182  0  4  1202  0  0  1  0  12560  0  0  13226  0  0  0  0  0  0  0  0  0  0  1  43670  0  16061  0  0  0  0  5  0  103  0  0  0  0  9113  2076  59574  3  0  2453  0  0  0  45814  2  0  0  0  0  61  0  34  0  0  0  0  0  0  0  0  0  0  0  13  0  
0  1  0  0  0  0  0  0  0  0  0  0  0  0  0  0  0  0  0  0  3  0  0  0  0  0  0  0  0  0  0  0  0  0  0  0  0  0  0  0  0  0  0  0  0  0  0  0  0  0  4  0  0  0  0  0  0  0  0  0  0  0  0  0  0  0  0  0  0  0  0  0  0  0  0  31785  0  0  0  0  0  0  0  0  0  0  0  0  0  0  0  0  507  2  0  304  667  0  0  0  0  0  0  0  0  0  0  0  0  0  372  0  0  0  0  1093  0  29  0  0  0  0  0  23184  24635  0  0  0  0  0  1017  72  2236  60843  86711  0  0  0  2  0  0  0  0  0  0  1  57  0  0  0  0  0  0  0  0  0  131  32  0  0  
0  0  0  0  0  0  0  0  2  2  37  0  0  0  0  0  0  0  0  0  7  316  1  0  0  0  0  0  0  0  0  0  0  0  0  0  0  0  0  0  0  0  0  13  0  0  0  0  0  0  13  0  0  0  0  0  0  0  0  0  41  0  0  0  0  0  0  0  0  0  0  0  0  0  0  18  0  0  0  0  0  0  1  518  7283  0  0  0  0  0  0  0  121  3306  152  0  18084  0  0  0  1  0  0  389  0  0  0  0  0  0  1  0  0  0  0  75946  0  110340  0  0  0  0  0  0  33606  0  0  0  0  0  881  3358  6  0  96425  0  0  0  1028  1  0  0  0  0  0  0  0  0  0  0  0  1  0  0  0  0  1556  1086  0  0  
0  0  0  0  0  0  0  0  0  0  0  0  0  0  0  0  0  0  0  0  0  0  0  0  0  0  0  0  0  0  0  0  0  0  0  0  0  0  0  0  0  0  0  0  0  0  0  0  0  0  0  0  0  0  0  0  0  0  0  0  0  0  0  0  0  0  0  0  0  0  0  0  0  0  0  3  0  0  0  0  0  0  0  1226  0  2  0  0  0  0  23754  49667  0  0  518  10029  0  8103  0  0  0  0  0  1  28  55  0  0  25229  0  2451  0  0  0  1  0  30289  9324  0  0  2284  349  26  21344  2  0  0  0  0  3  1  0  2  6  40806  0  5327  0  51  0  0  0  0  0  5  0  59  0  0  0  0  0  0  0  48118  5  68059  2207  8888  2581  
1  0  0  0  0  0  0  0  0  0  0  0  0  0  0  0  0  0  0  0  0  0  0  3  0  0  0  0  0  0  33  0  0  0  0  0  0  0  0  0  0  0  0  0  0  0  0  0  0  0  0  0  0  0  0  0  0  0  0  0  0  0  0  0  0  0  0  0  0  0  0  0  0  0  81650  0  0  0  101  513  0  0  0  0  0  101  31055  162  11920  2786  475  29713  0  0  0  0  9364  0  3  0  0  0  0  0  26249  187  0  1  56  0  0  0  8538  41  0  0  115  0  2  0  59074  3  123  0  0  81  60  0  1  3  0  0  0  0  0  45320  76887  148919  0  9  1  1  0  1979  0  0  7  0  0  0  0  0  0  0  25  392  1  0  23355  4  
0  0  0  0  0  0  0  0  0  1  0  0  0  0  0  0  0  0  0  0  0  0  0  0  0  0  0  0  0  0  0  0  0  0  0  0  0  0  0  0  0  0  0  0  0  0  0  0  0  0  0  0  0  0  0  0  0  0  0  0  0  0  0  0  0  0  0  0  0  0  0  0  0  0  1  0  0  2  2  1  13  7  95  35  0  5  0  0  42  0  0  1  17675  0  0  0  0  1  0  2859  217  26  17  9  0  0  0  8  0  49  0  0  3  1  204  0  0  1  231  0  1  6  493  0  0  41  2  3  56534  138860  15  144  1  0  3  1  0  3  162  237  1432  94  33  0  105  0  137109  2  0  0  0  0  0  0  1  239  0  23  2072  124  
0  0  0  0  0  0  0  0  0  1  0  0  0  0  0  0  0  0  0  0  0  0  0  0  0  0  0  0  0  0  0  0  0  0  0  0  0  0  0  0  0  0  0  0  0  0  0  0  0  0  0  0  0  0  0  0  0  0  0  0  0  0  0  0  0  0  0  0  0  0  0  0  0  0  13  0  0  50724  5  12  3  1  21  2  0  223  0  2  23  7  6  6  0  0  0  0  0  1  1712  0  4  10738  6  0  0  0  33  7808  0  52932  0  18  10  8  52515  0  0  0  7820  0  1  47  6420  0  0  122  22  5  49154  2257  0  1  0  0  0  1  0  2  9  30  85698  581  34  0  1  0  16632  112  0  0  0  0  0  0  0  370  4  42  4605  104  
0  0  2  0  0  0  0  0  0  0  0  0  0  0  0  0  0  0  0  0  0  0  0  0  0  0  4  0  0  18  0  0  0  0  0  0  0  0  0  0  0  0  0  0  0  0  0  0  0  0  0  0  0  0  0  0  0  0  0  0  0  0  0  0  0  0  0  0  0  0  0  0  0  0  0  0  11460  0  0  0  35  29  157  56  2  0  0  1  1  0  0  0  18  11109  0  0  0  0  168  0  0  37  7  149515  0  0  0  0  0  0  0  0  0  0  7  0  0  1  78  8956  0  0  5  0  0  0  0  3  4  174958  1  97  0  0  0  0  0  0  5703  159  31089  0  17  0  13601  0  71  0  0  0  0  0  0  0  0  13  0  0  92  10  
0  0  0  0  0  0  0  0  0  0  0  0  0  0  0  0  0  0  0  0  0  0  0  0  0  0  0  0  0  0  0  0  0  0  0  0  0  0  0  0  0  0  0  0  0  0  0  0  0  0  0  0  0  0  0  0  0  0  0  0  0  0  0  0  0  0  0  0  0  0  0  0  0  0  0  0  9575  32544  0  0  0  176  1  0  0  0  0  0  37  19  1  0  0  0  0  0  0  0  25  10319  44  0  2999  0  0  0  0  1  0  0  0  0  0  0  24  0  0  0  150776  1498  0  4  28  0  0  0  1  2  6  138  0  0  0  0  0  0  0  0  0  1  128419  1  200  0  0  0  2  0  0  0  0  0  0  0  0  16  0  0  128  11  
0  0  0  0  0  0  0  0  0  0  0  0  0  0  0  0  0  0  0  0  0  0  0  0  0  0  0  0  0  0  0  0  0  0  0  0  0  0  0  0  0  0  0  0  0  0  0  0  0  0  0  0  0  0  0  0  0  0  0  0  0  0  0  0  0  0  0  0  0  0  0  0  0  0  0  0  12737  29803  0  1  231  9292  81  43  0  4337  0  8  1893  4683  0  0  0  0  0  0  0  0  0  1  3  4806  0  0  0  0  0  1  0  1  0  0  1  0  4  0  0  0  153700  192  0  0  8  0  0  247  0  213  0  55  0  0  0  0  0  0  0  0  1  219  201  102960  64918  0  10  0  0  0  0  0  0  0  0  0  0  2599  0  10  550  110  
0  0  65  0  0  0  0  0  52  20  697  0  0  0  0  0  0  0  0  0  0  0  0  0  0  0  99  0  0  7357  0  0  0  0  0  0  0  0  0  0  0  0  0  0  0  38  0  0  0  0  0  0  0  0  0  0  0  0  0  0  0  0  0  0  3  1  0  0  0  0  338  0  0  0  0  0  12396  0  0  0  14  4  7190  12442  11664  0  0  0  0  0  0  0  0  11815  0  561  0  0  0  0  128475  0  5  0  0  0  0  0  0  0  0  0  0  0  1  0  0  69  7  32580  0  0  1  0  0  0  0  1  0  45318  0  19  0  0  0  0  0  0  123798  10  4165  0  2  0  96741  0  20  0  0  0  0  0  0  0  0  0  0  0  4  0  
0  0  0  0  0  6  0  0  0  0  0  0  0  0  0  0  0  0  0  0  0  0  0  146  0  0  0  0  0  0  2575  37  0  0  0  0  0  0  0  0  0  0  0  0  0  0  0  0  0  0  0  0  0  0  0  0  0  0  0  0  0  0  0  0  0  0  0  0  0  98  0  0  0  0  1967  0  0  0  2  95  0  0  0  0  0  0  0  0  0  13002  1  3  0  0  0  0  95  24288  0  0  0  0  0  0  0  23185  0  0  0  0  0  0  0  0  0  0  0  0  0  0  1  0  0  0  0  0  0  0  0  0  0  0  0  0  0  0  83052  7  0  0  0  0  0  40030  0  0  0  0  0  0  0  0  0  0  8  24  34  109  17995  4993  
0  0  0  0  0  357  0  0  0  0  0  0  0  0  0  77  0  0  0  0  0  0  0  1  0  0  0  0  0  0  2987  7402  0  0  0  0  0  0  0  0  0  0  0  0  0  0  0  0  0  0  0  0  0  0  0  0  0  0  0  0  0  0  2  0  0  313  0  0  0  682  0  0  0  0  0  0  0  0  0  10388  0  0  0  0  0  0  0  0  0  0  0  3  0  0  0  0  170  35  0  0  0  0  0  0  22244  0  0  0  0  0  0  0  0  0  0  0  0  0  0  0  8  0  0  0  0  0  0  0  0  0  0  0  0  0  0  0  16741  0  0  11623  0  0  0  9880  0  0  0  0  0  0  0  14  0  0  111  10955  73  505  19624  6909  
0  0  0  0  0  0  0  0  0  0  0  0  0  0  0  0  0  0  0  0  0  0  0  0  0  0  0  0  0  0  0  0  0  0  0  0  0  0  0  0  0  0  0  0  0  0  0  0  0  0  0  0  0  0  0  0  0  0  0  0  0  0  0  0  0  0  0  0  0  0  0  0  0  0  0  0  0  379  0  0  0  0  0  0  0  100  0  0  0  0  22  7  0  0  0  0  0  0  0  94  0  0  0  0  0  0  0  30586  19427  46  0  0  0  0  12534  0  0  0  0  0  0  31647  51  0  0  0  0  0  0  4  0  0  0  0  0  0  0  0  0  0  0  0  0  0  0  0  26320  44655  0  0  0  0  0  0  2  1  0  44  117  0  
0  0  0  0  0  0  0  0  0  0  0  0  0  0  0  0  0  0  0  0  0  0  0  0  0  0  0  0  0  0  0  0  0  0  0  0  0  0  0  0  0  0  0  0  0  0  0  0  0  0  0  0  0  0  0  0  0  0  0  0  0  0  0  0  0  0  0  0  0  0  0  0  0  0  0  0  0  508  0  0  0  0  0  0  0  3055  22  0  0  0  2  2  0  0  0  0  0  8  16  8707  0  0  1  0  0  0  23898  0  64751  50819  0  21295  0  0  961  0  24373  1  4  0  0  4003  4  4  0  0  0  0  29  70  0  0  0  0  0  0  0  0  1  2  33  0  0  0  1  26  64938  25059  0  0  0  0  0  0  4  3  4  15  87  0  
0  0  0  0  0  0  0  0  0  0  0  0  0  0  0  0  0  0  0  0  0  0  0  0  0  0  0  0  0  0  0  0  0  0  0  0  0  0  0  0  0  0  0  0  0  0  0  0  0  0  0  0  0  0  0  0  0  0  0  0  0  0  0  0  0  0  0  0  0  0  0  0  0  0  0  0  0  260  0  0  0  0  0  0  0  4668  49  0  0  0  24550  9342  0  0  0  0  31185  176  0  0  0  0  0  0  0  0  16677  46297  0  0  1  1963  0  0  0  0  33401  0  0  0  2  60254  12  1006  0  0  0  0  0  0  0  0  22  33  0  0  2  0  0  0  0  0  0  0  0  3059  24765  15  0  0  0  0  0  0  2337  0  1  1  0  0  
0  0  0  0  0  0  0  0  0  0  0  0  0  0  0  0  0  0  0  0  0  0  0  0  0  0  0  0  0  0  0  0  0  0  0  0  0  0  0  0  0  0  0  0  0  0  0  0  0  0  0  0  0  0  0  0  0  0  0  0  0  0  0  0  0  0  0  0  0  0  0  0  0  0  0  0  0  89  0  1  3  0  6  2  0  1  0  0  3  3  5  64  0  0  0  0  0  0  314  64218  2  0  3  0  0  0  75  49547  0  0  0  1  0  0  31844  0  0  0  69  0  0  798  89  0  0  5  0  0  9074  1298  1  1  0  0  0  0  0  0  4  55  1875  7  7  0  3  0  2473  18914  0  0  0  0  0  0  12  37  26  94  751  13  
0  0  0  0  0  0  0  0  0  0  0  0  0  0  0  0  0  0  0  0  0  0  0  0  0  0  0  0  0  0  0  0  0  0  0  0  0  0  0  0  0  0  0  0  0  0  0  0  0  0  0  0  0  0  0  0  0  0  0  0  0  0  0  0  0  0  0  0  0  0  0  0  0  0  0  56192  0  0  0  0  0  0  0  0  0  0  0  0  0  0  0  0  191  0  659  0  617  0  0  0  0  0  0  0  0  0  0  0  2  0  0  25644  0  0  0  0  33726  0  0  0  0  6  0  42214  0  0  0  0  0  0  26  0  12081  72402  13  0  0  0  0  0  0  0  0  0  0  163773  127  0  0  0  0  0  0  0  0  0  4  0  0  0  
0  0  0  0  0  0  0  0  0  0  0  0  0  0  0  0  0  0  0  0  0  0  0  0  0  0  0  0  0  0  0  0  0  0  0  0  0  0  0  0  0  0  0  0  0  0  0  0  0  0  0  0  0  0  0  0  0  0  0  0  0  0  0  0  0  0  0  0  0  0  0  0  0  0  0  15  0  0  0  0  0  0  0  0  0  0  0  0  0  0  0  0  7  0  0  0  1  0  0  5  0  0  0  0  0  0  0  22518  2390  0  21239  0  0  0  0  0  20362  0  0  0  0  5859  0  2771  0  0  0  0  0  0  0  3  8074  1407  64  0  0  0  0  0  0  0  0  0  0  158798  142506  0  0  0  0  0  0  0  1  0  37  0  0  0  
0  0  0  0  0  0  0  0  0  0  0  0  0  0  0  0  0  0  0  0  0  0  0  0  0  0  0  0  0  0  0  0  0  0  0  0  0  0  0  0  0  0  0  0  0  0  0  0  0  0  0  0  0  0  0  0  0  0  0  0  0  0  0  0  0  0  0  0  0  0  0  0  0  0  6513  0  0  1  417  123  0  0  2  0  0  125  17405  26325  10  17  0  0  0  0  0  0  0  4725  17  37  0  0  0  0  0  0  0  0  0  0  0  0  0  12563  29  0  0  0  9  0  6337  0  15252  0  0  664  2603  0  15  30  0  0  0  0  0  7300  8  11447  0  14  24  86  0  0  0  0  23  0  0  0  0  0  0  0  0  13  1  0  1265  0  
0  0  0  0  0  0  0  0  0  0  0  0  0  0  0  0  0  0  0  0  0  0  0  0  0  0  0  0  0  0  0  0  0  0  0  0  0  0  0  0  0  0  0  0  0  0  0  0  0  0  0  0  0  0  0  0  0  0  0  0  0  0  0  0  0  0  0  0  0  0  0  0  0  0  338  0  0  0  272  489  6  0  0  0  0  44563  50  32400  366  290  0  0  0  0  0  0  0  17  6  4  0  0  8  0  0  0  0  0  0  0  0  0  8198  0  5  0  0  0  0  0  324  0  18978  0  0  6372  1157  5  11  3  0  0  0  0  0  10  1  70  0  125  6  1976  0  0  0  0  9  0  0  1  0  0  0  0  0  82  0  1  902  0  
0  0  0  0  0  0  0  0  0  16  0  0  0  0  0  0  0  0  0  0  0  0  0  0  0  0  0  0  0  0  0  0  0  0  0  0  0  0  0  0  0  0  0  0  0  0  0  0  0  0  0  0  0  0  0  0  0  0  0  0  0  0  0  0  0  0  0  0  0  0  0  0  0  0  35  0  0  18551  14  13  69  50  587  172  0  199  0  4  61  13  8386  929  2  3  0  0  2  2  1030  55400  39  54  83  0  0  0  10542  2165  0  38257  0  0  11  13  0  0  0  17  1659  0  14  29731  26424  0  0  336  67  4  8178  4411  5  74  0  0  0  2  0  9  333  816  23105  608  209  0  77  0  12752  11416  0  0  0  1  0  0  88  812  74  1979  78069  368  
0  0  0  0  0  0  0  0  0  0  0  0  0  0  0  0  0  0  0  0  0  9  0  0  0  0  0  0  0  0  0  0  0  0  0  0  0  0  0  0  0  0  0  1  0  0  0  0  0  0  4  0  0  0  0  0  0  0  0  0  2  0  0  0  0  0  0  0  0  0  0  0  0  0  0  32528  0  0  0  0  0  0  0  0  35929  0  0  0  0  0  0  0  11236  43560  448  72790  0  0  0  0  0  0  0  0  0  0  0  0  0  0  2  0  0  0  0  0  0  45832  0  0  0  0  0  0  29242  0  0  0  0  0  43364  2397  102  3  10819  0  0  0  61  0  0  0  0  0  0  0  1  0  0  0  0  0  0  0  0  0  0  0  0  0  
0  0  0  0  0  0  0  0  0  0  0  0  0  0  0  0  0  0  0  0  0  0  0  0  0  0  0  0  0  0  0  0  0  0  0  0  0  0  0  0  0  0  0  0  0  0  0  0  0  0  0  0  0  0  0  0  0  0  0  0  0  0  0  0  0  0  0  0  0  0  0  0  0  0  0  0  0  0  0  0  0  0  0  0  0  0  45  0  0  0  217  9  0  0  0  0  30402  277  0  0  0  0  0  0  0  0  0  21299  33079  0  27934  17874  0  0  1  0  0  0  0  0  0  8028  0  27813  0  0  0  0  0  0  0  0  58  47  16  0  0  0  0  0  0  0  0  0  0  10129  3108  0  0  0  0  0  0  0  8463  0  473  0  2  0  
0  0  0  0  0  0  0  0  0  0  5  0  0  0  0  0  0  0  0  0  0  16  0  0  0  0  0  0  0  0  0  0  0  0  0  0  0  0  0  0  0  0  0  0  0  0  0  0  0  0  0  0  0  0  0  0  0  0  0  0  0  0  0  0  0  0  0  0  0  0  0  0  0  0  1  837  0  1  0  0  2  1  324  16940  68052  0  0  0  0  0  0  0  1047  16337  293  105784  9900  0  5  0  24  0  0  50  0  0  0  0  0  0  14  0  0  0  23  28244  0  0  0  0  0  1  234  4  1269  3  0  0  0  226  17655  15716  3386  60  23412  0  0  0  75409  13  0  0  0  0  697  1  1671  0  0  0  0  0  0  0  0  10  1272  296  160  4  
0  0  0  0  0  0  0  0  0  0  0  0  0  0  0  0  0  0  0  0  0  0  0  0  0  0  0  0  0  0  0  0  0  0  0  0  0  0  0  0  0  0  0  0  0  0  0  0  0  0  0  0  0  0  0  0  0  0  0  0  0  0  0  0  0  0  0  0  0  0  0  0  0  0  45  0  14555  27180  43  68  202  32446  65  51  0  439  0  3  8415  3125  2  3  0  0  0  0  0  2  198  7941  14  140629  143189  0  0  0  0  1  0  1  0  0  14  13  480  0  0  0  0  21388  44  8  9990  0  0  1295  174  278  201  476  0  0  0  0  0  1  0  10  2  476  191562  105109  61900  0  54  0  303  0  0  0  0  0  0  0  0  3160  0  42  10058  323  
0  0  80  0  0  0  0  28  381  5  0  0  0  0  0  161  0  0  0  0  0  0  0  0  0  0  0  0  0  17  0  0  0  0  0  0  0  0  0  0  0  0  0  0  0  28  0  0  0  0  0  0  0  0  0  0  0  0  0  0  0  0  0  0  0  192  0  0  0  0  13  0  0  0  0  0  40116  0  0  7  990  31410  29479  517  0  0  0  0  35  9359  0  0  0  4  0  0  0  0  14  1  7396  1826  1534  30804  0  0  0  0  0  1  0  0  0  0  34  0  0  0  31296  0  0  0  5  0  0  0  0  545  24  20703  0  15  0  0  0  0  0  0  38  688  67936  5  1421  0  20188  0  61  0  0  0  0  0  0  0  0  246  0  1  23  0  
0  0  0  0  0  0  0  0  0  0  0  0  0  0  0  0  0  0  0  0  0  0  0  0  0  0  0  0  0  0  0  0  0  0  0  0  0  0  0  0  0  0  0  0  0  0  0  0  0  0  0  0  0  0  0  0  0  0  0  0  0  0  0  0  0  0  0  0  0  0  0  0  0  0  6597  0  0  0  1211  324  4  0  0  0  0  202  16728  141  229  367  0  23190  0  0  0  0  1315  55854  15  5  0  0  0  0  0  64  0  0  0  0  0  0  9814  771  6  0  5  0  4  0  0  0  11432  0  0  764  3281  1  9  6  0  0  0  0  0  436  2056  18204  0  27  16  0  0  51  0  0  22  0  0  0  0  0  0  0  4  24  0  0  63301  0  
0  0  0  0  0  0  0  0  0  2  0  0  0  0  0  0  0  0  0  0  0  0  0  0  0  0  0  0  0  0  0  0  0  0  0  0  0  0  0  0  0  0  0  0  0  0  0  0  0  0  0  0  0  0  0  0  0  0  0  0  0  0  0  0  0  0  0  0  0  0  0  0  0  0  1  0  0  64  0  1  0  0  11  1  0  1275  10  0  2  0  35740  7160  0  0  0  0  461  15  3  32  1  7  0  0  0  0  22587  2314  54163  67  2  5341  3  0  19848  0  14370  1  93  0  0  0  473  1124  0  0  2  0  13  53  1  10  49  49  1  0  0  1  6  10  284  2  7  0  2  4501  134372  4234  0  0  0  0  0  0  10917  5  1651  5898  17769  2  
0  0  0  0  0  0  0  0  0  0  0  0  0  0  0  0  0  0  0  0  0  0  0  0  0  0  0  0  0  0  0  0  0  0  0  0  0  0  0  0  0  0  0  0  0  0  0  0  0  0  0  0  0  0  0  0  0  0  0  0  0  0  0  0  0  0  0  0  0  0  0  0  0  0  3617  0  0  27116  1342  1471  133  12  81  22  0  56993  108  274  1830  1928  9387  37753  1  0  0  0  229  293  400  2849  4  28  229  1  0  0  12  1  8  22  0  0  13293  31880  22360  0  0  2  22606  0  14272  1573  0  0  0  21854  4003  174  663  674  1  23  0  0  0  80  1  541  82  379  9916  37177  73  0  12  0  818  3  0  2  0  0  0  0  639  160  6  310  72347  5  
0  0  0  0  0  0  0  0  0  0  0  0  0  0  0  0  0  0  0  0  0  0  0  0  0  0  0  0  0  0  0  0  0  0  0  0  0  0  0  0  0  0  0  0  0  0  0  0  0  0  0  0  0  0  0  0  0  0  0  0  0  0  0  0  0  0  0  0  0  0  0  0  0  0  0  34  0  0  0  0  0  0  0  0  0  0  0  0  0  0  8  0  3  0  23014  0  20115  0  0  0  0  0  0  0  0  0  0  3  2306  0  47243  1889  0  0  2  0  37626  1  0  0  0  1418  0  0  0  0  0  0  0  1  3  1  1102  23463  15028  0  0  0  0  0  0  0  0  0  0  54651  1660  0  0  0  0  0  0  0  515  0  5052  0  1  0  
0  0  0  0  0  0  0  0  0  0  0  0  0  0  0  0  0  0  0  0  4  9  0  0  0  0  0  0  0  0  0  0  0  0  0  0  0  0  0  0  0  0  0  0  0  0  0  0  0  0  6  0  0  0  0  0  0  0  0  0  6  0  0  0  0  0  0  0  0  0  0  0  0  0  0  10740  0  0  0  0  0  0  0  0  0  0  0  0  0  0  0  0  1009  68  23388  31932  0  0  0  0  0  0  0  0  0  0  0  0  0  0  13  0  0  0  0  28196  0  71  0  0  0  0  0  0  0  0  0  0  0  0  5141  51  507  2  56077  0  0  0  5  0  0  0  0  0  0  0  5  0  0  0  0  0  0  0  0  0  1  1  0  0  
0  0  0  0  0  0  0  0  0  0  0  0  0  0  0  0  0  0  0  0  0  0  0  0  0  0  0  0  0  0  0  0  0  0  0  0  0  0  0  0  0  0  0  0  0  0  0  0  0  0  0  0  0  0  0  0  0  0  0  0  0  0  0  0  0  0  0  0  0  0  0  0  0  0  1618  0  0  1  592  2834  9041  1  1  0  0  10048  4  39282  92891  4322  0  6  0  0  0  0  0  94  367  93  1  0  910  0  0  0  0  0  0  1  0  0  2352  8654  65  0  0  0  2282  0  3037  1  14996  0  0  0  116866  10345  326  228  0  0  0  0  0  18485  3  1607  0  1909  989  54917  508  0  0  0  474  1  0  4  0  0  0  0  0  4724  0  1  19780  17  
0  0  0  0  0  0  0  0  0  0  0  0  0  0  0  0  0  0  0  0  0  0  0  0  0  0  0  0  0  0  0  0  0  0  0  0  0  0  0  0  0  0  0  0  0  0  0  0  0  0  0  0  0  0  0  0  0  0  0  0  0  0  0  0  0  0  0  0  0  0  0  0  0  0  35619  0  0  1  61264  46095  7206  0  2  0  0  137  7  632  157069  29914  0  1  0  0  0  0  0  66  151  85  0  0  14  0  0  0  0  0  0  3  0  0  361  2361  44  0  0  0  90  0  9820  0  2445  0  0  117932  0  83022  122  86  0  0  0  0  0  24555  3  592  0  3214  295  108  13  0  0  0  194  0  0  4  0  0  0  0  0  1956  0  0  28625  2  
0  0  0  0  0  0  0  0  0  0  0  0  0  0  0  0  0  0  0  0  0  0  0  0  0  0  0  0  0  0  0  0  0  0  0  0  0  0  0  0  0  0  0  0  0  0  0  0  0  0  0  0  0  0  0  0  0  0  0  0  0  0  0  0  0  0  0  0  0  0  0  0  0  0  0  0  0  0  16  11012  30809  33028  13  8  0  1  0  0  119699  138057  0  0  0  0  0  0  0  0  5  6  3  5  2253  0  0  0  0  0  0  0  0  0  0  4  6  0  0  0  732  284  2  0  38  0  0  3667  66934  0  8  217  0  0  0  0  0  0  0  0  0  1009  489  7883  24036  0  7  0  6  0  0  2  0  0  0  0  0  2770  0  0  839  16  
0  0  0  0  0  0  0  0  0  0  0  0  0  0  0  0  0  0  0  0  0  0  0  0  0  0  0  0  0  0  0  0  0  0  0  0  0  0  0  0  0  0  0  0  0  0  0  0  0  0  0  0  0  0  0  0  0  0  0  0  0  0  0  0  0  0  0  0  0  0  0  0  0  0  1  0  0  7  0  5  5  2  8  2  0  12  0  2  11  7  0  3  0  0  0  0  0  0  50384  55263  1  5  1  0  0  0  0  53  0  3843  0  0  13  3  4843  0  0  1  78  0  6  11  766  0  0  124  8  3  0  16516  1  0  0  0  2  0  0  1  1  60  13310  366  7  0  4  0  34745  14  0  0  0  0  0  0  0  118  1  7  788  21  
0  0  0  0  0  0  0  0  0  0  0  0  0  0  0  0  0  0  0  0  0  0  0  0  0  0  0  0  0  0  0  0  0  0  0  0  0  0  0  0  0  0  0  0  0  0  0  0  0  0  0  0  0  0  0  0  0  0  0  0  0  0  0  0  0  0  0  0  0  0  0  0  0  0  4  3  1  0  1  22  1102  580  4953  1738  0  1  0  0  113  231  0  3  12616  12494  0  0  0  0  126703  1442  195811  64  1021  40308  0  0  0  39  0  184  0  0  5  2  981  1  0  109  4094  6869  4  41  972  0  3  53  8  743  24777  0  89  28300  5  2  16  1  0  1  19164  6035  61682  125  299  0  50333  0  85499  7  0  0  0  0  0  0  2  1765  23  80  10156  625  
0  0  0  0  0  0  0  0  0  0  0  0  0  0  0  0  0  0  0  0  0  0  0  0  0  0  0  0  0  0  0  0  0  0  0  0  0  0  0  0  0  0  0  0  0  0  0  0  0  0  0  0  0  0  0  0  0  0  0  0  0  0  0  0  0  0  0  0  0  0  0  0  0  0  0  8949  0  0  0  0  0  0  0  1  12  0  0  0  0  0  0  0  156370  3896  1428  1847  1  0  63  0  0  0  0  0  0  0  0  0  0  0  232  0  0  0  3  48355  0  8302  0  0  0  0  21  1  12799  0  0  0  0  119  0  61573  20972  778  16503  0  0  0  2209  0  0  0  0  0  2  0  13567  0  0  0  0  0  0  0  0  4  3  0  29  2  
0  0  0  0  0  0  0  0  0  0  0  0  0  0  0  0  0  0  0  0  0  0  0  0  0  0  0  0  0  0  0  0  0  0  0  0  0  0  0  0  0  0  0  0  0  0  0  0  0  0  0  0  0  0  0  0  0  0  0  0  0  0  0  0  0  0  0  0  0  0  0  0  0  0  0  403  0  0  0  0  7  14  288  74  22538  1  0  0  6  0  0  0  72265  80194  59  2581  0  0  424  0  498  0  3  31  0  0  0  0  0  1  2  2  0  0  103  1217  1  26109  15  1  0  11  626  0  376  4  0  1  1  25433  40245  0  602  6  4758  0  0  1  52314  53  8  1  8  0  1753  4  26417  0  0  0  0  0  0  0  0  101  8  13  1738  72  
0  0  0  0  0  0  0  0  0  0  0  0  0  0  0  0  0  0  0  0  0  0  0  0  0  0  0  0  0  0  0  0  0  0  0  0  0  0  0  0  0  0  0  0  0  0  0  0  0  0  0  0  0  0  0  0  0  0  0  0  0  0  0  0  0  0  0  0  0  0  0  0  0  0  0  35798  0  0  0  0  0  0  0  0  0  0  0  0  0  0  0  0  54720  3  5643  4  4  0  0  0  0  0  0  0  0  0  0  0  0  0  13430  7573  0  0  0  298  15  226  0  0  0  9  0  115  2170  1  0  0  0  1  23815  681  0  16189  9038  0  0  0  31  0  0  0  0  0  1  12239  26710  0  0  0  0  0  0  0  0  0  68  0  0  0  
0  0  0  0  0  0  0  0  0  0  0  0  0  0  0  0  0  0  0  0  0  0  0  0  0  0  0  0  0  0  0  0  0  0  0  0  0  0  0  0  0  0  0  0  0  0  0  0  0  0  0  0  0  0  0  0  0  0  0  0  0  0  0  0  0  0  0  0  0  0  0  0  0  0  0  33086  0  0  0  0  0  0  0  0  0  0  0  0  0  0  0  0  427  0  61120  1  24  0  0  0  0  0  0  0  0  0  0  0  1  0  59646  2407  0  0  0  16  36  56  0  0  0  6  0  18189  115  0  0  0  0  0  718  24  18799  0  9525  0  0  0  0  0  0  0  0  0  0  28489  649  0  0  0  0  0  0  0  0  0  821  0  0  0  
0  0  0  0  0  0  0  0  0  0  0  0  0  0  0  0  0  0  0  0  0  7  0  0  0  0  0  0  0  0  0  0  0  0  0  0  0  0  0  0  0  0  0  0  0  0  0  0  0  0  0  0  0  0  0  0  0  0  0  0  3  0  0  0  0  0  0  0  0  0  0  0  0  0  0  23945  0  0  0  0  0  0  0  0  46  0  0  0  0  0  0  0  3028  1835  100858  87622  41604  0  0  0  0  0  0  0  0  0  0  0  0  0  39  15  0  0  1  7080  30  21116  0  0  0  6  1  18660  49132  0  0  0  0  1  14587  4541  10044  11715  0  0  0  0  678  0  0  0  0  0  1  44  1793  0  0  0  0  0  0  0  8  0  15486  65  1  0  
0  0  0  0  0  0  0  0  0  0  0  0  0  0  0  0  0  0  0  0  0  0  0  0  0  0  0  0  0  0  0  0  0  0  0  0  0  0  0  0  0  0  0  0  0  0  0  0  0  0  0  0  0  0  0  0  0  0  0  0  0  0  0  0  0  0  0  0  0  0  0  0  0  0  5688  0  0  0  14  31  2  0  0  0  0  7  8723  12314  22785  2  0  0  0  0  0  0  0  27205  0  0  0  0  0  0  0  0  0  0  0  0  0  0  12370  20  0  0  0  0  0  0  239  0  6  0  0  15560  15128  0  0  0  0  0  0  0  0  0  0  22959  0  11  0  0  0  0  0  0  0  0  0  0  0  0  0  0  0  18  0  0  2163  0  
0  0  0  0  0  0  0  0  0  0  0  0  0  0  0  0  0  0  0  0  0  0  0  0  0  0  0  0  0  0  2  8  0  0  0  0  0  0  0  0  0  0  0  0  0  0  0  0  0  0  0  0  0  0  0  0  0  0  0  0  0  0  0  0  0  0  0  0  0  0  0  0  0  0  77  0  0  0  29  4207  0  0  0  0  0  7  1  0  0  33  23  689  0  0  0  0  7991  78383  0  0  0  0  0  0  70357  13646  0  0  12  0  0  0  3  0  0  0  0  0  0  0  2035  0  0  0  0  4  2  0  0  0  0  0  0  0  0  2  0  18955  0  2  0  0  0  28801  0  0  0  0  0  0  0  0  0  0  24  546  26  127  57148  8678  
0  0  0  0  0  0  0  0  0  0  0  0  0  0  0  0  0  0  0  0  0  0  0  0  0  0  0  0  0  0  0  0  0  0  0  0  0  0  0  0  0  0  0  0  0  0  0  0  0  0  0  0  0  0  0  0  0  0  0  0  0  0  0  0  0  0  0  0  0  0  0  0  0  0  11876  0  0  0  1625  2488  5  0  0  0  0  119  2147  505  185  32  0  718  0  0  0  0  0  148394  7  5  0  0  0  0  2  57  0  0  0  0  0  0  27558  708  3  0  0  0  1  0  17219  0  327  0  0  2009  781  0  2  6  0  0  0  0  0  44064  24517  0  0  50  1  43  0  460  0  0  7  0  0  0  0  0  0  0  0  137  0  0  19988  2  
0  0  0  0  0  0  0  0  0  1  1  0  0  0  0  0  0  0  0  0  0  0  0  0  0  0  0  0  0  9  0  0  0  0  0  0  0  0  0  0  0  0  0  0  0  0  0  0  0  0  0  0  0  0  0  0  0  0  0  0  0  0  0  0  0  0  0  0  0  0  0  0  0  0  0  56  0  1  0  0  59  46  3871  5417  60322  1  0  0  19  0  0  3  1170  60271  10  805  9  0  304  0  5108  0  11  110479  0  0  0  0  0  1  1  0  1  0  325  270  0  71148  64  66  1  8  2675  0  269  8  0  1  2  15994  9159  48332  50  1  834  0  0  0  0  334  34  7  33  0  30315  0  8835  0  0  0  0  0  0  0  0  323  14  34  3925  187  
24  0  0  0  0  1231  90  2  33  5577  0  0  0  0  0  58  0  0  0  0  0  1  0  5  1  2  0  0  0  0  2  1948  0  0  0  0  0  0  0  0  10  0  0  0  1  0  0  15  1  0  0  0  3  0  0  2  0  0  0  0  0  0  0  22  0  23190  3  0  0  26  0  0  0  0  92  0  0  0  97  58854  29993  30215  47481  41954  0  4  0  5  448  115  0  1  1  2  0  1  4  4  19  5  10  0  529  8  1  13839  1  0  0  3  0  0  0  47  260  0  0  48  1802  20  18  4  68  0  0  220  250  361  22  575  1  38  0  0  0  4  1  8  92  0  1128  454  241  1  71  0  83  0  0  24600  19  2088  229  25  9  80031  590  593  3288  59  
0  0  0  0  0  0  0  0  0  2  0  0  0  0  0  0  0  0  0  0  0  0  0  0  0  0  0  0  0  0  0  0  0  0  0  0  0  0  0  0  0  0  0  0  0  0  0  0  0  0  0  0  0  0  0  0  0  0  0  0  0  0  0  0  0  0  0  0  0  0  0  0  0  0  77  0  8804  12554  56  82  460  1132  321  239  0  375  0  6  804  259  2  23  0  0  0  0  0  5  733  88014  28253  106055  1409  6901  0  0  0  19  0  545  0  0  25  22  25077  0  0  1  156230  36547  38  26  8476  0  0  760  215  831  16257  59081  0  9  0  0  0  2  0  18  28  1819  0  1770  1971  0  246  0  1917  8  0  1  0  0  0  0  2  5029  0  235  15693  679  
0  0  0  0  0  0  0  0  0  0  0  0  0  0  0  0  0  0  0  0  0  0  0  0  0  0  0  0  0  0  0  0  0  0  0  0  0  0  0  0  0  0  0  0  0  0  0  0  0  0  0  0  0  0  0  0  0  0  0  0  0  0  0  0  0  0  0  0  0  0  0  0  0  0  54  0  0  29215  38  73  1716  6  9  6  0  45606  1  25  32701  1359  0  0  0  0  0  0  0  13  554  319  0  6  86534  0  0  0  0  2  0  4  0  0  80  299  224  0  0  0  147201  2  26  0  44437  0  0  52863  242  16442  437  384  0  0  0  0  0  16  0  28  1  1634  2472  0  7113  0  0  0  588  0  0  1  0  0  0  0  0  6761  1  3  4811  42  
0  0  0  0  0  0  0  0  0  0  0  0  0  0  0  0  0  0  0  0  0  0  0  0  0  0  0  0  0  0  0  0  0  0  0  0  0  0  0  0  0  0  0  0  0  0  0  0  0  0  0  0  0  0  0  0  0  0  0  0  0  0  0  0  0  1  0  0  0  0  0  0  0  0  0  0  28  0  0  5  2073  42660  203  70  0  0  0  0  23635  34388  0  0  0  0  0  0  0  0  7  14  2  63  60216  0  0  0  0  0  0  2  0  0  0  0  60  0  0  0  92782  777  0  0  3  0  0  28  3  22710  19  62  0  0  0  0  0  0  0  0  1  1428  1690  5853  0  0  22  0  24  0  0  1  0  0  0  0  0  5865  0  13  3249  361  
1  0  0  0  0  19  0  0  0  0  0  0  0  0  0  2  0  0  0  0  0  0  0  4  0  0  0  0  0  0  1364  1  0  0  0  0  0  0  0  0  0  0  0  0  0  0  0  0  0  0  0  0  0  0  0  0  0  0  0  0  0  0  0  0  0  0  0  0  0  495  0  0  0  0  12457  0  0  0  1399  33369  0  0  0  0  0  0  0  0  0  25663  0  1  0  0  0  0  0  3784  0  0  0  0  0  0  37039  12163  0  0  0  0  0  0  0  0  0  0  0  0  0  0  17  0  0  0  0  1  0  0  0  0  0  0  0  0  0  0  35276  1284  0  2  0  0  0  0  0  0  0  0  0  0  0  0  0  0  0  1667  0  0  4570  142  
0  0  1  0  0  0  0  0  195  10  6  0  0  0  0  0  0  0  0  0  0  1  0  0  0  0  0  0  0  491  0  0  0  0  0  0  0  0  0  0  0  0  0  0  0  2  0  0  0  0  0  0  0  0  0  0  0  0  0  0  0  0  0  0  0  415  0  0  0  0  37  0  0  0  0  1  0  0  1  4  313  165  43978  1105  1  0  0  0  6  29  0  0  1  495  0  1  0  0  175  2  19469  1  140  106022  0  0  0  0  0  3  0  0  0  2  81  0  0  196  910  24505  0  1  62  0  1  0  0  65  52  67701  18  3376  1  0  0  0  0  0  13959  869  2331  2  169  0  0  0  1356  0  0  0  0  0  0  0  0  150  0  3  657  24  
0  0  0  0  0  0  0  0  0  0  0  0  0  0  0  0  0  0  0  0  0  0  0  0  0  0  0  0  0  0  0  0  0  0  0  0  0  0  0  0  0  0  0  0  0  0  0  0  0  0  0  0  0  0  0  0  0  0  0  0  0  0  0  0  0  0  0  0  0  0  0  0  0  0  0  156  0  0  0  0  0  0  0  0  0  0  0  0  0  0  0  0  15  0  1  0  5  0  0  0  0  0  0  0  0  0  0  19  3801  0  155671  165845  0  0  0  0  17265  0  0  0  0  4863  0  38594  1  0  0  0  0  1  0  2  12142  34770  396  0  0  0  0  0  0  0  0  0  0  0  37687  0  0  0  0  0  0  0  0  0  261  0  0  0  
0  0  0  0  0  0  0  0  0  1  0  0  0  0  0  0  0  0  0  0  0  0  0  0  0  0  0  0  0  0  0  0  0  0  0  0  0  0  0  0  0  0  0  0  0  0  0  0  0  0  0  0  0  0  0  0  0  0  0  0  0  0  0  0  0  0  0  0  0  0  0  0  0  0  4  459  0  6  6  7  89  82  575  225  0  8  0  2  50  4  136  593  71511  58  158  0  32  2  131879  26243  84  3  31  71  0  0  11381  75841  22700  3815  24  162594  3  7  10662  171  9705  1323  1280  1  5  138654  3283  11449  400  96  22  4  39531  82804  16617  23436  21752  614  3091  0  0  5  7662  1071  1057  112  66  0  1010  58388  0  22803  0  0  0  0  0  0  1495  752  6495  2067  10876  294  
0  0  0  0  0  0  0  0  0  0  0  0  0  0  0  0  0  0  0  0  0  0  0  0  0  0  0  0  0  0  0  0  0  0  0  0  0  0  0  0  0  0  0  0  0  0  0  0  0  0  0  0  0  0  0  0  0  0  0  0  0  0  0  0  0  0  0  0  0  0  0  0  0  0  0  0  0  105  0  0  0  0  0  1  0  0  0  0  1  0  20  49  0  0  0  0  1  0  7  204  0  0  0  0  0  0  36021  32056  6  21030  0  0  1  0  12310  0  0  0  2  0  0  12339  3  0  0  1  0  0  10  12  0  0  0  0  0  1  0  0  0  3  21  1  0  0  0  0  29066  0  0  0  0  0  0  0  35  3  4  319  332  0  
0  0  0  0  0  0  0  0  0  0  0  11  0  0  0  0  29190  25087  0  0  1  0  51589  6  4  0  0  0  0  0  2  32  0  13  23621  33  0  0  0  0  78  0  32846  0  2  0  4  53218  2  5  0  0  0  0  1  13  0  2  4  0  2  0  4820  0  4  0  13  1  0  0  2  0  470  0  0  0  0  0  0  0  0  0  0  0  0  0  0  0  0  0  0  0  0  0  0  0  0  0  0  0  0  0  0  0  0  0  0  0  0  0  0  0  0  0  0  0  0  0  0  0  0  0  0  0  0  0  0  0  0  0  0  0  0  0  0  0  0  0  0  0  0  0  0  0  0  0  0  0  0  0  223008  10033  27519  8030  0  0  0  0  0  0  
5545  0  1  0  443  25789  9595  933  1652  1265  0  74  0  26  2336  3440  0  2  0  0  0  0  0  110  1  1  4  40  841  90  0  72  0  0  0  0  0  0  2  2  10  0  0  75  1224  200  91  0  242  0  0  16706  6349  26727  0  17  0  0  0  0  0  55  0  1701  6  31574  83  16984  12287  33  8  0  1  0  0  0  0  0  1  64  81  3  1  0  0  0  0  0  0  0  0  0  0  0  0  0  0  0  0  0  0  0  1  0  0  0  0  0  0  0  0  0  0  0  0  0  0  0  0  0  0  0  0  0  0  0  1  2  0  0  0  0  0  0  0  0  0  0  0  2939  0  0  1  0  0  0  0  0  0  0  1  18941  6306  2944  0  4228  0  0  11  0  
1  16  0  33  0  0  2  0  25  5434  0  32  0  0  0  0  1  57  7  2  1015  108  46458  0  99  57  3  6  0  7  0  0  46  18  210  72  0  19  0  0  1909  1  2765  5996  81  0  1  1246  248  874  0  11  0  1  32  476  99  104  463  259  22732  0  0  0  189  267  392  445  0  0  58  677  1302  0  0  0  0  0  0  0  0  0  0  0  0  0  0  0  0  0  0  0  0  0  0  0  0  0  0  0  0  0  0  0  0  0  0  0  0  0  0  0  0  0  0  0  0  0  0  0  0  0  0  0  0  0  0  0  0  0  0  0  0  0  0  0  0  0  0  47  0  0  0  0  0  0  0  0  82175  3  0  14029  1263  3277  0  0  0  0  0  0  
6  0  2  14  5  134  6  34  52  5941  0  35  0  5  13  8  3  50  2  2  2  1  148  2  14  44  3  1237  1500  10  10  614  187  22  0  58  0  0  0  2  1369  0  1  25  7110  64  5  8814  506  0  0  201  173  39  0  125  5  7  0  0  8  1  6  4  92  374  3045  907  1673  3  52  0  706  2  0  0  0  0  0  0  0  0  2  4  0  0  0  0  0  0  0  1  0  0  0  2  0  0  0  0  0  0  0  0  0  4  0  0  0  0  0  0  0  0  9  0  0  0  0  0  0  0  0  0  0  0  0  0  0  0  0  0  0  0  0  0  0  0  0  825  0  0  0  0  0  0  0  0  1681  22578  10419  0  29701  22994  0  18  22  1218  10  0  
7783  0  1  21  902  8979  12  37  42  40  0  113  0  108  818  254  23027  63377  1  0  0  0  97  6638  27  91  10  882  4549  29  36  375  2  4  113  39  0  0  5  1  829  0  24  3  12488  59  36668  67734  49360  0  0  7225  8892  1681  5  355  0  3  0  0  0  741  23097  10371  24  38  5372  5669  4216  214  137  0  461  0  0  0  0  0  0  0  0  0  0  0  0  0  0  0  0  0  0  0  0  0  0  0  0  0  0  0  0  0  0  0  0  0  0  0  0  0  0  0  0  0  0  0  0  0  0  0  0  0  0  0  0  0  0  0  0  0  0  0  0  0  0  0  0  0  0  2  0  0  0  0  0  0  0  0  18642  6262  419  15571  0  251318  0  1  0  0  0  0  
440  0  0  0  42  2783  2  9  2  4  0  0  0  0  25  20  57  2599  0  0  0  0  16  416  0  0  0  26  779  0  176  2299  0  1  0  0  0  0  0  0  4  0  0  0  1118  5  5  1011  10  0  0  53  466  29  0  0  0  0  0  0  0  14  12152  3326  0  128  76  43  633  634  0  0  9  0  0  0  0  0  0  0  0  0  0  0  0  0  0  0  0  0  0  0  0  0  0  0  0  0  0  0  0  0  0  0  0  0  0  0  0  0  0  0  0  0  0  0  0  0  0  0  0  0  0  0  0  0  0  0  0  0  0  0  0  0  0  0  0  0  0  3  0  0  0  0  0  0  0  0  15179  7908  3651  43726  512917  0  0  4  0  0  0  0  
0  0  0  0  0  0  0  0  0  0  0  0  0  0  0  0  0  0  0  0  0  0  0  0  0  0  0  0  0  0  0  1  0  0  0  0  0  0  0  0  0  0  0  0  0  0  0  0  0  0  0  0  0  0  0  0  0  0  0  0  0  0  0  0  0  0  0  0  0  0  0  0  0  0  0  0  0  0  0  0  0  0  2  2  0  0  0  0  0  0  18023  21574  0  0  0  0  82700  140  1  0  0  0  0  0  11  57  0  0  1526  2  0  0  0  0  57  0  13606  0  0  0  6  24629  301  500  0  0  1  0  0  12  0  0  1  0  19  0  26  1  0  9  0  0  0  0  0  1  2416  0  0  0  0  0  0  0  0  932  225288  12790  37558  4897  
0  0  0  0  0  56  0  0  0  48  0  0  0  0  0  8  0  0  0  0  0  0  0  1  0  0  0  0  0  0  0  49  0  0  0  0  0  0  0  0  0  0  0  0  0  0  0  0  0  0  0  0  0  0  0  0  0  0  0  0  0  0  0  2  0  295  0  0  0  0  0  0  0  0  181  0  0  0  417  22618  1440  32  19  6  0  3  0  1  2325  535  0  3  0  0  0  0  30  81  60  61  5  9  9477  0  10  9961  0  1  0  7  0  0  0  6  183  0  0  0  10594  4  4  1  28  0  0  685  661  779  71  243  0  10  0  0  0  1  44  46  14  25546  5760  1632  5917  672  6  0  124  1  0  3406  0  25  0  4  305  0  36  28118  107065  74128  
0  0  0  0  0  0  0  0  0  4  0  0  0  0  0  0  0  0  0  0  0  0  0  0  0  0  0  0  0  0  0  0  0  0  0  0  0  0  0  0  0  0  0  0  0  0  0  0  0  0  0  0  0  0  0  0  0  0  0  0  0  0  0  0  0  0  0  0  0  0  0  0  0  0  13  14  0  1  4  9  1  1  3  3108  0  2  0  1  2  7  24  23  18  0  31  367  42449  2  14  27  1  0  0  0  3  8  0  4  0  23  2  34  9  16  1298  0  1502  4593  16  0  5  2061  339  10655  0  33  26  1  32  316  19  25  58  475  18848  2  4  8  60  284  5  29  0  0  11  100  8112  3  0  0  0  25  0  0  77557  22  0  25040  551  49  
0  0  0  0  0  0  0  0  0  1791  0  0  0  0  0  0  0  0  0  0  0  0  0  0  0  0  0  0  0  0  0  113  0  0  0  0  0  0  0  0  0  0  0  0  0  0  0  1  0  0  0  0  0  0  0  0  0  0  0  0  0  0  0  0  0  1  0  0  0  0  0  0  0  0  20  0  0  1  3  8  5  4  25  19  0  5  0  2  7  3  82  425  6  0  6  36  372  1  27  38  8  3  54  2  25  227  23  9  0  47  0  0  2  7  4351  0  0  32  417  1  6  3670  338  0  2  35  19  1  47  637  6  26  6  0  1  1  16  6  39  74  770  26  59  0  13  0  3886  121  0  0  0  2821  1  0  4442  67177  25091  0  24913  35739  
0  0  0  0  0  0  0  0  0  3  0  0  0  0  0  0  0  0  0  0  0  0  0  0  0  0  0  0  0  0  0  0  0  0  0  0  0  0  0  0  0  0  0  0  0  0  0  0  0  0  0  0  0  0  0  0  0  0  0  0  0  0  0  0  0  1  0  0  0  0  0  0  0  0  6665  1  0  9  3106  8623  319  22  194  60  0  20  7  10  2886  2219  2551  34638  3  2  0  0  14013  7168  195  644  18  114  5072  2  7400  7947  2  8  1  41  0  0  27  90  16276  0  0  1  6217  2  31637  16612  25798  0  0  8383  2820  935  435  1382  1  80  0  0  0  168  29383  2389  171  1586  11437  1552  6682  1482  46  0  1303  13  0  1  0  0  0  0  15924  79354  419  11500  0  204879  
0  0  0  0  0  0  0  0  0  0  0  0  0  0  0  0  0  0  0  0  0  0  0  0  0  0  0  0  0  0  0  2  0  0  0  0  0  0  0  0  0  0  0  0  0  0  0  0  0  0  0  0  0  0  0  0  0  0  0  0  0  0  0  0  0  0  0  0  0  0  0  0  0  0  1  0  0  0  0  66  2  2  8  0  0  0  0  0  64  2  0  42  0  0  0  0  4767  1  4  12  2  9  727  0  10378  6164  0  0  0  0  0  0  0  0  41  0  0  0  434  0  0  7  9  0  0  2  0  11  17  41  0  1  1  0  0  0  15814  0  3  20  399  53  589  24  2  0  49  0  0  0  0  0  0  0  2736  178498  524  29413  407801  0  
