0  0  0  0  74994  5094  5  0  0  0  0  1  0  52  28203  4077  0  0  0  0  0  0  0  87388  0  0  0  0  0  0  13282  4  0  0  0  0  0  0  279  0  0  0  0  0  0  0  195  0  16  0  0  67  15134  3  0  0  0  0  0  0  0  7764  45  8536  0  215  0  1  0  10585  0  0  0  0  0  0  0  0  0  4  0  0  0  0  0  0  0  0  0  3  0  0  0  0  0  0  0  0  0  0  0  0  0  0  0  0  0  0  0  0  0  0  0  0  0  0  0  0  0  0  0  0  0  0  0  0  0  0  0  0  0  0  0  0  0  0  0  0  0  0  0  0  0  1  0  0  0  0  0  3196  0  0  241  0  0  0  0  0  0  0  
0  0  0  0  0  0  0  0  0  0  8  0  0  0  0  0  0  0  61959  26  51159  15963  0  0  0  0  0  0  0  0  0  0  0  0  0  0  28  0  0  0  0  51211  0  1056  0  0  0  0  0  0  43954  0  0  0  0  0  33703  389  35183  140  6105  0  0  0  11  0  0  0  0  0  0  13  0  0  0  0  0  0  0  0  0  0  0  0  0  0  0  0  0  0  0  0  0  0  0  0  0  0  0  0  0  0  0  0  0  0  0  0  0  0  0  0  0  0  0  0  0  0  0  0  0  0  0  0  0  0  0  0  0  0  0  0  0  0  0  0  0  0  0  0  0  0  0  0  0  0  0  0  0  0  0  0  0  0  0  0  0  0  0  0  
0  0  0  0  0  0  0  4949  13  0  0  0  0  0  0  61530  0  0  0  0  0  0  0  0  0  0  19662  15890  38202  14213  0  0  0  0  0  0  0  0  0  0  0  0  0  0  49985  48377  0  0  0  0  0  0  0  0  0  0  0  0  0  0  0  0  0  0  0  1  9402  0  738  0  0  0  0  0  0  0  35  0  0  0  0  35  9  0  0  0  0  0  0  89  0  0  0  0  0  0  0  0  0  0  0  0  1  8  0  0  0  0  0  0  0  0  0  0  0  0  0  0  0  123  0  0  0  0  0  0  0  0  0  0  0  0  0  0  0  0  0  0  0  0  0  0  0  0  0  0  0  0  0  1  0  1  11  0  0  0  0  0  0  0  
0  0  0  0  0  1  0  14  84  1  0  55177  0  3  0  0  520  7  0  0  0  0  0  0  18  93102  141  26665  31448  5  0  0  6190  2742  221  85  0  0  0  19  14920  0  0  1  61455  50  0  474  42049  0  0  25  1  0  2  771  0  0  0  0  0  0  0  0  3  36  20020  19310  20  0  239  0  4  4  0  0  0  0  0  0  0  0  0  0  0  0  0  0  0  0  0  0  0  0  0  0  0  0  0  0  0  0  0  0  0  0  0  0  0  0  0  0  0  0  0  0  0  0  0  0  0  0  0  0  0  0  0  0  0  0  0  0  0  0  0  0  0  0  0  0  0  0  0  0  0  0  0  0  0  39  0  89  737  3  0  0  0  0  0  0  
66111  0  0  0  0  5563  2  0  0  0  0  0  0  0  39645  82041  0  0  0  0  0  0  0  2666  0  0  0  0  0  0  5215  2  0  0  0  0  0  0  1  0  0  0  0  0  0  0  1  0  0  0  0  12  27969  1  0  0  0  0  0  0  0  24  19  943  0  39  0  0  0  3172  0  0  0  0  0  0  0  0  0  26  0  0  0  0  0  0  0  0  0  10  0  0  0  0  0  0  0  0  0  0  0  0  0  0  0  0  0  0  0  0  0  0  0  0  0  0  0  0  0  0  0  0  0  0  0  0  0  0  0  0  0  0  0  0  0  0  0  0  0  0  0  0  0  2  0  0  0  0  0  126  0  0  5  0  0  0  0  0  0  0  
8614  0  0  0  22589  0  33219  57  27  0  0  7  0  19  6669  97377  0  0  0  0  0  0  0  410  0  0  0  0  0  0  2441  21867  0  0  0  0  0  0  36  0  0  0  0  0  2  0  29  0  24  0  0  973  28141  11561  0  0  0  0  0  0  0  11  750  5068  0  71911  0  3  10  57481  1  0  0  0  0  0  0  0  1  7696  587  6  1  0  0  0  0  0  0  580  0  0  0  0  0  0  0  0  0  0  0  0  0  0  115  252  0  0  0  0  0  0  0  0  0  0  0  0  0  0  0  0  0  0  0  0  0  0  0  0  0  0  0  0  0  0  0  2  0  7587  0  0  0  8  0  0  0  0  0  6141  0  0  234  2  0  376  0  0  7  0  
26  0  0  0  3  39521  0  41458  60  0  0  22  0  0  17  100485  0  0  0  0  0  0  0  0  0  0  0  0  1  0  0  18  0  0  0  0  0  0  0  2  0  0  0  0  13  1  0  0  24  0  0  697  1430  12702  0  0  0  0  0  0  0  0  0  1  0  44349  1  64  301  2  2  0  0  0  0  0  0  0  0  282  883  383  4  0  0  0  0  0  0  130  0  0  0  0  0  0  0  0  0  0  0  0  0  0  0  1  0  0  0  0  0  0  0  0  0  0  0  0  0  0  0  0  0  0  0  0  0  0  0  0  0  0  0  0  0  0  0  0  0  589  0  0  0  0  0  0  0  0  0  370  0  0  94  0  0  0  0  0  0  0  
1  0  4344  3  0  687  38548  0  27841  4  0  6  0  0  0  70141  0  1  0  0  0  0  0  0  1  1  11  76  10261  2  0  2  0  0  0  0  0  0  0  0  3  0  0  0  13015  27174  0  1  63  0  0  133  87  2152  0  23  0  0  0  0  0  0  0  0  0  45539  838  223  43736  0  205  0  0  0  0  0  26  0  0  112  11  5588  2531  0  0  0  0  0  0  122  0  0  0  0  0  0  0  0  0  0  0  0  0  0  0  0  0  0  0  0  0  0  0  0  0  0  0  0  0  98  0  0  0  0  0  0  0  0  0  0  0  0  0  0  0  0  0  0  0  288  0  0  0  0  0  0  0  0  0  3893  0  353  2555  77  0  1  0  0  0  0  
0  0  21  45  0  123  7  14957  0  15465  1  13  0  1  0  4  2  0  3  0  0  1  0  0  162  105  379  198  12  7424  0  0  0  0  0  1  0  0  0  3  496  0  0  543  897  22421  0  443  680  0  0  23  4  29  8  1751  9  61  0  1  1  0  0  0  10433  52660  1231  26  92  0  74441  0  151  0  0  0  0  0  0  2  0  957  66641  579  58  0  0  0  0  0  0  0  0  0  0  84  0  0  0  0  0  0  0  24637  0  0  0  0  0  0  0  0  0  0  0  0  0  1  0  163  0  0  0  0  0  0  0  0  0  0  0  0  0  0  0  0  0  0  167  351  0  0  0  0  7539  0  0  0  0  291  0  161  2426  35  0  0  0  0  0  0  
0  0  0  1  0  1  0  3  18723  0  0  0  0  0  0  0  0  0  0  0  0  132  1917  0  2  1  4  3  1  15131  0  0  0  0  0  0  0  0  0  0  35  0  0  30716  13  0  0  114  8  0  0  0  0  0  0  21  3  1  0  0  1  0  0  0  9406  100655  13  0  0  0  40  0  4  0  0  0  0  0  0  0  0  1  2803  854  11  0  0  0  0  0  0  0  0  0  0  206  0  0  0  0  0  0  0  1268  0  0  0  0  0  0  0  0  0  0  0  0  0  10  0  0  0  0  0  0  0  0  0  0  0  0  0  0  0  0  0  0  0  0  12  10218  0  0  0  0  10  0  0  0  0  3  0  14233  2212  115  0  0  0  4  12  4  
0  3  0  0  0  0  0  0  0  0  0  0  0  0  0  0  0  0  27  37675  0  13568  0  0  184  1  238  0  0  453  0  0  0  0  0  0  0  3  0  0  0  18395  0  163496  0  0  0  0  0  0  1  0  0  0  1  0  46  2644  12  0  56  0  0  0  88566  0  0  0  0  0  1  0  9  0  0  0  0  0  0  0  0  0  0  0  654  0  0  0  0  0  0  0  0  0  0  3463  0  0  0  0  0  0  0  0  0  0  0  0  0  0  0  0  0  0  0  93  0  322  0  0  0  0  0  0  0  0  0  0  0  0  0  0  0  0  10  0  0  0  0  0  0  0  0  0  0  0  0  0  0  0  0  0  0  0  0  0  0  0  0  0  
4  0  0  59308  1  6  2  0  8  0  0  0  150  59130  2879  1  231  2152  0  0  0  0  0  5  1  455  22  9  7485  0  0  0  2633  730  5700  0  0  0  3  45515  281  0  0  0  14224  1  305  526  78186  0  0  147397  464  144  0  77  0  0  0  0  0  0  7  0  0  56  580  93245  8  0  15  0  0  0  0  0  0  0  0  0  0  0  0  0  0  0  0  0  0  0  0  0  0  0  0  0  0  0  0  0  0  0  0  0  0  0  0  0  0  0  0  0  0  0  0  0  0  0  0  0  0  0  0  0  0  0  0  0  0  0  0  0  0  0  0  0  0  0  0  0  0  0  0  0  0  0  0  0  0  177  0  3  1066  1  0  0  0  0  0  0  
3  0  0  0  0  0  0  0  0  0  0  139  0  16727  12  0  0  8  0  0  0  0  0  43823  0  0  0  0  0  0  0  0  0  7  8  0  0  0  38292  3  0  0  5  0  0  0  11256  4  59  0  0  29  4  0  0  0  0  0  0  0  0  11440  3  2711  0  0  0  0  0  0  0  0  0  0  0  0  0  0  0  0  0  0  0  0  0  0  0  0  0  0  0  0  0  0  0  0  0  0  0  0  0  0  0  0  0  0  0  0  0  0  0  0  0  0  0  0  0  0  0  0  0  0  0  0  0  0  0  0  0  0  0  0  0  0  0  0  0  0  0  0  0  0  0  0  0  0  0  0  0  18  0  0  20  0  0  0  0  0  0  0  
4  0  0  0  0  0  0  0  0  0  0  57256  19640  0  14037  0  0  320  0  0  0  0  0  870  0  0  0  0  0  0  0  0  0  106  15  0  0  0  26992  33480  0  0  0  0  12  0  2062  3  19670  0  0  144138  44  0  0  1  0  0  0  0  0  53827  0  6  0  0  1  49  1  0  1  0  0  0  0  0  0  0  0  0  0  0  0  0  0  0  0  0  0  0  0  0  0  0  0  0  0  0  0  0  0  0  0  0  0  0  0  0  0  0  0  0  0  0  0  0  0  0  0  0  0  0  0  0  0  0  0  0  0  0  0  0  0  0  0  0  0  0  0  0  0  0  0  0  0  0  0  0  0  37  0  0  145  0  0  0  0  0  0  0  
27510  0  0  0  37455  2795  6  0  2  0  0  542  46  6928  0  113766  0  0  0  0  0  0  0  18540  0  0  0  0  15265  0  0  0  0  0  0  0  0  0  2565  0  0  0  0  0  7  0  250  0  75  0  0  262935  292537  222434  0  0  0  0  0  0  0  32851  3  645  0  57  0  51101  13123  36  0  0  0  0  0  0  0  0  0  0  0  0  0  0  0  0  0  0  0  0  0  0  0  0  0  0  0  0  0  0  0  0  0  0  0  0  0  0  0  0  0  0  0  0  0  0  0  0  0  0  0  0  0  0  0  0  0  0  0  0  0  0  0  0  0  0  0  0  0  0  0  0  0  0  0  0  0  0  0  383  0  0  288  0  0  0  0  0  0  0  
4625  0  62613  0  86183  112572  76212  57267  55  0  0  1  0  0  94131  0  0  0  0  0  0  0  0  62  0  0  0  0  46512  0  3348  2504  0  0  0  0  0  0  0  0  0  0  0  0  38  3023  1  0  2  0  0  163  9752  185711  0  1  0  0  0  0  0  0  18  714  0  6763  1  265  42031  30115  2  0  0  0  1  0  48  0  39  5200  198  186  0  0  0  0  0  0  0  3057  0  0  0  0  0  0  0  0  0  0  0  0  0  1  1  7  0  0  0  0  0  0  0  0  0  0  0  0  0  40  0  0  0  0  0  0  0  0  0  0  0  0  0  0  0  0  0  0  0  43  0  0  0  60  0  0  0  0  0  561  0  0  77  0  0  0  0  0  0  0  
0  0  0  333  0  0  0  1  92  0  0  133  0  0  0  0  0  37812  0  0  0  0  18230  398  3  15  106  5  0  1  0  0  1633  0  11725  0  0  4  0  1  9174  0  138  0  83  2  165  55935  25375  1  0  1  0  1  2  297  0  0  4  1  1  0  3311  0  0  14  485  1  4  0  401  1  33  0  0  0  0  0  0  0  0  0  0  0  0  0  0  0  0  0  0  0  0  0  0  0  0  0  0  0  0  0  0  0  0  0  0  0  0  0  0  0  0  0  0  0  0  0  0  0  0  0  0  0  0  0  0  0  0  0  0  0  0  0  0  0  0  0  0  0  0  0  0  0  0  0  0  0  7085  8  5  18  98915  226  0  0  0  0  0  0  
0  0  0  12  0  1  0  0  12  0  0  5768  50  519  1  0  38174  0  0  0  0  0  18181  10000  0  11  21  1  0  1  0  0  284  2  741  0  0  0  12  65  72  0  8  0  32  3  36832  10039  65700  0  0  18  4  0  1  84  0  0  0  0  0  0  25800  1  0  3  97  2  4  0  66  0  2  0  0  0  0  0  0  0  0  0  0  0  0  0  0  0  0  0  0  0  0  0  0  0  0  0  0  0  0  0  0  0  0  0  0  0  0  0  0  0  0  0  0  0  0  0  0  0  0  0  0  0  0  0  0  0  0  0  0  0  0  0  0  0  0  0  0  0  0  0  0  0  0  0  0  0  3078  7  0  38  103240  617  0  0  0  0  0  0  
0  61564  0  0  0  0  0  0  0  0  19  0  0  0  0  0  0  0  0  7793  624  212  0  0  32362  0  87  0  0  1  0  0  0  0  0  0  550  18867  0  0  1  23632  0  274  0  0  0  0  0  0  167  0  0  0  1  529  143070  91682  53388  304  730  0  0  0  344  0  0  0  0  0  1  288  53159  0  0  0  0  0  0  0  0  0  0  0  0  0  0  0  0  0  0  0  0  0  0  0  0  0  0  0  0  0  0  0  0  0  0  0  0  0  0  0  0  0  0  0  0  0  0  0  0  0  0  0  0  0  0  0  0  0  0  0  0  0  0  0  0  0  0  0  0  0  0  0  0  0  0  0  0  0  0  0  0  0  0  0  0  0  0  0  
0  20  0  0  0  0  0  0  0  0  33383  0  0  0  0  0  0  0  9698  0  7  2021  0  0  388  0  7903  0  0  7  0  0  0  0  0  0  0  0  0  0  0  14668  0  13492  0  0  0  0  0  0  12  0  0  0  0  9978  858  61207  9  0  703  0  0  0  36233  0  0  0  0  0  0  0  2  0  0  0  0  0  0  0  0  0  0  0  1  0  0  0  0  0  0  0  0  0  0  0  0  0  0  0  0  0  0  0  0  0  0  0  0  0  0  0  0  0  0  0  0  0  0  0  0  0  0  0  0  0  0  0  0  0  0  0  0  0  0  0  0  0  0  0  0  0  0  0  0  0  0  0  0  0  0  0  0  0  0  0  0  0  0  0  
0  45290  0  0  0  0  0  0  0  0  0  0  0  0  0  0  0  0  240  4  0  340  6165  0  0  0  0  0  0  0  0  0  0  0  2  0  7602  17  0  0  0  0  9  38  0  0  0  1  0  54157  12363  0  0  0  0  0  354  116  13717  107488  106225  0  0  0  4  0  0  0  0  0  0  1178  104  0  0  1  0  0  0  0  0  0  0  0  0  0  0  0  0  0  0  0  0  0  0  0  0  0  0  0  0  0  0  0  0  0  0  0  0  0  0  0  0  0  0  1  0  0  0  0  0  0  0  0  0  0  0  0  0  0  0  0  0  0  0  0  0  0  0  0  0  0  0  0  0  0  0  0  0  0  7  2  0  0  0  0  0  1  0  0  
0  18172  0  0  0  0  0  0  10  679  5746  0  0  0  0  0  0  0  220  527  987  0  7968  0  0  0  0  0  0  696  0  0  0  0  0  0  0  1  0  0  0  49692  0  240211  0  0  0  1  0  0  46351  0  0  0  0  1  7866  1043  374  34  141187  0  0  0  6993  1  0  0  0  0  1  41  25  0  0  11  0  0  0  0  0  0  0  0  5  0  0  0  0  0  0  0  0  0  2  4602  0  0  0  0  0  0  0  0  0  0  0  0  0  0  0  0  0  0  0  228  0  36  0  0  0  0  0  0  4  0  0  0  0  0  0  0  0  0  90  0  0  0  0  0  0  0  0  0  0  0  0  0  0  0  0  83  0  0  0  0  0  2  0  0  
0  0  0  0  0  0  0  0  28  1884  0  3  1  0  0  0  15839  16698  0  0  8290  9474  0  157  0  1  0  0  0  6  0  0  0  13  30298  3  21  49  0  0  26  0  71934  12826  0  0  197  2226  5  30880  0  0  0  0  7  0  0  1  104  144  62935  0  5385  0  65  1165  0  0  0  0  0  28  214  2  0  0  0  0  0  0  0  0  0  0  0  0  0  0  0  0  0  0  0  0  0  0  0  0  0  0  0  0  0  0  0  0  0  0  0  0  0  0  0  0  0  0  0  0  0  0  0  0  0  0  0  0  0  0  0  0  0  0  0  0  0  0  0  0  0  0  0  0  0  0  0  0  0  0  72062  0  23091  449  2480  71  0  0  0  3  0  0  
84911  0  0  0  4946  174  0  0  0  0  0  17  41385  455  19638  172  1455  8428  0  0  0  0  146  0  0  0  0  0  0  0  35996  274  0  8  70  0  0  0  13716  0  0  0  373  0  0  0  60005  4066  310  0  0  5  219  0  0  0  0  0  0  0  0  49011  120160  188080  0  9  0  0  0  9714  0  0  0  0  0  0  0  0  0  343  0  0  0  0  0  0  0  0  0  1212  0  0  0  0  0  0  0  269  0  0  0  0  0  0  7163  0  0  0  0  0  0  0  0  0  0  0  0  0  0  0  0  0  0  0  0  0  0  0  0  0  0  0  0  0  0  0  137  0  0  0  0  0  0  144  0  0  0  0  2837  1984  0  0  19509  10  0  0  0  0  0  0  
0  0  0  42  0  0  0  0  824  0  66  16  0  0  0  0  0  0  34094  139  0  0  0  0  0  17910  5156  2  0  471  0  0  0  0  0  9150  0  5  0  0  4795  0  0  27  37  1  0  11  665  0  0  0  0  0  49269  160646  15  11657  0  0  0  0  0  0  5951  9  9  9  0  0  2425  0  216388  0  0  0  0  0  0  0  0  0  0  0  5  0  0  0  0  0  0  0  0  0  0  0  0  0  0  0  0  0  0  0  0  0  0  0  0  0  0  0  0  0  0  0  0  0  0  0  0  0  0  0  0  0  0  0  0  0  0  0  0  0  0  0  0  0  0  0  0  0  0  0  0  0  0  0  0  2  0  4  28  0  0  0  0  0  0  0  
0  0  0  101213  0  0  0  11  114  0  0  358  0  1  0  0  50  0  0  0  0  0  0  0  15190  0  236  2592  2  4  0  0  1562  6901  1  145368  0  2  0  14  91648  0  0  3  2808  19  0  380  11224  0  0  24  1  1  58820  21081  5  6  0  0  0  0  0  0  33  12  117824  148  18  0  384  6  16602  11  0  0  0  0  0  0  0  0  0  0  0  0  0  0  0  0  0  0  0  0  0  0  0  0  0  0  0  0  0  0  0  0  0  0  0  0  0  0  0  0  0  0  0  0  0  0  0  0  0  0  0  0  0  0  0  0  0  0  0  0  0  0  0  0  0  0  0  0  0  0  0  0  0  0  0  38  0  77  912  5  0  0  0  0  0  0  
0  0  24781  70  0  0  0  92  263  2  285  55  0  1  0  0  10  0  380  5944  0  0  0  0  4912  242  0  408  21  186325  0  0  0  0  0  14  0  0  0  14  1032  0  0  1  1082  26670  0  83  2407  0  0  21  1  1  82  240136  2  30  0  0  0  0  0  0  23574  52  80791  97  7  0  19814  0  639  0  0  0  0  0  0  0  0  0  0  0  34  0  0  0  0  0  0  0  0  0  0  1  0  0  0  0  0  0  0  25  0  0  0  0  0  0  0  0  0  0  0  0  0  0  0  0  0  0  0  0  0  0  0  0  0  0  0  0  0  0  0  0  0  0  0  0  0  0  0  0  0  0  0  0  0  35  0  15  4940  13  0  0  0  0  0  0  
0  0  16026  27841  0  2  0  77  249  0  0  7  0  0  0  0  0  0  0  0  0  0  0  0  0  2967  617  0  2141  1  0  0  0  0  0  0  0  0  0  0  2  0  0  0  146166  2452  0  0  155  0  0  0  0  0  0  25  0  0  0  0  0  0  0  0  0  58  206487  4  11  0  96  0  0  0  0  0  0  0  0  0  0  0  0  0  0  0  0  0  0  0  0  0  0  0  0  0  0  0  0  0  0  0  0  0  0  0  0  0  0  0  0  0  0  0  0  0  0  0  0  0  0  0  0  0  0  0  0  0  0  0  0  0  0  0  0  0  0  0  0  0  0  0  0  0  0  0  0  0  0  10  0  46  295  4  0  0  0  0  0  0  
0  0  34655  32676  0  3  0  11692  74  0  0  8437  0  0  16887  37200  0  0  0  0  0  0  0  0  0  0  4  3477  0  0  0  0  0  0  0  0  0  0  0  0  2  0  0  0  229738  517  0  0  15  0  0  1892  0  120  0  1  0  0  0  0  0  0  0  0  0  42  125  104003  123535  0  1  0  0  0  0  0  0  0  0  0  0  0  0  0  0  0  0  0  0  0  0  0  0  0  0  0  0  0  0  0  0  0  0  0  0  0  0  0  0  0  0  0  0  0  0  0  0  0  0  0  0  0  0  0  0  0  0  0  0  0  0  0  0  0  0  0  0  0  0  0  0  0  0  0  0  0  0  0  0  417  0  41  1108  9  0  0  0  0  0  0  
0  0  16020  1  0  1  0  3  8517  19900  536  1  0  0  0  0  3  0  1  6  0  1004  0  0  1033  5  199913  11  2  0  0  0  0  0  0  0  0  0  0  0  87  0  0  10376  69  35115  0  0  63  0  0  0  0  0  2  28782  3  7  0  0  0  0  0  0  110853  159  1709  0  0  0  85094  0  80  0  0  0  0  0  0  0  0  0  26  12  3329  0  0  0  0  0  0  0  0  38  0  11697  0  0  0  0  128  0  0  2113  0  0  0  0  0  0  0  0  0  0  0  0  0  61  0  0  0  0  0  0  0  0  0  0  0  0  0  0  0  0  0  0  0  0  445  0  0  0  0  0  65  0  0  0  0  1  0  24  162  2  0  0  0  0  0  0  
15341  0  0  0  5669  1291  0  0  0  0  0  0  0  0  0  3069  0  0  0  0  0  0  0  42210  0  0  0  0  0  0  0  18293  0  0  0  0  0  0  0  0  0  0  0  0  0  0  0  0  1  0  0  0  0  0  0  0  0  0  0  0  0  1  62856  4924  0  4  0  0  0  44831  0  0  0  0  1  0  0  0  0  5734  0  0  0  0  0  0  0  0  0  7669  0  0  0  0  0  0  0  79  0  0  0  0  0  0  13901  37  0  0  0  0  0  0  0  0  0  0  0  0  0  0  0  0  0  0  0  0  0  0  0  0  0  0  0  0  0  0  45  0  0  0  0  0  0  930  0  0  0  0  0  443  0  0  126  0  0  0  0  0  0  0  
1  0  0  0  0  21616  0  0  0  0  0  0  0  1  6  2698  0  0  0  0  0  0  0  1594  0  0  0  0  0  0  14573  0  0  0  0  0  0  0  11  0  0  0  0  0  0  0  11  0  4  0  0  0  1  0  0  0  0  0  0  0  0  7  51367  135  0  24079  0  0  0  34033  0  0  0  0  0  0  0  0  0  86  3  0  0  0  0  0  0  0  0  7  0  0  0  0  0  0  0  1  0  0  0  0  0  0  641  2618  0  0  0  0  0  0  0  0  0  0  0  0  0  0  0  0  0  0  0  0  0  0  0  0  0  0  0  0  0  0  0  0  0  111  0  0  0  90  0  0  0  0  68  7560  0  1238  18455  2866  1  14  0  3  1  214  
0  0  0  6745  0  0  0  0  2  2  0  873  0  0  0  0  519  22  0  0  0  0  0  0  0  1915  1  0  0  0  0  0  0  35201  10279  1110  0  0  0  0  33949  0  0  0  1  0  0  47811  392  0  0  0  0  0  0  8  0  0  0  0  0  0  0  0  2  1  0  0  0  0  8  0  0  48906  0  0  0  0  0  0  0  0  0  0  0  0  0  0  0  0  0  0  0  0  0  0  0  0  0  0  0  0  0  0  0  0  0  0  0  0  0  0  0  0  0  0  0  0  0  0  0  0  0  0  0  0  0  0  0  0  0  0  0  0  0  0  0  0  0  0  0  0  0  0  0  0  0  0  0  0  1  461  668  0  0  0  0  0  0  0  
0  0  0  2221  0  0  0  0  0  0  0  588  15  93  0  0  0  2  0  0  1  0  2  3  1  7140  2  0  0  0  0  0  39573  0  152646  111827  109  10077  0  0  2111  0  28707  0  3  0  0  42451  2  2956  0  0  0  0  751  18  0  1  32  258  72  0  0  0  3  0  0  1  0  0  1  3665  181396  28879  0  0  0  0  0  0  0  0  0  0  0  0  0  0  0  0  0  0  0  0  0  0  0  0  0  0  0  0  0  0  0  0  0  0  0  0  0  0  0  0  0  0  0  0  0  0  0  0  0  0  0  0  0  0  0  0  0  0  0  0  0  0  0  0  0  0  0  0  0  0  0  0  0  0  17  0  89  1  0  0  0  0  0  0  0  0  
0  0  0  72  0  0  0  0  0  0  0  2243  8  38  0  0  9620  483  1  0  1  1  33754  83  4  4  2  0  0  0  0  0  10343  104069  0  213  42  537  0  0  84  0  39440  1  0  0  10  60815  59  2601  0  0  0  0  288  12  0  1  460  476  386  0  24  0  1  0  0  1  0  0  1  213  56523  4291  0  0  0  0  0  0  0  0  0  0  0  0  0  0  0  0  0  0  0  0  0  0  0  0  0  0  0  0  0  0  0  0  0  0  0  0  0  0  0  0  0  0  0  0  0  0  0  0  0  0  0  0  0  0  0  0  0  0  0  0  0  0  0  0  0  0  0  0  0  0  0  0  0  0  18690  0  283  0  77  1  0  0  0  0  0  0  
0  0  0  138  0  0  0  0  5  0  0  3  0  0  0  0  0  0  0  0  0  0  0  0  8492  151798  68  0  0  1  0  0  314  119193  21  0  2  4  0  1  82244  0  3  5  12  0  0  141  104  5  0  0  0  0  21626  5168  0  14  1  0  4  0  0  0  49  0  0  0  0  0  47  50  50076  25788  0  0  0  0  0  0  0  0  0  0  0  0  0  0  0  0  0  0  0  0  0  0  0  0  0  0  0  0  0  0  0  0  0  0  0  0  0  0  0  0  0  0  0  0  0  0  0  0  0  0  0  0  0  0  0  0  0  0  0  0  0  0  0  0  0  0  0  0  0  0  0  0  0  0  6  0  3  15  10  0  0  0  0  0  0  0  
0  26  0  0  0  0  0  0  0  0  0  0  0  0  0  0  0  0  889  0  4974  0  1  0  0  3  0  0  0  0  0  0  0  216  3  83  0  99468  0  0  30  0  31346  0  0  0  0  15  1  53628  0  0  0  0  115  2  0  1  8015  79903  143  0  0  0  1  0  0  0  0  0  0  173805  15412  1  0  0  0  0  0  0  0  0  0  0  0  0  0  0  0  0  0  0  0  0  0  0  0  0  0  0  0  0  0  0  0  0  0  0  0  0  0  0  0  0  0  0  0  0  0  0  0  0  0  0  0  0  0  0  0  0  0  0  0  0  0  0  0  0  0  0  0  0  0  0  0  0  0  0  0  0  2  0  0  0  0  0  0  0  0  0  
0  1  0  0  0  0  0  0  0  0  0  0  0  0  0  0  0  0  17387  0  43  0  6  0  3  42  0  0  0  0  0  0  0  9911  394  199  95853  0  0  0  74  0  8164  9  0  0  0  2312  1  875  0  0  0  0  619  9  137  15  22587  10139  195  0  0  0  3  0  0  0  0  0  0  159548  180349  2  0  0  0  0  0  0  0  0  0  0  0  0  0  0  0  0  0  0  0  0  0  0  0  0  0  0  0  0  0  0  0  0  0  0  0  0  0  0  0  0  0  0  0  0  0  0  0  0  0  0  0  0  0  0  0  0  0  0  0  0  0  0  0  0  0  0  0  0  0  0  0  0  0  0  5  0  5  0  0  0  0  0  0  0  0  0  
127  0  0  0  2  13  0  0  0  0  0  28  22943  31880  261  0  0  2  0  0  0  0  0  3787  0  0  0  0  0  0  0  1  0  1  0  0  0  0  0  6  0  0  0  0  0  0  9240  0  17457  0  0  6400  212  0  0  0  0  0  0  0  0  1596  75  15282  0  4  0  0  0  4  0  0  0  0  0  0  0  0  0  0  0  0  0  0  0  0  0  0  0  0  0  0  0  0  0  0  0  0  0  0  0  0  0  0  0  0  0  0  0  0  0  0  0  0  0  0  0  0  0  0  0  0  0  0  0  0  0  0  0  0  0  0  0  0  0  0  0  0  0  0  0  0  0  0  0  0  0  0  0  579  0  0  1462  0  0  0  0  0  0  0  
0  0  0  0  0  1  0  0  0  0  0  50465  33  51518  0  0  0  68  0  0  0  0  0  1  0  0  1  0  0  0  0  0  0  0  0  0  0  0  14  0  1  0  0  0  12  0  177  1  22508  0  0  475  27  16  0  3  0  0  0  0  0  0  0  0  0  6  0  1208  1  0  2  0  0  0  0  0  0  0  0  0  0  0  0  0  0  0  0  0  0  0  0  0  0  0  0  0  0  0  0  0  0  0  0  0  0  0  0  0  0  0  0  0  0  0  0  0  0  0  0  0  0  0  0  0  0  0  0  0  0  0  0  0  0  0  0  0  0  0  0  0  0  0  0  0  0  0  0  0  0  57  0  0  405  0  0  0  0  0  0  0  
0  0  0  9626  0  2  0  4  1342  26  1  284  0  3  0  0  7027  2  5  1  0  0  6  0  1234  102430  2020  22  2  31  0  0  26231  1176  0  64870  1  14  0  63  0  0  1  33  1807  7  1  57541  29962  7  0  83  4  4  16869  20921  17  227  4  6  398  0  0  0  576  90  11924  428  44  0  7301  139  22173  13053  0  0  0  0  0  0  0  0  0  0  0  0  0  0  0  0  0  0  0  0  0  0  0  0  0  0  0  0  0  0  0  0  0  0  0  0  0  0  0  0  0  0  0  0  0  0  0  0  0  0  0  0  0  0  0  0  0  0  0  0  0  0  0  0  0  0  0  0  0  0  0  0  0  0  171  69  138  5874  15670  29  0  0  0  5  0  0  
0  49107  0  0  0  0  0  0  0  0  16249  0  0  0  0  0  0  0  25052  15692  2  47895  0  0  0  0  0  0  0  0  0  0  0  0  0  0  0  0  0  0  0  0  0  52931  0  0  0  0  0  0  106  0  0  0  0  0  43698  162  2  0  1543  0  0  0  22  0  0  0  0  0  0  0  0  0  0  0  0  0  0  0  0  0  0  0  0  0  0  0  0  0  0  0  0  0  0  0  0  0  0  0  0  0  0  0  0  0  0  0  0  0  0  0  0  0  0  9  0  1  0  0  0  0  0  0  0  0  0  0  0  0  0  0  0  0  0  0  0  0  0  0  0  0  0  0  0  0  0  0  0  0  0  0  0  0  0  0  0  0  0  0  
0  0  0  0  0  0  0  0  0  0  0  1  18  0  0  0  1  13  0  0  8  0  64201  320  1  10  0  0  0  0  0  0  0  30607  40087  142  20655  7522  0  0  56  0  0  0  0  0  21  594  0  27787  0  0  0  0  186  6  0  0  107  531  247  0  1  0  1  0  0  0  0  0  0  5497  2260  4  0  0  0  0  0  0  0  0  0  0  0  0  0  0  0  0  0  0  0  0  0  0  0  0  0  0  0  0  0  0  0  0  0  0  0  0  0  0  0  0  0  0  0  0  0  0  0  0  0  0  0  0  0  0  0  0  0  0  0  0  0  0  0  0  0  0  0  0  0  0  0  0  0  0  18400  0  985  1  0  0  0  0  0  0  0  0  
0  1463  0  1  0  0  0  0  2728  29279  115245  0  0  0  0  0  0  0  665  6651  1196  236508  8515  0  12  5  0  0  0  9912  0  0  0  0  0  0  0  23  0  0  9  38896  0  0  0  0  0  13  2  2  465  0  0  0  2  26  19739  10599  731  36  18183  0  0  0  88164  555  3  0  0  0  94  26  307  0  0  0  0  0  0  0  0  0  0  0  4  0  0  0  0  0  0  0  0  0  0  294  0  0  0  0  0  0  0  0  0  0  0  0  0  0  0  0  0  0  0  55  0  16  0  0  0  0  0  0  0  0  0  0  0  0  0  0  0  0  2  0  0  0  0  1  0  0  0  0  0  0  0  0  0  0  2  384  12  0  0  0  0  0  0  0  
1  0  36294  61504  0  31  3  3114  1660  2  0  4738  0  7  3  9  0  1  0  0  0  0  0  0  15  2533  691  155674  189743  9  0  0  0  0  0  0  0  0  0  92  1961  0  0  1  0  21905  0  10  19937  0  0  358  10  671  3  1821  0  0  0  0  0  0  0  0  3  1020  158948  50009  60861  0  449  0  8  0  0  0  0  0  0  0  0  0  0  0  0  0  0  0  0  0  0  0  0  0  0  0  0  0  0  0  0  0  0  0  0  0  0  0  0  0  0  0  0  0  0  0  0  0  0  0  0  0  0  0  0  0  0  0  0  0  0  0  0  0  0  0  0  0  0  1  0  0  0  0  0  0  0  0  0  4089  0  3123  10490  65  0  0  0  0  0  0  
0  0  46543  2  0  48  1  32996  24321  0  0  1  0  0  0  2614  0  0  0  0  0  0  0  0  0  9  30915  1552  3764  27054  0  0  0  0  0  0  0  0  0  0  7  0  0  0  39118  0  0  1  63  0  0  4  1  10  0  113  0  0  0  0  0  0  0  0  0  1280  26431  1  538  0  14905  0  1  0  0  0  4  0  0  0  0  11  49  0  0  0  0  0  0  9  0  0  0  0  0  0  0  0  0  0  0  0  0  108  0  0  0  0  0  0  0  0  0  0  0  0  0  0  0  15  0  0  0  0  0  0  0  0  0  0  0  0  0  0  0  0  0  0  0  1  0  0  0  0  50  0  0  0  0  884  0  840  2603  68  0  0  0  0  0  0  
760  0  0  0  18  43  0  0  0  0  0  206  11661  2552  914  0  319  36598  0  0  0  0  68  78789  0  0  0  0  0  0  0  3  0  1  10  0  0  0  16021  88  0  0  7  0  0  0  0  5233  9649  0  0  454  401  0  0  0  0  0  0  0  0  204  869  19900  0  4  0  0  0  3  0  0  0  0  0  0  0  0  0  0  0  0  0  0  0  0  0  0  0  0  0  0  0  0  0  0  0  0  0  0  0  0  0  0  0  0  0  0  0  0  0  0  0  0  0  0  0  0  0  0  0  0  0  0  0  0  0  0  0  0  0  0  0  0  0  0  0  0  0  0  0  0  0  0  0  0  0  0  26  624  0  0  59443  18  0  0  0  0  0  0  
0  0  0  166  0  0  0  0  251  33  0  188  1  0  0  0  63023  10974  2  0  2  0  2466  4572  31  452  210  1  0  5  0  0  33517  33796  67446  1146  25  1077  0  6  41244  0  3315  7  102  0  6103  0  1255  1801  0  4  0  0  2557  739  2  10  533  366  304  0  3288  0  18  36  58  49  1  0  1182  4952  84759  30302  0  0  0  0  0  0  0  0  0  0  0  0  0  0  0  0  0  0  0  0  0  0  0  0  0  0  0  0  0  0  0  0  0  0  0  0  0  0  0  0  0  0  0  0  0  0  0  0  0  0  0  0  0  0  0  0  0  0  0  0  0  0  0  0  0  0  0  0  0  0  0  0  0  0  12781  2  5061  14347  107962  80  0  0  0  18  0  0  
399  0  1  34247  12  267  9  43  1002  1  0  81137  76  19030  359  5  25429  54681  0  0  0  1  0  177  90  8050  2128  160  18  16  0  3  250  2  112  3  0  0  21662  29357  24818  0  0  3  29078  133  11152  574  0  0  0  15742  1251  373  29  9299  0  5  0  0  0  81  131  1086  36  290  14565  26513  535  1  4936  0  57  0  0  0  0  0  0  0  0  0  0  0  0  0  0  0  0  0  0  0  0  0  0  0  0  0  0  0  0  0  0  0  0  0  0  0  0  0  0  0  0  0  0  0  0  0  0  0  0  0  0  0  0  0  0  0  0  0  0  0  0  0  0  0  0  0  0  1  0  0  0  0  0  0  0  0  4  3598  0  321  130258  53  0  0  0  0  0  0  
0  1  0  0  0  0  0  0  0  0  0  0  0  0  0  0  0  0  2  1  44157  0  26549  0  1  4  2  0  0  0  0  0  0  4262  3676  118  62709  1260  0  0  45  0  32227  3  0  0  0  4624  0  0  0  0  0  0  191  4  8  10  564  39491  9048  0  0  0  2  0  0  0  0  0  0  16754  4149  2  0  0  0  0  0  0  0  0  0  0  0  0  0  0  0  0  0  0  0  0  0  0  0  0  0  0  0  0  0  0  0  0  0  0  0  0  0  0  0  0  0  0  0  0  0  0  0  0  0  0  0  0  0  0  0  0  0  0  0  0  0  0  0  0  0  0  0  0  0  0  0  0  0  0  246  0  2790  0  0  0  0  0  0  0  0  0  
0  58556  0  0  0  0  0  0  0  0  6  0  0  0  0  0  0  0  384  23  8942  49576  0  0  0  0  0  0  0  0  0  0  0  0  0  0  0  0  0  0  0  152  0  2143  0  0  0  0  0  0  0  0  0  0  0  1  7414  356  250  2  29790  0  0  0  15  0  0  0  0  0  0  0  0  0  0  1  0  0  0  0  0  0  0  0  0  0  0  0  0  0  0  0  0  0  0  0  0  0  0  0  0  0  0  0  0  0  0  0  0  0  0  0  0  0  0  1  0  0  0  0  0  0  0  0  0  0  0  0  0  0  0  0  0  0  0  0  0  0  0  0  0  0  0  0  0  0  0  0  0  0  0  0  0  0  0  0  0  0  0  0  
162  0  0  0  20  1343  161  35  88  0  0  118209  12  119768  248706  294  0  3  0  0  0  0  0  3  0  0  1  0  1523  0  0  2  0  0  0  0  0  0  4145  458  2  0  0  0  104  1  463  0  8221  0  0  0  115297  40631  0  4  0  0  0  0  0  7228  0  25  0  1994  5  53846  65  0  4  0  0  0  0  0  0  0  0  1  0  1  0  0  0  0  0  0  0  0  0  0  0  0  0  0  0  0  0  0  0  0  0  0  0  0  0  0  0  0  0  0  0  0  0  0  0  0  0  0  0  0  0  0  0  0  0  0  0  0  0  0  0  0  0  0  0  0  0  2  0  0  0  0  0  0  0  0  0  11190  0  0  18558  0  0  1  0  0  0  0  
9513  0  0  0  29346  26108  266  16  31  0  0  288  4  81  257536  11945  0  0  0  0  0  0  0  43  0  0  1  0  0  0  2  11  0  0  0  0  0  0  262  11  0  0  0  0  2  2  23  0  301  0  0  118779  0  143563  0  0  0  0  0  0  0  30  19  403  0  4062  1  4  2  153  4  0  0  0  0  0  0  0  0  4  0  0  0  0  0  0  0  0  0  0  0  0  0  0  0  0  0  0  0  0  0  0  0  0  0  0  0  0  0  0  0  0  0  0  0  0  0  0  0  0  0  0  0  0  0  0  0  0  0  0  0  0  0  0  0  0  0  0  0  19  0  0  0  0  0  0  0  0  0  3512  0  0  3713  0  0  0  0  0  0  0  
3  0  0  1  1  11944  12928  554  281  1  0  244  0  2  193009  190234  0  0  0  0  0  0  0  1  0  0  1  3  197  0  0  1  0  0  0  0  0  0  1  13  0  0  0  0  575  4  17  0  338  0  0  42949  136277  0  0  0  0  0  0  0  0  0  0  2  0  3432  15  29544  51837  0  12  0  0  0  0  0  0  0  0  1  0  1  0  0  0  0  0  0  0  0  0  0  0  0  0  0  0  0  0  0  0  0  0  0  0  0  0  0  0  0  0  0  0  0  0  0  0  0  0  0  0  0  0  0  0  0  0  0  0  0  0  0  0  0  0  0  0  0  0  1  0  0  0  0  0  0  0  0  0  3092  0  0  3710  0  0  0  0  0  0  0  
0  0  0  9  0  0  0  0  11  0  0  4  0  0  0  0  0  0  0  0  0  0  0  0  34398  51540  64  0  0  0  0  0  0  194  12  12507  3  16  0  0  6899  0  13  2  10  0  0  464  113  10  0  0  0  0  0  1944  1  10  0  3  13  0  0  0  64  0  3  1  0  0  35  142  59277  22  0  0  0  0  0  0  0  0  0  0  0  0  0  0  0  0  0  0  0  0  0  0  0  0  0  0  0  0  0  0  0  0  0  0  0  0  0  0  0  0  0  0  0  0  0  0  0  0  0  0  0  0  0  0  0  0  0  0  0  0  0  0  0  0  0  0  0  0  0  0  0  0  0  0  1  0  23  4  10  0  0  0  0  0  0  0  
0  0  0  419  0  0  0  5  2065  2  3  570  0  20  0  0  21  0  448  11149  0  0  0  0  140876  23210  252222  103  5  25886  0  0  0  0  0  4177  0  0  0  116  34600  0  0  77  3980  47  0  437  14114  1  0  205  6  11  7973  0  32  26447  2  0  2  0  0  0  39134  106  36390  861  60  0  71254  1  10851  0  0  0  0  0  0  0  0  0  0  0  0  0  0  0  0  0  0  0  0  0  0  0  0  0  0  0  0  0  0  0  0  0  0  0  0  0  0  0  0  0  0  0  0  0  0  0  0  0  0  0  0  0  0  0  0  0  0  0  0  0  0  0  0  0  0  0  0  0  0  0  0  0  0  0  2  152  0  45  9831  23  0  0  0  0  0  0  
0  28400  0  0  0  0  0  0  0  0  75  0  0  0  0  0  0  0  132626  356  532  5601  0  0  3  0  0  0  0  0  0  0  0  0  0  1  0  545  0  0  1  40564  0  13363  0  0  0  0  0  3  2593  0  0  0  2  2  0  19673  14042  80  6682  0  0  0  626  0  0  0  0  0  0  5  10439  0  0  0  0  0  0  0  0  0  0  0  0  0  0  0  0  0  0  0  0  0  0  0  0  0  0  0  0  0  0  0  0  0  0  0  0  0  0  0  0  0  0  0  0  0  0  0  0  0  0  0  0  0  0  0  0  0  0  0  0  0  0  0  0  0  0  0  0  0  0  0  0  0  0  0  0  0  0  0  0  0  0  0  0  0  0  0  
0  318  0  3  0  0  0  0  14  0  1482  0  0  0  0  0  0  0  105942  55199  133  710  0  0  13706  9  26  0  0  0  0  0  0  0  0  3  0  19  0  0  13  159  0  9208  0  0  0  1  24  0  117  1  0  0  21  26739  11616  0  421  19  442  0  0  0  29821  0  0  0  0  0  54  3  16749  0  0  0  0  0  0  0  0  0  0  0  0  0  0  0  0  0  0  0  0  0  0  0  0  0  0  0  0  0  0  0  0  0  0  0  0  0  0  0  0  0  0  0  0  0  0  0  0  0  0  0  0  0  0  0  0  0  0  0  0  0  0  0  0  0  0  0  0  0  0  0  0  0  0  0  0  0  0  0  1  0  0  0  0  0  0  0  
0  33621  0  0  0  0  0  0  0  0  2  0  0  0  0  0  0  0  66143  17  21160  67  4  0  3  0  0  0  0  0  0  0  0  1  3  0  7489  33551  0  0  2  0  1  343  0  0  0  4  0  103  408  0  0  0  4  2  15492  1236  0  31043  21608  0  0  0  61  0  0  0  0  0  0  26177  5291  0  0  0  0  0  0  0  0  0  0  0  0  0  0  0  0  0  0  0  0  0  0  0  0  0  0  0  0  0  0  0  0  0  0  0  0  0  0  0  0  0  0  0  0  0  0  0  0  0  0  0  0  0  0  0  0  0  0  0  0  0  0  0  0  0  0  0  0  0  0  0  0  0  0  0  0  0  0  0  0  0  0  0  0  0  0  0  
0  732  0  0  0  0  0  0  0  0  1  0  0  0  0  0  0  0  618  3  110720  24  25  0  0  1  0  0  0  0  0  0  0  26  29  2  75255  5084  0  0  1  0  117  108  0  0  0  14  1  24793  13  0  0  0  8  1  413  316  35165  0  19393  0  0  0  26  0  0  0  0  0  0  57019  5563  0  0  0  0  0  0  0  0  0  0  0  0  0  0  0  0  0  0  0  0  0  0  0  0  0  0  0  0  0  0  0  0  0  0  0  0  0  0  0  0  0  0  0  0  0  0  0  0  0  0  0  0  0  0  0  0  0  0  0  0  0  0  0  0  0  0  0  0  0  0  0  0  0  0  0  5  0  38  0  0  0  0  0  0  0  0  0  
0  19075  0  0  0  0  0  0  0  0  144  0  0  0  0  0  0  0  650  298  108781  142834  49325  0  2  0  0  0  0  0  0  0  0  30  103  4  283  264  0  0  203  248  359  14218  0  0  0  35  0  18298  32442  0  0  0  26  2  7919  1265  22939  16641  0  0  0  0  134  0  0  0  0  0  0  2186  1220  12  0  0  0  0  0  0  0  0  0  0  0  0  0  0  0  0  0  0  0  0  0  8  0  0  0  0  0  0  0  0  0  0  0  0  0  0  0  0  0  0  0  2  0  0  0  0  0  0  0  0  0  0  0  0  0  0  0  0  0  0  0  0  0  0  0  0  0  0  0  0  0  0  0  0  51  0  4499  111  4  0  0  0  0  2  0  0  
9698  0  0  0  6  1  0  0  0  0  0  0  10349  44554  29924  0  0  0  0  0  0  0  0  43524  0  0  0  0  0  0  0  0  0  0  0  0  0  0  5793  0  0  0  0  0  0  0  134  0  5  0  0  6998  77  0  0  0  0  0  0  0  0  0  3  9241  0  1  0  0  0  0  0  0  0  0  0  0  0  0  0  0  0  0  0  0  0  0  0  0  0  0  0  0  0  0  0  0  0  0  0  0  0  0  0  0  0  0  0  0  0  0  0  0  0  0  0  0  0  0  0  0  0  0  0  0  0  0  0  0  0  0  0  0  0  0  0  0  0  0  0  0  0  0  0  0  0  0  0  0  0  18  0  0  33  0  0  0  0  0  0  0  
154  0  0  0  9  454  0  0  0  0  0  7  6  124  381  1  4562  32128  0  0  0  0  10867  126018  0  0  0  0  0  0  59844  53006  0  1  109  0  0  0  703  0  0  0  1  0  0  0  1259  2850  422  0  0  5  14  0  0  0  0  0  0  0  0  163  0  43819  0  10  0  0  0  9210  0  0  0  0  0  0  0  0  0  35  0  0  0  0  0  0  0  0  0  618  0  0  0  0  0  0  1  1  0  0  0  0  0  0  176  4  0  0  0  0  0  0  0  0  0  0  0  0  0  0  0  0  0  0  0  0  0  0  0  0  0  0  0  0  0  0  3  0  0  0  0  0  0  13  0  0  0  0  13464  9335  1  2658  102095  23109  0  0  0  6  0  3  
12552  0  0  0  910  4818  0  0  0  0  0  1  1560  328  1062  256  1  1  0  0  0  0  0  179717  0  0  0  0  0  0  2271  130  0  0  0  0  0  0  30060  0  0  0  1  0  0  0  15803  0  692  0  0  15  306  1  0  0  0  0  0  0  0  7244  38327  0  0  331  0  0  0  12433  0  0  0  0  0  0  0  0  0  0  0  0  0  0  0  0  0  0  0  0  0  0  0  0  0  0  0  0  0  0  0  0  0  0  0  0  0  0  0  0  0  0  0  0  0  0  0  0  0  0  0  0  0  0  0  0  0  0  0  0  0  0  0  0  0  0  0  0  0  0  0  0  0  0  0  0  0  0  13  13304  0  0  3404  0  0  0  0  0  0  0  
0  19  0  63  0  0  0  0  25716  10189  96416  1  0  0  0  0  0  0  1124  36099  19  4749  8  0  10846  189  28325  0  0  113197  0  0  0  0  0  26  0  12  0  0  256  2  0  97382  5  0  0  13  348  0  3  0  0  0  197  40930  2369  45259  180  16  74  0  0  0  0  34  6  0  0  0  31598  0  9573  0  0  0  0  0  0  0  0  0  0  0  40  0  0  0  0  0  0  0  0  0  0  986  0  0  0  0  2  0  0  2  0  0  0  0  0  0  0  0  0  0  0  0  0  5  0  0  0  0  0  0  0  0  0  0  0  0  0  0  0  0  2  0  0  0  0  0  0  0  0  0  0  0  0  0  0  1  0  1  13  0  0  0  0  0  0  0  
141  0  2  6  25  62938  38979  37334  71463  101980  0  26  0  0  17  4016  0  0  0  0  0  1  1325  1  33  17  88  100  28  96  16  21775  0  0  0  0  0  0  8  1  40  0  0  3132  542  94  6  63  116  0  0  1197  1247  1415  0  287  0  3  0  0  0  1  0  43  266  0  483  251  901  1913  689  0  17  0  0  0  0  0  0  11062  146  978  14364  214  0  0  0  0  0  10  0  0  0  0  0  0  0  0  0  0  0  0  0  40  8  269  0  0  0  0  0  0  0  0  0  0  0  0  0  0  0  0  0  0  0  5  1  4  0  0  0  0  0  0  0  0  0  3  2  22364  0  0  0  0  1  0  0  0  0  2900  0  761  1052  31  0  388  0  3  11  10  
0  0  12409  23660  0  51  0  554  4694  6  0  417  0  2  0  0  36  1  0  0  0  0  0  0  12  107630  101139  158325  296  443  0  0  0  0  0  0  0  0  0  28  16727  0  0  0  121292  32132  0  23  8909  0  0  98  4  11  3  43820  0  0  0  0  0  0  0  0  6  1071  0  418  238  0  16837  0  8  0  0  0  0  0  0  1  0  0  0  0  0  0  0  0  0  0  0  0  0  0  0  0  0  0  0  0  0  0  0  0  0  0  0  0  0  0  0  0  0  0  0  0  0  0  0  0  0  0  0  0  0  0  0  0  0  0  0  0  0  0  0  0  0  0  0  1  0  0  0  0  0  0  0  0  0  345  0  772  32280  132  0  0  0  0  0  0  
0  0  1  18643  0  22  12  30  29  0  0  69037  0  21  37254  102  0  0  0  0  0  0  0  0  1  11  21  3  91901  2  0  0  0  0  0  0  0  0  0  509  36  0  0  0  56133  2  0  1  23252  0  0  56771  8  15169  0  107  0  0  0  0  0  0  0  0  0  147  142  0  43056  0  27  0  2  0  0  0  0  0  0  0  0  0  0  0  0  0  0  0  0  0  0  0  0  0  0  0  0  0  0  0  0  0  0  0  0  0  0  0  0  0  0  0  0  0  0  0  0  0  0  0  0  0  0  0  0  0  0  0  0  0  0  0  0  0  0  0  0  0  0  0  0  0  0  0  0  0  0  0  0  2011  0  2  11392  0  0  0  0  0  0  0  
0  0  252  7  0  83  45  36177  477  0  0  12  0  0  7784  31043  0  0  0  0  0  0  0  0  0  7  12  42  114391  0  0  0  0  0  0  0  0  0  0  6  39  0  0  0  77326  125  0  0  290  0  0  141  12  41070  0  14  0  0  0  0  0  0  0  0  0  885  893  34480  0  0  7  0  0  0  0  0  0  0  0  0  0  0  0  0  0  0  0  0  0  0  0  0  0  0  0  0  0  0  0  0  0  0  0  0  0  0  0  0  0  0  0  0  0  0  0  0  0  0  0  0  0  0  0  0  0  0  0  0  0  0  0  0  0  0  0  0  0  0  0  0  0  0  0  0  0  0  0  0  0  2460  0  60  2344  4  0  0  0  0  0  0  
11281  0  0  0  13124  43744  0  0  0  0  0  0  0  2  65  25307  0  0  0  0  0  0  0  7209  0  0  0  0  0  0  41181  31081  0  0  0  0  0  0  8  0  0  0  0  0  0  0  15  0  4  0  0  0  76  0  0  0  0  0  0  0  0  6  14068  19736  0  2619  0  0  0  0  0  0  0  0  0  0  0  0  0  9054  0  0  0  0  0  0  0  0  0  489  0  0  0  0  0  0  0  0  0  0  0  0  0  0  216  62  0  0  0  0  0  0  0  0  0  0  0  0  0  0  0  0  0  0  0  0  0  0  0  0  0  0  0  0  0  0  0  0  0  5  0  0  0  86  0  0  0  0  0  9941  0  2  101  10  0  0  0  0  0  0  
0  0  0  167  0  3  0  10  65278  11  4  152  0  5  0  0  43  0  4  0  0  0  0  0  1694  558  20942  518  0  70883  0  0  0  0  0  12  0  0  0  29  4028  0  0  41  1630  12476  0  1151  5574  0  0  45  2  3  138  47614  16  172  0  0  0  0  0  0  25779  322  13648  193  11  0  0  0  1197  0  0  0  0  0  0  0  0  0  945  0  867  0  0  0  0  0  0  0  0  0  0  370  0  0  0  0  3  0  0  7404  0  0  0  0  0  0  0  0  0  0  0  0  0  4  0  2  0  0  0  0  0  0  0  0  0  0  0  0  0  0  0  0  0  0  345  0  0  0  0  0  3531  0  0  0  0  31  0  177  10066  151  0  0  0  0  0  0  
0  10  0  1  0  0  0  0  1  0  0  1  0  0  0  0  0  0  320  0  1898  0  4  0  5  143  1  0  0  0  0  0  0  2942  496  862  187769  163709  0  0  367  0  4488  1  0  0  0  7527  3  4552  0  0  0  0  2635  22  14  12  30462  82388  1269  0  0  0  4  0  0  0  0  0  2  0  36986  9  0  0  0  0  0  0  0  0  0  0  0  0  0  0  0  0  0  0  0  0  0  0  0  0  0  0  0  0  0  0  0  0  0  0  0  0  0  0  0  0  0  0  0  0  0  0  0  0  0  0  0  0  0  0  0  0  0  0  0  0  0  0  0  0  0  0  0  0  0  0  0  0  0  0  5  0  41  0  0  0  0  0  0  0  0  0  
0  8  0  55  0  0  0  0  255  0  0  30  0  0  0  0  1  0  49415  32  257  6  33  0  190142  24588  608  0  0  12  0  0  1  181285  63158  70354  16808  215637  0  4  31049  0  950  363  58  0  0  92372  793  3169  0  1  0  0  106770  15453  11735  28845  4666  12032  1774  0  0  0  7795  5  13  15  0  0  1027  56449  0  34660  0  0  0  0  0  0  0  0  0  0  0  0  0  0  0  0  0  0  0  0  0  0  0  0  0  0  0  0  0  0  0  0  0  0  0  0  0  0  0  0  0  0  0  0  0  0  0  0  0  0  0  0  0  0  0  0  0  0  0  0  0  0  0  0  0  0  0  0  0  0  0  0  0  0  179  0  668  65  75  0  0  0  0  0  0  0  
0  0  0  8  0  0  0  0  0  0  0  0  0  0  0  0  0  0  0  0  0  0  0  0  0  7  0  0  0  0  0  0  41943  27861  3538  20370  1  4  0  0  12929  0  5  2  0  0  0  35926  0  2  0  0  0  0  93  5  0  2  0  0  3  0  0  0  0  0  0  0  0  0  0  33  36850  0  0  0  0  0  0  0  0  0  0  0  0  0  0  0  0  0  0  0  0  0  0  0  0  0  0  0  0  0  0  0  0  0  0  0  0  0  0  0  0  0  0  0  0  0  0  0  0  0  0  0  0  0  0  0  0  0  0  0  0  0  0  0  0  0  0  0  0  0  0  0  0  0  0  0  136  0  435  11  15  0  0  0  0  0  0  0  
0  0  0  0  0  0  0  0  0  0  0  0  0  0  0  0  0  0  0  0  0  0  0  58  0  0  0  0  0  0  35  0  0  0  0  0  0  0  0  0  0  0  0  0  0  0  0  0  0  0  0  0  0  0  0  0  0  0  0  0  0  0  0  0  0  0  0  0  0  12  0  0  0  0  0  0  0  0  43417  16041  0  0  0  0  0  3  75  774  10430  27220  0  4  0  0  0  0  0  70555  0  0  0  0  0  0  10345  2  0  0  0  0  0  0  3998  247  0  0  0  0  0  0  89  0  32  0  0  863  29163  18  0  0  0  0  0  0  0  8519  195  15414  0  99  0  6  0  5452  0  0  0  0  0  0  0  0  0  0  0  2017  0  0  4519  0  
0  0  0  0  0  0  0  0  0  0  0  0  0  0  0  0  0  0  0  0  0  1  0  0  0  0  0  0  0  0  0  0  0  0  0  0  0  0  0  0  0  0  0  0  0  0  0  0  0  0  1  0  0  0  0  0  0  0  0  0  0  0  0  0  0  0  0  0  0  0  0  0  0  0  0  0  0  0  0  0  0  0  0  0  0  0  0  0  0  0  0  0  41362  6  76053  16  0  0  1  0  0  0  0  0  0  0  0  0  0  0  31201  6  0  0  0  26623  0  19  0  0  0  0  0  32  23001  0  0  0  0  0  18820  3  29323  23459  285  0  0  0  0  0  0  0  0  0  0  1185  25  0  0  0  0  0  0  0  0  0  3  0  0  0  
0  0  73  0  0  0  0  22  1  0  0  0  0  0  0  114  0  0  0  0  0  0  0  0  0  0  0  0  0  0  0  0  0  0  0  0  0  0  0  0  0  0  0  0  0  3  0  0  0  0  0  0  0  0  0  0  0  0  0  0  0  0  0  0  0  0  0  0  0  0  0  0  0  0  0  0  0  0  0  0  0  1956  8  0  0  0  0  0  0  70110  0  0  0  0  0  0  0  0  0  0  8021  13595  18542  8963  0  0  0  0  0  0  0  0  0  0  0  0  0  0  56065  50114  0  0  2  0  0  0  0  9  0  1  0  0  0  0  0  0  0  0  0  13  11313  0  9169  0  1  0  0  0  0  0  0  0  0  0  0  12  0  0  3  5  
0  0  0  0  0  0  0  0  0  0  0  0  0  0  0  0  0  0  0  0  0  0  0  0  0  0  0  0  0  0  0  0  0  0  0  0  0  0  0  0  0  0  0  0  0  0  0  0  0  0  0  0  0  0  0  0  0  0  0  0  0  0  0  0  0  0  0  0  0  0  0  0  0  0  0  0  0  0  0  0  0  0  1  0  0  34726  0  1  0  0  81  37  2  0  0  0  0  0  2  69812  0  28918  27147  0  0  0  1173  668  142  53  0  0  6  0  26168  0  0  0  32157  0  0  46  40256  0  0  4  0  1  85  283  0  0  0  0  0  0  0  0  10  0  801  7650  0  0  2  0  12  26  0  0  0  0  0  0  0  3  0  0  256  6  
0  0  0  0  0  11  0  0  0  0  0  0  0  0  0  25  0  0  0  0  0  0  0  0  0  0  0  0  0  0  0  0  0  0  0  0  0  0  0  0  0  0  0  0  0  0  0  0  0  0  0  0  0  0  0  0  0  0  0  0  0  0  0  0  0  0  0  0  0  0  0  0  0  0  32386  0  0  0  0  9796  0  0  0  0  0  0  0  0  5029  93094  0  0  0  0  0  0  0  26  0  0  0  0  0  0  12  0  0  0  0  0  0  0  0  1  0  0  0  0  0  0  1  0  2  0  0  20  50517  31  0  0  0  0  0  0  0  0  0  132  0  11  0  1  0  470  0  0  0  0  0  0  0  0  0  0  0  131  0  0  266  0  
11  0  0  0  19  6602  81  13  1  0  0  0  0  0  0  2045  0  0  0  0  0  0  0  57  0  0  0  0  0  0  4533  1288  0  0  0  0  0  0  0  0  0  0  0  0  0  0  0  0  0  0  0  12  49  0  0  0  0  0  0  0  0  0  28  0  0  11740  0  0  0  10522  0  0  0  0  13975  0  0  0  18819  0  35573  1  0  0  0  8  1  9  1062  167798  0  3  0  0  0  0  0  6386  0  0  0  0  0  0  5087  17551  0  0  0  0  0  0  31  120  0  0  0  0  1  0  34  0  21  0  0  5828  21868  25410  0  0  0  0  0  0  0  18  10520  21177  0  79422  0  114  1  21310  0  0  0  0  0  4  0  0  0  0  0  13157  0  0  9276  6  
0  0  0  0  0  721  877  11  0  0  0  0  0  0  0  140  0  0  0  0  0  0  0  0  0  0  0  0  0  0  0  0  0  0  0  0  0  0  0  0  0  0  0  0  0  0  0  0  0  0  0  0  0  0  0  0  0  0  0  0  0  0  0  0  0  201  0  0  0  0  0  0  0  0  0  0  0  0  0  35730  0  30057  6  0  0  0  0  0  17  69703  0  0  0  0  0  0  0  0  0  0  1  0  4  1  0  0  0  0  0  0  0  0  0  0  0  0  0  0  57  0  0  0  0  0  0  27  11  80556  0  1  0  0  0  0  0  0  0  2  0  37999  0  46  148  0  0  0  0  0  0  0  0  0  0  0  0  34  0  0  0  0  
0  0  6  0  0  27  264  4502  1430  0  0  0  0  0  0  206  0  0  0  0  0  0  0  0  0  0  0  0  0  0  0  0  0  0  0  0  0  0  0  0  0  0  0  0  0  5  0  0  0  0  0  8  0  1  0  0  0  0  0  0  0  0  0  0  0  3082  0  0  0  0  0  0  0  0  0  0  221  0  0  13  33582  0  15252  0  0  0  0  0  2  81394  0  0  0  0  0  0  0  0  0  1  61  0  5287  0  0  0  0  0  0  0  0  0  0  0  5  0  0  0  26200  23300  0  0  12  0  0  2  0  5854  1  103  0  1  0  0  0  0  0  0  4  32379  820  5  28614  0  18  0  0  0  0  1  0  0  0  0  0  705  0  2  219  61  
0  0  5  0  0  5  23  3564  52407  1262  0  0  0  0  0  0  0  0  0  0  0  0  0  0  0  0  0  0  0  2  0  0  0  0  0  0  0  0  0  0  0  0  0  0  0  94  0  0  0  0  0  0  0  0  0  0  0  0  0  0  0  0  0  0  0  8570  0  0  0  0  724  0  0  0  0  0  12  1  0  1  4  14524  0  8818  0  5  0  0  0  18  0  0  18  12  0  0  1  0  22  16  293  0  10  8445  0  0  0  0  0  2  0  0  0  3  31  0  0  721  287  24316  0  1  53  0  0  0  0  17  84  5648  0  112  0  0  0  0  0  0  5057  41623  1080  3  58  0  56500  0  40  0  0  1  0  3  1  0  0  14  0  0  120  15  
0  0  0  0  0  1  1  1  700  1685  0  0  0  0  0  0  0  0  0  0  0  0  0  0  0  0  0  0  0  15  0  0  0  0  0  0  0  0  0  0  0  0  0  0  0  0  0  0  0  0  0  0  0  0  0  0  0  0  0  0  0  0  0  0  0  285  0  0  0  0  3  0  0  0  0  0  0  0  0  0  1  1  9400  0  56  2  0  0  0  0  0  0  57  1  0  1854  10314  0  26  16  7  0  3  19400  0  0  0  0  0  0  0  0  0  0  136  0  0  27375  32  5  0  24  16  0  0  0  0  1  10  625  0  30  0  0  0  0  0  0  6565  49389  286  4  1  0  80  0  49  0  0  0  0  173  11  0  0  3  0  1322  546  8  
0  0  0  0  0  0  0  0  93  5  537  0  0  0  0  0  0  0  0  1  0  13  0  0  9  0  32  0  0  4434  0  0  0  0  0  0  0  0  0  0  0  0  0  10  0  0  0  0  0  0  0  0  0  0  0  0  0  0  0  0  0  0  0  0  27  0  0  0  0  0  1951  0  0  0  0  0  0  0  0  0  0  0  0  34  0  0  0  0  0  0  0  0  1218  67106  2  20037  0  0  0  0  51  0  0  789  0  0  0  0  0  0  0  0  0  0  0  17921  0  143697  0  0  0  0  0  0  6  0  0  0  0  0  14  8439  0  0  100  0  0  0  106661  1  0  0  0  0  0  0  0  0  0  0  0  0  0  0  0  0  0  0  0  0  
0  0  0  0  0  0  0  0  0  0  0  0  0  0  0  0  0  0  0  0  0  0  0  0  0  0  0  0  0  0  0  0  0  0  0  0  0  0  0  0  0  0  0  0  0  0  0  0  0  0  0  0  0  0  0  0  0  0  0  0  0  0  0  0  0  0  0  0  0  0  0  0  0  0  2  0  0  43334  0  2  0  0  2  0  0  0  1420  38230  12  0  59  638  4  0  0  0  0  340  8  1264  0  0  4290  0  0  0  40  217  1286  4  0  0  196  38934  524  0  0  0  6869  0  292  50  66317  0  0  20414  3  3  79  180  0  1  0  0  0  0  0  0  4  6  193  62068  1  0  0  0  48  0  0  0  0  0  0  0  0  74  0  2  1703  3  
0  0  0  0  0  0  0  0  0  0  0  0  0  0  0  0  0  0  0  0  0  0  0  0  0  0  0  0  0  0  0  0  0  0  0  0  0  0  0  0  0  0  0  0  0  0  0  0  0  0  0  0  0  0  0  0  0  0  0  0  0  0  0  0  0  0  0  0  0  0  0  0  0  0  162  0  0  0  8  4  0  0  0  0  0  1144  0  12931  0  1  0  12  0  0  0  0  0  26508  0  0  0  0  0  0  0  0  0  0  1  0  0  0  35434  78  0  0  0  0  0  0  18413  0  125  0  0  78  106  0  0  0  0  0  0  0  0  20702  0  3706  0  0  0  1  0  0  0  0  0  0  0  0  0  0  0  0  0  57  0  0  264  0  
0  0  0  0  0  0  0  0  0  0  0  0  0  0  0  0  0  0  0  0  0  0  0  0  0  0  0  0  0  0  0  0  0  0  0  0  0  0  0  0  0  0  0  0  0  0  0  0  0  0  0  0  0  0  0  0  0  0  0  0  0  0  0  0  0  0  0  0  0  0  0  0  0  0  323  0  0  0  1  4  0  0  0  0  0  41383  17110  0  2400  0  0  11  0  0  0  0  0  5119  0  0  0  0  3  0  0  0  0  0  0  0  0  0  39566  39850  0  0  0  0  6  0  283  0  8491  0  0  98254  778  1  0  1  0  0  0  0  0  45452  0  137  0  2  2  211  0  0  0  0  0  0  0  0  0  0  0  0  0  37  0  0  803  0  
0  0  0  0  0  0  0  0  0  0  0  0  0  0  0  0  0  0  0  0  0  0  0  0  0  0  0  0  0  0  0  0  0  0  0  0  0  0  0  0  0  0  0  0  0  0  0  0  0  0  0  0  0  0  0  0  0  0  0  0  0  0  0  0  0  0  0  0  0  0  0  0  0  0  10339  0  0  0  3173  4717  9  0  0  0  0  10  1  4597  0  591  0  0  0  0  0  0  0  16370  0  0  0  0  10252  0  0  0  0  0  0  0  0  0  10  11  0  0  0  0  166  0  1  0  1  0  0  209317  149203  92775  0  0  0  0  0  0  0  25307  0  26  0  4461  1  37232  28050  0  0  0  0  0  0  0  0  0  0  0  0  98  0  0  82  0  
12  0  72  0  10  2153  198  172  0  0  0  0  0  0  0  4056  0  0  0  0  0  0  0  1802  0  0  0  0  0  0  11242  286  0  0  0  0  0  0  0  0  0  0  0  0  0  0  0  0  0  0  0  0  0  0  0  0  0  0  0  0  0  0  274  0  0  8  0  0  0  607  0  0  0  0  23925  0  61415  0  99521  174639  70602  90016  9  1  0  0  0  0  1669  0  0  0  0  0  0  0  0  2216  0  0  1  0  10391  2  33905  254  0  0  0  0  0  0  0  0  0  0  0  0  3851  19553  1  0  4  0  0  7  43528  205270  0  7  0  0  0  0  0  0  6513  1045  0  447  8  6  58135  29612  0  0  0  0  0  0  0  0  0  0  0  1021  0  0  606  2  
0  0  0  0  0  0  0  0  0  0  0  0  0  0  0  0  0  0  0  0  0  0  0  0  0  0  0  0  0  0  0  0  0  0  0  0  0  0  0  0  0  0  0  0  0  0  0  0  0  0  0  0  0  0  0  0  0  0  0  0  0  0  0  0  0  0  0  0  0  0  0  0  0  0  0  0  0  73  0  0  0  0  4  0  0  43  0  0  0  0  0  62862  0  0  0  0  14387  84  4  50  0  0  0  0  0  1  124  1  10074  0  102  27  0  0  15925  0  261  0  30  0  1  42785  8957  67  0  0  0  0  7  17  0  1  0  1  1  0  62  0  7  1  46  1  0  0  2  17  128  0  0  0  0  0  0  0  3318  0  25  126  41585  2  
0  0  0  0  0  0  0  0  0  0  0  0  0  0  0  0  0  0  0  0  0  0  0  0  0  0  0  0  0  0  0  0  0  0  0  0  0  0  0  0  0  0  0  0  0  0  0  0  0  0  0  0  0  0  0  0  0  0  0  0  0  0  0  0  0  0  0  0  0  0  0  0  0  0  40  0  0  60  7  13  0  0  1  0  0  754  32  21  0  0  48195  0  1  0  0  0  31300  18523  5  22  0  0  1  1  3  68  3  4  983  1  9  1  12  44  350  0  36  0  56  0  31861  5501  57371  7  0  750  24  1  26  53  0  1  1  0  0  2  1857  83  16  2  106  37  0  0  0  1  57  0  0  0  0  0  0  0  14989  58  8  177  48292  67  
0  0  0  0  0  0  0  0  0  0  0  0  0  0  0  0  0  0  0  0  0  0  0  0  0  0  0  0  0  0  0  0  0  0  0  0  0  0  0  0  0  0  0  0  0  0  0  0  0  0  0  0  0  0  0  0  0  0  0  0  0  0  0  0  0  0  0  0  0  0  0  0  0  0  0  42644  0  2  0  0  0  0  74  63  254  29  0  0  0  0  4  2  0  22011  1744  743  9  0  43215  1087  0  0  7  11  0  0  0  1  0  9  6  37  1  3  3508  58118  2  1045  14  0  0  112  299  3  514  0  0  0  86  14586  232118  134076  60414  20  3208  0  0  0  8782  31  10  40  0  0  84  21  99894  3  0  0  0  0  0  0  25  1  10  40  80  8  
0  0  0  0  0  0  0  0  0  0  0  0  0  0  0  0  0  0  0  0  0  0  0  0  0  0  0  0  0  7  0  0  0  0  0  0  0  0  0  0  0  0  0  0  0  0  0  0  0  0  0  0  0  0  0  0  0  0  0  0  0  0  0  0  0  0  0  0  0  0  0  0  0  0  0  1  0  0  0  0  0  0  15  0  63824  0  0  0  0  0  0  0  19070  0  8  635  0  0  56  2  33065  0  0  4953  0  0  0  0  0  0  0  0  0  0  2  31671  0  11787  0  0  0  0  0  0  371  0  0  0  3  11133  2072  69430  0  0  1381  0  0  0  74417  4  0  0  0  0  144  0  8  0  0  0  0  0  0  0  0  0  0  0  1  0  
0  0  0  0  0  0  0  0  0  0  0  0  0  0  0  0  0  0  0  0  0  13  2  0  0  0  0  0  0  0  0  0  0  0  0  0  0  0  0  0  0  0  0  0  0  0  0  0  0  0  1  0  0  0  0  0  0  0  0  0  2  0  0  0  0  0  0  0  0  0  0  0  0  0  0  71040  0  0  0  0  0  0  0  0  0  0  0  0  0  0  0  0  884  11  0  279  19884  0  2  0  0  0  0  0  0  0  0  0  1  0  5137  10  0  0  0  16048  0  14  0  0  0  0  0  51050  52977  0  0  0  0  0  9393  95  13382  82659  135893  0  0  0  2  0  0  0  0  0  0  45  633  0  0  0  0  3  0  0  1  0  27  42  0  0  
0  0  0  0  0  0  0  0  170  161  2174  0  0  0  0  0  0  0  0  0  0  2788  0  0  0  0  0  0  0  5606  0  0  0  0  0  0  0  0  0  0  0  5  0  224  0  0  0  0  0  0  0  0  0  0  0  0  0  0  0  0  7  0  0  0  1469  0  0  0  0  0  623  0  0  0  0  2  0  0  0  0  0  0  2  1566  24715  0  0  0  0  0  0  0  444  334  348  0  13539  0  0  0  0  0  0  32  0  0  0  0  0  0  0  0  0  0  2  73036  0  229845  0  0  0  1  0  1  56803  0  0  0  0  0  2755  2147  12  0  88774  0  0  0  2927  51  0  0  0  0  0  0  2  0  0  0  0  95  1  0  0  0  0  108  1  0  
0  0  0  0  0  0  0  0  0  0  0  0  0  0  0  0  0  0  0  0  0  0  0  0  0  0  0  0  0  0  0  0  0  0  0  0  0  0  0  0  0  0  0  0  0  0  0  0  0  0  0  0  0  0  0  0  0  0  0  0  1  0  0  0  0  0  0  0  0  0  0  0  0  0  0  13  0  0  0  0  0  0  17  12014  0  1  0  0  0  0  18698  51446  5  0  10683  19827  0  21176  38  17  0  0  0  0  8  476  0  1  33305  0  2563  52  0  0  59  0  52253  8843  0  0  195  423  2  52046  0  0  0  0  2  8  121  9  711  1087  60682  0  12530  3  12  87  2  0  0  0  2  114  1152  0  0  0  0  69  0  1  56333  34  12130  872  29236  2825  
0  0  0  0  0  0  0  0  0  0  0  0  0  0  0  0  0  0  0  0  0  0  0  199  0  0  0  0  0  0  83  1  0  0  0  0  0  0  0  0  0  0  0  0  0  0  0  0  0  0  0  0  0  0  0  0  0  0  0  0  0  0  15  0  0  0  0  0  0  0  0  0  0  0  60101  0  0  0  36  7409  0  0  0  0  0  284  26556  3531  15542  1055  18  18160  0  0  0  0  19400  0  0  0  0  0  0  0  18247  3062  0  193  618  0  0  0  2814  20  0  0  179  0  0  0  77059  0  52  0  0  32  221  0  0  0  0  0  0  0  0  93127  133764  179253  0  0  0  1  0  1680  0  0  0  0  0  0  0  1  0  0  710  609  0  7  40372  7  
0  0  0  0  0  0  0  0  0  0  0  0  0  0  0  0  0  0  0  0  0  0  0  0  0  0  0  0  0  0  0  0  0  0  0  0  0  0  0  0  0  0  0  0  0  0  0  0  0  0  0  0  0  0  0  0  0  0  0  0  0  0  0  0  0  0  0  0  0  0  0  0  0  0  0  0  0  15  0  0  0  0  174  77  0  62  0  1  0  0  0  0  47285  29  0  0  4  0  0  9544  5445  0  29  15  0  0  1  11  5  42  2  12706  4  7  1976  0  6  84  35  0  0  58  754  52  0  1  0  0  86909  118701  7  4966  5  113  264  0  0  0  1737  25  21  87  0  0  63  84  213701  2  0  0  0  0  0  0  5  2  20  18  300  65  
0  0  0  0  0  0  0  0  0  0  0  0  0  0  0  0  0  0  0  0  0  0  0  0  0  0  0  0  0  0  0  0  0  0  0  0  0  0  0  0  0  0  0  0  0  0  0  0  0  0  0  0  0  0  0  0  0  0  0  0  0  0  0  0  0  0  0  0  0  0  0  0  0  0  0  0  0  94822  0  0  0  0  68  9  0  782  0  7  0  0  44  4  218  2  0  0  7  0  8869  0  2480  5301  260  6  0  0  1934  9051  0  86646  0  163  27  24  97607  0  2  33  6125  0  0  689  8341  0  0  8  0  1  85439  24675  0  10  0  0  0  0  0  0  425  21  132011  1457  1  0  24  0  14142  582  0  0  0  0  0  0  27  37  13  159  1814  98  
0  0  0  0  0  0  0  0  0  0  0  0  0  0  0  0  0  0  0  0  0  0  0  0  0  0  1  0  0  26  0  0  0  0  0  0  0  0  0  0  0  0  0  0  0  0  0  0  0  0  0  0  0  0  0  0  0  0  0  0  0  0  0  0  0  0  0  0  0  0  1  0  0  0  0  0  8250  1  0  0  0  25  358  8  18  0  0  0  0  2  0  0  1  52056  0  0  0  0  4543  2654  0  91  0  179042  0  0  0  0  0  0  0  0  0  0  11  0  0  3  52  32329  0  0  15  0  0  0  0  1  1085  215731  0  84  0  0  0  0  0  0  11761  91  58607  0  6  0  11281  0  3  0  0  0  0  0  0  0  0  2  0  2  34  0  
0  0  0  0  0  0  0  0  0  0  0  0  0  0  0  0  0  0  0  0  0  0  0  0  0  0  0  0  0  0  0  0  0  0  0  0  0  0  0  0  0  0  0  0  0  0  0  0  0  0  0  0  0  0  0  0  0  0  0  0  0  0  0  0  0  0  0  0  0  0  0  0  0  0  0  0  14766  32949  0  0  0  32  1  0  0  4  0  0  0  0  0  0  0  0  0  0  0  0  0  6662  99  0  2943  1  0  0  0  0  0  0  0  0  0  1  1  0  0  0  151923  379  0  0  22  0  0  0  0  0  0  5  0  0  0  0  0  0  0  0  0  5  138434  6  17  0  0  0  0  0  0  0  0  0  0  0  0  15  0  1  75  48  
0  0  0  0  0  0  0  0  0  0  0  0  0  0  0  1  0  0  0  0  0  0  0  0  0  0  0  0  0  0  0  0  0  0  0  0  0  0  0  0  0  0  0  0  0  0  0  0  0  0  0  0  0  0  0  0  0  0  0  0  0  0  0  0  0  0  0  0  0  0  0  0  0  0  0  0  15580  20509  0  0  0  5337  53  1  0  4347  0  0  11042  6401  0  0  1  0  0  0  0  0  0  30  23  3889  0  3  0  0  0  0  0  0  0  0  3  8  32  0  0  1  198856  56  0  0  8616  0  0  347  0  191  2  35  0  0  0  0  0  0  0  0  17  457  120  112730  155492  0  6  0  2  0  0  0  0  0  0  0  0  383  0  0  178  46  
0  0  8  0  0  0  0  0  19973  1649  0  0  0  0  0  0  0  0  0  0  0  0  0  0  0  0  14  0  0  2117  0  0  0  0  0  0  0  0  0  0  0  0  0  0  0  114  0  0  0  0  0  0  0  0  0  0  0  0  0  0  0  0  0  0  1  44  0  0  0  0  7804  0  0  0  0  0  8641  0  0  0  0  3  8211  17800  3506  0  0  0  0  0  0  0  3  8083  0  59  0  0  2  1  193004  2  0  0  0  0  0  0  0  1  0  0  0  0  5  0  0  4849  41  48508  0  0  3  0  0  0  0  0  5  35780  0  262  0  0  0  0  0  0  133625  769  38  1  0  0  103473  0  7  0  0  0  0  0  0  0  0  0  0  0  0  1  
3  0  0  0  0  316  0  0  0  0  0  0  0  0  0  0  0  0  0  0  0  0  0  2748  0  0  0  0  0  0  6338  998  0  0  0  0  0  0  0  0  0  0  0  0  0  0  0  0  0  0  0  0  0  0  0  0  0  0  0  0  0  0  276  0  0  5  0  0  0  203  0  0  0  0  10757  0  0  0  21  5342  0  0  0  0  0  0  0  0  0  34451  0  5  0  0  0  0  9  14324  0  0  0  0  0  0  0  47193  0  0  0  0  0  0  0  0  0  0  0  0  0  0  1  1  0  0  0  0  0  0  0  0  0  0  0  0  0  0  65118  114  0  23  0  0  0  20785  0  0  0  0  0  0  0  5  0  1  97  115  0  23  16839  23  
0  0  0  0  0  188  0  0  0  0  0  0  0  0  0  8  0  0  0  0  0  0  0  0  0  0  0  0  0  0  32  1621  0  0  0  0  0  0  0  0  0  0  0  0  0  0  0  0  0  0  0  0  0  0  0  0  0  0  0  0  0  0  5  0  0  931  0  0  0  50  0  0  0  0  0  0  0  0  0  9573  0  0  0  0  0  0  0  0  0  195  0  102  0  0  0  0  507  1545  0  0  0  0  0  0  42555  0  0  0  0  0  0  0  0  0  0  0  0  0  0  0  12  0  1  0  0  0  0  0  0  0  0  0  0  0  0  0  42571  25  0  17127  0  0  0  7087  0  0  0  0  0  7  0  426  1  252  535  4505  107  2034  33927  3755  
0  0  0  0  0  0  0  0  0  0  0  0  0  0  0  0  0  0  0  0  0  0  0  0  0  0  0  0  0  0  0  0  0  0  0  0  0  0  0  0  0  0  0  0  0  0  0  0  0  0  0  0  0  0  0  0  0  0  0  0  0  0  0  0  0  0  0  0  0  0  0  0  0  0  0  0  0  2449  0  0  0  0  0  0  0  30  0  0  0  0  92  4  0  0  0  0  0  0  0  2109  0  0  0  0  0  0  0  13974  9874  1410  0  0  0  0  16512  0  0  1  0  0  0  38288  22  0  0  0  0  0  145  0  0  0  0  0  0  0  0  0  1  0  0  0  0  0  0  0  4452  49097  0  0  0  0  0  0  3  0  0  199  21  0  
0  0  0  0  0  0  0  0  0  0  0  0  0  0  0  0  0  0  0  0  0  0  0  0  0  0  0  0  0  0  0  0  0  0  0  0  0  0  0  0  0  0  0  0  0  0  0  0  0  0  0  0  0  0  0  0  0  0  0  0  0  0  0  0  0  0  0  0  0  0  0  0  0  0  0  0  0  3611  0  0  0  0  0  1  0  131  0  0  0  0  1  3  0  0  0  0  0  84  14  11989  0  0  0  0  0  0  13706  0  118838  87975  1  4660  0  0  839  0  15217  0  0  0  3  8359  1  1  0  0  0  0  504  1  0  0  0  0  0  0  0  0  2  0  0  0  0  0  0  4  108693  27312  0  0  0  0  0  0  2  0  0  56  8  0  
0  0  0  0  0  0  0  0  0  0  0  0  0  0  0  0  0  0  0  0  0  0  0  0  0  0  0  0  0  0  0  0  0  0  0  0  0  0  0  0  0  0  0  0  0  0  0  0  0  0  0  0  0  0  0  0  0  0  0  0  0  0  0  0  0  0  0  0  0  0  0  0  0  0  0  6  0  547  0  0  0  0  0  0  0  595  0  0  0  0  10845  4094  1  0  2  0  34346  217  96  1  0  0  0  0  0  1  13225  110900  0  5  433  5403  0  0  1  0  61140  3  0  0  4  44438  8  1130  0  0  0  0  0  0  23  0  425  528  327  0  2  1  0  0  0  0  0  0  0  2506  31362  1029  0  0  0  0  0  0  9297  0  32  1  67  0  
0  0  0  0  0  0  0  0  0  0  0  0  0  0  0  0  0  0  0  0  0  0  0  0  0  0  0  0  0  0  0  0  0  0  0  0  0  0  0  0  0  0  0  0  0  0  0  0  0  0  0  0  0  0  0  0  0  0  0  0  0  0  0  0  0  0  0  0  0  0  0  0  0  0  0  0  0  118  0  0  0  0  13  4  0  11  0  1  0  0  1  3  57  0  0  0  1  0  38  109712  1  0  5  2  0  0  1915  108684  19  0  0  0  1  1  41242  0  1  10  11  0  0  1019  124  1  0  0  0  0  1631  1646  0  0  0  0  0  0  0  0  82  3  2597  20  0  0  6  0  14252  46243  0  0  0  0  0  0  10  0  2  123  84  5  
0  0  0  0  0  0  0  0  0  0  0  0  0  0  0  0  0  0  0  0  0  0  0  0  0  0  0  0  0  0  0  0  0  0  0  0  0  0  0  0  0  0  0  0  0  0  0  0  0  0  0  0  0  0  0  0  0  0  0  0  0  0  0  0  0  0  0  0  0  0  0  0  0  0  0  29979  0  0  0  0  0  0  0  0  0  0  0  0  0  0  70  25  7  0  4458  0  3463  0  17  0  0  0  0  0  0  0  0  4  1240  0  0  21694  0  0  0  0  22150  0  0  0  0  262  0  65559  0  0  0  0  0  0  6  0  7527  122399  58  0  0  0  0  0  0  0  0  0  0  188298  853  0  0  0  0  0  0  0  12  0  8  0  0  0  
0  0  0  0  0  0  0  0  0  0  0  0  0  0  0  0  0  0  0  0  0  0  0  0  0  0  0  0  0  0  0  0  0  0  0  0  0  0  0  0  0  0  0  0  0  0  0  0  0  0  0  0  0  0  0  0  0  0  0  0  0  0  0  0  0  0  0  0  0  0  0  0  0  0  0  8  0  0  0  0  0  0  0  0  0  0  0  0  0  0  6  2  30  0  1  0  28  0  10017  91  0  0  0  0  0  0  0  5917  5820  1  11721  0  0  0  1  0  16529  1  0  0  0  7119  0  2744  0  0  0  0  0  0  8  0  22138  4163  406  0  0  0  0  0  0  0  0  0  0  209443  174115  1  0  0  0  0  0  0  19  0  115  0  0  0  
0  0  0  0  0  0  0  0  0  0  0  0  0  0  0  0  0  0  0  0  0  0  0  0  0  0  0  0  0  0  0  0  0  0  0  0  0  0  0  0  0  0  0  0  0  0  0  0  0  0  0  0  0  0  0  0  0  0  0  0  0  0  0  0  0  0  0  0  0  0  0  0  0  0  1060  0  0  0  58  48  0  0  0  0  0  236  27184  36640  4  1  0  25  0  0  0  0  0  900  0  0  0  0  0  0  0  0  0  0  0  0  0  0  0  10043  0  0  0  0  3  0  8500  0  19596  0  0  2742  522  1  0  1  0  0  0  0  0  3171  0  17265  0  11  2  308  0  0  0  0  0  0  0  0  0  0  0  0  0  499  0  0  3835  0  
0  0  0  0  0  0  0  0  0  0  0  0  0  0  0  0  0  0  0  0  0  0  0  0  0  0  0  0  0  0  0  0  0  0  0  0  0  0  0  0  0  0  0  0  0  0  0  0  0  0  0  0  0  0  0  0  0  0  0  0  0  0  0  0  0  0  0  0  0  0  0  0  0  0  173  0  0  0  8  31  0  0  0  0  0  50392  236  43217  7  0  0  26  0  0  0  0  0  5  0  0  0  0  14  0  0  0  0  0  0  0  0  0  4919  0  0  0  0  0  14  0  261  0  9929  0  0  19417  485  6  2  4  0  0  0  0  0  94  0  118  6  5  8  772  0  0  0  0  1  0  0  0  0  0  0  0  0  153  0  0  3063  0  
0  0  0  0  0  0  0  0  0  0  0  0  0  0  0  0  0  0  0  0  0  0  0  0  0  0  0  0  0  0  0  0  0  0  0  0  0  0  0  0  0  0  0  0  0  0  0  0  0  0  0  0  0  0  0  0  0  0  0  0  0  0  0  0  0  0  0  0  0  0  0  0  0  0  0  0  0  19527  0  0  0  0  243  134  0  1010  0  7  0  0  14395  64  421  2  0  2  34  0  482  109276  5  0  398  35  0  0  17484  1430  3  51018  0  0  32  28  0  0  12  82  1438  5  1  27161  39676  7  0  5  0  2  14721  4809  2  24  0  0  1  0  0  0  1099  124  2693  2354  3  0  70  0  10735  24460  0  0  0  5  0  0  189  24  48  6175  67735  1007  
0  0  0  0  0  0  0  0  0  0  53  0  0  0  0  0  0  0  0  0  0  217  0  0  0  0  0  0  0  0  0  0  0  0  0  0  0  0  0  0  0  8  0  34  0  0  0  0  0  0  5  0  0  0  0  0  0  0  0  0  2  0  0  0  0  0  0  0  0  0  0  0  0  0  0  23431  0  0  0  0  0  0  0  0  16023  0  0  0  0  0  0  0  56907  26933  12041  74049  0  0  0  0  0  0  0  0  0  0  0  0  0  0  0  0  0  0  0  0  0  63145  0  0  0  0  0  0  60002  0  0  0  0  0  30698  22  0  0  422  0  0  0  0  0  0  0  0  0  0  0  0  0  0  0  0  0  0  0  0  0  0  0  0  0  
0  0  0  0  0  0  0  0  0  0  0  0  0  0  0  0  0  0  0  0  0  0  0  0  0  0  0  0  0  0  0  0  0  0  0  0  0  0  0  0  0  0  0  0  0  0  0  0  0  0  0  0  0  0  0  0  0  0  0  0  0  0  0  0  0  0  0  0  0  0  0  0  0  0  0  3  0  0  0  0  0  0  0  0  0  0  0  0  0  0  118  30  2  0  4  0  61370  38  160  1  0  0  0  0  0  0  0  15186  60224  0  23064  13368  0  0  2  0  0  1  0  0  1  1596  0  15069  1  0  0  0  1  0  26  0  711  764  579  0  0  1  0  0  0  0  0  0  0  10486  12590  1  0  0  0  0  0  0  3133  0  640  1  7  0  
0  0  0  0  0  0  0  0  7  8  244  0  0  0  0  0  0  0  0  0  0  22  0  0  0  0  2  0  0  87  0  0  0  0  0  0  0  0  0  0  0  0  0  15  0  0  0  0  0  0  0  0  0  0  0  0  0  0  0  0  0  0  0  0  8  2  0  0  0  0  6  0  0  0  0  7  0  0  0  0  0  0  2208  29557  134090  2  0  0  0  3  0  0  1885  9791  28  201845  5455  0  113  108  4  0  1  3982  0  0  0  0  0  1  0  0  0  0  441  49660  0  0  24  3  0  1  11  2  4585  0  0  2  15  1144  13160  17175  21  0  13031  0  0  0  135127  2266  136  2  1  0  170  0  797  0  0  0  0  111  0  0  1  2  2  253  14  1  
0  0  0  0  0  0  0  0  0  0  0  0  0  0  0  0  0  0  0  0  0  0  0  0  0  0  0  0  0  0  0  0  0  0  0  0  0  0  0  0  0  0  0  0  0  0  0  0  0  0  0  0  0  0  0  0  0  0  0  0  0  0  0  0  0  0  0  0  0  0  0  0  0  0  0  0  47470  34040  0  0  13  27740  328  7  0  2714  0  42  89  3308  0  5  14  0  0  0  0  0  13  21393  109  163603  202563  21  0  0  0  0  0  19  0  0  143  96  591  0  0  10  0  34238  1  0  36428  0  0  171  0  1183  135  539  0  2  0  0  0  0  0  0  85  2220  190184  16993  84012  0  17  0  101  0  0  0  0  0  0  0  5  4414  0  186  21690  3062  
0  0  39  0  0  0  0  67  493  0  0  0  0  0  0  6  0  0  0  0  0  0  0  0  0  0  0  0  0  1  0  0  0  0  0  0  0  0  0  0  0  0  0  0  0  13  0  0  0  0  0  0  0  0  0  0  0  0  0  0  0  0  0  0  0  0  0  0  0  0  48  0  0  0  0  0  43381  6  0  0  5  48483  23748  7  0  0  0  0  0  15151  0  0  1  0  0  0  0  0  2  30  51457  506  257  52658  0  0  0  0  0  2  0  0  0  0  126  0  0  11  28861  0  0  1  160  0  0  0  0  79  19  39599  0  4  0  0  0  0  0  0  79  1755  10249  16  432  0  38738  0  10  0  0  0  0  0  0  0  0  132  0  10  641  138  
0  0  0  0  0  0  0  0  0  0  0  0  0  0  0  0  0  0  0  0  0  0  0  0  0  0  0  0  0  0  0  0  0  0  0  0  0  0  0  0  0  0  0  0  0  0  0  0  0  0  0  0  0  0  0  0  0  0  0  0  0  0  0  0  0  0  0  0  0  0  0  0  0  0  381  0  0  0  38  46  0  0  0  0  0  594  14670  530  1  1  0  27332  0  0  0  0  354  78233  0  0  0  0  0  0  0  9  0  8  31  0  0  0  10120  200  0  0  4  0  0  0  0  0  5065  0  0  825  84  2  0  0  0  0  0  0  0  55  4952  30172  0  4  0  7  0  0  0  0  0  0  0  0  0  0  0  0  74  529  0  0  59615  4  
0  0  0  0  0  0  0  0  0  0  0  0  0  0  0  0  0  0  0  0  0  0  0  0  0  0  0  0  0  0  0  0  0  0  0  0  0  0  0  0  0  0  0  0  0  0  0  0  0  0  0  0  0  0  0  0  0  0  0  0  0  0  0  0  0  0  0  0  0  0  0  0  0  0  0  0  0  19  0  0  0  0  0  10  0  10  0  0  0  0  41374  14885  11  0  0  0  537  2  25  374  0  0  0  0  0  0  32491  7652  61207  723  520  11067  0  0  18322  0  3944  6  1  0  0  0  129  5521  0  0  0  0  221  12  1  0  28  7  59  0  0  0  11  4  5  3  0  0  0  1312  100633  13353  0  0  0  0  0  0  8172  0  1930  7245  34518  1  
0  0  0  0  0  0  0  0  0  0  0  0  0  0  0  0  0  0  0  0  0  0  0  0  0  0  0  0  0  0  0  0  0  0  0  0  0  0  0  0  0  0  0  0  0  0  0  0  0  0  0  0  0  0  0  0  0  0  0  0  0  0  0  0  0  0  0  0  0  0  0  0  0  0  262  0  0  22258  44  120  0  9  165  4  0  60996  86  8703  4  0  9895  52503  99  6  0  0  16  71  213  3730  5  3  10151  29  0  0  4  5  45  52  0  0  20957  10195  17576  0  0  5  35615  1  5675  120  0  0  0  7145  176  45  805  1979  0  36  0  0  0  21  0  375  529  70  5538  52931  71  0  57  0  1140  2  0  0  0  0  0  0  924  866  2  67  83214  335  
0  0  0  0  0  0  0  0  0  0  0  0  0  0  0  0  0  0  0  0  0  0  0  0  0  0  0  0  0  0  0  0  0  0  0  0  0  0  0  0  0  0  0  0  0  0  0  0  0  0  0  0  0  0  0  0  0  0  0  0  0  0  0  0  0  0  0  0  0  0  0  0  0  0  0  173  0  0  0  0  0  0  0  0  0  0  0  0  0  0  115  21  28  0  42803  2  44119  0  233  4  0  0  0  0  0  0  0  0  1874  1  61094  3357  0  0  19  1  23308  12  0  0  0  2982  0  0  10  0  0  0  1  0  516  3  5557  45744  16864  0  0  0  0  0  0  0  0  0  0  15453  11160  1  0  0  0  0  0  0  159  0  5775  3  5  0  
0  0  0  0  0  0  0  0  0  0  0  0  0  0  0  0  0  0  0  0  0  12  0  0  0  0  0  0  0  0  0  0  0  0  0  0  0  0  0  0  0  0  0  0  0  0  0  0  0  0  0  0  0  0  0  0  0  0  0  0  0  0  0  0  0  0  0  0  0  0  0  0  0  0  0  17406  0  0  0  0  0  0  0  0  1  0  0  0  0  0  0  0  687  254  44877  46113  0  0  0  0  0  0  0  0  0  0  0  0  0  0  0  0  0  0  0  60020  0  8449  0  0  0  0  0  0  0  0  0  0  0  0  16548  89  37  1  52731  0  0  0  3  0  0  0  0  0  0  0  2  0  0  0  0  0  0  0  0  0  0  0  0  0  
0  0  0  0  0  0  0  0  0  0  0  0  0  0  0  0  0  0  0  0  0  0  0  0  0  0  0  0  0  0  0  0  0  0  0  0  0  0  0  0  0  0  0  0  0  0  0  0  0  0  0  0  0  0  0  0  0  0  0  0  0  0  0  0  0  0  0  0  0  0  0  0  0  0  1131  0  0  1  108  3886  6  1  0  0  0  18588  63  90636  187588  33  0  96  0  0  0  0  0  32  0  1  0  0  346  0  0  0  0  0  0  0  0  0  4138  17278  0  0  0  0  79  0  361  0  1362  0  0  0  74739  13734  0  1  0  0  0  0  0  41196  0  304  0  2530  19  92849  8  0  0  0  0  0  0  0  0  0  0  0  0  7842  0  0  17076  0  
0  0  0  0  0  0  0  0  0  0  0  0  0  0  0  0  0  0  0  0  0  0  0  0  0  0  0  0  0  0  0  0  0  0  0  0  0  0  0  0  0  0  0  0  0  0  0  0  0  0  0  0  0  0  0  0  0  0  0  0  0  0  0  0  0  0  0  0  0  0  0  0  0  0  31250  0  0  0  62802  21275  9  0  0  0  0  2  58  629  140820  34188  0  3  0  0  0  0  0  189  0  0  0  0  0  0  0  0  0  0  0  0  0  0  1887  552  0  0  0  0  3  0  66  0  50  0  0  65852  0  76599  0  0  0  0  0  0  0  18567  0  519  0  1683  0  29  0  0  0  0  0  0  0  0  0  0  0  0  0  2359  0  0  3320  0  
0  0  0  0  0  0  0  0  0  0  0  0  0  0  0  0  0  0  0  0  0  0  0  0  0  0  0  0  0  0  0  0  0  0  0  0  0  0  0  0  0  0  0  0  0  0  0  0  0  0  0  0  0  0  0  0  0  0  0  0  0  0  0  0  0  0  0  0  0  0  0  0  0  0  26  0  3  0  71  36777  65243  2225  24  1  0  0  0  0  108962  183881  0  0  0  0  0  0  0  1  0  0  6  0  173  0  0  0  0  0  0  0  0  0  1  5  0  0  0  0  2425  7  0  0  14  0  0  5112  83468  0  0  5  0  0  0  0  0  6  0  23  4  13826  19  18014  43326  0  1  0  0  0  0  0  0  0  0  0  0  1178  0  0  81  0  
0  0  0  0  0  0  0  0  0  0  0  0  0  0  0  0  0  0  0  0  0  0  0  0  0  0  0  0  0  0  0  0  0  0  0  0  0  0  0  0  0  0  0  0  0  0  0  0  0  0  0  0  0  0  0  0  0  0  0  0  0  0  0  0  0  0  0  0  0  0  0  0  0  0  0  0  0  280  0  0  0  0  672  25  0  91  0  2  0  0  1  3  198  12  0  0  5  0  81114  91258  1304  0  33  7  0  0  148  220  1  1007  0  0  7  7  9931  0  1  48  76  0  0  784  836  2  0  2  0  0  0  42980  0  26  0  0  1  0  0  0  585  41  2840  141  0  0  107  0  33731  449  0  0  0  0  0  0  49  2  22  292  444  98  
0  0  0  0  0  0  0  0  0  0  0  0  0  0  0  0  0  0  0  0  0  0  0  0  0  0  0  0  0  0  0  0  0  0  0  0  0  0  0  0  0  0  0  0  0  0  0  0  0  0  0  0  0  0  0  0  0  0  0  0  0  0  0  0  0  0  0  0  0  0  0  0  0  0  0  0  1  678  0  0  1  14  17301  484  0  219  0  5  0  5  0  0  14798  11065  0  0  1  0  116773  24561  246232  0  106  35508  0  0  1  4  0  1003  0  0  18  14  4631  0  0  273  589  18271  0  47  3213  0  0  4  0  6  41659  0  10  24943  0  0  2  0  0  0  40680  5940  57997  409  11  0  54056  0  9236  4  0  0  0  0  0  0  8  30  2  44  1572  334  
0  0  0  0  0  0  0  0  0  0  0  0  0  0  0  0  0  0  0  0  0  0  0  0  0  0  0  0  0  0  0  0  0  0  0  0  0  0  0  0  0  0  0  0  0  0  0  0  0  0  0  0  0  0  0  0  0  0  0  0  0  0  0  0  0  0  0  0  0  0  0  0  0  0  0  15910  0  0  0  0  0  0  0  0  11  0  0  0  0  0  1  1  218488  796  16081  2504  12  0  15  7  0  0  0  0  0  0  0  0  1  0  0  20  0  0  14  26979  2  5466  0  0  0  0  0  58  13478  0  0  0  0  5  0  15972  17224  377  33552  0  0  0  3465  0  0  0  0  0  0  22  51165  0  0  0  0  0  0  0  0  0  5  0  0  0  
0  0  0  0  0  0  0  0  0  0  0  0  0  0  0  0  0  0  0  0  0  0  0  0  0  0  0  0  0  0  0  0  0  0  0  0  0  0  0  0  0  0  0  0  0  0  0  0  0  0  0  0  0  0  0  0  0  0  0  0  0  0  0  0  0  0  0  0  0  0  0  0  0  0  0  1  0  1  0  0  0  1  146  33  7494  5  0  0  0  0  0  0  137466  83217  79  1980  2  0  8579  58  119  0  0  73  0  0  0  0  0  0  0  0  0  1  197  21  0  16805  6  1  0  5  14  0  27  0  0  0  14  28738  7153  0  18  0  2663  0  0  0  125278  37  6  2  0  0  785  0  16315  0  0  0  0  0  0  0  1  0  1  0  7  0  
0  0  0  0  0  0  0  0  0  0  0  0  0  0  0  0  0  0  0  0  0  0  0  0  0  0  0  0  0  0  0  0  0  0  0  0  0  0  0  0  0  0  0  0  0  0  0  0  0  0  0  0  0  0  0  0  0  0  0  0  0  0  0  0  0  0  0  0  0  0  0  0  0  0  0  24423  0  0  0  0  0  0  0  0  0  0  0  0  0  0  1  0  49234  0  24443  9  56  0  55  0  0  0  0  0  0  0  0  0  76  0  6087  21676  0  0  1  2  54  23  0  0  0  3  0  2067  66  0  0  0  0  0  13959  24  0  23559  15206  0  0  0  1  0  0  0  0  0  0  18934  35230  0  0  0  0  0  0  0  1  0  200  0  0  0  
0  0  0  0  0  0  0  0  0  0  0  0  0  0  0  0  0  0  0  0  0  0  0  0  0  0  0  0  0  0  0  0  0  0  0  0  0  0  0  0  0  0  0  0  0  0  0  0  0  0  0  0  0  0  0  0  0  0  0  0  0  0  0  0  0  0  0  0  0  0  0  0  0  0  0  24985  0  0  0  0  0  0  0  0  0  0  0  0  0  0  1  1  76  0  68204  2  155  0  177  1  0  0  0  0  0  0  0  0  224  0  104822  2667  0  0  2  4  196  5  0  0  0  7  0  60939  70  0  0  0  0  0  1017  4  16289  0  5922  0  0  0  1  0  0  0  0  0  0  69858  5881  0  0  0  0  0  0  0  3  0  353  6  0  0  
0  0  0  0  0  0  0  0  0  0  0  0  0  0  0  0  0  0  0  0  0  23  0  0  0  0  0  0  0  0  0  0  0  0  0  0  0  0  0  0  0  0  0  0  0  0  0  0  0  0  0  0  0  0  0  0  0  0  0  0  0  0  0  0  0  0  0  0  0  0  0  0  0  0  0  564  0  0  0  0  0  0  0  0  26  0  0  0  0  0  0  0  4276  511  132226  98319  60983  0  444  17  0  0  0  0  0  0  0  0  5  0  3  245  0  0  23  125  40  13480  0  0  0  11  0  36163  48435  0  0  0  2  1  37003  4872  10559  5732  0  0  0  0  604  0  0  0  0  0  0  306  14587  0  0  0  0  0  0  0  213  0  2103  27  0  0  
0  0  0  0  0  0  0  0  0  0  0  0  0  0  0  0  0  0  0  0  0  0  0  0  0  0  0  0  0  0  0  0  0  0  0  0  0  0  0  0  0  0  0  0  0  0  0  0  0  0  0  0  0  0  0  0  0  0  0  0  0  0  0  0  0  0  0  0  0  0  0  0  0  0  10027  0  0  0  24  131  0  0  0  0  0  3  28071  44226  27473  7  0  0  0  0  0  0  0  83109  0  0  0  0  0  0  0  0  0  0  0  0  0  0  12495  356  0  0  0  0  0  0  22  0  7  0  0  38133  25285  7  0  0  0  0  0  0  0  0  0  14656  0  20  0  2  0  0  0  0  0  0  0  0  0  0  0  0  0  47  0  0  128  0  
0  0  0  0  0  1  0  0  0  0  0  0  0  0  0  0  0  0  0  0  0  0  0  89  0  0  0  0  0  0  60  11  0  0  0  0  0  0  0  0  0  0  0  0  0  0  0  0  0  0  0  0  0  0  0  0  0  0  0  0  0  0  14  0  0  1  0  0  0  1  0  0  0  0  133  0  0  0  0  11872  0  0  0  0  0  0  0  0  0  4613  2  498  0  0  0  0  11337  131917  0  0  0  0  0  0  53068  46590  0  0  2  0  0  0  0  0  0  0  0  0  0  0  2325  0  1  0  0  0  0  0  0  0  0  0  0  0  0  0  0  29567  0  1  0  0  0  3309  0  0  0  0  0  1  0  6  0  10  361  5635  23  373  71080  16944  
0  0  0  0  0  0  0  0  0  0  0  0  0  0  0  0  0  0  0  0  0  0  0  0  0  0  0  0  0  0  0  0  0  0  0  0  0  0  0  0  0  0  0  0  0  0  0  0  0  0  0  0  0  0  0  0  0  0  0  0  0  0  0  0  0  0  0  0  0  0  0  0  0  0  13457  0  0  0  493  11704  0  0  0  0  0  1  2449  1172  4  807  0  5  0  0  0  0  33  154818  0  0  0  0  0  0  19  12  0  2  0  0  0  0  31738  439  0  0  2  0  0  0  20887  0  51  0  0  361  464  5  0  0  0  0  0  0  0  22918  23758  0  0  358  0  4  0  111  0  0  0  0  0  0  0  0  0  0  53  2060  0  0  22029  0  
0  0  0  0  0  0  0  0  101  7  0  0  0  0  0  0  0  0  0  0  0  0  0  0  0  0  0  0  0  415  0  0  0  0  0  0  0  0  0  0  0  0  0  0  0  0  0  0  0  0  0  0  0  0  0  0  0  0  0  0  0  0  0  0  0  0  0  0  0  0  406  0  0  0  0  0  0  1  0  0  0  1  5719  1714  110441  10  0  0  0  0  0  0  10449  102833  2  2160  1  0  2898  521  19762  0  4  112458  0  0  0  0  0  1  0  0  0  0  1952  0  0  116613  21  6  0  30  100  1  1  0  0  0  114  45542  4342  107002  6  0  1280  0  0  0  0  1034  191  10  0  0  20395  0  35423  0  0  0  0  0  0  0  6  0  3  8  31  1  
17  0  0  0  2  3464  560  196  916  4621  0  0  0  0  0  23  0  0  0  0  0  0  0  0  0  0  2  0  0  0  16  354  0  0  0  0  0  0  0  0  2  0  0  0  6  0  0  2  3  0  0  33  111  5  0  13  0  0  0  0  0  0  0  1  0  24660  3  0  0  15  11  0  0  0  20  0  1  10  20  75717  30262  28500  46073  44684  0  8  0  1  305  524  0  0  8  0  0  21  30  0  6  29  377  0  65  290  41  16584  1  0  0  2  0  0  9  16  150  0  0  893  1221  931  2  30  61  0  0  1885  269  6915  45  1664  0  11  0  0  0  0  1  238  963  0  997  255  571  3  180  0  18  0  0  46  0  50453  616  58  4  6498  0  17783  1921  303  
0  0  0  0  0  0  0  0  0  0  0  0  0  0  0  0  0  0  0  0  0  0  0  0  0  0  0  0  0  0  0  0  0  0  0  0  0  0  0  0  0  0  0  0  0  0  0  0  0  0  0  0  0  0  0  0  0  0  0  0  0  0  0  0  0  0  0  0  0  0  0  0  0  0  0  0  13151  991  0  0  0  905  1974  61  0  145  0  31  0  11  3  2  15  3  0  0  0  0  24  117644  54196  130957  180  33  0  0  0  1  0  1336  0  0  135  66  1179  0  0  32  171779  13934  0  11  10222  0  0  46  0  12  3117  68294  0  5  0  0  0  0  0  0  281  4772  0  2500  99  0  118  0  106  1  0  0  0  0  0  0  20  409  0  311  15983  5666  
0  0  0  0  0  0  0  0  0  0  0  0  0  0  0  0  0  0  0  0  0  0  0  0  0  0  0  0  0  0  0  0  0  0  0  0  0  0  0  0  0  0  0  0  0  0  0  0  0  0  0  0  0  0  0  0  0  0  0  0  0  0  0  0  0  0  0  0  0  0  0  0  0  0  11  0  0  5655  2  247  38  8  6  0  0  61536  1  471  39032  82  0  44  6  0  0  0  0  0  4  353  3  0  123194  1  0  0  0  0  0  2  0  0  847  1417  238  0  0  0  37956  0  17  1  54154  0  0  83121  25  28861  61  187  0  0  0  0  0  1  0  8  27  917  531  0  20304  0  3  0  77  0  0  0  0  0  0  0  0  4869  0  1  19016  11  
0  0  0  0  0  1  0  0  0  0  0  0  0  0  0  0  0  0  0  0  0  0  0  0  0  0  0  0  0  0  0  0  0  0  0  0  0  0  0  0  0  0  0  0  0  0  0  0  0  0  0  0  0  0  0  0  0  0  0  0  0  0  0  0  0  1  0  0  0  0  0  0  0  0  0  0  13317  1  0  5  146  29907  163  4  0  1  0  0  25431  63628  0  0  0  0  0  0  0  0  0  1  59  11  153236  2  0  0  0  0  0  0  0  0  0  1  0  0  0  3  98451  205  0  0  114  0  0  9  1  55897  1  84  0  0  0  0  0  0  0  0  17  6013  466  15828  0  0  3  0  0  0  0  0  0  0  0  0  0  3161  0  3  743  114  
0  0  0  0  1  20  0  0  0  0  0  0  0  0  0  26  0  0  0  0  0  0  0  100  0  0  0  0  0  0  901  83  0  0  0  0  0  0  0  0  0  0  0  0  0  0  0  0  0  0  0  0  0  0  0  0  0  0  0  0  0  0  14  0  0  0  0  0  0  98  0  0  0  0  9127  0  0  0  931  26018  0  0  0  0  0  0  0  0  0  30783  0  0  0  0  0  0  0  3749  0  0  0  0  0  0  22300  8995  0  0  0  0  0  0  0  0  0  0  0  0  0  0  0  0  0  0  0  0  0  0  0  0  0  0  0  0  0  0  6277  1076  0  9  0  0  0  0  0  0  0  0  0  0  0  0  0  0  0  64  0  0  69  0  
0  0  0  0  0  0  0  1  10455  5  0  0  0  0  0  0  0  0  0  0  0  0  0  0  0  0  0  0  0  26  0  0  0  0  0  0  0  0  0  0  0  0  0  0  0  80  0  0  0  0  0  0  0  0  0  0  0  0  0  0  0  0  0  0  0  0  0  0  0  0  2495  0  0  0  0  0  1  1  0  0  0  27  64410  7  0  2  0  0  0  3  0  0  29  43  0  0  0  0  36  18  21310  0  8  97203  0  0  0  0  0  0  0  0  0  0  39  0  0  3  284  41838  0  0  65  0  0  0  0  5  48  84191  1  2217  0  0  0  0  0  0  18098  539  2182  4  22  0  0  0  72  0  0  0  0  0  0  0  1  4  0  4  141  23  
0  0  0  0  0  0  0  0  0  0  0  0  0  0  0  0  0  0  0  0  0  0  0  0  0  0  0  0  0  0  0  0  0  0  0  0  0  0  0  0  0  0  0  0  0  0  0  0  0  0  0  0  0  0  0  0  0  0  0  0  0  0  0  0  0  0  0  0  0  0  0  0  0  0  0  863  0  0  0  0  0  0  0  0  0  0  0  0  0  0  43  16  23  0  10  0  32  0  240  0  0  0  0  0  0  0  0  28  7358  0  183595  203922  0  0  1  0  10177  5  0  0  0  1652  0  13029  0  0  0  0  0  0  72  0  14188  92605  719  0  0  0  0  0  0  0  0  0  0  0  15438  0  0  0  0  0  0  0  4  0  101  0  1  0  
0  0  0  0  0  0  0  0  0  0  0  0  0  0  0  0  0  0  0  0  0  0  0  0  0  0  0  0  0  0  0  0  0  0  0  0  0  0  0  0  0  0  0  0  0  0  0  0  0  0  0  0  0  0  0  0  0  0  0  0  0  0  0  0  0  0  0  0  0  0  0  0  0  0  0  18  0  4  0  0  0  0  152  34  0  34  0  0  0  0  82  88  86269  9  132  30  807  0  207744  28450  2  0  15  7  0  0  3670  119802  40574  12873  323  202166  3  3  20177  0  7426  670  29  0  0  125837  429  9011  3  0  0  0  51036  2922  42017  28054  21921  7024  15508  0  0  0  26992  15  22  55  0  0  59  7405  0  11382  0  0  0  0  0  0  3018  0  4000  5057  2005  48  
0  0  0  0  0  0  0  0  0  0  0  0  0  0  0  0  0  0  0  0  0  0  0  0  0  0  0  0  0  0  0  0  0  0  0  0  0  0  0  0  0  0  0  0  0  0  0  0  0  0  0  0  0  0  0  0  0  0  0  0  0  0  0  0  0  0  0  0  0  0  0  0  0  0  0  0  0  26  0  0  0  0  0  2  0  0  0  0  0  0  1  5  0  0  0  0  3  0  2  936  0  0  1  0  0  0  50885  33102  570  33697  0  0  0  0  13158  0  2  0  0  0  0  15707  3  0  0  0  0  0  660  1  0  0  0  0  0  0  0  0  1  0  0  1  0  0  0  0  14280  0  0  0  0  0  0  0  12  0  3  318  106  0  
0  0  0  1  0  0  0  0  0  0  0  0  0  0  0  0  14150  13743  0  0  0  0  88108  328  1  1  1  0  0  0  0  5  2  15  16734  11  1  13  0  0  93  0  30270  2  0  0  532  10711  48  425  1  0  0  0  29  2  0  0  17  33  57  0  12954  2  0  0  0  0  0  0  0  11  257  28  0  0  0  0  0  0  0  0  0  0  0  0  0  0  0  0  0  0  0  0  0  0  1  0  0  0  0  0  0  0  0  0  0  0  0  0  0  0  0  0  0  0  0  0  0  0  0  0  0  0  0  0  0  0  0  0  0  0  0  0  0  0  0  0  0  0  0  0  0  0  0  0  0  0  0  0  64581  19294  44543  845  0  1  0  1  0  0  
2237  0  0  5  82  2981  45  479  201  2  0  257  3  193  1293  290  0  0  0  0  0  0  0  282  0  1  1  91  164  0  1072  7720  0  0  0  0  0  0  560  28  7  0  0  0  4176  39  304  0  661  0  0  6301  2987  4854  0  3  0  0  0  0  0  152  4124  3743  0  2655  1249  2482  2673  3481  7  0  0  0  0  0  0  0  0  1  0  0  1  0  0  0  0  0  0  0  0  0  0  0  0  0  0  0  0  0  0  0  0  0  0  3  0  0  0  0  0  0  0  0  0  0  0  0  0  0  0  0  0  0  0  0  0  0  0  0  0  0  0  0  0  0  0  0  0  4  0  0  0  0  0  0  0  0  1  0  0  8973  151164  42563  0  1  0  0  0  5  
0  0  0  0  0  0  0  0  0  0  0  0  0  0  0  0  26  0  0  0  19  6  81057  0  1  5  0  0  0  0  0  0  0  226  2592  79  56  41  0  0  318  0  12088  420  0  0  0  9774  0  10035  0  0  0  0  180  4  0  2  16  591  19997  0  8  0  2  0  0  0  0  0  0  164  1723  381  0  0  0  0  0  0  0  0  0  0  0  0  0  0  0  0  0  0  0  0  0  0  0  0  0  0  0  0  0  0  0  0  0  0  0  0  0  0  0  0  0  0  0  0  0  0  0  0  0  0  0  0  0  0  0  0  0  0  0  0  0  0  0  0  0  0  0  0  0  0  0  0  0  0  70277  0  0  648  1807  1  0  0  0  1  0  0  
0  0  0  5  0  0  0  4  70  8015  0  0  0  0  0  0  1  47  0  0  0  5  84  0  2  13  18  150  1  1  0  634  5  0  0  0  0  0  0  0  1067  0  0  540  1169  25  11  9477  38  1  0  2  0  0  4  67  0  0  0  1  153  0  4285  0  35  251  806  3  47  0  88  0  39  31  0  0  0  0  0  0  0  0  11  29  0  0  0  0  0  0  0  0  0  0  0  47  17  0  0  2  0  0  0  0  0  41  0  0  0  0  0  0  0  0  6  0  0  100  0  0  0  0  5  0  0  0  0  0  0  1  0  0  0  0  0  0  1  0  2  8015  3  1  0  0  0  0  0  0  4081  30455  97  0  44637  57152  1  9  0  6023  103  236  
898  0  1  26  36  278  13  49  266  35  0  232  5  166  753  20  44012  43252  0  0  0  0  1190  3618  9  73  304  232  63  4  89  10816  63  0  60  1  0  0  676  22  1363  0  3  3  5697  107  15269  46322  36815  0  0  5243  1238  625  2  1168  0  0  0  0  0  130  44966  3109  1  216  5612  3559  959  80  860  1  8  5  0  0  0  0  0  0  0  0  0  0  0  0  0  0  0  0  0  0  0  0  0  0  0  0  0  0  0  0  0  0  0  0  0  0  0  0  0  0  0  0  0  0  0  0  0  0  0  0  0  0  0  0  0  0  0  0  0  0  0  0  0  0  0  0  0  1  0  0  0  0  0  0  0  0  26666  84819  2757  16689  0  122690  0  1  0  3  0  0  
0  0  0  0  0  0  0  0  6  1  0  4  0  0  0  0  1056  2410  0  0  0  0  1548  71  0  0  2  6  0  0  4  4888  1  0  7  0  0  0  0  0  21  0  0  0  66  1  136  370  10  0  0  0  0  0  0  6  0  0  0  0  4  0  34268  0  0  1  46  0  9  3  3  0  1  1  0  0  0  0  0  0  0  0  0  0  0  0  0  0  0  0  0  0  0  0  0  0  0  0  0  0  0  0  0  0  1  17  0  0  0  0  0  0  0  0  0  0  0  0  0  0  0  0  0  0  0  0  0  0  0  0  0  0  0  0  0  0  0  0  0  0  0  0  0  0  0  0  0  0  312  83947  2  92727  387151  0  1  2  0  2  2  76  
0  0  0  0  0  0  0  0  0  0  0  0  0  0  0  0  0  0  0  0  0  0  0  0  0  0  0  0  0  0  0  9  0  0  0  0  0  0  0  0  0  0  0  0  0  0  0  0  0  0  0  0  0  0  0  0  0  0  0  0  0  0  0  0  0  1  0  0  0  0  0  0  0  0  0  0  0  0  0  0  0  0  0  0  0  0  0  0  0  0  4988  35664  6  0  0  0  72096  308  1  36  0  0  0  0  56  401  2  0  15012  1  117  5  0  0  77  0  15638  4  0  0  44  8029  236  520  0  0  0  0  5  0  0  0  3  0  10  0  205  5  3  1  0  0  0  0  0  16  605  1  0  1  0  8  0  8  0  1195  4874  5367  51590  755  
0  0  0  0  0  101  1  0  0  0  0  0  0  0  0  0  0  0  0  0  0  0  0  0  0  0  0  0  0  0  0  31  0  0  0  0  0  0  0  0  0  0  0  0  0  0  0  0  0  0  0  1  1  0  0  0  0  0  0  0  0  0  0  0  0  157  0  0  0  0  0  0  0  0  500  0  2  0  262  13419  25  122  16  1  0  10  3  121  17  269  0  10  0  0  0  0  0  363  0  4  4  0  70  0  17  6400  0  0  0  0  0  0  260  199  10  0  0  1  8086  46  196  0  166  0  0  4389  708  1483  1  6  0  0  0  0  0  60  1237  4747  3  3961  569  692  849  5  1  0  1  0  0  1  0  16  0  14  120  0  0  6397  124741  55653  
0  0  0  0  0  0  0  0  0  0  0  0  0  0  0  0  0  0  0  0  0  0  0  0  0  0  0  0  0  0  0  1  0  0  0  0  0  0  0  0  0  0  0  0  0  0  0  0  0  0  0  0  0  0  0  0  0  0  0  0  0  0  0  0  0  0  0  0  0  0  0  0  0  0  0  19  0  0  0  0  0  0  0  0  0  0  0  0  0  0  211  177  24  0  52  44  53777  3  125  195  0  0  0  0  0  23  2  1  305  5  27  122  0  0  357  0  8208  242  0  0  0  6023  0  65880  1  0  0  0  28  3  132  0  998  1092  3819  0  11  0  52  0  0  0  0  0  0  194  8788  5  0  0  0  0  0  0  12812  10  0  4586  1351  91  
0  0  0  0  0  0  0  0  0  1  0  0  0  0  0  0  0  0  0  0  0  0  0  0  0  0  1  0  0  0  0  10  0  0  0  0  0  0  0  0  3  0  0  0  0  0  0  14  0  0  0  0  0  0  0  0  0  0  0  0  0  0  0  0  0  1  0  0  0  0  0  0  1  0  0  0  0  8  0  0  0  0  8  524  0  6  0  0  0  0  59  242  11  0  2  25  248  8  11  409  0  0  5  1  2  155  10  4  4  24  0  0  0  1  3008  0  8  417  930  14  0  13503  168  7  0  0  0  0  78  63  0  1  0  0  8  0  39  0  18  10191  1214  19  0  0  1  0  1728  44  0  0  0  8901  3  2  4554  23239  1028  0  37648  44636  
0  0  0  0  0  0  0  0  0  0  0  0  0  0  0  0  0  0  0  0  0  0  0  0  0  0  0  0  0  0  0  7  0  0  0  0  0  0  0  0  0  0  0  0  0  0  0  0  0  0  0  0  0  0  0  0  0  0  0  0  0  0  0  0  0  0  0  0  0  0  0  0  0  0  976  0  1  14  436  1569  2  23  41  5  0  48  5  147  10  79  15923  44975  23  1  0  0  12282  17710  29  278  3  3  32  4  4047  12523  0  2  77  21  9  0  353  346  10695  0  231  3  18300  94  22359  21175  28381  20  0  7514  1206  151  158  366  0  3  0  0  0  77  32217  11128  65  208  7929  3866  334  2  12  3  314  2  0  0  0  20  0  3  28535  88035  175  6937  0  162429  
0  0  0  0  0  0  0  0  0  0  0  0  0  0  0  0  0  0  0  0  0  0  0  0  0  0  0  0  0  0  0  101  0  0  0  0  0  0  0  0  0  0  0  0  0  0  0  0  0  0  0  0  0  0  0  0  0  0  0  0  0  0  2  0  0  4  0  0  0  0  0  0  0  0  0  0  1  0  0  3  0  2  6  0  0  1  0  0  0  0  1  1147  1  0  0  0  6243  9  1  17  1  3  4  0  2  3550  0  0  0  1  0  0  0  0  48  0  0  0  5128  62  25  88  32  0  0  0  0  0  2  17  0  0  0  0  0  0  10970  0  2  100  2113  2  37  0  0  0  15  1  0  11  0  245  0  143  682  157818  57  49085  367341  0  
