0  0  0  0  52154  10274  7  1  2  0  0  35  0  103  15056  3653  0  0  0  0  0  0  0  52028  0  0  0  0  5  0  13024  2  0  0  0  1  0  0  1  42  0  0  0  0  4  0  750  0  917  0  0  5699  9417  691  0  0  0  0  0  0  0  11508  237  5454  0  124  0  120  6  16224  0  0  0  0  0  0  0  0  0  2  2  0  0  0  0  0  0  0  0  0  0  0  0  0  0  0  0  0  0  0  0  0  0  0  0  0  0  0  0  0  0  0  0  0  0  0  0  0  0  0  0  0  0  0  0  0  0  0  0  0  0  0  0  0  0  0  0  0  0  78  0  0  0  0  0  0  0  0  0  67  0  31  8550  158  0  15  0  0  0  0  
0  0  0  0  0  0  0  0  0  0  3  0  0  0  0  0  0  0  55733  15  34983  14074  0  0  0  0  0  0  0  0  0  0  0  0  0  0  2774  1137  0  0  1  57408  0  687  0  0  0  0  0  0  49620  0  0  0  0  0  9553  119  25034  7486  1925  0  0  0  9  0  0  0  0  0  0  7040  35  0  0  0  0  0  0  0  0  0  0  0  0  0  0  0  0  0  0  0  0  0  0  2  0  0  0  0  0  0  0  0  0  0  0  0  0  0  0  0  0  0  0  1  0  0  0  0  0  0  0  0  0  0  0  0  0  0  0  0  0  0  0  0  0  0  0  0  0  0  0  0  0  0  0  0  0  0  0  1  0  0  0  0  0  0  0  0  
0  0  0  0  0  0  0  1106  14  0  0  0  0  0  0  45206  0  0  0  0  0  0  0  0  0  0  10023  13302  14469  13904  0  0  0  0  0  0  0  0  0  0  1  0  0  0  71634  33161  0  0  0  0  0  0  0  0  0  1  0  0  0  0  0  0  0  0  0  0  9356  0  1236  0  5  0  0  0  0  0  766  0  0  0  0  12  16  0  0  0  0  0  0  13  0  0  0  0  0  0  0  0  0  0  0  0  0  14  0  0  0  0  0  0  0  0  0  0  0  0  0  0  0  120  0  0  0  0  0  0  0  0  0  0  0  0  0  0  0  0  0  0  0  0  0  0  0  0  6  0  0  0  0  0  0  12  10  0  0  0  0  0  0  0  
0  0  0  0  0  0  0  0  0  0  0  36482  0  0  0  0  208  2  0  0  0  0  0  0  0  42293  0  21667  17767  0  0  0  7469  137  0  230  0  0  0  0  759  0  0  3  23209  0  0  431  44767  0  0  0  0  0  0  8  0  0  0  0  0  0  0  0  0  0  370  27269  3  0  2  0  1  10  0  0  0  0  0  0  0  0  0  0  0  0  0  0  0  0  0  0  0  0  0  0  0  0  0  0  0  0  0  0  0  0  0  0  0  0  0  0  0  0  0  0  0  0  0  0  0  0  0  0  0  0  0  0  0  0  0  0  0  0  0  0  0  0  0  0  0  0  0  0  0  0  0  0  1  0  35  23  111  1  0  0  0  0  0  0  
49369  0  0  0  0  1638  0  0  0  0  0  1  0  0  10838  39368  0  0  0  0  0  0  0  9  0  0  0  0  0  0  9872  0  0  0  0  0  0  0  0  2  0  0  0  0  0  0  43  0  10  0  0  118  24621  10  0  0  0  0  0  0  0  0  15  9  0  6  0  1  0  5889  0  0  0  0  0  0  0  0  0  0  0  0  0  0  0  0  0  0  0  1  0  0  0  0  0  0  0  0  0  0  0  0  0  0  0  0  0  0  0  0  0  0  0  0  0  0  0  0  0  0  0  0  0  0  0  0  0  0  0  0  0  0  0  0  0  0  0  0  0  3  0  0  0  0  0  0  0  0  0  1  0  0  290  2  0  0  0  0  0  0  
17631  0  0  0  11070  0  26437  5  9  0  0  9  0  18  12035  95491  0  2  0  0  0  0  0  2648  0  0  0  0  3  0  251  824  0  0  0  0  0  0  2  20  0  0  0  0  0  2  930  0  1721  0  0  1624  30051  3016  0  0  0  0  0  0  0  98  505  3009  0  14535  0  60  8  37545  0  0  0  0  0  0  0  0  0  1605  74  0  0  0  0  0  0  0  0  54  0  0  0  0  0  0  0  0  0  0  0  0  0  0  5  91  0  0  0  0  0  0  0  0  0  0  0  0  0  0  1  0  0  0  0  0  0  0  0  0  0  0  0  0  0  0  0  1  0  7904  0  0  0  26  0  0  0  0  0  68678  0  171  12423  2202  0  150  0  0  2  0  
93  0  0  0  0  28255  0  27590  5  0  0  0  0  0  3  102885  0  0  0  0  0  0  0  0  0  0  0  0  2  0  0  0  0  0  0  0  0  0  0  0  0  0  0  0  0  0  0  0  8  0  0  67  275  48492  0  0  0  0  0  0  0  1  0  3  0  30230  0  12  70  0  0  0  0  0  0  0  0  0  0  1  393  229  0  0  0  0  0  0  0  45  0  0  0  0  0  0  0  0  0  0  0  0  0  0  0  0  0  0  0  0  0  0  0  0  0  0  0  0  0  0  0  0  0  0  0  0  0  0  0  0  0  0  0  0  0  0  0  0  0  112  0  0  0  0  0  0  0  0  0  125976  0  4  87  7  0  1  0  0  0  0  
3  0  414  0  0  56  30197  0  14334  2  0  3  0  0  97  53224  21  0  0  0  0  0  0  0  0  4  2  1  9475  2  0  0  0  0  0  6  0  0  0  0  18  0  0  2  5292  24896  0  30  452  0  0  3  4  11000  0  37  0  0  0  0  0  0  0  0  4  25812  38  45  41742  0  21  0  1  0  0  0  126  0  0  0  2  1865  51  0  0  0  0  0  0  227  0  0  0  0  0  0  0  0  0  0  0  0  0  0  0  0  0  0  0  0  0  0  0  0  0  0  0  0  0  239  0  0  0  0  0  0  0  0  0  0  0  0  0  0  0  0  0  0  0  514  0  0  0  0  0  0  0  0  0  10030  1  2676  1350  114  0  0  0  0  0  0  
4  0  31  0  0  34  0  13098  0  6759  0  3  0  0  31  1  0  0  0  0  0  9  0  0  1  5  4  15  21  8468  0  0  1  0  0  550  0  1  0  1  886  0  0  135  688  22594  0  14  167  0  0  4  23  100  10  355  0  1  0  0  5  0  0  2  11  29514  2894  145  66  0  37234  0  3  3  0  0  1  0  0  0  0  1  2685  3  14  0  0  0  0  0  0  0  0  0  0  0  0  0  0  0  0  0  0  168  0  0  0  0  0  0  0  0  0  0  0  0  0  0  0  17  0  0  0  0  0  0  0  0  0  0  0  0  0  0  0  0  0  0  2  170  0  0  0  0  113  0  0  0  15  108  34  1492  159  126  0  0  0  0  0  0  
0  0  0  0  0  0  0  2  6948  0  1  0  0  0  0  0  0  0  0  0  0  475  4008  0  0  4  0  0  1  8280  0  17  0  0  0  84  0  0  0  0  775  0  0  21797  165  1  0  86  34  0  0  0  0  0  3  52  0  1  1  0  7  0  0  0  282  59466  1368  20  2  0  99  0  8  3  0  0  0  1  0  0  0  2  221  134  1  0  0  0  0  0  0  0  0  0  0  1  0  0  0  7  0  0  1  6  0  15  0  0  0  0  0  0  0  0  236  0  0  1  12  2  0  2  10  0  0  0  0  0  0  32  0  0  0  0  0  0  0  0  0  1656  148  0  4  0  9  0  0  0  10  0  30590  37312  402  544  0  247  8  18225  2316  5  
0  19  0  0  0  0  0  0  0  0  0  0  0  0  0  0  0  0  5  61952  0  2633  0  0  0  0  343  0  0  1486  0  0  0  0  0  0  0  0  0  0  0  14038  0  108478  0  0  0  0  0  0  3  0  0  0  0  1  80  3889  2  0  1  0  0  0  55732  0  0  0  0  0  0  0  1  0  0  0  0  0  0  0  0  0  0  0  19009  0  0  0  0  0  0  0  0  1150  0  38  0  0  0  0  4  0  0  327  0  0  0  0  0  0  0  0  0  0  0  78  0  22  0  0  0  0  0  0  0  0  0  0  0  0  0  0  0  0  0  0  0  0  122  0  0  0  0  0  0  0  0  0  0  0  0  0  0  0  0  0  0  0  0  0  
11  0  0  41689  0  8  0  0  1  0  0  0  0  30473  892  0  316  4851  0  0  0  0  6  0  0  60  0  0  956  1  0  0  43  8  255  1  0  0  57  19126  36  0  1  2  2189  1  5  100  48734  0  0  41162  78  15  0  2  0  0  0  0  0  10  3  1  3  0  13  33563  10  0  4  0  0  0  0  0  0  0  0  0  0  0  0  0  0  0  0  0  0  0  0  0  0  0  0  0  0  0  0  0  0  0  0  0  0  0  0  0  0  0  0  0  0  0  0  0  0  0  0  0  0  0  0  0  0  0  0  0  0  0  0  0  0  0  0  0  0  0  0  0  0  0  0  0  0  0  0  0  9  7  3  4  1673  12  0  0  0  0  0  0  
2  0  0  0  0  2  0  0  0  0  0  1  0  6612  0  0  0  15  0  0  0  0  0  39173  0  0  0  0  0  0  0  0  0  19  1  0  0  0  15003  5  0  0  0  0  0  0  6725  0  63  0  0  83  0  0  0  0  0  0  0  0  0  14193  0  784  0  0  0  0  0  0  0  0  0  0  0  0  0  0  0  0  0  0  0  0  0  0  0  0  0  0  0  0  0  0  0  0  0  0  0  0  0  0  0  0  0  0  0  0  0  0  0  0  0  0  0  0  0  0  0  0  0  0  0  0  0  0  0  0  0  0  0  0  0  0  0  0  0  0  0  0  0  0  0  0  0  0  0  0  0  0  0  0  5  0  0  0  0  0  0  0  
9  0  0  0  0  1  0  0  0  0  0  27125  6464  0  1808  0  0  15  0  0  0  0  0  353  0  0  0  0  1  0  0  0  0  12  2  0  0  0  17485  29986  0  0  0  0  0  0  27  0  6222  0  0  38481  15  2  0  0  0  0  0  0  0  20923  0  11  0  0  0  1  0  0  0  0  0  0  0  0  0  0  0  0  0  0  0  0  0  0  0  0  0  0  0  0  0  0  0  0  0  0  0  0  0  0  0  0  0  0  0  0  0  0  0  0  0  0  0  0  0  0  0  0  0  0  0  0  0  0  0  0  0  0  0  0  0  0  0  0  0  0  0  0  0  0  0  0  0  0  0  0  0  0  0  0  69  1  0  0  0  0  0  0  
19502  0  0  0  10476  5916  14  32  41  0  0  1783  0  2094  0  61354  0  0  0  0  0  0  0  17716  0  0  0  0  5487  0  0  0  0  0  0  0  0  0  0  0  0  0  0  0  31  2  57  0  86  0  0  206699  151434  101402  0  2  0  0  0  0  0  28289  2  46  0  114  0  63082  17148  135  1  0  0  0  0  0  0  0  0  0  0  0  0  0  0  0  0  0  0  0  0  0  0  0  0  0  0  0  0  0  0  0  0  0  0  0  0  0  0  0  0  0  0  0  0  0  0  0  0  0  0  0  0  0  0  0  0  0  0  0  0  0  0  0  0  0  0  0  0  1  0  0  0  0  0  0  0  0  0  2340  0  451  2639  107  0  0  0  0  0  0  
4720  0  35247  0  37632  103506  92725  53528  0  0  0  0  0  0  66797  0  0  0  0  0  0  0  0  2  0  0  0  0  7846  0  320  0  0  0  0  0  0  0  0  0  0  0  0  0  137  3133  4  2  19  0  0  8  6982  128654  0  0  0  0  0  0  0  0  1  0  0  3  1  1  44610  8541  0  0  0  0  0  0  52  0  5  132  54  170  1  0  0  0  0  0  0  603  0  0  0  0  0  0  0  0  0  0  0  0  0  0  0  0  0  0  0  0  0  0  0  0  0  0  0  0  0  83  0  0  0  0  0  0  0  0  0  0  0  0  0  0  0  0  0  0  0  141  0  0  0  0  0  0  0  0  0  10523  0  12  44  2  0  0  0  0  0  0  
0  0  0  379  0  0  0  37  50  1  0  513  0  1  0  1  0  31681  0  0  0  0  10997  6  2  5  1  0  39  1  0  6  33  0  15516  7  0  0  0  0  5909  0  728  7  291  3  20  38410  20902  0  0  0  0  0  2  111  0  1  0  0  0  0  951  0  16  0  89  9  24  0  95  0  9  0  0  0  0  0  0  0  0  0  0  0  0  0  0  0  0  0  0  0  0  0  0  0  0  0  0  0  0  0  0  0  0  0  0  0  0  0  0  0  0  0  0  0  0  0  0  0  0  0  0  0  0  0  0  0  0  0  0  0  0  0  0  0  0  0  0  0  0  0  0  0  0  0  0  0  12494  0  0  32  119608  1889  0  0  0  0  0  0  
1  0  0  7  0  4  0  0  0  0  0  2248  3  23  0  0  34798  0  0  0  0  0  11942  5757  0  0  0  0  1  0  1  82  0  15  631  0  0  0  12  2  1  0  10  0  1  0  34413  286  46885  0  0  8  24  5  0  0  0  0  0  0  0  0  12954  0  0  11  1  5  1  2  0  0  0  0  0  0  0  0  0  0  0  0  0  0  0  0  0  0  0  0  0  0  0  0  0  0  0  0  0  0  0  0  0  0  0  0  0  0  0  0  0  0  0  0  0  0  0  0  0  0  0  0  0  0  0  0  0  0  0  0  0  0  0  0  0  0  0  0  0  0  0  0  0  0  0  0  0  0  5936  5  10  293  140035  3860  0  0  0  0  0  0  
0  66562  0  0  0  0  0  0  0  0  6  0  0  0  0  0  0  0  0  6925  81  492  0  0  18273  0  9  0  1  0  0  0  2  1  0  0  110  5897  0  0  10  33821  0  1291  0  0  0  26  1  0  1910  0  0  0  10  1064  130395  75124  35536  2  592  0  0  0  383  0  0  0  0  0  0  38  47816  3  0  0  0  0  0  0  0  0  0  0  0  0  0  0  0  0  0  0  0  0  0  0  0  0  0  0  0  0  0  0  0  0  0  0  0  0  0  0  0  0  0  0  0  0  0  0  0  0  0  0  0  0  0  0  0  0  0  0  0  0  0  0  0  0  0  0  0  0  0  0  0  0  0  0  4  0  13  90  4  0  0  0  0  0  0  0  
0  42  0  0  0  0  0  0  0  0  74230  0  0  0  0  0  0  0  5485  0  0  83  0  0  1  0  17532  0  0  35  0  0  0  0  0  3  0  0  0  0  1  14916  0  8399  0  0  0  1  2  0  4  0  0  0  0  2948  324  56040  0  0  9  0  0  0  46737  0  0  1  1  0  5  0  9  0  0  0  0  0  0  0  0  0  0  0  6  0  0  0  0  0  0  0  0  7  0  0  0  0  0  0  0  0  0  0  0  0  0  0  0  0  0  0  0  0  0  0  0  0  0  0  0  0  0  0  0  0  0  0  0  0  0  0  0  0  0  0  0  0  0  0  0  0  0  0  0  0  0  0  0  0  0  1  0  0  0  0  0  0  0  0  
0  34039  0  0  0  0  0  0  0  1  0  0  0  0  0  0  0  0  59  0  0  2717  1265  0  0  1  0  0  0  0  0  0  0  0  0  0  738  45  0  0  0  21  0  10  0  0  0  2  0  19168  20606  0  0  0  1  1  57  155  5343  73907  94033  0  0  0  0  0  0  0  0  0  0  249  128  1  0  0  0  0  0  0  0  0  0  0  0  0  0  0  0  0  0  0  0  0  0  0  3  0  0  0  0  0  0  0  0  0  0  0  0  0  0  0  0  0  0  0  0  0  0  0  0  0  0  0  0  0  0  0  0  0  0  0  0  0  0  0  0  0  0  0  0  0  0  0  0  0  0  0  1  0  265  7  1  0  0  0  3  10  0  0  
0  20022  0  0  0  0  0  0  4  283  2937  0  0  0  0  0  0  0  533  392  3163  0  5199  0  4  2  0  0  0  2477  0  0  0  0  0  67  0  1  0  0  148  47695  0  127876  7  0  0  13  9  0  23400  0  0  0  6  23  3842  908  1118  1  82022  0  0  0  1933  5  0  0  0  0  0  0  35  1  0  0  0  0  0  0  0  0  17  10  978  0  0  0  0  0  0  0  0  0  0  9131  0  0  0  0  0  0  0  80  0  0  0  0  0  0  0  0  0  0  0  1235  0  198  0  0  0  0  0  0  0  0  0  0  0  0  0  0  0  0  0  0  0  0  0  0  0  0  0  0  0  0  0  0  2  0  1650  217  10  2  0  0  0  5  0  0  
0  0  0  0  0  0  0  0  1  3499  0  19  0  0  0  0  15284  12038  0  0  2807  4448  0  12  0  1  0  0  1  5  0  20  0  1  14653  71  38  11  0  0  264  0  20340  1844  6  0  9  150  12  239  0  0  0  0  3  6  0  0  0  1  65436  0  1134  0  1  5  2  0  0  1  2  0  191  0  0  0  0  0  0  0  0  0  0  0  0  0  0  0  0  0  0  0  0  0  0  0  4  0  0  0  0  0  0  0  0  0  0  0  0  0  0  0  0  0  0  0  0  0  0  0  0  0  0  0  0  0  0  0  0  0  0  0  0  0  0  0  0  0  0  0  0  0  0  0  0  0  0  0  56161  0  85086  3412  115  419  0  0  2  23  0  0  
54472  0  0  0  17  1578  0  0  0  0  0  3  39270  376  16885  0  1  4220  0  0  0  0  8  0  0  0  0  0  0  0  20071  46  0  60  154  0  0  0  199  3  0  0  4  0  0  0  47507  0  22  0  0  93  3  0  0  0  0  0  0  0  0  27745  84286  122680  0  3  0  0  0  11939  0  0  0  0  0  0  0  0  0  2  0  0  0  0  0  0  0  0  0  0  0  0  0  0  0  0  0  0  0  0  0  0  0  0  14  3  0  0  0  0  0  0  0  0  0  0  0  0  0  0  0  0  0  0  0  0  0  0  0  0  0  0  0  0  0  0  0  0  0  1  0  0  0  0  0  0  0  0  28  0  0  3  14919  30  0  2  0  0  0  0  
0  0  0  0  0  0  0  1  3  0  0  0  0  0  0  0  0  0  19014  0  1  0  0  0  0  21249  946  1  4  0  0  0  1  412  0  138  0  103  0  0  31  0  0  1339  31  0  0  60  11  0  3  0  0  0  49735  70754  4  7090  12  0  373  0  0  0  42  0  71  21  3  0  22  0  107450  4  0  0  0  0  0  0  0  0  0  0  0  0  0  0  0  0  0  0  0  0  0  0  0  0  0  0  0  0  0  0  0  0  0  0  0  0  0  0  0  0  0  0  0  0  0  0  0  0  0  0  0  0  0  0  0  0  0  0  0  0  0  0  0  0  0  0  0  0  0  0  0  0  0  0  8  0  90  182  31  2  0  0  0  0  0  0  
0  0  0  40955  0  0  0  2  48  1  0  23  0  0  0  0  8  0  0  1  0  0  0  0  16897  0  1  10211  7  3  0  0  1248  6266  0  51632  0  2  0  1  48885  0  0  79  20426  2  0  134  22135  0  0  0  0  0  39960  12233  0  21  1  0  157  0  0  0  26  0  88552  24  9  0  532  0  211  20  0  0  0  0  0  0  0  0  0  0  0  0  0  0  0  0  0  0  0  0  0  0  0  0  0  0  0  0  0  0  0  0  0  0  0  0  0  0  0  0  0  0  0  0  0  0  0  0  0  0  0  0  0  0  0  0  0  0  0  0  0  0  0  0  0  0  0  0  0  0  0  0  0  0  10  2  109  360  184  39  0  0  0  0  0  0  
0  0  11141  0  0  0  0  23  3  0  749  0  0  0  0  0  0  0  5  12281  0  0  0  0  415  2  0  112  59  89622  0  0  0  0  0  5  0  0  0  0  4  0  0  1  42  754  0  0  4  0  0  0  0  16  3  115245  0  426  0  0  0  0  0  0  26126  0  31706  0  37  0  7255  0  1  0  0  0  0  0  0  0  0  0  0  0  2  0  0  0  0  0  0  0  0  0  0  0  0  0  0  0  2  0  0  12  0  0  0  0  0  0  0  0  0  0  0  0  0  0  0  0  0  0  0  0  0  0  0  0  0  0  0  0  0  0  0  0  0  0  0  0  0  0  0  0  0  0  0  0  0  1  0  22  5  2  0  0  0  0  0  0  
0  0  13861  25371  0  0  0  2  5  0  0  4  0  0  0  0  0  0  0  0  0  0  0  0  0  14359  107  0  914  76  0  0  0  0  0  0  0  0  0  0  10  0  0  0  129023  1540  0  0  11  0  0  0  0  0  0  282  0  0  0  0  0  0  0  0  0  2  115214  1  1  0  0  0  0  0  0  0  0  0  0  0  0  0  0  0  0  0  0  0  0  0  0  0  0  0  0  0  0  0  0  0  0  0  0  0  0  0  0  0  0  0  0  0  0  0  0  0  0  0  0  0  0  0  0  0  0  0  0  0  0  0  0  0  0  0  0  0  0  0  0  0  0  0  0  0  0  0  0  0  0  0  0  57  0  6  0  0  0  0  0  0  
0  0  12169  22484  0  0  0  3563  10  0  0  342  0  0  6496  11087  2  0  0  0  0  0  0  0  0  3  1  2585  0  2  0  0  0  0  0  4  0  0  0  0  4  0  0  0  192461  3187  0  11  73  0  0  9  0  93  2  27  0  0  0  0  0  0  0  0  1  8  328  89951  71681  0  13  0  0  0  0  0  0  0  0  0  0  0  0  0  0  0  0  0  0  0  0  0  0  0  0  0  0  0  0  0  0  0  0  0  0  0  0  0  0  0  0  0  0  0  0  0  0  0  0  0  0  0  0  0  0  0  0  0  0  0  0  0  0  0  0  0  0  0  0  0  0  0  0  0  0  0  0  0  0  67  0  776  301  56  0  0  0  0  0  0  
0  0  13956  0  0  0  0  12  5387  6185  1318  3  0  0  0  0  0  0  0  74  0  2413  0  0  1  1  95244  117  63  0  0  0  0  0  0  130  0  0  0  0  361  0  0  10109  138  35944  0  13  44  0  0  0  0  2  2  10955  0  5  0  0  1  0  0  0  68425  716  3469  18  16  0  72316  0  11  2  0  0  1  0  0  0  0  0  173  46  624  0  0  0  0  0  0  0  0  13  0  26  0  0  0  0  37  0  0  1848  0  0  0  0  0  0  0  0  0  0  0  0  0  0  0  15  0  0  0  0  0  0  0  0  0  0  0  0  0  0  0  0  0  0  33  2  0  0  0  0  314  0  0  0  4  1  15  284  89  34  0  0  0  0  0  0  
15794  0  0  0  11262  497  0  0  0  0  0  0  0  0  2  470  0  2  0  0  0  0  3  23720  0  0  0  0  0  0  0  14478  0  1  2  0  0  0  0  0  0  0  0  0  0  0  1  0  0  0  0  0  0  0  0  0  0  0  0  0  0  0  78234  95  0  3  0  0  0  64898  0  0  0  0  24  0  0  0  0  1095  0  0  0  0  0  0  0  0  0  21  0  0  0  0  0  0  0  4  0  0  0  0  0  0  6654  244  0  0  0  0  0  0  0  0  0  0  0  0  0  0  0  0  0  0  0  0  0  0  0  0  0  0  0  0  0  0  0  0  0  9  0  0  0  1123  0  0  0  0  6  0  6  88  7384  84  0  0  0  0  0  0  
0  0  0  0  0  1335  0  0  0  59  0  0  0  0  0  0  24  390  0  0  0  0  145  22  0  0  0  0  0  0  12537  0  0  0  21  0  0  0  0  0  0  0  1  0  0  0  3  0  0  0  0  0  0  0  0  0  0  0  0  0  0  0  14794  3  0  21619  0  0  0  19891  0  0  0  0  0  0  0  0  0  102  0  0  0  0  0  0  0  0  0  0  0  4  0  0  0  0  4  0  0  0  0  0  0  0  17  1731  0  0  2  0  0  0  0  0  0  0  0  0  0  0  0  0  0  0  0  0  0  0  0  0  0  0  0  0  0  0  9  0  0  340  0  0  0  2  0  0  0  0  338  0  167  1095  11736  13114  20  45  0  500  119  6  
0  0  0  7689  0  0  0  0  0  0  0  49  0  0  0  0  16  0  0  0  0  0  0  0  0  1048  0  0  0  0  0  0  0  43594  10090  1038  0  2  0  0  19824  0  0  0  0  0  0  42087  138  0  0  0  0  0  0  0  0  1  0  0  0  0  0  0  0  0  0  0  0  0  0  0  676  34507  0  0  0  0  0  0  0  0  0  0  0  0  0  0  0  0  0  0  0  0  0  0  0  0  0  0  0  0  0  0  0  0  0  0  0  0  0  0  0  0  0  0  0  0  0  0  0  0  0  0  0  0  0  0  0  0  0  0  0  0  0  0  0  0  0  0  0  0  0  0  0  0  0  0  16  0  5  51  27  0  0  0  0  0  0  0  
0  0  0  381  0  0  0  0  1  0  0  39  34  21  0  0  1  1  1  0  0  0  0  31  211  5365  0  0  0  0  0  0  38918  0  61652  77257  46  10310  1  0  10  0  27415  3  0  0  0  25226  0  21  0  0  0  0  4715  2  1  98  19  12  448  1  0  0  1  0  0  0  0  0  1  20  132067  14137  0  0  0  0  0  0  0  0  0  0  0  0  0  0  0  0  0  0  0  0  0  0  0  0  0  0  0  0  0  0  0  0  0  0  0  0  0  0  0  0  0  0  0  0  0  0  0  0  0  0  0  0  0  0  0  0  0  0  0  0  0  0  0  0  0  0  0  0  0  0  0  0  0  0  38  0  175  16  8  0  0  0  0  0  0  0  
0  0  0  11  0  0  0  0  0  0  0  130  3  4  0  0  19858  192  1  0  0  0  14001  49  0  0  0  0  0  0  1  2  10694  66959  0  13  32  1904  0  0  0  0  36325  0  0  0  60  44253  1  11  0  0  0  0  0  0  0  0  5  42  1346  0  64  0  0  0  0  0  0  0  0  132  47136  2  0  0  0  0  0  0  0  0  0  0  0  0  0  0  0  0  0  0  0  0  0  0  0  0  0  0  0  0  0  0  0  0  0  0  0  0  0  0  0  0  0  0  0  0  0  0  0  0  0  0  0  0  0  0  0  0  0  0  0  0  0  0  0  0  0  0  0  0  0  0  0  0  0  0  25107  0  1818  1  197  0  0  0  0  0  0  0  
0  0  0  192  0  0  0  3  563  23  0  4  0  0  0  0  0  0  24  2  6  4  2  0  28  49014  6  0  4  46  0  0  942  80970  0  0  0  709  0  0  67187  0  0  432  123  1  0  2187  61  0  1  0  0  3  1774  1076  3  846  173  0  1048  0  0  0  193  8  1858  31  11  0  1091  1  30390  13106  0  0  0  0  0  0  0  0  0  0  0  0  0  0  0  0  0  0  0  0  0  0  0  0  0  0  0  0  0  0  0  0  0  0  0  0  0  0  0  0  0  0  0  0  0  0  0  0  0  0  0  0  0  0  0  0  0  0  0  0  0  0  0  0  0  0  0  0  0  0  0  0  0  0  1647  1  2199  2269  984  250  0  0  0  0  0  0  
0  2907  0  0  0  0  0  0  0  0  0  0  0  0  0  0  0  0  97  0  1357  0  118  0  0  0  0  0  0  0  0  0  0  96  9  8  0  80767  0  0  1  0  28014  0  0  0  0  13  0  72362  0  0  0  0  0  0  0  2  11026  73143  7019  0  0  0  0  0  0  0  0  0  0  107629  5271  1  0  0  0  0  0  0  0  0  0  0  0  0  0  0  0  0  0  0  0  0  0  0  0  0  0  0  0  0  0  0  0  0  0  0  0  0  0  0  0  0  0  0  0  0  0  0  0  0  0  0  0  0  0  0  0  0  0  0  0  0  0  0  0  0  0  0  0  0  0  0  0  0  0  0  6  0  225  0  0  0  0  0  0  0  0  0  
0  871  0  0  0  0  0  0  0  0  0  0  0  0  0  0  0  0  6181  0  51  0  15  0  30  1  0  0  0  0  0  0  0  9937  554  24  72895  0  0  0  21  0  33718  9  0  0  0  1311  0  3515  6  0  0  0  0  1  9  292  25706  1749  8803  0  0  0  10  0  0  0  0  0  0  93108  157581  12  0  0  0  0  0  0  0  0  0  0  0  0  0  0  0  0  0  0  0  0  0  0  0  0  0  0  0  0  0  0  0  0  0  0  0  0  0  0  0  0  0  0  0  0  0  0  0  0  0  0  0  0  0  0  0  0  0  0  0  0  0  0  0  0  0  0  0  0  0  0  0  0  0  0  414  0  3413  42  19  0  0  0  0  0  0  0  
16  0  0  0  2  13  0  0  0  0  0  84  10013  12155  0  0  0  23  0  0  0  0  0  867  0  0  0  0  0  0  0  0  0  0  0  0  0  0  0  682  0  0  0  0  0  0  6981  0  12187  0  0  8806  7  1  0  0  0  0  0  0  0  11955  0  52  0  0  0  0  0  0  0  0  0  0  0  0  0  0  0  0  0  0  0  0  0  0  0  0  0  0  0  0  0  0  0  0  0  0  0  0  0  0  0  0  0  0  0  0  0  0  0  0  0  0  0  0  0  0  0  0  0  0  0  0  0  0  0  0  0  0  0  0  0  0  0  0  0  0  0  0  0  0  0  0  0  0  0  0  0  1  0  0  19  0  0  0  0  0  0  0  
42  0  0  0  3  13  0  0  0  0  0  20265  3  26679  4  0  0  13  0  0  0  0  0  1  0  0  0  0  1  0  0  0  0  0  0  0  0  0  1601  0  1  0  0  0  0  0  4  0  23756  0  0  6253  91  41  0  0  0  0  0  0  0  60  0  5  0  1  0  10  1  0  0  0  0  0  0  0  0  0  0  0  0  0  0  0  0  0  0  0  0  0  0  0  0  0  0  0  0  0  0  0  0  0  0  0  0  0  0  0  0  0  0  0  0  0  0  0  0  0  0  0  0  0  0  0  0  0  0  0  0  0  0  0  0  0  0  0  0  0  0  0  0  0  0  0  0  0  0  0  0  3  0  2  143  2  0  0  0  0  0  0  
0  0  0  262  0  0  0  24  1310  348  0  148  0  0  8  0  4219  1  32  1  2  30  16  0  27  48801  22  11  47  367  0  0  16832  23  0  77966  0  171  0  6  0  0  0  977  2609  31  0  43440  25515  0  11  5  0  15  67  1212  24  327  168  1  125  0  0  0  558  144  7644  251  87  0  2374  1  11270  10350  0  0  0  0  0  0  0  0  0  0  0  0  0  0  0  0  0  0  0  0  0  0  0  0  0  0  0  0  0  0  0  0  0  0  0  0  0  0  0  0  0  0  0  0  0  0  0  0  0  0  0  0  0  0  0  0  0  0  0  0  0  0  0  0  0  0  0  0  0  0  0  0  0  0  2489  7  4287  11202  26338  7004  0  0  0  0  0  0  
0  60744  0  0  0  0  0  0  0  0  16101  0  0  0  0  0  0  0  34393  17717  2  55040  0  0  0  0  0  0  0  0  0  0  0  0  0  0  0  0  0  0  0  0  0  30749  0  0  0  0  0  0  911  0  0  0  0  2  14675  522  63  0  181  0  0  0  8  0  0  0  0  0  0  0  1  0  0  0  0  0  0  0  0  0  0  0  4  0  0  0  0  0  0  0  0  0  0  0  0  0  0  0  0  0  0  0  0  0  0  0  0  0  0  0  0  0  0  3  0  0  0  0  0  0  0  0  0  0  0  0  0  0  0  0  0  0  0  0  0  0  0  0  0  0  0  0  0  0  0  0  0  0  0  0  0  0  0  0  0  0  0  0  
0  0  0  0  0  0  0  0  0  0  0  1  1  0  0  0  104  4  0  0  1  0  18139  7  0  0  0  0  0  0  0  0  0  26501  28107  10  27443  37421  0  0  1  0  0  0  0  0  5  817  0  6705  0  0  0  0  0  0  0  2  7  88  20238  0  2  0  0  0  0  0  0  0  0  249  10848  2  0  0  0  0  0  0  0  0  0  0  0  0  0  0  0  0  0  0  0  0  0  0  0  0  0  0  0  0  0  0  0  0  0  0  0  0  0  0  0  0  0  0  0  0  0  0  0  0  0  0  0  0  0  0  0  0  0  0  0  0  0  0  0  0  0  0  0  0  0  0  0  0  0  0  37726  0  7689  1  10  0  0  0  0  0  0  0  
0  2607  0  2  0  0  0  4  301  22952  88363  8  0  0  1  0  1  0  2765  6327  24  106659  2345  0  653  119  4  0  10  13294  0  0  5  1  0  1499  0  41  0  0  1902  23717  0  0  385  2  0  338  241  0  4241  0  0  1  690  5171  13475  8265  3998  0  5382  0  0  0  80913  90  868  125  27  0  4452  0  7797  55  0  0  0  0  0  0  0  0  0  0  3556  0  0  0  0  0  0  0  0  0  0  102  0  0  0  0  0  0  0  2  0  0  0  0  0  0  0  0  0  0  0  8  0  19  0  0  0  0  0  0  0  0  0  0  0  0  0  0  0  0  0  0  0  0  0  0  0  0  0  0  0  0  0  0  73  2  2275  1382  366  87  0  0  0  3  0  0  
2  0  56655  26345  0  0  0  7272  498  43  0  1085  0  0  306  107  2  0  0  1  0  1  0  0  6  14588  13  129519  173638  46  0  0  1  0  0  89  0  0  0  3  622  0  0  101  0  40055  0  450  15729  0  0  30  1  643  33  294  0  4  0  0  8  0  0  0  134  145  105288  23955  33801  0  292  0  12  0  0  0  0  0  0  0  0  0  0  0  0  0  0  0  0  0  0  0  0  0  0  0  0  0  0  0  0  0  0  0  0  0  0  0  0  0  0  0  0  0  0  0  0  0  0  0  0  0  0  0  0  0  0  0  0  0  0  0  0  0  0  0  0  0  0  0  0  0  0  0  0  0  0  0  0  69  50  6731  3070  591  0  0  0  0  0  0  
0  0  28794  0  0  2  0  24802  24493  7  0  0  0  0  6  2407  1  0  0  0  0  0  0  0  0  2  5695  2662  3510  40130  0  0  0  0  0  0  0  0  0  0  73  0  0  0  40900  0  0  13  44  0  0  1  0  75  1  5973  0  1  0  0  0  0  0  0  45  42  17752  4  746  0  15494  0  0  0  0  0  67  0  0  0  0  74  37  0  0  0  0  0  0  49  0  0  0  0  0  0  0  0  0  0  0  0  0  1  0  0  0  0  0  0  0  0  0  0  0  0  0  0  0  115  0  0  0  0  0  0  0  0  0  0  0  0  0  0  0  0  0  0  0  1  0  0  0  0  3  0  0  0  0  13  0  1165  194  74  0  0  0  0  0  0  
1999  0  0  0  40  593  0  0  0  0  0  14  5573  239  54  5  3  33265  0  0  0  0  0  41091  0  0  0  0  1  0  1  1  0  1  46  0  0  0  5884  13  0  0  1  0  1  0  0  0  17416  0  0  3679  288  149  0  0  0  0  0  0  0  6960  3698  25800  0  4  0  24  0  32  0  0  0  0  0  0  0  0  0  0  0  0  0  0  0  0  0  0  0  0  0  0  0  0  0  0  0  0  0  0  0  0  0  0  0  0  0  0  0  0  0  0  0  0  0  0  0  0  0  0  0  0  0  0  0  0  0  0  0  0  0  0  0  0  0  0  0  0  0  0  0  0  0  0  0  0  0  0  3  8  0  2  56564  3  0  0  0  0  0  0  
0  0  0  329  0  0  0  16  55  16  0  97  0  0  0  0  39479  165  6  0  1  0  92  0  7  29  2  0  33  4  0  0  29268  19428  42312  382  30  825  0  0  37264  0  1075  31  389  7  0  0  850  21  0  0  0  1  13  135  2  111  77  14  192  0  0  0  25  5  130  19  21  0  95  286  60480  24999  0  0  0  0  0  0  0  0  0  0  0  0  0  0  0  0  0  0  0  0  0  0  0  0  0  0  0  0  0  0  0  0  0  0  0  0  0  0  0  0  0  0  0  0  0  0  0  0  0  0  0  0  0  0  0  0  0  0  0  0  0  0  0  0  0  0  0  0  0  0  0  0  0  0  30163  0  4717  9858  90712  1756  0  0  0  0  0  0  
4406  0  0  28993  113  1810  2  265  504  31  0  56252  47  9748  295  24  19338  43632  0  1  0  2  0  2  44  14716  15  3  502  66  0  1  135  0  5  192  0  1  12402  17573  28933  0  0  149  29029  33  14976  1227  0  0  0  16574  4460  1018  71  1400  0  6  0  0  18  1299  3  192  273  65  1737  8400  1090  1  1086  0  16  0  0  0  0  0  0  0  0  0  0  0  0  0  0  0  0  0  0  0  0  0  0  0  0  0  0  0  0  0  0  0  0  0  0  0  0  0  0  0  0  0  0  0  0  0  0  0  0  0  0  0  0  0  0  0  0  0  0  0  0  0  0  0  0  0  0  3  0  0  0  0  0  0  0  0  4  527  155  1397  108983  658  0  0  0  0  0  0  
0  0  0  0  0  0  0  0  0  0  0  0  0  0  0  0  0  0  0  0  20894  0  159  0  0  0  0  0  0  0  0  0  0  98  20  0  61249  8565  0  0  0  0  6744  0  0  0  0  30  0  0  0  0  0  0  0  0  0  1  5  13591  32553  0  0  0  0  0  0  0  0  0  0  11999  1527  0  0  0  0  0  0  0  0  0  0  0  0  0  0  0  0  0  0  0  0  0  0  0  0  0  0  0  0  0  0  0  0  0  0  0  0  0  0  0  0  0  0  0  0  0  0  0  0  0  0  0  0  0  0  0  0  0  0  0  0  0  0  0  0  0  0  0  0  0  0  0  0  0  0  0  9  0  3082  0  0  0  0  0  0  0  0  0  
0  67142  0  0  0  0  0  0  0  0  7  0  0  0  0  0  0  0  1349  138  16761  37988  0  0  0  0  0  0  0  0  0  0  0  0  0  2  0  7  0  0  0  400  0  3431  0  0  0  1  0  0  0  0  0  0  1  2  400  266  6629  83  37429  0  0  0  13  0  0  0  0  0  1  37  75  0  0  0  0  0  0  0  0  0  0  0  0  0  0  0  0  0  0  0  0  0  0  0  0  0  0  0  0  0  0  0  0  0  0  0  0  0  0  0  0  0  0  0  0  0  0  0  0  0  0  0  0  0  0  0  0  0  0  0  0  0  0  0  0  0  0  0  0  0  0  0  0  0  0  0  0  0  0  5  0  0  0  0  0  0  0  0  
2856  0  0  2  68  826  16  45  11  0  0  56835  8  50369  159262  8  0  29  0  0  0  0  0  9  0  1  1  1  203  0  0  0  0  0  0  0  0  0  5627  12994  0  0  0  0  112  51  1258  0  12740  0  0  0  38027  45098  3  1  0  0  0  0  0  6648  2  759  0  72  7  38902  471  0  2  0  0  0  0  0  0  0  0  0  0  0  0  0  0  0  0  0  0  0  0  0  0  0  0  0  0  0  0  0  0  0  0  0  0  0  0  0  0  0  0  0  0  0  0  0  0  0  0  0  0  0  0  0  0  0  0  0  0  0  0  0  0  0  0  0  0  0  0  4  0  0  0  0  0  0  0  0  0  3958  0  260  18594  239  0  1  0  0  0  0  
11027  0  0  0  27243  21065  23  5  6  0  0  2  0  10  146470  14271  0  3  0  0  0  0  0  3  0  0  0  0  7  0  0  0  0  0  0  0  0  0  1  8  0  0  0  0  4  0  63  0  1178  0  0  46414  0  28452  0  1  0  0  0  0  0  109  0  25  0  228  0  254  14  65  0  0  0  0  0  0  0  0  0  5  4  0  0  0  0  0  0  0  0  0  0  0  0  0  0  0  0  0  0  0  0  0  0  0  0  0  0  0  0  0  0  0  0  0  0  0  0  0  0  0  0  0  0  0  0  0  0  0  0  0  0  0  0  0  0  0  0  0  0  33  0  0  0  0  0  0  0  0  1  11423  0  156  7687  343  0  1  0  0  0  0  
463  0  0  1  0  7996  69152  13410  179  0  0  4  0  1  107964  171457  0  1  0  0  0  0  0  0  0  0  0  0  1613  0  0  0  0  0  0  0  0  0  0  1  1  0  0  0  122  70  12  0  111  0  0  50465  27822  0  0  3  0  0  0  0  0  9  0  11  0  589  8  9001  26297  0  0  0  0  0  0  0  0  0  0  0  0  1  0  0  0  0  0  0  0  0  0  0  0  0  0  0  0  0  0  0  0  0  0  0  0  0  0  0  0  0  0  0  0  0  0  0  0  0  0  0  0  0  0  0  0  0  0  0  0  0  0  0  0  0  0  0  0  0  0  0  0  0  0  0  0  0  0  0  0  190064  0  960  6715  269  0  0  0  0  0  0  
0  1  0  0  0  0  0  0  43  0  0  0  0  0  0  0  0  0  4  0  0  0  0  0  29581  45348  3  0  0  1  0  0  1  4295  0  5355  0  1  0  0  94  0  0  254  8  0  0  97  4  0  8  0  0  0  0  33233  7  61  22  0  777  0  0  0  4  0  7227  6  2  0  635  0  22752  18  0  0  0  0  0  0  0  0  0  0  0  0  0  0  0  0  0  0  0  0  0  0  0  0  0  0  0  0  0  0  0  0  0  0  0  0  0  0  0  0  0  0  0  0  0  0  0  0  0  0  0  0  0  0  0  0  0  0  0  0  0  0  0  0  0  0  0  0  0  0  0  0  0  0  9  0  171  498  57  11  0  0  0  0  0  0  
0  2  1  0  0  0  0  33  736  21  0  6  0  0  2  0  1  0  2724  5070  0  1  0  0  71225  13942  109703  100  264  10930  0  0  1  0  0  1709  0  11  0  0  849  0  0  4356  1434  1263  0  257  255  0  8  1  0  15  55733  0  9  22895  21  0  879  0  0  0  10177  23  30448  654  113  0  29098  0  31800  25  0  0  0  0  0  0  0  0  0  0  0  0  0  0  0  0  0  0  0  0  0  0  0  0  0  0  0  0  0  0  0  0  0  0  0  0  0  0  0  0  0  0  0  0  0  0  0  0  0  0  0  0  0  0  0  0  0  0  0  0  0  0  0  0  0  0  0  0  0  0  0  0  0  0  42  4  311  3038  978  655  0  0  0  0  0  0  
0  19110  0  0  0  0  0  0  0  0  23  0  0  0  0  0  0  0  106878  1787  167  2362  0  0  9  1  0  0  0  0  0  0  0  0  0  4  0  66  0  0  8  17835  0  4965  1  0  0  53  0  0  1993  0  0  0  28  88  0  14761  10420  3  1102  0  0  0  969  0  1  1  0  0  0  26  9408  8  0  0  0  0  0  0  0  0  0  0  0  0  0  0  0  0  0  0  0  0  0  0  0  0  0  0  0  0  0  0  0  0  0  0  0  0  0  0  0  0  0  0  0  0  0  0  0  0  0  0  0  0  0  0  0  0  0  0  0  0  0  0  0  0  0  0  0  0  0  0  0  0  0  0  8  0  34  166  12  0  0  0  0  0  0  0  
0  135  0  0  0  0  0  0  0  0  6174  0  0  0  0  0  0  0  81706  66396  210  564  0  0  8062  2  1248  0  0  5  0  0  2  1  0  36  0  402  0  0  136  469  0  15759  10  0  0  163  9  0  112  0  0  0  9  23146  13315  0  765  38  1662  0  0  0  43751  0  0  8  0  0  237  95  29278  44  0  0  0  0  0  0  0  0  0  0  0  0  0  0  0  0  0  0  0  0  0  0  0  0  0  0  0  0  0  0  0  0  0  0  0  0  0  0  0  0  0  0  0  0  0  0  0  0  0  0  0  0  0  0  0  0  0  0  0  0  0  0  0  0  0  0  0  0  0  0  0  0  0  0  113  0  162  571  91  1  0  0  0  0  0  0  
0  27493  0  0  0  0  0  0  0  0  0  0  0  0  0  0  0  0  33278  0  9054  575  1  0  6  1  0  0  0  0  0  0  4  0  0  4  9454  38801  0  0  62  9  0  679  0  0  0  178  0  0  23587  0  0  0  18  56  4777  3469  0  1820  14657  0  0  0  17  0  1  1  0  0  2  29192  11812  38  0  0  0  0  0  0  0  0  0  0  0  0  0  0  0  0  0  0  0  0  0  0  0  0  0  0  0  0  0  0  0  0  0  0  0  0  0  0  0  0  0  0  0  0  0  0  0  0  0  0  0  0  0  0  0  0  0  0  0  0  0  0  0  0  0  0  0  0  0  0  0  0  0  0  137  0  601  456  55  0  0  0  0  0  0  0  
0  5859  0  0  0  0  0  0  0  0  0  0  0  0  0  0  0  0  45  0  77197  4  1  0  0  0  0  0  0  0  0  0  0  12  2  4  65854  3177  0  0  2  0  33  12  0  0  0  7  0  18189  786  0  0  0  0  2  22  914  5741  0  44102  0  0  0  0  0  0  0  0  0  0  29627  4062  1  0  0  0  0  0  0  0  0  0  0  0  0  0  0  0  0  0  0  0  0  0  0  0  0  0  0  0  0  0  0  0  0  0  0  0  0  0  0  0  0  0  0  0  0  0  0  0  0  0  0  0  0  0  0  0  0  0  0  0  0  0  0  0  0  0  0  0  0  0  0  0  0  0  0  4  0  547  9  0  0  0  0  0  0  0  0  
0  4514  0  0  0  0  0  0  9  20  2  2  0  0  0  0  0  0  800  21  93878  84415  48525  0  47  21  0  0  1  1  0  0  2  258  136  436  6799  6690  0  0  289  120  21953  3920  27  0  0  138  44  29750  35783  0  0  0  122  486  1192  2493  15673  40893  0  0  0  0  30  2  10  1  3  0  7  4856  14410  10  0  0  0  0  0  0  0  0  0  0  0  0  0  0  0  0  0  0  0  0  0  0  0  0  0  0  0  0  0  0  0  0  0  0  0  0  0  0  0  0  0  0  0  0  0  0  0  0  0  0  0  0  0  0  0  0  0  0  0  0  0  0  0  0  0  0  0  0  0  0  0  0  0  0  915  1  88668  382  36  4  0  0  0  4  0  0  
1990  0  0  0  3  79  0  0  0  0  0  18  9384  27272  26940  2  0  0  0  0  0  0  0  21697  0  0  0  0  0  0  0  0  0  0  0  0  0  0  13297  65  0  0  0  0  0  0  2537  0  2382  0  0  6348  48  3  0  0  0  0  0  0  0  0  5  9913  0  3  0  2  0  0  0  0  0  0  0  0  0  0  0  0  0  0  0  0  0  0  0  0  0  0  0  0  0  0  0  0  0  0  0  0  0  0  0  0  0  0  0  0  0  0  0  0  0  0  0  0  0  0  0  0  0  0  0  0  0  0  0  0  0  0  0  0  0  0  0  0  0  0  0  0  0  0  0  0  0  0  0  0  0  0  0  0  1083  3  0  0  0  0  0  0  
170  0  0  0  3  350  0  0  0  0  0  0  0  3  0  0  2461  17056  0  0  0  0  3017  98879  0  0  0  0  0  0  75386  12716  0  2  217  0  0  0  0  0  0  0  10  0  0  0  8562  1  5  0  0  15  1  2  0  0  0  0  0  0  0  23  0  23030  0  16  0  0  0  38038  0  0  0  0  0  0  0  0  0  1  0  0  0  0  0  0  0  0  0  0  0  0  0  0  0  0  0  0  0  0  0  0  0  0  7  7  0  0  0  0  0  0  0  0  0  0  0  0  0  0  0  0  0  0  0  0  0  0  0  0  0  0  0  0  0  0  0  0  0  0  0  0  0  0  0  0  0  0  2315  0  33  203  60356  12591  0  0  1  0  1  0  
11835  0  0  0  15  3513  0  0  0  0  0  18  822  102  12  2  0  0  0  0  0  0  0  131973  0  0  0  0  0  0  361  4  0  0  0  0  0  0  6  38  0  0  0  0  0  0  16550  0  477  0  0  837  36  19  0  1  0  0  0  0  0  34930  16678  0  0  18  0  3  0  8982  0  0  0  0  0  0  0  0  0  0  0  0  0  0  0  0  0  0  0  0  0  0  0  0  0  0  0  0  0  0  0  0  0  0  0  0  0  0  0  0  0  0  0  0  0  0  0  0  0  0  0  0  0  0  0  0  0  0  0  0  0  0  0  0  0  0  0  0  0  8  0  0  0  0  0  0  0  0  0  1  0  0  12042  153  0  11  0  0  0  0  
0  291  0  0  0  0  0  0  41  9  62754  2  0  0  0  0  0  0  869  56763  6  3889  1  0  110  18  28146  0  1  71448  0  0  1  0  0  531  0  29  0  0  421  143  0  97340  163  13  0  101  96  0  39  0  0  0  64  7120  3955  49619  228  2  302  0  0  0  0  5  61  134  12  0  24586  2  6435  20  0  0  0  0  0  0  0  0  0  0  20  0  0  0  0  0  0  0  0  1  0  0  0  0  0  0  0  0  0  6  0  0  0  0  0  0  0  0  0  0  0  0  0  0  0  0  0  0  0  0  0  0  0  0  0  0  0  0  0  0  0  0  0  0  2  0  0  0  0  0  0  0  0  0  40  1  76  394  160  20  0  0  0  0  0  0  
160  0  0  0  4  16666  40027  23458  34477  55783  0  0  0  1  59  1  0  14  0  0  0  12  7  3  0  0  0  0  63  1455  9  20336  0  0  0  22  0  0  0  3  348  0  0  156  300  7  1  68  24  0  0  37  251  229  1  25  0  0  0  0  1  6  2  41  2  0  580  52  102  2119  108  0  1  0  0  0  0  0  0  375  87  595  2031  132  0  0  0  0  0  1  0  0  0  0  0  1  0  1  0  3  0  0  0  45  1  167  0  0  0  0  0  0  0  0  14  0  0  0  1  10  0  0  1  0  0  0  0  0  0  7  0  0  0  0  1  0  2  0  0  7183  20  0  0  6  67  0  0  0  30  2295  10745  7309  448  3378  0  880  1  59  267  0  
0  0  9004  76  0  0  0  55  2690  73  0  6  0  0  4  0  1  0  0  0  0  0  0  0  21  82104  33454  105298  808  2938  0  0  0  0  0  2193  0  0  0  0  3320  0  0  55  90318  25528  0  41  567  0  0  4  0  8  10276  34448  0  1  0  0  7  0  0  0  22  110  0  156  368  0  1006  0  4  0  0  0  0  0  0  0  0  0  0  0  0  0  0  0  0  0  0  0  0  0  0  0  0  0  0  0  0  0  0  0  0  0  0  0  0  0  0  0  0  0  0  0  0  0  0  0  0  0  0  0  0  0  0  0  0  0  0  0  0  0  0  0  0  0  0  0  0  0  0  0  0  0  0  0  0  8  4  5586  552  848  0  0  0  0  0  0  
10  0  1  31119  0  2  10  86  37  0  0  32815  0  3  72238  0  0  4  0  0  0  0  0  0  4  27  1  2  78925  0  0  0  0  0  0  36  0  0  0  8  17  0  0  2  50991  81  0  10  7266  0  0  50439  13  17963  17  81  0  0  0  0  1  1  0  0  14  41  189  0  43954  0  23  0  1  0  0  0  0  0  0  0  0  0  0  0  0  0  0  0  0  0  0  0  0  0  0  0  0  0  0  0  0  0  0  0  0  0  0  0  0  0  0  0  0  0  0  0  0  0  0  0  0  0  0  0  0  0  0  0  0  0  0  0  0  0  0  0  0  0  0  0  0  0  0  0  0  0  0  0  0  991  2  1036  8671  665  0  0  0  0  0  0  
1  0  603  0  0  11  39  29771  137  1  0  2  0  0  17134  41589  4  0  0  0  0  0  0  0  1  6  7  5  80002  0  0  0  0  0  0  5  0  0  0  0  6  0  0  2  43299  1217  0  9  154  0  0  55  3  28496  4  55  0  0  0  0  0  0  0  1  7  124  113  34977  0  0  21  0  0  0  0  0  0  0  0  0  0  0  0  0  0  0  0  0  0  0  0  0  0  0  0  0  0  0  0  0  0  0  0  0  0  0  0  0  0  0  0  0  0  0  0  0  0  0  0  0  0  0  0  0  0  0  0  0  0  0  0  0  0  0  0  0  0  0  0  0  0  0  0  0  0  0  0  0  0  2773  0  2070  1613  287  0  0  0  0  0  0  
14815  0  0  0  5302  44630  0  0  0  2  0  0  0  0  82  6730  0  27  0  0  0  0  17  16016  0  0  0  0  0  0  57163  18709  0  0  1  0  0  0  0  0  0  0  0  0  0  0  4  0  0  0  0  0  18  0  0  0  0  0  0  0  0  2  28184  5412  0  2549  0  0  0  0  0  0  0  0  0  0  0  0  0  1399  0  0  0  0  0  0  0  0  0  0  0  0  0  0  0  0  0  0  0  0  0  0  0  0  411  377  0  0  0  0  0  0  0  0  0  0  0  0  0  0  0  0  0  0  0  0  0  0  0  0  0  0  0  0  0  0  5  0  0  111  0  0  0  586  0  0  0  0  23  1  24  95  3096  5450  0  3  0  3  0  0  
0  0  4  0  0  0  0  14  35035  69  4  13  0  2  2  0  1  0  2  33  0  1  0  0  11  120  9747  0  54  69243  0  0  2  0  0  2450  0  9  0  2  2353  0  0  275  649  12349  0  64  524  0  0  6  0  4  65  46918  0  243  1  0  14  0  0  0  30438  89  3853  787  74  0  0  0  171  12  0  0  0  0  0  0  0  0  81  0  104  0  0  0  0  0  0  0  0  0  0  0  0  0  0  0  0  0  0  625  0  0  0  0  0  0  0  0  0  0  0  0  0  0  0  5  0  0  0  0  0  0  0  0  0  0  0  0  0  0  0  0  0  0  11  0  0  0  0  0  150  0  0  0  39  3  72  2464  709  415  0  0  0  0  0  0  
0  5689  0  0  0  0  0  0  0  0  0  0  0  0  0  0  0  0  63  0  3019  1  2  0  0  0  0  0  0  0  0  0  0  414  284  2  107064  133433  0  0  3  0  680  13  0  0  0  1469  0  15692  384  0  0  0  1  0  28  910  23388  30550  6592  0  0  0  1  0  0  0  0  0  0  0  18230  2  0  0  0  0  0  0  0  0  0  0  0  0  0  0  0  0  0  0  0  0  0  0  0  0  0  0  0  0  0  0  0  0  0  0  0  0  0  0  0  0  0  0  0  0  0  0  0  0  0  0  0  0  0  0  0  0  0  0  0  0  0  0  0  0  0  0  0  0  0  0  0  0  0  0  4  0  358  3  0  0  0  0  0  0  0  0  
0  57  0  0  0  0  0  1  26  2  0  1  0  0  0  0  1  0  53199  12  250  9  57  0  99059  289  23  0  9  74  0  0  445  136147  52827  28718  2487  197460  0  0  5443  1  2696  9859  241  0  0  42779  56  648  599  1  0  1  34891  29694  9929  31536  18794  1841  20392  0  0  0  11530  0  72  208  8  0  1216  16898  0  23056  0  0  0  0  0  0  0  0  0  0  0  0  0  0  0  0  0  0  0  0  0  0  0  0  0  0  0  0  0  0  0  0  0  0  0  0  0  0  0  0  0  0  0  0  0  0  0  0  0  0  0  0  0  0  0  0  0  0  0  0  0  0  0  0  0  0  0  0  0  0  0  0  0  0  4881  1  17178  3067  797  23  0  0  0  0  0  0  
0  0  0  15  0  0  0  0  1  0  0  0  0  0  0  0  0  0  3  0  0  0  1  0  1  14  0  0  0  1  0  0  23193  15873  0  11157  0  89  0  0  10605  0  0  4  0  0  0  28305  1  0  0  0  0  0  1  1  0  28  53  1  33  0  0  0  2  0  0  0  0  0  7  2  18488  0  0  0  0  0  0  0  0  0  0  0  0  0  0  0  0  0  0  0  0  0  0  0  0  0  0  0  0  0  0  0  0  0  0  0  0  0  0  0  0  0  0  0  0  0  0  0  0  0  0  0  0  0  0  0  0  0  0  0  0  0  0  0  0  0  0  0  0  0  0  0  0  0  0  0  726  0  375  205  62  0  0  0  0  0  0  0  
0  0  0  0  0  0  0  0  0  0  0  0  0  0  0  0  0  0  0  0  0  0  0  1  0  0  0  0  0  0  13  0  0  0  0  0  0  0  0  0  0  0  0  0  0  0  0  0  0  0  0  0  0  0  0  0  0  0  0  0  0  0  0  0  0  0  0  0  0  1  0  0  0  0  0  0  0  0  31281  4983  217  0  0  0  0  3  109  284  8803  18377  0  0  0  0  0  0  0  62339  0  0  0  0  0  0  9961  8  0  0  0  0  0  0  716  0  0  0  0  0  0  0  7733  0  104  0  0  576  18910  1416  0  0  0  0  0  0  0  16026  2361  16159  0  65  0  1  0  3926  0  0  0  0  0  0  0  0  0  0  0  4615  0  0  9533  0  
0  0  0  0  0  0  0  0  0  0  0  0  0  0  0  0  0  0  0  0  0  0  0  0  0  0  0  0  0  0  0  0  0  0  0  0  0  0  0  0  0  0  0  0  0  0  0  0  0  0  0  0  0  0  0  0  0  0  0  0  0  0  0  0  0  0  0  0  0  0  0  0  0  0  0  0  0  0  0  0  0  0  1  0  7  0  0  0  0  0  0  0  48519  32  44333  1250  0  0  0  0  0  0  0  0  0  0  0  0  0  0  4881  4  0  0  0  36438  0  2732  0  0  0  0  0  0  31924  0  0  0  0  0  3984  154  39687  25225  14074  0  0  0  10  0  0  0  0  0  0  7  30  0  0  0  0  0  0  0  0  0  0  0  1  0  
0  0  264  0  0  0  0  170  0  0  0  0  0  0  0  49  0  0  0  0  0  0  0  0  0  0  0  0  0  4  0  0  0  0  0  0  0  0  0  0  0  0  0  0  0  56  0  0  0  0  0  0  0  0  0  0  0  0  0  0  0  0  0  0  0  0  0  0  0  0  4  0  0  0  0  0  0  0  0  0  0  9790  11  0  0  0  0  0  0  62864  0  0  0  0  0  0  0  0  0  0  19067  8601  6252  6941  0  0  0  0  0  0  0  0  0  0  0  0  0  0  36983  50679  0  0  0  0  0  0  0  0  0  9  0  0  0  0  0  0  0  0  1  7  9959  0  461  0  8  0  0  0  0  0  0  0  0  0  0  22  0  0  2  0  
0  0  0  0  0  0  0  0  0  0  0  0  0  0  0  0  0  0  0  0  0  0  0  0  0  0  0  0  0  0  0  0  0  0  0  0  0  0  0  0  0  0  0  0  0  0  0  0  0  0  0  0  0  0  0  0  0  0  0  0  0  0  0  0  0  0  0  0  0  0  0  0  0  0  0  0  0  0  0  0  0  0  70  8  0  36640  0  0  0  10  129  96  0  0  0  0  0  0  0  44691  1  13331  36134  1  0  0  465  19  1  23  0  0  1  4  26962  0  0  16  35727  1  0  140  50878  0  0  3  0  9  15  29  0  1  1  0  0  0  0  0  24  14  475  28942  5  0  25  0  2  16  0  0  0  0  0  0  0  81  11  13  556  12  
0  0  0  0  0  0  0  0  0  0  0  0  0  0  0  3  0  0  0  0  0  0  0  0  0  0  0  0  0  0  0  0  0  0  0  0  0  0  0  0  0  0  0  0  0  0  0  0  0  0  0  0  0  0  0  0  0  0  0  0  0  0  0  0  0  0  0  0  0  0  0  0  0  0  33923  0  0  0  0  20646  71  0  0  0  0  1  4  0  718  60120  0  0  0  0  0  0  0  901  0  0  0  0  0  0  1  0  0  0  0  0  0  0  603  0  0  0  0  0  0  0  1435  0  59  0  0  46  39494  443  0  0  0  0  0  0  0  0  119  2230  0  4  0  0  0  5167  0  0  0  0  0  0  0  0  0  0  0  957  0  0  432  0  
83  0  0  0  10  2908  2  0  0  0  0  0  0  0  8  238  0  1  0  0  0  0  0  0  0  0  0  0  0  0  1636  138  0  0  0  0  0  0  0  0  0  0  0  0  0  0  6  0  10  0  0  6  31  2  0  0  0  0  0  0  0  0  2  7  0  796  0  0  0  2562  0  0  0  0  14460  0  0  0  27463  0  33321  0  0  0  0  590  5  9  12619  97133  0  165  0  0  0  0  0  3086  0  1  0  0  1  0  2099  16919  0  0  0  0  0  0  955  5  0  0  0  0  25  0  12482  0  41600  0  0  2025  23110  33140  0  0  0  0  0  0  0  17  9403  18845  0  65411  1  104  0  49734  1  0  0  0  0  4  0  1  12  1  0  43387  1  0  17945  3  
17  0  0  0  1  208  266  1  0  0  0  0  0  0  0  20  0  0  0  0  0  0  0  0  0  0  0  0  0  0  0  0  0  0  0  0  0  0  0  0  0  0  0  0  0  0  0  0  1  0  0  1  8  2  0  0  0  0  0  0  0  0  0  0  0  332  0  1  0  0  0  0  0  0  97  0  1  0  124  25953  0  25980  0  0  0  144  0  1  5  144478  0  137  0  0  0  0  0  1  0  0  0  0  6  0  0  0  0  0  0  0  0  0  4  5  1  0  0  0  258  9  16  0  6567  0  0  1262  49  18758  0  0  0  0  0  0  0  0  0  7  0  36436  2  757  148  0  0  0  0  0  0  33  0  0  2  0  0  1351  0  0  13303  4  
0  0  4  0  0  0  155  1457  16  0  0  0  0  0  0  41  0  0  0  0  0  0  0  0  0  0  0  0  0  0  0  0  0  0  0  0  0  0  0  0  0  0  0  0  0  21  0  0  0  0  0  0  0  0  0  0  0  0  0  0  0  0  0  0  0  1013  0  0  0  0  0  0  0  0  0  0  5762  0  0  1  28169  0  12148  127  0  1  0  0  3  142156  0  2  0  0  0  0  0  0  0  3  1  3  1863  15  0  0  0  0  0  2  0  0  0  0  27  0  0  128  2261  26229  0  2  158  0  0  3  0  103  1  50  0  0  0  0  0  0  0  0  341  34135  101  239  31731  0  206  0  0  0  0  1  0  90  0  0  0  2477  1  2  1528  4  
0  0  3  0  0  0  0  57  1637  339  0  0  0  0  0  0  0  0  0  0  0  4  0  0  0  0  0  0  0  108  0  0  0  0  0  0  0  0  0  0  0  0  0  0  0  12  0  0  0  0  0  0  0  0  0  0  0  0  0  0  0  0  0  0  0  3243  0  0  0  0  81  0  0  0  0  0  0  4  0  0  0  12900  0  24607  1  4  0  0  0  1  6  0  0  0  0  0  0  0  3  43  10  2  6  7405  0  0  0  0  0  10  0  0  3  1  633  0  0  2438  31  24952  0  29  167  0  0  7  0  1  4  823  0  34  0  0  13  0  0  0  8361  30200  343  3  13  0  32023  0  54  1  0  0  38  38  0  0  3  68  143  16  276  1  
0  0  0  0  0  0  0  0  12  242  0  0  0  0  0  0  0  0  0  0  0  9  1  0  0  0  0  0  0  20  0  0  0  0  0  0  0  0  0  0  0  0  0  0  0  0  0  0  0  0  0  0  0  0  0  0  0  0  0  0  0  0  0  0  0  926  0  0  0  0  0  0  0  0  0  0  0  4  0  0  0  702  23016  0  38  3  0  0  0  0  6  0  0  0  0  1142  0  0  0  27  1  2  0  14928  0  0  1  0  0  3  0  0  0  1  518  0  0  26254  27  140  0  69  79  0  0  3  0  2  0  143  0  17  0  0  4  0  0  0  2150  29276  165  2  4  0  71  0  19  5  0  0  129  16  0  0  2  46  4361  588  909  0  
0  0  0  0  0  0  0  0  3  0  23127  0  0  0  0  0  0  0  0  3  0  640  0  0  0  0  1  0  0  160  0  0  0  0  0  0  0  0  0  0  0  3  0  2919  0  0  0  0  0  0  0  0  0  0  0  0  0  0  0  0  0  0  0  0  8  0  0  0  0  0  4  0  0  0  0  4  0  0  0  0  0  0  0  33  0  0  0  0  0  0  0  0  16  74682  0  11030  0  0  0  0  81  0  0  5119  0  0  0  0  0  0  0  0  0  0  0  43654  0  144253  0  0  0  0  0  0  0  0  0  0  0  0  4  10076  0  0  0  0  0  0  63031  0  0  0  0  0  3  0  0  0  0  0  0  0  0  0  0  0  0  0  0  0  
0  0  0  0  0  0  0  0  0  0  0  0  0  0  0  0  0  0  0  0  0  0  0  0  0  0  0  0  0  0  0  0  0  0  0  0  0  0  0  0  0  0  0  0  0  0  0  0  0  0  0  0  0  0  0  0  0  0  0  0  0  0  0  0  0  0  0  0  0  0  0  0  0  0  0  0  0  42421  0  141  106  0  1  0  0  0  1  23570  102  15  253  1508  0  1  0  0  0  7  0  74  0  0  3533  0  0  0  35  105  206  0  0  0  1010  44602  82  0  0  0  658  0  138  27  56341  0  0  27971  2  299  12  13  0  0  0  0  0  2  0  0  1  62  13  59222  3  0  0  0  1  0  0  0  0  0  0  0  0  35  0  0  106  0  
0  0  0  0  0  0  0  0  0  0  0  0  0  0  0  0  0  0  0  0  0  0  0  0  0  0  0  0  0  0  0  0  0  0  0  0  0  0  0  0  0  0  0  0  0  0  0  0  0  0  0  0  0  0  0  0  0  0  0  0  0  0  0  0  0  0  0  0  0  0  0  0  0  0  60  0  0  0  36  9  0  0  0  0  0  2  0  15088  0  0  0  1  0  0  0  0  0  52828  0  0  0  0  0  0  0  0  0  10  15  0  0  0  32663  6  0  0  1  0  0  0  8684  0  504  0  0  209  67  1  0  0  0  0  0  0  0  16776  0  2074  0  0  0  1  0  0  0  0  0  0  0  0  0  0  0  0  0  0  0  0  0  0  
0  0  0  0  0  0  0  0  0  0  0  0  0  0  0  0  0  0  0  0  0  0  0  0  0  0  0  0  0  0  0  0  0  0  0  0  0  0  0  0  0  0  0  0  0  0  0  0  0  0  0  0  0  0  0  0  0  0  0  0  0  0  0  0  0  0  0  0  0  0  0  0  0  0  423  0  0  0  2  4  0  0  0  0  0  21194  14328  0  1096  0  0  0  0  0  0  0  0  378  0  0  0  0  1  0  0  0  0  5  7  0  0  0  36156  20519  0  0  0  0  1  0  28  1  1032  0  0  38014  731  4  0  0  0  0  0  0  0  16591  0  489  0  0  0  5  0  0  0  0  0  0  0  0  0  0  0  0  0  0  0  0  0  0  
0  0  0  0  0  0  0  0  0  0  0  0  0  0  0  0  0  0  0  0  0  0  0  0  0  0  0  0  0  0  0  0  0  0  0  0  0  0  0  0  0  0  0  0  0  0  0  0  0  0  0  0  0  0  0  0  0  0  0  0  0  0  0  0  0  0  0  0  0  0  0  0  0  0  8502  0  0  1  287  7872  5  6  0  0  0  104  0  1628  0  11388  0  0  0  0  0  0  0  13612  0  0  0  0  10984  0  0  0  0  0  0  0  0  0  5  0  0  0  0  0  645  0  2  0  228  0  0  155133  133115  115836  0  0  0  0  0  0  0  19067  0  14  0  59  1  62201  12675  0  1  0  0  0  0  0  0  0  0  0  0  99  0  0  318  1  
0  0  4  0  0  72  48  292  0  0  0  0  0  0  0  366  0  0  0  0  0  0  0  0  0  0  0  0  0  0  13  0  0  0  0  0  0  0  0  0  0  0  0  0  0  50  0  0  0  0  0  0  0  0  0  0  0  0  0  0  0  0  0  0  0  3  0  0  0  2  0  0  0  0  13715  0  56673  0  69559  106278  103610  130628  9  0  0  3  0  0  10251  0  1  11  0  0  0  0  0  3045  0  0  0  1  3887  0  5903  0  0  0  0  0  0  0  0  1  0  0  0  0  472  2959  6  0  1261  0  0  66  11301  139266  0  0  0  0  0  0  0  0  1767  85  0  108  7  278  24035  25626  0  0  0  0  0  7  0  0  0  0  0  1009  0  1  7457  13  
0  0  0  0  0  0  0  0  0  1  0  0  0  0  0  0  0  0  0  0  0  0  0  0  0  0  0  0  0  0  0  0  0  0  0  0  0  0  0  0  0  0  0  0  0  0  0  0  0  0  0  0  0  0  0  0  0  0  0  0  0  0  0  0  0  0  0  0  0  0  0  0  0  0  0  0  0  162  0  0  0  0  83  5  0  226  0  0  0  41  0  46214  0  0  0  0  10886  8  0  38  0  0  19  2  0  0  93  0  13134  2  0  0  1  0  8871  0  141  4  226  0  9  33597  16078  0  0  1  0  126  0  27  0  4  0  0  2  0  0  0  15  8  34  0  35  0  30  0  28  6  0  0  0  0  0  0  8691  23  14  8  62306  0  
0  0  0  0  0  0  0  0  0  0  0  0  0  0  0  0  0  0  0  0  0  0  0  0  0  0  0  0  0  0  0  0  0  0  0  0  0  0  0  0  0  0  0  0  0  0  0  0  0  0  0  0  0  0  0  0  0  0  0  0  0  0  0  0  0  0  0  0  0  0  0  0  0  0  1  0  0  126  0  981  65  1  0  0  0  792  0  0  1  49  50106  0  0  0  0  0  19359  11167  0  0  0  0  0  0  0  2  3  1  5537  0  0  0  23  42  110  0  14  0  70  0  34263  609  44170  0  0  5  0  196  1  2  0  0  0  0  0  0  1  5  1  501  2  2  28  0  0  0  0  0  0  0  0  0  0  0  8569  24  45  82  56736  0  
0  0  0  0  0  0  0  0  0  0  0  0  0  0  0  0  0  0  0  0  0  0  0  0  0  0  0  0  0  0  0  0  0  0  0  0  0  0  0  0  0  0  0  0  0  0  0  0  0  0  0  0  0  0  0  0  0  0  0  0  0  0  0  0  0  0  0  0  0  0  0  0  0  0  0  40535  0  0  0  0  0  0  3  0  112  0  0  0  0  0  0  0  0  6252  158  208  0  0  16822  0  32  0  0  0  0  0  0  0  0  1  385  7  0  0  5  31451  0  4533  0  1  0  8  2  0  113  0  0  0  0  4620  84224  82726  30554  69  449  0  0  0  647  0  1  0  0  0  4  2  53395  0  0  0  0  0  0  0  1  4  3  1  18  0  
0  0  0  0  0  0  0  0  0  0  1573  0  0  0  0  0  0  0  0  2  0  0  0  0  0  0  0  0  0  12  0  0  0  0  0  0  0  0  0  0  0  0  0  0  0  0  0  0  0  0  0  0  0  0  0  0  0  0  0  0  0  0  0  0  0  0  0  0  0  0  0  0  0  0  0  4  0  0  0  0  0  2  12  1  73227  2  0  0  0  0  0  0  5755  0  0  234  0  0  1  7  16177  0  1  4895  0  0  0  0  0  3  0  0  0  0  37  22658  0  16625  0  0  0  3  13  0  2  0  0  0  1  8124  177  83872  0  0  5  0  0  0  42806  6  3  3  8  0  30  0  16  1  0  0  0  0  0  0  0  31  21  1  29  0  
0  0  0  0  0  0  0  0  0  0  0  0  0  0  0  0  0  0  0  0  0  0  0  0  0  0  0  0  0  0  0  0  0  0  0  0  0  0  0  0  0  0  0  0  0  0  0  0  0  0  0  0  0  0  0  0  0  0  0  0  0  0  0  0  0  0  0  0  0  0  0  0  0  0  0  47819  0  0  0  0  0  0  0  0  0  0  0  0  0  0  0  0  395  0  0  1054  225  0  0  0  0  0  0  0  0  0  0  0  0  0  5139  4  0  0  0  352  2  50  0  0  0  1  0  30570  11309  0  0  0  0  0  48  2  383  63567  100448  0  0  0  1  0  0  0  0  0  0  5  200  0  0  0  0  1  0  0  0  0  11  40  0  0  
0  2  0  0  0  0  0  0  0  0  24  0  0  0  0  0  0  0  0  0  0  10996  0  0  0  0  0  0  0  41  0  0  0  0  0  0  0  0  0  0  0  0  0  85  0  0  0  0  0  0  0  0  0  0  0  0  0  0  0  0  1  0  0  0  0  0  0  0  0  0  0  0  0  0  0  1143  0  0  0  0  0  0  0  775  6890  0  0  0  0  0  0  0  512  1126  479  0  3763  0  0  0  0  0  0  2855  0  0  0  0  0  0  0  0  0  0  2  58552  0  117765  0  0  0  0  1  0  26716  0  0  0  0  0  2318  1483  9  9  82230  0  0  0  6147  0  0  0  0  0  1  0  5  0  0  0  0  0  0  0  0  0  4353  42  1  0  
0  0  0  0  0  0  0  0  0  1  0  0  0  0  0  0  0  0  0  0  0  0  0  0  0  0  0  0  0  0  0  0  0  0  0  0  0  0  0  0  0  0  0  0  0  0  0  0  0  0  0  0  0  0  0  0  0  0  0  0  0  0  0  0  0  0  0  0  0  0  0  0  0  0  0  0  0  0  0  0  0  0  0  0  0  1  0  0  0  0  19406  27364  0  0  287  4060  0  4929  0  1  0  0  0  0  0  0  0  0  12007  0  1205  46  0  0  1  0  31434  1609  0  0  350  62  2  21186  0  0  0  0  0  0  0  1  47  364  48259  0  0  0  0  0  0  0  0  0  0  39  619  1  0  0  0  7  0  0  43176  1  74248  640  10029  0  
0  0  0  0  0  0  0  0  0  0  0  0  0  0  0  0  0  0  0  0  0  0  0  1  0  0  0  0  0  0  14  0  0  0  0  0  0  0  0  0  0  0  0  0  0  0  0  0  0  0  0  0  0  0  0  0  0  0  0  0  0  0  0  0  0  0  0  0  0  0  0  0  0  0  60933  0  0  0  1600  2543  5  0  0  0  0  49  37425  541  13804  2501  2  15026  0  0  0  0  4921  0  0  0  0  0  0  0  19545  424  0  4  32  0  0  0  4313  1  0  0  23  0  0  0  62323  0  20  0  0  437  787  14  0  0  0  0  0  0  0  32024  97793  138385  0  5  0  1  0  5824  0  0  0  0  0  0  0  0  0  0  13  1533  7  12  22155  0  
0  0  0  0  0  0  0  0  0  0  0  0  0  0  0  0  0  0  0  0  0  0  0  0  0  0  0  0  0  0  0  0  0  0  0  0  0  0  0  0  0  0  0  0  0  0  0  0  0  0  0  0  0  0  0  0  0  0  0  0  0  0  0  0  0  0  0  0  0  0  0  0  0  0  0  0  0  0  0  0  0  0  5  0  0  0  0  0  0  1  0  0  18096  1  0  0  0  0  0  23481  1294  0  0  1  0  0  0  4617  0  380  0  484  0  0  55  0  0  0  0  1  0  3  4  0  0  0  0  0  39362  48895  0  215  0  0  2  0  0  0  19  1  6  0  0  0  29  0  102304  0  0  0  0  0  0  0  2  3  16  0  8  0  
0  0  0  0  0  0  0  0  0  4  0  0  0  0  0  0  0  0  0  0  0  0  0  0  0  0  0  0  0  0  0  0  0  0  0  0  0  0  0  0  0  0  0  0  0  0  0  0  0  0  0  0  0  0  0  0  0  0  0  0  0  0  0  0  0  1  0  0  0  0  0  0  0  0  0  0  0  53207  0  0  0  9  230  47  0  43  0  1  0  5  46  0  0  0  0  0  1  0  20260  0  3  25297  35  8  0  0  2115  2692  0  70919  0  1  17  2  66206  0  0  46  12558  0  0  500  1570  0  0  12  0  24  52386  7097  0  28  3  0  17  0  0  0  199  74  62098  49  21  0  143  0  8753  1045  0  0  0  0  0  0  24  221  614  61  2173  56  
0  0  0  0  0  0  0  0  0  0  10  0  0  0  0  0  0  0  0  0  0  0  0  0  0  0  0  0  0  77  0  0  0  0  0  0  0  0  0  0  0  0  0  0  0  0  0  0  0  0  0  0  0  0  0  0  0  0  0  0  0  0  0  0  1  0  0  0  0  0  0  0  0  0  0  0  16986  0  0  0  0  7  56  0  90  0  0  0  0  0  0  0  46  17451  0  0  0  0  1044  8  0  101  8  96963  0  0  0  0  0  2  0  0  1  0  69  0  0  4  20  1100  0  4  14  0  0  3  0  0  5  138367  0  162  0  0  3  0  0  0  1873  14  23487  5  6  0  1211  0  37  0  0  0  0  0  0  0  0  8  14  0  46  0  
0  0  0  0  0  0  0  0  0  0  0  0  0  0  0  0  0  0  0  0  0  0  0  0  0  0  0  0  0  0  0  0  0  0  0  0  0  0  0  0  0  0  0  0  0  0  0  0  0  0  0  0  0  0  0  0  0  0  0  0  0  0  0  0  0  0  0  0  0  0  0  0  0  0  0  0  9034  13391  0  0  0  2  1  0  0  0  0  0  0  0  0  0  0  0  0  0  0  0  2  26780  98  0  1271  0  0  0  0  0  0  0  0  0  0  0  19  0  0  0  111923  368  0  0  28  0  0  0  0  0  37  3045  0  0  0  0  0  0  0  0  0  1  120302  1  0  0  0  0  0  0  0  0  0  0  0  0  0  5  0  0  23  0  
0  0  0  0  0  0  0  0  0  0  0  0  0  0  0  0  0  0  0  0  0  0  0  0  0  0  0  0  0  0  0  0  0  0  0  0  0  0  0  0  0  0  0  0  0  0  0  0  0  0  0  0  0  0  0  0  0  0  0  0  0  0  0  0  0  0  0  0  0  0  0  0  0  0  0  0  4926  33590  0  0  0  1385  50  14  0  3139  0  16  10069  3742  0  0  0  0  0  0  0  0  0  3  0  3396  0  0  0  0  0  0  0  0  0  0  0  22  41  0  0  7  176694  800  0  10  181  0  0  65  0  2080  0  36  0  2  0  0  0  0  0  0  20  396  1488  66194  81066  0  28  0  0  0  0  0  0  0  0  0  0  2223  3  3  1507  3  
0  0  9  0  0  0  0  0  50  3  758  0  0  0  0  0  0  0  0  0  0  75  0  0  0  0  2  0  0  1677  0  0  0  0  0  0  0  0  0  0  0  0  0  7  0  2  0  0  0  0  0  0  0  0  0  0  0  0  0  0  0  0  0  0  9  23  0  0  0  0  288  0  0  0  0  0  7688  5  0  0  0  8  6772  12883  5252  2  0  0  0  10  3  0  0  7210  0  2494  1  0  2  40  106098  1  3  0  0  0  0  0  0  14  0  0  8  0  253  0  0  1661  23  34440  0  27  65  0  0  4  0  1  3  28747  0  643  0  0  29  1  0  0  86507  234  833  5  9  0  129195  0  120  3  0  0  1  0  0  0  0  88  114  5  191  1  
0  0  0  0  0  3  0  0  0  7  0  0  0  0  0  0  0  0  0  0  0  0  0  17  0  0  0  0  0  0  5915  20  0  0  0  0  0  0  0  0  0  0  0  0  0  0  0  0  0  0  0  0  0  0  0  0  0  0  0  0  0  0  3  0  0  0  0  0  0  204  0  0  0  0  5633  0  0  0  2  2258  0  0  0  0  0  0  0  0  0  4701  0  7  0  0  0  0  6  15919  0  0  0  0  0  0  0  18563  0  0  1  0  0  0  0  0  0  0  0  0  0  0  2  0  0  0  0  0  0  0  0  0  0  0  0  0  0  0  54140  11  0  1  0  0  0  28768  0  0  0  0  0  0  0  0  0  3  8  585  2  112  3810  400  
0  0  0  0  0  557  0  0  0  96  0  0  0  0  0  0  0  0  0  0  0  0  0  0  0  0  0  0  0  0  171  857  0  0  0  0  0  0  0  0  0  0  0  0  0  0  0  0  0  0  0  0  0  0  0  0  0  0  0  0  0  0  5  0  0  127  0  0  0  848  0  0  0  0  3  0  0  0  0  19004  0  0  0  0  0  0  0  0  0  0  3  19  0  0  0  0  30  1291  0  0  0  0  0  0  20376  0  0  0  6  0  0  0  0  0  0  0  0  0  0  0  5  0  0  0  0  0  0  0  0  0  0  0  0  0  0  0  25063  12  0  5955  0  0  0  8892  0  0  0  0  1  0  0  7  0  8  90  8912  3  303  6235  1688  
0  0  0  0  0  0  0  0  0  0  0  0  0  0  0  0  0  0  0  0  0  0  0  0  0  0  0  0  0  0  0  0  0  0  0  0  0  0  0  0  0  0  0  0  0  0  0  0  0  0  0  0  0  0  0  0  0  0  0  0  0  0  0  0  0  0  0  0  0  0  0  0  0  0  0  0  0  820  0  0  0  0  0  0  0  89  0  0  0  1  45  1  0  0  0  0  0  0  0  3637  0  0  0  1  0  0  0  15079  10801  237  0  0  0  0  16240  0  0  0  3  0  0  53974  39  0  0  1  0  0  0  1  0  4  0  0  4  0  0  0  2  0  0  0  2  0  0  0  1060  34039  0  0  0  0  0  0  20  0  66  493  152  1  
0  0  0  0  0  0  0  0  0  0  0  0  0  0  0  0  0  0  0  0  0  0  0  0  0  0  0  0  0  0  0  0  0  0  0  0  0  0  0  0  0  0  0  0  0  0  0  0  0  0  0  0  0  0  0  0  0  0  0  0  0  0  0  0  0  0  0  0  0  0  0  0  0  0  0  0  0  59  0  0  0  0  0  0  0  172  7  1  0  0  7  0  0  0  0  0  0  2  5633  4621  0  0  0  0  0  0  13699  0  101466  46071  1  994  0  0  2362  0  11856  1  0  0  0  22193  6  2  0  0  0  0  4  3  0  0  0  1  4  0  0  0  0  0  0  0  1  0  2  3  94206  21065  0  0  0  0  0  0  2  2  128  0  16  0  
0  0  0  0  0  0  0  0  0  0  0  0  0  0  0  0  0  0  0  0  0  0  0  0  0  0  0  0  0  0  0  0  0  0  0  0  0  0  0  0  0  0  0  0  0  0  0  0  0  0  0  0  0  0  0  0  0  0  0  0  0  0  0  0  0  0  0  0  0  0  0  0  0  0  0  0  0  18  0  0  0  0  0  0  0  417  10  1  0  0  14285  5847  0  0  0  0  14986  35  0  0  0  0  0  0  0  1  8877  81366  0  0  218  1042  1  0  0  0  36637  1  0  0  0  40529  12  367  0  0  0  0  0  0  0  0  79  945  36  0  1  0  0  0  0  0  0  0  0  3713  17081  125  0  0  0  0  0  0  31653  0  2069  1  30  0  
0  0  0  0  0  0  0  0  0  0  0  0  0  0  0  0  0  0  0  0  0  0  0  0  0  0  0  0  0  0  0  0  0  0  0  0  0  0  0  0  0  0  0  0  0  0  0  0  0  0  0  0  0  0  0  0  0  0  0  0  0  0  0  0  0  0  0  0  0  0  0  0  0  0  0  0  0  68  0  0  0  1  97  0  0  19  0  0  0  8  434  0  0  3  0  0  5  0  56  76339  8  0  0  3  0  0  141  48727  0  0  0  0  17  0  45309  0  0  23  14  2  0  2361  203  0  0  23  2  1  6318  619  0  38  6  0  90  2  0  1  70  5  147  16  16  0  162  0  8569  27379  0  0  0  0  0  0  204  61  5438  235  1175  4  
0  0  0  0  0  0  0  0  0  0  0  0  0  0  0  0  0  0  0  0  0  0  0  0  0  0  0  0  0  0  0  0  0  0  0  0  0  0  0  0  0  0  0  0  0  0  0  0  0  0  0  0  0  0  0  0  0  0  0  0  0  0  0  0  0  0  0  0  0  0  0  0  0  0  0  4116  0  0  0  0  0  0  0  0  0  0  0  0  0  0  0  0  498  0  4109  0  989  0  0  0  0  0  0  0  0  0  0  1  30  0  0  17136  0  0  0  0  26577  0  0  0  0  2  0  52301  0  0  0  0  0  0  0  0  8953  63366  767  0  0  0  0  0  0  0  0  0  0  130061  3712  0  0  0  0  0  0  0  12  0  412  0  0  0  
0  0  0  0  0  0  0  0  0  0  0  0  0  0  0  0  0  0  0  0  0  0  0  0  0  0  0  0  0  0  0  0  0  0  0  0  0  0  0  0  0  0  0  0  0  0  0  0  0  0  0  0  0  0  0  0  0  0  0  0  0  0  0  0  0  0  0  0  0  0  0  0  0  0  0  2  0  0  0  0  0  0  0  0  0  0  0  0  0  0  0  0  22  0  49  0  33  0  608  1  0  0  0  0  0  0  0  744  629  0  19557  0  0  0  0  0  23013  5  0  0  0  12  0  7969  0  0  0  0  0  0  0  0  13328  9016  1243  0  0  0  0  0  0  0  0  0  0  118674  128844  0  0  0  0  0  0  0  106  0  4537  0  0  0  
0  0  0  0  0  0  0  0  0  0  0  0  0  0  0  0  0  0  0  0  0  0  0  0  0  0  0  0  0  0  0  0  0  0  0  0  0  0  0  0  0  0  0  0  0  0  0  0  0  0  0  0  0  0  0  0  0  0  0  0  0  0  0  0  0  0  0  0  0  0  0  0  0  0  537  0  0  0  2560  1278  2  0  1  0  0  859  22138  39058  11  2  0  13  0  0  0  0  0  5494  0  2  0  0  0  0  0  0  0  0  0  0  0  0  0  12590  1  0  0  1  41  0  8171  0  23639  0  0  23905  6726  54  1  1  0  0  0  0  1  9055  0  3373  0  20  4  166  0  0  0  0  1  0  0  0  0  0  0  0  0  15  0  0  25  0  
0  0  0  0  0  0  0  0  0  0  0  0  0  0  0  0  0  0  0  0  0  0  0  0  0  0  0  0  0  0  0  0  0  0  0  0  0  0  0  0  0  0  0  0  0  0  0  0  0  0  0  0  0  0  0  0  0  0  0  0  0  0  0  0  0  0  0  0  0  0  0  0  0  0  0  0  0  1  0  1  1  0  0  0  0  38063  3  23529  0  0  0  17  0  0  0  0  0  0  0  2  0  0  8  0  0  0  0  0  0  0  0  0  12388  0  2  0  0  0  5  0  52  0  7766  0  0  89  1  2  0  0  0  0  0  0  0  0  0  0  0  1  0  293  0  0  0  0  0  0  0  0  0  0  0  0  0  0  0  0  0  0  
0  0  0  0  0  0  0  0  0  11  0  0  0  0  0  0  0  0  0  0  0  0  0  0  0  0  0  0  0  0  0  0  0  0  0  0  0  0  0  0  0  0  0  0  0  0  0  0  0  0  0  0  0  0  0  0  0  0  0  0  0  0  0  0  0  2  0  0  0  0  0  0  0  0  0  0  1  15138  0  3  3  39  2963  940  0  425  0  10  1  69  8327  45  3  7  0  2  10  0  22  71377  40  8  171  76  0  0  15111  1198  0  51727  0  0  127  19  0  0  0  1720  3567  24  0  22809  30432  0  0  146  2  132  3669  2225  0  769  54  2  345  5  0  0  1648  638  3147  324  200  0  1431  0  13176  14069  0  0  5  3  0  0  303  1116  19413  12145  66772  57  
0  1  0  0  0  0  0  0  0  0  108  0  0  0  0  0  0  0  0  0  0  702  0  0  0  0  0  0  0  0  0  0  0  0  0  0  0  0  0  0  0  1  0  33  0  0  0  0  0  0  0  0  0  0  0  0  0  0  0  0  0  0  0  0  0  0  0  0  0  0  0  0  0  0  0  33765  0  0  0  0  0  0  0  0  49355  0  0  0  0  0  0  0  32457  26894  77  67205  0  0  0  0  0  0  0  0  0  0  0  0  0  0  0  0  0  0  0  0  0  47945  0  0  0  0  0  0  20664  0  0  0  0  0  194  544  0  0  384  0  0  0  111  0  0  0  0  0  0  0  0  0  0  0  0  0  0  0  0  0  0  0  0  0  
0  0  0  0  0  0  0  0  0  0  0  0  0  0  0  0  0  0  0  0  0  0  0  0  0  0  0  0  0  0  0  0  0  0  0  0  0  0  0  0  0  0  0  0  0  0  0  0  0  0  0  0  0  0  0  0  0  0  0  0  0  0  0  0  0  0  0  0  0  0  0  0  0  0  0  0  0  0  0  0  0  0  0  0  0  0  6  0  0  0  176  27  0  0  1  0  31021  31  0  0  0  0  0  0  0  0  0  12884  44161  0  26788  27098  0  0  0  0  0  0  0  0  1  265  0  5382  0  0  0  0  0  0  0  0  76  921  71  0  0  0  0  0  0  0  0  0  0  9940  11652  0  0  0  0  0  0  0  19298  0  4533  0  0  0  
0  0  0  0  0  0  0  0  0  0  24  0  0  0  0  0  0  0  0  0  0  196  0  0  0  0  0  0  0  0  0  0  0  0  0  0  0  0  0  0  0  0  0  48  0  0  0  0  0  0  0  0  0  0  0  0  0  0  0  0  0  0  0  0  0  0  0  0  0  0  0  0  0  0  0  1244  0  0  0  0  0  385  8352  31571  123670  14  0  0  0  38  25  0  6668  8234  25  112204  204  0  1  69  1  1  3  1686  0  0  4  0  0  9  0  0  10  3  1062  36598  0  0  101  183  0  211  324  0  2550  9  1  6  2  115  4891  32650  10481  99  12101  0  0  0  83072  555  83  28  95  0  728  0  17758  29  0  0  0  0  0  0  8  407  20856  46  877  3  
0  0  0  0  0  0  0  0  0  2  0  0  0  0  0  0  0  0  0  0  0  0  0  0  0  0  0  0  0  0  0  0  0  0  0  0  0  0  0  0  0  0  0  0  0  0  0  0  0  0  0  0  0  0  0  0  0  0  0  0  0  0  0  0  0  1  0  0  0  0  0  0  0  0  2  0  28984  33928  2  5  26  1323  242  18  0  145  0  5  108  665  6  2  0  0  0  0  0  0  1  27014  10  131616  150353  12  0  0  0  0  0  6  0  0  63  1  2207  0  0  14  0  41590  0  36  13833  0  0  117  15  1976  15  300  0  24  1  0  1  3  0  1  88  1720  66709  24616  31580  0  125  0  15  0  0  0  0  2  0  0  0  12394  16  50  16639  84  
0  0  200  0  0  0  0  102  19  11  0  0  0  0  0  16  0  0  0  0  0  0  0  0  0  0  0  0  0  41  0  0  0  0  0  0  0  0  0  0  0  0  0  0  0  28  0  0  0  0  0  0  0  0  0  0  0  0  0  0  0  0  0  0  0  5  0  0  0  0  36  0  0  0  0  0  47177  0  0  0  1  27824  25513  222  0  0  0  0  0  2771  0  0  0  0  0  0  0  0  1  24  3194  1675  914  31449  0  0  0  0  0  2  0  0  0  0  155  0  0  182  24868  0  0  4  41  0  0  1  0  0  1  20147  0  1  0  0  1  0  0  0  491  3077  11010  0  703  0  25183  0  6  0  0  0  3  3  0  0  0  1789  11  1  1751  1  
0  0  0  0  0  0  0  0  0  0  0  0  0  0  0  0  0  0  0  0  0  0  0  0  0  0  0  0  0  0  0  0  0  0  0  0  0  0  0  0  0  0  0  0  0  0  0  0  0  0  0  0  0  0  0  0  0  0  0  0  0  0  0  0  0  0  0  0  0  0  0  0  0  0  10242  0  0  0  2004  15944  16  0  0  0  0  316  7346  29  8  19  1  37894  0  0  0  0  426  51320  0  0  0  0  0  0  2  2  0  0  0  0  0  0  7423  46  0  0  1  0  1  0  0  0  11928  0  0  157  1358  67  0  0  0  0  0  0  0  47  1270  23216  0  476  0  0  0  0  0  0  0  0  0  0  0  0  0  0  393  227  0  0  79554  0  
0  0  0  0  0  0  0  0  0  0  0  0  0  0  0  0  0  0  0  0  0  0  0  0  0  0  0  0  0  0  0  0  0  0  0  0  0  0  0  0  0  0  0  0  0  0  0  0  0  0  0  0  0  0  0  0  0  0  0  0  0  0  0  0  0  0  0  0  0  0  0  0  0  0  0  0  0  90  0  0  0  2  42  13  0  71  0  0  0  5  31859  253  1  0  0  0  67  0  0  114  0  0  2  1  0  0  34178  20566  52202  46  31  167  9  1  17020  0  1074  20  47  0  0  0  167  201  0  10  0  4  2  16  0  90  5  56  94  0  0  0  50  9  5  13  14  0  18  255  76313  28740  0  0  0  0  0  0  30949  35  10851  5524  44720  0  
0  0  0  0  0  0  0  0  0  0  0  0  0  0  0  0  0  0  0  0  0  0  0  0  0  0  0  0  0  0  0  0  0  0  0  0  0  0  0  0  0  0  0  0  0  0  0  0  0  0  0  0  0  0  0  0  0  0  0  0  0  0  0  0  0  0  0  0  0  0  0  0  0  0  53  0  0  38848  279  27738  3812  68  1067  105  0  64016  48  2025  1160  2052  14383  41961  0  3  0  0  3  11  2  1451  11  18  263  19  0  0  12  4  10  21  0  0  17899  6881  21330  0  0  225  25526  3  13340  88  0  0  0  15618  3598  14134  116  839  0  94  0  0  27  160  1  139  301  7815  2078  32689  1209  0  536  0  83  3  0  0  0  1  0  0  284  1499  470  28  71551  16  
0  0  0  0  0  0  0  0  0  0  0  0  0  0  0  0  0  0  0  0  0  0  0  0  0  0  0  0  0  0  0  0  0  0  0  0  0  0  0  0  0  0  0  0  0  0  0  0  0  0  0  0  0  0  0  0  0  0  0  0  0  0  0  0  0  0  0  0  0  0  0  0  0  0  0  0  0  0  0  0  0  0  0  0  0  0  0  0  0  0  0  0  0  0  30451  0  17652  0  0  0  0  0  0  0  0  0  0  0  250  0  61245  3704  0  0  0  0  8437  0  0  0  0  44  0  0  0  0  0  0  0  0  0  0  95  18041  10293  0  0  0  0  0  0  0  0  0  0  27690  6117  0  0  0  0  0  0  0  46  0  11843  0  0  0  
0  0  0  0  0  0  0  0  0  0  0  0  0  0  0  0  0  0  0  0  0  0  0  0  0  0  0  0  0  0  0  0  0  0  0  0  0  0  0  0  0  0  0  0  0  0  0  0  0  0  0  0  0  0  0  0  0  0  0  0  0  0  0  0  0  0  0  0  0  0  0  0  0  0  0  27410  0  0  0  0  0  0  0  0  0  0  0  0  0  0  0  0  1238  30  9644  25283  0  0  0  0  0  0  0  0  0  0  0  0  0  0  0  0  0  0  0  20031  0  3000  0  0  0  0  0  0  0  0  0  0  0  0  1722  53  38  8  34964  0  0  0  13  0  0  0  0  0  0  0  1  0  0  0  0  0  0  0  0  0  0  0  0  0  
0  0  0  0  0  0  0  0  0  0  0  0  0  0  0  0  0  0  0  0  0  0  0  0  0  0  0  0  0  0  0  0  0  0  0  0  0  0  0  0  0  0  0  0  0  0  0  0  0  0  0  0  0  0  0  0  0  0  0  0  0  0  0  0  0  0  0  0  0  0  0  0  0  0  1387  0  0  0  705  4457  3979  0  0  0  0  35591  26  51231  108082  228  0  35  0  0  0  0  0  687  0  3  0  0  128  0  0  0  0  0  0  0  0  0  12916  395  3  0  0  0  74  0  164  0  19601  0  0  0  52986  54947  1  2  0  0  0  0  0  7238  0  1770  0  2504  1  43108  5  0  0  0  0  0  0  0  0  0  0  0  0  198  0  0  3116  0  
0  0  0  0  0  0  0  0  0  0  0  0  0  0  0  0  0  0  0  0  0  0  0  0  0  0  0  0  0  0  0  0  0  0  0  0  0  0  0  0  0  0  0  0  0  0  0  0  0  0  0  0  0  0  0  0  0  0  0  0  0  0  0  0  0  0  0  0  0  0  0  0  0  0  18458  0  0  0  38518  17145  170  1  0  0  0  189  165  539  131159  10425  0  1  0  0  0  0  0  497  0  0  0  0  1  0  0  0  0  0  0  0  0  0  5364  2  0  0  0  0  35  0  4453  1  7488  0  0  62028  0  48084  0  1  0  0  0  0  0  2583  0  730  0  63  5  189  0  0  0  0  0  0  0  0  0  0  0  0  0  14  0  0  79  0  
0  0  0  0  0  0  0  0  0  0  0  0  0  0  0  0  0  0  0  0  0  0  0  0  0  0  0  0  0  0  0  0  0  0  0  0  0  0  0  0  0  0  0  0  0  0  0  0  0  0  0  0  0  0  0  0  0  0  0  0  0  0  0  0  0  0  0  0  0  0  0  0  0  0  664  0  1  3  950  35136  17762  51  0  1  0  1155  1  9  124598  184761  3  192  0  0  0  0  0  119  0  9  0  0  658  0  0  0  0  0  0  0  0  0  25  14  5  0  0  0  6795  2  118  1  16222  0  0  67186  30633  0  1  0  0  0  0  0  0  9  0  259  0  523  32  25167  29269  0  1  0  1  0  0  0  0  0  0  0  1  1894  0  1  29718  29  
0  0  0  0  0  0  0  0  0  1  0  0  0  0  0  0  0  0  0  0  0  0  0  0  0  0  0  0  0  0  0  0  0  0  0  0  0  0  0  0  0  0  0  0  0  0  0  0  0  0  0  0  0  0  0  0  0  0  0  0  0  0  0  0  0  0  0  0  0  0  0  0  0  0  0  0  0  0  0  0  0  1  77  1  0  18  0  2  0  3  2  0  0  1  0  0  0  0  39963  62817  16  100  0  5  0  0  0  0  0  6666  0  0  16  1  3704  0  0  10  10  1  0  13  189  0  0  8  1  4  0  45232  0  29  4  0  4  0  0  0  96  4  6069  12  3  0  126  0  22072  1  0  0  0  0  0  0  0  42  32  2  64  2  
0  0  0  0  0  0  0  0  0  5  0  0  0  0  0  0  0  0  0  0  0  0  0  0  0  0  0  0  0  0  0  0  0  0  0  0  0  0  0  0  0  0  0  0  0  0  0  0  0  0  0  0  0  0  0  0  0  0  0  0  0  0  0  0  0  1  0  0  0  0  0  0  0  0  0  0  15  22  2  3  0  75  6178  171  0  154  0  2  0  27  14  0  4037  8675  0  0  0  0  49675  14155  144966  1700  79  18219  0  0  1  1  0  728  0  0  165  9  7651  0  0  141  504  7035  0  126  2480  0  0  127  2  32  43595  0  0  24939  21  0  103  4  0  1  7706  970  44894  122  257  0  29371  0  13102  8  0  0  1  0  0  0  2  1056  611  46  3783  10  
0  0  0  0  0  0  0  0  0  0  0  0  0  0  0  0  0  0  0  0  0  0  0  0  0  0  0  0  0  0  0  0  0  0  0  0  0  0  0  0  0  0  0  0  0  0  0  0  0  0  0  0  0  0  0  0  0  0  0  0  0  0  0  0  0  0  0  0  0  0  0  0  0  0  0  4757  0  0  0  0  0  0  0  0  11  0  0  0  0  0  0  0  95386  231  14  1209  0  0  0  0  0  0  0  0  0  0  0  0  0  0  0  0  0  0  0  556  0  2616  0  0  0  0  0  0  1250  0  0  0  0  0  0  24441  485  18  836  0  0  0  66  0  0  0  0  0  0  0  486  0  0  0  0  0  0  0  0  0  0  0  0  0  
0  0  0  0  0  0  0  0  0  0  0  0  0  0  0  0  0  0  0  0  0  0  0  0  0  0  0  0  0  0  0  0  0  0  0  0  0  0  0  0  0  0  0  0  0  0  0  0  0  0  0  0  0  0  0  0  0  0  0  0  0  0  0  0  0  0  0  0  0  0  0  0  0  0  0  97  0  1  0  0  0  15  219  1  13488  8  0  1  0  4  61  0  73775  89745  2  1511  2  0  152  191  48  1  7  418  0  0  35  0  0  15  0  0  5  0  434  659  0  35586  35  2  0  1044  162  0  47  6  0  2  45  27110  14433  0  1647  7  1105  0  0  0  47379  77  49  5  71  0  724  0  41080  117  0  0  0  0  0  0  15  373  264  194  1886  3  
0  0  0  0  0  0  0  0  0  0  0  0  0  0  0  0  0  0  0  0  0  0  0  0  0  0  0  0  0  0  0  0  0  0  0  0  0  0  0  0  0  0  0  0  0  0  0  0  0  0  0  0  0  0  0  0  0  0  0  0  0  0  0  0  0  0  0  0  0  0  0  0  0  0  0  39012  0  0  0  0  0  1  2  0  0  1  0  0  0  5  23  0  41486  6  730  41  4  0  0  35  0  0  1  0  0  0  1  0  12  0  8068  7417  2  0  72  0  12  9499  0  0  0  66  22  2  338  2  0  0  2  12  761  6807  0  6045  36522  0  0  0  2239  0  2  2  25  0  1  11670  51017  28  0  0  0  0  0  0  27  100  789  11  238  0  
0  0  0  0  0  0  0  0  0  0  0  0  0  0  0  0  0  0  0  0  0  0  0  0  0  0  0  0  0  0  0  0  0  0  0  0  0  0  0  0  0  0  0  0  0  0  0  0  0  0  0  0  0  0  0  0  0  0  0  0  0  0  0  0  0  0  0  0  0  0  0  0  0  0  0  28030  0  0  0  0  0  0  0  0  0  0  0  0  0  0  2  0  145  1  63089  14  89  0  0  0  0  0  0  0  0  0  0  0  212  0  60627  3256  0  0  1  0  326  147  0  0  0  9  0  16582  43  0  0  0  0  0  129  112  7520  0  35244  0  0  0  4  0  0  1  0  0  0  29887  13328  0  0  0  0  0  0  0  59  0  4625  0  1  0  
0  0  0  0  0  0  0  0  0  0  0  0  0  0  0  0  0  0  0  0  0  0  0  0  0  0  0  0  0  0  0  0  0  0  0  0  0  0  0  0  0  0  0  0  0  0  0  0  0  0  0  0  0  0  0  0  0  0  0  0  0  0  0  0  0  0  0  0  0  0  0  0  0  0  0  14354  0  0  0  0  0  4  10  0  0  15  0  2  0  7  13  0  1255  21  95741  71731  44088  0  0  8  0  0  0  0  0  0  1  1  6  20  417  337  17  1  73  1148  103  25990  9  0  0  47  134  13672  30395  23  1  3  1  11  2980  1485  20583  24257  0  1  0  0  504  2  1  17  17  0  6  546  49818  12  0  0  0  2  0  0  16  53  21764  38  150  0  
0  0  0  0  0  0  0  0  0  0  0  0  0  0  0  0  0  0  0  0  0  0  0  0  0  0  0  0  0  0  0  0  0  0  0  0  0  0  0  0  0  0  0  0  0  0  0  0  0  0  0  0  0  0  0  0  0  0  0  0  0  0  0  0  0  0  0  0  0  0  0  0  0  0  8776  0  0  0  6  7  0  0  0  0  0  1  10607  26378  18223  0  0  0  0  0  0  0  0  22204  0  0  0  0  0  0  0  0  0  0  0  0  0  0  9774  4  0  0  0  0  0  0  46  0  16  0  0  7086  1763  3  0  0  0  0  0  0  0  0  0  18582  0  1  0  0  0  0  0  0  0  0  0  0  0  0  0  0  0  0  0  0  1  0  
0  0  0  0  0  3  0  0  0  3  0  0  0  0  0  0  0  0  0  0  0  0  0  0  0  0  0  0  0  0  3  8  0  0  0  0  0  0  0  0  0  0  0  0  0  0  0  0  0  0  0  0  0  0  0  0  0  0  0  0  0  0  0  0  0  0  0  0  0  6  0  0  0  0  2091  0  0  0  69  15990  0  0  0  0  0  0  0  0  0  1742  8  49  0  0  0  0  39  97868  0  0  0  0  0  0  51801  22186  0  0  13  0  0  0  0  0  0  0  0  0  0  0  2927  0  0  0  0  0  1  0  0  0  0  0  0  0  0  0  0  14740  0  10  0  0  0  25918  0  0  0  0  0  0  0  1  0  0  3  19278  0  19  12041  25  
0  0  0  0  0  0  0  0  0  0  0  0  0  0  0  0  0  0  0  0  0  0  0  0  0  0  0  0  0  0  0  0  0  0  0  0  0  0  0  0  0  0  0  0  0  0  0  0  0  0  0  0  0  0  0  0  0  0  0  0  0  0  0  0  0  0  0  0  0  0  0  0  0  0  25327  0  0  0  3395  12705  8  0  0  0  0  13  1961  913  24  68  0  0  0  0  0  0  0  128791  0  0  0  0  0  0  21  11  0  0  0  0  0  0  3743  1  0  0  1  0  4  0  16705  0  85  0  0  1709  1130  64  0  0  0  0  0  0  0  34426  24378  0  0  31  0  10  0  2091  0  0  0  0  0  0  0  0  0  0  0  3125  0  0  9463  0  
0  0  0  0  0  0  0  0  0  1  199  0  0  0  0  0  0  0  0  0  0  0  0  0  0  0  0  0  0  27  0  0  0  0  0  0  0  0  0  0  0  0  0  1  0  0  0  0  0  0  0  0  0  0  0  0  0  0  0  0  0  0  0  0  0  0  0  0  0  0  3  0  0  0  0  10  4  1  0  0  0  156  5919  1254  63496  32  0  1  0  70  13  0  280  66972  2  3925  1  0  16  570  2258  3  16  81909  0  0  3  0  0  38  0  0  20  3  1425  34  0  82013  94  56  0  236  647  0  2  30  1  11  113  5843  88  79937  956  6  729  2  0  0  0  277  151  22  395  0  10831  0  4442  21  0  0  0  0  0  0  7  2210  639  61  2442  3  
524  0  0  0  38  7954  107  425  267  1981  0  0  0  1  26  35  0  0  0  0  0  0  1  3  0  0  0  0  0  7  2  193  0  0  0  0  0  0  0  0  0  0  0  0  0  1  8  0  31  0  0  37  160  3  0  0  0  0  0  0  0  3  1  49  0  10658  0  2  1  121  0  0  0  0  666  0  12  5  23  53073  31803  34597  33956  43700  0  18  0  0  5  161  2  319  0  0  0  0  0  23  0  41  4  3  40  199  4  6847  0  0  0  4  0  0  105  0  521  0  0  1011  538  1123  1744  20  6119  0  0  185  2  169  1  243  0  17  0  0  2  0  9  451  1132  0  596  306  198  2614  1961  0  13  2  0  7  7047  1174  61  37  2  48896  1269  6620  34464  5  
0  0  0  0  0  0  0  0  0  16  0  0  0  0  0  0  0  0  0  0  0  0  0  0  0  0  0  0  0  0  0  0  0  0  0  0  0  0  0  0  0  0  0  0  0  0  0  0  0  0  0  0  0  0  0  0  0  0  0  0  0  0  0  0  0  1  0  0  0  0  0  0  0  0  0  0  8411  186  0  2  0  79  587  95  0  82  0  0  0  72  7  0  0  1  0  0  0  0  4  65674  29364  112489  1413  159  0  0  0  0  0  25  0  0  99  3  3427  0  0  56  65901  13983  0  43  1797  0  0  70  5  46  6656  32797  0  39  0  0  19  4  0  3  96  1061  0  65  428  0  297  0  25  1  0  0  1  0  0  0  0  1269  51  139  8180  41  
0  0  0  0  0  0  0  0  0  0  0  0  0  0  0  0  0  0  0  0  0  0  0  0  0  0  0  0  0  0  0  0  0  0  0  0  0  0  0  0  0  0  0  0  0  0  0  0  0  0  0  0  0  0  0  0  0  0  0  0  0  0  0  0  0  0  0  0  0  0  0  0  0  0  3  0  0  39430  1  157  2140  23  7  0  0  43867  0  13  59523  590  0  13  0  0  0  0  0  0  3  128  1  2  71409  0  0  0  0  0  0  4  0  0  91  62  174  0  0  0  54217  1  2  2  17797  0  0  48328  38  18518  44  59  0  2  0  0  1  3  0  0  4  1329  111  0  6939  0  13  0  4  0  0  0  0  3  0  0  0  2892  6  1  6078  4  
0  0  0  0  0  0  0  0  0  0  0  0  0  0  0  0  0  0  0  0  0  0  0  0  0  0  0  0  0  0  0  0  0  0  0  0  0  0  0  0  0  0  0  0  0  0  0  0  0  0  0  0  0  0  0  0  0  0  0  0  0  0  0  0  0  0  0  0  0  0  0  0  0  0  0  0  524  7  0  0  20  30863  60  6  0  2  0  0  12044  30100  2  1  0  1  0  0  0  0  1  34  1  5  84859  1  0  0  0  0  0  2  0  0  0  1  60  0  0  2  47032  377  0  2  1079  0  0  8  1  33970  6  99  0  13  0  0  1  0  0  0  35  1169  633  2512  0  0  38  0  11  0  0  0  0  1  0  0  0  3118  1  8  6418  19  
0  0  0  0  0  59  0  0  0  0  0  0  0  0  0  0  0  0  0  0  0  0  0  0  0  0  0  0  0  0  931  11  0  0  0  0  0  0  0  0  0  0  0  0  0  0  0  0  0  0  0  0  0  0  0  0  0  0  0  0  0  0  0  0  0  7  0  0  0  603  0  0  0  0  3682  0  0  0  9325  49275  0  0  0  0  0  0  0  0  0  24355  0  0  0  0  0  0  0  5829  0  0  0  0  0  0  28563  9330  0  0  0  0  0  0  0  0  0  0  0  0  0  0  2  0  0  0  0  0  0  0  0  0  0  0  0  0  0  0  30910  1665  0  3355  0  0  0  0  0  0  0  0  0  0  0  0  0  0  0  8844  0  0  361  0  
0  0  4  0  0  0  0  0  331  5  2  0  0  0  0  0  0  0  0  0  0  1  0  0  0  0  0  0  0  474  0  0  0  0  0  0  0  0  0  0  0  0  0  0  0  3  0  0  0  0  0  0  0  0  0  0  0  0  0  0  0  0  0  0  0  69  0  0  0  0  473  0  0  0  0  0  44  15  0  0  0  110  35830  29  21  7  0  0  0  2  8  0  0  4  0  0  1  0  7  184  5794  9  5  107449  0  0  0  0  0  16  0  0  5  0  786  0  0  50  42  32457  0  47  191  0  0  8  0  2  13  33335  0  71  1  0  17  1  0  0  4748  383  1295  8  23  0  0  0  199  4  0  0  1  0  0  0  4  117  194  12  560  1  
0  0  0  0  0  0  0  0  0  0  0  0  0  0  0  0  0  0  0  0  0  0  0  0  0  0  0  0  0  0  0  0  0  0  0  0  0  0  0  0  0  0  0  0  0  0  0  0  0  0  0  0  0  0  0  0  0  0  0  0  0  0  0  0  0  0  0  0  0  0  0  0  0  0  0  3  0  0  0  0  0  0  0  0  0  0  0  0  0  0  0  0  0  0  24  0  63  0  0  0  0  0  0  0  0  0  0  0  1010  0  112071  118579  0  0  0  0  7108  22  0  0  0  45  0  25099  0  0  0  0  0  0  0  0  13863  32750  2828  0  0  0  0  0  0  0  0  0  0  0  13430  0  0  0  0  0  0  0  176  0  6194  0  0  0  
0  0  0  0  0  0  0  0  0  1  0  0  0  0  0  0  0  0  0  0  0  0  0  0  0  0  0  0  0  0  0  0  0  0  0  0  0  0  0  0  0  0  0  0  0  0  0  0  0  0  0  0  0  0  0  0  0  0  0  0  0  0  0  0  0  0  0  0  0  0  0  0  0  0  0  53  0  4  1  1  1  27  941  24  0  173  0  5  0  62  918  0  55632  43  328  24  184  0  98449  19886  71  0  11  84  0  0  109  96335  12619  19743  4871  171854  135  15  16604  0  11515  7460  137  17  0  61799  1656  13594  9  124  3  25  22284  13341  218  53377  59948  13958  40816  4  0  1  1931  86  113  127  185  0  1237  10972  0  31094  0  0  0  0  0  0  5423  1157  59610  836  5706  4  
0  0  0  0  0  0  0  0  0  0  0  0  0  0  0  0  0  0  0  0  0  0  0  0  0  0  0  0  0  0  0  0  0  0  0  0  0  0  0  0  0  0  0  0  0  0  0  0  0  0  0  0  0  0  0  0  0  0  0  0  0  0  0  0  0  0  0  0  0  0  0  0  0  0  0  0  0  15  0  0  0  0  12  3  0  3  0  0  0  2  25  0  0  0  0  0  0  0  0  741  0  0  0  0  0  0  26770  20335  109  17040  0  0  2  0  12738  0  0  5  3  0  0  37657  27  0  0  4  0  1  0  5  0  20  2  0  23  0  0  0  5  1  0  3  2  0  3  0  28371  0  0  0  0  0  0  0  207  6  1232  1593  723  0  
0  0  0  0  0  8  0  0  0  0  0  1  0  0  0  0  24595  15186  0  0  0  0  60289  43  0  0  0  0  0  0  1  279  2  11  46170  32  2  64  0  0  95  0  34808  1  0  0  7  56033  1  0  0  0  0  0  1  6  2  12  18  0  1165  0  1848  0  1  71  0  0  0  19  0  0  4229  71  0  0  0  0  0  0  0  0  0  0  0  0  0  0  0  0  0  0  0  0  0  0  0  0  0  0  0  0  0  0  0  1  0  0  0  0  0  0  0  0  0  0  0  0  0  0  0  0  0  0  0  0  0  0  0  0  0  0  0  0  0  0  0  0  0  0  0  0  0  0  0  0  0  0  0  0  288669  25896  15281  5853  0  0  0  0  0  0  
145  0  0  0  8  64985  150931  1413  112  0  0  0  0  1  1802  33170  0  2  0  0  0  0  0  0  0  0  0  0  150  0  0  0  0  0  0  1  0  0  0  0  0  0  0  0  44  41  7  1  45  0  0  536  13350  280812  0  1  0  0  0  0  0  3  0  17  0  1360  2  544  1075  2  0  0  0  0  0  0  0  0  0  3  76  0  0  0  0  0  0  0  0  6  0  0  0  0  0  0  0  0  0  0  0  0  0  0  0  0  0  0  0  0  0  0  0  0  0  0  0  0  0  0  0  0  0  0  0  0  0  0  0  0  0  0  0  0  0  0  0  0  0  2  0  0  0  0  0  0  0  0  0  0  0  493  5052  287  0  1  0  0  0  0  
0  4  0  1  0  1  0  1  36  13624  0  6  0  0  1  0  1  11  88  1  184  725  71928  0  19  67  1  0  2  33  0  60  24  568  277  2427  129  3766  0  0  1977  0  2376  1869  81  0  0  7389  148  763  18  0  0  1  117  347  50  1514  2015  288  87885  0  7  0  43  2508  27  9  8  8  100  360  18647  252  0  0  0  0  0  0  0  0  0  6  0  0  0  0  0  0  0  0  0  0  0  0  1  0  0  1  0  0  0  0  0  0  0  0  0  0  0  0  0  0  7  0  0  0  0  0  0  0  0  0  0  0  0  0  0  0  0  0  0  0  0  0  0  0  0  364  8  0  0  0  0  0  0  0  136062  0  0  72454  2106  432  0  1  3  293  181  0  
360  1  0  0  7  80  1  458  343  23930  0  6  0  1  231  1  10  569  12  0  0  9  676  1  21  92  2  3  1062  39  1  516  20  2  0  221  0  22  0  0  2549  0  0  62  7435  204  1  4611  160  0  2  56  150  397  110  964  14  148  54  0  32  14  14  44  49  2308  5661  575  1041  12  272  1  216  152  0  0  0  0  0  0  0  2  2  0  0  0  0  0  0  0  0  0  0  0  0  0  16  0  0  0  0  0  0  0  0  14  0  0  0  0  0  0  0  0  8  0  0  0  0  0  0  0  0  0  0  0  0  0  0  1  0  0  0  0  0  0  0  0  0  212  4  0  0  0  0  0  0  0  7785  164  67972  0  11553  45731  1  2103  32  37636  58  0  
8632  0  0  58  167  3109  9  438  209  11  0  391  0  41  1168  18  56798  84062  4  1  0  0  306  4102  24  134  4  0  535  9  2250  6389  20  2  345  245  0  19  1  12  4635  0  5  42  2732  119  28259  57779  43145  0  0  2349  4592  2073  118  957  2  81  24  0  11  701  34926  10932  84  191  1080  2441  1024  4659  465  0  116  221  0  0  0  0  0  0  0  0  0  0  0  0  0  0  0  0  0  0  0  0  0  0  0  0  0  0  0  0  0  0  0  1  0  0  0  0  0  0  0  0  0  0  0  0  0  0  0  0  0  0  0  0  0  0  0  0  0  0  0  0  0  0  0  0  0  3  0  0  0  0  0  0  0  0  12850  1960  556  11790  0  337861  0  11  0  0  0  0  
1349  0  0  1  35  3419  2  55  21  1  0  3  0  6  52  0  3337  9575  0  0  0  0  3123  16  4  13  0  0  85  2  11  8593  1  0  20  23  0  0  0  2  70  0  0  1  401  15  14  614  60  0  0  147  348  67  15  99  0  0  0  0  0  72  28655  483  7  6414  336  144  172  7524  36  0  2  4  0  0  0  0  0  0  0  0  0  0  0  0  0  0  0  0  0  0  0  0  0  0  0  0  0  0  0  0  0  0  0  1  0  0  0  0  0  0  0  0  0  0  0  0  0  0  0  0  0  0  0  0  0  0  0  0  0  0  0  0  0  0  0  0  0  13  0  0  0  0  0  0  0  0  10256  68  517  87756  507801  0  0  176  0  3  2  0  
0  0  0  0  0  0  0  0  0  20  0  0  0  0  0  0  0  0  0  0  0  0  0  0  0  0  0  0  0  0  0  0  0  0  0  0  0  0  0  0  0  0  0  0  0  0  0  0  0  0  0  0  0  0  0  0  0  0  0  0  0  0  0  0  0  0  0  0  0  0  0  0  0  0  0  0  0  0  0  0  0  0  4  0  0  1  0  0  0  0  19207  7260  0  0  6  0  61247  11  0  0  0  0  0  0  9  455  1  2  27466  4  7  51  1  0  40  0  20696  2  3  0  158  44535  11  58  0  1  0  0  0  2  0  0  37  76  86  0  1  0  1  1  0  1  0  0  3  33  8579  31  0  0  0  3  0  0  0  2221  306060  21934  47109  575  
9  0  0  0  0  15  1  0  0  176  0  0  0  0  1  0  0  0  0  0  0  0  0  0  0  0  0  0  0  0  0  11  0  0  0  0  0  0  0  0  0  0  0  0  0  0  0  0  0  0  0  0  0  0  0  0  0  0  0  0  0  0  0  6  0  215  0  0  0  2  0  0  0  0  3307  0  13  0  210  16535  662  447  141  18  0  2  1  0  11  685  0  9  0  1  0  0  10  457  1  10  2  2  874  4  324  13441  0  0  0  6  0  0  9  0  207  0  0  5  3272  199  268  5  526  0  0  38  11  318  11  164  0  12  1  0  0  0  6026  1090  47  23043  605  697  1576  845  86  0  10  0  1  1  1  925  7  55  1963  0  43  5201  168280  32992  
0  0  0  0  0  0  0  0  0  9  0  0  0  0  0  0  0  0  0  0  0  0  1  0  0  0  0  0  0  0  0  1  0  0  0  0  0  0  0  0  0  0  0  0  0  0  0  0  0  0  0  0  0  0  0  0  0  0  0  0  1  0  0  0  0  0  0  0  0  0  0  0  0  0  1  1  0  8  0  3  0  23  634  5732  0  236  0  6  0  69  92  10  6  6  108  823  63905  0  4  278  8  0  2  9  0  3  36  59  514  831  468  673  166  21  9670  0  4080  15174  310  5  0  10825  2228  9565  0  176  4  47  7  167  0  845  981  6493  22402  5  0  1  473  681  51  202  131  0  350  1192  40815  458  0  0  1  29  0  0  130401  418  0  49304  13880  11  
0  0  0  0  0  0  0  0  0  26915  0  0  0  0  0  0  0  0  0  0  0  2  23  0  0  0  0  0  0  0  0  1708  0  0  0  0  0  0  0  0  0  0  0  0  0  0  0  0  0  0  0  0  0  0  0  0  0  0  0  0  1  0  0  0  0  304  0  0  0  3  0  0  0  0  0  0  0  3  0  0  0  3  101  356  0  20  0  2  0  7  31  35  1  0  1  1  139  2  1  69  2  2  12  1  17  668  92  0  21  105  0  0  13  1  9698  0  0  77  120  9  0  2003  253  0  0  10  0  9  0  130  0  310  5  0  15  0  7  0  52  1482  478  22  44  0  14  0  425  1472  4  0  1454  36342  0  42  9630  21286  46100  0  70991  37295  
0  0  0  0  0  0  0  0  0  94  0  0  0  0  0  0  0  0  0  0  0  0  0  0  0  0  0  0  0  0  0  16  0  0  0  0  0  0  0  0  0  0  0  0  0  0  0  0  0  0  0  0  0  0  0  0  0  0  0  0  0  0  0  0  0  4  0  0  0  0  0  0  0  0  6123  0  2  6  177  5866  1806  158  582  105  0  22  0  0  16  2607  36812  37792  2  1  0  0  6712  7721  0  110  7  4  942  5  3206  4125  61  0  54  29  0  0  12  0  10790  0  0  74  4176  47  41532  31082  27862  0  0  638  14  5851  3  473  0  319  6  0  35  0  11280  5292  212  6139  1679  678  1991  24  233  0  580  537  0  0  5  13  0  2  27053  123244  3430  17148  0  127272  
0  0  0  0  0  0  0  0  0  26  0  0  0  0  0  0  0  0  0  0  0  0  1  0  0  0  0  0  0  0  0  0  0  0  0  0  0  0  0  0  0  0  0  0  0  0  0  0  0  0  0  0  0  0  0  0  0  0  0  0  0  0  0  0  0  0  0  0  0  0  0  0  0  0  0  0  0  2  0  1  0  9  24  7  0  1  0  0  0  14  4  129  0  0  0  0  154  0  0  24  0  0  30  0  335  4713  0  0  1  0  0  0  0  0  140  0  0  6  130  3  16  3  66  0  0  0  0  12  0  19  0  1  0  0  0  0  13  0  6  9  37  9  46  0  9  0  0  2  0  0  0  3  0  1  8518  187631  49  68920  439112  0  
