0  0  0  0  35267  649  0  0  0  0  0  0  0  0  24734  11  0  0  0  0  0  0  0  64411  0  0  0  0  0  0  7874  0  0  0  0  0  0  0  0  0  0  0  0  0  0  0  0  0  3  0  0  5  12175  0  0  0  0  0  0  0  0  2414  73  5055  0  66  0  0  0  2059  0  0  0  0  14  0  0  0  1  15  0  0  0  0  0  0  0  0  0  0  0  0  0  0  0  0  0  0  0  0  0  0  0  0  0  0  0  0  0  0  0  0  0  0  0  0  0  0  0  0  0  0  0  0  0  0  0  0  0  0  0  0  0  0  0  0  0  0  0  122  0  0  0  0  0  0  0  0  0  3  0  6  57  0  0  0  0  0  0  0  
0  0  0  0  0  0  0  0  0  0  0  0  0  0  0  0  0  0  30013  0  21207  9570  0  0  0  0  0  0  0  0  0  0  0  0  0  0  51  5  0  0  0  30033  0  3  0  0  0  15  0  16  24575  0  0  0  0  0  17024  1  13901  9929  52  0  0  0  0  0  0  0  0  0  0  14511  124  0  0  0  0  0  0  0  0  0  0  0  0  0  0  0  0  0  0  0  0  0  0  0  0  0  0  0  0  0  0  0  0  0  0  0  0  0  0  0  0  0  0  0  0  0  0  0  0  0  0  0  0  0  0  0  0  0  0  0  0  0  0  0  0  0  0  0  0  0  0  0  0  0  0  0  0  0  1  0  0  0  0  0  0  0  0  0  
0  0  0  0  0  0  0  871  5  0  0  0  0  0  0  32171  0  0  0  0  0  0  0  0  0  0  16178  15950  31167  8013  0  0  0  0  0  0  0  0  0  0  0  0  0  0  18474  27156  0  0  0  0  0  0  0  0  0  0  0  0  0  0  0  0  0  0  0  0  8629  0  1741  0  0  0  0  0  0  0  41  0  0  0  0  1  1  0  0  0  0  0  0  6  0  0  0  0  0  0  0  0  0  0  0  0  0  19  0  0  0  0  0  0  0  0  0  0  0  0  0  0  0  4  0  0  0  0  0  0  0  0  0  0  0  0  0  0  0  0  0  0  0  0  0  0  0  0  0  0  0  0  0  0  0  0  0  0  0  0  0  0  0  0  
0  0  0  0  0  0  0  0  0  0  0  28027  0  0  0  0  53  11  0  0  0  0  0  0  0  42609  0  19909  11998  0  0  0  177  250  4  0  0  0  0  0  162  0  0  0  17254  0  0  0  27948  0  0  0  0  0  0  0  0  0  0  0  0  0  0  0  0  0  712  150  0  0  0  0  0  1  0  0  0  0  0  0  0  0  0  0  0  0  0  0  0  0  0  0  0  0  0  0  0  0  0  0  0  0  0  0  0  0  0  0  0  0  0  0  0  0  0  0  0  0  0  0  0  0  0  0  0  0  0  0  0  0  0  0  0  0  0  0  0  0  0  0  0  0  0  0  0  0  0  0  0  0  0  0  0  0  0  0  0  0  0  0  
41031  0  0  0  0  522  0  0  0  0  0  0  0  0  6730  19303  0  0  0  0  0  0  0  8  0  0  0  0  0  0  11332  0  0  0  0  0  0  0  0  0  0  0  0  0  0  0  0  0  0  0  0  1  15647  0  0  0  0  0  0  0  0  1  0  0  0  88  0  0  0  3799  0  0  0  0  30  0  0  0  8  5  0  0  0  0  0  0  0  0  0  1  0  0  0  0  0  0  0  0  0  0  0  0  0  0  0  0  0  0  0  0  0  0  0  0  0  0  0  0  0  0  0  0  0  0  0  0  0  0  0  0  0  0  0  0  0  0  0  0  0  137  0  0  0  0  0  0  0  0  0  0  0  0  0  0  0  0  0  0  0  0  
2886  0  0  0  2210  0  18993  0  0  0  0  0  0  0  229  57446  0  0  0  0  0  0  0  11  0  0  0  0  0  0  125  7907  0  0  0  0  0  0  0  0  0  0  0  0  0  0  0  0  0  0  0  0  253  401  0  0  0  0  0  0  0  0  68  8  0  35564  0  0  0  44577  0  0  0  0  234  0  0  0  17  2995  17  0  0  0  0  0  0  0  0  10  0  0  0  0  0  0  0  0  0  0  0  0  0  0  6  8  0  0  0  0  0  0  0  0  0  0  0  0  0  0  0  0  0  0  0  0  0  0  0  0  0  0  0  0  0  0  0  0  0  5495  0  0  0  12  0  0  0  0  0  616  0  0  1  0  0  5  0  0  0  0  
0  0  0  0  0  23766  0  19500  0  0  0  0  0  0  0  61644  0  0  0  0  0  0  0  0  0  0  0  0  0  0  0  0  0  0  0  0  0  0  0  0  0  0  0  0  0  0  0  0  0  0  0  0  0  12780  0  0  0  0  0  0  0  0  0  0  0  32738  0  0  0  0  0  0  0  0  0  0  0  0  0  0  50  11  0  0  0  0  0  0  0  7  0  0  0  0  0  0  0  0  0  0  0  0  0  0  0  0  0  0  0  0  0  0  0  0  0  0  0  0  0  0  0  0  0  0  0  0  0  0  0  0  0  0  0  0  0  0  0  0  0  126  0  0  0  0  0  0  0  0  0  3272  0  0  0  0  0  3  0  0  0  0  
0  0  1018  0  0  0  17845  0  18319  0  0  0  0  0  0  36838  0  0  0  0  0  0  0  0  0  0  0  0  2043  11  0  0  0  0  0  0  0  0  0  0  0  0  0  0  475  21839  0  0  0  0  0  0  0  4326  0  0  0  0  0  0  0  0  0  0  0  34286  3  0  2812  0  3  0  0  0  0  0  0  0  0  0  4  114  14  0  0  0  0  0  0  0  0  0  0  0  0  0  0  0  0  0  0  0  0  0  0  0  0  0  0  0  0  0  0  0  0  0  0  0  0  1  0  0  0  0  0  0  0  0  0  0  0  0  0  0  0  0  0  0  0  55  0  0  0  0  2  0  0  0  0  3356  0  1  0  0  0  0  0  0  0  0  
0  0  14  0  0  0  0  18497  0  9687  0  0  0  0  0  2  0  0  0  0  0  0  0  0  0  0  0  0  0  9673  0  0  0  0  0  0  0  0  0  0  0  0  0  2225  0  8365  0  0  0  0  0  0  0  0  0  0  0  0  0  0  0  0  0  0  144  38558  0  0  0  0  34445  0  0  0  0  0  0  0  0  0  0  0  31  4  0  0  0  0  0  0  0  0  0  0  0  0  0  0  0  0  0  0  0  31  0  0  0  0  0  0  0  0  0  0  0  0  0  19  0  0  0  0  0  0  0  0  0  0  0  0  0  0  0  0  0  0  0  0  0  30  0  0  0  0  6  0  0  0  0  0  0  1  0  0  0  0  0  0  0  0  
0  0  0  0  0  0  0  0  12040  0  0  0  0  0  0  0  0  0  5  0  0  282  5752  0  0  0  0  0  0  15832  0  0  0  0  0  0  0  0  0  0  0  0  0  29030  0  0  0  0  0  0  0  0  0  0  0  1  0  522  0  0  0  0  0  0  1345  55371  0  0  0  0  393  0  2  0  0  0  0  0  0  0  0  0  2  998  0  0  0  0  0  0  0  0  0  0  0  0  0  0  0  0  0  0  0  3  0  0  0  0  0  0  0  0  0  0  0  0  0  490  0  0  0  0  0  0  0  0  0  0  0  0  0  0  0  0  0  0  0  0  2  6726  0  0  0  0  0  0  0  0  0  0  13927  98  0  0  0  0  6  0  0  0  
0  0  0  0  0  0  0  0  0  0  0  0  0  0  0  0  0  0  0  74704  0  9589  0  0  0  0  9  0  0  427  0  0  0  0  0  0  0  0  0  0  0  11850  0  56607  0  0  0  0  0  0  0  0  0  0  0  0  0  52  0  0  0  0  0  0  33465  0  0  0  0  0  0  0  0  0  0  0  0  0  0  0  0  0  0  0  1002  0  0  0  0  0  0  0  0  1  0  2084  0  0  0  0  0  0  0  2  0  0  0  0  0  0  0  0  0  0  0  45  0  5  0  0  0  0  0  0  0  0  0  0  0  0  0  0  0  0  0  0  0  0  0  0  0  0  0  0  0  0  0  0  0  0  0  0  0  0  0  0  0  0  0  0  
0  0  0  26880  0  0  0  0  0  0  0  0  4  16727  19  0  2  99  0  0  0  0  0  0  0  0  0  0  4330  0  0  0  46  98  100  0  0  0  0  20346  0  0  0  0  30  0  0  3  36513  0  0  24947  0  0  0  0  0  0  0  0  0  0  0  0  0  0  0  31841  0  0  0  0  0  0  0  0  0  0  0  0  0  0  0  0  0  0  0  0  0  0  0  0  0  0  0  0  0  0  0  0  0  0  0  0  0  0  0  0  0  0  0  0  0  0  0  0  0  0  0  0  0  0  0  0  0  0  0  0  0  0  0  0  0  0  0  0  0  0  0  0  0  0  0  0  0  0  0  0  0  0  0  0  10  0  0  0  0  0  0  0  
0  0  0  0  0  0  0  0  0  0  0  2  0  8712  0  0  0  49  0  0  0  0  0  40207  0  0  0  0  0  0  0  0  0  0  0  0  0  0  23849  1  0  0  0  0  0  0  9235  0  2361  0  0  1  0  0  0  0  0  0  0  0  0  5024  0  2236  0  0  0  0  0  0  0  0  0  0  0  0  0  0  0  0  0  0  0  0  0  0  0  0  0  0  0  0  0  0  0  0  0  0  0  0  0  0  0  0  0  0  0  0  0  0  0  0  0  0  0  0  0  0  0  0  0  0  0  0  0  0  0  0  0  0  0  0  0  0  0  0  0  0  0  0  0  0  0  0  0  0  0  0  0  1  0  0  4  0  0  0  0  0  0  0  
0  0  0  0  0  0  0  0  0  0  0  20777  8365  0  48  0  0  11  0  0  0  0  0  241  0  0  0  0  0  0  0  0  0  0  0  0  0  0  18573  14100  0  0  0  0  0  0  15  0  14542  0  0  40018  2  0  0  0  0  0  0  0  0  14343  0  83  0  0  0  0  0  0  0  0  0  0  0  0  0  0  0  0  0  0  0  0  0  0  0  0  0  0  0  0  0  0  0  0  0  0  0  0  0  0  0  0  0  0  0  0  0  0  0  0  0  0  0  0  0  0  0  0  0  0  0  0  0  0  0  0  0  0  0  0  0  0  0  0  0  0  0  0  0  0  0  0  0  0  0  0  0  2  0  0  0  0  0  0  0  0  0  0  
22188  0  0  0  7080  136  0  0  0  0  0  25  0  68  0  40413  0  0  0  0  0  0  0  8216  0  0  0  0  12007  0  0  0  0  0  0  0  0  0  1  0  0  0  0  0  0  0  2  0  209  0  0  110024  102841  97585  0  0  0  0  0  0  0  12416  0  1  0  1  0  15029  13434  0  0  0  0  0  0  0  0  0  0  0  0  0  0  0  0  0  0  0  0  0  0  0  0  0  0  0  0  0  0  0  0  0  0  0  0  0  0  0  0  0  0  0  0  0  0  0  0  0  0  0  0  0  0  0  0  0  0  0  0  0  0  0  0  0  0  0  0  0  0  0  0  0  0  0  0  0  0  0  0  197  0  0  61  0  0  0  0  0  0  0  
24  0  33188  0  20488  60859  60134  44439  1  0  0  0  0  0  38038  0  0  0  0  0  0  0  0  0  0  0  0  0  14317  0  75  1255  0  0  0  0  0  0  0  0  0  0  0  0  312  1625  0  0  0  0  0  0  1025  114907  0  0  0  0  0  0  0  0  0  0  0  1951  2  0  29763  6418  0  0  0  0  1  0  1  0  3  12  28  16  0  0  0  0  0  0  0  148  0  0  0  0  0  0  0  1  0  0  0  0  0  0  1  1  0  0  0  0  0  0  0  0  0  0  0  0  0  0  0  0  0  0  0  0  0  0  0  0  0  0  0  0  0  0  0  0  0  7  0  0  0  0  0  0  0  0  0  422  0  0  0  0  0  0  0  0  0  0  
0  0  0  67  0  0  0  0  0  0  0  0  0  0  0  0  0  28752  0  0  12  0  6835  228  0  6  0  0  0  0  0  1  34  0  8096  0  0  0  0  0  2376  0  2  0  0  0  84  47565  14510  28  0  0  0  0  0  0  0  0  0  0  22  0  788  52  0  0  0  0  0  0  0  0  1  0  0  0  0  0  0  0  0  0  0  0  0  0  0  0  0  0  0  0  0  0  0  0  0  0  0  0  0  0  0  0  0  0  0  0  0  0  0  0  0  0  0  0  0  0  0  0  0  0  0  0  0  0  0  0  0  0  0  0  0  0  0  0  0  0  0  0  0  0  0  0  0  0  0  0  765  1  102  2  67782  6  0  0  0  0  0  0  
2  0  0  17  0  0  0  0  0  0  0  125  81  15  0  0  30367  0  0  0  0  0  6475  1683  0  0  0  0  0  0  0  2  0  1  43  0  0  0  8  6  0  0  0  0  0  0  29869  6448  39786  0  0  0  0  0  0  0  0  0  0  0  0  0  8267  2660  0  0  0  0  0  0  0  0  0  0  0  0  0  0  0  0  0  0  0  0  0  0  0  0  0  0  0  0  0  0  0  0  0  0  0  0  0  0  0  0  0  0  0  0  0  0  0  0  0  0  0  0  0  0  0  0  0  0  0  0  0  0  0  0  0  0  0  0  0  0  0  0  0  0  0  0  0  0  0  0  0  0  0  0  10  1  0  0  58530  4  0  0  0  0  0  0  
0  27803  0  0  0  0  0  0  0  0  0  0  0  0  0  0  0  0  0  15635  116  0  0  0  27340  0  0  0  0  0  0  0  0  0  0  0  0  0  0  0  30  16726  0  85  0  0  0  6  0  0  229  0  0  0  0  35  65967  55864  24952  77  4  0  0  0  1  1  0  0  0  0  0  76  30316  0  0  0  0  0  0  0  0  0  0  0  2  0  0  0  0  0  0  0  0  0  0  0  0  0  0  0  0  0  0  0  0  0  0  0  0  0  0  0  0  0  0  0  0  5  0  0  0  0  0  0  0  0  0  0  0  0  0  0  0  0  0  0  0  0  1  0  0  0  0  0  0  0  0  0  0  0  2  2  3  0  0  0  0  0  0  0  
0  1  0  0  0  0  0  0  0  0  72268  0  0  0  0  0  0  0  15676  0  0  65  0  0  74  0  13173  0  0  1  0  0  0  0  0  0  0  0  0  0  0  21763  0  2340  0  0  0  2  0  7  15  0  0  0  0  6812  319  45274  0  1  0  0  0  0  24715  0  0  0  0  0  0  0  7  0  0  0  0  0  0  0  0  0  0  0  659  0  0  0  0  0  0  0  0  5  0  11  0  0  0  0  0  0  0  0  0  0  0  0  0  0  0  0  0  0  0  0  0  0  0  0  0  0  0  0  0  0  0  0  0  0  0  0  0  0  0  0  0  0  0  0  0  0  0  0  0  0  0  0  0  0  0  0  0  0  0  0  0  0  0  0  
0  20381  0  0  0  0  0  0  0  0  0  0  0  0  0  0  3  0  138  0  0  195  7516  0  0  0  0  0  0  0  0  0  0  0  49  0  688  2  0  0  0  0  12  0  0  0  0  69  0  30372  8153  0  0  0  0  0  13  0  10  53983  68076  0  0  0  0  0  0  0  0  0  0  15  46  0  0  0  0  0  0  0  0  0  0  0  0  0  0  0  0  0  0  0  0  0  0  0  0  0  0  0  0  0  0  0  0  0  0  0  0  0  0  0  0  0  0  0  0  0  0  0  0  0  0  0  0  0  0  0  0  0  0  0  0  0  0  0  0  0  0  0  0  0  0  0  0  0  0  0  0  0  1462  0  0  0  0  0  0  0  0  0  
0  7600  0  0  0  0  0  0  0  287  9258  0  0  0  0  0  0  0  0  29  111  0  4992  0  0  0  0  0  0  153  0  0  0  0  0  0  0  0  0  0  0  33190  0  80778  0  0  0  2  0  7  20900  0  0  0  0  0  56  12  0  0  75438  0  0  0  163  1  0  0  0  0  0  1  7  0  0  0  0  0  0  0  0  0  0  0  2  0  0  0  0  0  0  0  0  0  0  490  0  0  0  0  0  0  0  0  0  0  0  0  0  0  0  0  0  0  0  0  0  0  0  0  0  0  0  0  0  0  0  0  0  0  0  0  0  0  0  0  0  0  0  0  0  0  0  0  0  0  0  0  0  0  676  5  0  0  0  0  0  0  0  0  
0  0  0  0  0  0  0  0  0  6323  0  0  0  0  0  0  6083  4517  0  0  5988  5285  0  132  0  0  0  0  0  0  0  1  0  0  19312  0  0  0  0  0  0  0  30419  4425  0  0  5  4836  0  22623  0  0  0  0  0  0  0  0  0  0  30813  0  6514  153  0  0  0  0  0  0  0  0  0  0  0  0  0  0  0  0  0  0  0  0  0  0  0  0  0  0  0  0  0  0  0  0  0  0  0  0  0  0  0  0  0  0  0  0  0  0  0  0  0  0  0  0  0  0  0  0  0  0  0  0  0  0  0  0  0  0  0  0  0  0  0  0  0  0  0  0  0  0  0  0  0  0  0  0  18401  0  81978  1093  13093  5  0  0  0  0  0  0  
69622  0  0  0  14  3  0  0  0  0  0  0  42984  374  8210  0  197  1167  0  0  0  0  73  0  0  0  0  0  0  0  12415  133  0  2  0  0  0  0  6060  0  0  0  2  0  0  0  30697  3125  2  0  0  0  0  0  0  0  0  0  0  0  0  24367  54659  107687  0  0  0  0  0  738  0  0  0  0  0  0  0  0  0  0  0  0  0  0  0  0  0  0  0  0  0  0  0  0  0  0  0  0  0  0  0  0  0  0  0  0  0  0  0  0  0  0  0  0  0  0  0  0  0  0  0  0  0  0  0  0  0  0  0  0  0  0  0  0  0  0  0  0  0  0  0  0  0  0  0  0  0  0  3  0  0  2  1221  0  0  0  0  0  0  0  
0  0  0  0  0  0  0  0  0  0  0  0  0  0  0  0  0  0  28078  152  0  0  0  0  0  23728  133  0  0  0  0  0  1  18  0  511  0  6  0  0  33  0  0  15  0  0  0  3  0  0  0  0  0  0  27442  70805  0  9519  0  0  0  0  0  0  0  0  2  0  0  0  0  0  85260  1  0  0  0  0  0  0  0  0  0  0  0  0  0  0  0  0  0  0  0  0  0  0  0  0  0  0  0  0  0  0  0  0  0  0  0  0  0  0  0  0  0  0  0  2  0  0  0  0  0  0  0  0  0  0  0  0  0  0  0  0  0  0  0  0  0  0  0  0  0  0  0  0  0  0  0  0  0  0  1  0  0  0  0  0  0  0  
0  0  0  40582  0  0  0  0  0  0  0  0  0  0  0  0  6  0  0  0  0  0  0  0  23103  0  11  7416  1  0  0  0  232  2087  0  40351  0  76  0  0  33796  0  0  0  176  0  0  2  5634  0  0  0  0  0  22138  11806  0  0  0  0  0  0  0  0  0  0  60742  1  0  0  0  1  3685  48  0  0  0  0  0  0  0  0  0  0  0  0  0  0  0  0  0  0  0  0  0  0  0  0  0  0  0  0  0  0  0  0  0  0  0  0  0  0  0  0  0  0  0  0  0  0  0  0  0  0  0  0  0  0  0  0  0  0  0  0  0  0  0  0  0  0  0  0  0  0  0  0  0  0  0  0  0  0  0  0  0  0  0  0  0  0  
0  0  16127  0  0  0  0  0  0  0  5  0  0  0  0  0  0  0  0  13329  0  0  0  0  143  42  0  51  0  90834  0  0  0  0  0  0  0  0  0  0  0  0  0  0  0  2887  0  0  0  0  0  0  0  0  0  100873  0  3  0  0  0  0  0  0  14763  0  55880  0  0  0  1262  0  0  0  0  0  0  0  0  0  0  0  0  0  0  0  0  0  0  0  0  0  0  0  0  0  0  0  0  0  0  0  0  0  0  0  0  0  0  0  0  0  0  0  0  0  0  0  0  0  0  0  0  0  0  0  0  0  0  0  0  0  0  0  0  0  0  0  0  0  0  0  0  0  0  0  0  0  0  0  0  0  0  0  0  0  0  0  0  0  
0  0  17930  21763  0  0  0  0  0  0  0  0  0  0  0  0  0  0  0  0  0  0  0  0  0  7370  43  0  288  0  0  0  0  0  0  0  0  0  0  0  0  0  0  0  147280  1223  0  0  0  0  0  0  0  0  0  0  0  0  0  0  0  0  0  0  0  0  100561  0  0  0  1  0  0  0  0  0  0  0  0  0  0  0  0  0  0  0  0  0  0  0  0  0  0  0  0  0  0  0  0  0  0  0  0  0  0  0  0  0  0  0  0  0  0  0  0  0  0  0  0  0  0  0  0  0  0  0  0  0  0  0  0  0  0  0  0  0  0  0  0  0  0  0  0  0  0  0  0  0  0  0  0  0  0  0  0  0  0  0  0  0  
0  0  31104  11828  0  0  0  1421  0  0  0  4594  0  0  12163  11425  0  0  0  0  0  0  0  0  0  0  0  375  0  0  0  0  0  0  0  0  0  0  0  0  1  0  0  0  135230  28  0  0  2909  0  0  24  0  92  0  0  0  0  0  0  0  0  0  0  0  6  101  54907  108218  0  0  0  0  0  0  0  0  0  0  0  0  0  0  0  0  0  0  0  0  0  0  0  0  0  0  0  0  0  0  0  0  0  0  0  0  0  0  0  0  0  0  0  0  0  0  0  0  0  0  0  0  0  0  0  0  0  0  0  0  0  0  0  0  0  0  0  0  0  0  0  0  0  0  0  0  0  0  0  0  2  0  0  5  0  0  0  0  0  0  0  
0  0  7533  0  0  0  0  16  9039  13364  511  0  0  0  0  0  0  0  0  2  0  234  0  0  0  0  92410  0  0  0  0  0  0  0  0  0  0  0  0  0  0  0  0  8616  2  46932  0  0  0  0  0  0  0  0  0  29  0  0  0  0  0  0  0  0  41196  360  549  0  0  0  78206  0  0  0  0  0  0  0  0  0  0  0  7  4  32  0  0  0  0  0  0  0  0  0  0  11  0  0  0  0  0  0  0  159  0  0  0  0  0  0  0  0  0  0  0  0  0  8  0  3  0  0  0  0  0  0  0  0  0  0  0  0  0  0  0  0  0  0  0  0  0  0  0  0  44  0  0  0  0  0  0  0  0  0  0  0  0  0  0  0  
7890  0  0  0  11892  104  0  0  0  0  0  0  0  0  0  84  0  0  0  0  0  0  0  10963  0  0  0  0  0  0  0  11678  0  0  0  0  0  0  0  0  0  0  0  0  0  0  0  0  0  0  0  0  0  0  0  0  0  0  0  0  0  0  35161  0  0  0  0  0  0  44259  0  0  0  0  1  0  0  0  3  5  0  0  0  0  0  0  0  0  0  0  0  0  0  0  0  0  0  0  0  0  0  0  0  0  544  57  0  0  0  0  0  0  0  0  0  0  0  0  0  0  0  0  0  0  0  0  0  0  0  0  0  0  0  0  0  0  0  0  0  0  0  0  0  73  0  0  0  0  0  0  0  0  1  0  0  0  0  0  0  0  
0  0  0  0  0  7273  0  0  0  0  0  0  0  0  0  544  0  0  0  0  0  0  0  170  0  0  0  0  0  0  12086  0  0  0  0  0  0  0  0  0  0  0  0  0  0  0  0  0  0  0  0  0  0  0  0  0  0  0  0  0  0  0  34197  1  0  6104  0  0  0  10337  0  0  0  0  0  0  0  0  0  29  0  0  0  0  0  0  0  0  0  0  0  0  0  0  0  0  0  0  0  0  0  0  0  0  55  854  0  0  0  0  0  0  0  0  0  0  0  0  0  0  0  0  0  0  0  0  0  0  0  0  0  0  0  0  0  0  0  0  0  51  0  0  0  3  0  0  0  0  493  0  11  90  10828  3596  0  6  0  4  0  0  
0  0  0  227  0  0  0  0  0  0  0  65  0  0  0  0  34  0  2  0  0  0  0  0  3  132  0  0  0  0  0  0  0  17032  4387  22  0  0  0  0  8536  0  0  11  0  0  0  31672  21  0  0  0  0  0  0  0  0  17  0  0  3  0  0  0  0  0  0  0  0  0  0  0  2315  26758  0  0  0  0  0  0  0  0  0  0  0  0  0  0  0  0  0  0  0  0  0  0  0  0  0  0  0  0  0  0  0  0  0  0  0  0  0  0  0  0  0  0  0  0  0  0  0  0  0  0  0  0  0  0  0  0  0  0  0  0  0  0  0  0  0  0  0  0  0  0  0  0  0  0  0  0  0  1  5  0  0  0  0  0  0  0  
0  0  0  204  0  0  0  0  0  0  0  72  0  0  0  0  0  0  0  0  0  0  1  0  74  2772  0  0  0  0  0  0  17437  0  49078  46496  10  4848  0  0  81  0  23528  0  0  0  0  9762  1  233  0  0  0  0  0  0  0  0  1  0  2  0  0  0  0  0  0  0  0  0  0  3  90023  11354  0  0  0  0  0  0  0  0  0  0  0  0  0  0  0  0  0  0  0  0  0  0  0  0  0  0  0  0  0  0  0  0  0  0  0  0  0  0  0  0  0  0  0  0  0  0  0  0  0  0  0  0  0  0  0  0  0  0  0  0  0  0  0  0  0  0  0  0  0  0  0  0  0  0  0  0  0  0  0  0  0  0  0  0  0  0  
0  0  0  5  0  0  0  0  0  0  0  90  1  0  0  0  6959  54  0  0  41  0  17562  3  0  0  0  0  0  0  0  0  3924  46512  0  0  3  0  0  0  0  0  28347  0  0  0  1  48231  1  595  0  0  0  0  0  0  0  0  0  0  85  0  12  0  0  0  0  0  0  0  0  2  7037  0  0  0  0  0  0  0  0  0  0  0  0  0  0  0  0  0  0  0  0  0  0  0  0  0  0  0  0  0  0  0  0  0  0  0  0  0  0  0  0  0  0  0  0  0  0  0  0  0  0  0  0  0  0  0  0  0  0  0  0  0  0  0  0  0  0  0  0  0  0  0  0  0  0  0  10794  0  87  0  2383  0  0  0  0  0  0  0  
0  0  0  1  0  0  0  0  0  0  0  0  0  0  0  0  0  0  2  0  0  0  0  0  702  38060  0  0  0  0  0  0  25  42549  1  0  0  5  0  0  30281  0  0  0  0  0  0  2  0  0  0  0  0  0  1141  134  1  5  1  0  0  0  0  0  0  0  2175  0  0  0  0  0  10241  17096  0  0  0  0  0  0  0  0  0  0  0  0  0  0  0  0  0  0  0  0  0  0  0  0  0  0  0  0  0  0  0  0  0  0  0  0  0  0  0  0  0  0  0  0  0  0  0  0  0  0  0  0  0  0  0  0  0  0  0  0  0  0  0  0  0  0  0  0  0  0  0  0  0  0  0  0  3  0  1  0  0  0  0  0  0  0  
0  86  0  0  0  0  0  0  0  0  0  0  0  0  0  0  0  0  0  0  548  0  1  0  0  0  0  0  0  0  0  0  0  24  1  0  0  16011  0  0  0  0  24589  0  0  0  0  383  0  38468  0  0  0  0  0  0  0  0  3  36352  1  0  0  0  0  0  0  0  0  0  0  87329  3004  0  0  0  0  0  0  0  0  0  0  0  0  0  0  0  0  0  0  0  0  0  0  0  0  0  0  0  0  0  0  0  0  0  0  0  0  0  0  0  0  0  0  0  0  0  0  0  0  0  0  0  0  0  0  0  0  0  0  0  0  0  0  0  0  0  0  0  0  0  0  0  0  0  0  0  0  0  2  0  0  0  0  0  0  0  0  0  
0  0  0  0  0  0  0  0  0  0  0  0  0  0  0  0  0  0  0  0  1  0  0  0  1  60  0  0  0  0  0  0  0  4416  0  0  16212  0  0  0  0  0  11822  0  0  0  0  2  0  175  2  0  0  0  0  0  0  0  8498  2495  0  0  0  0  0  0  0  0  0  0  0  114913  108354  0  0  0  0  0  0  0  0  0  0  0  0  0  0  0  0  0  0  0  0  0  0  0  0  0  0  0  0  0  0  0  0  0  0  0  0  0  0  0  0  0  0  0  0  0  0  0  0  0  0  0  0  0  0  0  0  0  0  0  0  0  0  0  0  0  0  0  0  0  0  0  0  0  0  0  0  0  0  0  0  0  0  0  0  0  0  0  
0  0  0  0  0  0  0  0  0  0  0  0  24124  19325  2  0  0  15  0  0  0  0  0  4367  0  0  0  0  0  0  0  0  0  0  0  0  0  0  0  0  0  0  0  0  0  0  320  0  11374  0  0  287  0  0  0  0  0  0  0  0  0  971  0  7245  0  0  0  0  0  0  0  0  0  0  0  0  0  0  0  0  0  0  0  0  0  0  0  0  0  0  0  0  0  0  0  0  0  0  0  0  0  0  0  0  0  0  0  0  0  0  0  0  0  0  0  0  0  0  0  0  0  0  0  0  0  0  0  0  0  0  0  0  0  0  0  0  0  0  0  0  0  0  0  0  0  0  0  0  0  4  0  0  5  0  0  0  0  0  0  0  
0  0  0  0  0  0  0  0  0  0  0  24282  0  14838  0  0  0  15  0  0  0  0  0  0  0  0  0  0  0  0  0  0  0  0  0  0  0  0  0  0  0  0  0  0  0  0  0  0  5418  0  0  1662  0  0  0  0  0  0  0  0  0  0  0  0  0  0  0  0  0  0  0  0  0  0  0  0  0  0  0  0  0  0  0  0  0  0  0  0  0  0  0  0  0  0  0  0  0  0  0  0  0  0  0  0  0  0  0  0  0  0  0  0  0  0  0  0  0  0  0  0  0  0  0  0  0  0  0  0  0  0  0  0  0  0  0  0  0  0  0  0  0  0  0  0  0  0  0  0  0  0  0  0  0  0  0  0  0  0  0  0  
0  1  0  193  0  0  0  0  0  0  0  0  0  0  0  0  2199  0  185  0  0  0  0  0  57  35256  0  0  5  0  0  0  8253  105  0  29852  0  0  0  0  0  0  0  170  18  0  0  10239  13338  0  1  0  0  1  233  232  1  603  4  3  3  0  0  0  0  0  1249  9  27  0  0  3  5379  11767  0  0  0  0  0  0  0  0  0  0  0  0  0  0  0  0  0  0  0  0  0  0  0  0  0  0  0  0  0  0  0  0  0  0  0  0  0  0  0  0  0  0  0  3  0  0  0  0  0  0  0  0  0  0  0  0  0  0  0  0  0  0  0  0  1  0  0  0  0  0  0  0  0  0  0  29  18  19  21  0  0  0  0  0  0  0  
0  29297  0  0  0  0  0  0  0  0  12503  0  0  0  0  0  0  0  17517  22759  0  32731  0  0  0  0  0  0  0  0  0  0  0  0  1  0  0  1  0  0  0  0  0  7017  0  0  0  2  0  9  435  0  0  0  0  0  49089  277  0  0  6  0  0  0  0  0  0  0  0  0  0  0  15  0  0  0  0  0  0  0  0  0  0  0  10  0  0  0  0  0  0  0  0  0  0  0  0  0  0  0  0  0  0  0  0  0  0  0  0  0  0  0  0  0  0  0  0  0  0  0  0  0  0  0  0  0  0  0  0  0  0  0  0  0  0  0  0  0  0  0  0  0  0  0  0  0  0  0  0  0  0  0  0  0  0  0  0  0  0  0  
0  0  0  0  0  0  0  0  0  0  0  0  0  0  0  0  0  0  0  0  11  0  31296  0  0  0  0  0  0  0  0  0  0  22286  26020  0  22610  11485  0  0  0  0  0  0  0  0  0  1368  0  15020  0  0  0  0  0  0  0  0  0  0  18  0  0  0  0  0  0  0  0  0  0  759  91  0  0  0  0  0  0  0  0  0  0  0  0  0  0  0  0  0  0  0  0  0  0  0  0  0  0  0  0  0  0  0  0  0  0  0  0  0  0  0  0  0  0  0  0  0  0  0  0  0  0  0  0  0  0  0  0  0  0  0  0  0  0  0  0  0  0  0  0  0  0  0  0  0  0  0  1898  0  26  0  0  0  0  0  0  0  0  0  
0  0  0  0  0  0  0  0  704  26932  49230  0  0  0  0  0  0  0  176  1525  1  78044  4087  0  9  0  0  0  0  8786  0  0  1  0  2  1  0  0  0  0  80  7916  0  0  0  0  0  86  0  158  150  0  0  0  0  1  12  2540  0  18  6179  0  0  0  50573  12685  0  0  0  0  488  0  158  1  0  0  0  0  0  0  0  0  0  1110  0  0  0  0  0  0  0  0  0  0  0  3  0  0  0  0  0  0  0  0  0  0  0  0  0  0  0  0  0  0  0  0  0  5132  0  0  0  0  0  0  0  0  0  0  0  0  0  0  0  0  0  0  0  0  38  4900  0  0  0  0  0  0  0  0  1  0  5468  3  18  0  0  0  0  0  0  0  
0  0  19621  17184  0  0  0  756  0  0  0  39  0  0  0  660  0  0  0  0  0  0  0  0  0  181  0  131366  136456  1  0  0  0  0  0  0  0  0  0  0  11  0  0  0  0  4512  0  0  2043  0  0  0  0  0  0  0  0  0  0  0  0  0  0  0  0  0  60704  1505  22168  0  9  0  0  0  0  0  0  0  0  0  0  0  0  0  0  0  0  0  0  0  0  0  0  0  0  0  0  0  0  0  0  0  0  0  0  0  0  0  0  0  0  0  0  0  0  0  0  0  0  0  0  0  0  0  0  0  0  0  0  0  0  0  0  0  0  0  0  0  0  0  0  0  0  0  0  0  0  0  0  7  0  0  5  0  0  0  0  0  0  0  
0  0  24315  0  0  0  0  21969  7726  0  0  0  0  0  0  1990  0  0  0  0  0  0  0  0  0  0  2866  737  245  42220  0  0  0  0  0  0  0  0  0  0  0  0  0  0  1811  0  0  0  0  0  0  0  0  4  0  2  0  0  0  0  0  0  0  0  33  1886  9047  0  41  0  21682  0  0  0  0  0  0  0  0  0  0  0  3  0  0  0  0  0  0  0  0  0  0  0  0  0  0  0  0  0  0  0  0  1  0  0  0  0  0  0  0  0  0  0  0  0  0  0  0  0  0  0  0  0  0  0  0  0  0  0  0  0  0  0  0  0  0  0  0  0  0  0  0  0  1  0  0  0  0  4  0  0  0  0  0  0  0  0  0  0  
2  0  0  0  0  0  0  0  0  0  0  0  10248  14  2  0  67  25275  0  0  0  0  2  26612  0  0  0  0  0  0  0  0  0  0  0  0  0  0  672  0  0  0  0  0  0  0  0  4639  11663  0  0  1  0  1  0  0  0  0  0  0  0  12  193  13074  0  0  0  0  0  0  0  0  0  0  0  0  0  0  0  0  0  0  0  0  0  0  0  0  0  0  0  0  0  0  0  0  0  0  0  0  0  0  0  0  0  0  0  0  0  0  0  0  0  0  0  0  0  0  0  0  0  0  0  0  0  0  0  0  0  0  0  0  0  0  0  0  0  0  0  0  0  0  0  0  0  0  0  0  0  33  0  1  3270  0  0  0  0  0  0  0  
0  11  0  1  0  0  0  0  0  0  0  4  0  0  0  0  42086  4703  22  1  49  1  5918  3122  4  1  0  0  0  0  0  0  31188  8214  51533  0  117  1  0  0  10236  0  1991  51  1  0  5420  0  377  3235  50  0  0  0  0  2  75  36  37  122  121  0  1647  1136  1  0  0  0  0  0  0  55  12514  891  0  0  0  0  0  0  0  0  0  0  0  0  0  0  0  0  0  0  0  0  0  0  0  0  0  0  0  0  0  0  0  0  0  0  0  0  0  0  0  0  0  0  0  0  0  0  0  0  0  0  0  0  0  0  0  0  0  0  0  0  0  0  0  0  0  0  0  0  0  0  0  0  0  0  2595  1  271  19  46477  13  0  0  0  0  0  0  
1  0  0  28102  0  0  0  0  0  0  0  36249  2402  12955  246  0  14752  36961  0  0  0  0  0  6  0  4169  0  3  2879  0  0  0  19  0  1  0  0  0  10839  4652  12216  0  0  1  1695  0  11197  473  0  0  0  21153  11  3  0  0  0  0  0  0  1  140  13  709  0  0  48  17404  0  0  0  0  0  0  0  0  0  0  0  0  0  0  0  0  0  0  0  0  0  0  0  0  0  0  0  0  0  0  0  0  0  0  0  0  0  0  0  0  0  0  0  0  0  0  0  0  0  0  0  0  0  0  0  0  0  0  0  0  0  0  0  0  0  0  0  0  0  0  0  0  0  0  0  0  0  0  0  0  0  1201  0  0  46891  1  0  0  0  0  0  0  
0  0  0  0  0  0  0  0  0  0  0  0  0  0  0  0  17  0  2  1  31706  3  20049  0  0  0  0  0  0  0  0  0  0  275  538  0  41153  136  0  0  0  1  10470  108  0  0  0  7512  0  0  350  0  0  0  0  0  8  0  1  12255  6291  0  0  0  0  0  0  0  0  0  0  686  6582  0  0  0  0  0  0  0  0  0  0  0  0  0  0  0  0  0  0  0  0  0  0  0  0  0  0  0  0  0  0  0  0  0  0  0  0  0  0  0  0  0  0  0  0  0  0  0  0  0  0  0  0  0  0  0  0  0  0  0  0  0  0  0  0  0  0  0  0  0  0  0  0  0  0  0  6  0  9346  0  1  0  0  0  0  0  0  0  
0  24664  0  0  0  0  0  0  0  0  0  0  0  0  0  0  0  0  330  5  9463  20929  0  0  0  0  0  0  0  0  0  0  0  0  2  0  0  3  0  0  0  221  0  177  0  0  0  46  0  346  0  0  0  0  0  0  2024  4  200  121  19798  0  0  0  1  0  0  0  0  0  0  46  306  0  0  0  0  0  0  0  0  0  0  0  0  0  0  0  0  0  0  0  0  0  0  0  0  0  0  0  0  0  0  0  0  0  0  0  0  0  0  0  0  0  0  0  0  0  0  0  0  0  0  0  0  0  0  0  0  0  0  0  0  0  0  0  0  0  0  0  0  0  0  0  0  0  0  0  0  0  9  0  0  0  0  0  0  0  0  0  
4  0  0  0  0  0  0  0  0  0  0  26688  0  41792  100869  0  0  0  0  0  0  0  0  0  0  0  0  0  49  0  0  0  0  0  0  0  0  0  232  2348  0  0  0  0  7  0  1  0  20016  0  0  0  136  2770  0  0  0  0  0  0  0  12061  0  3  0  0  0  44437  1  0  0  0  0  0  0  0  0  0  0  0  0  0  0  0  0  0  0  0  0  0  0  0  0  0  0  0  0  0  0  0  0  0  0  0  0  0  0  0  0  0  0  0  0  0  0  0  0  0  0  0  0  0  0  0  0  0  0  0  0  0  0  0  0  0  0  0  0  0  0  0  0  0  0  0  0  0  0  0  0  54  0  0  308  0  0  0  0  0  0  0  
12654  0  0  0  17693  252  0  0  0  0  0  0  0  0  102837  1553  0  0  0  0  0  0  0  0  0  0  0  0  0  0  0  0  0  0  0  0  0  0  0  0  0  0  0  0  0  0  0  0  13  0  0  136  0  42704  0  0  0  0  0  0  0  9  0  0  0  7  0  0  0  0  0  0  0  0  0  0  0  0  0  0  0  0  0  0  0  0  0  0  0  0  0  0  0  0  0  0  0  0  0  0  0  0  0  0  0  0  0  0  0  0  0  0  0  0  0  0  0  0  0  0  0  0  0  0  0  0  0  0  0  0  0  0  0  0  0  0  0  0  0  0  0  0  0  0  0  0  0  0  0  11  0  0  0  0  0  0  0  0  0  0  
0  0  0  0  0  410  12992  6007  0  0  0  0  0  0  85576  121021  0  0  0  0  0  0  0  0  0  0  0  0  251  0  0  0  0  0  0  0  0  0  0  0  0  0  0  0  2  1  0  0  1  0  0  1425  41307  0  0  0  0  0  0  0  0  0  0  0  0  3  0  6294  25857  0  0  0  0  0  0  0  0  0  0  0  0  0  0  0  0  0  0  0  0  0  0  0  0  0  0  0  0  0  0  0  0  0  0  0  0  0  0  0  0  0  0  0  0  0  0  0  0  0  0  0  0  0  0  0  0  0  0  0  0  0  0  0  0  0  0  0  0  0  0  0  0  0  0  0  0  0  0  0  0  26095  0  0  0  0  0  0  0  0  0  0  
0  0  0  0  0  0  0  0  0  0  0  0  0  0  0  0  0  0  0  0  0  0  0  0  26573  20855  0  0  0  0  0  0  0  0  0  1274  0  0  0  0  272  0  0  0  0  0  0  0  0  0  0  0  0  0  0  7374  0  0  0  0  0  0  0  0  0  0  2000  0  0  0  0  0  3891  0  0  0  0  0  0  0  0  0  0  0  0  0  0  0  0  0  0  0  0  0  0  0  0  0  0  0  0  0  0  0  0  0  0  0  0  0  0  0  0  0  0  0  0  0  0  0  0  0  0  0  0  0  0  0  0  0  0  0  0  0  0  0  0  0  0  0  0  0  0  0  0  0  0  0  0  0  0  0  0  0  0  0  0  0  0  0  
0  0  0  0  0  0  0  0  0  0  0  0  0  0  0  0  0  0  115  6958  0  0  0  0  65247  12011  94442  0  0  52  0  0  0  0  0  197  0  0  0  0  489  0  0  1  0  3  0  0  0  0  0  0  0  0  5692  0  0  34602  0  0  0  0  0  0  6147  4  46568  0  0  0  37  0  7807  0  0  0  0  0  0  0  0  0  0  0  0  0  0  0  0  0  0  0  0  0  0  0  0  0  0  0  0  0  0  0  0  0  0  0  0  0  0  0  0  0  0  0  0  56  0  0  0  0  0  0  0  0  0  0  0  0  0  0  0  0  0  0  0  0  11  3  0  0  0  0  0  0  0  0  0  0  0  0  0  0  0  0  0  0  0  0  
0  14092  0  0  0  0  0  0  0  0  0  0  0  0  0  0  0  0  66614  278  1  32  0  0  8  0  0  0  0  0  0  0  0  2  3  0  0  8  0  0  4  43651  0  13  0  0  0  135  0  157  1911  0  0  0  0  0  0  4417  295  39  132  0  0  0  1  0  0  0  0  0  0  13  11432  0  0  0  0  0  0  0  0  0  0  0  0  0  0  0  0  0  0  0  0  0  0  0  0  0  0  0  0  0  0  0  0  0  0  0  0  0  0  0  0  0  0  0  0  0  0  0  0  0  0  0  0  0  0  0  0  0  0  0  0  0  0  0  0  0  0  1  0  0  0  0  0  0  0  0  0  0  6  0  1  0  0  0  0  0  0  0  
0  0  0  0  0  0  0  0  0  159  193  0  0  0  0  0  0  0  55487  44173  0  1  0  0  10583  0  4  0  0  0  0  0  1  0  0  0  0  0  0  0  153  269  0  1616  0  0  0  12  0  6  3  0  0  0  0  32197  5650  0  0  1  1  0  0  0  6736  236  0  0  0  0  0  0  416  2  0  0  0  0  0  0  0  0  0  2  0  0  0  0  0  0  0  0  0  0  0  0  0  0  0  0  0  0  0  0  0  0  0  0  0  0  0  0  0  0  0  0  0  455  0  0  0  0  0  0  0  0  0  0  0  0  0  1  0  0  0  0  0  0  54  53  0  0  0  0  0  0  0  0  0  0  13  1  1  0  0  0  0  0  0  0  
0  11999  0  0  0  0  0  0  0  0  0  0  0  0  0  0  0  0  24330  0  9  0  0  0  0  0  0  0  0  0  0  0  0  0  0  0  2  8859  0  0  1  0  0  0  0  0  0  4  0  2  550  0  0  0  0  0  595  0  0  504  9  0  0  0  0  0  0  0  0  0  0  39160  29485  0  0  0  0  0  0  0  0  0  0  0  0  0  0  0  0  0  0  0  0  0  0  0  0  0  0  0  0  0  0  0  0  0  0  0  0  0  0  0  0  0  0  0  0  0  0  0  0  0  0  0  0  0  0  0  0  0  0  0  0  0  0  0  0  0  0  0  0  0  0  0  0  0  0  0  3  0  6  0  0  0  0  0  0  0  0  0  
0  8214  0  0  0  0  0  0  0  0  0  0  0  0  0  0  0  0  89  0  52628  0  0  0  0  0  0  0  0  0  0  0  0  0  3  0  38981  3982  0  0  0  1  0  10  0  0  0  85  0  14726  149  0  0  0  0  0  7  0  950  0  157  0  0  0  0  0  0  0  0  0  0  29665  4767  0  0  0  0  0  0  0  0  0  0  0  0  0  0  0  0  0  0  0  0  0  0  0  0  0  0  0  0  0  0  0  0  0  0  0  0  0  0  0  0  0  0  0  0  0  0  0  0  0  0  0  0  0  0  0  0  0  0  0  0  0  0  0  0  0  0  0  0  0  0  0  0  0  0  0  3  0  1096  0  0  0  0  0  0  0  0  0  
0  35  0  0  0  0  0  0  0  1  0  0  0  0  0  0  4  0  15  0  65673  72398  27623  0  0  0  0  0  0  0  0  0  0  0  34  0  0  4  0  0  2  8  8  8176  0  0  0  187  0  3869  20002  0  0  0  0  0  25  1  21  113  0  0  0  0  0  0  0  0  0  0  0  11  197  0  0  0  0  0  0  0  0  0  0  0  0  0  0  0  0  0  0  0  0  0  0  0  0  0  0  0  0  0  0  0  0  0  0  0  0  0  0  0  0  0  0  0  0  0  0  0  0  0  0  0  0  0  0  0  0  0  0  0  0  0  0  0  0  0  0  0  0  0  0  0  0  0  0  0  11  0  38743  11  11  0  0  0  0  0  0  0  
3107  0  0  0  0  0  0  0  0  0  0  0  6026  16039  11816  0  0  0  0  0  0  0  0  28447  0  0  0  0  0  0  0  0  0  0  0  0  0  0  1098  0  0  0  0  0  0  0  4  0  126  0  0  12957  32  0  0  0  0  0  0  0  0  0  0  9966  0  0  0  0  0  0  0  0  0  0  0  0  0  0  0  0  0  0  0  0  0  0  0  0  0  0  0  0  0  0  0  0  0  0  0  0  0  0  0  0  0  0  0  0  0  0  0  0  0  0  0  0  0  0  0  0  0  0  0  0  0  0  0  0  0  0  0  0  0  0  0  0  0  0  0  0  0  0  0  0  0  0  0  0  0  21  0  2  22  0  0  0  0  0  0  0  
389  0  0  0  0  43  0  0  0  0  0  0  0  0  0  0  750  5771  0  0  0  0  8981  52222  0  0  0  0  0  0  35312  33478  0  0  5  0  0  0  0  0  0  0  0  0  0  0  85  1517  11  0  0  0  0  0  0  0  0  0  0  0  0  0  0  2749  0  0  0  0  0  6785  0  0  0  0  0  0  0  0  0  0  0  0  0  0  0  0  0  0  0  0  0  0  0  0  0  0  0  0  0  0  0  0  0  0  0  0  0  0  0  0  0  0  0  0  0  0  0  0  0  0  0  0  0  0  0  0  0  0  0  0  0  0  0  0  0  0  0  0  0  0  0  0  0  0  0  0  0  0  1345  0  1  2  57337  15048  0  0  0  0  0  0  
11741  0  0  0  1  1  0  0  0  0  0  0  4211  267  13  0  0  250  0  0  0  0  0  102274  0  0  0  0  0  0  0  0  0  0  0  0  0  0  10904  0  0  0  0  0  0  0  6689  33  343  0  0  0  0  0  0  0  0  0  0  0  0  8678  3829  0  0  0  0  0  0  44  0  0  0  0  0  0  0  0  0  0  0  0  0  0  0  0  0  0  0  0  0  0  0  0  0  0  0  0  0  0  0  0  0  0  0  0  0  0  0  0  0  0  0  0  0  0  0  0  0  0  0  0  0  0  0  0  0  0  0  0  0  0  0  0  0  0  0  0  0  0  0  0  0  0  0  0  0  0  0  47  0  142  7984  2  0  0  0  0  0  0  
0  0  0  0  0  0  0  0  142  1626  36271  0  0  0  0  0  0  0  4  22961  0  173  0  0  4  0  15089  0  2  40724  0  0  0  0  0  0  0  0  0  0  0  0  0  64401  4  30  0  2  0  1  2  0  0  0  0  7443  4  8843  0  0  3  0  0  0  0  2203  504  0  0  0  1337  0  6  0  0  0  0  0  0  0  0  0  0  368  0  0  0  0  0  0  0  0  0  0  0  0  0  0  0  0  0  0  0  0  0  0  0  0  0  0  0  0  0  0  0  0  0  5035  0  0  0  0  0  0  0  0  0  0  0  0  1  3  0  0  0  0  0  0  215  2074  0  0  0  0  0  0  0  0  0  0  6  0  0  0  0  0  0  0  0  0  
334  0  0  0  516  40094  42336  37544  34190  49189  0  0  0  0  0  783  0  0  5  0  0  0  0  0  0  0  0  0  0  1156  0  6720  0  0  0  0  0  0  0  0  0  0  0  16141  0  3039  0  0  0  0  0  1  8  0  0  6  0  489  0  1  1  0  0  0  1502  0  4  0  8  17  11772  0  1  0  235  0  0  0  21  1164  9  16  4  1021  0  0  0  0  0  0  0  0  0  0  0  1  0  0  0  0  0  0  0  0  0  13  0  0  0  0  0  0  0  0  0  0  0  2080  0  0  0  0  0  0  0  0  0  0  0  0  0  4  0  0  0  0  0  1  96  15401  0  0  0  0  0  0  2  0  0  12085  1801  13  0  0  0  27  13  0  0  0  
0  0  11939  723  0  0  0  1  0  0  0  0  0  0  0  0  0  0  0  0  0  0  0  0  1  58053  55212  86974  321  482  0  0  0  0  0  2469  0  0  0  0  1529  0  0  0  54840  11183  0  0  37  0  0  0  0  0  1375  35011  0  0  0  0  0  0  0  0  77  6  0  178  6  0  895  0  33  0  0  0  0  0  0  0  0  0  0  0  0  0  0  0  0  0  0  0  0  0  0  0  0  0  0  0  0  0  0  0  0  0  0  0  0  0  0  0  0  0  0  0  0  0  0  0  0  0  0  0  0  0  0  0  0  0  0  0  0  0  0  0  0  0  0  0  0  0  0  0  0  0  0  0  0  1  0  0  1  0  0  0  0  0  0  0  
0  0  0  114  0  0  0  0  0  0  0  35330  0  0  15702  0  0  0  0  0  0  0  0  0  0  1  0  0  60111  0  0  0  0  0  0  0  0  0  0  1  2  0  0  0  1306  0  0  0  16308  0  0  42680  0  9572  0  0  0  0  0  0  0  0  0  0  0  0  58  0  803  0  0  0  0  0  0  0  0  0  0  0  0  0  0  0  0  0  0  0  0  0  0  0  0  0  0  0  0  0  0  0  0  0  0  0  0  0  0  0  0  0  0  0  0  0  0  0  0  0  0  0  0  0  0  0  0  0  0  0  0  0  0  0  0  0  0  0  0  0  0  0  0  0  0  0  0  0  0  0  0  5  0  0  186  0  0  0  0  0  0  0  
0  0  1107  0  0  0  0  3047  0  0  0  0  0  0  15897  26340  0  0  0  0  0  0  0  0  0  0  0  0  109523  0  0  0  0  0  0  0  0  0  0  0  6  0  0  0  23445  17  0  0  0  0  0  0  0  26024  0  0  0  0  0  0  0  0  0  0  0  24  3  966  0  0  0  0  0  0  0  0  0  0  0  0  0  0  0  0  0  0  0  0  0  0  0  0  0  0  0  0  0  0  0  0  0  0  0  0  0  0  0  0  0  0  0  0  0  0  0  0  0  0  0  0  0  0  0  0  0  0  0  0  0  0  0  0  0  0  0  0  0  0  0  0  0  0  0  0  0  0  0  0  0  3660  0  6  1  0  0  0  0  0  0  0  
4481  0  0  0  4026  41915  0  0  0  0  0  0  0  0  0  6182  0  0  0  0  0  0  0  739  0  0  0  0  0  0  42650  11634  0  0  0  0  0  0  0  0  0  0  0  0  0  0  0  0  0  0  0  0  0  0  0  0  0  0  0  0  0  0  7808  24  0  12  0  0  0  0  0  0  0  0  0  0  0  0  0  17  0  0  0  0  0  0  0  0  0  0  0  0  0  0  0  0  0  0  0  0  0  0  0  0  41  29  0  0  0  0  0  0  0  0  0  0  0  0  0  0  0  0  0  0  0  0  0  0  0  0  0  0  0  0  0  0  0  0  0  3  0  0  0  53  0  0  0  0  0  0  0  0  6  1  0  0  0  0  0  0  
0  0  0  0  0  0  0  5  29644  282  0  0  0  0  0  0  0  0  0  0  0  0  0  0  0  0  597  1  3  72871  0  0  0  0  0  0  0  0  0  0  1  0  0  601  7  17636  0  0  0  0  0  0  0  0  0  11  0  2  0  0  0  0  0  0  1475  8245  390  0  0  0  0  0  0  0  0  0  0  0  0  0  0  0  3  0  0  0  0  0  0  0  0  0  0  0  0  0  0  0  0  0  0  0  0  18  0  0  0  0  0  0  0  0  0  0  0  0  0  43  0  0  0  0  0  0  0  0  0  0  0  0  0  0  0  0  0  0  0  0  2  0  0  0  0  0  5  0  0  0  0  0  0  0  0  0  0  0  0  0  0  0  
0  14547  0  0  0  0  0  0  0  0  0  0  0  0  0  0  0  0  96  0  27  0  0  0  0  0  0  0  0  0  0  0  0  26  0  0  90833  122522  0  0  0  0  904  0  0  0  0  116  0  979  90  0  0  0  0  0  22  0  38471  32258  7  0  0  0  0  0  0  0  0  0  0  0  11715  0  0  0  0  0  0  0  0  0  0  0  0  0  0  0  0  0  0  0  0  0  0  0  0  0  0  0  0  0  0  0  0  0  0  0  0  0  0  0  0  0  0  0  0  0  0  0  0  0  0  0  0  0  0  0  0  0  0  0  0  0  0  0  0  0  0  0  0  0  0  0  0  0  0  0  1  0  1  0  0  0  0  0  0  0  0  0  
0  115  0  0  0  0  0  0  0  0  0  0  0  0  0  0  0  0  33028  0  38  0  1  0  85794  4119  0  0  0  0  0  0  3088  95361  7462  13140  2413  114058  0  0  6526  0  126  173  0  0  0  15055  0  5795  306  0  0  0  3573  7471  9937  908  29682  3998  64  0  0  0  5  1  40  0  0  0  0  6298  0  8338  0  0  0  0  0  0  0  0  0  0  0  0  0  0  0  0  0  0  0  0  0  0  0  0  0  0  0  0  0  0  0  0  0  0  0  0  0  0  0  0  0  0  0  5  0  0  0  0  0  0  0  0  0  0  0  0  0  0  0  0  0  0  0  0  0  0  0  0  0  0  0  0  0  0  7  0  113  29  137  1  0  0  0  0  0  0  
0  0  0  2  0  0  0  0  0  0  0  0  0  0  0  0  0  0  4  0  1  0  0  0  3  16  0  0  0  0  0  0  25186  12196  1  17656  0  0  0  0  11632  0  0  6  0  0  0  897  1  0  0  0  0  0  0  0  3  11  1  0  0  0  0  0  0  0  0  0  0  0  0  3  8785  0  0  0  0  0  0  0  0  0  0  0  0  0  0  0  0  0  0  0  0  0  0  0  0  0  0  0  0  0  0  0  0  0  0  0  0  0  0  0  0  0  0  0  0  0  0  0  0  0  0  0  0  0  0  0  0  0  0  0  0  0  0  0  0  0  0  0  0  0  0  0  0  0  0  0  1  0  5  1  5  0  0  0  0  0  0  0  
10  0  0  0  21  23  0  0  0  0  0  0  0  0  0  0  0  0  0  0  0  0  0  0  0  0  0  0  0  0  2  0  0  0  0  0  0  0  0  0  0  0  0  0  0  0  0  0  0  0  0  0  1  0  0  0  0  0  0  0  0  0  0  0  0  20  0  0  0  0  0  0  0  0  0  0  0  0  29390  1403  0  0  0  0  0  0  0  0  7235  7669  0  0  0  0  0  0  0  64280  0  0  0  0  0  0  6505  0  0  0  0  0  0  0  0  0  0  0  0  0  0  0  0  0  0  0  0  0  12070  0  0  0  0  0  0  0  0  27  631  6326  0  884  0  0  0  6885  0  0  0  0  0  0  0  0  0  0  0  94  0  0  15  0  
0  0  0  0  0  0  0  0  0  0  0  0  0  0  0  0  0  0  0  0  0  0  0  0  0  0  0  0  0  0  0  0  0  0  0  0  0  0  0  0  0  0  0  0  0  0  0  0  0  0  0  0  0  0  0  0  0  0  0  0  0  0  0  0  0  0  0  0  0  0  0  0  0  0  0  0  0  0  0  0  0  0  0  0  0  0  0  0  0  0  0  0  35633  0  7716  0  0  0  0  0  0  0  0  0  0  0  0  0  0  0  6502  749  0  0  0  27669  0  0  0  0  0  2  0  9  15764  0  0  0  0  0  4275  0  25023  20172  37  0  0  0  0  0  0  0  0  0  0  817  473  0  0  0  0  0  0  0  0  0  5  0  0  0  
0  0  21  0  0  0  0  0  0  0  0  0  0  0  0  0  0  0  0  0  0  0  0  0  0  0  0  1  0  0  0  0  0  0  0  0  0  0  0  0  0  0  0  0  0  0  0  0  0  0  0  0  0  0  0  0  0  0  0  0  0  0  0  0  0  0  0  0  0  0  0  0  0  0  0  0  0  0  0  0  0  1583  10  0  0  0  0  0  0  29328  0  0  0  0  0  0  0  0  0  0  7430  11319  16706  11537  0  0  0  0  0  0  0  0  0  0  0  0  0  0  21713  22745  0  0  0  0  0  0  0  0  0  0  0  0  0  0  0  0  0  0  0  0  20  0  0  0  7  0  0  0  0  0  0  0  0  0  0  0  0  0  0  0  
0  0  0  0  0  0  0  0  0  0  0  0  0  0  0  0  0  0  0  0  0  0  0  0  0  0  0  0  0  0  0  0  0  0  0  0  0  0  0  0  0  0  0  0  0  0  0  0  0  0  0  0  0  0  0  0  0  0  0  0  0  0  0  0  0  0  0  0  0  0  0  0  0  0  0  0  0  0  0  0  0  0  0  0  0  25265  0  0  0  0  25  9  0  0  0  0  0  0  0  36616  0  13555  18975  0  0  0  67  54  1  29  0  0  0  0  21147  0  0  0  10238  0  0  3  15189  0  0  0  0  0  0  0  0  0  0  0  0  0  0  0  0  0  6091  1923  1  0  0  0  1  36  0  0  0  0  0  0  0  0  0  0  0  0  
1  0  0  0  13  4  0  0  0  0  0  0  0  0  0  2  0  0  0  0  0  0  0  0  0  0  0  0  0  0  5  0  0  0  0  0  0  0  0  0  0  0  0  0  0  0  0  0  0  0  0  0  0  0  0  0  0  0  0  0  0  0  0  0  0  3  0  0  0  2  0  0  0  0  30985  0  0  0  0  897  0  0  0  0  0  0  0  0  7  49386  0  0  0  0  0  0  0  17  0  0  0  0  0  0  1  0  0  0  0  0  0  0  0  0  0  0  0  0  0  0  0  0  0  0  0  0  28922  24  0  0  0  0  0  0  0  0  0  209  0  422  0  0  0  598  0  0  0  0  0  0  0  0  0  0  0  3  0  0  3  0  
271  0  0  0  189  2923  0  0  0  0  0  0  0  0  0  17  0  0  0  0  0  0  0  0  0  0  0  0  0  0  4  31  0  0  0  0  0  0  0  0  0  0  0  0  0  0  0  0  0  0  0  0  0  0  0  0  0  0  0  0  0  0  0  0  0  2289  0  0  0  15  0  0  0  0  4850  0  0  0  2487  0  21288  0  0  0  0  0  0  0  1  75572  0  0  0  0  0  0  0  100  0  0  0  0  0  0  3146  13485  0  0  0  0  0  0  0  0  0  0  0  0  0  0  0  0  0  0  0  0  494  6163  0  0  0  0  0  0  0  1  6769  34  0  66703  0  0  0  26512  0  0  0  0  0  0  0  0  0  0  0  3143  0  0  6  0  
0  0  0  0  0  14  54  8  0  0  0  0  0  0  0  29  0  0  0  0  0  0  0  0  0  0  0  0  0  0  0  0  0  0  0  0  0  0  0  0  0  0  0  0  0  0  0  0  0  0  0  0  0  0  0  0  0  0  0  0  0  0  0  0  0  6  0  0  0  0  0  0  0  0  0  0  0  0  1  22402  0  29592  0  0  0  0  0  0  0  75365  0  0  0  0  0  0  0  0  0  0  0  0  2  0  0  0  0  0  0  0  0  0  0  0  0  0  0  0  0  0  0  0  0  0  0  2  0  5129  0  0  0  0  0  0  0  0  0  0  0  44771  0  0  46  0  0  0  0  0  0  12  0  0  0  0  0  37  0  0  0  0  
0  0  1  0  0  0  10  161  0  0  0  0  0  0  0  26  0  0  0  0  0  0  0  0  0  0  0  0  0  0  0  0  0  0  0  0  0  0  0  0  0  0  0  0  0  0  0  0  0  0  0  0  0  0  0  0  0  0  0  0  0  0  0  0  0  13  0  0  0  0  0  0  0  0  0  0  1060  0  0  0  30602  0  9631  0  0  0  0  0  0  42291  0  0  0  0  0  0  0  0  0  0  0  0  3278  0  0  0  0  0  0  0  0  0  0  0  0  0  0  0  119  22264  0  0  0  0  0  0  0  768  0  0  0  0  0  0  0  0  0  0  0  34251  0  0  393  0  69  0  0  0  0  1  0  0  0  0  0  12  0  0  2  0  
0  0  0  0  0  0  0  14  20  1  0  0  0  0  0  0  0  0  0  0  0  0  0  0  0  0  0  0  0  10  0  0  0  0  0  0  0  0  0  0  0  0  0  0  0  1  0  0  0  0  0  0  0  0  0  0  0  0  0  0  0  0  0  0  0  7  0  0  0  0  1  0  0  0  0  0  6  0  0  0  0  8507  0  8252  0  0  0  0  0  2  0  0  0  0  0  0  0  0  0  0  0  0  0  4977  0  0  0  0  0  0  0  0  0  0  0  0  0  308  0  15766  0  0  0  0  0  0  0  0  0  0  0  0  0  0  0  0  0  0  3111  42540  0  0  0  0  45293  0  0  0  0  0  0  0  0  0  0  0  0  0  0  0  
0  0  0  0  0  0  0  0  1  96  0  0  0  0  0  0  0  0  1  0  0  0  0  0  0  0  0  0  0  6  0  0  0  0  0  0  0  0  0  0  0  0  0  588  0  0  0  0  0  0  0  0  0  0  0  3  0  118  0  0  0  0  0  0  521  87  0  0  0  0  2  0  1  0  0  0  0  0  0  0  0  0  8802  0  14  0  0  0  0  0  0  0  0  0  0  340  4498  0  0  0  0  0  0  7603  0  0  0  0  0  0  0  0  0  0  0  0  0  20473  0  0  0  0  0  0  0  0  0  0  0  0  0  0  0  0  0  0  0  0  7814  28201  0  0  0  0  43  0  0  0  0  0  1  0  0  0  0  0  9041  29  0  0  
0  0  0  0  0  0  0  0  0  0  825  0  0  0  0  0  0  0  1  458  0  1  0  0  0  0  0  0  0  21  0  0  0  0  0  0  0  0  0  0  0  8  0  0  0  0  0  0  0  0  0  0  0  0  0  0  0  0  0  0  0  0  0  0  0  0  0  0  0  0  0  0  0  0  0  0  0  0  0  0  0  0  0  16  0  0  0  0  0  0  0  0  0  53754  0  6658  0  0  0  0  15  0  0  741  0  0  0  0  0  0  0  0  0  0  0  22983  0  73085  0  0  0  0  0  0  8  0  0  0  0  2  0  141  0  0  1  0  0  0  53007  0  0  0  0  0  0  0  0  0  0  0  0  0  0  0  0  0  3  0  0  0  
0  0  0  0  0  0  0  0  0  0  0  0  0  0  0  0  0  0  0  0  0  0  0  0  0  0  0  0  0  0  0  0  0  0  0  0  0  0  0  0  0  0  0  0  0  0  0  0  0  0  0  0  0  0  0  0  0  0  0  0  0  0  0  0  0  0  0  0  0  0  0  0  0  0  0  0  0  24410  0  0  0  0  0  0  0  0  0  16437  0  0  17  112  0  0  0  0  0  0  0  0  0  0  3854  0  0  0  13  9  68  0  0  0  0  13300  0  0  0  0  1  0  0  12  30814  0  0  15379  0  0  0  0  0  0  0  0  0  0  0  0  0  0  0  33416  0  0  0  0  0  0  0  0  0  0  0  0  0  0  0  0  0  0  
0  0  0  0  0  0  0  0  0  0  0  0  0  0  0  0  0  0  0  0  0  0  0  0  0  0  0  0  0  0  0  0  0  0  0  0  0  0  0  0  0  0  0  0  0  0  0  0  0  0  0  0  0  0  0  0  0  0  0  0  0  0  0  0  0  0  0  0  0  0  0  0  0  0  0  0  0  0  0  0  0  0  0  0  0  0  0  10381  9  0  0  0  0  0  0  0  0  25345  0  0  0  0  0  0  0  0  0  0  0  0  0  0  14516  0  0  0  0  0  0  0  1997  0  0  0  0  5  0  0  0  0  0  0  0  0  0  8814  0  4540  0  0  0  0  0  0  0  0  0  0  0  0  0  0  0  0  0  0  0  0  0  0  
0  0  0  0  0  0  0  0  0  0  0  0  0  0  0  0  0  0  0  0  0  0  0  0  0  0  0  0  0  0  0  0  0  0  0  0  0  0  0  0  0  0  0  0  0  0  0  0  0  0  0  0  0  0  0  0  0  0  0  0  0  0  0  0  0  0  0  0  0  0  0  0  0  0  0  0  0  0  0  0  0  0  0  0  0  14160  10407  0  85  0  0  38  0  0  0  0  0  74  0  0  0  0  1  0  0  0  0  2  0  0  0  0  23864  22406  0  0  0  0  0  0  57  0  4687  0  0  47785  2  0  0  0  0  0  0  0  0  6175  0  9  0  0  0  2  0  0  0  0  0  0  0  0  0  0  0  0  0  0  0  0  0  0  
0  0  0  0  0  0  0  0  0  0  0  0  0  0  0  0  0  0  0  0  0  0  0  0  0  0  0  0  0  0  0  0  0  0  0  0  0  0  0  0  0  0  0  0  0  0  0  0  0  0  0  0  0  0  0  0  0  0  0  0  0  0  0  0  0  0  0  0  0  0  0  0  0  0  7824  0  0  0  3  0  0  0  0  0  0  0  11  69  0  33  0  0  0  0  0  0  0  4746  0  0  0  0  16  0  0  0  0  0  0  0  0  0  1  0  0  0  0  0  0  0  1  0  3  0  0  128437  104237  59274  0  0  0  0  0  0  0  17284  0  56  0  0  0  34136  24790  0  0  0  0  0  0  0  0  0  0  0  0  39  0  0  2  0  
1  0  7  0  9  34  14  2  0  0  0  0  0  0  0  153  0  0  0  0  0  0  0  0  0  0  0  0  0  0  3  0  0  0  0  0  0  0  0  0  0  0  0  0  0  0  0  0  0  0  0  0  0  0  0  0  0  0  0  0  0  0  0  0  0  0  0  0  0  0  0  0  0  0  9338  0  29495  0  47174  76867  75888  49765  2  0  0  0  0  0  39  0  0  0  0  0  0  0  0  60  0  0  0  0  12798  0  48  0  0  0  0  0  0  0  0  0  0  0  0  0  52  4055  0  0  0  0  0  1  18776  111838  0  0  0  0  0  0  0  0  4  0  0  41  0  0  20378  22674  0  0  0  0  0  0  0  0  0  0  0  0  0  0  0  0  
0  0  0  0  0  0  0  0  0  0  0  0  0  0  0  0  0  0  0  0  0  0  0  0  0  0  0  0  0  0  0  0  0  0  0  0  0  0  0  0  0  0  0  0  0  0  0  0  0  0  0  0  0  0  0  0  0  0  0  0  0  0  0  0  0  0  0  0  0  0  0  0  0  0  0  0  0  15  0  0  0  0  0  0  0  18  0  0  0  0  0  33342  0  0  0  0  7345  692  0  0  0  0  0  0  0  0  18  0  13081  0  0  0  0  0  7054  0  3  2  0  0  284  32529  9812  305  0  0  0  0  0  0  2  0  0  0  0  0  45  515  0  0  0  0  0  0  0  0  14  1  0  0  0  0  0  0  318  0  57  0  16203  0  
0  0  0  0  0  0  0  0  0  0  0  0  0  0  0  0  0  0  0  0  0  0  0  0  0  0  0  0  0  0  0  0  0  0  0  0  0  0  0  0  0  0  0  0  0  0  0  0  0  0  0  0  0  0  0  0  0  0  0  0  0  0  0  0  0  0  0  0  0  0  0  0  0  0  2  0  0  4  0  0  0  0  0  0  0  174  0  47  1  0  37572  0  0  0  0  0  6431  6468  0  0  0  0  0  0  0  0  0  0  5480  0  0  0  25  56  0  0  0  0  0  0  26378  20  31212  0  0  4  0  0  0  0  0  0  0  0  0  0  118  2421  0  0  0  0  0  0  0  0  0  0  0  0  0  0  0  0  4  1  0  0  8483  0  
0  0  0  0  0  0  0  0  0  0  0  0  0  0  0  0  0  0  0  0  0  0  0  0  0  0  0  0  0  0  0  0  0  0  0  0  0  0  0  0  0  0  0  0  0  0  0  0  0  0  0  0  0  0  0  0  0  0  0  0  0  0  0  0  0  0  0  0  0  0  0  0  0  0  0  34151  0  0  0  0  0  0  0  0  0  0  0  0  0  0  0  0  0  8391  2  0  0  0  20734  0  0  0  0  0  0  0  0  0  0  0  0  1  0  0  18  716  0  2  0  0  0  1  0  1  384  0  0  0  0  607  88565  53515  33164  17  1  0  0  0  1  0  0  0  0  0  1  0  37614  0  0  0  0  0  0  0  0  0  0  1  0  0  
0  0  0  0  0  0  0  0  0  0  1  0  0  0  0  0  0  0  0  6  0  0  0  0  0  0  0  0  0  1  0  0  0  0  0  0  0  0  0  0  0  0  0  0  0  0  0  0  0  0  0  0  0  0  0  0  0  0  0  0  0  0  0  0  0  0  0  0  0  0  0  0  0  0  0  0  0  0  0  0  0  0  0  0  49474  0  0  0  0  0  0  0  7646  0  0  0  0  0  82  0  14902  0  0  25  0  0  0  0  0  0  0  0  0  0  0  24701  0  677  0  0  0  0  0  0  0  0  0  0  0  10697  5592  63855  0  0  0  0  0  0  30025  0  0  0  0  0  0  0  0  0  0  0  0  0  0  0  0  0  0  0  0  0  
0  0  0  0  0  0  0  0  0  0  0  0  0  0  0  0  0  0  0  0  0  0  0  0  0  0  0  0  0  0  0  0  0  0  0  0  0  0  0  0  0  0  0  0  0  0  0  0  0  0  0  0  0  0  0  0  0  0  0  0  0  0  0  0  0  0  0  0  0  0  0  0  0  0  0  7584  0  0  0  0  0  0  0  0  0  0  0  0  0  0  0  0  4  0  0  69  7416  0  0  0  0  0  0  0  0  0  0  0  0  0  253  0  0  0  0  25  0  0  0  0  0  13  0  29515  6593  0  0  0  0  0  0  0  0  29813  70992  0  0  0  0  0  0  0  0  0  0  0  3  0  0  0  0  0  0  0  0  0  1214  0  0  0  
0  0  0  0  0  0  0  0  0  0  2221  0  0  0  0  0  0  0  0  8  0  392  0  0  0  0  0  0  0  10  0  0  0  0  0  0  0  0  0  0  0  0  0  0  0  0  0  0  0  0  0  0  0  0  0  0  0  0  0  0  0  0  0  0  0  0  0  0  0  0  0  0  0  0  0  0  0  0  0  0  0  0  0  351  5677  0  0  0  0  0  0  0  0  1  41  0  8049  0  0  0  0  0  0  81  0  0  0  0  0  0  0  0  0  0  0  48181  0  82238  0  0  0  4  0  1  27431  0  0  0  0  0  1  0  0  0  50857  0  0  0  94  8  0  0  0  0  0  0  0  0  0  0  0  0  0  0  2  0  4053  0  0  0  
0  0  0  0  0  0  0  0  0  0  0  0  0  0  0  0  0  0  0  0  0  0  0  0  0  0  0  0  0  0  0  0  0  0  0  0  0  0  0  0  0  0  0  0  0  0  0  0  0  0  0  0  0  0  0  0  0  0  0  0  0  0  0  0  0  0  0  0  0  0  0  0  0  0  0  0  0  0  0  0  0  0  0  5014  0  0  0  0  0  0  8942  6275  0  0  6720  7093  0  12156  0  0  0  0  0  0  529  9715  0  0  34321  0  32  0  0  0  0  0  34250  5611  0  0  190  262  0  18379  0  0  0  0  0  0  1  0  0  0  29187  0  15025  327  0  0  0  0  0  0  0  0  19  0  0  0  0  0  0  0  34056  1  108037  45  69532  11118  
0  0  0  0  0  0  0  0  0  0  0  0  0  0  0  0  0  0  0  0  0  0  0  0  0  0  0  0  0  0  0  0  0  0  0  0  0  0  0  0  0  0  0  0  0  0  0  0  0  0  0  0  0  0  0  0  0  0  0  0  0  0  0  0  0  0  0  0  0  0  0  0  0  0  69839  0  0  0  17  26  0  0  0  0  0  0  27372  61  4749  38  1014  6443  0  0  0  0  12540  0  0  0  0  0  0  0  8175  17  0  0  34  0  0  0  2634  1  0  0  3  0  0  0  33067  0  5  0  0  0  4  0  0  0  0  0  0  0  0  12381  53432  127921  0  0  0  0  0  136  0  0  0  0  0  0  0  0  0  0  50  64  0  0  6529  41  
0  0  0  0  0  0  0  0  0  0  0  0  0  0  0  0  0  0  0  0  0  0  0  0  0  0  0  0  0  0  0  0  0  0  0  0  0  0  0  0  0  0  0  0  0  0  0  0  0  0  0  0  0  0  0  0  0  0  0  0  0  0  0  0  0  0  0  0  0  0  0  0  0  0  0  0  0  0  0  0  0  0  0  0  0  0  0  0  0  0  0  0  21304  114  0  0  0  0  0  32930  54  0  0  0  0  0  0  4549  0  1107  0  15  0  0  330  0  0  0  1  0  0  0  0  0  0  0  0  0  25706  102398  0  3693  2  0  0  0  0  0  0  0  6  0  0  0  0  0  110759  0  0  0  0  0  0  0  0  0  0  0  0  0  
0  0  0  0  0  0  0  0  0  0  0  0  0  0  0  0  0  0  0  0  0  0  0  0  0  0  0  0  0  0  0  0  0  0  0  0  0  0  0  0  0  0  0  0  0  0  0  0  0  0  0  0  0  0  0  0  0  0  0  0  0  0  0  0  0  0  0  0  0  0  0  0  0  0  0  0  0  39665  0  0  0  0  0  0  0  0  0  0  0  0  0  0  1  0  0  0  0  0  30846  0  0  223  1  0  0  0  5  3443  0  37411  0  0  0  0  22359  0  0  0  7  0  0  0  1  0  0  0  0  0  30464  51  0  0  0  0  0  0  0  0  0  0  47844  3  0  0  0  0  2911  14  0  0  0  0  0  0  0  0  0  0  0  0  
0  0  0  0  0  0  0  0  0  0  0  0  0  0  0  0  0  0  0  0  0  0  0  0  0  0  0  0  0  0  0  0  0  0  0  0  0  0  0  0  0  0  0  0  0  0  0  0  0  0  0  0  0  0  0  0  0  0  0  0  0  0  0  0  0  0  0  0  0  0  0  0  0  0  0  0  7598  0  0  0  0  0  0  0  17  0  0  0  0  0  0  0  0  14870  0  0  0  0  48  0  0  8474  0  106391  0  0  0  0  0  0  0  0  0  0  0  0  0  0  32  2221  0  0  0  0  0  0  0  0  0  99804  0  0  0  0  0  0  0  0  9353  0  47756  0  0  0  55  0  0  0  0  0  0  0  0  0  0  0  0  0  0  0  
0  0  0  0  0  0  0  0  0  0  0  0  0  0  0  0  0  0  0  0  0  0  0  0  0  0  0  0  0  0  0  0  0  0  0  0  0  0  0  0  0  0  0  0  0  0  0  0  0  0  0  0  0  0  0  0  0  0  0  0  0  0  0  0  0  0  0  0  0  0  0  0  0  0  0  0  14207  13253  0  0  0  0  0  0  0  0  0  0  0  0  0  0  0  0  0  0  0  0  0  183  7294  0  348  7  0  0  0  0  0  0  0  0  0  0  2  0  0  0  114392  1872  0  0  0  0  0  0  0  0  1  81  0  0  0  0  0  0  0  0  0  0  85542  0  0  0  19  0  0  0  0  0  0  0  0  0  0  0  0  0  0  0  
0  0  0  0  0  0  0  0  0  0  0  0  0  0  0  0  0  0  0  0  0  0  0  0  0  0  0  0  0  0  0  0  0  0  0  0  0  0  0  0  0  0  0  0  0  0  0  0  0  0  0  0  0  0  0  0  0  0  0  0  0  0  0  0  0  0  0  0  0  0  0  0  0  0  0  0  22195  18808  0  0  1  6177  0  0  0  3723  0  0  12  15849  0  0  0  0  0  0  0  0  0  1  0  310  0  0  0  0  0  0  0  0  0  0  0  0  18  0  0  0  119515  110  0  0  501  0  0  58  0  3  0  0  0  0  0  0  0  0  0  0  0  10  71  49691  69004  0  2  0  0  0  0  0  0  0  0  0  0  0  0  0  0  0  
0  0  12  0  0  0  0  0  14  3  6  0  0  0  0  0  0  0  0  0  0  1  0  0  0  0  0  0  0  175  0  0  0  0  0  0  0  0  0  0  0  0  0  0  0  2  0  0  0  0  0  0  0  0  0  0  0  0  0  0  0  0  0  0  0  0  0  0  0  0  8  0  0  0  0  0  13084  0  0  0  0  0  4450  7251  902  0  0  0  0  0  0  0  0  17  0  92  0  0  0  0  107235  17  0  0  0  0  0  0  0  0  0  0  0  0  0  0  0  13  82  36188  0  0  0  0  0  0  0  0  0  3712  0  0  0  0  0  0  0  0  52583  1  687  0  0  0  76312  0  0  0  0  0  0  0  0  0  0  0  0  0  0  0  
0  0  0  0  0  6  0  0  0  0  0  0  0  0  0  0  0  0  0  0  0  0  0  1  0  0  0  0  0  0  844  79  0  0  0  0  0  0  0  0  0  0  0  0  0  0  0  0  0  0  0  0  0  0  0  0  0  0  0  0  0  0  0  0  0  0  0  0  0  96  0  0  0  0  5242  0  0  0  1  3366  0  0  0  0  0  0  0  0  0  76  0  0  0  0  0  0  1270  6407  0  0  0  0  0  0  0  32260  0  0  0  0  0  0  0  0  0  0  0  0  0  0  0  0  0  0  0  0  0  0  0  0  0  0  0  0  0  0  46356  3  0  0  0  0  0  39043  0  0  0  0  0  0  0  0  0  0  4  0  0  0  2650  2  
0  0  0  0  0  2  0  0  0  0  0  0  0  0  0  0  0  0  0  0  0  0  0  0  0  0  0  0  0  0  63  704  0  0  0  0  0  0  0  0  0  0  0  0  0  0  0  0  0  0  0  0  0  0  0  0  0  0  0  0  0  0  0  0  0  16  0  0  0  30  0  0  0  0  0  0  0  0  0  12523  0  0  0  0  0  0  0  0  0  0  0  0  0  0  0  0  8383  27  0  0  0  0  0  0  25884  0  0  0  0  0  0  0  0  0  0  0  0  0  0  0  0  0  0  0  0  0  0  0  0  0  0  0  0  0  0  0  18710  0  0  4671  0  0  0  2436  0  0  0  0  0  0  0  2  0  3  253  4277  0  146  9262  388  
0  0  0  0  0  0  0  0  0  0  0  0  0  0  0  0  0  0  0  0  0  0  0  0  0  0  0  0  0  0  0  0  0  0  0  0  0  0  0  0  0  0  0  0  0  0  0  0  0  0  0  0  0  0  0  0  0  0  0  0  0  0  0  0  0  0  0  0  0  0  0  0  0  0  0  0  0  59  0  0  0  0  0  0  0  22  0  0  0  0  11  0  1  0  0  0  0  0  0  5  0  0  0  0  0  0  0  14117  6045  257  0  0  0  0  20631  0  0  1  0  0  0  26578  0  0  0  0  0  0  0  0  1  1  0  0  0  0  0  0  0  0  0  0  0  0  0  0  3538  21765  0  0  0  0  0  0  0  0  0  0  1  0  
0  0  0  0  0  0  0  0  0  0  0  0  0  0  0  0  0  0  0  0  0  0  0  0  0  0  0  0  0  0  0  0  0  0  0  0  0  0  0  0  0  0  0  0  0  0  0  0  0  0  0  0  0  0  0  0  0  0  0  0  0  0  0  0  0  0  0  0  0  0  0  0  0  0  0  0  0  36  0  0  0  0  0  0  0  13  0  2  0  0  0  0  0  0  0  0  0  0  4814  3916  0  0  0  0  0  0  15236  0  50059  34414  0  492  0  0  592  0  14005  0  0  0  0  8046  0  0  0  0  0  0  0  0  0  1  0  0  0  0  0  0  0  0  0  0  0  0  0  0  71857  2589  0  0  0  0  0  0  0  0  0  0  0  0  
0  0  0  0  0  0  0  0  0  0  0  0  0  0  0  0  0  0  0  0  0  0  0  0  0  0  0  0  0  0  0  0  0  0  0  0  0  0  0  0  0  0  0  0  0  0  0  0  0  0  0  0  0  0  0  0  0  0  0  0  0  0  0  0  0  0  0  0  0  0  0  0  0  0  0  0  0  1  0  0  0  0  0  0  0  30  0  0  0  0  12415  5200  0  0  0  0  29823  69  0  0  0  0  0  0  0  0  6469  47691  0  0  0  91  0  0  0  0  38424  0  0  0  24  42889  0  4667  0  0  0  0  0  0  0  0  0  0  0  0  9  43  0  0  0  0  0  0  0  3  6092  0  0  0  0  0  0  0  2916  0  75  0  8556  0  
0  0  0  0  0  0  0  0  0  0  0  0  0  0  0  0  0  0  0  0  0  0  0  0  0  0  0  0  0  0  0  0  0  0  0  0  0  0  0  0  0  0  0  0  0  0  0  0  0  0  0  0  0  0  0  0  0  0  0  0  0  0  0  0  0  0  0  0  0  0  0  0  0  0  0  0  0  30  0  0  0  0  0  0  0  0  0  0  0  0  0  0  0  0  0  0  0  0  1054  39067  0  0  1  0  0  0  215  33097  0  0  0  0  0  0  35043  0  0  2  1  0  0  12  1  0  0  0  0  0  99  0  4  0  0  0  0  0  0  0  0  0  2689  0  0  0  0  0  6165  19598  0  0  0  0  0  0  0  0  1  0  3  0  
0  0  0  0  0  0  0  0  0  0  0  0  0  0  0  0  0  0  0  0  0  0  0  0  0  0  0  0  0  0  0  0  0  0  0  0  0  0  0  0  0  0  0  0  0  0  0  0  0  0  0  0  0  0  0  0  0  0  0  0  0  0  0  0  0  0  0  0  0  0  0  0  0  0  0  6474  0  0  0  0  0  0  0  0  0  0  0  0  0  0  0  0  0  0  229  0  18  0  0  0  0  0  0  0  0  0  0  0  0  0  0  12968  0  0  0  0  14748  0  0  0  0  3  0  36009  0  0  0  0  0  0  0  0  5542  41469  1  0  0  0  0  0  0  0  0  0  0  98516  536  0  0  0  0  0  0  0  0  0  0  0  0  0  
0  0  0  0  0  0  0  0  0  0  0  0  0  0  0  0  0  0  0  0  0  0  0  0  0  0  0  0  0  0  0  0  0  0  0  0  0  0  0  0  0  0  0  0  0  0  0  0  0  0  0  0  0  0  0  0  0  0  0  0  0  0  0  0  0  0  0  0  0  0  0  0  0  0  0  266  0  0  0  0  0  0  0  0  0  0  0  0  0  0  0  0  0  0  0  0  0  0  21  0  0  0  0  0  0  0  0  576  46  0  12016  0  0  0  0  1  13587  0  0  0  0  691  0  640  6  0  0  0  0  0  2  0  19482  462  0  0  0  0  0  0  0  0  0  0  0  103678  121598  0  0  0  0  0  0  0  0  0  2  0  0  0  
0  0  0  0  0  0  0  0  0  0  0  0  0  0  0  0  0  0  0  0  0  0  0  0  0  0  0  0  0  0  0  0  0  0  0  0  0  0  0  0  0  0  0  0  0  0  0  0  0  0  0  0  0  0  0  0  0  0  0  0  0  0  0  0  0  0  0  0  0  0  0  0  0  0  0  0  0  0  0  0  0  0  0  0  0  0  16168  26261  6  0  0  26  0  0  0  0  0  2539  0  0  0  0  0  0  0  0  0  0  0  0  0  0  0  149  0  0  0  0  0  0  14725  0  10080  0  0  1752  1  0  0  0  0  0  0  0  0  1767  0  5926  0  0  0  0  0  0  0  0  0  0  0  0  0  0  0  0  0  0  0  0  0  0  
0  0  0  0  0  0  0  0  0  0  0  0  0  0  0  0  0  0  0  0  0  0  0  0  0  0  0  0  0  0  0  0  0  0  0  0  0  0  0  0  0  0  0  0  0  0  0  0  0  0  0  0  0  0  0  0  0  0  0  0  0  0  0  0  0  0  0  0  0  0  0  0  0  0  0  0  0  0  0  0  0  0  0  0  0  12381  0  23828  0  0  0  75  0  0  0  0  0  0  0  0  0  0  0  0  0  0  0  0  0  0  0  0  137  0  0  0  0  0  0  0  3  0  9166  0  0  3051  0  0  0  0  0  0  0  0  0  0  0  0  0  0  0  1  0  0  0  0  0  0  0  0  0  0  0  0  0  0  0  0  0  0  
0  0  0  0  0  0  0  0  0  0  0  0  0  0  0  0  0  0  0  0  0  0  0  0  0  0  0  0  0  0  0  0  0  0  0  0  0  0  0  0  0  0  0  0  0  0  0  0  0  0  0  0  0  0  0  0  0  0  0  0  0  0  0  0  0  0  0  0  0  0  0  0  0  0  0  0  0  19284  0  0  0  0  0  0  0  0  0  0  0  0  7822  0  20  0  0  0  0  0  258  23131  0  7  80  0  0  0  17606  412  0  36723  0  0  0  0  0  0  0  137  184  0  0  17902  17298  0  1  2  0  1  40  0  23  100  12  0  2  0  0  0  2  0  1191  437  1  0  0  0  3910  6430  0  0  0  0  0  0  0  0  19  11  162  0  
0  0  0  0  0  0  0  0  0  0  123  0  0  0  0  0  0  0  0  0  0  0  0  0  0  0  0  0  0  0  0  0  0  0  0  0  0  0  0  0  0  2  0  0  0  0  0  0  0  0  0  0  0  0  0  0  0  0  0  0  0  0  0  0  0  0  0  0  0  0  0  0  0  0  0  27566  0  0  0  0  0  0  0  0  22522  0  0  0  0  0  0  0  846  24464  26  46044  0  0  0  0  0  0  0  0  0  0  0  0  0  0  0  0  0  0  0  0  0  23808  0  0  0  0  0  0  40174  0  0  0  0  0  33200  50  1  1  94  0  0  0  14  0  0  0  0  0  0  0  7  0  0  0  0  0  0  0  0  0  4  0  0  0  
0  0  0  0  0  0  0  0  0  0  0  0  0  0  0  0  0  0  0  0  0  0  0  0  0  0  0  0  0  0  0  0  0  0  0  0  0  0  0  0  0  0  0  0  0  0  0  0  0  0  0  0  0  0  0  0  0  0  0  0  0  0  0  0  0  0  0  0  0  0  0  0  0  0  0  0  0  0  0  0  0  0  0  0  0  0  0  0  0  0  0  0  0  0  0  0  29831  1  0  0  0  0  0  0  0  0  0  13967  37465  0  14738  15137  0  0  0  0  0  0  0  0  0  4853  0  18241  0  0  0  0  0  0  0  0  0  0  1  0  0  0  0  0  0  0  0  0  0  9019  3354  0  0  0  0  0  0  0  257  0  25  0  0  0  
0  0  0  0  0  0  0  0  0  8  4  0  0  0  0  0  0  0  9  0  0  0  0  0  1  0  0  0  0  0  0  0  0  0  0  0  0  0  0  0  1  0  0  1265  0  0  0  0  0  0  0  0  0  0  0  16  0  429  0  0  0  0  0  0  1582  70  0  0  0  0  2  0  2  0  0  0  0  0  0  0  0  0  224  18618  77110  0  0  0  0  0  0  0  12  659  0  79301  5010  0  0  0  0  0  0  2  0  0  0  0  0  1  0  0  0  0  187  23424  0  0  0  0  0  20  0  0  144  0  0  0  0  0  34  291  0  1  8890  0  0  0  47183  5622  0  0  0  0  200  0  24  1  0  0  2  10  0  0  2  0  12014  2  34  0  
0  0  0  0  0  0  0  0  0  0  0  0  0  0  0  0  0  0  0  0  0  0  0  0  0  0  0  0  0  0  0  0  0  0  0  0  0  0  0  0  0  0  0  0  0  0  0  0  0  0  0  0  0  0  0  0  0  0  0  0  0  0  0  0  0  0  0  0  0  0  0  0  0  0  0  0  23675  11010  0  0  0  149  0  0  0  0  0  0  0  34  0  0  0  0  0  0  0  0  0  14  16  117386  114808  53  0  0  0  0  0  1  0  0  0  0  290  0  0  0  0  3982  0  0  4  0  0  1  0  1  2  2  0  0  0  0  0  0  0  0  51  3  72600  257  34550  0  695  0  7  0  0  0  0  0  0  0  0  0  0  0  0  0  
0  0  6  0  0  0  0  0  0  0  0  0  0  0  0  1  0  0  0  0  0  0  0  0  0  0  0  0  0  2  0  0  0  0  0  0  0  0  0  0  0  0  0  0  0  0  0  0  0  0  0  0  0  0  0  0  0  0  0  0  0  0  0  0  0  0  0  0  0  0  0  0  0  0  0  0  20365  0  0  0  0  21305  13032  0  0  0  0  0  0  3823  0  0  0  0  0  0  0  0  0  0  2347  1949  214  37449  0  0  0  0  0  0  0  0  0  0  0  0  0  0  4749  0  0  0  0  0  0  0  0  0  0  8  0  0  0  0  0  0  0  0  3  2578  72  0  17  0  21123  0  0  0  0  0  0  0  0  0  0  1  0  0  0  0  
0  0  0  0  0  0  0  0  0  0  0  0  0  0  0  0  0  0  0  0  0  0  0  0  0  0  0  0  0  0  0  0  0  0  0  0  0  0  0  0  0  0  0  0  0  0  0  0  0  0  0  0  0  0  0  0  0  0  0  0  0  0  0  0  0  0  0  0  0  0  0  0  0  0  0  0  0  0  0  0  0  0  0  0  0  0  2193  34  1  0  280  24633  0  0  0  0  211  32981  0  0  0  0  0  0  1  0  0  0  9  0  0  0  15552  4  0  0  0  0  0  0  0  0  8647  0  0  41  0  0  0  0  0  0  0  0  0  19  239  8875  0  0  0  0  0  1  0  0  0  0  0  0  0  0  0  0  0  4  0  0  390  0  
0  0  0  0  0  0  0  0  0  0  0  0  0  0  0  0  0  0  0  0  0  0  0  0  0  0  0  0  0  0  0  0  0  0  0  0  0  0  0  0  0  0  0  0  0  0  0  0  0  0  0  0  0  0  0  0  0  0  0  0  0  0  0  0  0  0  0  0  0  0  0  0  0  0  0  1  0  0  0  0  0  0  0  0  0  8  0  0  0  0  32508  38  5  0  2  0  341  0  0  0  0  0  0  0  0  0  22928  7769  41495  18  1  487  0  0  18506  5  2643  21  0  0  0  0  404  1206  25  0  0  0  0  0  91  10  4  51  13  0  0  0  2  0  0  0  0  0  0  7  28038  344  0  0  0  0  0  0  549  0  376  2  4427  0  
0  0  0  0  0  0  0  0  0  0  0  0  0  0  0  0  0  0  0  0  0  0  0  0  0  0  0  0  0  0  0  0  0  0  0  0  0  0  0  0  0  0  0  0  0  0  0  0  0  0  0  0  0  0  0  0  0  0  0  0  0  0  0  0  0  0  0  0  0  0  0  0  0  0  0  0  0  14389  0  0  0  0  0  0  0  31379  0  4002  6  0  8638  29278  0  0  0  0  0  3  0  16  0  0  1325  0  0  0  0  0  0  6  0  0  9331  9134  14696  0  0  0  14  0  7674  242  0  0  0  14940  1  0  5  0  0  0  0  0  0  8  1  610  0  0  4  13360  0  0  0  0  12  0  0  0  0  0  0  0  0  5  4  2  10712  0  
0  0  0  0  0  0  0  0  0  0  0  0  0  0  0  0  0  0  0  0  0  0  0  0  0  0  0  0  0  0  0  0  0  0  0  0  0  0  0  0  0  0  0  0  0  0  0  0  0  0  0  0  0  0  0  0  0  0  0  0  0  0  0  0  0  0  0  0  0  0  0  0  0  0  0  21  0  0  0  0  0  0  0  0  0  0  0  0  0  0  34  0  12  0  27617  2  17104  0  0  0  0  0  0  0  0  0  0  0  4234  0  34553  511  0  0  0  0  15810  0  0  0  0  1455  0  0  273  0  0  0  0  0  0  0  0  20121  2489  0  0  0  0  0  0  0  0  0  0  5772  1817  0  0  0  0  0  0  0  100  0  2503  0  1  0  
0  0  0  0  0  0  0  0  0  0  0  0  0  0  0  0  0  0  0  0  0  0  0  0  0  0  0  0  0  0  0  0  0  0  0  0  0  0  0  0  0  0  0  0  0  0  0  0  0  0  0  0  0  0  0  0  0  0  0  0  0  0  0  0  0  0  0  0  0  0  0  0  0  0  0  17322  0  0  0  0  0  0  0  0  0  0  0  0  0  0  0  0  301  0  5572  26720  0  0  0  0  0  0  0  0  0  0  0  0  0  0  0  1  0  0  0  44749  0  486  0  0  0  28  0  65  0  0  0  0  0  0  108  3  49  452  28125  0  0  0  0  0  0  0  0  0  0  0  410  0  0  0  0  0  0  0  3  0  130  0  0  0  
0  0  0  0  0  0  0  0  0  0  0  0  0  0  0  0  0  0  0  0  0  0  0  0  0  0  0  0  0  0  0  0  0  0  0  0  0  0  0  0  0  0  0  0  0  0  0  0  0  0  0  0  0  0  0  0  0  0  0  0  0  0  0  0  0  0  0  0  0  0  0  0  0  0  0  0  0  1  0  0  0  0  0  0  0  11938  8  44788  122675  0  0  0  0  0  0  0  0  0  0  0  0  0  32  0  0  0  0  0  0  0  0  0  1601  2048  0  0  0  0  2  0  51  0  15038  0  0  0  3345  18905  0  0  0  0  0  0  0  16441  0  25  0  0  1  33590  69  0  0  0  0  0  0  0  0  0  0  0  0  5  0  0  50  0  
0  0  0  0  0  0  0  0  0  0  0  0  0  0  0  0  0  0  0  0  0  0  0  0  0  0  0  0  0  0  0  0  0  0  0  0  0  0  0  0  0  0  0  0  0  0  0  0  0  0  0  0  0  0  0  0  0  0  0  0  0  0  0  0  0  0  0  0  0  0  0  0  0  0  12672  0  0  0  29385  1054  0  0  0  0  0  0  0  0  104635  19247  0  0  0  0  0  0  0  6  0  0  0  0  0  0  0  0  0  0  0  0  0  0  1  0  0  0  0  0  0  0  0  0  1  0  0  3434  0  29520  0  0  0  0  0  0  0  0  0  4  0  10  0  0  0  0  0  0  0  0  0  0  0  0  0  0  0  2  0  0  0  0  
0  0  0  0  0  0  0  0  0  0  0  0  0  0  0  0  0  0  0  0  0  0  0  0  0  0  0  0  0  0  0  0  0  0  0  0  0  0  0  0  0  0  0  0  0  0  0  0  0  0  0  0  0  0  0  0  0  0  0  0  0  0  0  0  0  0  0  0  0  0  0  0  0  0  0  0  0  0  13  4312  5097  662  0  0  0  0  0  0  54974  116485  0  0  0  0  0  0  0  0  0  0  0  0  12  0  0  0  0  0  0  0  0  0  0  0  0  0  0  0  2  1  0  0  0  0  0  19957  26551  0  0  0  0  0  0  0  0  0  0  0  0  11  0  11233  27404  0  0  0  0  0  0  0  0  0  0  0  0  33  0  3  12  0  
0  0  0  0  0  0  0  0  0  0  0  0  0  0  0  0  0  0  0  0  0  0  0  0  0  0  0  0  0  0  0  0  0  0  0  0  0  0  0  0  0  0  0  0  0  0  0  0  0  0  0  0  0  0  0  0  0  0  0  0  0  0  0  0  0  0  0  0  0  0  0  0  0  0  0  0  0  0  0  0  0  0  0  0  0  0  0  0  0  0  0  0  0  0  0  0  0  0  24582  29513  0  0  0  0  0  0  0  0  0  183  0  0  0  0  122  0  0  0  1  0  0  0  1  0  0  0  0  0  0  11923  0  0  0  0  0  0  0  0  0  0  9900  1  0  0  0  0  4240  0  0  0  0  0  0  0  0  0  0  0  0  0  
0  0  0  0  0  0  0  0  0  0  0  0  0  0  0  0  0  0  0  0  0  0  0  0  0  0  0  0  0  0  0  0  0  0  0  0  0  0  0  0  0  0  0  0  0  0  0  0  0  0  0  0  0  0  0  0  0  0  0  0  0  0  0  0  0  0  0  0  0  0  0  0  0  0  0  0  0  0  0  0  0  0  0  0  2  0  0  0  0  0  0  0  522  9338  0  0  0  0  97824  58  92973  74  0  4307  0  0  0  0  0  0  0  0  0  0  0  0  0  0  5  2  0  0  0  0  0  0  0  0  11546  0  0  27284  0  0  0  0  0  0  17317  1  53983  0  0  0  105  0  14324  0  0  0  0  0  0  0  0  0  0  0  0  0  
0  0  0  0  0  0  0  0  0  0  0  0  0  0  0  0  0  0  0  0  0  0  0  0  0  0  0  0  0  0  0  0  0  0  0  0  0  0  0  0  0  0  0  0  0  0  0  0  0  0  0  0  0  0  0  0  0  0  0  0  0  0  0  0  0  0  0  0  0  0  0  0  0  0  0  3979  0  0  0  0  0  0  0  0  2  0  0  0  0  0  0  0  95088  6097  0  4  0  0  0  0  0  0  0  0  0  0  1  0  0  0  0  0  0  0  20  32686  0  7  0  0  0  3  0  1  151  0  0  0  0  0  0  8904  2119  0  6  0  0  0  46  1  0  0  0  0  0  0  3618  0  0  0  0  0  0  0  2  0  157  1  7  0  
0  0  0  0  0  0  0  0  0  0  0  0  0  0  0  0  0  0  0  0  0  0  0  0  0  0  0  0  0  0  0  0  0  0  0  0  0  0  0  0  0  0  0  0  0  0  0  0  0  0  0  0  0  0  0  0  0  0  0  0  0  0  0  0  0  2  0  0  0  0  0  0  0  0  0  0  0  0  0  0  0  0  0  0  237  0  0  0  0  0  0  0  55764  63012  0  0  0  0  3682  0  1  0  0  0  0  0  0  0  0  0  0  0  0  0  49  76  0  77  0  0  0  4  0  0  1  0  0  0  0  28303  7837  0  46  0  0  0  0  0  8854  2  0  0  0  0  0  0  36  0  0  0  0  0  0  0  0  0  5  0  2  0  
0  0  0  0  0  0  0  0  0  0  0  0  0  0  0  0  0  0  0  0  0  0  0  0  0  0  0  0  0  0  0  0  0  0  0  0  0  0  0  0  0  0  0  0  0  0  0  0  0  0  0  0  0  0  0  0  0  0  0  0  0  0  0  0  0  0  0  0  0  0  0  0  0  0  0  20995  0  0  0  0  0  0  0  0  0  0  0  0  0  0  0  0  34519  0  0  0  0  0  0  0  0  0  0  0  0  0  0  0  0  0  5785  20276  0  0  36  8  0  0  0  0  0  0  0  2  142  0  0  0  0  0  2782  54  0  265  3  0  0  0  0  0  0  0  0  0  0  179  34270  0  0  0  0  0  0  0  0  0  1  0  0  0  
0  0  0  0  0  0  0  0  0  0  0  0  0  0  0  0  0  0  0  0  0  0  0  0  0  0  0  0  0  0  0  0  0  0  0  0  0  0  0  0  0  0  0  0  0  0  0  0  0  0  0  0  0  0  0  0  0  0  0  0  0  0  0  0  0  0  0  0  0  0  0  0  0  0  0  20193  0  0  0  0  0  0  0  0  0  0  0  0  0  0  0  0  53  0  31618  1  0  0  0  0  0  0  0  0  0  0  0  0  0  0  39513  524  0  0  0  2  0  0  0  0  0  192  0  15700  1550  0  0  0  0  0  3  0  333  0  1895  0  0  0  0  0  0  0  0  0  0  3073  2030  0  0  0  0  0  0  0  1  0  394  0  0  0  
0  0  0  0  0  0  0  0  0  0  0  0  0  0  0  0  0  0  0  0  0  0  0  0  0  0  0  0  0  0  0  0  0  0  0  0  0  0  0  0  0  0  0  0  0  0  0  0  0  0  0  0  0  0  0  0  0  0  0  0  0  0  0  0  0  0  0  0  0  0  0  0  0  0  0  22  0  0  0  0  0  0  0  0  0  0  0  0  0  0  0  0  26  0  68046  57197  31784  0  0  0  0  0  0  0  0  0  0  0  0  0  0  1  0  0  1  16  1  7392  0  0  0  68  0  2611  25911  0  0  0  0  0  1  0  4  1240  0  0  0  0  0  0  0  0  0  0  0  0  105  0  0  0  0  0  0  0  11  0  51761  2  5  0  
0  0  0  0  0  0  0  0  0  0  0  0  0  0  0  0  0  0  0  0  0  0  0  0  0  0  0  0  0  0  0  0  0  0  0  0  0  0  0  0  0  0  0  0  0  0  0  0  0  0  0  0  0  0  0  0  0  0  0  0  0  0  0  0  0  0  0  0  0  0  0  0  0  0  16  0  0  0  0  0  0  0  0  0  0  0  8573  6435  17559  0  0  0  0  0  0  0  0  13218  0  0  0  0  0  0  0  0  0  0  0  0  0  0  1839  0  0  0  0  0  0  0  20  0  33  0  0  16113  7  0  0  0  0  0  0  0  0  0  0  5549  0  0  0  0  0  0  0  0  0  0  0  0  0  0  0  0  0  23  0  0  0  0  
0  0  0  0  0  0  0  0  0  0  0  0  0  0  0  0  0  0  0  0  0  0  0  0  0  0  0  0  0  0  0  0  0  0  0  0  0  0  0  0  0  0  0  0  0  0  0  0  0  0  0  0  0  0  0  0  0  0  0  0  0  0  0  0  0  0  0  0  0  0  0  0  0  0  960  0  0  0  0  5221  0  0  0  0  0  0  0  0  0  1  4  21  0  0  0  0  17055  54234  0  0  0  0  0  0  42961  19389  0  0  0  0  0  0  0  0  0  0  0  0  0  0  96  0  0  0  0  0  0  0  0  0  0  0  0  0  0  0  0  2749  0  4  0  0  0  3244  0  0  0  0  0  0  0  0  0  0  832  478  0  0  34417  78  
0  0  0  0  0  0  0  0  0  0  0  0  0  0  0  0  0  0  0  0  0  0  0  0  0  0  0  0  0  0  0  0  0  0  0  0  0  0  0  0  0  0  0  0  0  0  0  0  0  0  0  0  0  0  0  0  0  0  0  0  0  0  0  0  0  0  0  0  0  0  0  0  0  0  6359  0  0  0  212  23  0  0  0  0  0  0  4928  5  12  2  49  349  0  0  0  0  163  118974  0  0  0  0  0  0  6  0  0  0  2  0  0  0  5491  0  0  0  0  0  0  0  6038  0  209  0  0  13  4  0  0  0  0  0  0  0  0  4548  5850  0  0  11  0  0  0  22  0  0  0  0  0  0  0  0  0  0  0  4776  0  5  3339  0  
0  0  0  0  0  0  0  0  1  0  0  0  0  0  0  0  0  0  3  0  0  0  0  0  0  0  0  0  0  0  0  0  0  0  0  0  0  0  0  0  1  0  0  2  0  0  0  0  0  0  0  0  0  0  0  0  0  11  0  0  0  0  0  0  3  40  1  0  0  0  0  0  0  0  0  0  0  0  0  0  0  0  2448  7828  46661  0  0  0  0  0  0  0  15  28209  0  62  0  0  0  0  5837  0  1  53008  0  0  0  0  0  0  0  0  0  0  5  27  0  44552  44  2  0  3  0  0  0  0  0  0  0  15933  48  12270  0  0  1  0  0  0  0  1049  321  0  3  0  2879  0  3  0  0  0  0  3  0  0  1  0  57  0  2  0  
1285  0  0  0  1435  4101  71  72  17  1029  0  0  0  0  0  2  0  0  10  1  0  0  0  0  1  0  0  0  0  1  0  35  0  0  0  0  0  0  0  0  0  0  0  2993  0  0  0  1  0  0  0  0  1  0  0  14  2  1263  0  0  0  0  0  0  2196  7280  0  0  0  5  5  0  2  0  2292  0  0  0  921  56302  48538  36311  39991  32876  0  0  0  0  1  17  0  0  0  0  0  2  0  1  0  0  0  0  1  1  0  4974  0  0  0  0  0  0  0  0  1  1  0  15772  1  4385  0  0  0  0  0  0  6  6  0  1  0  5  0  0  0  0  0  17  815  0  2  0  3  12  8022  0  4  0  0  1644  29  25  0  0  0  3906  1112  3  1  0  
0  0  0  0  0  0  0  0  0  0  0  0  0  0  0  0  0  0  0  0  0  0  0  0  0  0  0  0  0  0  0  0  0  0  0  0  0  0  0  0  0  0  0  0  0  0  0  0  0  0  0  0  0  0  0  0  0  0  0  0  0  0  0  0  0  0  0  0  0  0  0  0  0  0  0  0  44  5479  0  0  0  0  0  0  0  0  0  0  0  0  0  0  0  0  0  0  0  0  16  43605  46616  83104  30  389  0  0  0  0  0  1786  0  0  0  0  1179  0  0  0  64711  75  0  0  11  0  0  2  0  0  9505  47242  0  0  0  0  0  0  0  0  205  1  0  36  923  0  710  0  665  0  0  0  0  0  0  0  0  0  0  0  1  0  
0  0  0  0  0  0  0  0  0  0  0  0  0  0  0  0  0  0  0  0  0  0  0  0  0  0  0  0  0  0  0  0  0  0  0  0  0  0  0  0  0  0  0  0  0  0  0  0  0  0  0  0  0  0  0  0  0  0  0  0  0  0  0  0  0  0  0  0  0  0  0  0  0  0  0  0  0  2284  0  0  0  0  0  0  0  30509  0  2  28516  0  0  0  0  0  0  0  0  0  0  3  0  0  53043  0  0  0  0  0  0  0  0  0  0  0  227  0  0  0  362  0  0  0  11174  0  0  34217  0  10968  0  0  0  0  0  0  0  0  0  0  0  0  13  0  8159  0  0  0  5  0  0  0  0  0  0  0  0  0  0  0  19  0  
0  0  0  0  0  0  0  0  0  0  0  0  0  0  0  0  0  0  0  0  0  0  0  0  0  0  0  0  0  0  0  0  0  0  0  0  0  0  0  0  0  0  0  0  0  0  0  0  0  0  0  0  0  0  0  0  0  0  0  0  0  0  0  0  0  0  0  0  0  0  0  0  0  0  0  0  0  0  0  0  46  336  1  0  0  0  0  0  25114  21906  0  0  0  0  0  0  0  0  0  0  0  0  78314  0  0  0  0  0  0  0  0  0  0  0  2  0  0  0  29135  35  0  0  0  0  0  297  0  30108  0  0  0  0  0  0  0  0  0  0  0  52  253  7993  0  0  1  0  0  0  0  0  0  0  0  0  0  35  0  1  3  0  
0  0  0  0  0  9  0  0  0  0  0  0  0  0  0  0  0  0  0  0  0  0  0  0  0  0  0  0  0  0  130  3  0  0  0  0  0  0  0  0  0  0  0  0  0  0  0  0  0  0  0  0  0  0  0  0  0  0  0  0  0  0  0  0  0  0  0  0  0  77  0  0  0  0  5352  0  0  0  998  26089  0  0  0  0  0  0  0  0  0  21368  0  0  0  0  0  0  0  151  0  0  0  0  0  0  35811  2188  0  0  0  0  0  0  0  0  0  0  0  0  0  0  0  0  0  0  0  0  0  0  0  0  0  0  0  0  0  0  4197  7  0  33  0  0  0  0  0  0  0  0  0  0  0  0  0  0  0  0  0  0  2  0  
0  0  0  0  0  0  0  2  5  0  0  0  0  0  0  0  0  0  0  0  0  0  0  0  0  0  0  0  0  27  0  0  0  0  0  0  0  0  0  0  0  0  0  0  0  2  0  0  0  0  0  0  0  0  0  0  0  0  0  0  0  0  0  0  0  2  0  0  0  0  3  0  0  0  0  0  1  0  0  0  0  14  43987  59  0  0  0  0  0  0  0  0  0  1  0  0  0  0  0  0  118  15  2  76210  0  0  0  0  0  0  0  0  0  0  0  0  0  305  456  18039  0  0  0  0  0  0  0  0  0  154  0  0  0  0  0  0  0  0  4180  6623  692  0  3  0  0  0  0  0  0  0  0  0  0  0  0  0  0  0  0  0  
0  0  0  0  0  0  0  0  0  0  0  0  0  0  0  0  0  0  0  0  0  0  0  0  0  0  0  0  0  0  0  0  0  0  0  0  0  0  0  0  0  0  0  0  0  0  0  0  0  0  0  0  0  0  0  0  0  0  0  0  0  0  0  0  0  0  0  0  0  0  0  0  0  0  0  345  0  0  0  0  0  0  0  0  0  0  0  0  0  0  0  0  1  0  0  0  0  0  0  0  0  0  0  0  0  0  0  0  11  0  96773  111696  0  0  0  0  10460  0  0  0  0  10  0  6716  2  0  0  0  0  0  0  0  273  4831  0  0  0  0  0  0  0  0  0  0  0  0  9096  0  0  0  0  0  0  0  0  0  1  0  0  0  
0  0  0  0  0  0  0  0  0  0  0  0  0  0  0  0  0  0  0  0  0  0  0  0  0  0  0  0  0  0  0  0  0  0  0  0  0  0  0  0  0  0  0  0  0  0  0  0  0  0  0  0  0  0  0  0  0  0  0  0  0  0  0  0  0  0  0  0  0  0  0  0  0  0  0  395  0  1  0  0  0  0  0  0  0  0  0  0  0  0  3  0  37334  1  0  0  1  0  117489  4467  0  0  0  0  0  0  4691  73466  6768  10601  280  120771  0  0  4563  45  3363  11  1  0  0  26667  6  1218  1036  0  0  0  3354  12253  3922  98  33942  1599  103  0  0  0  4  0  407  3  0  0  0  5425  0  736  0  0  0  0  0  0  53  0  280  2  44  0  
0  0  0  0  0  0  0  0  0  0  0  0  0  0  0  0  0  0  0  0  0  0  0  0  0  0  0  0  0  0  0  0  0  0  0  0  0  0  0  0  0  0  0  0  0  0  0  0  0  0  0  0  0  0  0  0  0  0  0  0  0  0  0  0  0  0  0  0  0  0  0  0  0  0  0  0  0  22  0  0  0  0  0  0  0  0  0  0  0  0  0  0  0  0  0  0  0  0  0  14  0  0  0  0  0  0  21740  2664  0  18957  0  0  0  0  5526  0  0  3  0  0  0  483  0  0  0  0  0  0  0  0  3  2  0  0  0  0  0  0  0  0  0  0  0  0  0  0  787  0  0  0  0  0  0  0  0  0  0  0  0  0  
0  0  0  0  0  0  0  0  0  0  0  0  0  0  0  0  2298  12  1  0  19  0  32677  2  0  0  0  0  0  0  1  663  0  0  13058  0  0  0  0  0  0  0  3046  0  0  0  0  3581  0  30  6  0  0  0  0  0  1  0  1  2  49  0  2019  0  0  0  0  0  0  0  0  1  16  0  0  0  0  0  0  0  0  0  0  0  0  0  0  0  0  0  0  0  0  0  0  0  0  0  0  0  0  0  0  0  0  0  0  0  0  0  0  0  0  0  0  0  0  0  0  0  0  0  0  0  0  0  0  0  0  0  0  0  0  0  0  0  0  0  0  0  0  0  0  0  0  0  0  0  0  0  181953  782  13794  2297  0  0  0  0  0  0  
6  0  0  0  0  273  1159  1471  0  0  0  0  0  0  132  244  0  0  0  0  0  0  0  0  0  0  0  0  4  0  0  0  0  0  0  0  0  0  0  0  7  0  0  0  9  0  2  0  377  0  0  36  7  12776  0  0  0  0  0  0  0  3  0  27  0  5731  0  55  3605  0  0  0  0  0  0  0  0  0  0  0  0  4  0  0  0  0  0  0  0  0  0  0  0  0  0  0  0  0  0  0  0  0  0  0  0  0  0  0  0  0  0  0  0  0  0  0  0  0  0  0  0  0  0  0  0  0  0  0  0  0  0  0  0  0  0  0  0  0  0  428  0  0  0  0  0  0  0  0  0  0  0  470  935  9  0  68  0  0  0  0  
0  0  0  0  0  0  0  0  0  5316  0  0  0  0  0  0  17  0  0  0  981  124  48802  0  0  0  0  0  0  0  0  4  0  0  42  0  1  0  0  0  4  0  22  3248  0  0  0  232  0  4581  36  0  0  0  0  0  8  29  9  227  25855  0  1  0  0  865  0  0  0  0  0  2  155  0  0  0  0  0  0  0  0  0  0  2  0  0  0  0  0  0  0  0  0  0  0  0  0  0  0  0  0  0  0  0  0  0  0  0  0  0  0  0  0  0  0  0  0  4  0  0  0  0  0  0  0  0  0  0  0  0  0  0  0  0  0  0  0  0  1  27  0  0  0  0  0  0  0  0  72398  0  0  48183  2949  31  0  0  0  0  0  0  
0  0  0  0  0  0  0  2  0  9  0  0  0  0  0  0  2  0  10  0  0  1  212  0  3  0  0  0  0  0  0  17  2  0  0  0  0  0  0  0  25  0  0  25  0  0  0  8  1  0  0  0  0  0  0  1  2  19  1  0  18  0  0  19  0  7  0  0  1  0  0  0  177  0  0  0  0  0  0  0  0  0  0  0  0  0  0  0  0  0  0  0  0  0  0  0  0  0  0  0  0  0  0  0  0  2  0  0  0  0  0  0  0  0  0  0  0  8  0  0  0  0  0  0  0  0  0  0  0  0  0  1  0  0  0  0  0  0  3  6  0  0  0  0  0  0  0  0  258  606  51242  0  1832  4794  0  0  8  23513  0  0  
68  2  0  0  1  0  0  0  0  0  0  4  1  0  46  0  39086  25978  15  0  0  0  6144  494  3  0  0  0  4  0  0  5569  1  0  637  3  0  0  4  0  47  0  0  41  5  0  1763  23067  33140  1  4  51  0  2  1  0  16  36  23  7  12  3  32575  9326  0  0  0  42  0  3  0  11  728  10  0  0  0  0  0  0  0  0  0  0  0  0  0  0  0  0  0  0  0  0  0  0  0  0  0  0  0  0  0  0  0  0  0  0  0  0  0  0  0  0  0  0  0  0  0  0  0  0  0  0  0  0  0  0  0  0  0  0  0  0  0  0  0  0  0  0  0  0  0  0  0  0  0  0  4757  749  1533  2244  0  128836  0  0  0  0  0  0  
0  0  0  0  0  0  0  0  0  0  0  0  0  0  0  0  6  5  1  0  0  0  40  0  0  0  0  0  0  0  0  7777  0  0  0  0  0  0  0  0  3  0  0  1  0  0  0  16  7  0  0  0  0  0  0  0  1  0  0  0  0  0  25761  2  0  0  0  0  0  2  0  0  33  0  0  0  0  0  0  0  0  0  0  0  0  0  0  0  0  0  0  0  0  0  0  0  0  0  0  0  0  0  0  0  0  0  0  0  0  0  0  0  0  0  0  0  0  0  0  0  0  0  0  0  0  0  0  0  0  0  0  0  0  0  0  0  0  0  0  0  0  0  0  0  0  0  0  0  2196  10  144  13170  337135  0  0  0  0  0  0  0  
0  0  0  0  0  0  0  0  0  0  0  0  0  0  0  0  0  0  0  0  0  0  0  0  0  0  0  0  0  0  0  0  0  0  0  0  0  0  0  0  0  0  0  0  0  0  0  0  0  0  0  0  0  0  0  0  0  0  0  0  0  0  0  0  0  0  0  0  0  0  0  0  0  0  0  0  0  0  0  0  0  0  0  0  0  0  0  0  0  0  673  36  0  0  0  0  39699  42  0  0  0  0  0  0  0  253  0  0  4257  0  0  0  0  0  3  1  378  0  0  0  0  515  0  659  2  0  0  0  0  0  7  0  0  0  1  0  522  0  2  0  0  0  0  0  0  0  112  0  0  0  0  0  0  0  0  20  190321  4870  10135  2029  
0  0  0  0  0  0  0  0  0  0  0  0  0  0  0  0  0  0  0  0  0  0  0  0  0  0  0  0  0  0  0  2  0  0  0  0  0  0  0  0  0  0  0  0  0  0  0  0  0  0  0  0  0  0  0  0  0  0  0  0  0  0  0  0  0  3  0  0  0  0  0  0  0  0  39  0  0  0  2  1865  34  7  0  0  0  0  0  0  3  0  0  1  0  1  0  0  0  13  0  0  0  0  0  0  0  3982  0  0  0  0  0  0  0  0  1  0  0  0  0  0  2  1  4  0  0  1  1  16  0  0  0  0  0  0  0  4  342  3665  0  2173  0  0  9  0  0  0  5  0  0  52  0  0  0  0  21  0  28  22081  55656  3017  
0  0  0  0  0  0  0  0  0  0  0  0  0  0  0  0  0  0  0  0  0  0  0  0  0  0  0  0  0  0  0  0  0  0  0  0  0  0  0  0  0  0  0  0  0  0  0  0  0  0  0  0  0  0  0  0  0  1  0  0  0  0  0  0  0  7  0  0  0  0  0  0  0  0  0  1  0  0  0  0  0  0  0  3313  0  0  0  0  0  0  10  0  2  0  795  1437  48850  0  0  0  0  0  0  0  0  0  0  0  32  0  0  1  0  0  10  2  7  8333  0  0  0  228  0  1410  34  0  0  0  0  0  26  3  0  86  32511  0  0  0  11  486  0  0  0  0  0  0  184  0  0  0  3  12  0  0  78143  6  0  46328  2298  7  
0  0  0  0  0  0  0  0  0  0  0  0  0  0  0  0  0  0  0  0  0  0  0  0  0  0  0  0  0  0  0  3  0  0  0  0  0  0  0  0  0  0  0  0  0  0  0  0  0  0  0  0  0  0  0  0  0  0  0  0  0  0  0  0  0  0  0  0  0  0  0  0  0  0  0  0  0  0  0  0  0  0  0  13  0  0  0  0  0  0  0  0  0  0  0  0  4  0  0  0  0  0  0  0  0  52  0  0  0  0  0  0  0  0  6  0  0  2  0  0  0  1  0  0  2  0  0  2  0  0  8  3  0  0  3  0  0  2  1  4  0  0  4  0  0  0  15  0  0  0  0  23207  0  0  3023  23268  47150  0  1673  21833  
0  0  0  0  0  0  0  0  0  0  0  0  0  0  0  0  0  0  0  0  0  0  0  0  0  0  0  0  0  0  0  0  0  0  0  0  0  0  0  0  0  0  0  0  0  0  0  0  0  0  0  0  0  0  0  0  0  0  0  0  0  0  0  0  0  0  0  0  0  0  0  0  0  0  14  0  0  0  0  5  0  0  0  0  1  0  0  0  1  0  9727  3254  5  0  0  0  37078  3791  0  0  0  0  0  0  201  4792  0  0  2992  1  0  0  0  0  45  1  0  36  1  0  247  2430  8560  5  5  21  0  5  0  0  90  15  2  0  8  0  23941  5804  3  0  0  9  2  1  0  0  385  0  0  0  0  0  0  0  4297  55254  3792  2651  0  114121  
0  0  0  0  0  0  0  0  0  0  0  0  0  0  0  0  0  0  0  0  0  0  0  0  0  0  0  0  0  0  0  0  0  0  0  0  0  0  0  0  0  0  0  0  0  0  0  0  0  0  0  0  0  0  0  0  0  0  0  0  0  0  0  0  0  0  0  0  0  0  0  0  0  0  0  0  0  0  0  0  0  0  0  0  0  0  0  0  0  0  0  0  0  0  0  0  23549  53  0  0  0  0  0  0  1  1432  0  0  0  0  0  0  0  0  0  0  0  0  0  0  0  0  0  0  0  0  0  0  0  0  0  0  0  0  0  0  172  2  0  0  0  0  0  0  0  0  0  0  0  0  0  0  0  0  4459  12298  83  88763  314639  0  
