0  0  0  0  27578  224  0  0  0  0  0  0  0  1  15716  1446  0  0  0  0  0  0  0  46009  0  0  0  0  0  0  14062  0  0  0  0  0  0  0  1  0  0  0  0  0  0  0  3  0  0  0  0  4961  13214  0  0  0  0  0  0  0  0  4248  84  1216  0  0  0  0  0  2999  0  0  0  0  0  0  0  0  0  0  0  0  0  0  0  0  0  0  0  0  0  0  0  0  0  0  0  0  0  0  0  0  0  0  0  0  0  0  0  0  0  0  0  0  0  0  0  0  0  0  0  0  0  0  0  0  0  0  0  0  0  0  0  0  0  0  0  0  0  0  0  0  0  0  0  0  0  0  0  0  0  0  3  0  0  0  0  0  0  0  
0  0  0  0  0  0  0  0  0  0  0  0  0  0  0  0  0  0  16807  0  19025  61  0  0  0  0  0  0  0  0  0  0  0  0  0  0  18  3  0  0  0  30472  0  6  0  0  0  0  0  0  23393  0  0  0  0  1  15378  81  29897  10768  4708  0  0  0  2  0  0  0  0  0  0  44  0  0  0  0  0  0  0  0  0  0  0  0  0  0  0  0  0  0  0  0  0  0  0  0  0  0  0  0  0  0  0  0  0  0  0  0  0  0  0  0  0  0  0  0  0  0  0  0  0  0  0  0  0  0  0  0  0  0  0  0  0  0  0  0  0  0  0  0  0  0  0  0  0  0  0  0  0  0  0  0  0  0  0  0  0  0  0  0  
0  0  0  0  0  0  18  6078  4  0  0  0  0  0  0  73228  0  0  0  0  0  0  0  0  0  0  11688  19841  26455  7621  0  0  0  0  0  0  0  0  0  0  0  0  0  0  39373  33050  0  0  1  0  0  0  0  0  0  11  0  0  0  0  0  0  0  0  3  25  10756  0  17  0  48  0  0  0  0  0  186  0  0  0  0  1  0  0  0  0  0  0  0  17  0  0  0  0  0  0  0  0  0  0  0  0  0  0  0  0  0  0  0  0  0  0  0  0  0  0  0  0  0  1  0  0  0  0  0  0  0  0  0  0  0  0  0  0  0  0  0  0  0  0  0  0  0  0  0  0  0  0  0  15  0  0  6  0  0  0  0  0  0  0  
0  0  0  0  0  0  0  0  0  0  0  15393  0  0  0  0  5  0  0  0  0  0  0  0  49  43592  0  12737  15532  0  0  0  20  11  0  2  0  0  0  0  4045  0  0  0  15107  0  0  0  36940  0  0  0  0  0  0  161  0  0  0  0  0  0  0  0  0  0  5516  6540  0  0  0  0  11  6  0  0  0  0  0  0  0  0  0  0  0  0  0  0  0  0  0  0  0  0  0  0  0  0  0  0  0  0  0  0  0  0  0  0  0  0  0  0  0  0  0  0  0  0  0  0  0  0  0  0  0  0  0  0  0  0  0  0  0  0  0  0  0  0  0  0  0  0  0  0  0  0  0  0  0  0  0  0  0  0  0  0  0  0  0  0  
27485  0  0  0  0  547  0  0  0  0  0  0  0  0  15554  26073  0  0  0  0  0  0  0  0  0  0  0  0  0  0  10404  0  0  0  0  0  0  0  0  0  0  0  0  0  0  0  0  0  0  0  0  42  13348  0  0  0  0  0  0  0  0  0  0  5  0  0  0  0  0  4280  0  0  0  0  0  0  0  0  0  0  0  0  0  0  0  0  0  0  0  0  0  0  0  0  0  0  0  0  0  0  0  0  0  0  0  0  0  0  0  0  0  0  0  0  0  0  0  0  0  0  0  0  0  0  0  0  0  0  0  0  0  0  0  0  0  0  0  0  0  0  0  0  0  0  0  0  0  0  0  0  0  0  0  0  0  0  0  0  0  0  
533  0  0  0  833  0  26952  0  0  0  0  6  0  2  141  70565  0  3  0  0  0  0  0  14  0  0  0  0  0  0  1320  2995  0  0  0  0  0  0  152  16  0  0  0  0  0  0  24  0  249  0  0  19  51  155  0  0  0  0  0  0  0  3  33  114  0  40537  0  0  0  47398  0  0  0  0  0  0  0  0  0  514  0  0  0  0  0  0  0  0  0  1  0  0  0  0  0  0  0  0  0  0  0  0  0  0  60  26  0  0  0  0  0  0  0  0  0  0  0  0  0  0  0  0  0  0  0  0  0  0  0  0  0  0  0  0  0  0  0  0  0  1067  0  0  0  7  0  0  0  0  0  180  0  0  408  7  0  3  0  0  0  0  
0  0  0  0  0  24451  0  24862  0  0  0  0  0  0  0  69155  0  0  0  0  0  0  0  0  0  0  0  0  0  0  0  0  0  0  0  0  0  0  0  0  0  0  0  0  1  4  0  0  1  0  0  0  0  1189  0  0  0  0  0  0  0  0  0  0  0  29887  0  0  1  0  0  0  0  0  0  0  0  0  0  1  15  5  0  0  0  0  0  0  0  0  0  0  0  0  0  0  0  0  0  0  0  0  0  0  0  0  0  0  0  0  0  0  0  0  0  0  0  0  0  0  0  0  0  0  0  0  0  0  0  0  0  0  0  0  0  0  0  0  0  24  0  0  0  0  0  0  0  0  0  48226  0  0  117  0  0  0  0  0  0  0  
0  0  1638  0  0  0  23007  0  12623  0  0  0  0  0  0  44525  1  0  0  0  0  0  0  0  0  0  50  31  4791  85  0  0  0  0  0  0  0  0  0  0  0  0  0  0  30573  29435  0  0  67  0  0  12  0  1001  0  101  0  0  0  0  0  0  0  0  18  21448  522  47  2594  0  1470  0  0  0  0  0  0  0  0  0  1  56  157  0  0  0  0  0  0  3  0  0  0  0  0  0  0  0  0  0  0  0  0  0  0  0  0  0  0  0  0  0  0  0  0  0  0  0  2  1  0  0  0  0  0  0  0  0  0  0  0  0  0  0  0  0  0  0  0  57  1  0  0  0  3  0  0  0  0  7786  0  2  734  14  0  15  0  0  0  0  
0  0  0  0  0  0  0  13704  0  7362  0  0  0  0  0  5  0  0  0  0  0  0  1  0  0  0  26  15  153  15715  0  0  0  0  0  0  0  0  0  0  0  0  0  3536  699  4098  0  0  1  0  0  1  0  0  0  26  0  0  0  0  0  0  0  0  370  47435  294  8  411  0  39110  0  0  0  0  0  1  0  0  0  0  1  215  8  0  0  0  0  0  0  0  0  0  0  0  0  0  0  0  0  0  0  0  14  0  0  0  0  0  0  0  0  0  0  0  0  0  0  0  1  0  0  0  0  0  0  0  0  0  0  0  0  0  0  0  0  0  0  0  5  0  0  0  0  21  0  0  0  0  943  0  0  38  1  0  0  0  0  0  0  
0  0  0  0  0  0  0  0  9781  0  0  0  0  0  0  0  0  0  0  0  0  2  16051  0  0  0  0  0  1  8602  0  0  0  0  0  0  0  0  0  0  0  0  0  20449  5  1  0  0  1  0  0  0  0  0  0  0  0  0  0  0  0  0  0  0  664  94190  3  0  3  0  1578  0  0  0  0  0  0  0  0  0  0  0  22  405  0  0  0  0  0  0  0  0  0  0  0  34  2  0  0  0  0  0  0  32  0  0  0  0  0  0  0  0  0  0  0  0  0  106  0  0  0  0  0  0  0  0  0  0  0  0  0  0  0  0  0  0  0  0  21  3556  0  0  0  0  0  0  0  0  0  4  881  4  0  0  0  0  1329  1  0  0  
0  0  0  0  0  0  0  0  0  0  0  0  0  0  0  0  0  0  36  73369  0  1241  0  0  0  0  1  0  0  193  0  0  0  0  0  0  0  0  0  0  0  12305  0  87453  0  0  0  0  0  0  1  0  0  0  0  0  0  376  0  0  0  0  0  0  38275  0  0  0  0  0  0  0  0  0  0  0  0  0  0  0  0  0  0  0  1484  0  0  0  0  0  0  0  0  1  0  75  0  0  0  0  0  0  0  0  0  0  0  0  0  0  0  0  0  0  0  20  0  6  0  0  0  0  0  0  0  0  0  0  0  0  0  0  0  0  0  0  0  0  0  0  0  0  0  0  0  0  0  0  0  0  0  0  0  0  0  0  0  0  0  0  
0  0  0  16434  0  2  0  0  0  0  0  0  6  15638  4  0  0  106  0  0  0  0  0  0  0  0  0  0  2529  0  0  0  0  2  1  0  0  0  52  17328  0  0  0  0  0  0  0  0  41202  0  0  22904  67  24  0  0  0  0  0  0  0  0  0  0  0  12  0  33058  0  0  0  0  0  0  0  0  0  0  0  0  0  0  0  0  0  0  0  0  0  0  0  0  0  0  0  0  0  0  0  0  0  0  0  0  0  0  0  0  0  0  0  0  0  0  0  0  0  0  0  0  0  0  0  0  0  0  0  0  0  0  0  0  0  0  0  0  0  0  0  0  0  0  0  0  0  0  0  0  0  18  0  0  27  0  0  0  0  0  0  0  
0  0  0  0  0  0  0  0  0  0  0  5  0  9143  0  0  0  1  0  0  0  0  0  35172  0  0  0  0  0  0  0  0  0  0  0  0  0  0  23095  2  0  0  0  0  0  0  234  0  0  0  0  0  0  0  0  0  0  0  0  0  0  5820  0  2440  0  0  0  0  0  0  0  0  0  0  0  0  0  0  0  0  0  0  0  0  0  0  0  0  0  0  0  0  0  0  0  0  0  0  0  0  0  0  0  0  0  0  0  0  0  0  0  0  0  0  0  0  0  0  0  0  0  0  0  0  0  0  0  0  0  0  0  0  0  0  0  0  0  0  0  0  0  0  0  0  0  0  0  0  0  0  0  0  0  0  0  0  0  0  0  0  
0  0  0  0  0  3  0  0  0  0  0  16118  8414  0  162  0  0  0  0  0  0  0  0  2  0  0  0  0  0  0  0  0  0  0  0  0  0  0  12112  32142  0  0  0  0  0  0  0  0  2782  0  0  32339  128  20  0  0  0  0  0  0  0  21856  0  2  0  5  0  0  0  0  0  0  0  0  0  0  0  0  0  0  0  0  0  0  0  0  0  0  0  0  0  0  0  0  0  0  0  0  0  0  0  0  0  0  0  0  0  0  0  0  0  0  0  0  0  0  0  0  0  0  0  0  0  0  0  0  0  0  0  0  0  0  0  0  0  0  0  0  0  0  0  0  0  0  0  0  0  0  0  0  0  0  1  0  0  0  0  0  0  0  
17461  0  0  0  15760  23  0  0  0  0  0  10  0  224  0  38957  0  0  0  0  0  0  0  6442  0  0  0  0  5559  0  0  0  0  0  0  0  0  0  0  0  0  0  0  0  1  0  0  0  0  0  0  90865  112145  57293  0  0  0  0  0  0  0  10027  0  0  0  0  1  20849  9463  0  0  0  0  0  0  0  0  0  0  0  0  0  0  0  0  0  0  0  0  0  0  0  0  0  0  0  0  0  0  0  0  0  0  0  0  0  0  0  0  0  0  0  0  0  0  0  0  0  0  0  0  0  0  0  0  0  0  0  0  0  0  0  0  0  0  0  0  0  0  0  0  0  0  0  0  0  0  0  0  171  0  0  0  0  0  0  0  0  0  0  
941  0  71836  0  26002  71127  73323  56519  1  0  0  0  0  0  40673  0  0  0  0  0  0  0  0  3  0  0  0  0  9964  1  62  0  0  0  0  0  0  0  0  0  0  0  0  0  12127  5625  0  0  0  0  0  148  3298  92840  0  0  0  0  0  0  0  0  0  2  0  5  0  0  22534  7949  0  0  0  0  0  0  6  0  0  2  2  7  0  0  0  0  0  0  0  28  0  0  0  0  0  0  0  0  0  0  0  0  0  0  0  0  0  0  0  0  0  0  0  0  0  0  0  0  0  0  0  0  0  0  0  0  0  0  0  0  0  0  0  0  0  0  0  0  0  0  0  0  0  0  0  0  0  0  0  10445  0  0  3  0  0  0  0  0  0  0  
0  0  0  5  0  0  0  0  0  0  0  0  0  0  0  0  0  30786  0  0  0  0  4938  11  0  0  550  188  2  0  0  0  0  0  7999  0  0  0  0  0  5361  0  5  0  1685  2  11  34932  14201  0  0  0  0  0  0  1225  0  0  0  0  0  0  649  0  0  2  3229  11  10  0  4  0  0  0  0  0  0  0  0  0  0  0  0  0  0  0  0  0  0  0  0  0  0  0  0  0  0  0  0  0  0  0  0  0  0  0  0  0  0  0  0  0  0  0  0  0  0  0  0  0  0  0  0  0  0  0  0  0  0  0  0  0  0  0  0  0  0  0  0  0  0  0  0  0  0  0  0  0  3945  66  1  0  61142  4  0  0  0  0  0  0  
0  0  0  0  0  4  0  0  0  0  0  107  1  0  0  0  29079  0  0  0  0  0  3218  6848  0  0  1  0  2  0  0  2  0  0  74  0  0  0  293  0  0  0  1  0  146  0  25996  4221  32476  0  0  0  0  0  0  16  0  0  0  0  0  0  14425  0  0  3  50  2  11  0  0  0  0  0  0  0  0  0  0  0  0  0  0  0  0  0  0  0  0  0  0  0  0  0  0  0  0  0  0  0  0  0  0  0  0  0  0  0  0  0  0  0  0  0  0  0  0  0  0  0  0  0  0  0  0  0  0  0  0  0  0  0  0  0  0  0  0  0  0  1  0  0  0  0  0  0  0  0  10958  10  0  0  54603  1  0  0  0  0  0  0  
0  16342  0  0  0  0  0  0  0  0  42  0  0  0  0  0  0  0  0  14423  1  2  0  0  18625  0  12  0  0  0  0  0  0  0  0  0  1  10  0  0  0  19272  0  65  0  0  0  0  0  0  38  0  0  0  0  66  74321  52370  18936  0  5  0  0  0  5  0  1  0  0  0  0  0  14899  0  0  0  0  0  0  0  0  0  0  0  0  0  0  0  0  0  0  0  0  0  0  0  0  0  0  0  0  0  0  0  0  0  0  0  0  0  0  0  0  0  0  0  0  0  0  0  0  0  0  0  0  0  0  0  0  0  0  0  0  0  0  0  0  0  0  0  0  0  0  0  0  0  0  0  0  0  0  0  0  0  0  0  0  0  0  0  
0  0  0  0  0  0  0  0  0  0  72801  0  0  0  0  0  0  0  13288  0  0  8  0  0  0  0  3529  0  0  0  0  0  0  0  0  0  0  0  0  0  0  20847  0  10669  0  0  0  0  0  0  6  0  0  0  0  6627  0  38164  0  0  3  0  0  0  19510  0  0  0  0  0  0  0  0  0  0  0  0  0  0  0  0  0  0  0  0  0  0  0  0  0  0  0  0  0  0  0  0  0  0  0  0  0  0  0  0  0  0  0  0  0  0  0  0  0  0  0  0  0  0  0  0  0  0  0  0  0  0  0  0  0  0  0  0  0  0  0  0  0  0  0  0  0  0  0  0  0  0  0  0  0  0  0  0  0  0  0  0  0  0  0  
0  15526  0  0  0  0  0  0  0  0  0  0  0  0  0  0  0  0  5  0  0  24  77  0  0  0  0  0  0  0  0  0  0  0  0  0  67  0  0  0  0  1  0  0  0  0  0  0  0  16199  9982  0  0  0  0  0  136  0  453  53054  75572  0  0  0  0  0  0  0  0  0  0  98  2  0  0  0  0  0  0  0  0  0  0  0  0  0  0  0  0  0  0  0  0  0  0  0  0  0  0  0  0  0  0  0  0  0  0  0  0  0  0  0  0  0  0  0  0  0  0  0  0  0  0  0  0  0  0  0  0  0  0  0  0  0  0  0  0  0  0  0  0  0  0  0  0  0  0  0  0  0  1  2  0  0  0  0  0  0  0  0  
0  99  0  0  0  0  0  0  0  5  1158  0  0  0  0  0  0  0  5  61  21  0  15749  0  0  0  0  0  0  10  0  0  0  0  0  0  0  0  0  0  0  18932  0  91730  0  0  0  0  0  0  18408  0  0  0  0  0  2  66  0  0  86475  0  0  0  3  0  0  0  0  0  0  0  0  0  0  0  0  0  0  0  0  0  0  0  101  0  0  0  0  0  0  0  0  0  0  628  0  0  0  0  0  0  0  0  0  0  0  0  0  0  0  0  0  0  0  6  0  11  0  0  0  0  0  0  0  0  0  0  0  0  0  0  0  0  0  0  0  0  0  0  0  0  0  0  0  0  0  0  0  0  13  1  0  0  0  0  0  0  0  0  
0  0  0  0  0  0  0  0  55  12492  0  0  0  0  0  0  5160  4314  0  0  62  4259  0  0  0  0  0  0  0  80  0  0  0  0  5503  0  38  0  0  0  0  0  27417  6414  0  0  0  788  0  8588  0  0  0  0  0  0  0  0  0  0  54153  0  1603  0  166  13  0  0  0  0  109  0  0  0  0  0  0  0  0  0  0  0  0  0  0  0  0  0  0  0  0  0  0  0  0  0  0  0  0  0  0  0  0  0  0  0  0  0  0  0  0  0  0  0  0  0  0  0  0  0  0  0  0  0  0  0  0  0  0  0  0  0  0  0  0  0  0  0  0  0  0  0  0  0  0  0  0  0  19580  0  88801  243  178  0  0  0  0  1  0  0  
43766  0  0  0  11  73  0  0  0  0  0  0  31798  5  6419  6  10  6445  0  0  0  0  0  0  0  0  0  0  0  0  9661  4  0  0  0  0  0  0  10231  0  0  0  2  0  0  0  33925  2086  0  0  0  1  0  0  0  0  0  0  0  0  0  22811  50202  103716  0  0  0  0  0  363  0  0  0  0  0  0  0  0  0  0  0  0  0  0  0  0  0  0  0  0  0  0  0  0  0  0  0  0  0  0  0  0  0  0  3  0  0  0  0  0  0  0  0  0  0  0  0  0  0  0  0  0  0  0  0  0  0  0  0  0  0  0  0  0  0  0  0  0  0  0  0  0  0  0  0  0  0  0  98  0  0  0  15423  0  0  0  0  0  0  0  
0  0  0  8  0  0  0  0  0  0  0  0  0  0  0  0  0  0  19393  0  0  0  0  0  0  5384  18630  0  0  0  0  0  0  0  0  447  0  2  0  0  47  0  0  0  2  0  0  5  41  21  0  0  0  0  22688  60173  6  4702  230  807  33  0  0  0  0  0  75  0  0  0  0  2  85708  0  0  0  0  0  0  0  0  0  0  0  0  0  0  0  0  0  0  0  0  0  0  0  0  0  0  0  0  0  0  0  0  0  0  0  0  0  0  0  0  0  0  0  0  0  0  0  0  0  0  0  0  0  0  0  0  0  0  0  0  0  0  0  0  0  0  0  0  0  0  0  0  0  0  0  0  0  0  0  0  0  0  0  0  0  0  0  
0  0  0  38444  0  0  0  0  0  0  0  0  0  0  0  0  1  0  0  0  0  0  0  0  5832  0  37  5064  0  0  0  0  5  6257  0  54941  0  0  0  0  52291  0  0  0  4  0  0  2  14521  0  0  0  0  0  33669  12787  0  0  0  3  0  0  0  0  0  0  71143  0  0  0  0  0  9374  5  0  0  0  0  0  0  0  0  0  0  0  0  0  0  0  0  0  0  0  0  0  0  0  0  0  0  0  0  0  0  0  0  0  0  0  0  0  0  0  0  0  0  0  0  0  0  0  0  0  0  0  0  0  0  0  0  0  0  0  0  0  0  0  0  0  0  0  0  0  0  0  0  0  0  0  1  0  0  0  0  0  0  0  0  0  0  
0  0  12414  0  0  0  0  1  11  0  0  0  0  0  0  0  0  0  5  3807  0  0  0  0  19486  66  0  9  0  102668  0  0  0  0  0  0  0  0  0  0  1  0  0  0  73  11749  0  2  0  0  0  0  0  0  0  152156  0  43  1  0  0  0  0  0  36160  15  71217  10  1  0  12702  0  1  0  0  0  0  0  0  0  0  0  0  0  0  0  0  0  0  0  0  0  0  0  0  0  0  0  0  0  0  0  0  0  0  0  0  0  0  0  0  0  0  0  0  0  0  0  0  0  0  0  0  0  0  0  0  0  0  0  0  0  0  0  0  0  0  0  0  0  0  0  0  0  0  0  0  0  0  60  0  0  67  3  0  0  0  0  0  0  
0  0  21280  13600  0  0  0  4  13  0  0  0  0  0  0  0  4  0  0  0  0  0  0  0  0  4854  7  0  101  0  0  0  0  0  0  0  0  0  0  0  5  0  0  0  102749  1306  0  3  3  0  0  0  0  0  0  11  0  0  0  0  0  0  0  0  3  100  89583  3  10  0  184  0  0  0  0  0  0  0  0  0  0  0  0  0  0  0  0  0  0  0  0  0  0  0  0  0  0  0  0  0  0  0  0  0  0  0  0  0  0  0  0  0  0  0  0  0  0  0  0  0  0  0  0  0  0  0  0  0  0  0  0  0  0  0  0  0  0  0  0  0  0  0  0  0  0  0  0  0  0  32  0  0  26  2  0  0  0  0  0  0  
0  0  26143  17220  0  0  1  3433  13  0  0  2246  0  0  5567  9733  2  1  0  0  0  0  0  0  0  0  6  109  0  0  0  0  0  0  0  0  0  0  0  0  0  0  0  0  118767  190  0  0  25  0  0  2  0  26  0  10  0  0  0  0  0  0  0  0  0  102  40  42255  83996  0  3  0  0  0  0  0  0  0  0  0  0  0  0  0  0  0  0  0  0  0  0  0  0  0  0  0  0  0  0  0  0  0  0  0  0  0  0  0  0  0  0  0  0  0  0  0  0  0  0  0  0  0  0  0  0  0  0  0  0  0  0  0  0  0  0  0  0  0  0  5  0  0  0  0  0  0  0  0  0  854  0  0  84  8  0  0  0  0  0  0  
0  0  8614  0  0  0  0  127  14719  6722  146  0  0  0  0  2  0  0  0  2  0  15  10  0  0  0  109870  1  0  0  0  0  0  0  0  0  0  0  0  0  0  0  0  6790  12  51073  0  0  0  0  0  0  0  0  0  3297  0  0  0  0  0  0  0  0  62366  1990  903  0  1  0  75043  0  0  0  0  0  0  0  0  0  0  0  4  6  22  0  0  0  0  0  0  0  0  0  0  34  0  0  0  0  25  0  0  2380  0  0  0  0  0  0  0  0  0  0  0  0  0  0  0  0  0  0  0  0  0  0  0  0  0  0  0  0  0  0  0  0  0  0  0  0  0  0  0  0  46  0  0  0  0  3  0  0  3  0  0  0  0  0  0  0  
13806  0  0  0  11979  628  0  0  0  0  0  0  0  0  0  91  0  1  0  0  0  0  0  9109  0  0  0  0  0  0  0  13427  0  0  0  0  0  0  0  0  0  0  0  0  0  0  0  0  0  0  0  0  0  0  0  0  0  0  0  0  0  0  64416  7  0  3  0  0  0  56163  0  0  0  0  4  0  0  0  1  3  0  0  0  0  0  0  0  0  0  3  0  0  0  0  0  0  0  0  0  0  0  0  0  0  151  0  0  0  0  0  0  0  0  0  0  0  0  0  0  0  0  0  0  0  0  0  0  0  0  0  0  0  0  0  0  0  0  0  0  0  0  0  0  35  0  0  0  0  0  0  0  0  4432  10  0  0  0  0  0  0  
0  0  0  0  0  3680  0  0  0  0  0  0  0  0  0  0  0  0  0  0  0  0  0  4  0  0  0  0  0  0  11645  0  0  0  0  0  0  0  0  0  0  0  0  0  0  0  0  0  0  0  0  0  0  0  0  0  0  0  0  0  0  0  16101  2  0  19051  0  0  0  14810  0  0  0  0  0  0  0  0  0  2  0  0  0  0  0  0  0  0  0  0  0  0  0  0  0  0  0  0  0  0  0  0  0  0  34  399  0  0  0  0  0  0  0  0  0  0  0  0  0  0  0  0  0  0  0  0  0  0  0  0  0  0  0  0  0  0  33  0  0  0  0  0  0  0  0  0  0  0  24  0  4  884  8195  6235  0  14  0  2  0  65  
0  0  0  15  0  0  0  0  0  0  0  0  0  0  0  0  2  0  0  0  0  0  0  0  0  5  0  0  0  0  0  0  0  22845  5190  0  0  0  0  0  13245  0  0  0  0  0  0  44472  1  0  0  0  0  0  0  0  0  0  0  0  0  0  0  0  0  0  1  0  0  0  0  0  12233  21723  0  0  0  0  0  0  0  0  0  0  0  0  0  0  0  0  0  0  0  0  0  0  0  0  0  0  0  0  0  0  0  0  0  0  0  0  0  0  0  0  0  0  0  0  0  0  0  0  0  0  0  0  0  0  0  0  0  0  0  0  0  0  0  0  0  0  0  0  0  0  0  0  0  0  0  0  0  0  5  0  0  0  0  0  0  0  
0  0  0  4  0  0  0  0  0  0  0  0  0  0  0  0  0  0  0  0  0  0  0  0  2  5788  0  0  0  0  0  0  22972  0  44039  52554  0  11234  0  0  238  0  27660  0  0  0  0  9305  3  6  0  0  0  0  0  11  0  0  0  1  0  0  0  0  0  0  0  0  0  0  0  1098  84042  58200  0  0  0  0  0  0  0  0  0  0  0  0  0  0  0  0  0  0  0  0  0  0  0  0  0  0  0  0  0  0  0  0  0  0  0  0  0  0  0  0  0  0  0  0  0  0  0  0  0  0  0  0  0  0  0  0  0  0  0  0  0  0  0  0  0  0  0  0  0  0  0  0  0  0  4  0  0  0  0  0  0  0  0  0  0  0  
0  0  0  0  0  0  0  0  0  0  0  0  0  0  0  0  7895  191  0  0  0  0  5367  1  2  0  0  0  0  0  0  0  4967  46320  0  0  0  0  0  0  10  0  22371  0  0  0  0  37679  1  67  0  0  0  0  0  9  0  0  0  9  5  0  218  0  0  0  0  0  0  0  0  7  960  0  0  0  0  0  0  0  0  0  0  0  0  0  0  0  0  0  0  0  0  0  0  0  0  0  0  0  0  0  0  0  0  0  0  0  0  0  0  0  0  0  0  0  0  0  0  0  0  0  0  0  0  0  0  0  0  0  0  0  0  0  0  0  0  0  0  0  0  0  0  0  0  0  0  0  15937  0  8  0  28  0  0  0  0  0  0  0  
0  0  0  26  0  0  0  0  0  0  0  0  0  0  0  0  0  0  0  0  0  0  0  0  216  46145  0  0  0  0  0  0  0  57175  0  0  0  0  0  0  34027  0  0  0  2  0  0  3  65  0  0  0  0  0  3852  12572  0  0  0  0  0  0  0  0  0  0  26007  0  0  0  0  0  6716  16781  0  0  0  0  0  0  0  0  0  0  0  0  0  0  0  0  0  0  0  0  0  0  0  0  0  0  0  0  0  0  0  0  0  0  0  0  0  0  0  0  0  0  0  0  0  0  0  0  0  0  0  0  0  0  0  0  0  0  0  0  0  0  0  0  0  0  0  0  0  0  0  0  0  0  0  0  0  0  0  0  0  0  0  0  0  0  
0  30  0  0  0  0  0  0  0  0  0  0  0  0  0  0  0  0  0  0  66  0  45  0  2  0  0  0  0  0  0  0  0  0  0  0  0  56383  0  0  2  0  14462  0  0  0  0  0  0  31344  0  0  0  0  0  4  0  0  8368  34349  0  0  0  0  0  0  0  0  0  0  0  92092  588  0  0  0  0  0  0  0  0  0  0  0  0  0  0  0  0  0  0  0  0  0  0  0  0  0  0  0  0  0  0  0  0  0  0  0  0  0  0  0  0  0  0  0  0  0  0  0  0  0  0  0  0  0  0  0  0  0  0  0  0  0  0  0  0  0  0  0  0  0  0  0  0  0  0  0  0  0  0  0  0  0  0  0  0  0  0  0  
0  4  0  0  0  0  0  0  0  0  0  0  0  0  0  0  0  0  7  0  0  0  0  0  23  1  0  0  0  0  0  0  0  10429  2  0  52948  0  0  0  105  0  1417  0  0  0  0  63  2  113  0  0  0  0  0  70  0  0  11874  10427  0  0  0  0  0  0  0  0  0  0  0  81857  135401  0  0  0  0  0  0  0  0  0  0  0  0  0  0  0  0  0  0  0  0  0  0  0  0  0  0  0  0  0  0  0  0  0  0  0  0  0  0  0  0  0  0  0  0  0  0  0  0  0  0  0  0  0  0  0  0  0  0  0  0  0  0  0  0  0  0  0  0  0  0  0  0  0  0  0  2  0  0  0  0  0  0  0  0  0  0  0  
213  0  0  0  5  3616  0  0  0  0  0  40  22173  10995  0  7  0  122  0  0  0  0  0  6572  0  0  0  0  0  0  0  0  0  0  0  0  0  0  0  6659  0  0  0  0  0  0  18775  0  16306  0  0  208  1  0  0  0  0  0  0  0  0  5210  1  10558  0  0  0  0  0  10  0  0  0  0  0  0  0  0  0  0  0  0  0  0  0  0  0  0  0  0  0  0  0  0  0  0  0  0  0  0  0  0  0  0  0  0  0  0  0  0  0  0  0  0  0  0  0  0  0  0  0  0  0  0  0  0  0  0  0  0  0  0  0  0  0  0  0  0  0  0  0  0  0  0  0  0  0  0  0  0  0  0  55  0  0  0  0  0  0  0  
1  0  0  0  0  85  0  0  0  0  0  17310  2  32929  0  0  0  0  0  0  0  0  0  0  0  0  0  0  0  0  0  0  0  0  0  0  0  0  6771  0  0  0  0  0  0  0  1  0  15676  0  0  1881  25  4  0  0  0  0  0  0  0  16  0  0  0  6  0  0  0  0  0  0  0  0  0  0  0  0  0  0  0  0  0  0  0  0  0  0  0  0  0  0  0  0  0  0  0  0  0  0  0  0  0  0  0  0  0  0  0  0  0  0  0  0  0  0  0  0  0  0  0  0  0  0  0  0  0  0  0  0  0  0  0  0  0  0  0  0  0  0  0  0  0  0  0  0  0  0  0  3  0  0  37  0  0  0  0  0  0  0  
0  0  0  3981  0  0  0  0  0  0  0  0  0  0  0  0  4083  0  0  0  0  0  0  0  419  48726  115  112  0  0  0  0  11840  660  30  40652  0  16  0  0  0  0  4  0  847  0  0  26224  35804  68  0  0  0  1  5  10313  0  1  3  168  16  0  0  0  1  3  11670  15  1  0  0  10  14222  11482  0  0  0  0  0  0  0  0  0  0  0  0  0  0  0  0  0  0  0  0  0  0  0  0  0  0  0  0  0  0  0  0  0  0  0  0  0  0  0  0  0  0  0  0  0  0  0  0  0  0  0  0  0  0  0  0  0  0  0  0  0  0  0  0  0  0  0  0  0  0  0  0  0  0  20  59  2  3  150  0  0  0  0  0  0  0  
0  29704  0  0  0  0  0  0  0  0  12821  0  0  0  0  0  0  0  18869  20709  0  17749  0  0  0  0  0  0  0  0  0  0  0  0  0  0  0  0  0  0  0  0  0  22237  0  0  0  0  0  0  7196  0  0  0  0  0  15134  875  0  0  0  0  0  0  0  0  0  0  0  0  0  0  0  0  0  0  0  0  0  0  0  0  0  0  0  0  0  0  0  0  0  0  0  0  0  0  0  0  0  0  0  0  0  0  0  0  0  0  0  0  0  0  0  0  0  0  0  0  0  0  0  0  0  0  0  0  0  0  0  0  0  0  0  0  0  0  0  0  0  0  0  0  0  0  0  0  0  0  0  0  0  0  0  0  0  0  0  0  0  0  
0  0  0  0  0  0  0  0  0  0  0  0  0  0  0  0  1  0  0  0  0  0  24583  1  3  0  0  0  0  0  0  0  0  30286  21547  0  14588  1347  0  0  9  0  0  0  0  0  0  531  0  6089  0  0  0  0  0  9  0  0  0  3  134  0  0  0  0  0  0  0  0  0  0  11472  291  0  0  0  0  0  0  0  0  0  0  0  0  0  0  0  0  0  0  0  0  0  0  0  0  0  0  0  0  0  0  0  0  0  0  0  0  0  0  0  0  0  0  0  0  0  0  0  0  0  0  0  0  0  0  0  0  0  0  0  0  0  0  0  0  0  0  0  0  0  0  0  0  0  0  0  16643  0  2811  0  0  0  0  0  0  0  0  0  
0  0  0  0  0  0  0  0  7023  18897  69821  0  0  0  0  0  0  0  89  10704  0  94214  20836  0  0  0  0  0  3  7874  0  0  0  0  0  0  0  0  0  0  0  22283  0  0  11  1  0  0  0  0  126  0  0  0  0  0  28  2472  0  0  1865  0  0  0  44436  1679  3  0  2  0  3616  0  0  0  0  0  0  0  0  0  0  0  0  0  16  0  0  0  0  0  0  0  0  0  0  1  0  0  0  0  0  0  0  0  0  0  0  0  0  0  0  0  0  0  0  1  0  0  0  0  0  0  0  0  0  0  0  0  0  0  0  0  0  0  0  0  0  0  0  1  0  0  0  0  0  0  0  0  0  3  267  0  0  0  0  0  0  0  0  0  
0  0  41961  19593  0  0  0  29292  97  0  0  6  0  0  0  26566  260  3  0  0  0  0  0  0  43  0  218  108240  110424  1  0  0  0  0  0  0  0  0  0  0  340  0  0  1  0  18618  0  362  699  0  0  12  0  232  0  560  0  1  0  0  0  0  0  0  14  932  56841  6238  49630  0  548  0  0  0  0  0  0  0  0  0  0  0  0  0  0  0  0  0  0  0  0  0  0  0  0  0  0  0  0  0  0  0  0  0  0  0  0  0  0  0  0  0  0  0  0  0  0  0  0  0  0  0  0  0  0  0  0  0  0  0  0  0  0  0  0  0  0  0  0  11  0  0  0  0  0  0  0  0  0  3767  0  9  914  42  0  1  0  0  0  0  
0  0  39180  0  0  0  8  36476  4793  1  0  0  0  0  0  3826  4  1  0  0  0  0  0  0  0  0  16327  857  482  51113  0  0  0  0  0  0  0  0  0  0  0  0  0  2  21195  0  0  3  72  0  0  24  0  4  0  11106  0  0  2  0  0  0  0  0  1309  1081  7791  32  857  0  13181  0  0  0  0  0  0  0  0  0  0  0  0  0  0  0  0  0  0  0  0  0  0  0  0  0  0  0  0  0  0  0  0  0  0  0  0  0  0  0  0  0  0  0  0  0  0  0  0  0  0  0  0  0  0  0  0  0  0  0  0  0  0  0  0  0  0  0  0  6  0  0  0  0  0  0  0  0  0  1460  0  4  784  31  0  0  0  0  0  0  
181  0  0  0  8  749  0  0  0  0  0  0  298  7  0  4  9  25644  0  0  0  0  0  35281  0  0  0  0  0  0  0  0  0  0  0  0  0  0  21743  3  0  0  0  0  0  0  0  2177  8086  0  0  0  0  0  0  0  0  0  0  0  0  13  624  7734  0  0  0  0  0  13  0  0  0  0  0  0  0  0  0  0  0  0  0  0  0  0  0  0  0  0  0  0  0  0  0  0  0  0  0  0  0  0  0  0  0  0  0  0  0  0  0  0  0  0  0  0  0  0  0  0  0  0  0  0  0  0  0  0  0  0  0  0  0  0  0  0  0  0  0  0  0  0  0  0  0  0  0  0  13  0  0  0  9406  0  0  0  0  0  0  0  
0  0  0  1  0  0  0  0  0  0  0  0  0  0  0  0  32857  5388  0  0  0  0  772  2520  22  2  67  92  0  0  0  0  36295  9373  37064  3  0  154  0  0  19409  0  670  0  323  0  2548  0  9  33  0  0  0  0  0  201  0  0  0  8  3  0  261  0  0  0  2307  7  2  0  1  32  31976  397  0  0  0  0  0  0  0  0  0  0  0  0  0  0  0  0  0  0  0  0  0  0  0  0  0  0  0  0  0  0  0  0  0  0  0  0  0  0  0  0  0  0  0  0  0  0  0  0  0  0  0  0  0  0  0  0  0  0  0  0  0  0  0  0  0  0  0  0  0  0  0  0  0  0  6962  17  340  4228  77597  110  0  0  0  0  0  0  
3  0  0  30880  0  2151  0  5  0  0  0  40291  0  2292  0  0  13361  32700  0  0  0  0  0  0  309  5156  1612  119  35  0  0  0  4  1  1  2  0  0  17392  14687  18244  0  0  0  3836  11  7481  33  0  0  0  474  8  12  0  4235  1  2  2  0  0  0  0  1  0  62  9182  5003  111  0  16  2  32  0  0  0  0  0  0  0  0  0  0  0  0  0  0  0  0  0  0  0  0  0  0  0  0  0  0  0  0  0  0  0  0  0  0  0  0  0  0  0  0  0  0  0  0  0  0  0  0  0  0  0  0  0  0  0  0  0  0  0  0  0  0  0  0  0  0  0  0  0  0  0  0  0  0  0  0  621  0  1  21077  12  0  0  0  0  0  0  
0  0  0  28  0  0  0  0  0  0  0  0  0  0  0  0  0  0  0  0  14714  0  8882  0  1480  21  0  0  0  0  0  0  0  15  123  0  31323  534  0  0  893  0  5821  0  0  0  0  54  70  0  0  0  0  0  0  3525  0  0  5  33014  13163  0  0  0  0  0  3  0  0  0  0  5152  6973  0  0  0  0  0  0  0  0  0  0  0  0  0  0  0  0  0  0  0  0  0  0  0  0  0  0  0  0  0  0  0  0  0  0  0  0  0  0  0  0  0  0  0  0  0  0  0  0  0  0  0  0  0  0  0  0  0  0  0  0  0  0  0  0  0  0  0  0  0  0  0  0  0  0  0  3  0  407  0  0  0  0  0  0  0  0  0  
0  21437  0  0  0  0  0  0  0  0  0  0  0  0  0  0  0  0  122  2  12232  18489  0  0  0  0  0  0  0  0  0  0  0  0  0  0  0  0  0  0  0  6227  0  95  0  0  0  0  0  0  0  0  0  0  0  2  2151  440  778  2  23288  0  0  0  8  0  0  0  0  0  0  0  0  0  0  0  0  0  0  0  0  0  0  0  0  0  0  0  0  0  0  0  0  0  0  0  0  0  0  0  0  0  0  0  0  0  0  0  0  0  0  0  0  0  0  0  0  0  0  0  0  0  0  0  0  0  0  0  0  0  0  0  0  0  0  0  0  0  0  0  0  0  0  0  0  0  0  0  0  0  0  0  0  0  0  0  0  0  0  0  
5686  0  0  0  12  68  0  4  0  0  0  23828  0  30110  86205  82  0  0  0  0  0  0  0  0  0  0  0  0  13  0  0  0  0  0  0  0  0  0  262  1886  0  0  0  0  164  8  0  0  463  0  0  0  21996  14820  0  0  0  0  0  0  0  13718  0  8  0  35  5  28717  29  1  0  0  0  0  0  0  0  0  0  0  0  0  0  0  0  0  0  0  0  0  0  0  0  0  0  0  0  0  0  0  0  0  0  0  0  0  0  0  0  0  0  0  0  0  0  0  0  0  0  0  0  0  0  0  0  0  0  0  0  0  0  0  0  0  0  0  0  0  0  0  0  0  0  0  0  0  0  0  0  17861  0  0  1233  0  0  0  0  0  0  0  
15560  0  0  0  13538  60  0  0  0  0  0  532  0  421  106019  2768  0  0  0  0  0  0  0  0  0  0  0  0  0  0  0  0  0  0  0  0  0  0  1  19  0  0  0  0  0  0  0  0  3  0  0  18105  0  37142  0  0  0  0  0  0  0  2  0  0  0  20  0  2  0  0  0  0  0  0  0  0  0  0  0  0  0  0  0  0  0  0  0  0  0  0  0  0  0  0  0  0  0  0  0  0  0  0  0  0  0  0  0  0  0  0  0  0  0  0  0  0  0  0  0  0  0  0  0  0  0  0  0  0  0  0  0  0  0  0  0  0  0  0  0  0  0  0  0  0  0  0  0  0  0  25  0  0  0  0  0  0  0  0  0  0  
0  0  0  0  0  117  1087  573  0  0  0  166  0  68  58011  84792  0  0  0  0  0  0  0  0  0  0  1  0  80  0  0  0  0  0  0  0  0  0  0  5  0  0  0  0  311  3  0  0  4  0  0  13211  37011  0  0  1  0  0  0  0  0  0  0  0  0  55  15  12514  22916  0  0  0  0  0  0  0  0  0  0  0  0  0  0  0  0  0  0  0  0  0  0  0  0  0  0  0  0  0  0  0  0  0  0  0  0  0  0  0  0  0  0  0  0  0  0  0  0  0  0  0  0  0  0  0  0  0  0  0  0  0  0  0  0  0  0  0  0  0  0  0  0  0  0  0  0  0  0  0  0  145569  0  0  23  0  0  0  0  0  0  0  
0  0  0  0  0  0  0  0  0  0  0  0  0  0  0  0  0  0  0  0  0  0  0  0  19421  31290  0  0  0  0  0  0  0  0  0  10976  0  0  0  0  11  0  0  0  0  0  0  0  0  0  0  0  0  0  0  17792  0  0  0  0  0  0  0  0  0  0  320  0  0  0  0  0  14154  0  0  0  0  0  0  0  0  0  0  0  0  0  0  0  0  0  0  0  0  0  0  0  0  0  0  0  0  0  0  0  0  0  0  0  0  0  0  0  0  0  0  0  0  0  0  0  0  0  0  0  0  0  0  0  0  0  0  0  0  0  0  0  0  0  0  0  0  0  0  0  0  0  0  0  0  0  0  0  0  0  0  0  0  0  0  0  
0  0  2  188  0  0  0  40  58  0  0  0  0  0  0  0  0  0  74  6244  0  0  0  0  70002  12110  152071  22  6  4032  0  0  0  1  3  10344  0  2  0  0  7866  0  0  1  1004  6115  0  31  808  74  0  0  0  0  10965  0  32  30103  202  1787  66  0  0  0  12658  145  65217  28  37  0  18436  12  23722  0  0  0  0  0  0  0  0  0  0  0  0  0  0  0  0  0  0  0  0  0  0  0  0  0  0  0  0  0  0  0  0  0  0  0  0  0  0  0  0  0  0  0  0  0  0  0  0  0  0  0  0  0  0  0  0  0  0  0  0  0  0  0  0  0  0  0  0  0  0  0  0  0  0  0  0  146  0  2  120  10  0  0  0  0  0  0  
0  12773  0  0  0  0  0  0  0  0  0  0  0  0  0  0  0  0  73302  0  21  0  0  0  4  0  0  0  0  0  0  0  0  0  0  0  0  0  0  0  0  14404  0  12  0  0  0  0  0  0  1777  0  0  0  0  67  0  3198  5822  2  57  0  0  0  92  0  1  0  0  0  0  1  1182  0  0  0  0  0  0  0  0  0  0  0  0  0  0  0  0  0  0  0  0  0  0  0  0  0  0  0  0  0  0  0  0  0  0  0  0  0  0  0  0  0  0  0  0  0  0  0  0  0  0  0  0  0  0  0  0  0  0  0  0  0  0  0  0  0  0  0  0  0  0  0  0  0  0  0  0  0  0  0  0  0  0  0  0  0  0  0  
0  2  0  0  0  0  0  0  0  0  84  0  0  0  0  0  0  0  48858  38356  0  51  0  0  6950  0  34  0  0  0  0  0  0  0  0  0  0  0  0  0  1  365  0  3487  0  1  0  0  1  0  99  0  0  0  0  27413  3146  0  134  0  23  0  0  0  5970  0  2  0  0  0  3  0  41  0  0  0  0  0  0  0  0  0  0  0  0  0  0  0  0  0  0  0  0  0  0  0  0  0  0  0  0  0  0  0  0  0  0  0  0  0  0  0  0  0  0  0  0  0  0  0  0  0  0  0  0  0  0  0  0  0  0  0  0  0  0  0  0  0  0  0  0  0  0  0  0  0  0  0  0  0  0  0  0  0  0  0  0  0  0  0  
0  29842  0  0  0  0  0  0  0  0  0  0  0  0  0  0  0  0  20017  0  217  0  0  0  452  0  1  0  0  0  0  0  0  0  0  0  8338  11105  0  0  2  0  0  0  0  0  0  0  1  0  362  0  0  0  0  383  7920  110  0  4419  1486  0  0  0  478  0  24  0  0  0  1  17873  22434  0  0  0  0  0  0  0  0  0  0  0  0  0  0  0  0  0  0  0  0  0  0  0  0  0  0  0  0  0  0  0  0  0  0  0  0  0  0  0  0  0  0  0  0  0  0  0  0  0  0  0  0  0  0  0  0  0  0  0  0  0  0  0  0  0  0  0  0  0  0  0  0  0  0  0  0  0  0  0  0  0  0  0  0  0  0  0  
0  12447  0  5  0  0  0  0  0  0  0  0  0  0  0  0  0  0  1  0  48533  0  0  0  1502  6  0  0  0  0  0  0  0  0  7  0  31145  4130  0  0  144  0  1  0  0  0  0  11  19  26437  15  0  0  0  0  2646  87  0  6483  0  27669  0  0  0  0  0  1  0  0  0  0  18221  4896  0  0  0  0  0  0  0  0  0  0  0  0  0  0  0  0  0  0  0  0  0  0  0  0  0  0  0  0  0  0  0  0  0  0  0  0  0  0  0  0  0  0  0  0  0  0  0  0  0  0  0  0  0  0  0  0  0  0  0  0  0  0  0  0  0  0  0  0  0  0  0  0  0  0  0  1  0  1  0  0  0  0  0  0  0  0  0  
0  2145  0  4  0  0  0  0  0  0  0  0  0  0  0  0  0  0  19  13  65940  79150  56638  0  1134  4  0  0  0  0  0  0  0  1  4  0  1  2  0  0  93  0  39  2100  0  0  0  12  9  15794  25425  0  0  0  0  1662  644  26  3944  28287  0  0  0  0  6  0  0  0  0  0  0  2568  1343  0  0  0  0  0  0  0  0  0  0  0  0  0  0  0  0  0  0  0  0  0  0  0  0  0  0  0  0  0  0  0  0  0  0  0  0  0  0  0  0  0  0  0  0  0  0  0  0  0  0  0  0  0  0  0  0  0  0  0  0  0  0  0  0  0  0  0  0  0  0  0  0  0  0  0  0  0  30815  3  0  0  0  0  0  0  0  0  
4937  0  0  0  0  14  0  0  0  0  0  0  5813  22316  10197  0  0  0  0  0  0  0  0  21951  0  0  0  0  0  0  0  0  0  0  0  0  0  0  5322  19  0  0  0  0  0  0  0  0  0  0  0  14933  5  0  0  0  0  0  0  0  0  0  0  367  0  0  0  0  0  0  0  0  0  0  0  0  0  0  0  0  0  0  0  0  0  0  0  0  0  0  0  0  0  0  0  0  0  0  0  0  0  0  0  0  0  0  0  0  0  0  0  0  0  0  0  0  0  0  0  0  0  0  0  0  0  0  0  0  0  0  0  0  0  0  0  0  0  0  0  0  0  0  0  0  0  0  0  0  0  0  0  0  0  0  0  0  0  0  0  0  
211  0  0  0  10  133  0  0  0  0  0  0  0  0  0  6  904  18960  0  0  0  0  1520  51156  0  0  0  0  0  0  65317  16439  0  0  96  0  0  0  2  0  0  0  0  0  0  0  1352  116  1  0  0  0  0  0  0  0  0  0  0  0  0  0  0  872  0  0  0  0  0  9282  0  0  0  0  0  0  0  0  0  0  0  0  0  0  0  0  0  0  0  0  0  0  0  0  0  0  0  0  0  0  0  0  0  0  1  0  0  0  0  0  0  0  0  0  0  0  0  0  0  0  0  0  0  0  0  0  0  0  0  0  0  0  0  0  0  0  0  0  0  0  0  0  0  1  0  0  0  0  17839  0  89  310  58856  11317  0  0  0  0  0  0  
1993  0  0  0  20  584  0  0  0  0  0  0  2131  55  0  20  0  0  0  0  0  0  0  105433  0  0  0  0  0  0  25  0  0  0  0  0  0  0  24846  2  0  0  0  0  0  0  9317  0  1  0  0  27  0  0  0  0  0  0  0  0  0  585  1690  0  0  0  0  0  0  594  0  0  0  0  0  0  0  0  0  0  0  0  0  0  0  0  0  0  0  0  0  0  0  0  0  0  0  0  0  0  0  0  0  0  0  0  0  0  0  0  0  0  0  0  0  0  0  0  0  0  0  0  0  0  0  0  0  0  0  0  0  0  0  0  0  0  0  0  0  0  0  0  0  0  0  0  0  0  0  0  0  0  20  0  0  0  0  0  0  0  
0  0  0  0  0  0  0  0  1694  11  41949  0  0  0  0  0  0  0  11  26770  0  19  1  0  11  0  38603  1  0  78036  0  0  0  0  0  0  0  0  0  0  1  0  0  51106  17  157  0  0  0  0  0  0  0  0  0  16970  109  7122  1315  0  2  0  0  0  0  14  6  0  0  0  23377  0  2  0  0  0  0  0  0  0  0  0  0  0  0  0  0  0  0  0  0  0  0  0  0  0  0  0  0  0  0  0  0  0  0  0  0  0  0  0  0  0  0  0  0  0  0  0  0  0  0  0  0  0  0  0  0  0  0  0  0  0  0  0  0  0  0  0  0  0  0  0  0  0  0  0  0  0  0  2  0  0  0  0  0  0  0  0  0  0  
0  0  0  0  0  42847  28648  21159  52783  86723  0  34  0  15  0  5  1  2  0  0  0  0  2  0  0  0  9  26  176  5611  0  20718  0  0  0  0  0  0  0  14  0  0  0  4020  4552  89  0  0  61  0  0  18  18  26  0  12  0  0  0  0  0  0  0  0  15  0  342  11  472  34  1239  0  0  0  0  0  0  0  0  2208  22  153  414  89  0  0  0  0  0  0  0  0  0  0  0  12  0  0  0  0  0  0  0  3  46  528  0  0  0  0  0  0  0  0  0  0  0  7  0  0  0  0  0  0  0  0  0  0  0  1  0  0  0  0  0  0  0  0  0  5794  1  0  0  3  17  0  0  0  0  20385  0  1  161  5  0  23  34  1  0  0  
0  0  12063  6740  0  0  0  71  168  1  0  0  0  0  0  0  154  0  0  0  0  0  0  0  238  80495  62085  85925  34  1341  0  0  0  0  0  19346  0  0  0  0  12110  0  0  2  37698  7797  0  836  2255  1  0  1  0  8  85  53244  0  1  23  0  0  0  0  0  9  565  0  435  120  0  2246  0  12  0  0  0  0  0  0  0  0  0  0  0  0  0  0  0  0  0  0  0  0  0  0  0  0  0  0  0  0  0  0  0  0  0  0  0  0  0  0  0  0  0  0  0  0  0  0  0  0  0  0  0  0  0  0  0  0  0  0  0  0  0  0  0  0  0  0  1  0  0  0  0  0  0  0  0  0  1912  0  2  758  13  0  0  0  0  0  0  
0  0  0  7516  0  1  0  1  1  0  0  32624  0  0  17080  0  0  1  0  0  0  0  0  0  0  0  33  1  39044  0  0  0  0  0  0  0  0  0  0  0  4  0  0  0  10481  8  0  0  4152  0  0  27994  0  8665  0  52  0  0  0  0  0  0  0  0  0  5  174  0  13635  0  1  0  0  0  0  0  0  0  0  0  0  0  0  0  0  0  0  0  0  0  0  0  0  0  0  0  0  0  0  0  0  0  0  0  0  0  0  0  0  0  0  0  0  0  0  0  0  0  0  0  0  0  0  0  0  0  0  0  0  0  0  0  0  0  0  0  0  0  0  0  0  0  0  0  0  0  0  0  0  11908  0  0  489  6  0  0  0  0  0  0  
0  0  38  0  0  0  0  2092  47  0  0  0  0  0  11698  22351  1  0  0  0  0  0  0  0  0  0  13  2  88111  0  0  0  0  0  0  0  0  0  0  0  1  0  0  1  74036  447  0  1  59  0  0  1  0  24375  0  59  0  0  0  0  0  0  0  0  0  269  189  21508  0  0  11  0  0  0  0  0  0  0  0  0  0  0  0  0  0  0  0  0  0  0  0  0  0  0  0  0  0  0  0  0  0  0  0  0  0  0  0  0  0  0  0  0  0  0  0  0  0  0  0  0  0  0  0  0  0  0  0  0  0  0  0  0  0  0  0  0  0  0  0  13  0  0  0  0  0  0  0  0  0  28354  0  4  215  19  0  2  0  0  0  0  
3736  0  0  0  6128  52994  0  0  0  0  0  0  0  0  0  9719  0  0  0  0  0  0  0  519  0  0  0  0  0  0  58390  15659  0  0  0  0  0  0  0  0  0  0  0  0  0  0  0  0  0  0  0  0  0  0  0  0  0  0  0  0  0  0  10738  247  0  33  0  0  0  0  0  0  0  0  0  0  0  0  0  5  0  0  0  0  0  0  0  0  0  1  0  0  0  0  0  0  0  0  0  0  0  0  0  0  47  1  0  0  0  0  0  0  0  0  0  0  0  0  0  0  0  0  0  0  0  0  0  0  0  0  0  0  0  0  0  0  0  0  0  0  0  0  0  6  0  0  0  0  0  0  0  26  62  30  0  0  0  0  0  0  
0  0  1  0  0  0  0  687  36160  17  0  0  0  0  0  0  0  0  0  0  0  0  2  0  0  0  16134  48  17  67507  0  0  0  0  0  0  0  0  0  0  0  0  0  614  657  8544  0  0  1  0  0  0  0  0  0  30330  0  3  0  0  0  0  0  0  12402  158  4582  5  39  0  0  0  0  0  0  0  0  0  0  0  0  0  12  0  0  0  0  0  0  0  0  0  0  0  0  0  0  0  0  0  0  0  0  71  0  0  0  0  0  0  0  0  0  0  0  0  0  0  0  0  0  0  0  0  0  0  0  0  0  0  0  0  0  0  0  0  0  0  0  0  0  0  0  0  25  0  0  0  0  29  0  0  14  1  0  0  0  0  0  0  
0  19  0  1  0  0  0  0  0  0  0  0  0  0  0  0  0  0  0  0  5  0  0  0  74  4  0  0  0  0  0  0  0  1074  13  0  91611  82526  0  0  178  0  12059  0  0  0  0  34  8  6829  0  0  0  0  0  246  0  0  17131  20533  100  0  0  0  0  0  0  0  0  0  0  0  16593  0  0  0  0  0  0  0  0  0  0  0  0  0  0  0  0  0  0  0  0  0  0  0  0  0  0  0  0  0  0  0  0  0  0  0  0  0  0  0  0  0  0  0  0  0  0  0  0  0  0  0  0  0  0  0  0  0  0  0  0  0  0  0  0  0  0  0  0  0  0  0  0  0  0  0  0  0  0  0  0  0  0  0  0  0  0  0  
0  0  0  67  0  0  0  0  0  0  0  0  0  0  0  0  0  0  14195  0  0  0  0  0  90197  15749  2  0  0  0  0  0  6616  89882  1254  5126  70  144571  0  0  20590  0  370  0  0  0  0  38177  235  5603  0  0  0  0  13675  25432  1010  33  22175  19039  81  0  0  0  1  0  9  0  0  0  0  9654  0  26025  0  0  0  0  0  0  0  0  0  0  0  0  0  0  0  0  0  0  0  0  0  0  0  0  0  0  0  0  0  0  0  0  0  0  0  0  0  0  0  0  0  0  0  0  0  0  0  0  0  0  0  0  0  0  0  0  0  0  0  0  0  0  0  0  0  0  0  0  0  0  0  0  0  0  26  0  4  0  0  0  0  0  0  0  0  0  
0  0  0  6  0  0  0  0  0  0  0  0  0  0  0  0  0  0  0  0  0  0  0  0  0  2  0  0  0  0  0  0  21003  41696  0  13413  0  0  0  0  11576  0  0  0  0  0  0  955  0  0  0  0  0  0  0  7  0  0  0  0  0  0  0  0  0  0  0  0  0  0  0  0  27120  0  0  0  0  0  0  0  0  0  0  0  0  0  0  0  0  0  0  0  0  0  0  0  0  0  0  0  0  0  0  0  0  0  0  0  0  0  0  0  0  0  0  0  0  0  0  0  0  0  0  0  0  0  0  0  0  0  0  0  0  0  0  0  0  0  0  0  0  0  0  0  0  0  0  0  0  0  0  0  0  0  0  0  0  0  0  0  
0  0  0  0  0  0  0  0  0  0  0  0  0  0  0  0  0  0  0  0  0  0  0  0  0  0  0  0  0  0  0  0  0  0  0  0  0  0  0  0  0  0  0  0  0  0  0  0  0  0  0  0  0  0  0  0  0  0  0  0  0  0  0  0  0  0  0  0  0  1  0  0  0  0  0  0  0  0  31326  2457  0  0  0  0  0  0  7  3  9483  8815  0  1  0  0  0  0  0  52543  0  0  0  0  0  0  4645  0  0  0  0  0  0  0  222  0  0  0  0  0  0  0  7366  0  271  0  0  98  20626  0  0  0  0  0  0  0  0  465  107  9851  0  0  0  0  0  3141  0  0  0  0  0  0  0  0  0  0  0  2  0  0  29  0  
0  0  0  0  0  0  0  0  0  0  0  0  0  0  0  0  0  0  0  0  0  0  0  0  0  0  0  0  0  0  0  0  0  0  0  0  0  0  0  0  0  0  0  0  0  0  0  0  0  0  0  0  0  0  0  0  0  0  0  0  0  0  0  0  0  0  0  0  0  0  0  0  0  0  0  0  0  0  0  0  0  0  0  0  1  0  0  0  0  0  0  0  31143  77  29697  8  0  0  0  0  0  0  0  0  0  0  0  0  0  0  8336  153  0  0  1  24550  0  35  0  0  0  0  0  190  12869  0  0  0  0  0  10246  8  40309  42308  15421  0  0  0  31  0  0  0  0  0  0  6503  3645  0  0  0  0  0  0  0  0  0  1  0  0  0  
0  0  187  0  0  0  0  0  0  0  0  0  0  0  0  10  0  0  0  0  0  0  0  0  0  0  0  0  0  0  0  0  0  0  0  0  0  0  0  0  0  0  0  0  0  0  0  0  0  0  0  0  0  0  0  0  0  0  0  0  0  0  0  0  0  0  0  0  0  0  0  0  0  0  0  0  0  0  0  0  0  5963  0  0  0  0  0  0  0  21718  0  0  0  0  0  0  0  0  0  0  12372  16124  38801  9767  0  0  0  0  0  0  0  0  0  0  0  0  0  0  78570  27070  0  0  0  0  0  0  0  0  0  0  0  0  0  0  0  0  0  0  0  0  5638  0  0  0  0  0  0  0  0  0  0  0  0  0  0  0  0  0  0  0  
0  0  0  0  0  0  0  0  0  0  0  0  0  0  0  0  0  0  0  0  0  0  0  0  0  0  0  0  0  0  0  0  0  0  0  0  0  0  0  0  0  0  0  0  0  0  0  0  0  0  0  0  0  0  0  0  0  0  0  0  0  0  0  0  0  0  0  0  0  0  0  0  0  0  0  0  0  0  0  0  0  0  0  0  0  16818  0  0  0  0  1  4  0  0  0  0  0  0  5  46803  0  10486  19083  0  0  0  152  149  10  17  0  0  0  0  31169  0  0  0  15829  0  0  2  28057  0  0  0  0  0  0  7  7  9  0  0  1  0  0  0  1  0  1  1240  0  0  0  0  372  11  0  0  0  0  0  0  0  0  0  0  4  0  
0  0  0  0  0  0  0  0  0  0  0  0  0  0  0  0  0  0  0  0  0  0  0  0  0  0  0  0  0  0  0  0  0  0  0  0  0  0  0  0  0  0  0  0  0  0  0  0  0  0  0  0  0  0  0  0  0  0  0  0  0  0  0  0  0  0  0  0  0  0  0  0  0  0  33009  0  0  0  0  1416  0  0  0  0  0  0  0  0  16795  61689  0  0  0  0  0  0  0  8  0  0  0  0  0  0  0  0  0  0  0  0  0  0  0  0  0  0  0  0  0  0  0  0  0  0  0  0  20720  0  0  0  0  0  0  0  0  0  0  0  0  0  0  0  0  1132  0  0  0  0  0  0  0  0  0  0  0  0  0  0  0  0  
0  0  0  0  0  1086  1  0  0  0  0  0  0  0  0  4  0  0  0  0  0  0  0  0  0  0  0  0  0  0  5  4  0  0  0  0  0  0  0  0  0  0  0  0  0  0  0  0  0  0  0  0  0  0  0  0  0  0  0  0  0  0  0  0  0  4211  0  0  0  2  0  0  0  0  1775  0  0  0  774  0  18422  0  0  0  0  0  0  0  1915  65129  0  0  0  0  0  0  0  407  0  0  0  0  0  0  6318  10095  0  0  0  0  0  0  0  0  0  0  0  0  0  0  1  0  0  0  0  0  5911  762  0  0  0  0  0  0  0  0  1017  473  0  39656  0  0  0  29352  0  0  0  0  0  0  0  0  0  0  0  682  0  0  9  0  
0  0  0  0  0  1  27  3  0  0  0  0  0  0  0  6  0  0  0  0  0  0  0  0  0  0  0  0  0  0  0  0  0  0  0  0  0  0  0  0  0  0  0  0  0  0  0  0  0  0  0  0  0  0  0  0  0  0  0  0  0  0  0  0  0  12  0  0  0  0  0  0  0  0  0  0  0  0  0  18491  0  22550  4  0  0  0  0  0  2  47048  0  0  0  0  0  0  0  0  0  0  0  0  0  0  0  0  0  0  0  0  0  0  0  0  0  0  0  0  0  0  0  0  0  0  0  0  25  32895  0  0  0  0  0  0  0  0  0  0  0  26883  0  0  0  0  10  0  0  0  0  1  0  0  0  0  0  0  0  0  0  0  
0  0  2  0  0  0  7  38  0  1  0  0  0  0  0  5  0  0  0  0  0  0  0  0  0  0  0  0  0  0  0  0  0  0  0  0  0  0  0  0  0  0  0  0  2  0  0  0  0  0  0  0  0  0  0  0  0  0  0  0  0  0  0  0  0  173  0  0  1  0  0  0  0  0  0  0  4269  0  0  0  22738  0  20153  0  0  0  0  0  0  36379  0  0  0  0  0  0  0  0  0  0  0  0  2342  0  0  0  0  0  0  0  0  0  0  0  0  0  0  0  44778  26213  0  0  0  0  0  0  0  2313  0  14  0  0  0  0  0  0  0  0  0  31478  92  0  10717  0  4929  0  0  0  0  2  0  0  0  0  0  0  0  0  1  0  
0  0  1  0  0  0  0  120  260  18  0  0  0  0  0  0  0  0  0  0  0  0  0  0  0  0  0  0  0  8  0  0  0  0  0  0  0  0  0  0  0  0  0  0  1  1  0  0  0  0  0  0  0  0  0  0  0  0  0  0  0  0  0  0  0  759  0  0  0  0  11  0  0  0  0  0  0  0  0  0  11  18417  0  6525  0  0  0  0  0  11  0  0  0  0  0  0  0  0  0  0  0  0  5  3824  0  0  0  0  0  0  0  0  0  0  0  0  0  952  72  14287  0  0  0  0  0  0  0  52  0  134  0  0  0  0  0  0  0  0  2138  34260  290  1  9  0  44255  0  0  0  0  0  0  0  0  0  0  8  1  0  8  0  
0  0  0  0  0  0  0  0  21  1097  0  0  0  0  0  0  0  0  0  0  0  0  0  0  0  0  0  0  0  11  0  0  0  0  0  0  0  0  0  0  0  0  0  0  0  0  0  0  0  0  0  0  0  0  0  0  0  0  0  0  0  0  0  0  0  196  0  0  0  0  1  0  0  0  0  0  0  0  0  0  0  0  9784  0  0  0  0  0  0  0  0  0  0  0  0  864  3287  0  0  0  0  0  0  11205  0  0  0  0  0  0  0  0  0  0  0  0  0  28351  0  0  0  0  0  0  0  0  0  0  0  0  0  0  0  0  0  0  0  0  583  28980  0  0  0  0  15  0  0  0  0  0  0  0  0  0  0  0  4318  1  0  0  
0  0  0  0  0  0  0  0  0  0  2046  0  0  0  0  0  0  0  0  0  0  178  0  0  0  0  0  0  0  28  0  0  0  0  0  0  0  0  0  0  0  0  0  21  0  0  0  0  0  0  0  0  0  0  0  0  0  0  0  0  0  0  0  0  1  0  0  0  0  0  0  0  0  0  0  1  0  0  0  0  0  0  0  0  0  0  0  0  0  0  0  0  1  65455  0  1940  0  0  0  0  0  0  0  256  0  0  0  0  0  0  0  0  0  0  0  13720  0  71179  0  0  0  0  0  0  0  0  0  0  0  0  0  868  0  0  436  0  0  0  36018  0  0  0  0  0  0  0  0  0  0  0  0  0  0  0  0  0  0  0  0  0  
0  0  0  0  0  0  0  0  0  0  0  0  0  0  0  0  0  0  0  0  0  0  0  0  0  0  0  0  0  0  0  0  0  0  0  0  0  0  0  0  0  0  0  0  0  0  0  0  0  0  0  0  0  0  0  0  0  0  0  0  0  0  0  0  0  0  0  0  0  0  0  0  0  0  0  0  0  19975  0  0  0  0  0  0  0  0  0  13659  72  0  31  158  0  0  0  0  0  0  0  0  0  0  3752  0  0  0  3  16  14  0  0  0  33  18079  39  0  0  0  408  0  82  1  45334  0  0  9616  0  0  0  0  0  0  0  0  0  0  0  0  0  0  0  36097  0  0  0  0  0  0  0  0  0  0  0  0  0  0  0  0  178  0  
0  0  0  0  0  0  0  0  0  0  0  0  0  0  0  0  0  0  0  0  0  0  0  0  0  0  0  0  0  0  0  0  0  0  0  0  0  0  0  0  0  0  0  0  0  0  0  0  0  0  0  0  0  0  0  0  0  0  0  0  0  0  0  0  0  0  0  0  0  0  0  0  0  0  59  0  0  0  0  0  0  0  0  0  0  0  0  15053  2  0  0  3  0  0  0  0  0  22060  0  0  0  0  0  0  0  0  0  0  0  0  0  0  8324  2  0  0  0  0  0  0  14002  0  2  0  0  174  0  0  0  0  0  0  0  0  0  17882  0  1246  0  0  0  0  0  0  0  0  0  0  0  0  0  0  0  0  0  0  0  0  0  0  
0  0  0  0  0  0  0  0  0  0  0  0  0  0  0  0  0  0  0  0  0  0  0  0  0  0  0  0  0  0  0  0  0  0  0  0  0  0  0  0  0  0  0  0  0  0  0  0  0  0  0  0  0  0  0  0  0  0  0  0  0  0  0  0  0  0  0  0  0  0  0  0  0  0  0  0  0  0  0  0  0  0  0  0  0  14181  13931  0  4984  0  0  57  0  0  0  0  0  49  0  0  0  0  0  0  0  0  0  0  0  0  0  0  23355  11555  0  0  0  0  0  0  5384  0  1408  0  0  44523  9  0  0  0  0  0  0  0  0  15442  0  0  0  0  0  19  0  0  0  0  0  0  0  0  0  0  0  0  0  0  0  0  10  0  
0  0  0  0  0  0  0  0  0  0  0  0  0  0  0  0  0  0  0  0  0  0  0  0  0  0  0  0  0  0  0  0  0  0  0  0  0  0  0  0  0  0  0  0  0  0  0  0  0  0  0  0  0  0  0  0  0  0  0  0  0  0  0  0  0  0  0  0  0  0  0  0  0  0  10595  0  0  0  15626  1297  0  0  0  0  0  43  5  4315  0  25537  0  7  0  0  0  0  0  5363  0  0  0  0  8786  0  0  0  0  0  0  0  0  0  74  1  0  0  0  0  1076  0  1190  0  97  0  0  89932  97598  46355  0  0  0  0  0  0  0  13792  0  56  0  0  3  22110  8622  0  0  0  0  0  0  0  0  0  0  0  0  3  0  0  2  0  
0  0  52  0  0  0  0  2  0  0  0  0  0  0  0  28  0  0  0  0  0  0  0  0  0  0  0  0  0  0  3  0  0  0  0  0  0  0  0  0  0  0  0  0  0  0  0  0  0  0  0  0  0  0  0  0  0  0  0  0  0  0  0  0  0  0  0  0  0  0  0  0  0  0  8078  0  20889  0  61597  66673  49104  35211  0  0  0  0  0  0  25876  0  0  0  0  0  0  0  0  109  0  0  0  0  26626  0  253  0  0  0  0  0  0  0  0  0  0  0  0  0  16109  2  0  0  0  0  0  1  395  82702  0  0  0  0  0  0  0  0  1  0  0  1  0  1  23437  19814  10  0  0  0  0  0  0  0  0  0  0  1  0  0  0  0  
0  0  0  0  0  0  0  0  0  0  0  0  0  0  0  0  0  0  0  0  0  0  0  0  0  0  0  0  0  0  0  0  0  0  0  0  0  0  0  0  0  0  0  0  0  0  0  0  0  0  0  0  0  0  0  0  0  0  0  0  0  0  0  0  0  0  0  0  0  0  0  0  0  0  0  0  0  4  0  0  0  0  0  0  0  29  0  0  0  0  0  39907  0  0  0  0  11151  639  2  0  0  0  0  0  0  2  19  1  4082  0  0  0  0  0  11663  0  21  0  0  0  4  42725  12790  0  0  0  0  0  0  4  45  5  0  0  0  0  28  2  155  0  19  5  0  0  1  0  121  0  0  0  0  0  0  0  9057  0  127  23  21803  13  
0  0  0  0  0  0  0  0  0  0  0  0  0  0  0  0  0  0  0  0  0  0  0  0  0  0  0  0  0  0  0  0  0  0  0  0  0  0  0  0  0  0  0  0  0  0  0  0  0  0  0  0  0  0  0  0  0  0  0  0  0  0  0  0  0  0  0  0  0  0  0  0  0  0  0  0  0  5  0  0  0  0  0  0  0  217  4  40  18  0  37091  0  0  0  0  0  34669  8276  0  0  0  0  0  0  2  1  0  5  3831  0  0  0  96  50  45  0  0  0  0  0  35505  1559  41485  0  0  51  38  0  0  0  0  0  0  0  0  0  4200  10  0  0  0  4  0  0  0  0  0  0  0  0  0  0  0  0  6288  0  21  11  26385  5  
0  0  0  0  0  0  0  0  0  0  0  0  0  0  0  0  0  0  0  0  0  0  0  0  0  0  0  0  0  0  0  0  0  0  0  0  0  0  0  0  0  0  0  0  0  0  0  0  0  0  0  0  0  0  0  0  0  0  0  0  0  0  0  0  0  0  0  0  0  0  0  0  0  0  0  29772  0  0  0  0  0  0  0  0  2  0  0  0  0  0  0  0  0  11128  9  67  0  0  20365  0  0  0  0  0  0  0  0  0  0  0  0  9  0  0  43  30334  0  22  13  0  0  0  0  0  271  0  0  0  0  4842  83484  56016  21529  1  137  0  0  0  23  0  0  0  0  0  0  24  34900  0  0  0  0  0  0  0  0  0  0  0  2  0  
0  0  0  0  0  0  0  0  0  0  2  0  0  0  0  0  0  0  0  0  0  0  0  0  0  0  0  0  0  0  0  0  0  0  0  0  0  0  0  0  0  0  0  0  0  0  0  0  0  0  0  0  0  0  0  0  0  0  0  0  0  0  0  0  0  0  0  0  0  0  0  0  0  0  0  11  0  0  0  0  0  0  0  0  60410  0  0  0  0  0  0  0  12431  0  0  370  0  0  3  0  15796  0  0  135  0  0  0  0  0  0  0  0  0  0  0  31049  0  20731  0  0  0  0  0  0  6  0  0  0  0  13552  381  42310  0  0  3677  0  0  0  34109  0  0  0  0  0  49  0  0  0  0  0  0  0  0  0  0  0  0  0  0  0  
0  0  0  0  0  0  0  0  0  0  0  0  0  0  0  0  0  0  0  0  0  0  0  0  0  0  0  0  0  0  0  0  0  0  0  0  0  0  0  0  0  0  0  0  0  0  0  0  0  0  0  0  0  0  0  0  0  0  0  0  0  0  0  0  0  0  0  0  0  0  0  0  0  0  0  25094  0  0  0  0  0  0  0  0  0  0  0  0  0  0  0  0  28  0  0  176  333  0  0  0  0  0  0  0  0  0  0  0  0  0  527  0  0  0  0  1297  0  0  0  0  0  0  0  22220  13426  0  0  0  0  0  6  0  625  54933  81940  0  0  0  1  0  0  0  0  0  0  2  4  0  0  0  0  0  0  0  0  0  11  0  0  0  
0  0  0  0  0  0  0  0  0  34  56  0  0  0  0  0  0  0  0  0  0  635  0  0  0  0  0  0  0  63  0  0  0  0  0  0  0  0  0  0  0  0  0  4  0  0  0  0  0  0  0  0  0  0  0  0  0  0  0  0  0  0  0  0  0  20  0  0  0  0  0  0  0  0  0  1  0  0  0  0  0  0  0  328  1454  0  0  0  0  0  0  0  162  715  80  0  11945  0  0  0  0  0  0  87  0  0  0  0  0  0  0  0  0  0  0  64538  0  78511  0  0  0  0  0  0  14206  0  0  0  0  0  89  341  0  0  118170  0  0  0  137  5  0  0  0  0  0  0  0  0  0  0  0  0  0  0  0  0  236  1  0  0  
0  0  0  0  0  0  0  0  0  3  0  0  0  0  0  0  0  0  0  0  0  0  0  0  0  0  0  0  0  0  0  0  0  0  0  0  0  0  0  0  0  0  0  0  0  0  0  0  0  0  0  0  0  0  0  0  0  0  0  0  0  0  0  0  0  0  0  0  0  0  0  0  0  0  0  0  0  0  0  0  0  0  0  2776  0  0  0  0  0  0  16315  28868  0  0  158  11203  0  8014  0  0  0  0  0  0  4  23  0  0  9318  0  127  0  0  0  0  0  28069  3502  0  0  1088  440  4  12782  0  0  0  0  0  0  0  0  0  2  30368  0  17365  7  0  0  0  0  0  0  0  1  2  0  0  0  0  0  0  0  34803  0  65520  375  1888  14  
0  0  0  0  0  0  0  0  0  0  0  0  0  0  0  0  0  0  0  0  0  0  0  0  0  0  0  0  0  0  1  0  0  0  0  0  0  0  0  0  0  0  0  0  0  0  0  0  0  0  0  0  0  0  0  0  0  0  0  0  0  0  0  0  0  0  0  0  0  0  0  0  0  0  50153  0  0  0  5  374  0  0  0  0  0  0  32604  12  5376  64  947  10096  0  0  0  0  8797  0  0  0  0  0  0  0  7558  28  0  0  3  0  0  0  842  0  0  0  0  0  0  0  40500  0  2  0  0  2  32  0  0  0  0  0  0  0  0  15190  75315  110462  0  0  0  0  0  932  0  0  0  0  0  0  0  0  0  0  14  10  3  25  17497  1  
0  0  0  0  0  0  0  0  0  0  0  0  0  0  0  0  0  0  0  0  0  0  0  0  0  0  0  0  0  0  0  0  0  0  0  0  0  0  0  0  0  0  0  0  0  0  0  0  0  0  0  0  0  0  0  0  0  0  0  0  0  0  0  0  0  0  0  0  0  0  0  0  0  0  0  0  0  8  0  0  0  0  0  0  0  0  0  0  0  0  2  0  22526  20  0  0  0  0  0  33509  174  0  0  0  0  0  0  10567  0  2392  0  4582  0  0  735  0  0  0  21  0  0  1  16  0  0  0  0  0  30436  85254  5  1420  126  16  5  0  0  0  32  0  50  9  0  0  0  7  181028  0  0  0  0  0  0  0  0  89  0  0  862  0  
0  0  0  0  0  0  0  0  0  0  0  0  0  0  0  0  0  0  0  0  0  0  0  0  0  0  0  0  0  0  0  0  0  0  0  0  0  0  0  0  0  0  0  0  0  0  0  0  0  0  0  0  0  0  0  0  0  0  0  0  0  0  0  0  0  0  0  0  0  0  0  0  0  0  0  0  0  59341  0  0  0  0  0  0  0  0  0  0  0  0  0  0  0  0  0  0  0  0  30039  0  0  12341  0  0  0  0  49  2804  0  41261  0  0  0  0  54127  0  0  0  712  0  0  2  39  0  0  0  0  0  3964  7346  2  0  0  0  0  0  0  0  0  0  36764  1  0  0  0  0  642  456  0  0  0  0  0  0  0  0  0  0  9  0  
0  0  0  0  0  0  0  0  0  0  0  0  0  0  0  0  0  0  0  0  0  0  0  0  0  0  0  0  0  68  0  0  0  0  0  0  0  0  0  0  0  0  0  0  0  0  0  0  0  0  0  0  0  0  0  0  0  0  0  0  0  0  0  0  0  0  0  0  0  0  0  0  0  0  0  0  12132  0  0  0  0  6  1  0  0  0  0  0  0  0  0  0  0  15503  0  0  0  0  137  0  0  53  1  116773  0  0  0  0  0  0  0  0  0  0  0  0  0  0  49  12130  0  0  0  0  0  0  0  0  0  108679  0  0  0  0  0  0  0  0  8721  0  30481  0  0  0  2300  0  0  0  0  0  0  0  0  0  0  0  0  0  0  0  
0  0  0  0  0  0  0  0  0  0  0  0  0  0  0  0  0  0  0  0  0  0  0  0  0  0  0  0  0  0  0  0  0  0  0  0  0  0  0  0  0  0  0  0  0  0  0  0  0  0  0  0  0  0  0  0  0  0  0  0  0  0  0  0  0  0  0  0  0  0  0  0  0  0  0  0  16806  10198  0  0  0  0  0  0  0  0  0  0  0  0  0  0  0  0  0  0  0  0  0  12283  31  0  206  0  0  0  0  0  0  0  0  0  0  0  1  0  0  0  90837  18  0  0  1  0  0  0  0  0  0  1  0  0  0  0  0  0  0  0  0  0  67533  0  0  0  0  0  0  0  0  0  0  0  0  0  0  0  0  0  0  0  
0  0  0  0  0  0  0  0  0  0  0  0  0  0  0  0  0  0  0  0  0  0  0  0  0  0  0  0  0  0  0  0  0  0  0  0  0  0  0  0  0  0  0  0  0  0  0  0  0  0  0  0  0  0  0  0  0  0  0  0  0  0  0  0  0  0  0  0  0  0  0  0  0  0  0  0  45409  19631  0  0  0  694  19  0  0  3619  0  0  17462  21799  0  0  0  0  0  0  0  0  0  0  0  174  0  0  0  0  0  0  0  0  0  0  0  0  0  0  0  0  121232  26  0  0  1  0  0  16  0  53  0  20  0  0  0  0  0  0  0  0  1  42  168  52616  61018  0  56  0  0  0  0  0  0  0  0  0  0  17  0  0  2  0  
0  0  0  0  0  0  0  0  23  37  1  0  0  0  0  0  0  0  0  0  0  0  0  0  0  0  0  0  0  3903  0  0  0  0  0  0  0  0  0  0  0  0  0  0  0  0  0  0  0  0  0  0  0  0  0  0  0  0  0  0  0  0  0  0  0  11  0  0  0  0  67  0  0  0  0  0  9503  0  0  0  0  0  5079  10986  117  0  0  0  0  0  0  0  0  90  0  58  0  0  0  0  117660  0  0  0  0  0  0  0  0  0  0  0  0  0  0  0  0  4580  25  27852  0  0  0  0  0  0  0  0  0  8069  0  0  0  0  0  0  0  0  56810  17  63  0  0  0  69881  0  0  0  0  0  0  0  0  0  0  0  6  0  0  0  
0  0  0  0  0  32  0  0  0  0  0  0  0  0  0  0  0  0  0  0  0  0  0  2  0  0  0  0  0  0  116  14  0  0  0  0  0  0  0  0  0  0  0  0  0  0  0  0  0  0  0  0  0  0  0  0  0  0  0  0  0  0  2  0  0  49  0  0  0  18  0  0  0  0  3790  0  0  0  2  7124  0  0  0  0  0  0  0  0  0  144  2  1  0  0  0  0  6  7206  0  0  0  0  0  0  0  19081  0  0  0  0  0  0  0  0  0  0  0  0  0  0  0  0  0  0  0  0  0  0  0  0  0  0  0  0  0  0  63624  26  0  0  0  0  0  20746  0  0  0  0  0  0  0  0  0  0  2  260  1  51  3870  378  
0  0  0  0  0  45  0  0  0  0  0  0  0  0  0  0  0  0  0  0  0  0  0  0  0  0  0  0  0  0  0  835  0  0  0  0  0  0  0  0  0  0  0  0  0  0  0  0  0  0  0  0  0  0  0  0  0  0  0  0  0  0  0  0  0  2130  0  0  0  0  0  0  0  0  0  0  0  0  0  8960  0  0  0  0  0  0  0  0  0  0  0  0  0  0  0  0  4  7  0  0  0  0  0  0  18293  0  0  0  0  0  0  0  0  0  0  0  0  0  0  0  0  0  0  0  0  0  0  0  0  0  0  0  0  0  0  0  17749  11  0  3149  0  0  0  1  0  0  0  0  0  0  0  4  0  3  5  3607  1  90  4466  546  
0  0  0  0  0  0  0  0  0  0  0  0  0  0  0  0  0  0  0  0  0  0  0  0  0  0  0  0  0  0  0  0  0  0  0  0  0  0  0  0  0  0  0  0  0  0  0  0  0  0  0  0  0  0  0  0  0  0  0  0  0  0  0  0  0  0  0  0  0  0  0  0  0  0  0  0  0  391  0  0  0  0  0  0  0  5  0  0  0  0  22  0  0  0  0  0  0  0  0  32  0  0  0  0  0  0  0  15777  4813  2306  0  0  0  0  10170  0  0  0  0  0  0  23467  2  0  0  0  0  0  0  0  0  0  0  0  0  0  0  0  0  0  0  0  0  0  0  0  1574  14817  0  0  0  0  0  0  0  0  0  0  3  0  
0  0  0  0  0  0  0  0  0  0  0  0  0  0  0  0  0  0  0  0  0  0  0  0  0  0  0  0  0  0  0  0  0  0  0  0  0  0  0  0  0  0  0  0  0  0  0  0  0  0  0  0  0  0  0  0  0  0  0  0  0  0  0  0  0  0  0  0  0  0  0  0  0  0  0  0  0  149  0  0  0  0  0  0  0  11  0  0  0  0  1  1  0  0  0  0  0  0  9392  2908  0  0  0  0  0  0  15274  0  54418  41160  0  2065  0  0  133  0  18168  0  0  0  0  13121  0  0  0  0  0  0  0  0  0  0  0  0  0  0  0  0  0  0  0  0  0  0  0  657  66637  1680  0  0  0  0  0  0  0  0  0  0  0  0  
0  0  0  0  0  0  0  0  0  0  0  0  0  0  0  0  0  0  0  0  0  0  0  0  0  0  0  0  0  0  0  0  0  0  0  0  0  0  0  0  0  0  0  0  0  0  0  0  0  0  0  0  0  0  0  0  0  0  0  0  0  0  0  0  0  0  0  0  0  0  0  0  0  0  0  0  0  31  0  0  0  0  0  0  0  10  0  0  0  0  4374  4398  0  0  0  0  10089  8  0  0  0  0  0  0  0  0  4847  48590  0  0  0  3  0  0  0  0  22775  0  0  0  1  38066  1  56  0  0  0  0  0  0  0  0  0  5  1  0  7  0  0  0  0  0  0  0  0  532  5462  0  0  0  0  0  0  0  1892  0  8  2  6  0  
0  0  0  0  0  0  0  0  0  0  0  0  0  0  0  0  0  0  0  0  0  0  0  0  0  0  0  0  0  0  0  0  0  0  0  0  0  0  0  0  0  0  0  0  0  0  0  0  0  0  0  0  0  0  0  0  0  0  0  0  0  0  0  0  0  0  0  0  0  0  0  0  0  0  0  0  0  19  0  0  0  0  0  0  0  0  0  0  0  0  0  0  0  0  0  0  0  0  2408  39386  0  0  0  0  0  0  2424  37083  0  0  0  0  0  0  29731  0  0  0  1  0  0  0  0  0  0  0  0  0  1  190  0  0  0  0  0  0  0  0  0  0  95  0  0  0  0  0  2992  16630  0  0  0  0  0  0  0  0  0  0  1  0  
0  0  0  0  0  0  0  0  0  0  0  0  0  0  0  0  0  0  0  0  0  0  0  0  0  0  0  0  0  0  0  0  0  0  0  0  0  0  0  0  0  0  0  0  0  0  0  0  0  0  0  0  0  0  0  0  0  0  0  0  0  0  0  0  0  0  0  0  0  0  0  0  0  0  0  10507  0  0  0  0  0  0  0  0  0  0  0  0  0  0  0  0  0  0  342  0  90  0  0  0  0  0  0  0  0  0  0  0  0  0  0  20940  0  0  0  0  18986  0  0  0  0  0  0  43247  0  0  0  0  0  0  0  0  7136  42590  12  0  0  0  0  0  0  0  0  0  0  88969  42  0  0  0  0  0  0  0  0  0  1  0  0  0  
0  0  0  0  0  0  0  0  0  0  0  0  0  0  0  0  0  0  0  0  0  0  0  0  0  0  0  0  0  0  0  0  0  0  0  0  0  0  0  0  0  0  0  0  0  0  0  0  0  0  0  0  0  0  0  0  0  0  0  0  0  0  0  0  0  0  0  0  0  0  0  0  0  0  0  187  0  0  0  0  0  0  0  0  0  0  0  0  0  0  0  0  10  0  0  0  0  0  5875  0  0  0  0  0  0  0  0  2813  2  0  18809  0  0  0  1  0  20134  0  0  0  0  99  0  144  0  0  0  0  0  0  0  0  6242  250  0  0  0  0  0  0  0  0  0  0  0  99106  121338  0  0  0  0  0  0  0  0  0  0  0  0  0  
0  0  0  0  0  0  0  0  0  0  0  0  0  0  0  0  0  0  0  0  0  0  0  0  0  0  0  0  0  0  0  0  0  0  0  0  0  0  0  0  0  0  0  0  0  0  0  0  0  0  0  0  0  0  0  0  0  0  0  0  0  0  0  0  0  0  0  0  0  0  0  0  0  0  1336  0  0  0  0  0  0  0  0  0  0  124  9445  24897  123  0  0  71  0  0  0  0  0  222  0  0  0  0  0  0  0  0  0  0  0  0  0  0  0  13612  0  0  0  0  0  0  12781  0  17734  0  0  1210  21  0  0  0  0  0  0  0  0  1342  0  870  0  0  0  1  0  0  0  0  0  0  0  0  0  0  0  0  0  0  0  0  0  0  
0  0  0  0  0  0  0  0  0  0  0  0  0  0  0  0  0  0  0  0  0  0  0  0  0  0  0  0  0  0  0  0  0  0  0  0  0  0  0  0  0  0  0  0  0  0  0  0  0  0  0  0  0  0  0  0  0  0  0  0  0  0  0  0  0  0  0  0  0  0  0  0  0  0  0  0  0  0  0  0  0  0  0  0  0  15783  2  13774  0  0  0  26  0  0  0  0  0  0  0  0  0  0  0  0  0  0  0  0  0  0  0  0  8053  0  0  0  0  0  0  0  415  0  11562  0  0  479  2  0  0  0  0  0  0  0  0  0  0  0  0  0  0  1228  0  0  0  0  0  0  0  0  0  0  0  0  0  1  0  0  28  0  
0  0  0  0  0  0  0  0  0  0  0  0  0  0  0  0  0  0  0  0  0  0  0  0  0  0  0  0  0  0  0  0  0  0  0  0  0  0  0  0  0  0  0  0  0  0  0  0  0  0  0  0  0  0  0  0  0  0  0  0  0  0  0  0  0  0  0  0  0  0  0  0  0  0  0  0  0  35063  0  0  0  0  3  0  0  11  0  0  0  0  8286  51  12  0  0  0  0  0  798  44680  0  0  0  0  0  0  8756  64  0  27868  0  0  0  0  0  0  0  1  1748  0  0  52324  25610  0  1  0  0  0  0  532  2840  421  30  0  8  0  0  0  3575  0  1678  9  0  0  17  0  21498  3866  0  0  0  0  0  0  0  220  0  2  23496  0  
0  0  0  0  0  0  0  0  0  0  33  0  0  0  0  0  0  0  0  0  0  12  0  0  0  0  0  0  0  0  0  0  0  0  0  0  0  0  0  0  0  0  0  4  0  0  0  0  0  0  0  0  0  0  0  0  0  0  0  0  0  0  0  0  0  0  0  0  0  0  0  0  0  0  0  22372  0  0  0  0  0  0  0  0  13438  0  0  0  0  0  0  0  31050  32695  525  63871  0  0  0  0  0  0  0  0  0  0  0  0  0  0  0  0  0  0  0  0  0  25616  0  0  0  0  0  0  29662  0  0  0  0  0  468  27  1  0  2618  0  0  0  0  0  0  0  0  0  0  0  0  0  0  0  0  0  0  0  0  0  0  0  0  0  
0  0  0  0  0  0  0  0  0  0  0  0  0  0  0  0  0  0  0  0  0  0  0  0  0  0  0  0  0  0  0  0  0  0  0  0  0  0  0  0  0  0  0  0  0  0  0  0  0  0  0  0  0  0  0  0  0  0  0  0  0  0  0  0  0  0  0  0  0  0  0  0  0  0  0  0  0  0  0  0  0  0  0  0  0  0  0  0  0  0  43  2  0  0  0  0  32415  0  0  0  0  0  0  0  0  0  0  18609  25548  0  17465  20361  0  0  0  0  0  0  0  0  0  3521  0  16867  0  0  0  0  0  0  0  0  0  6  0  0  0  0  0  0  0  0  0  0  0  10106  3267  0  0  0  0  0  0  0  1999  0  73  0  5  0  
0  0  0  0  0  0  0  0  0  90  8  0  0  0  0  0  0  0  0  0  0  12  0  0  0  0  0  0  0  0  0  0  0  0  0  0  0  0  0  0  0  0  0  0  0  0  0  0  0  0  0  0  0  0  0  0  0  0  0  0  0  0  0  0  0  8  0  0  0  0  0  0  0  0  0  69  0  0  0  0  0  0  3590  24849  61023  0  0  0  0  0  0  0  48  18516  0  82710  3151  0  0  0  0  0  0  4279  0  0  0  0  0  0  0  0  0  0  1  27320  0  0  0  0  0  0  1  0  1  0  0  0  0  0  367  1626  4  0  14523  0  0  0  43232  753  0  0  0  0  846  0  0  0  0  0  0  0  0  0  0  0  709  2  4  0  
0  0  0  0  0  0  0  0  0  0  0  0  0  0  0  0  0  0  0  0  0  0  0  0  0  0  0  0  0  0  0  0  0  0  0  0  0  0  0  0  0  0  0  0  0  0  0  0  0  0  0  0  0  0  0  0  0  0  0  0  0  0  0  0  0  1  0  0  0  0  0  0  0  0  0  0  52004  18144  0  0  0  41849  566  0  0  91  0  0  1070  6554  0  0  0  0  0  0  0  0  3  451  3  87309  112779  0  0  0  0  0  0  0  0  0  0  2  660  0  0  0  0  31116  0  4  7401  0  0  38  0  686  0  162  115  9  1  0  0  0  0  0  7  871  29945  7667  18630  0  836  0  177  0  0  2  0  0  0  0  0  569  0  0  227  0  
0  0  2  0  0  0  0  2  1  0  0  0  0  0  0  0  0  0  0  0  0  0  0  0  0  0  0  0  0  0  0  0  0  0  0  0  0  0  0  0  0  0  0  0  0  0  0  0  0  0  0  0  0  0  0  0  0  0  0  0  0  0  0  0  0  0  0  0  0  0  0  0  0  0  0  0  25838  0  0  0  1  31353  12746  0  0  0  0  0  0  137  0  0  0  0  0  0  0  0  0  0  10920  10  145  29647  0  0  0  0  0  0  0  0  0  0  0  0  0  0  38208  0  0  0  0  0  0  0  0  56  0  114  0  0  0  0  0  0  0  0  0  30  47463  3  912  0  14788  0  0  0  0  0  0  0  0  0  0  3  0  0  3  0  
0  0  0  0  0  0  0  0  0  0  0  0  0  0  0  0  0  0  0  0  0  0  0  0  0  0  0  0  0  0  0  0  0  0  0  0  0  0  0  0  0  0  0  0  0  0  0  0  0  0  0  0  0  0  0  0  0  0  0  0  0  0  0  0  0  0  0  0  0  0  0  0  0  0  9508  0  0  0  0  1  0  0  0  0  0  17  20259  1750  536  0  1  28963  0  0  0  0  734  41351  0  0  0  0  0  0  0  0  0  0  0  0  0  0  12102  255  0  0  0  0  0  0  0  7  7668  0  0  288  2382  0  0  0  0  0  0  0  0  4  2402  16971  0  0  0  0  0  0  0  0  0  0  0  0  0  0  0  0  89  29  0  0  43513  1  
0  0  0  0  0  0  0  0  0  0  0  0  0  0  0  0  0  0  0  0  0  0  0  0  0  0  0  0  0  0  0  0  0  0  0  0  0  0  0  0  0  0  0  0  0  0  0  0  0  0  0  0  0  0  0  0  0  0  0  0  0  0  0  0  0  0  0  0  0  0  0  0  0  0  0  0  0  3  0  0  0  0  1  0  0  0  0  0  0  0  56265  4743  0  0  0  0  181  0  3  0  0  0  0  0  0  0  21983  10880  37607  0  0  34  0  0  35539  0  1290  0  7  0  1  0  24  61  0  0  0  0  0  6  8  4  0  5  0  0  3  0  165  2  484  0  0  0  1  2680  13820  402  0  0  0  0  0  0  1317  71  202  3  47140  52  
0  0  0  0  0  0  0  0  0  0  0  0  0  0  0  0  0  0  0  0  0  0  0  0  0  0  0  0  0  0  0  0  0  0  0  0  0  0  0  0  0  0  0  0  0  0  0  0  0  0  0  0  0  0  0  0  0  0  0  0  0  0  0  0  0  0  0  0  0  0  0  0  0  0  965  0  0  20937  0  0  0  0  1  0  0  42551  6  1852  210  0  14273  44097  0  0  0  0  0  0  21  3  0  0  0  0  0  0  1  0  0  0  0  0  16237  18445  20107  0  0  0  8300  0  11095  14  0  0  0  8109  208  4  0  46  703  37  0  0  0  6  2  12  605  1  146  24265  0  0  1  0  1143  0  0  0  0  0  0  0  25  61  0  0  53755  0  
0  0  0  0  0  0  0  0  0  0  0  0  0  0  0  0  0  0  0  0  0  0  0  0  0  0  0  0  0  0  0  0  0  0  0  0  0  0  0  0  0  0  0  0  0  0  0  0  0  0  0  0  0  0  0  0  0  0  0  0  0  0  0  0  0  0  0  0  0  0  0  0  0  0  0  800  0  0  0  0  0  0  0  0  0  0  0  0  0  0  1  0  0  0  19080  0  13617  0  2  0  0  0  0  0  0  0  0  0  174  0  44869  384  0  0  0  0  25939  0  0  0  0  155  0  0  0  0  0  0  0  0  0  0  302  21136  10341  0  0  0  0  0  0  0  0  0  0  22480  967  0  0  0  0  0  0  0  1  0  2559  1  1  0  
0  0  0  0  0  0  0  0  0  0  0  0  0  0  0  0  0  0  0  0  0  0  0  0  0  0  0  0  0  0  0  0  0  0  0  0  0  0  0  0  0  0  0  0  0  0  0  0  0  0  0  0  0  0  0  0  0  0  0  0  0  0  0  0  0  0  0  0  0  0  0  0  0  0  0  12681  0  0  0  0  0  0  0  0  0  0  0  0  0  0  0  0  256  28  10264  20533  0  0  0  0  0  0  0  0  0  0  0  0  0  0  0  0  0  0  0  36451  0  3  0  0  0  0  0  0  0  0  0  0  0  0  28  1  719  5  33497  0  0  0  0  0  0  0  0  0  0  0  0  0  0  0  0  0  0  0  0  0  0  0  0  0  
0  0  0  0  0  0  0  0  0  0  0  0  0  0  0  0  0  0  0  0  0  0  0  0  0  0  0  0  0  0  0  0  0  0  0  0  0  0  0  0  0  0  0  0  0  0  0  0  0  0  0  0  0  0  0  0  0  0  0  0  0  0  0  0  0  0  0  0  1  0  0  0  0  0  178  0  0  0  0  0  0  0  2  0  0  8893  92  41351  92288  0  0  98  0  0  0  0  0  2  0  0  0  0  11  0  0  0  0  0  0  0  0  0  1422  593  0  0  0  0  289  0  1031  0  3725  0  0  0  11953  1971  0  0  0  0  0  0  0  3983  0  0  0  57  18  40234  1  0  6  0  0  0  0  0  0  0  0  0  0  1952  0  0  9781  0  
0  0  0  0  0  0  0  0  0  0  0  0  0  0  0  0  0  0  0  0  0  0  0  0  0  0  0  0  0  0  0  0  0  0  0  0  0  0  0  0  0  0  0  0  0  0  0  0  0  0  0  0  0  0  0  0  0  0  0  0  0  0  0  0  0  0  0  0  0  0  0  0  0  0  24116  0  0  0  19199  6266  19  0  0  0  0  0  0  0  101032  420  0  2  0  0  0  0  0  88  0  0  0  0  0  0  0  0  0  0  0  0  0  0  4  0  0  0  0  0  0  0  3053  0  18  0  0  8619  0  29950  0  0  0  0  0  0  0  0  4  1213  0  3  0  0  0  0  0  0  0  0  0  0  0  0  0  0  0  39  0  0  13  0  
0  0  0  0  0  0  0  0  0  0  0  0  0  0  0  0  0  0  0  0  0  0  0  0  0  0  0  0  1  0  0  0  0  0  0  0  0  0  0  0  0  0  0  0  0  0  0  0  0  0  0  0  0  0  0  0  0  0  0  0  0  0  0  0  0  0  0  0  0  0  0  0  0  0  0  0  0  0  0  461  23574  801  73  0  0  0  0  0  45280  86981  0  0  0  0  0  0  0  0  0  2  0  0  39  0  0  0  0  0  0  0  0  0  0  0  0  0  0  0  699  22  0  0  1  0  0  2373  29316  0  0  3  0  0  0  0  0  0  0  0  0  323  46  763  31193  0  939  0  1  0  0  0  0  0  0  0  0  1678  0  0  29  0  
0  0  0  0  0  0  0  0  0  0  0  0  0  0  0  0  0  0  0  0  0  0  0  0  0  0  0  0  0  0  0  0  0  0  0  0  0  0  0  0  0  0  0  0  0  0  0  0  0  0  0  0  0  0  0  0  0  0  0  0  0  0  0  0  0  0  0  0  0  0  0  0  0  0  0  0  0  0  0  0  0  0  0  0  0  0  0  0  0  0  0  0  0  0  0  0  0  0  35742  5941  2  0  0  0  0  0  0  0  0  5  0  0  0  0  2  0  0  0  0  0  0  0  0  0  0  0  0  0  0  18122  0  0  0  0  0  0  0  0  0  0  7  0  0  0  0  0  5664  0  0  0  0  0  0  0  0  0  0  0  1  0  
0  0  0  0  0  0  0  0  0  0  0  0  0  0  0  0  0  0  0  0  0  0  0  0  0  0  0  0  0  0  0  0  0  0  0  0  0  0  0  0  0  0  0  0  0  0  0  0  0  0  0  0  0  0  0  0  0  0  0  0  0  0  0  0  0  0  0  0  0  0  0  0  0  0  0  0  0  3  0  0  0  4  395  0  0  0  0  0  1  0  0  0  4609  12357  0  0  0  0  79579  6969  107758  2  457  15096  0  0  0  0  0  140  0  0  0  0  424  0  0  0  2195  52  0  9  8  0  0  0  0  2  16973  0  22  23469  0  0  1  0  0  0  14322  227  44642  8  507  0  20906  0  17648  0  0  0  0  0  0  0  0  478  0  0  1771  0  
0  0  0  0  0  0  0  0  0  0  0  0  0  0  0  0  0  0  0  0  0  0  0  0  0  0  0  0  0  0  0  0  0  0  0  0  0  0  0  0  0  0  0  0  0  0  0  0  0  0  0  0  0  0  0  0  0  0  0  0  0  0  0  0  0  0  0  0  0  0  0  0  0  0  0  8287  0  0  0  0  0  0  0  0  5  0  0  0  0  0  0  0  76870  295  5  82  0  0  4  0  0  0  0  0  0  0  0  0  0  0  0  0  0  0  29  771  0  106  73  0  0  0  43  0  29  0  0  1  0  0  0  6429  1548  1  246  0  0  0  2008  0  0  24  0  0  0  0  4327  0  0  0  0  0  0  0  0  1  0  0  599  0  
0  0  0  0  0  0  0  0  0  0  0  0  0  0  0  0  0  0  0  0  0  0  0  0  0  0  0  0  0  0  0  0  0  0  0  0  0  0  0  0  0  0  0  0  0  0  0  0  0  0  0  0  0  0  0  0  0  0  0  0  0  0  0  0  0  0  0  0  0  0  0  0  0  0  0  6  0  15  0  0  0  0  0  0  440  0  0  0  0  0  6  0  54392  46080  0  270  0  0  2336  0  0  0  0  0  0  0  0  0  0  0  0  0  0  0  1559  4  0  4000  474  0  0  2  152  0  5  0  0  1  0  21328  8559  0  8  0  1337  0  0  0  19052  0  25  89  1  0  2  0  12020  0  0  0  0  0  0  0  0  159  0  0  5763  0  
0  0  0  0  0  0  0  0  0  0  0  0  0  0  0  0  0  0  0  0  0  0  0  0  0  0  0  0  0  0  0  0  0  0  0  0  0  0  0  0  0  0  0  0  0  0  0  0  0  0  0  0  0  0  0  0  0  0  0  0  0  0  0  0  0  0  0  0  0  0  0  0  0  0  0  31302  0  1  0  0  0  0  0  0  0  0  0  0  0  0  0  0  20829  0  366  0  0  0  92  0  0  0  0  0  0  0  0  0  0  0  5242  5407  0  0  28  0  0  0  44  0  0  0  1  189  477  0  0  0  0  0  1640  20  0  4617  11700  0  0  0  2  0  0  1  0  0  0  28552  23065  0  0  0  0  0  0  0  0  0  1  0  0  0  
0  0  0  0  0  0  0  0  0  0  0  0  0  0  0  0  0  0  0  0  0  0  0  0  0  0  0  0  0  0  0  0  0  0  0  0  0  0  0  0  0  0  0  0  0  0  0  0  0  0  0  0  0  0  0  0  0  0  0  0  0  0  0  0  0  0  0  0  0  0  0  0  0  0  0  36051  0  0  0  0  0  0  0  0  0  0  0  0  0  0  0  0  1  0  47783  0  3  0  15  0  0  0  0  0  0  0  0  0  1  0  42619  347  0  0  0  0  2  0  0  0  0  3  0  13712  56  0  0  0  0  0  4  0  5490  0  20844  0  0  0  0  0  0  0  0  0  0  5336  8291  0  0  0  0  0  0  0  0  0  127  0  0  0  
0  0  0  0  0  0  0  0  0  0  0  0  0  0  0  0  0  0  0  0  0  0  0  0  0  0  0  0  0  0  0  0  0  0  0  0  0  0  0  0  0  0  0  0  0  0  0  0  0  0  0  0  0  0  0  0  0  0  0  0  0  0  0  0  0  0  0  0  0  0  0  0  0  0  0  8781  0  1  0  0  0  0  0  1  296  0  0  0  0  0  0  0  341  2660  70608  123644  32807  0  1  0  0  0  0  0  0  0  0  0  0  0  29  0  0  0  12  3455  0  13136  1  0  0  1  0  6976  46811  0  0  0  0  0  225  685  10536  11454  0  0  0  0  115  0  0  0  0  0  0  617  5913  0  0  0  0  0  0  0  0  0  16799  0  1  0  
0  0  0  0  0  0  0  0  0  0  0  0  0  0  0  0  0  0  0  0  0  0  0  0  0  0  0  0  0  0  0  0  0  0  0  0  0  0  0  0  0  0  0  0  0  0  0  0  0  0  0  0  0  0  0  0  0  0  0  0  0  0  0  0  0  0  0  0  0  0  0  0  0  0  460  0  0  0  0  0  0  0  0  0  0  0  18478  14760  11797  0  0  0  0  0  0  0  0  16622  0  0  0  0  0  0  0  0  0  0  0  0  0  0  6001  0  0  0  0  0  0  0  13  0  2  0  0  5358  0  0  0  0  0  0  0  0  0  0  0  1665  0  0  0  0  0  0  0  0  0  0  0  0  0  0  0  0  0  0  0  0  0  0  
0  0  0  0  0  0  0  0  0  0  0  0  0  0  0  0  0  0  0  0  0  0  0  0  0  0  0  0  0  0  0  16  0  0  0  0  0  0  0  0  0  0  0  0  0  0  0  0  0  0  0  0  0  0  0  0  0  0  0  0  0  0  0  0  0  0  0  0  0  0  0  0  0  0  35  0  0  0  0  923  0  0  0  0  0  0  0  0  0  0  45  2639  0  0  0  0  14851  63624  0  0  0  0  0  0  63531  16599  0  1  1  0  0  0  0  0  1  0  0  0  0  0  1219  2  0  0  0  0  3  0  0  0  0  0  0  0  0  0  0  7485  0  1  0  0  0  2723  0  0  0  0  0  0  0  1  0  0  938  490  43  365  66994  15228  
0  0  0  0  0  0  0  0  0  0  0  0  0  0  0  0  0  0  0  0  0  0  0  0  0  0  0  0  0  0  0  0  0  0  0  0  0  0  0  0  0  0  0  0  0  0  0  0  0  0  0  0  0  0  0  0  0  0  0  0  0  0  0  0  0  0  0  0  0  0  0  0  0  0  12879  0  0  0  1  393  0  0  0  0  0  0  7982  3  38  1  2  18  0  0  0  0  2  102836  0  0  0  0  0  0  8  5  0  0  0  0  0  0  6137  0  0  0  0  0  0  0  21870  0  20  0  0  2  1450  0  0  0  0  0  0  0  0  960  19174  0  0  1  0  0  0  153  0  0  0  0  0  0  0  0  0  0  0  42  0  0  2815  0  
0  0  0  0  0  0  0  0  0  4  0  0  0  0  0  0  0  0  0  0  0  0  0  0  0  0  0  0  0  1  0  0  0  0  0  0  0  0  0  0  0  0  0  0  0  0  0  0  0  0  0  0  0  0  0  0  0  0  0  0  0  0  0  0  0  0  0  0  0  0  0  0  0  0  0  188  0  0  0  0  0  0  2835  316  36440  0  0  0  0  0  0  0  103  31552  0  71  0  0  44  0  8122  0  2  54597  0  0  0  0  0  0  0  0  0  0  2  0  0  41754  0  0  0  10  9  0  2  0  0  0  0  21362  21498  19247  10  0  812  0  0  0  0  10  51  0  0  0  27322  0  73  0  0  0  0  0  0  0  0  305  1  0  6008  0  
0  0  0  0  0  1956  22  12  4  7244  0  0  0  0  0  0  0  0  0  0  0  0  0  0  0  0  1  0  27  0  0  6  0  0  0  0  0  0  0  0  0  0  0  0  84  13  0  0  2  0  0  0  0  0  0  2  0  0  0  0  0  0  0  0  0  8859  1  1  50  0  0  0  0  0  0  0  0  0  0  40461  26598  34474  41249  26237  0  0  0  0  0  9  0  0  0  0  0  14  1  0  0  0  0  0  8  20  1  3562  0  0  0  0  0  0  0  0  0  0  0  1174  116  0  1  0  2  0  0  14  4  298  0  42  0  0  0  0  0  0  4  2  14  0  177  17  0  0  1262  0  0  0  0  130  0  0  7  0  0  725  8011  23  8  0  
0  0  0  0  0  0  0  0  0  0  0  0  0  0  0  0  0  0  0  0  0  0  0  0  0  0  0  0  0  0  0  0  0  0  0  0  0  0  0  0  0  0  0  0  0  0  0  0  0  0  0  0  0  0  0  0  0  0  0  0  0  0  0  0  0  0  0  0  1  0  0  0  0  0  0  0  4295  4  0  0  0  378  809  0  0  0  0  0  0  37  0  0  0  0  0  0  0  0  95  34729  29874  66831  441  6  0  0  0  0  0  60  0  0  0  0  719  0  0  3  27302  42299  0  131  15  0  0  2  0  30  8  42441  1  2  0  0  0  0  0  0  50  562  0  77  582  0  2396  0  742  0  0  1  0  0  0  0  0  4735  0  0  6326  0  
0  0  0  0  0  0  0  0  0  0  0  0  0  0  0  0  0  0  0  0  0  0  0  0  0  0  0  0  0  0  0  0  0  0  0  0  0  0  0  0  0  0  0  0  0  0  0  0  0  0  0  0  0  0  0  0  0  0  0  0  0  0  0  0  0  0  0  0  0  0  0  0  0  0  0  0  0  1950  0  0  0  0  4  0  0  34569  0  154  29057  0  1  15  0  0  0  0  0  0  1  2  0  0  50926  0  0  0  0  0  0  0  0  0  0  2821  4  0  0  0  15321  0  0  0  25324  0  0  43822  0  818  0  1  6  0  0  0  0  0  0  0  0  48  166  0  828  0  4  0  44  0  0  0  0  0  0  0  0  1430  0  0  5935  0  
0  0  0  0  0  0  0  0  0  0  0  0  0  0  0  0  0  0  0  0  0  0  0  0  0  0  0  0  0  0  0  0  0  0  0  0  0  0  0  0  0  0  0  0  0  0  0  0  0  0  0  0  0  0  0  0  0  0  0  0  0  0  0  0  0  0  0  0  0  0  0  0  0  0  0  0  0  0  0  0  0  2749  351  0  0  0  0  0  9324  24959  0  0  0  0  0  0  0  0  0  0  0  0  64168  0  0  0  0  0  0  0  0  0  0  0  0  0  0  0  22081  110  0  0  1  0  0  18  0  31696  0  410  0  1  0  0  0  0  0  0  2  472  707  667  0  0  967  0  2  0  0  1  0  0  0  0  0  72  0  0  25  0  
0  0  0  0  0  10  0  0  0  0  0  0  0  0  0  0  0  0  0  0  0  0  0  0  0  0  0  0  0  0  51  0  0  0  0  0  0  0  0  0  0  0  0  0  0  0  0  0  0  0  0  0  0  0  0  0  0  0  0  0  0  0  0  0  0  3  0  0  0  3  0  0  0  0  3358  0  0  0  1360  32068  0  0  0  0  0  0  0  0  0  20651  0  0  0  0  0  0  0  1202  0  0  0  0  0  0  23970  0  0  0  0  0  0  0  0  0  0  0  0  0  0  0  0  0  0  0  0  0  0  0  0  0  0  0  0  0  0  0  3212  230  0  0  0  0  0  0  0  0  0  0  0  0  0  0  0  0  0  1  0  0  0  0  
0  0  0  0  0  0  0  6  42  2  0  0  0  0  0  0  0  0  0  0  0  0  0  0  0  0  0  0  0  72  0  0  0  0  0  0  0  0  0  0  0  0  0  0  0  0  0  0  0  0  0  0  0  0  0  0  0  0  0  0  0  0  0  0  0  39  0  0  0  0  27  0  0  0  0  0  0  0  0  0  6  665  44679  17  0  0  0  0  0  83  0  0  0  49  0  0  0  0  0  0  2534  0  85  70787  0  0  0  0  0  0  0  0  0  0  0  0  0  139  2295  13853  0  1  0  0  0  0  0  104  0  46128  6  2  0  0  0  0  0  0  34058  423  7138  1  109  0  0  0  1  0  0  0  0  0  0  0  0  58  0  0  67  0  
0  0  0  0  0  0  0  0  0  0  0  0  0  0  0  0  0  0  0  0  0  0  0  0  0  0  0  0  0  0  0  0  0  0  0  0  0  0  0  0  0  0  0  0  0  0  0  0  0  0  0  0  0  0  0  0  0  0  0  0  0  0  0  0  0  0  0  0  0  0  0  0  0  0  0  4871  0  0  0  0  0  0  0  0  0  0  0  0  0  0  0  0  31  0  17  0  7  0  5  0  0  0  0  0  0  0  0  106  808  0  76804  104914  0  0  0  0  10507  0  0  0  0  4532  0  21076  0  0  0  0  0  0  0  0  31910  3510  1092  0  0  0  0  0  0  0  0  0  0  0  9634  0  0  0  0  0  0  0  1  0  51  0  0  0  
0  0  0  0  0  0  0  0  0  0  0  0  0  0  0  0  0  0  0  0  0  0  0  0  0  0  0  0  0  0  0  0  0  0  0  0  0  0  0  0  0  0  0  0  0  0  0  0  0  0  0  0  0  0  0  0  0  0  0  0  0  0  0  0  0  0  0  0  0  0  0  0  0  0  0  2094  0  138  0  0  0  0  1  0  0  0  0  0  0  0  21  2  38368  0  4  0  8  0  176476  310  0  0  2  0  0  0  495  70165  7716  2965  16  116011  0  0  14919  0  3421  1  938  0  0  12931  273  642  0  0  0  6  4012  14246  4081  17742  20458  9623  6622  0  0  0  28  4  671  254  0  0  2  9348  0  2032  0  0  0  0  0  0  0  162  231  0  7223  0  
0  0  0  0  0  0  0  0  0  0  0  0  0  0  0  0  0  0  0  0  0  0  0  0  0  0  0  0  0  0  0  0  0  0  0  0  0  0  0  0  0  0  0  0  0  0  0  0  0  0  0  0  0  0  0  0  0  0  0  0  0  0  0  0  0  0  0  0  0  0  0  0  0  0  0  0  0  11  0  0  0  0  0  0  0  0  0  0  0  0  0  0  0  0  0  0  0  0  0  215  0  0  0  0  0  0  14454  1403  0  16653  0  0  0  0  4408  0  0  0  0  0  0  273  0  0  0  0  0  0  0  0  0  0  0  0  0  0  0  0  0  0  0  0  0  0  0  0  2211  0  0  0  0  0  0  0  0  0  0  0  0  0  
0  0  0  0  0  0  0  0  0  0  0  0  0  0  0  0  3402  12824  0  0  0  0  18549  69  0  0  0  0  0  0  0  10  0  6  25206  0  0  1  0  0  5  0  35147  0  0  0  5  19571  0  13  0  0  0  0  0  1  0  0  0  1  3  0  11895  0  0  0  0  0  0  0  0  1  4  0  0  0  0  0  0  0  0  0  0  0  0  0  0  0  0  0  0  0  0  0  0  0  0  0  0  0  0  0  0  0  0  0  0  0  0  0  0  0  0  0  0  0  0  0  0  0  0  0  0  0  0  0  0  0  0  0  0  0  0  0  0  0  0  0  0  0  0  0  0  0  0  0  0  0  0  0  102792  5666  57713  2296  0  0  0  0  0  0  
0  0  0  0  0  104  55811  3330  33  0  0  37  0  7  108  21997  0  0  0  0  0  0  0  0  0  0  35  4  2523  0  0  0  0  0  0  0  0  0  0  7  1  0  0  0  6419  353  0  0  54  0  0  9435  12  117160  0  77  0  0  0  0  0  0  0  0  1  9085  241  8495  26356  0  5  0  0  0  0  0  0  0  0  0  0  0  0  0  0  0  0  0  0  0  0  0  0  0  0  0  0  0  0  0  0  0  0  0  0  0  0  0  0  0  0  0  0  0  0  0  0  0  1  0  0  0  0  0  0  0  0  0  0  0  0  0  0  0  0  0  0  0  0  28  0  0  0  0  0  0  0  0  0  0  0  0  3206  17  0  26  0  0  0  0  
0  0  0  0  0  0  0  0  20  1206  0  0  0  0  0  0  1  0  0  0  0  119  71586  0  4  0  0  0  0  49  0  1  0  0  14  0  0  1  0  0  4  0  2174  609  0  0  0  454  0  492  0  0  0  0  0  10  0  0  0  5  38487  0  28  0  163  2  0  0  0  0  51  0  5  0  0  0  0  0  0  0  0  0  0  0  0  0  0  0  0  0  0  0  0  0  0  0  0  0  0  0  0  0  0  0  0  0  0  0  0  0  0  0  0  0  0  0  0  0  0  0  0  0  0  0  0  0  0  0  0  0  0  0  0  0  0  0  0  0  0  0  0  0  0  0  0  0  0  0  42715  0  0  3788  201  74  0  0  0  0  0  0  
0  0  0  0  0  0  0  0  0  1  0  0  0  0  0  0  0  0  0  0  0  1  73  0  0  0  2  0  2  0  0  236  0  0  0  0  0  0  0  0  1  0  0  0  154  1  0  6898  0  0  0  0  0  0  0  4  0  0  0  0  2  0  41  0  0  7  28  0  2  10  1  0  0  0  0  0  0  0  0  0  0  0  0  0  0  0  0  0  0  0  0  0  0  0  0  0  0  0  0  0  0  0  0  0  0  2  0  0  0  0  0  0  0  0  0  0  0  0  0  0  0  0  0  0  0  0  0  0  0  0  0  0  0  0  0  0  1  0  0  0  0  0  0  0  0  0  0  0  2486  8  3252  0  12148  23376  0  0  0  1013  0  1  
9  0  0  0  0  1686  0  23  2  0  0  42  0  6  0  3  35575  35240  0  0  0  0  29  3503  0  0  1218  81  122  0  2782  5787  3  0  3  0  0  0  41  15  27  0  4  0  9924  46  7485  53412  10810  0  0  226  0  5  0  1855  0  0  0  0  0  0  28989  12  1  79  6060  182  455  34  28  0  0  0  0  0  0  0  0  0  0  0  0  0  0  0  0  0  0  0  0  0  0  0  0  0  0  0  0  0  0  0  0  0  0  0  0  0  0  0  0  0  0  0  0  0  0  0  0  0  0  0  0  0  0  0  0  0  0  0  0  0  0  0  0  0  0  0  0  0  0  0  0  0  0  0  0  0  15514  6701  157  9789  0  154165  0  0  0  0  0  0  
0  0  0  0  0  1  0  0  0  0  0  0  0  0  0  0  1  0  0  0  0  0  0  0  0  0  12  2  1  0  3  7939  0  0  0  0  0  0  0  0  0  0  0  0  263  2  0  228  0  0  0  0  0  0  0  12  0  0  0  0  0  0  19087  0  0  3  118  1  9  15  0  0  0  0  0  0  0  0  0  0  0  0  0  0  0  0  0  0  0  0  0  0  0  0  0  0  0  0  0  0  0  0  0  0  0  1  0  0  0  0  0  0  0  0  0  0  0  0  0  0  0  0  0  0  0  0  0  0  0  0  0  0  0  0  0  0  0  0  0  0  0  0  0  0  0  0  0  0  2574  9  292  29747  328424  0  0  0  0  0  0  0  
0  0  0  0  0  0  0  0  0  0  0  0  0  0  0  0  0  0  0  0  0  0  0  0  0  0  0  0  0  0  0  0  0  0  0  0  0  0  0  0  0  0  0  0  0  0  0  0  0  0  0  0  0  0  0  0  0  0  0  0  0  0  0  0  0  0  0  0  0  0  0  0  0  0  0  0  0  0  0  0  0  0  0  0  0  0  0  0  0  0  32956  9616  0  0  0  0  54005  6  0  0  0  0  0  0  3  4  0  0  2773  0  0  0  0  0  1  0  3352  0  0  0  6  3598  9  3  0  0  0  0  0  0  0  0  0  0  0  0  727  1  0  0  0  0  0  0  0  0  0  0  0  0  0  0  0  0  0  1  94534  8235  13734  746  
0  0  0  0  0  0  0  0  0  0  0  0  0  0  0  0  0  0  0  0  0  0  0  0  0  0  0  0  1  0  0  26  0  0  0  0  0  0  0  0  0  0  0  0  2  0  0  0  0  0  0  0  0  0  0  0  0  0  0  0  0  0  0  0  0  7  0  0  3  0  0  0  0  0  0  0  0  0  0  285  0  1  21  0  0  0  0  0  1  3  0  1  0  0  0  0  0  1  1  1  0  0  6  0  126  2313  0  0  0  0  0  0  0  0  41  0  0  0  221  0  19  272  35  0  0  781  25  376  0  192  0  2  0  0  0  0  407  28  61  382  2517  615  0  0  99  0  17  0  0  30  0  1  0  0  0  0  0  3718  58431  6028  
0  0  0  0  0  0  0  0  0  567  0  0  0  0  0  0  0  0  0  0  0  0  0  0  0  0  0  0  0  0  0  0  0  0  0  0  0  0  0  0  0  0  0  0  0  0  0  0  0  0  0  0  0  0  0  0  0  0  0  0  0  0  0  0  0  17  0  0  0  0  0  0  0  0  0  0  0  0  0  0  0  0  3  2299  0  0  0  0  0  0  249  18  0  0  3  412  47684  0  0  0  0  0  0  4  0  0  0  0  53  0  0  1  0  0  0  0  37  758  0  0  0  239  0  2201  0  0  0  0  0  0  0  0  1  99  15946  0  4  0  2  2483  0  0  0  0  0  16  150  0  0  0  0  0  0  0  38079  0  0  20194  423  14  
0  0  0  0  0  0  0  0  0  0  0  0  0  0  0  0  0  0  0  0  0  0  0  0  0  0  0  0  0  0  0  3  0  0  0  0  0  0  0  0  0  0  0  0  0  0  0  0  0  0  0  0  0  0  0  0  0  0  0  0  0  0  0  0  0  0  0  0  0  0  0  0  0  0  0  0  0  0  0  0  0  0  0  1  0  0  0  0  0  0  122  11  0  0  0  2  377  1  0  0  0  0  0  0  11  32  0  0  1  0  0  0  0  0  1  0  8  0  0  0  0  32  0  0  0  0  0  0  0  0  0  0  0  0  0  0  39  0  0  15  0  0  0  0  0  0  0  0  0  0  0  1069  0  0  4955  8052  28076  0  30728  18905  
0  0  0  0  0  0  0  0  0  0  0  0  0  0  0  0  0  0  0  0  0  0  0  0  0  0  0  0  0  0  0  1  0  0  0  0  0  0  0  0  0  0  0  0  0  0  0  0  0  0  0  0  0  0  0  0  0  0  0  0  0  0  0  0  0  0  0  0  0  0  0  0  0  0  18  1  0  0  0  4  0  0  1  0  0  12  0  2  4  0  17331  15925  0  0  0  0  709  10832  5  1  0  0  1  0  2113  2888  0  0  3  0  0  0  0  2  2469  0  6  0  28  0  28946  26457  10004  0  0  5518  22  6  0  68  56  15  1  0  0  0  44767  1375  570  1  1618  4476  0  0  18  0  348  0  0  0  0  0  0  0  6001  64634  388  12616  0  138731  
0  0  0  0  0  0  0  0  0  0  0  0  0  0  0  0  0  0  0  0  0  0  0  0  0  0  0  0  0  0  0  28  0  0  0  0  0  0  0  0  0  0  0  0  0  0  0  0  0  0  0  0  0  0  0  0  0  0  0  0  0  0  0  0  0  0  0  0  0  0  0  0  0  0  0  0  0  0  0  0  0  0  0  0  0  0  0  0  0  0  4  18  0  0  0  0  36  1  0  0  0  0  0  0  791  709  0  0  0  0  0  0  0  0  0  0  0  0  0  0  1  74  0  0  0  0  0  0  0  0  0  0  0  0  0  0  23660  0  0  0  0  0  0  0  0  0  0  0  0  0  0  3  0  0  1893  28718  48  30293  355312  0  
