0  0  0  0  60069  24688  1499  5  2  0  0  0  55  413  27923  9784  0  0  0  0  0  0  0  93141  0  0  1  1  2  0  20990  1027  0  0  0  0  0  0  773  1  0  0  0  0  5  1  7  0  206  0  0  8954  21764  3466  0  2  0  0  0  0  0  13395  155  4729  0  199  3  13  9  8633  0  0  0  0  0  0  0  0  0  0  0  0  0  0  0  0  0  0  0  5  0  0  0  0  0  0  0  0  0  0  0  0  0  0  0  0  0  0  0  0  0  0  0  0  0  0  0  0  0  0  0  0  0  0  0  0  0  0  0  0  0  0  0  0  0  0  0  0  0  0  0  0  0  1  0  0  0  0  0  25  0  0  262  12  0  0  0  0  0  0  
0  0  0  0  0  0  0  0  0  0  0  0  0  0  0  0  0  0  54622  1  80542  5984  8  0  0  0  0  0  0  0  0  0  0  0  0  0  2106  5  0  0  0  43878  0  1324  0  0  0  0  0  0  32755  0  0  0  0  0  25677  31  24887  8298  10924  0  0  0  6  0  0  0  0  0  0  8935  45  0  0  1  0  0  0  0  0  0  0  0  0  0  0  0  0  0  0  0  0  0  2  174  0  0  0  0  0  0  0  0  0  0  0  0  0  0  0  0  0  0  0  74  0  0  0  0  0  0  0  0  4  0  0  0  0  0  0  0  0  0  3  0  0  0  0  0  0  0  0  0  0  0  0  0  0  0  1  1  0  0  0  0  0  2  0  0  
0  0  0  0  0  1092  229  6900  90  0  0  0  0  0  290  84698  0  0  0  0  0  1  0  1  4  0  27981  38855  40261  16739  0  0  0  0  0  0  0  0  0  0  0  0  0  0  54613  90051  0  0  1  0  0  1  25  159  1  143  0  1  0  0  0  0  0  1  0  46  4096  2  10695  0  374  0  2  0  0  0  371  0  0  0  0  1  7  0  0  0  0  0  0  16  0  0  0  0  0  0  0  0  0  0  0  0  1  252  0  0  0  0  0  0  0  0  0  0  0  0  0  0  0  2  0  0  0  0  0  0  0  0  0  0  0  0  0  0  0  0  0  0  0  0  0  0  0  0  188  0  0  0  0  31  0  1  42  27  0  0  0  0  0  0  
0  2  0  0  0  2  8  2  6  1  0  63433  7  179  30  0  57  134  4  0  0  0  0  9  71  61129  30  32575  41541  0  0  0  4982  494  926  302  0  0  1  415  4991  0  0  0  36818  2  0  1370  53838  1  0  68  0  7  27  193  2  24  2  0  2  1  0  7  30  2  21727  29157  21  0  64  1  299  5  0  0  0  0  0  0  0  0  0  0  0  0  0  0  0  0  0  0  0  0  0  0  0  0  0  0  0  0  0  0  0  0  0  0  0  0  0  0  0  0  0  0  0  0  0  0  0  0  0  0  0  0  0  0  0  0  0  0  0  0  0  0  0  0  0  0  0  0  0  0  0  0  0  0  3  0  1  9  1204  9  0  0  0  0  0  0  
55029  0  0  0  0  6949  39  1  0  0  0  0  0  13  6139  60771  0  0  0  0  0  0  0  1281  0  0  0  0  0  0  16863  37  0  0  0  0  0  0  8  0  0  0  0  0  2  0  0  0  10  0  0  411  16140  366  0  0  0  0  0  0  0  75  49  351  0  6  0  3  2  3893  0  0  0  0  3  0  0  0  1  1  0  0  0  0  0  0  0  0  0  45  0  0  0  0  0  0  0  3  0  0  0  0  0  0  2  0  0  0  0  0  0  0  0  0  0  0  0  0  0  0  0  0  0  0  0  0  0  0  0  0  0  0  0  0  0  0  0  0  0  0  0  0  0  12  0  0  0  0  0  6  0  0  2  0  0  0  0  0  0  0  
19707  0  0  0  18234  0  50242  5144  179  9  0  2  0  753  13731  126988  0  1  0  0  0  0  0  20001  0  0  6  4  433  0  3073  41123  0  0  0  0  0  0  426  1  5  0  0  0  393  98  6  0  222  0  0  9248  21260  33115  0  34  0  1  0  0  0  5058  430  23155  0  92383  27  70  941  65269  4  0  2  0  0  0  0  0  0  2233  13  14  2  0  0  0  0  0  2  45  0  0  0  0  0  0  0  0  0  0  0  0  0  0  36  269  0  0  0  0  0  0  0  0  0  0  0  0  0  0  0  0  0  0  0  0  1  0  0  0  0  0  0  0  0  0  0  0  0  4373  0  0  0  119  0  0  0  0  1  111001  0  2  952  121  0  3  0  0  0  0  
142  0  3  1  9  87619  0  88423  7122  239  0  2  0  16  2856  89258  0  0  0  0  0  0  0  160  23  6  60  97  3207  2  0  2209  0  0  0  0  0  0  54  0  22  0  0  1  3639  3168  0  0  49  0  0  4770  8800  53419  6  544  1  4  0  0  0  29  0  43  4  33407  258  269  9412  85  90  0  19  0  0  0  1  0  0  73  337  685  10  0  0  0  0  0  0  112  0  0  0  0  0  0  0  0  0  0  0  0  0  0  0  1  0  0  0  0  0  0  0  0  0  0  0  0  0  2  0  0  0  0  0  0  0  0  0  0  0  0  0  0  0  0  0  0  0  281  0  0  0  0  0  0  0  0  0  64449  0  10  1458  383  0  0  0  0  0  0  
18  0  2396  1  3  20319  64385  0  33352  9  0  1  0  0  2369  116045  0  0  0  0  0  1  0  11  44  5  164  255  39778  16  0  286  0  0  0  1  0  0  3  0  30  0  0  3  14200  53388  0  1  11  0  1  237  375  8457  22  918  1  11  0  0  0  3  0  5  15  35752  654  187  28426  6  308  0  56  0  0  0  56  0  0  13  513  1256  735  0  0  0  0  0  0  220  0  0  0  0  0  0  0  0  0  0  0  0  0  7  0  0  0  0  0  0  0  0  0  0  0  0  0  0  0  61  0  0  0  0  0  0  0  0  0  0  0  0  0  0  0  0  0  0  0  512  0  0  0  0  7  0  0  0  0  349  0  9  216  66  0  0  0  0  0  0  
0  0  201  0  1  667  8216  18705  0  12384  0  0  0  0  5  30  0  0  0  0  0  1  0  2  27  3  92  143  1067  6518  0  56  0  0  0  0  0  0  0  0  11  0  0  8  677  17285  0  0  8  0  0  55  18  11  6  1662  3  2  0  0  1  1  0  0  8  66158  189  6  1097  4  27846  0  41  0  0  0  14  0  0  2  26  237  4449  4  1  0  0  0  0  22  0  0  0  0  0  0  0  0  0  0  0  0  0  47  0  0  0  0  0  0  0  0  0  0  0  0  0  0  0  375  0  0  0  0  0  0  0  0  0  0  0  0  0  0  0  0  0  0  0  1890  0  0  0  0  201  0  0  0  0  2  0  2  23  9  0  0  0  1  0  0  
0  3  1  1  0  22  443  86  12795  0  8  0  0  0  1  0  0  2  1  0  0  208  11101  0  18  6  73  64  295  23393  0  1  0  0  0  1  0  0  0  0  22  0  0  32857  269  57  0  24  4  0  0  2  1  5  9  907  1  4  0  0  6  0  0  0  4663  77442  130  1  336  0  6735  0  38  0  0  0  0  0  0  0  0  0  41  442  2  0  0  0  0  0  3  0  0  0  0  26  1  0  0  0  0  0  0  31  0  0  0  0  0  0  0  0  0  0  10  0  0  1  0  0  0  25  0  0  0  0  0  0  0  1  0  0  0  0  0  0  0  0  1  42972  4  0  0  0  1  0  1  0  1  0  4045  9099  2776  41  7  60  7  5608  1502  0  
0  1  0  0  0  0  0  0  0  2  0  0  0  0  0  0  0  0  142  107849  0  32119  0  0  1  0  69  0  0  1180  0  0  0  0  0  0  0  0  0  0  0  26245  0  91967  0  0  0  0  0  0  0  0  0  0  0  10  737  5549  0  0  10  0  0  0  62985  0  0  0  0  0  0  0  4  0  0  0  0  0  0  0  0  0  0  0  2737  0  0  0  0  0  0  0  0  7  0  177  0  0  0  0  0  0  0  100  0  0  0  0  0  0  0  0  0  0  0  70  0  12  0  0  0  0  0  0  0  0  0  0  0  0  0  0  0  0  0  0  0  0  1  0  0  0  0  0  6  0  0  0  0  0  0  0  0  0  0  0  0  0  0  0  
3  0  0  80893  0  6  0  0  1  0  0  0  513  35222  84  0  12  220  0  0  0  0  0  90  6  923  2  73  13253  0  0  0  752  453  1237  10  0  0  11  46723  1259  0  0  2  12321  0  119  496  68017  0  0  40313  2  1  0  17  0  0  0  0  2  0  0  16  3  0  1429  52641  2  1  6  0  22  0  0  0  0  0  0  0  0  0  0  0  0  0  0  0  0  0  0  0  0  0  0  0  0  0  0  0  0  0  0  0  0  0  0  0  0  0  0  0  0  0  0  0  0  0  0  0  0  0  0  0  0  0  0  0  0  0  0  0  0  0  0  0  0  0  0  0  0  0  0  0  0  0  0  0  0  0  0  0  488  3  0  0  0  0  0  0  
78  0  0  3  0  0  0  0  0  0  0  244  0  10912  0  0  0  12  0  0  0  0  0  31940  0  0  0  0  0  0  0  0  0  12  4  0  0  0  28782  70  0  0  0  0  0  0  20305  2  1098  0  0  3  0  0  0  0  0  0  0  0  0  8082  1  3912  0  0  0  0  0  0  0  0  0  0  0  0  0  0  0  0  0  0  0  0  0  0  0  0  0  0  0  0  0  0  0  0  0  0  0  0  0  0  0  0  0  0  0  0  0  0  0  0  0  0  0  0  0  0  0  0  0  0  0  0  0  0  0  0  0  0  0  0  0  0  0  0  0  0  0  0  0  0  0  0  0  0  0  0  0  0  0  0  1  0  0  0  0  0  0  0  
1749  0  0  138  5  1935  2  0  0  0  0  29664  13978  0  2347  63  0  11  0  0  0  0  0  1791  0  0  0  2  638  0  4  162  0  0  0  0  0  0  15745  34415  0  0  0  0  5  0  637  0  44271  0  0  46279  19  12  0  0  0  0  0  0  0  33486  26  528  0  0  0  15  0  166  0  0  0  0  0  0  0  0  0  0  0  0  0  0  0  0  0  0  0  0  0  0  0  0  0  0  0  0  0  0  0  0  0  0  0  0  0  0  0  0  0  0  0  0  0  0  0  0  0  0  0  0  0  0  0  0  0  0  0  0  0  0  0  0  0  0  0  0  0  0  0  0  0  0  0  0  0  0  0  0  0  0  581  8  0  0  0  0  0  0  
36856  0  1  0  8265  17601  3502  443  47  1  0  126  0  2185  0  64568  1  0  0  0  0  0  0  8623  6  4  69  221  15573  0  1  261  0  0  0  0  0  0  198  3  104  0  0  1  13169  61  13  12  691  0  0  191265  227894  198674  2  140  0  1  0  0  0  46063  2  297  0  809  439  56772  17773  177  19  0  7  0  0  0  0  0  0  0  0  0  0  0  0  0  0  0  0  0  0  0  0  0  0  0  0  0  0  0  0  0  0  0  0  0  0  0  0  0  0  0  0  0  0  0  0  0  0  0  0  0  0  0  0  0  0  0  0  0  0  0  0  0  0  0  0  0  0  0  0  0  0  0  0  0  0  0  0  3846  0  21  2996  417  0  0  0  0  0  0  
12784  0  71330  0  88425  123175  88177  120570  109  1  0  0  0  19  67992  0  0  0  0  0  0  0  0  2626  0  0  6  36  23073  70  2174  530  0  0  0  0  0  0  20  0  0  0  0  0  3026  6912  0  0  9  0  0  310  12057  178749  1  35  0  2  0  0  0  121  4  462  3  10057  83  8  69347  6467  1  0  1  0  0  0  400  0  0  106  94  144  9  0  0  0  0  0  0  2754  0  0  0  0  0  0  0  0  0  0  1  0  26  66  0  30  0  0  0  0  0  0  0  0  0  0  0  0  0  22  0  0  0  0  0  0  0  0  0  0  0  0  0  0  0  0  0  0  0  119  0  0  2  1  27  0  0  0  0  331058  0  0  88  37  0  0  0  0  0  0  
0  0  0  85  0  1  15  8  10  2  0  19  0  0  181  0  0  41169  0  0  0  0  10346  250  5  114  52  202  42  0  24  47  105  105  21019  5  19  3  0  0  12557  0  3574  0  2428  31  132  43866  34008  20  0  1  0  8  2  215  0  3  6  3  1  0  43  0  0  4  2160  41  239  0  40  8  177  6  0  0  0  0  0  0  0  0  0  0  0  0  0  0  0  0  0  0  0  0  0  0  0  0  0  0  0  0  0  0  0  4  0  0  0  0  0  0  0  0  0  0  0  0  0  0  0  0  0  0  0  0  0  0  0  0  0  0  0  0  0  0  0  0  0  0  0  0  0  0  0  0  0  0  4753  1  26  23  107716  49  0  0  0  0  0  0  
1  0  0  205  0  1  3  2  0  0  0  917  30  65  7  1  32666  0  0  0  0  2  12446  13384  0  10  1  0  2  0  432  1298  9  1  798  0  0  0  3  5  3  0  7  0  43  0  45572  7051  67436  0  0  111  3  5  0  7  0  0  0  0  0  30  4733  4  0  2  21  44  6  1  1  0  1  0  0  0  0  0  0  4  0  0  0  0  0  0  0  0  0  0  0  0  0  0  0  0  0  0  0  0  0  0  0  0  0  86  0  0  0  0  0  0  0  0  0  0  0  0  0  0  0  0  0  0  0  0  0  0  0  0  0  0  0  0  0  0  1  0  0  0  0  0  0  7  0  0  0  0  5633  0  46  1608  119896  380  2  0  0  3  21  4  
0  69786  0  2  0  0  0  0  0  0  472  1  0  0  0  0  0  0  0  10214  2426  3218  1  0  28116  1  2  0  0  0  0  0  0  0  0  0  104  42  0  0  7  50442  0  6010  3  0  0  4  7  0  465  0  0  0  2  7040  166853  79644  30432  220  9779  0  0  0  359  0  1  1  0  0  4  46  74892  1  0  0  0  0  0  0  0  0  0  0  0  0  0  0  0  0  0  0  0  0  0  0  0  0  0  0  0  0  0  0  0  0  0  0  0  0  0  0  0  0  0  0  0  0  0  0  0  0  0  0  0  0  0  0  0  0  0  0  0  0  0  0  0  0  0  0  0  0  0  0  0  0  0  0  5  0  3  1  2  0  0  0  0  0  0  0  
0  4  0  0  0  0  0  0  0  0  122853  0  0  0  1  0  0  0  9290  0  0  931  0  0  981  0  16890  0  0  187  0  0  0  0  0  0  0  0  0  0  0  33920  0  24702  0  0  0  0  0  0  3  0  0  0  2  11003  2753  68870  0  0  83  0  0  0  58989  0  0  0  1  0  14  0  90  0  0  0  0  0  0  0  0  0  0  0  131  0  0  0  0  0  0  0  0  4  0  20  0  0  0  0  0  0  0  5  0  0  0  0  0  0  0  0  0  0  0  22  0  2  0  0  0  0  0  0  0  0  0  0  0  0  0  0  0  0  0  0  0  0  0  0  0  0  0  0  0  0  0  0  0  0  0  0  2  0  0  0  0  0  0  0  
0  63254  0  0  0  0  0  0  0  0  0  0  0  0  0  0  0  0  2347  0  0  1057  3464  0  2  0  0  0  0  0  0  0  0  0  0  0  1878  0  0  0  0  460  19  247  0  0  0  0  0  12199  15674  0  0  0  0  0  4130  5  9968  71987  110280  0  0  0  1  0  0  0  0  0  0  1731  40  0  0  0  0  0  0  0  0  0  0  0  0  1  0  0  0  0  0  0  0  0  0  15  0  0  0  0  0  0  0  0  0  0  0  0  0  0  0  0  0  0  0  8  0  0  0  0  0  0  0  0  0  0  0  0  0  0  0  0  0  0  0  0  0  0  0  0  0  0  0  0  0  0  0  0  1  0  1  5  0  0  0  0  0  0  0  0  
0  12046  0  0  0  0  0  0  1  2178  20328  0  0  0  0  0  0  1  4434  390  261  0  8027  0  27  1  0  0  0  82  0  0  0  0  0  0  0  0  0  0  0  62946  0  199334  0  0  0  0  0  0  24991  0  0  0  1  23  28757  6460  63  4  156292  0  0  0  3695  1  0  0  0  0  1  2  80  0  0  1  0  0  0  0  0  0  0  16  302  0  0  0  0  0  0  0  0  0  4  2232  0  0  0  0  0  0  0  10  0  0  0  0  0  0  0  0  0  0  0  1240  0  5  0  0  0  0  0  0  4  0  0  0  0  0  0  0  0  0  33  0  0  0  0  0  0  0  0  0  0  0  0  0  2  0  41  45  0  4  0  0  5  4  1  0  
0  4  0  0  0  1  1  0  0  8115  0  0  0  0  0  0  14397  12375  15  0  8027  6375  0  4  5  1  2  0  0  2  0  3  1  52  21084  0  340  4  0  0  22  0  34945  8307  0  0  3  5112  1  18805  0  0  0  0  1  11  0  2  39  130  46848  0  2  0  7  2  3  0  0  0  41  3895  370  3  0  0  0  0  0  0  0  0  0  0  0  0  0  0  0  0  0  0  0  0  3  9  0  1  0  0  0  0  0  0  0  1  0  0  0  0  0  0  0  0  0  0  0  0  0  0  0  0  0  0  0  0  0  0  0  0  0  0  0  0  1  0  1  0  0  0  0  0  0  0  0  0  0  0  60728  0  95234  1253  1169  8  0  0  4  7  0  0  
74175  0  0  1  2910  7190  303  2  0  0  0  177  43090  4903  5333  1629  60  7889  0  0  0  2  60  0  0  0  0  0  0  0  37764  5596  0  16  206  0  0  0  18450  7  1  0  1569  0  14  0  69719  928  1169  0  0  3444  1614  465  0  1  0  0  0  0  1  29349  88328  173883  0  45  0  22  1  22117  0  0  0  0  0  0  0  0  0  5  0  0  0  0  0  0  0  0  0  0  0  0  0  0  0  0  0  0  0  0  0  0  0  0  3  74  0  0  0  0  0  0  0  0  0  0  0  0  0  0  0  0  0  0  0  0  0  0  0  0  0  0  0  0  0  0  0  0  0  0  0  0  0  7  0  0  0  0  14  2  17  187  11504  330  0  0  0  2  4  1  
0  140  0  58  0  2  19  3  176  6  1  31  0  0  5  0  1  0  23110  1547  7  102  9  1  0  17859  1375  13  2  16  0  1  1  7  0  54  4  239  0  3  2157  54  3  354  76  27  0  44  98  3  31  2  1  0  53633  145633  2203  12714  229  2  333  0  0  0  3720  7  2611  11  6  0  1645  8  156819  31  0  0  0  0  0  0  0  0  0  0  0  0  0  0  0  0  0  0  0  0  0  0  0  0  0  0  0  0  0  0  0  0  0  0  0  0  0  0  0  0  0  0  0  0  0  0  0  0  0  0  0  0  0  0  0  0  0  0  0  0  0  0  0  0  0  0  0  0  0  0  0  0  0  0  36  0  39  19  318  1  0  0  0  0  0  0  
3  1  0  53761  0  14  12  5  30  4  0  539  0  21  209  0  94  15  7  2  0  1  1  63  23124  0  265  9590  96  8  0  3  2024  8401  3  89816  1  1553  14  535  93129  1  0  11  2242  2  0  195  26166  2  1  186  1  12  41389  13446  20  67  0  0  3  2  1  27  85  4  103122  1237  120  2  231  2  14265  20  0  0  0  0  0  0  0  0  0  0  0  0  0  0  0  0  0  0  0  0  0  0  0  0  0  0  0  0  0  0  0  0  0  0  0  0  0  0  0  0  0  0  0  0  0  0  0  0  0  0  0  0  0  0  0  0  0  0  0  0  0  0  0  0  0  0  0  0  0  0  0  0  0  0  35  0  18  51  3694  33  0  0  0  0  0  0  
0  2  24901  2  0  4  30  25  178  12  207  1  0  0  0  0  0  0  3  14041  0  2  0  0  1709  495  0  997  63  184331  0  0  0  0  0  0  0  0  0  0  44  0  0  53  974  27431  0  2  8  0  1  0  1  4  55  217272  22  106  0  0  3  0  0  0  74157  4  67511  0  75  0  13465  0  226  0  0  0  0  0  0  0  0  0  0  0  2  0  0  0  0  0  0  0  0  0  0  0  0  0  0  0  0  0  0  22  0  0  0  0  0  0  0  0  0  0  0  0  0  0  0  0  0  0  0  0  0  0  0  0  0  0  0  0  0  0  0  0  0  0  0  0  0  0  0  0  0  0  0  0  0  0  0  2  25  5  0  0  0  0  0  0  
0  0  35571  19959  0  5  61  48  599  12  0  86  0  0  25  41  2  0  0  0  0  0  0  2  8  7761  1622  0  7907  16  0  1  0  0  0  3  0  0  0  2  121  0  0  0  249531  17046  0  5  4637  0  0  2  1  3  4  790  0  3  0  0  0  0  0  0  3  25  157578  36  464  1  269  0  13  1  0  0  0  0  0  0  0  0  0  0  0  0  0  0  0  0  0  0  0  0  0  0  0  0  0  0  0  0  0  0  0  0  0  0  0  0  0  0  0  0  0  0  0  0  0  0  0  0  0  0  0  0  0  0  0  0  0  0  0  0  0  0  0  0  0  0  0  0  0  0  0  0  0  0  0  0  0  12  1784  130  0  0  0  0  0  0  
1  0  51827  41932  1  709  730  9723  579  2  0  9135  0  181  19759  30110  0  0  0  0  0  0  0  6  30  29  149  14541  0  3  0  2  0  0  0  1  0  0  5  139  131  0  0  2  200049  7822  0  5  372  0  0  364  42  540  16  556  2  8  0  0  1  0  0  3  11  592  724  108846  113442  1  69  0  43  0  0  0  0  0  0  0  0  0  0  0  0  0  0  0  0  0  0  0  0  0  0  0  0  0  0  0  0  0  0  0  0  0  0  0  0  0  0  0  0  0  0  0  0  0  0  0  0  0  0  0  0  0  0  0  0  0  0  0  0  0  0  0  0  0  0  3  0  0  0  0  0  0  0  0  1  10  0  31  592  158  0  0  0  0  0  0  
0  0  17767  0  0  0  22  62  8348  25218  1357  0  0  0  0  39  0  0  0  38  0  229  1  0  40  1  170251  21  4  0  0  0  0  0  0  0  0  0  0  0  4  0  0  7939  48  57110  0  0  0  0  0  0  0  0  8  35031  2  5  0  0  1  0  0  0  73860  104  204  0  7  0  100752  0  27  0  0  0  39  0  0  0  0  0  620  11  754  0  0  0  0  3  0  0  0  0  0  7  0  0  0  0  2  0  0  6061  0  0  0  0  0  0  0  0  0  0  0  0  0  1  0  28  0  0  0  0  0  0  0  0  0  0  0  0  0  0  0  0  0  0  3  18  0  0  0  0  711  0  0  0  0  0  0  0  1  0  0  0  0  0  0  0  
25472  0  0  0  12993  3040  0  0  0  0  0  7  0  2  1  755  15  260  0  0  0  0  16  31194  0  0  0  0  0  0  0  25096  0  0  25  0  0  0  0  0  0  0  4  0  0  0  44  12  4  0  0  2  0  2  0  0  0  0  0  0  0  5  70855  365  0  11  0  0  0  65058  0  0  0  0  13  0  0  0  4  324  0  0  0  0  0  0  0  0  0  189  0  0  0  0  0  0  0  43  0  0  0  0  0  0  1555  1759  0  0  0  0  0  0  0  0  0  0  0  0  0  0  0  0  0  0  0  0  0  0  0  0  0  0  0  0  0  0  25  0  0  0  0  0  0  306  0  0  0  0  7  0  7  244  699  115  0  0  1  2  2  0  
62  0  0  0  0  17829  58  0  1  0  0  9  0  141  0  95  18  2147  0  0  0  3  74  945  0  0  0  0  0  0  28192  0  0  0  30  0  0  0  29  0  2  0  7  0  0  0  255  23  9  0  0  44  4  4  0  0  0  0  0  0  5  73  28114  2494  0  25810  0  0  0  12100  0  0  2  0  0  0  0  0  0  803  0  0  0  0  0  0  0  0  0  0  0  1  0  0  0  0  0  1  0  0  0  0  0  0  24  13089  0  0  0  0  0  0  0  0  1  0  0  0  0  0  0  0  0  0  0  0  0  0  0  0  0  0  0  0  0  0  7  0  0  926  0  0  0  367  0  0  0  0  130  1  102  7897  21234  18936  7  18  0  49  151  49  
0  0  0  5153  0  1  0  0  0  0  0  379  0  0  0  0  109  14  0  0  0  0  1  0  2  3444  0  1  0  0  0  0  0  14895  6938  4878  1  0  0  1  23074  0  2  0  14  0  0  52996  312  1  0  0  0  0  0  2  0  0  0  0  0  0  0  0  1  0  4  3  0  0  1  1  107  31582  0  0  0  0  0  0  0  0  0  0  0  0  0  0  0  0  0  0  0  0  0  0  0  0  0  0  0  0  0  0  0  0  0  0  0  0  0  0  0  0  0  0  0  0  0  0  0  0  0  0  0  0  0  0  0  0  0  0  0  0  0  0  0  0  0  0  0  0  0  0  0  0  0  0  94  0  5  491  344  0  0  0  0  0  0  0  
0  0  0  1785  0  0  0  0  1  0  0  482  77  1  0  0  4  1  0  1  0  0  11  19  18  9369  2  1  0  0  0  0  15503  0  130656  136804  136  12514  0  0  781  0  40843  0  1  0  0  21568  5  199  1  0  0  0  30  45  2  5  39  18  19  0  0  0  3  0  36  1  0  0  9  425  207904  9429  0  0  0  0  0  0  0  0  0  0  0  0  0  0  0  0  0  0  0  0  0  0  0  0  0  0  0  0  0  0  0  0  0  0  0  0  0  0  0  0  0  0  0  0  0  0  0  0  0  0  0  0  0  0  0  0  0  0  0  0  0  0  0  0  0  0  0  0  0  0  0  0  0  0  53  0  182  22  16  0  0  0  0  0  0  0  
0  0  0  440  0  0  0  0  4  1  0  852  25  0  0  0  24101  264  1  0  0  0  25110  164  30  29  3  0  0  0  3  6  6833  114637  0  4  546  24  0  0  261  0  35301  2  4  1  3  68271  65  387  0  0  0  0  7  130  3  17  85  39  35  0  6  0  12  1  114  2  0  0  12  1099  59955  4215  0  0  0  0  0  0  0  0  0  0  0  0  0  0  0  0  0  0  0  0  0  0  0  0  0  0  0  0  0  0  0  0  0  0  0  0  0  0  0  0  0  0  0  0  0  0  0  0  0  0  0  0  0  0  0  0  0  0  0  0  0  0  0  0  0  0  0  0  0  0  0  0  0  0  6765  0  424  67  126  0  0  0  0  0  0  0  
0  0  0  285  0  0  0  0  4  2  0  6  0  0  3  0  0  2  2  0  0  0  0  0  16  96050  15  1  1  0  0  0  1111  135583  15  0  1  5  0  0  64835  0  1  3  7  0  0  162  12  2  0  0  0  0  103  670  1  2  0  0  2  0  0  0  8  2  10248  2  0  0  26  2  68148  16955  0  0  0  0  0  0  0  0  0  0  0  0  0  0  0  0  0  0  0  0  0  0  0  0  0  0  0  0  0  0  0  0  0  0  0  0  0  0  0  0  0  0  0  0  0  0  0  0  0  0  0  0  0  0  0  0  0  0  0  0  0  0  0  0  0  1  0  0  0  0  0  0  0  0  141  0  47  177  80  0  0  0  0  0  0  0  
0  2181  0  1  0  0  0  0  0  0  0  0  0  0  0  0  2  0  215  0  2210  0  269  0  2  1  0  0  0  0  0  0  0  5  94  0  0  31770  0  0  37  2  26698  1  0  0  0  1327  0  72482  0  0  0  0  2  5  0  0  11259  99706  152  0  0  0  0  0  8  0  0  0  1  171027  2291  3  0  0  0  0  0  0  0  0  0  0  0  0  0  0  0  0  0  0  0  0  0  0  0  0  0  0  0  0  0  0  0  0  0  0  0  0  0  0  0  0  0  0  0  0  0  0  0  0  0  0  0  0  0  0  0  0  0  0  0  0  0  0  0  0  0  0  0  0  0  0  0  0  0  0  122  0  386  13  2  0  0  0  0  0  0  0  
0  4  0  0  0  0  0  0  0  0  0  0  0  0  0  0  0  0  38  0  0  0  4  0  277  876  0  0  0  0  0  0  0  12583  23  37  31021  0  0  0  25  0  16097  1  0  0  0  461  0  3121  0  0  0  0  195  28  5  0  10025  12409  84  0  0  0  0  0  26  0  0  0  1  181327  238393  3  0  0  0  0  0  0  0  0  0  0  0  0  0  0  0  0  0  0  0  0  0  0  0  0  0  0  0  0  0  0  0  0  0  0  0  0  0  0  0  0  0  0  0  0  0  0  0  0  0  0  0  0  0  0  0  0  0  0  0  0  0  0  0  0  0  0  0  0  0  0  0  0  0  0  18  0  197  9  2  0  0  0  0  0  0  0  
1590  0  0  0  13  2052  41  0  0  0  0  23  25278  18991  20  45  0  4  0  0  0  0  0  7891  0  0  0  0  0  0  1  188  0  0  0  0  0  0  0  45  1  0  0  0  25  0  21640  0  25986  0  0  4504  137  26  0  0  0  0  0  0  0  4832  355  16715  0  11  0  51  0  149  0  0  0  0  0  0  0  0  0  0  0  0  0  0  0  0  0  0  0  0  0  0  0  0  0  0  0  0  0  0  0  0  0  0  0  0  0  0  0  0  0  0  0  0  0  0  0  0  0  0  0  0  0  0  0  0  0  0  0  0  0  0  0  0  0  0  0  0  0  0  0  0  0  0  0  0  0  0  0  0  0  0  4441  15  0  0  0  0  0  0  
43  0  0  106  0  95  0  0  0  1  0  48590  155  39169  2  4  0  9  0  0  0  0  0  48  0  0  0  2  573  0  1  6  0  0  1  0  0  0  130  0  29  0  0  0  74  0  52  6  48105  0  0  4125  1  0  0  0  0  0  0  0  0  27  1  20  0  0  2  5381  1  3  0  0  0  0  0  0  0  0  0  0  0  0  0  0  0  0  0  0  0  0  0  0  0  0  0  0  0  0  0  0  0  0  0  0  0  0  0  0  0  0  0  0  0  0  0  0  0  0  0  0  0  0  0  0  0  0  0  0  0  0  0  0  0  0  0  0  0  0  0  0  0  0  0  0  0  0  0  0  0  0  0  0  33  0  0  0  0  0  0  0  
5  4  0  3675  0  14  23  13  42  23  0  1919  0  17  207  0  4031  21  22  4  0  3  25  67  369  68364  235  546  88  7  0  6  16659  402  6  57831  24  1  12  899  0  2  49  41  6114  24  1  57871  30909  23  3  304  1  17  314  12716  35  180  18  3  29  5  0  17  382  12  28458  3983  164  0  380  73  48783  14926  0  0  0  0  0  0  0  0  0  0  0  0  0  0  0  0  0  0  0  0  0  0  0  0  0  0  0  0  0  0  0  1  0  0  0  0  0  0  0  0  0  0  0  0  0  0  0  0  0  0  0  0  0  0  0  0  0  0  0  0  0  0  0  0  0  0  0  0  0  0  0  0  0  0  4856  0  522  9289  29995  64  0  0  0  0  4  0  
0  49194  0  0  0  0  0  0  0  0  35012  0  0  0  0  0  0  0  42946  36374  111  68861  1  0  0  0  0  0  0  0  0  0  0  0  0  0  0  0  0  0  0  0  0  34067  0  0  0  0  0  0  1429  0  0  0  0  0  38705  673  202  3  6752  0  0  0  18  0  0  0  0  0  0  0  1  0  0  0  0  0  0  0  0  0  0  0  3  0  0  0  0  0  0  0  0  0  1  36  0  0  0  0  0  0  0  0  0  0  0  0  0  0  0  0  0  0  0  28  0  0  0  0  0  0  0  0  0  0  0  0  0  0  0  0  0  0  0  0  0  0  0  0  0  0  0  0  0  0  0  0  0  0  1  2  0  0  0  0  0  1  0  0  
0  0  0  2  0  0  0  0  1  0  0  1  0  0  0  0  152  3  1  0  64  0  39260  250  10  23  3  0  1  0  0  1  2  26899  22471  2  28004  13640  0  0  237  0  0  1  4  0  0  2988  5  16873  0  0  0  0  6  95  0  3  66  96  70  0  0  0  4  0  84  0  0  0  13  25278  4277  24  0  0  0  0  0  0  0  0  0  0  0  0  0  0  0  0  0  0  0  0  0  0  0  0  0  0  0  0  0  0  0  0  0  0  0  0  0  0  0  0  0  0  0  0  0  0  0  0  0  0  0  0  0  0  0  0  0  0  0  0  0  0  0  0  0  0  0  0  0  0  0  0  0  0  19707  0  617  70  12  0  0  0  0  0  0  0  
0  1361  0  0  0  0  20  0  107  28970  89953  0  0  0  1  0  0  1  2861  21926  39  184112  10870  0  199  4  10  6  3  6466  0  0  0  0  0  1  1  0  0  0  10  24755  0  0  4  10  0  1  1  0  488  0  0  0  12  618  24600  34246  212  9  21749  0  0  0  81871  55  24  1  4  0  4481  15  987  0  0  0  0  0  0  0  0  0  0  3  8  0  0  0  0  0  0  0  0  0  6  83  1  1  0  0  0  0  0  1  1  1  0  0  0  0  0  0  0  0  0  7  0  0  0  0  0  0  0  0  1  0  0  0  0  0  0  0  0  0  3  0  1  0  0  0  0  0  0  0  0  0  0  0  0  0  370  62  8  1  0  0  2  4  1  0  
37  2  60757  34532  0  684  2361  6054  2340  44  0  4876  0  87  6285  713  223  38  2  3  0  1  3  390  166  981  1811  233960  199102  22  0  25  0  0  0  28  0  0  90  682  3808  0  0  11  0  69917  1  219  25650  0  0  969  77  1721  57  5249  11  55  0  0  1  14  0  186  51  1678  165334  56976  66028  7  1365  0  224  2  0  0  0  0  0  0  0  0  0  0  0  0  0  0  0  0  0  0  0  0  0  0  0  0  0  0  0  0  0  0  0  0  0  0  0  0  0  0  0  0  0  0  0  0  0  0  0  0  0  0  0  0  0  0  0  0  0  0  0  0  0  0  0  0  0  3  0  0  0  0  0  0  0  0  14  15  1  1776  27100  3965  0  0  0  0  0  0  
0  0  66207  0  0  435  2139  34620  26479  24  1  2  0  1  91  2677  0  0  0  2  0  0  0  1  482  32  40975  12562  12211  62883  0  11  0  0  0  1  0  0  0  1  115  1  0  22  42458  0  0  1  69  0  1  36  27  334  96  21182  19  81  0  0  4  1  0  1  77  2627  4905  29  5259  1  35568  0  358  1  0  0  22  0  0  0  0  1  186  0  0  0  0  0  0  11  0  0  0  0  0  0  0  0  0  0  0  0  0  108  0  0  0  0  0  0  0  0  0  0  0  0  0  0  0  13  0  0  0  0  0  0  0  0  0  0  0  0  0  0  0  0  0  0  0  3  0  0  0  0  237  0  0  0  1  3  0  11  218  108  0  0  0  0  0  0  
68  0  0  2  11  273  79  0  0  0  0  343  12484  5644  68  16  14  29883  0  0  0  0  12  60042  0  0  0  0  0  0  7  412  0  0  13  0  0  0  23564  15  0  0  1  0  18  1  0  4203  11843  0  0  6013  585  127  0  0  0  0  0  0  0  1553  2771  20427  0  23  0  8  0  19  0  0  0  0  0  0  0  0  0  0  0  0  0  0  0  0  0  0  0  0  0  0  0  0  0  0  0  0  0  0  0  0  0  0  0  0  0  0  0  0  0  0  0  0  0  0  0  0  0  0  0  0  0  0  0  0  0  0  0  0  0  0  0  0  0  0  0  0  0  0  0  0  0  0  0  0  0  0  0  0  0  0  60276  13  0  0  0  0  0  0  
0  0  0  760  0  1  2  1  9  3  1  603  0  3  14  0  45757  10734  2  0  1  0  4263  2206  168  613  20  119  4  0  102  205  43026  31746  78403  81  184  28  1  23  46928  1  12045  7  373  3  6411  0  2073  219  0  11  0  3  43  409  15  104  225  29  33  0  466  2  89  1  2531  49  5  0  79  1724  60330  24938  0  0  0  0  0  0  0  0  0  0  0  0  0  0  0  0  0  0  0  0  0  0  0  0  0  0  0  0  0  0  1  11  0  0  0  0  0  0  0  0  0  0  0  0  0  0  0  0  0  0  0  0  0  0  0  0  0  0  0  0  0  0  0  0  0  4  0  0  0  0  0  0  0  0  21746  0  1071  14376  104278  90  0  0  0  2  8  1  
964  1  0  40611  14  3397  1849  800  120  4  0  64188  1031  22311  1019  99  23699  51455  5  0  0  1  0  5136  54  17183  209  4678  133  2  5  824  95  2  91  8  0  0  24084  30334  30929  1  0  6  54811  111  11014  848  0  1  0  81378  1733  1434  16  945  4  17  1  0  1  511  92  4375  28  753  18704  57012  621  295  166  0  169  3  0  0  0  0  0  1  0  0  0  0  0  0  0  0  0  0  0  0  0  0  0  0  0  0  0  0  0  0  0  0  0  1  0  0  0  0  0  0  0  0  0  0  0  0  0  0  0  0  0  0  0  0  0  0  0  0  0  0  0  0  0  0  0  0  0  2  0  0  0  0  0  0  0  0  2  1  1  79  164657  732  0  0  0  0  1  0  
0  0  0  2  0  0  0  0  0  0  0  1  0  0  0  0  3  0  0  0  16939  0  17751  1  1  3  0  0  0  0  0  0  1  91  185  0  91231  5400  0  0  72  0  22090  0  3  0  0  1687  2  0  0  0  0  0  0  20  1  1  1387  51583  26965  0  0  0  2  0  23  0  0  0  4  48090  9522  5  0  0  0  0  0  0  0  0  0  0  0  0  0  0  0  0  0  0  0  0  0  0  0  0  0  0  0  0  0  0  0  0  0  0  0  0  0  0  0  0  0  0  0  0  0  0  0  0  0  0  0  0  0  0  0  0  0  0  0  0  0  0  0  0  0  0  0  0  0  0  0  0  0  0  377  0  4279  29  8  0  0  0  0  0  0  0  
0  46471  0  0  0  0  0  0  0  2  0  0  0  0  0  0  0  1  237  2  15799  26434  31  0  0  0  0  0  0  0  0  0  0  0  0  0  0  0  0  0  0  7035  0  52  0  0  0  0  0  0  0  0  0  0  0  0  3326  23  137  10  29461  0  0  0  5  0  0  0  0  0  0  0  3  0  0  0  0  0  0  0  0  0  0  0  0  0  0  0  0  0  0  0  0  0  2  41  0  0  0  0  0  0  0  0  0  0  0  0  0  0  0  0  0  0  0  50  0  0  0  0  0  0  0  0  0  0  0  0  0  0  0  0  0  0  0  0  0  0  0  0  0  0  0  0  0  0  0  0  0  0  0  3  0  0  0  0  0  1  0  0  
3460  0  0  4  105  10719  9168  301  35  0  0  46787  4  56089  171155  526  0  27  0  0  0  0  0  5652  0  0  7  5  428  0  2  613  0  0  0  0  0  0  2162  4351  33  0  0  0  341  23  217  6  76744  0  0  0  52305  58482  0  21  0  0  0  0  0  14882  39  2092  0  882  26  55920  251  485  1  0  0  0  0  0  0  0  0  0  0  0  0  0  0  0  0  0  0  0  0  0  0  0  0  0  0  0  0  0  0  0  0  0  0  0  0  0  0  0  0  0  0  0  0  0  0  0  0  0  0  0  0  0  0  0  0  0  0  0  0  0  0  0  0  0  0  0  0  0  0  0  0  0  0  0  0  0  0  7  0  9  36091  171  0  0  0  0  0  0  
23126  0  1  0  24284  48079  15082  99  45  1  0  1  0  114  250552  27738  0  0  0  0  0  0  0  2541  1  1  3  2  32  0  1  1575  0  0  0  0  0  0  241  0  2  0  0  0  129  19  8  0  1270  0  0  54348  0  61797  0  5  0  0  0  0  0  1071  7  617  0  4444  9  362  81  363  2  0  0  0  0  0  0  0  0  0  0  0  0  0  0  0  0  0  0  0  0  0  0  0  0  0  0  0  0  0  0  0  0  0  0  0  0  0  0  0  0  0  0  0  0  0  0  0  0  0  0  0  0  0  0  0  0  0  0  0  0  0  0  0  0  0  0  0  0  0  0  0  0  0  0  0  0  0  0  137  0  0  232  23  0  0  0  0  0  0  
944  0  4  0  167  43953  114535  37666  201  2  0  2  0  22  208400  202232  0  0  0  1  0  0  0  761  9  3  104  188  2010  3  0  113  0  0  0  0  0  0  121  0  19  0  0  0  3732  312  0  0  130  0  0  41544  51888  0  6  345  1  4  0  0  0  74  1  230  3  819  456  10487  33529  35  34  0  19  0  0  0  0  0  0  0  0  0  0  0  0  0  0  0  0  0  0  0  0  0  0  0  0  0  0  0  0  0  0  0  0  0  0  0  0  0  0  0  0  0  0  0  0  0  0  0  0  0  0  0  0  0  0  0  0  0  0  0  0  0  0  0  0  0  0  0  0  0  0  0  0  0  0  0  1  58963  0  76  8155  3532  0  0  0  0  0  0  
0  0  0  19  0  4  19  2  81  2  0  11  0  0  2  0  0  0  7  1  0  1  0  0  39975  53181  127  5  2  5  0  0  0  81  0  252  1  1007  0  1  922  1  1  16  25  10  0  12  25  0  0  4  1  0  0  30233  7  31  0  0  0  0  0  0  475  4  4707  6  0  0  476  0  40392  4  0  0  0  0  0  0  0  0  0  0  0  0  0  0  0  0  0  0  0  0  0  0  0  0  0  0  0  0  0  0  0  0  0  0  0  0  0  0  0  0  0  0  0  0  0  0  0  0  0  0  0  0  0  0  0  0  0  0  0  0  0  0  0  0  0  0  0  0  0  0  0  0  0  0  9  0  3  6  146  0  0  0  0  0  0  0  
0  116  36  115  0  21  415  95  3030  191  4  91  0  0  17  0  1  0  4116  19278  1  112  4  2  146958  18614  219590  713  162  27955  0  2  1  40  3  266  8  3  0  12  16569  43  4  1131  4131  9885  0  124  219  12  35  13  3  7  29042  0  1408  42008  39  3  279  0  0  1  74968  122  58660  46  136  0  65684  28  22284  45  0  0  0  0  0  0  0  0  0  0  0  0  0  0  0  0  0  0  0  0  0  0  0  0  0  0  0  0  0  0  0  0  0  0  0  0  0  0  0  0  0  0  0  0  0  0  0  0  0  0  0  0  0  0  0  0  0  0  0  0  0  0  0  0  0  1  0  0  0  0  0  0  0  0  136  0  73  89  1650  18  0  0  0  0  1  0  
0  26406  0  0  0  0  0  0  0  0  806  0  0  0  0  0  0  0  174710  2404  1382  16296  0  0  362  1  0  0  0  0  0  0  0  0  0  0  1  1  0  0  5  44843  0  20200  0  0  0  0  0  0  4805  0  0  0  1  32  0  30120  3658  131  23965  0  0  0  1336  0  0  0  0  0  2  9  21339  1  0  0  0  0  0  0  0  0  0  0  0  0  0  0  0  0  0  0  0  0  0  0  0  0  0  0  0  0  0  0  0  0  0  0  0  0  0  0  0  0  0  0  0  0  0  0  0  0  0  0  0  0  0  0  0  0  0  0  0  0  0  0  0  0  0  0  0  0  0  0  0  0  0  0  3  0  2  0  0  0  0  0  0  0  0  0  
0  453  0  0  0  0  0  0  0  1  4850  1  0  0  0  0  1  0  73356  74676  40  6543  2  0  12727  13  57  0  1  3  0  0  1  0  0  2  0  1  0  0  50  875  0  32761  8  1  0  4  18  0  142  1  0  0  44  37479  25919  0  99  3  1928  0  0  1  20538  0  7  2  1  0  58  1  15473  0  0  0  0  0  0  0  0  0  0  0  0  0  0  0  0  0  0  0  0  0  0  0  0  0  0  0  0  0  0  0  0  0  0  0  0  0  0  0  0  0  0  0  0  0  0  0  0  0  0  0  0  0  0  0  0  0  0  0  0  0  0  0  0  0  0  0  0  0  0  0  0  0  0  0  4  0  1  1  8  0  0  0  0  0  0  0  
0  29941  0  0  0  0  0  0  2  0  0  0  0  0  1  0  0  0  39862  1  13150  296  18  0  222  3  0  1  0  0  0  0  1  2  6  0  12058  11224  0  0  39  1010  18  1313  0  0  0  171  0  522  1117  1  0  0  8  22  2089  382  0  13469  28287  0  0  0  12  0  31  1  0  0  4  32705  49850  15  0  0  0  0  0  0  0  0  0  0  0  0  0  0  0  0  0  0  0  0  0  0  0  0  0  0  0  0  0  0  0  0  0  0  0  0  0  0  0  0  0  0  0  0  0  0  0  0  0  0  0  0  0  0  0  0  0  0  0  0  0  0  0  0  0  0  0  0  0  0  0  0  0  0  54  0  331  6  5  0  0  0  0  0  0  0  
0  9427  0  0  0  0  0  0  0  0  0  0  0  0  0  0  1  0  1014  0  81276  20  11  0  2  1  0  0  0  0  0  0  0  0  0  0  88713  9707  0  0  5  90  24  100  0  0  0  30  1  50700  118  0  0  0  0  8  413  2  8700  0  39585  0  0  0  0  0  12  0  0  0  1  78129  5156  2  0  0  0  0  0  0  0  0  0  0  0  0  0  0  0  0  0  0  0  0  0  0  0  0  0  0  0  0  0  0  0  0  0  0  0  0  0  0  0  0  0  0  0  0  0  0  0  0  0  0  0  0  0  0  0  0  0  0  0  0  0  0  0  0  0  0  0  0  0  0  0  0  0  0  17  0  1984  3  0  0  0  0  0  0  0  0  
0  20323  0  1  0  0  0  0  0  23  10  2  0  0  0  0  0  0  11802  12  127918  144437  48082  1  33  0  1  0  1  0  0  0  0  1  2  0  167  33  0  0  35  4269  87  30501  3  0  0  46  5  20696  49125  0  0  0  2  34  27215  901  16540  36891  0  0  0  0  617  0  16  0  0  0  6  3422  1171  0  0  0  0  0  0  0  0  0  0  0  0  0  0  0  0  0  0  0  0  0  1  174  1  0  0  0  0  0  0  0  0  0  0  0  0  0  0  0  0  0  0  102  0  1  0  0  0  0  0  0  1  0  0  0  0  0  0  0  0  0  2  0  2  0  0  0  0  0  0  0  0  0  0  0  353  0  29480  31  5  0  0  0  2  2  0  0  
4858  0  0  0  16  1733  38  0  0  0  0  2  11822  49123  33485  63  0  0  0  0  0  0  0  32379  0  0  0  0  0  0  1  189  0  0  0  0  0  0  18025  5  0  0  0  0  8  0  28  0  118  0  0  10201  1475  135  0  0  0  0  0  0  0  0  8  3161  0  15  0  0  0  146  0  0  0  0  0  0  0  0  0  0  0  0  0  0  0  0  0  0  0  0  0  0  0  0  0  0  0  0  0  0  0  0  0  0  0  0  0  0  0  0  0  0  0  0  0  0  0  0  0  0  0  0  0  0  0  0  0  0  0  0  0  0  0  0  0  0  0  0  0  0  0  0  0  0  0  0  0  0  0  0  0  0  354  7  0  0  0  0  0  0  
400  0  0  0  49  209  13  0  0  0  0  9  0  850  9  5  18  2541  0  0  0  1  19  82754  0  0  0  0  0  0  65009  45514  0  0  25  0  0  0  275  0  1  0  15  0  1  0  9185  78  63  0  0  379  23  6  0  0  0  0  0  0  0  605  0  29021  0  5  0  2  0  27945  0  0  0  0  0  0  0  0  0  25  0  0  0  0  0  0  0  0  0  0  0  0  0  0  0  0  0  0  0  0  0  0  0  0  4  354  0  0  0  0  0  0  0  0  0  0  0  0  0  0  0  0  0  0  0  0  0  0  0  0  0  0  0  0  0  0  0  0  0  3  0  0  0  17  0  0  0  0  11  0  19  651  23822  1183  0  0  0  1  3  0  
21635  0  0  0  1724  12879  180  0  0  0  0  2  3585  4455  129  1123  1  101  0  0  0  0  2  178202  0  0  0  0  1  0  1195  24133  0  0  3  0  0  0  33015  7  0  0  6  0  21  0  18583  3  1855  0  0  1800  584  290  0  0  0  0  0  0  0  3743  18518  0  0  77  1  24  1  28731  0  0  0  0  0  0  0  0  0  1  0  0  0  0  0  0  0  0  0  0  0  0  0  0  0  0  0  0  0  0  0  0  0  0  0  6  0  0  0  0  0  0  0  0  0  0  0  0  0  0  0  0  0  0  0  0  0  0  0  0  0  0  0  0  0  0  0  0  0  0  0  0  0  1  0  0  0  0  2  8  2  35  6287  560  0  0  0  1  1  0  
0  117  0  1  0  0  2  0  6  4939  69817  2  0  0  0  0  0  0  627  72852  1  3136  8  1  1526  11  73768  4  1  85143  0  0  0  0  0  0  0  0  0  0  35  72  1  78047  3  9  0  11  6  0  36  0  0  0  114  96829  2667  26540  21  0  389  0  0  0  0  3  43  1  0  0  19507  0  3226  1  0  0  0  0  0  0  0  0  0  0  72  0  0  0  0  0  0  0  0  1  0  11  0  0  0  0  0  0  0  385  0  0  0  0  0  0  0  0  0  0  0  0  0  0  0  0  0  0  0  0  0  0  0  0  0  0  0  0  0  0  0  0  0  0  2  0  0  0  0  0  15  0  0  0  1  0  1  5  55  0  0  0  0  0  0  0  
8  0  4  0  0  94063  40485  29488  80373  85522  0  0  0  5  43  5688  0  8  0  0  0  0  3  12  5  2  23  21  294  51  12  32562  0  0  0  0  0  0  3  0  32  0  0  63  809  571  1  9  29  0  0  230  138  54  1  320  0  2  0  0  0  1  0  32  22  0  57  75  361  3334  319  0  4  0  0  0  0  0  0  1427  248  1811  5015  290  0  0  0  0  0  1  0  0  0  0  0  4  0  0  0  0  0  0  0  18  3  949  0  0  0  0  0  0  0  0  0  0  0  0  1  17  0  0  0  0  0  1  0  0  0  0  0  0  0  0  0  0  0  0  0  25151  0  0  0  13  24  0  0  0  0  107  3  119  446  98  0  5  0  9  4  2  
9  2  5724  8158  0  53  181  136  1704  47  0  568  0  33  670  1  156  24  3  2  0  0  1  108  486  103376  68060  166122  479  121  0  5  0  6  0  6145  3  4  32  349  43178  1  2  6  162447  11439  1  425  14224  6  1  295  9  74  1078  65325  8  37  9  2  4  2  0  43  84  65  0  1930  1090  2  1702  12  1904  31  0  0  0  0  0  0  0  0  0  0  0  0  0  0  0  0  0  0  0  0  0  0  0  0  0  0  0  0  0  0  0  0  0  0  0  0  0  0  0  0  0  0  0  0  0  0  0  0  0  0  0  0  0  0  0  0  0  0  0  0  0  0  0  0  0  0  0  0  0  0  0  0  0  0  73  1  40  141  45711  457  0  0  0  0  0  0  
141  0  0  28045  1  989  2220  534  72  9  0  52266  0  69  82246  57  0  8  1  0  0  0  0  746  11  847  77  208  88603  0  0  15  0  1  1  3  0  0  252  5199  1763  0  0  0  105245  100  6  88  39877  0  0  61149  2177  13745  5  213  0  4  0  0  0  20  3  290  6  258  3256  0  3157  9  23  0  45  1  0  0  0  0  0  0  0  0  0  0  0  0  0  0  0  0  0  0  0  0  0  0  0  0  0  0  0  0  0  0  0  0  0  0  0  0  0  0  0  0  0  0  0  0  0  0  0  0  0  0  0  0  0  0  0  0  0  0  0  0  0  0  0  0  0  0  0  0  0  0  0  0  0  0  1  3  0  125  22662  1404  0  0  0  0  0  0  
16  0  3355  2  3  5493  12274  41786  1026  2  0  2  0  0  25482  69504  0  1  0  0  0  0  0  14  12  6  185  587  162347  1  0  34  0  0  0  0  0  0  3  0  67  0  0  2  96544  5895  0  5  235  0  0  268  418  32283  7  399  2  5  0  0  0  2  0  7  2  2083  1450  2247  0  3  76  0  18  0  0  0  0  0  0  0  0  0  1  0  0  0  0  0  0  0  0  0  0  0  0  0  0  0  0  0  0  0  0  0  0  0  0  0  0  0  0  0  0  0  0  0  0  0  0  0  0  0  0  0  0  0  0  0  0  0  0  0  0  0  0  0  0  0  0  2  0  0  0  0  0  0  0  0  1  72  0  217  1083  435  0  0  0  0  0  0  
17182  0  0  0  9144  59031  70  0  0  0  0  0  0  94  14  6895  0  12  0  0  0  0  4  30033  0  0  0  0  0  0  68741  17676  0  0  0  0  0  0  45  0  0  0  0  0  0  0  2  0  11  0  0  238  74  35  0  0  0  0  0  0  1  461  28541  14159  0  1194  0  2  0  0  0  0  0  0  1  0  0  0  0  70  0  0  0  0  0  0  0  0  0  155  0  0  0  0  0  0  0  3  0  0  0  0  0  0  497  18  0  0  0  0  0  0  0  0  0  0  0  0  0  0  0  0  0  0  0  0  0  0  0  0  0  0  0  0  0  0  2  0  0  0  0  0  0  94  0  0  0  0  15  1  16  654  1133  1226  0  1  0  2  0  0  
1  9  1473  0  0  11  196  122  32032  2770  0  1  0  0  1  11  0  0  19  28  1  10  0  1  790  48  34397  531  254  102010  0  2  0  0  0  1  0  0  0  0  85  3  0  1085  979  26638  0  1  6  1  1  4  2  0  163  77941  121  476  2  0  27  0  0  0  8590  149  1159  1  266  0  0  0  1065  1  0  0  11  0  0  0  0  11  277  0  0  0  0  0  0  1  0  0  0  0  0  0  0  0  0  0  0  0  0  105  0  0  0  0  0  0  0  0  0  0  0  0  0  0  0  10  0  0  0  0  0  0  0  0  0  0  0  0  0  0  0  0  0  0  0  97  0  0  0  0  382  0  0  0  0  0  2  3  43  9  0  0  0  0  0  0  
0  8758  0  2  0  0  0  0  0  0  0  1  0  0  0  0  1  0  84  0  8685  5  1505  0  11  20  0  0  0  0  0  0  2  143  151  1  161062  219017  0  0  190  21  29302  20  4  0  0  3186  6  36102  35  0  0  0  8  93  28  3  33392  97082  7232  0  0  0  3  0  83  1  0  0  6  0  66928  22  0  0  0  0  0  0  0  0  0  0  0  0  0  0  0  0  0  0  0  0  0  0  0  0  0  0  0  0  0  0  0  0  0  0  0  0  0  0  0  0  0  0  0  0  0  0  0  0  0  0  0  0  0  0  0  0  0  0  0  0  0  0  0  0  0  0  0  0  0  0  0  0  0  0  1579  0  1438  64  7  0  0  0  0  0  0  0  
0  381  0  216  0  3  30  4  94  28  1  135  5  3  26  0  13  3  59358  37  122  145  167  14  158582  24950  317  14  9  27  0  1  147  179562  65750  70141  1621  271819  2  10  50525  67  9815  1332  373  19  0  43720  537  10672  74  24  0  2  41055  11908  19192  24391  54134  6730  4872  0  0  3  8383  9  2445  67  11  0  1518  52160  0  27105  0  0  0  0  0  0  0  0  0  0  0  0  0  0  0  0  0  0  0  0  0  0  0  0  0  0  0  0  0  0  0  0  0  0  0  0  0  0  0  0  0  0  0  0  0  0  0  0  0  0  0  0  0  0  0  0  0  0  0  0  0  0  0  0  0  2  0  0  0  0  0  0  0  0  3936  0  2065  2133  1231  3  0  0  0  0  0  0  
0  0  0  51  0  0  0  0  1  1  0  15  0  0  0  0  7  3  2  2  0  0  5  0  38  45  3  2  1  1  0  0  36288  10371  5285  18479  3  0  0  1  12282  0  5  1  26  0  0  29513  25  7  0  0  0  0  9  45  1  19  7  0  1  0  0  0  10  0  47  1  0  0  14  10  28000  0  0  0  0  0  0  0  0  0  0  0  0  0  0  0  0  0  0  0  0  0  0  0  0  0  0  0  0  0  0  0  0  0  0  0  0  0  0  0  0  0  0  0  0  0  0  0  0  0  0  0  0  0  0  0  0  0  0  0  0  0  0  0  0  0  0  0  0  0  0  0  0  0  0  0  1756  0  163  971  176  0  0  0  0  0  1  0  
0  0  0  0  0  0  0  0  0  0  0  0  0  0  0  0  0  0  0  0  0  0  0  0  0  0  0  0  0  0  21  0  0  0  0  0  0  0  0  0  0  0  0  0  0  0  0  0  0  0  0  0  0  0  0  0  0  0  0  0  0  0  0  0  0  0  0  0  0  8  0  0  0  0  0  0  0  0  69012  26780  691  22  0  0  0  2  15  322  11918  27586  0  0  0  0  0  0  0  86111  0  0  0  0  1  0  121  1  0  0  0  0  0  0  238  0  0  0  0  0  10  9  117  0  134  0  0  1069  39895  2146  0  0  0  0  0  0  0  3357  108  7859  0  285  0  11  36  14953  0  0  0  0  0  0  0  0  0  0  0  4453  0  0  1042  0  
0  4  0  0  0  0  0  0  0  0  0  0  0  0  0  0  0  0  0  0  0  2  0  0  0  0  0  0  0  0  0  0  0  0  0  0  0  0  0  0  0  0  0  0  0  0  0  0  0  0  0  0  0  0  0  0  0  0  0  0  0  0  0  0  0  0  0  0  0  0  0  0  0  0  1  0  0  0  0  1  0  0  0  0  1  0  0  0  0  0  0  0  61054  59  59400  656  1  0  3  0  0  0  0  0  0  0  0  0  0  0  41107  565  0  0  0  42180  7  110  0  0  0  0  1  103  81752  1  0  0  0  1  7015  40  49905  87633  7363  0  0  0  0  0  0  0  0  0  0  11354  153  0  0  0  0  0  0  0  0  0  2  0  0  0  
0  0  717  0  0  0  0  15  3  0  0  0  0  0  0  182  0  0  0  0  0  0  0  0  0  0  0  1  0  75  0  0  0  0  0  0  0  0  0  0  0  0  0  0  0  66  0  0  0  0  0  0  0  0  0  0  0  0  0  0  0  0  0  0  0  0  0  0  0  0  8  0  0  0  0  0  0  0  1  0  121  419  222  1  0  0  0  0  1  29456  0  0  0  0  0  0  0  0  0  0  11412  23896  43069  15492  0  0  0  0  0  0  0  0  0  0  0  0  0  0  29390  74522  0  0  0  0  0  1  1  16  0  18  0  0  0  0  0  0  0  1  1  74  19102  0  3133  0  2146  0  1  0  0  0  0  0  0  0  0  12  0  0  8  0  
0  0  0  0  0  0  0  0  0  0  0  0  0  0  0  0  0  0  0  0  0  0  0  0  0  0  0  0  0  0  0  0  0  0  0  0  0  0  0  0  0  0  0  0  0  0  0  0  0  0  0  0  0  0  0  0  0  0  0  0  0  0  0  0  0  0  0  0  0  0  0  0  0  0  9  0  0  0  0  4  5  1  0  1  0  51636  2  3  5  1  49  6  0  1  0  0  2  0  20  112800  5  23686  22566  0  0  0  2071  1982  37  340  0  0  50  1  25751  0  0  2  39045  0  7  780  23573  1  0  173  0  10  100  50  3  2  0  0  0  9  0  2  14  16  2945  3810  10  0  5  0  88  68  0  0  0  0  0  0  18  28  12  136  1451  0  
0  0  0  0  3  0  0  0  0  0  0  0  0  0  0  2  0  0  0  0  0  0  0  0  0  0  0  0  0  0  15  0  0  0  0  0  0  0  0  0  0  0  0  0  0  0  0  0  0  0  0  0  0  0  0  0  0  0  0  0  0  0  0  0  0  0  0  0  0  1  0  0  0  0  57050  0  0  0  0  35628  125  7  0  0  0  0  0  8  17833  119038  0  0  0  0  0  0  0  390  0  0  0  0  0  0  0  1  0  0  0  0  0  0  17  0  1  0  0  0  1  2  1  0  11  0  0  69  80919  475  0  0  0  0  0  0  0  9  20  3693  0  206  0  1  4  3138  0  0  0  0  0  0  0  0  0  0  0  949  0  0  52  0  
0  0  0  0  3  1986  62  2  0  0  0  0  0  0  0  166  0  0  0  0  0  0  0  0  0  0  0  0  0  0  285  7500  0  0  0  0  0  0  0  0  0  0  0  0  0  0  0  0  0  0  0  0  0  0  0  0  0  0  0  0  0  0  1  0  0  4036  0  0  0  83  0  0  0  0  20070  0  7  0  66154  0  61702  2378  13  1  0  2  9  127  8337  171654  0  2  0  1  0  0  0  14921  0  0  3  9  6  0  1366  10197  0  0  0  0  0  0  175  0  25  0  0  4  181  317  92  1  127  0  0  7147  23107  23080  0  3  0  0  0  0  0  178  13366  48459  0  53603  39  321  593  52421  5  0  0  0  0  528  0  5  0  2  0  39367  0  2  1576  17  
0  0  0  0  0  17  343  391  16  0  0  0  0  0  0  64  0  0  0  0  0  0  0  0  0  0  0  0  0  0  0  1  0  0  0  0  0  0  0  0  0  0  0  0  0  0  0  0  0  0  0  0  0  0  0  0  0  0  0  0  0  0  0  0  0  417  0  0  0  0  0  0  0  0  1320  0  140  0  674  75316  0  48250  5000  707  0  0  2  24  1182  111999  0  3  0  0  0  0  0  107  0  0  14  53  197  4  0  0  0  0  0  0  0  0  21  0  242  0  0  457  2025  1708  14  0  183  0  0  12227  3098  66344  3  339  0  0  0  0  0  63  12  1317  52  39419  170  5616  3055  1  141  0  5  0  0  85  0  0  0  0  0  982  0  0  539  0  
0  0  0  0  0  6  339  562  596  4  0  0  0  0  0  138  0  0  0  0  0  0  0  0  0  0  0  0  0  2  0  0  0  0  0  0  0  0  0  0  0  0  0  0  0  5  0  0  0  0  0  0  0  0  0  0  0  0  0  0  0  0  0  0  0  967  0  0  0  0  0  0  0  0  80  0  876  0  35  1498  58652  0  47031  1787  0  0  1  0  299  141985  1  1  0  0  0  0  0  14  1  0  85  77  17164  3  0  0  0  0  0  0  0  0  6  0  221  0  0  654  9609  36999  3  5  154  0  0  439  35  19197  2  658  0  0  0  0  0  3  0  99  62  31886  543  1337  52733  0  194  0  10  0  0  7  0  0  0  0  0  512  0  1  354  0  
0  0  72  0  0  0  22  250  6356  115  1  0  0  0  0  2  0  0  0  0  0  0  0  0  0  0  0  0  0  422  0  0  0  0  0  0  0  0  0  0  0  0  0  0  0  131  0  0  0  0  0  0  0  0  0  0  0  0  0  0  0  0  0  0  2  3317  0  0  0  0  192  0  0  0  1  0  371  0  0  13  5312  27818  0  16826  3  0  0  0  7  273  0  0  0  0  0  1  0  0  0  0  71  28  128  7254  0  0  0  0  0  0  0  0  0  0  12  0  0  3839  595  19031  1  0  6  0  0  34  0  35  9  2872  0  0  0  0  0  1  0  0  2976  37501  322  57  368  0  36979  0  6  0  0  1  0  0  1  0  0  13  2  1  25  0  
0  1  0  0  0  0  0  0  2  262  0  0  0  0  0  0  0  0  0  0  0  12  0  0  0  0  0  0  0  2  0  0  0  0  0  0  0  0  0  0  0  0  0  2  0  0  0  0  0  0  0  0  0  0  0  0  0  0  0  0  2  0  0  0  0  182  0  0  0  0  0  0  0  0  0  0  9  1  0  1  3454  336  10765  0  1  0  0  0  1  2  0  0  0  2  0  1013  7490  0  0  0  16  20  63  12025  0  0  0  0  0  0  0  0  0  0  16  0  0  33259  225  49  0  6  7  0  1  16  0  8  0  564  0  1  1  0  9  0  0  0  1268  24607  165  35  73  0  785  0  8  0  0  0  1  5  2  0  0  11  1399  176  151  0  
0  0  0  0  0  0  0  0  2  0  16004  0  0  0  0  0  0  0  0  68  0  316  0  0  0  0  0  0  0  1041  0  0  0  0  0  0  0  0  0  0  0  0  0  10  0  0  0  0  0  0  0  0  0  0  0  0  0  0  0  0  0  0  0  0  91  2  0  0  0  0  0  0  0  0  0  25  0  0  0  0  0  0  4  11  0  0  0  0  0  0  0  0  231  82251  0  24902  0  0  0  0  116  0  0  6472  0  0  0  0  0  0  0  0  0  0  0  56514  0  124295  0  0  0  0  3  0  19  0  0  0  2  7  5660  11485  0  0  2296  0  0  0  87828  1  0  0  0  0  8  0  4  0  0  0  0  0  0  0  0  0  0  0  0  0  
0  0  0  0  0  0  0  0  0  0  0  0  0  0  0  0  0  0  0  0  0  0  0  0  0  0  0  0  0  0  0  0  0  0  0  0  0  0  0  0  0  0  0  0  0  0  0  0  0  0  0  0  0  0  0  0  0  0  0  0  0  0  0  0  0  0  0  0  0  0  0  0  0  0  14  0  0  78392  1  4  2  1  0  1  0  0  101  29480  44  1  129  698  0  0  0  0  4  223  0  543  4  172  14430  0  0  0  1210  402  824  3  0  0  238  26048  2142  0  0  0  7153  0  79  707  72151  0  0  30557  2  20  8  26  0  0  0  0  0  75  0  17  3  15  65  91552  4  0  4  0  14  1  0  0  0  0  0  0  2  85  1  48  2543  0  
0  0  0  0  0  0  0  0  0  0  0  0  0  0  0  0  0  0  0  0  0  0  0  0  0  0  0  0  0  0  0  0  0  0  0  0  0  0  0  0  0  0  0  0  0  0  0  0  0  0  0  0  0  0  0  0  0  0  0  0  0  0  0  0  0  0  0  0  0  0  0  0  0  0  30  0  0  0  3  9  0  0  0  0  0  53  0  16362  239  0  0  39  0  0  0  0  0  44267  0  0  0  0  0  0  0  0  0  85  12  0  0  0  28763  0  0  0  0  0  1  0  14541  2  965  0  0  230  70  1  0  0  0  0  0  0  0  20899  6  11405  0  0  0  6  1  0  0  0  0  0  0  0  0  0  0  0  0  54  0  0  69  0  
0  0  0  0  0  0  0  0  0  0  0  0  0  0  0  0  0  0  0  0  0  0  0  0  0  0  0  0  0  0  0  0  0  0  0  0  0  0  0  0  0  0  0  0  0  0  0  0  0  0  0  0  0  0  0  0  0  0  0  0  0  0  0  0  0  0  0  0  0  0  0  0  0  0  844  0  0  1  122  238  4  0  0  0  0  44889  12880  0  23289  42  0  20  0  0  0  0  0  747  0  0  0  1  2  0  0  0  0  89  66  0  0  0  37330  23245  9  0  0  0  16  0  298  2  7084  0  0  74829  111  18  0  1  0  0  0  0  0  19005  7  1084  0  8  3  663  2  0  0  0  0  0  0  0  0  0  0  0  0  546  0  0  1178  0  
0  0  0  0  0  0  0  0  0  0  0  0  0  0  0  0  0  0  0  0  0  0  0  0  0  0  0  0  0  0  0  0  0  0  0  0  0  0  0  0  0  0  0  0  0  0  0  0  0  0  0  0  0  0  0  0  0  0  0  0  0  0  0  0  0  0  0  0  0  0  0  0  0  0  10830  0  0  3  20018  6870  3714  202  19  10  0  65  201  20886  0  32402  0  0  0  0  0  0  0  20941  0  3  10  157  12193  0  0  0  0  0  0  0  0  0  578  0  273  0  0  8  543  3  1233  1  360  0  0  198125  275876  164966  1  14  0  0  0  0  0  33912  43  1822  2  5558  77  76236  22737  0  17  0  0  0  0  0  0  0  0  0  0  1553  0  0  2943  0  
4  0  98  0  18  43  96  195  9  0  0  0  0  0  0  2446  0  0  0  0  0  0  0  0  0  0  0  0  0  11  143  0  0  0  0  0  0  0  0  0  0  0  0  0  0  16  0  0  0  0  0  0  0  0  0  0  0  0  0  0  0  0  0  0  0  1  0  0  0  182  0  0  0  0  26976  0  36531  0  118857  191267  92310  106645  301  9  0  0  3  17  44835  0  0  1  0  0  0  0  0  12267  0  0  9  105  22843  21  4810  2  0  0  0  0  0  0  25  0  34  0  0  8  8162  20984  6  0  47  0  0  639  15424  276654  0  22  0  0  0  0  0  13  103  6006  2  5631  71  332  83376  23692  428  0  0  0  0  315  0  0  0  0  0  1801  0  0  168  0  
0  0  0  0  0  0  0  0  0  0  0  0  0  0  0  0  0  0  0  0  0  0  0  0  0  0  0  0  0  0  0  0  0  0  0  0  0  0  0  0  0  0  0  0  0  0  0  0  0  0  0  0  0  0  0  0  0  0  0  0  0  0  0  0  0  0  0  0  0  0  0  0  0  0  2  0  0  10  0  5  32  5  29  0  0  144  0  0  14  0  0  46892  0  2  0  0  18837  1519  1  11  36  60  24  0  0  0  588  126  10479  0  0  67  0  0  19496  0  5888  0  534  1  25  44938  14935  25  0  28  3  25  10  57  0  2  1  0  0  0  13  0  1  61  82  13  96  0  86  6  641  1  0  0  0  1  0  0  6204  16  31  412  50477  1  
0  0  0  0  0  0  0  0  0  0  0  0  0  0  0  0  0  1  0  0  0  0  0  0  0  0  0  0  0  0  0  0  0  0  0  0  0  0  0  0  0  0  0  0  0  0  0  0  0  0  0  0  0  0  0  0  0  0  0  0  0  0  0  0  0  0  0  0  0  0  0  0  0  0  0  0  0  1  0  0  2  2  12  0  0  654  6  10  6  0  37136  0  0  0  1  1  12577  19998  0  1  6  28  3  0  4  12  8  18  2257  0  0  7  39  16  652  0  349  0  226  1  28982  457  67918  3  0  99  0  14  1  20  0  1  0  0  0  2  486  4  2  28  44  16  21  0  33  0  70  0  0  0  0  2  0  1  6559  46  18  96  54744  11  
0  0  0  0  0  0  0  0  0  0  0  0  0  0  0  0  0  0  0  0  0  0  0  0  0  0  0  0  0  0  0  0  0  0  0  0  0  0  0  0  0  0  0  0  0  0  0  0  0  0  0  0  0  0  0  0  0  0  0  0  0  0  0  0  0  0  0  0  0  0  0  0  0  0  29  62721  1  1  2  19  2  1  0  0  38  1  7  7  1  2  0  0  0  21139  688  543  1  4  35293  3  14  1  2  0  0  0  0  0  4  0  6  2936  7  0  67  57833  2  2188  70  0  23  82  728  9  9832  70  1  7  6  9110  192239  109047  60448  604  4726  9  0  4  118  5  15  75  66  0  6  1260  61948  0  0  0  0  0  0  0  6  13  11  28  151  0  
0  0  0  0  0  0  0  0  0  0  27  0  0  0  0  0  0  0  0  1  0  0  0  0  0  0  0  0  0  0  0  0  0  0  0  0  0  0  0  0  0  0  0  0  0  0  0  0  0  0  0  0  0  0  0  0  0  0  0  0  0  0  0  0  1  0  0  0  0  0  0  0  0  0  7  416  0  0  0  1  6  1  3  2  93473  0  0  0  0  1  0  0  21642  0  0  1739  0  1  52  0  18453  2  0  133  0  0  0  0  0  0  0  0  0  0  5  35989  0  18495  121  0  2  0  86  0  143  8  1  5  28  13165  8249  99719  0  0  3351  1  0  1  49893  20  14  19  17  0  194  0  166  0  0  0  0  0  0  0  0  27  0  0  36  0  
0  1  0  0  0  0  0  0  0  0  0  0  0  0  0  0  0  0  0  0  0  4  2  0  0  0  0  0  0  0  0  0  0  0  0  0  0  0  0  0  0  0  0  0  0  0  0  0  0  0  0  0  0  0  0  0  0  0  0  0  2  0  0  0  0  0  0  0  0  0  0  0  0  0  0  42517  0  0  0  0  0  0  0  1  0  0  0  0  0  0  0  0  966  0  0  6405  12831  1  78  0  0  0  0  0  1  0  0  0  0  0  13077  17  0  0  0  113  19  30  0  0  0  1  2  70117  22452  0  0  0  0  0  138  193  1235  73614  111006  0  1  0  2  0  0  0  0  0  0  23  561  0  0  0  0  0  0  0  0  0  47  0  3  0  
0  464  0  0  0  0  0  0  0  25  712  0  0  0  0  0  0  2  0  13  1  1224  7  0  0  0  0  0  0  7  0  0  0  0  0  0  0  0  0  0  0  175  0  34  0  0  0  0  0  0  57  0  0  0  0  0  0  0  0  0  194  0  0  0  6  3  0  0  0  0  0  0  0  0  0  5239  0  1  0  1  0  0  0  1752  17939  0  0  0  0  0  0  3  2555  1535  2931  0  11874  6  36  0  0  0  0  2628  0  2  0  0  0  0  0  0  0  0  17  78476  0  162820  1  0  1  1  28  0  59916  4  0  1  1  4  24768  1542  37  3  142988  0  3  0  1522  3  0  3  2  0  0  0  34  0  0  0  0  18  0  1  8  1  1322  51  8  0  
0  0  0  0  0  0  0  0  0  1  0  0  0  0  0  0  0  1  0  0  0  0  2  0  0  0  0  0  0  0  0  0  0  0  0  0  0  0  0  0  0  0  0  0  0  0  0  0  0  0  0  0  0  0  0  0  0  0  0  0  0  0  0  0  0  0  0  0  0  0  0  0  0  0  1  2  0  7  0  0  0  0  0  7395  0  20  0  0  0  0  18679  16484  1  0  11374  11253  0  10674  0  4  0  0  0  0  2  7  1  53  20848  1  217  12  0  0  133  0  79108  8996  3  0  9  2813  21  32878  1  1  0  0  7  4  23  11  6  1  76344  0  74  3  1  0  7  2  0  0  0  3  362  5  0  0  1  10  0  0  61867  0  71840  231  1097  1  
0  0  0  0  0  0  0  0  0  0  0  0  0  0  0  0  0  6  0  0  0  0  0  0  0  0  0  0  0  0  70  2  0  0  0  0  0  0  0  0  0  0  0  0  0  0  0  0  0  0  0  0  0  0  0  0  0  0  0  0  1  0  1  0  0  0  0  0  0  19  0  0  0  0  84343  0  0  0  1778  11036  80  9  0  0  0  175  59587  1144  21210  8357  640  36560  0  0  1  28  11205  0  0  1  0  0  0  0  19706  207  0  513  461  0  0  2  9441  2  3  0  634  0  16  3  60014  94  588  0  0  3088  828  179  0  1  0  0  0  0  0  46878  130107  194104  0  62  1  35  5  17290  0  0  0  0  1  0  1  20  0  2  4280  11093  491  560  20204  18  
0  0  0  0  0  0  0  0  0  0  0  0  0  0  0  0  0  0  0  0  0  0  0  0  0  0  0  0  0  0  0  0  0  0  0  0  0  0  0  0  0  0  0  0  0  0  0  0  0  0  0  0  0  0  0  0  0  0  0  0  0  0  0  0  0  0  0  0  0  0  0  0  0  0  14  22  0  14  3  9  5  3  14  1  7  1  0  3  1  0  3  0  28199  279  5  17  0  2  0  31179  962  4  5  3  0  0  0  16933  5  35931  0  2075  6  0  4168  77  5  172  120  0  13  150  330  22  220  41  1  5  59075  67707  405  3446  9  2  192  2  0  2  2385  16  352  47  45  0  148  3  157019  8  0  0  0  0  0  0  13  14  17  56  114  0  
0  0  0  0  0  0  0  0  0  0  0  0  0  0  0  0  0  0  0  0  0  0  0  0  0  0  0  0  0  0  0  0  0  0  0  0  0  0  0  0  0  0  0  0  0  0  0  0  0  0  0  0  0  0  0  0  0  0  0  0  0  0  0  0  0  0  0  0  0  0  0  0  0  0  35  0  0  122278  4  24  11  3  10  2  0  572  4  27  5  1  29  2  4  4  0  1  3  2  31091  0  41  23099  21  0  0  0  1210  1839  6  105346  0  13  124  0  95188  0  5  3  41059  0  40  1041  4495  1  0  444  1  27  30082  550  6  27  0  0  1  23  0  8  119  39  97277  630  77  0  77  0  1572  74  0  0  0  1  0  0  32  44  64  220  1954  1  
0  0  0  0  0  0  0  0  0  0  1  0  0  0  0  0  0  0  0  0  0  0  0  0  0  0  0  0  0  58  0  0  0  0  0  0  0  0  0  0  0  0  0  0  0  0  0  0  0  0  0  0  0  0  0  0  0  0  0  0  0  0  0  0  0  0  0  0  0  0  0  0  0  0  1  0  9444  4  0  2  110  25  2465  79  22  0  1  0  1  3  0  0  18  15821  0  0  0  0  1071  5  0  196  414  194758  0  0  0  0  0  0  0  0  2  0  29  0  0  76  4590  34805  0  2  42  0  0  10  1  22  57  157540  0  22  0  0  0  0  0  0  10965  568  55473  63  178  0  34401  0  88  0  0  0  0  0  0  0  0  65  0  0  242  0  
0  0  0  0  0  0  0  0  0  0  0  0  0  0  0  0  0  0  0  0  0  0  0  0  0  0  0  0  0  0  0  0  0  0  0  0  0  0  0  0  0  0  0  0  0  0  0  0  0  0  0  0  0  0  0  0  0  0  0  0  0  0  0  0  0  0  0  0  0  0  0  0  0  0  56  0  23131  35891  11  30  53  40  13  15  0  305  3  16  91  108  1  2  2  1  0  0  0  9  15  30501  117  0  18035  0  0  0  0  7  0  44  0  0  30  0  935  0  0  11  244736  6311  44  56  1667  0  0  220  3  85  60  391  2  12  0  0  0  11  1  3  67  191  177765  750  1077  0  110  0  55  0  0  0  0  0  0  0  0  141  0  3  1740  0  
0  0  20  0  0  0  0  1  0  0  0  0  0  0  0  11  0  0  0  0  0  0  0  0  0  0  0  0  0  1  0  0  0  0  0  0  0  0  0  0  0  0  0  0  0  3  0  0  0  0  0  0  0  0  0  0  0  0  0  0  0  0  0  0  0  0  0  0  0  0  0  0  0  0  6  0  56614  41050  1  21  568  4898  195  44  0  20892  0  0  13005  25742  1  0  0  3  0  0  0  3  0  50  1628  17711  0  1  0  0  0  8  0  1  0  0  0  0  167  0  0  40  198497  11141  4  3  521  0  0  894  8  462  1  185  0  0  0  0  0  0  0  2  9  1239  2264  109539  139023  0  206  0  0  0  0  0  0  0  0  0  0  332  0  0  458  0  
0  0  288  0  0  0  0  8  40  9  200  0  0  0  0  23  0  0  0  0  0  2  0  0  0  0  22  0  0  7172  0  0  0  0  0  0  0  0  0  0  0  0  0  0  0  82  0  0  0  0  0  0  0  0  0  0  0  0  0  0  0  0  0  0  367  15  0  0  0  0  52  0  0  0  0  0  17681  0  0  0  47  0  8939  9073  7525  0  0  0  0  72  0  0  0  134  0  1737  0  0  0  0  211358  9  7  0  0  0  0  0  0  0  0  0  0  0  0  0  0  4069  41  47269  0  0  0  0  0  0  0  0  0  16630  0  0  0  0  0  0  0  0  82825  30  351  2  4  0  104899  0  2  0  0  0  0  0  0  0  0  0  1  0  3  0  
0  0  0  0  0  21  0  0  0  0  0  0  0  0  0  0  0  16  0  0  0  0  1  4  0  0  0  0  0  0  1490  91  0  0  0  0  0  0  0  0  0  0  0  0  0  0  0  0  0  0  0  0  0  0  0  0  0  0  0  0  0  0  7  0  0  1  0  0  0  142  0  0  0  0  72  0  0  0  1  1188  0  0  0  0  0  0  0  0  3  2828  1  1  0  0  2  40  2  13382  0  0  0  0  0  0  0  21646  0  0  0  0  0  0  1  0  0  0  0  0  0  0  0  0  0  0  0  1  2  0  0  0  0  0  0  0  2  1  93255  189  0  0  0  0  0  48531  0  0  0  0  0  0  2  46  2  4  8  800  547  1783  16043  411  
0  0  0  0  0  24  0  0  0  0  0  0  0  0  0  2  0  318  0  0  0  0  28  17  0  0  0  0  0  0  612  8048  0  0  0  0  0  0  0  0  2  0  0  0  0  0  0  0  0  0  0  0  0  0  0  0  0  0  0  0  0  0  52  5  0  112  0  0  0  2  0  0  2  0  5  0  0  0  0  7473  0  0  0  2  0  0  0  2  2  0  0  12  0  0  0  5  5  54  0  0  0  0  0  0  13308  0  0  0  0  0  0  0  0  0  0  0  0  0  0  0  0  3  0  0  0  1  3  0  0  0  0  0  0  0  1  2  13538  105  0  7898  0  1  0  6537  0  0  0  1  126  0  4  126  281  2516  56  11107  56  7176  18134  10602  
0  0  0  0  0  0  0  0  0  0  0  0  0  0  0  0  0  0  0  0  0  0  0  0  0  0  0  0  0  0  0  0  0  0  0  0  0  0  0  0  0  0  0  0  0  0  0  0  0  0  0  0  0  0  0  0  0  0  0  0  0  0  0  0  0  0  0  0  0  0  0  0  0  0  0  0  0  1835  0  0  0  0  0  0  0  1961  0  0  0  0  189  2  0  0  0  0  0  0  3  989  0  0  0  0  0  0  0  27217  20147  16730  0  0  0  0  24007  0  3  0  0  0  0  33543  4  1  0  0  0  0  0  0  0  0  0  0  0  0  0  0  0  0  0  13  0  0  0  0  16753  48629  0  0  0  0  0  0  19  0  1  9  4  0  
0  0  0  0  0  0  0  0  0  0  0  0  0  0  0  0  0  0  0  0  0  0  0  0  0  0  0  0  0  0  0  0  0  0  0  0  0  0  0  0  0  0  0  0  0  0  0  0  0  0  0  0  0  0  0  0  0  0  0  0  0  0  0  0  0  0  0  0  0  0  0  0  0  0  0  0  0  1705  0  0  0  0  0  0  0  449  280  45  0  0  58  1  0  0  0  0  60  510  13890  2760  0  0  6  0  0  0  28663  0  102364  107138  0  5234  0  1  99  0  15566  0  0  0  5  10325  2  5  0  0  0  0  16  0  1  2  1  0  0  0  0  0  0  0  0  6  0  0  0  8  142786  5515  0  0  0  0  0  0  8  0  30  0  2  0  
0  0  0  0  0  0  0  0  0  0  0  0  0  0  0  0  0  0  0  0  0  0  0  0  0  0  0  0  0  0  0  0  0  0  0  0  0  0  0  0  0  0  0  0  0  0  0  0  0  0  0  0  0  0  0  0  0  0  0  0  0  0  0  0  0  0  0  0  0  0  0  0  0  0  0  0  0  194  0  0  0  0  0  0  0  1258  29  40  0  0  9809  1649  3  0  0  1  28144  330  7  10  0  0  0  0  0  0  14386  93568  0  457  1  91  0  0  103  0  35637  0  1  0  12  64906  10  59  1  0  0  0  64  0  0  6  9  0  1  0  4  7  0  0  0  53  0  0  0  14  68749  1016  0  0  0  0  0  0  17387  0  154  19  9  0  
0  0  0  0  0  0  0  0  0  0  0  0  0  0  0  0  0  0  0  0  0  0  0  0  0  0  0  0  0  0  0  0  0  0  0  0  0  0  0  0  0  0  0  0  0  0  0  0  0  0  0  0  0  0  0  0  0  0  0  0  0  0  0  0  0  0  0  0  0  0  0  0  0  0  0  0  0  1069  0  0  0  0  0  0  0  13  0  0  0  0  2  0  0  0  0  0  1  0  45480  112412  2  32  0  0  0  0  18264  85846  315  0  0  12  0  0  39257  0  3  0  3  0  0  257  3  2  0  1  0  1  2313  28  0  0  0  0  1  0  0  0  5  1  1401  3  1  0  6  0  33049  29354  0  0  0  0  0  0  8  0  14  23  16  0  
0  0  0  0  0  0  0  0  0  0  0  0  0  0  0  0  0  0  0  0  0  0  0  0  0  0  0  0  0  0  0  0  0  0  0  0  0  0  0  0  0  0  0  0  0  0  0  0  0  0  0  0  0  0  0  0  0  0  0  0  0  0  0  0  0  0  0  0  0  0  0  0  0  0  0  32241  0  0  0  0  0  0  0  0  0  0  0  0  0  0  0  0  8  0  8488  0  205  0  0  0  0  0  0  0  0  0  0  0  0  0  0  28163  0  0  1  0  24564  0  0  0  0  50  0  66639  0  0  0  0  0  0  0  2  13080  52828  40  0  0  0  0  0  0  0  0  0  0  191657  2237  0  0  0  0  0  0  0  13  0  5  0  1  0  
0  0  0  0  0  0  0  0  0  0  0  0  0  0  0  0  0  0  0  0  0  0  0  0  0  0  0  0  0  0  0  0  0  0  0  0  0  0  0  0  0  0  0  0  0  0  0  0  0  0  0  0  0  0  0  0  0  0  0  0  0  0  0  0  0  0  0  0  0  0  0  0  0  0  0  230  0  0  1  0  0  0  0  0  0  0  0  1  0  0  1  0  8100  0  2  0  6  0  1594  83  0  0  0  0  0  0  0  4032  88  6  26909  0  0  0  32  0  22670  1  0  0  0  425  0  10255  1  0  0  0  32  0  5  33  16580  1721  330  0  0  0  0  0  0  0  0  0  0  198004  202785  3  0  0  0  0  0  0  16  0  58  3  3  0  
0  0  0  0  0  0  0  0  0  0  0  0  0  0  0  0  0  0  0  0  0  0  0  0  0  0  0  0  0  0  0  0  0  0  0  0  0  0  0  0  0  0  0  0  0  0  0  0  0  0  0  0  0  0  0  0  0  0  0  0  0  0  0  0  0  0  0  0  0  0  0  0  0  0  1820  0  0  3  266  742  20  1  1  0  0  1272  31875  41690  895  78  0  348  0  0  0  0  0  8430  0  1  0  0  0  0  1  5  0  2  1  0  0  0  0  47  61  0  0  0  36  0  8888  2  26026  0  0  18062  883  36  0  3  0  0  0  0  0  7949  107  27850  0  46  5  144  3  1  0  0  0  0  0  0  0  0  0  0  0  1989  0  0  6411  0  
0  0  0  0  0  0  0  0  0  0  0  0  0  0  0  0  0  0  0  0  0  0  0  0  0  0  0  0  0  0  0  0  0  0  0  0  0  0  0  0  0  0  0  0  0  0  0  0  0  0  0  0  0  0  0  0  0  0  0  0  0  0  0  0  0  0  0  0  0  0  0  0  0  0  1  0  0  0  0  0  0  0  0  0  0  26159  5  27754  0  0  0  4  0  0  0  0  0  13  0  0  0  0  0  0  0  0  0  0  0  0  0  0  10  0  0  0  0  0  0  0  0  1  133  0  0  19  0  0  0  0  0  0  0  0  0  1  0  0  0  0  0  315  0  0  0  0  0  0  0  0  0  0  0  0  0  1  0  0  2  0  
0  0  0  0  0  0  0  0  0  0  0  0  0  0  0  0  0  0  0  0  0  0  0  0  0  0  0  0  0  0  0  0  0  0  0  0  0  0  0  0  0  0  0  0  0  0  0  0  0  0  0  0  0  0  0  0  0  0  0  0  0  0  0  0  0  0  0  0  0  0  0  0  0  0  28  0  6  22830  4  48  536  107  657  47  0  2182  2  12  101  8  15117  228  18  92  0  2  103  4  11969  104644  1209  1086  438  1  0  2  24347  31  152  44935  0  21  20  1  0  1  387  58  22220  88  20  82647  22572  40  2  357  18  1299  14761  10870  15  253  8  1  41  12  1  5  936  824  12687  4709  1527  0  2653  3  57268  18339  0  0  0  0  0  0  1745  436  1771  9091  54415  2  
0  398  0  0  0  0  0  0  0  0  79  0  0  0  0  0  0  1  0  12  0  348  2  0  0  0  0  0  0  0  0  0  0  0  0  0  0  0  0  0  0  216  0  2  0  0  0  0  0  0  17  0  0  0  0  0  0  0  0  0  26  0  0  0  0  0  0  0  0  0  0  0  0  0  0  54997  0  0  0  0  0  0  0  0  59932  0  0  0  0  0  0  0  63830  37478  611  75270  7  0  4  0  0  0  0  0  0  0  0  0  0  0  0  0  0  0  0  0  0  58518  0  0  0  0  1  0  37869  0  0  0  0  0  25144  1053  790  10  9043  0  0  0  42  0  0  0  0  0  0  0  5  0  0  0  0  6  0  1  0  0  0  1  0  0  
0  0  0  0  0  0  0  0  0  0  0  0  0  0  0  0  0  0  0  0  0  0  0  0  0  0  0  0  0  0  0  0  0  0  0  0  0  0  0  0  0  0  0  0  0  0  0  0  0  0  0  0  0  0  0  0  0  0  0  0  0  0  0  0  0  0  0  0  0  0  0  0  0  0  0  0  0  2  0  0  0  0  0  0  0  0  1  0  0  0  721  13  1  0  3  7  56261  103  7  8  0  0  0  0  0  0  1  15270  28848  3  18821  19626  0  0  117  0  0  0  2  0  7  9465  4  16220  0  0  0  0  49  0  1  7  6  1  287  0  0  8  0  0  2  1  0  0  0  7888  13663  50  0  0  0  0  0  0  16559  0  311  26  10  0  
0  1  0  0  0  0  0  0  0  3  30  0  0  0  0  0  0  0  0  1  0  8  0  0  0  0  0  0  0  3  0  0  0  0  0  0  0  0  0  0  0  0  0  0  0  0  0  0  0  0  0  0  0  0  0  0  0  0  0  0  2  0  0  0  1  0  0  0  0  0  0  0  0  0  3  356  20  8  1  2  985  26  7779  29966  125604  0  2  1  0  0  0  0  5252  14712  8  135014  5290  3  324  1  41  24  65  4806  0  0  0  0  0  0  0  0  1  0  72  37160  0  0  208  53  11  4  141  0  1206  22  0  3  8  1196  17126  33526  24  0  24827  1  0  0  76338  295  232  31  71  0  1944  0  197  0  0  0  1  6  0  0  3  10  3070  40  51  1  
0  0  0  0  0  0  0  0  0  0  0  0  0  0  0  0  0  0  0  0  0  0  0  0  0  0  0  0  0  0  0  0  0  0  0  0  0  0  0  0  0  0  0  0  0  0  0  0  0  0  0  0  0  0  0  0  0  0  0  0  0  0  0  0  0  0  0  0  0  0  0  0  0  0  291  0  42683  42156  49  177  3684  5712  1952  644  0  1266  38  45  405  8156  5  1  2  58  0  1  0  34  26  60657  3637  215411  193690  6  0  0  0  7  0  1  0  0  240  0  4670  0  0  455  0  40422  247  102  19050  0  0  1663  71  4191  198  3975  1  17  0  0  0  115  0  34  592  9040  129438  66234  67091  0  4130  1  232  0  0  0  0  0  0  0  1  3434  0  9  9795  10  
0  0  5  0  0  0  1  5  10  0  0  0  0  0  0  10  0  0  0  0  0  0  0  0  0  0  0  0  0  4  0  0  0  0  0  0  0  0  0  0  0  0  0  0  0  11  0  0  0  0  0  0  0  0  0  0  0  0  0  0  0  0  0  0  0  2  0  0  0  0  2  0  0  0  39  0  68354  0  15  233  4883  32541  29859  168  0  0  0  0  29  32538  3  0  0  42  0  0  0  2  1  4  60003  3811  17155  42396  0  0  0  0  0  0  0  0  0  0  144  0  0  110  48414  0  0  3  18  0  0  69  15  671  64  7233  0  0  0  0  0  0  0  39  196  3341  34759  149  6921  0  52784  0  48  0  0  0  0  0  0  0  0  461  0  0  615  0  
0  0  0  0  0  0  0  0  0  0  0  0  0  0  0  0  0  0  0  0  0  0  0  0  0  0  0  0  0  0  0  0  0  0  0  0  0  0  0  0  0  0  0  0  0  0  0  0  0  0  0  0  0  0  0  0  0  0  0  0  0  0  0  0  0  0  0  0  0  0  0  0  0  0  203  0  0  0  43  344  30  1  0  0  0  54  24268  418  5424  20  1  31040  0  0  0  0  3  55033  0  1  0  1  0  0  1  4  0  2  4  0  0  0  8567  1  4  0  10  0  18  0  0  1  14926  0  0  2720  5879  25  0  1  0  0  0  0  0  1249  2509  21115  0  284  8  25  3  0  2  0  1  0  0  0  0  0  0  0  363  376  0  5  66941  2  
0  0  0  0  0  0  0  0  0  3  0  0  0  0  0  0  0  0  0  0  0  0  0  0  0  0  0  0  0  0  0  0  0  0  0  0  0  0  0  0  0  0  0  0  0  0  0  0  0  0  0  0  0  0  0  0  0  0  0  0  0  0  0  0  0  0  0  0  0  0  0  0  0  0  4  0  0  102  0  1  5  0  4  1  0  127  4  1  0  0  41213  537  8  1  0  0  4506  21  49  234  18  8  3  0  0  3  32959  11860  66658  520  0  181  3  0  50665  0  16173  5  450  2  5  0  223  186  2  4  0  6  347  124  5  46  58  0  62  0  0  0  40  14  157  45  14  0  16  10  126601  13048  0  0  0  4  4  1  18876  7  1386  12469  36065  5  
0  0  0  0  0  0  0  0  0  0  0  0  0  0  0  0  0  0  0  0  0  0  0  0  0  0  0  0  0  0  0  0  0  0  0  0  0  0  0  0  0  0  0  0  0  0  0  0  0  0  0  0  0  0  0  0  0  0  0  0  0  0  0  0  0  0  0  0  0  0  0  0  0  0  1152  0  3  21376  166  553  412  86  236  29  0  48822  1221  5494  1604  57  13919  48431  0  15  0  0  188  621  5  768  275  761  181  2  0  0  27  1  10  0  0  0  18726  28  26269  0  0  10  24819  38  14158  358  0  0  0  58880  964  1999  53  760  0  3  0  0  0  1968  26  1041  121  2159  1795  45212  996  0  901  0  52  0  0  0  0  0  0  0  635  4180  1  28  98547  0  
0  0  0  0  0  0  0  0  0  0  0  0  0  0  0  0  0  0  0  0  0  0  0  0  0  0  0  0  0  0  0  0  0  0  0  0  0  0  0  0  0  0  0  0  0  0  0  0  0  0  0  0  0  0  0  0  0  0  0  0  0  0  0  0  0  0  0  0  0  0  0  0  0  0  0  816  0  1  0  0  0  0  0  0  0  0  0  0  0  0  2  0  97  1  60577  0  32699  0  39  4  0  0  0  0  0  0  1  6  83  1  67477  12600  0  0  41  1  29622  8  1  0  1  2889  1  0  151  0  0  0  26  0  28  50  3230  20584  21098  0  0  0  1  0  0  2  0  0  0  34571  17878  4  0  0  0  0  0  0  2286  0  6416  32  9  0  
0  4  0  0  0  0  0  0  0  0  0  0  0  0  0  0  0  0  0  0  0  3  0  0  0  0  0  0  0  0  0  0  0  0  0  0  0  0  0  0  0  2  0  1  0  0  0  0  0  0  0  0  0  0  0  0  0  0  0  0  1  0  0  0  0  0  0  0  0  0  0  0  0  0  2  44397  0  0  0  3  0  0  0  1  69  0  0  0  0  0  0  0  16428  281  20332  58411  2  0  208  0  0  0  0  0  0  0  0  0  0  0  0  1  0  0  1  46619  0  932  6  0  4  0  43  48  0  6  0  0  1  3  16776  600  9092  9057  41178  1  0  0  1  1  2  4  4  0  0  1  600  0  0  0  0  0  0  0  0  1  0  0  15  0  
0  0  0  0  0  0  0  0  0  0  0  0  0  0  0  0  0  0  0  0  0  0  0  0  0  0  0  0  0  0  0  0  0  0  0  0  0  0  0  0  0  0  0  0  0  0  0  0  0  0  0  0  0  0  0  0  0  0  0  0  0  0  0  0  0  0  0  0  0  0  0  0  0  0  2302  0  1  16  376  4778  19009  157  95  31  0  36188  248  84643  177328  350  1  794  0  2  0  0  0  406  0  11  60  153  1607  0  0  0  0  0  0  0  0  0  16619  5  436  0  0  25  2418  29  1478  12  55585  0  0  0  35894  12360  2  94  0  0  0  0  0  3227  14  1052  8  29581  570  53003  412  0  106  0  3  0  0  0  0  0  0  0  0  12946  0  1  25316  0  
0  0  0  0  0  0  0  0  0  0  0  0  0  0  0  0  0  0  0  0  0  0  0  0  0  0  0  0  0  0  0  0  0  0  0  0  0  0  0  0  0  0  0  0  0  0  0  0  0  0  0  0  0  0  0  0  0  0  0  0  0  0  0  0  0  0  0  0  0  0  0  0  0  0  44310  0  1  0  99395  28865  6738  17  7  3  0  1  22  296  260500  18593  0  0  0  0  0  0  0  2123  0  1  2  3  5  0  0  0  0  0  0  0  0  0  172  0  21  0  0  2  140  20  469  0  198  0  0  53561  0  63034  0  3  0  0  0  0  0  2241  58  1512  0  26613  34  306  130  4  6  0  1  0  0  0  0  0  0  0  0  2941  0  1  2643  0  
0  0  0  0  0  0  0  0  0  0  0  0  0  0  0  0  0  0  0  0  0  0  0  0  0  0  0  0  0  0  0  0  0  0  0  0  0  0  0  0  0  0  0  0  0  0  0  0  0  0  0  0  0  0  0  0  0  0  0  0  0  0  0  0  0  1  0  0  0  0  0  0  0  0  1652  0  7  1  727  19781  70567  23052  313  132  0  1  1  26  168586  257008  0  3  0  1  0  0  0  74  1  2  44  106  550  1  0  0  0  0  0  0  0  0  15  0  1620  0  0  98  4591  971  34  5  1299  0  0  22878  54117  0  5  90  0  0  0  0  0  102  6  941  18  48375  687  47973  32683  1  88  0  4  0  0  0  0  0  0  0  0  2786  0  0  3313  1  
0  0  0  0  0  0  0  0  0  0  0  0  0  0  0  0  0  0  0  0  0  0  0  0  0  0  0  0  0  0  0  0  0  0  0  0  0  0  0  0  0  0  0  0  0  0  0  0  0  0  0  0  0  0  0  0  0  0  0  0  0  0  0  0  0  0  0  0  0  0  0  0  0  0  10  0  1  25  1  7  39  13  31  12  0  2  3  0  6  1  7  1  9  29  0  0  2  1  48217  25273  190  10  9  0  0  0  0  2  15  1730  0  12  8  0  6079  2  21  18  1012  1  11  441  347  46  3  59  1  31  0  39450  11  119  3  0  2  1  0  2  778  189  17457  238  141  0  309  5  25962  9  0  0  0  0  0  0  35  129  72  145  725  0  
0  0  0  0  0  0  0  0  0  0  0  0  0  0  0  0  0  0  0  0  0  0  0  0  0  0  0  0  0  0  0  0  0  0  0  0  0  0  0  0  0  0  0  0  0  0  0  0  0  0  0  0  0  0  0  0  0  0  0  0  0  0  0  0  0  0  0  0  0  0  0  0  0  0  81  19  69  201  8  37  891  217  10069  455  9  12  8  13  21  10  8  1  14408  18764  1  32  2  8  72150  592  166043  282  306  17213  0  0  0  0  4  11  0  3  31  0  2715  32  18  699  7890  1377  59  354  1789  27  109  363  11  217  37096  0  406  35536  2  0  108  24  0  9  37788  1982  60348  960  1001  0  38314  1  37566  5  0  0  0  0  0  0  20  794  23  87  8029  0  
0  0  0  0  0  0  0  0  0  0  0  0  0  0  0  0  0  0  0  0  0  0  0  0  0  0  0  0  0  0  0  0  0  0  0  0  0  0  0  0  0  0  0  0  0  0  0  0  0  0  0  0  0  0  0  0  0  0  0  0  0  0  0  0  0  0  0  0  0  0  0  0  0  0  50  6290  0  0  12  25  1  1  0  1  2929  2  7  10  2  0  0  0  201896  4531  84  9204  1  4  323  0  0  2  1  0  0  0  0  0  0  0  0  8  18  0  26  34227  0  14535  124  0  33  1  1322  8  22790  142  3  6  9  70  0  23981  13057  52  21805  13  1  4  198  3  23  101  89  0  2  3  3798  0  0  0  0  0  0  0  0  34  4  1  270  1  
0  0  0  0  0  0  0  0  0  0  0  0  0  0  0  0  0  0  0  0  0  0  0  0  0  0  0  0  0  0  0  0  0  0  0  0  0  0  0  0  0  0  0  0  0  0  0  0  0  0  0  0  0  0  0  0  0  0  0  0  0  0  0  0  0  0  0  0  0  0  0  0  0  0  142  311  0  13  19  57  8  8  11  4  14409  9  12  17  7  5  1  1  117392  114932  219  1450  0  22  7319  9  161  2  7  6  0  0  0  0  1  0  0  22  36  0  302  959  7  53835  489  1  120  327  3189  27  1721  328  7  30  158  29126  19874  0  6801  170  8076  31  0  10  58606  37  116  291  282  0  218  4  31427  3  0  0  0  0  0  0  16  100  22  94  703  0  
0  0  0  0  0  0  0  0  0  0  0  0  0  0  0  0  0  0  0  0  0  0  0  0  0  0  0  0  0  0  0  0  0  0  0  0  0  0  0  0  0  0  0  0  0  0  0  0  0  0  0  0  0  0  0  0  0  0  0  0  0  0  0  0  0  0  0  0  0  0  0  0  0  0  3  43148  0  2  0  0  0  0  0  0  0  0  1  0  0  0  0  0  61487  6  3675  40  1  0  167  1  0  0  0  0  0  0  0  0  5  0  11879  15686  2  0  16  382  93  245  8  0  2  28  51  1620  11971  11  0  0  5  10  6952  4128  0  20187  24862  0  0  0  5  0  3  8  6  0  0  53588  20097  0  0  0  0  0  0  0  1  1  19  0  13  0  
0  0  0  0  0  0  0  0  0  0  0  0  0  0  0  0  0  0  0  0  0  0  0  0  0  0  0  0  0  0  0  0  0  0  0  0  0  0  0  0  0  0  0  0  0  0  0  0  0  0  0  0  0  0  0  0  0  0  0  0  0  0  0  0  0  0  0  0  0  0  0  0  0  0  0  67562  0  0  0  0  0  0  0  0  0  0  0  0  0  0  0  0  888  2  64835  0  0  0  142  0  0  0  0  0  0  0  0  0  0  0  57842  4721  0  0  2  59  35  35  0  0  1  9  3  30433  12910  0  0  0  0  1  137  337  11174  0  24926  0  0  0  1  0  0  0  0  0  1  25756  2181  0  0  0  0  0  0  0  0  0  56  1  0  0  
0  12  0  0  0  0  0  0  0  1  0  0  0  0  0  0  0  0  0  0  0  18  1  0  0  0  0  0  0  0  0  0  0  0  0  0  0  0  0  0  0  3  0  0  0  0  0  0  0  0  2  0  0  0  0  0  0  0  0  0  5  0  0  0  0  0  0  0  0  0  0  0  0  0  1  9731  0  3  3  0  0  0  0  9  592  0  0  1  0  1  0  0  6942  1569  117919  150655  67884  1  4242  2  1  0  0  0  0  1  0  0  1  0  17  234  1  0  18  6856  101  25567  17  0  4  40  136  30849  37320  10  0  0  9  43  50190  6449  10373  12856  0  1  1  0  443  0  4  14  10  0  3  603  8836  0  0  0  0  4  0  0  409  4  7808  3  35  0  
0  0  0  0  0  0  0  0  0  0  0  0  0  0  0  0  0  0  0  0  0  0  0  0  0  0  0  0  0  0  0  0  0  0  0  0  0  0  0  0  0  0  0  0  0  0  0  0  0  0  0  0  0  0  0  0  0  0  0  0  0  0  0  0  0  0  0  0  0  0  0  0  0  0  523  0  0  0  24  92  11  1  0  0  0  8  16722  26863  22699  6  0  1  0  0  0  0  0  35283  0  1  0  0  0  0  0  0  0  0  0  0  0  0  6388  1  0  0  0  0  12  0  249  0  404  0  0  4208  263  4  0  1  0  0  0  0  0  0  9  7774  0  19  0  41  0  0  0  0  0  0  0  0  0  0  0  0  0  409  0  0  788  0  
0  0  0  0  0  0  0  0  0  0  0  0  0  0  0  0  0  13  0  0  0  2  2  0  0  0  0  0  0  0  11  11  0  0  0  0  0  0  0  0  0  0  0  0  0  0  0  0  0  0  0  0  0  0  0  0  0  0  0  0  2  0  2  0  0  0  0  0  0  2  0  0  0  0  390  0  0  0  20  12374  2  0  0  0  0  6  4  42  155  13  16  924  0  0  1  55  525  103530  0  0  0  0  0  0  71453  13352  0  0  4  0  0  0  28  0  0  0  0  1  0  0  3755  9  24  0  0  151  167  4  0  0  0  0  0  0  3  111  0  26063  0  11  0  1  0  25128  0  0  0  0  2  0  2  41  1  10  410  6393  2194  1810  59690  426  
0  0  0  0  0  0  0  0  0  0  0  0  0  0  0  0  0  0  0  0  0  0  0  0  0  0  0  0  0  0  0  0  0  0  0  0  0  0  0  0  0  0  0  0  0  0  0  0  0  0  0  0  0  0  0  0  0  0  0  0  0  0  0  0  0  0  0  0  0  0  0  0  0  0  11698  0  0  0  4289  30674  178  6  0  0  0  186  15518  5657  2755  1995  0  12  0  0  0  0  2  183753  0  0  0  0  0  0  603  436  0  0  4  0  0  0  28658  2  7  0  36  0  25  2  14712  1  1294  0  0  6315  1520  529  0  0  0  0  0  0  0  12332  30139  0  0  109  7  86  15  5321  1  0  0  0  0  0  0  1  0  0  2  51033  0  1  16064  2  
0  0  0  0  0  0  0  0  0  0  0  0  0  0  0  0  0  0  0  0  0  1  0  0  0  0  0  0  0  4  0  0  0  0  0  0  0  0  0  0  0  0  0  0  0  0  0  0  0  0  0  0  0  0  0  0  0  0  0  0  0  0  0  0  2  0  0  0  0  0  0  0  0  0  77  4  15  6  14  40  235  33  4988  184  87016  2  8  14  5  5  0  1  95  52283  0  577  2  11  458  27  10413  37  38  62226  0  0  0  0  0  2  0  0  39  0  211  32  0  65763  2616  38  65  27  2725  0  33  293  7  86  514  19033  262  60035  1  0  305  23  1  10  0  300  545  281  460  0  53880  0  2249  1  0  0  0  0  0  0  0  304  9  6  910  0  
0  0  2  1  0  3255  208  243  1822  45599  0  0  0  0  0  42  0  3  0  0  0  2  0  1  0  1  0  0  0  14  3  4507  0  0  0  0  0  0  0  0  17  0  0  1  3  2  0  5  1  0  0  11  5  2  0  2  0  0  0  0  0  0  1  0  0  35656  28  1  1  0  16  0  0  0  72  0  5  0  149  60998  43448  33436  48549  62638  0  2  2  13  459  380  10  5  0  0  0  4  1  24  0  3  32  48  111  85  1  6106  0  0  0  0  0  0  12  0  385  0  0  4296  2559  158  27  103  361  0  0  10691  4538  3299  5  768  0  1  0  0  0  43  2  46  219  0  644  8189  733  1  430  0  5  0  4  61  0  3948  2336  16  10  1515  74  12478  7092  4  
0  0  0  0  0  0  0  0  0  0  0  0  0  0  0  0  0  0  0  0  0  0  0  0  0  0  0  0  0  0  0  0  0  0  0  0  0  0  0  0  0  0  0  0  0  0  0  0  0  0  0  0  0  0  0  0  0  0  0  0  0  0  0  0  0  0  0  0  0  0  0  0  0  0  305  0  21574  5160  51  160  782  178  2083  491  0  328  31  61  63  36  12  3  1  74  0  1  3  31  350  103460  75872  154316  4381  48  0  0  0  2  3  474  0  2  188  0  17312  2  3  420  119156  57731  239  329  7440  0  2  1294  25  375  15195  66731  10  123  1  0  3  84  1  42  1561  3888  0  3467  3493  0  3525  0  1616  11  0  0  0  0  0  0  9  1673  8  84  13296  0  
0  0  0  0  0  0  0  0  0  0  0  0  0  0  0  0  0  0  0  0  0  0  0  0  0  0  0  0  0  0  0  0  0  0  0  0  0  0  0  0  0  0  0  0  0  0  0  0  0  0  0  0  0  0  0  0  0  0  0  0  0  0  0  0  0  0  0  0  0  0  0  0  0  0  498  0  1  6885  82  617  5355  495  104  102  0  70735  58  356  56482  258  4  176  0  2  0  0  0  77  0  103  31  217  103441  0  0  0  9  2  4  0  0  0  169  119  2065  0  0  54  103286  24  336  109  65347  0  0  54679  173  31528  2  66  0  0  0  0  0  293  2  83  18  11757  542  0  27824  0  64  0  12  0  0  0  0  0  0  0  3  6497  1  10  18941  3  
0  0  0  0  0  0  0  0  0  0  0  0  0  0  0  0  0  0  0  0  0  0  0  0  0  0  0  0  0  0  0  0  0  0  0  0  0  0  0  0  0  0  0  0  0  0  0  0  0  0  0  0  0  0  0  0  0  0  0  0  0  0  0  0  0  0  0  0  0  0  0  0  0  0  73  0  3276  0  54  286  4960  29907  870  376  0  1  4  5  27174  72482  8  0  0  2  0  0  0  3  0  23  215  454  121555  0  0  0  0  0  0  0  0  0  4  0  1126  0  0  214  82748  7545  15  13  347  0  0  1098  86  42152  6  356  0  1  0  0  0  8  1  38  34  9123  3292  30291  0  0  297  0  8  0  0  0  0  0  0  0  0  4054  0  2  3195  0  
0  0  0  0  3  105  0  0  0  0  0  0  0  0  0  1  0  2  0  0  0  0  0  2  0  0  0  0  0  0  442  465  0  0  0  0  0  0  0  0  0  0  0  0  0  0  0  0  0  0  0  0  0  0  0  0  0  0  0  0  0  0  2  0  0  14  0  0  0  142  0  0  0  0  12379  0  0  0  3666  52622  1  0  0  0  0  0  0  0  3  22728  0  0  0  0  0  0  0  22760  0  0  0  0  0  0  47018  11450  0  0  0  0  0  0  1  0  0  0  0  0  0  0  0  0  1  0  0  6  3  0  0  0  0  0  0  0  0  3  36456  9062  0  1  0  0  0  0  0  0  0  0  0  0  0  0  1  0  0  10717  0  1  1819  5  
0  0  372  0  0  0  0  5  346  12  11  0  0  0  0  4  0  0  0  0  0  0  0  0  0  0  0  0  0  804  0  0  0  0  0  0  0  0  0  0  0  0  0  0  0  292  0  0  0  0  0  0  0  0  0  0  0  0  0  0  0  0  0  0  18  268  0  0  0  0  411  0  0  0  1  0  2217  5  0  1  435  42  46306  180  1  1  0  0  1  455  0  0  0  289  0  0  0  0  19  6  45055  190  277  89136  0  0  0  0  0  0  0  0  0  0  32  0  0  598  2825  62820  2  2  22  0  0  15  2  30  115  33796  0  13  0  0  1  1  0  0  45886  1002  2463  80  332  0  0  0  239  0  0  0  0  0  0  0  0  65  1  1  385  0  
0  0  0  0  0  0  0  0  0  0  0  0  0  0  0  0  0  0  0  0  0  0  0  0  0  0  0  0  0  0  0  0  0  0  0  0  0  0  0  0  0  0  0  0  0  0  0  0  0  0  0  0  0  0  0  0  0  0  0  0  0  0  0  0  0  0  0  0  0  0  0  0  0  0  0  6078  0  0  0  0  0  0  0  0  0  0  0  0  0  0  0  0  5451  0  5  0  3  0  5  0  0  0  0  0  0  0  0  0  15  0  182750  227035  0  0  7  0  6591  1  0  0  0  72  0  27591  4  0  0  0  2  0  4  22  68737  33639  484  0  0  0  0  0  0  1  0  0  0  0  42853  4  0  0  0  0  0  0  6  0  46  0  0  0  
0  0  0  0  0  0  0  0  0  0  0  0  0  0  0  0  0  0  0  0  0  0  0  0  0  0  0  0  0  0  0  0  0  0  0  0  0  0  0  0  0  0  0  0  0  0  0  0  0  0  0  0  0  0  0  0  0  0  0  0  0  0  0  0  0  0  0  0  0  0  0  0  0  0  140  427  0  281  20  73  13  2  33  6  0  31  16  17  5  7  304  4  73818  118  116  32  113  13  171608  3919  806  6  2  5  0  0  11296  126737  66282  42375  823  247069  48  0  80101  79  24912  416  602  3  82  147392  2141  48487  559  374  7  29  23367  14478  2364  33987  24445  735  5380  40  0  12  3391  52  448  1068  172  0  869  25331  0  24747  0  0  0  0  0  0  1970  122  2583  2653  1793  1  
0  0  0  0  0  0  0  0  0  0  0  0  0  0  0  0  0  0  0  0  0  0  0  0  0  0  0  0  0  0  0  0  0  0  0  0  0  0  0  0  0  0  0  0  0  0  0  0  0  0  0  0  0  0  0  0  0  0  0  0  0  0  0  0  0  0  0  0  0  0  0  0  0  0  1  0  0  82  0  0  0  0  0  0  0  0  0  0  0  0  10  0  0  0  0  0  4  0  17  40  0  0  0  0  0  0  49451  5182  666  24010  0  3  0  0  14005  0  79  0  0  0  0  12327  1  9  0  0  0  0  4  0  0  2  0  0  2  0  0  0  1  0  3  2  0  0  0  0  21191  0  0  0  0  0  0  0  199  0  30  88  19  0  
0  0  0  9  0  1  0  0  0  0  0  14  0  0  0  0  11507  30355  1  0  1  0  103194  37  9  42  6  0  0  0  1  173  5  153  10582  3  137  10  0  0  1042  0  25506  2  8  0  16  36684  10  453  0  1  0  0  8  67  0  13  24  88  89  0  26  2  1  0  44  1  0  0  10  9550  9437  512  0  0  0  0  0  0  0  0  0  0  0  0  0  0  0  0  0  2  0  0  0  3  2  4  0  0  0  0  0  0  0  325  0  0  0  0  0  0  0  0  1  0  0  0  0  0  0  3  0  0  0  0  0  0  0  0  0  0  0  0  0  0  1  0  0  0  0  0  0  0  0  0  0  0  0  0  150015  33716  25157  679  28  3  1  14  347  40  
19  0  1  0  11  120141  74068  2266  4  0  0  0  0  0  3565  383848  0  0  0  0  0  0  0  13  0  0  1  0  347  0  0  2  0  0  0  0  0  0  0  0  0  0  0  0  10  10  0  0  0  0  0  10  204  108158  0  2  0  0  0  0  0  0  0  4  0  162  2  0  320  10  0  0  0  0  0  0  0  0  0  93  33  5  0  0  0  0  0  0  0  126  0  0  0  0  0  0  0  0  0  0  0  0  0  0  0  0  0  0  0  0  0  0  0  0  0  0  0  0  0  0  0  0  0  0  0  0  0  0  0  0  0  0  0  0  0  0  0  0  0  19  0  0  0  0  0  0  0  0  0  0  0  0  8  0  0  0  0  0  0  0  
0  1  0  150  0  0  2  0  17  6566  0  87  0  0  3  0  5  718  7  2  3  37  66230  1  127  270  10  9  0  2  0  39  2  3  14  9  346  95  0  2  2289  1  657  5586  70  0  0  3570  108  5120  1  2  0  0  35  293  4  63  371  3581  33640  0  1  1  45  6  315  26  1  0  120  1040  4998  163  0  0  0  0  0  0  0  0  0  0  0  0  0  0  0  0  0  0  0  0  0  3  1  0  0  0  0  0  0  0  0  9  0  0  0  0  0  0  0  0  0  0  0  0  0  0  0  0  0  0  0  0  0  0  0  0  0  0  0  0  0  0  0  0  0  0  0  0  0  0  0  0  0  0  83278  0  0  30841  432  194  1  0  1  271  20  5  
1  2  0  94  0  7  47  36  7  7658  0  60  0  4  25  0  44  8382  5  0  2  27  2089  8  78  170  24  216  17  0  0  334  70  0  6  18  33  4  2  4  5225  0  53  24  3709  20  1  7799  125  58  0  33  13  55  16  153  4  26  5  2  28  3  28  37  32  31  509  153  191  30  38  103  2720  759  0  1  0  1  0  0  0  0  1  6  0  0  0  0  0  0  0  3  0  0  3  23  5  1  0  0  0  0  0  0  0  441  0  0  0  0  0  0  0  0  14  2  0  0  1  1  0  15  0  0  0  0  0  0  0  3  0  0  0  0  0  0  8  0  0  1366  0  0  0  0  0  0  0  0  23915  0  27421  0  36530  36374  57  31  7  11136  1484  83  
1785  0  1  68  9  780  2366  922  175  52  0  70  2  4947  1063  40  59469  84684  1  0  0  4  1756  13203  21  141  118  1779  133  2  812  14094  79  0  202  11  2  0  744  6  2434  0  11  0  11074  103  25079  57759  58337  7  0  16656  915  2003  9  442  4  14  3  0  3  5054  12278  14197  17  781  6663  4192  1040  471  117  13  556  357  0  0  0  0  0  5  0  0  0  0  0  0  0  0  0  0  0  0  0  0  0  0  0  0  0  0  0  0  0  0  0  205  0  0  0  0  0  0  0  0  1  0  0  0  0  0  0  0  0  0  0  0  0  0  0  0  0  0  0  0  0  0  1  0  0  11  0  0  0  7  0  0  0  0  17044  2  43  18902  0  169313  2  0  0  3  53  12  
91  1  0  5  1  88  87  39  18  8  0  2  0  128  65  6  8  9253  0  0  0  4  1106  322  3  17  31  266  37  0  2  19274  0  0  0  0  0  0  28  0  101  0  0  0  3803  17  32  0  57  0  0  115  32  281  0  58  0  1  0  0  3  88  3015  4005  1  89  556  296  252  1191  13  1  7  0  0  0  0  0  0  0  0  0  0  0  0  0  0  0  0  0  0  1  0  0  0  3  0  1  0  0  0  0  0  0  0  656  0  0  0  0  0  0  0  0  0  0  0  0  0  0  0  0  0  0  0  0  0  0  0  0  0  0  0  0  0  0  5  0  0  2  0  0  0  0  0  0  0  0  3824  0  267  72274  434936  0  8  1  1  30  293  57  
0  0  0  0  0  0  0  0  0  3  0  0  0  0  0  0  0  37  0  0  0  1  2  1  0  0  0  0  0  0  0  2  0  0  0  0  0  0  0  0  0  0  0  0  0  0  0  0  0  0  0  0  0  0  0  0  0  0  0  0  1  0  0  1  0  0  0  0  0  0  0  0  0  0  5  1  0  102  0  2  2  0  0  0  0  5  0  2  0  0  7070  16948  11  0  1  21  70731  9060  12  89  0  0  0  0  115  760  0  5  8184  0  4  22  3  0  1601  3  38048  6  28  0  39  28175  174  1201  8  14  0  0  20  61  11  161  2  1  1065  2  1110  26  23  14  32  62  2  0  0  4  1115  19  42  0  2  50  43  221  0  255  216518  21392  37993  1110  
0  0  0  0  0  0  0  0  0  16  0  0  0  0  0  0  0  2  0  0  0  0  0  0  0  0  0  0  0  0  0  2  0  0  0  0  0  0  0  0  0  0  0  0  0  0  0  0  0  0  0  0  0  0  0  0  0  0  0  0  0  0  0  0  0  1  0  0  0  0  0  0  0  0  1572  0  36  0  119  14226  500  156  230  60  0  5  10  150  1624  85  1  20  0  5  0  0  0  3014  1  3  243  416  174  0  1205  8388  0  0  0  0  0  0  89  0  371  0  0  34  12582  283  169  23  973  0  0  15450  3000  902  18  382  0  2  0  0  0  384  4052  10697  40  3573  7233  10787  1182  1578  419  0  11  0  3  0  0  7  3  3  12  0  26  12143  185477  42476  
0  0  0  0  0  0  0  0  0  9  0  0  0  0  0  0  0  2  0  0  0  1  0  0  0  0  0  0  0  0  0  0  0  0  0  0  0  0  0  0  0  0  0  0  0  0  0  0  0  0  0  0  0  0  0  0  0  0  0  0  2  0  0  0  0  0  0  0  0  0  0  0  0  0  6  11  0  308  2  7  40  1  91  3492  0  8  2  2  0  0  113  49  18  0  7  2208  74711  649  40  187  2  3  1  0  448  1211  0  18  373  5  1  535  4  0  3434  0  1911  5664  78  2  11  5154  180  18741  6  37  0  1  183  108  62  264  43  10  13764  2  1959  1  130  329  121  158  6  1  42  165  4256  98  1  0  2  27  4  8  97768  88  0  9648  3301  532  
0  2  0  0  0  0  0  0  0  6667  0  0  0  0  0  0  0  40  0  0  0  2  10  0  0  0  0  0  0  0  0  15  0  0  0  0  0  0  0  0  2  0  0  5  1  0  0  0  1  0  0  0  0  0  0  0  0  0  0  0  1  0  0  0  0  1  5  0  0  0  0  0  0  0  29  2  0  468  5  9  6  1  8  186  0  23  0  7  1  1  945  757  30  5  1  64  628  630  150  361  39  2  1  0  244  2146  0  0  58  2  0  7  9  0  9011  1  149  48  142  1  13  15837  451  31  19  76  1  4  689  514  31  406  4  1  46  6  1126  0  232  8226  213  269  20  1  11  4  3642  58  19  0  91  13765  322  155  18194  39118  6530  0  53211  34422  
0  0  0  0  0  0  0  0  0  25  0  0  0  0  0  0  0  19  0  0  0  4  3  0  0  0  0  0  0  0  1  4  0  0  0  0  0  0  0  0  0  0  0  0  0  0  0  0  0  0  0  0  0  0  0  0  0  0  0  0  2  0  0  0  0  1  0  0  0  0  0  0  0  0  2071  0  8  3  113  711  305  50  256  23  0  10  19  365  3137  54  22608  29803  0  6  2  35  4114  18276  3  4  219  430  179  0  4199  8900  0  0  22  0  0  0  231  0  4958  0  176  18  7445  77  43233  20188  34977  0  0  8174  4970  1224  62  1507  2  2  0  0  3  818  37102  8080  54  3051  2781  1967  1251  54  627  0  89  1  6  0  1  58  29  32  22022  140441  1005  22781  0  159605  
0  0  0  0  0  0  0  0  0  0  0  0  0  0  0  0  0  91  0  0  0  3  11  0  0  0  0  0  0  0  0  15  0  0  0  0  0  0  0  0  1  0  0  0  0  0  0  0  0  0  0  0  0  0  0  0  0  0  0  0  0  0  1  1  0  0  0  0  0  0  0  0  0  0  0  0  0  2  0  14  0  0  0  0  0  4  0  0  0  0  22  1177  1  0  1  39  592  1016  1  6  0  1  0  0  425  20634  0  0  1  0  0  0  0  0  89  1  2  1  8  0  7  117  10  0  0  1  0  0  0  2  0  6  0  0  2  0  580  5  1  16  4  5  0  6  1  0  38  0  33  0  0  139  27  390  2881  189850  3851  78322  414431  0  
