0  2  0  0  61865  17439  18  1  1  1  0  114  15  5357  42152  3612  0  8  1  0  0  0  0  67045  0  9  0  0  0  0  15216  20  0  0  0  10  0  0  796  3595  116  0  0  12  58  0  5533  1  1305  0  1  13929  27224  131  0  2  0  1  0  0  1  47664  23  9390  2  424  7  260  27  13088  1  0  1  0  0  0  0  0  0  1  0  0  0  0  0  0  0  0  0  0  0  0  0  0  0  0  0  0  0  0  0  0  0  0  1  1  0  0  0  0  0  0  0  0  0  0  0  0  0  0  0  0  0  0  0  0  0  0  0  0  0  0  0  0  0  0  0  0  0  17  0  0  0  0  0  0  0  0  0  3  0  1  8986  5  0  1  0  0  0  0  
0  0  0  0  0  0  0  0  0  0  2  0  0  0  0  0  0  0  63756  12  103257  19705  58  0  78  200  0  0  0  0  0  0  0  79  14  147  4020  957  0  1  30  57078  141  840  3  0  0  5  0  356  70612  1  0  2  141  12  8789  42  31892  8372  12568  0  0  0  10  0  5  2  2  0  0  23439  1426  0  0  3  0  0  0  0  0  0  0  0  0  0  0  0  0  0  0  0  0  0  2  28  1  0  0  0  0  0  0  0  1  0  0  0  0  0  0  0  0  0  0  1  0  1  0  0  0  0  0  0  11  0  0  0  0  0  0  0  0  0  8  0  1  0  0  0  0  0  0  0  0  0  0  0  15  11  82  43  9  0  0  0  0  56  1  1  
0  0  0  0  0  0  5  9554  7  41  0  0  0  0  0  40042  0  0  0  0  0  0  0  0  0  0  18154  32437  29874  9826  0  0  0  0  0  0  0  0  0  0  0  0  0  1  53039  71546  0  0  1  0  0  1  0  3  0  13  0  0  0  0  0  0  0  0  0  3  12918  2  2831  0  8  0  0  0  0  0  3134  0  0  0  0  1  2  0  0  0  0  0  0  172  0  0  0  0  0  0  0  0  0  0  0  132  4  13  0  0  0  0  0  0  0  0  0  0  0  0  0  0  10  8  0  0  0  0  0  0  0  0  0  0  0  0  0  0  0  0  0  0  0  1  0  0  0  0  6  0  0  0  0  0  0  1  5  1  0  0  0  0  0  0  
2  1  0  0  0  1  0  0  5  10  0  43097  0  1  0  3  154  40  7  0  0  0  1  15  0  62563  32  39141  24024  1  0  0  2096  269  12  104  0  0  0  11  1654  0  2  3  22238  2  3  259  59222  0  0  6  1  0  0  98  0  4  0  0  0  1  0  0  16  1  9433  20584  7  0  4  0  2  1  0  0  0  0  0  0  0  0  0  0  0  0  0  0  0  0  0  0  0  0  0  0  0  0  0  0  0  0  0  0  0  0  0  0  0  0  0  0  0  0  0  0  0  0  0  0  0  0  0  0  0  0  0  0  0  0  0  0  0  0  0  0  0  0  0  0  0  0  0  0  0  0  0  0  0  0  0  3  132  10  0  0  0  0  0  0  
39282  0  0  0  0  9699  1  0  0  0  0  5  0  405  26502  24672  0  0  0  0  0  0  0  858  0  1  0  0  0  0  20584  3  0  0  0  1  0  0  91  771  4  0  0  0  0  0  190  0  185  0  0  443  22918  40  0  0  0  0  0  0  0  111  4  443  0  50  2  6  0  7599  0  0  0  0  0  0  0  0  20  2  0  0  0  0  0  0  0  0  0  12  0  0  0  0  0  0  0  0  0  0  0  0  0  0  0  0  0  0  0  0  0  0  0  0  0  0  0  0  0  0  0  0  0  0  0  0  0  0  0  0  0  0  0  0  0  0  0  0  0  7  0  0  0  0  0  0  0  0  0  0  0  0  960  0  0  0  0  0  0  0  
19418  0  1  0  32042  0  49248  117  16  48  0  98  0  1440  36486  118334  0  128  1  0  0  0  0  18791  0  2  12  9  4  0  598  10653  0  0  0  10  0  0  500  2543  40  0  0  4  67  5  3639  0  5593  0  1  8765  17343  49902  0  6  0  1  0  0  0  989  1377  7645  2  125773  110  505  39  54999  1  0  2  0  3  0  0  0  9  1437  152  9  0  0  0  0  0  0  0  447  0  0  0  0  0  0  0  1  0  0  0  0  0  0  23  218  0  0  0  0  0  0  0  0  0  0  0  0  0  0  0  0  0  0  0  0  5  1  0  0  0  0  0  0  0  0  0  4  0  8152  0  0  0  21  0  0  0  0  0  210  0  65  32391  1215  0  39  0  0  5  2  
37  0  17  0  23  51889  0  39613  8820  12246  0  92  0  669  2523  84264  0  1  0  0  0  0  0  0  0  3  165  141  303  4  0  1170  0  0  0  2  0  0  5  889  134  0  0  128  757  136  2  1  543  0  0  5697  679  56813  0  177  0  0  0  0  0  54  0  0  10  131834  553  836  921  3  255  0  0  0  0  0  0  0  0  627  2238  401  14  0  0  0  0  0  2  1131  0  0  0  0  0  0  0  0  0  0  0  0  0  0  0  52  0  0  0  0  0  0  0  0  0  0  0  0  0  0  0  0  0  0  0  0  0  0  0  0  0  0  0  0  0  0  0  0  0  967  0  0  0  3  8  0  0  0  0  165  0  0  3531  110  1  38  0  1  0  1  
0  0  6823  0  0  255  49031  0  52684  5779  0  0  0  0  28  56879  0  0  2  0  0  1  0  0  1  6  305  588  13344  12  0  0  0  0  0  2  0  0  0  1  230  0  0  74  33496  30864  0  0  65  0  0  340  3  4886  0  666  0  2  0  0  0  0  0  0  6  53593  657  1312  31837  0  3004  0  2  0  0  0  24  0  0  24  158  4346  1121  0  0  0  0  0  0  2017  0  0  0  0  0  0  0  0  0  0  0  0  0  1  0  0  0  0  0  0  0  0  0  0  0  0  0  0  0  17  0  0  0  0  0  0  0  0  0  0  0  0  0  0  0  0  0  0  0  561  0  0  0  0  944  0  0  0  0  14  0  13  1214  78  0  2  0  0  0  0  
1  3  95  1  1  4  6222  16334  0  23475  5  0  0  0  2  96  0  0  9  0  0  1  0  0  3  164  939  59  49  6920  0  0  0  0  0  20  0  0  0  1  2879  0  0  41  427  17371  0  9  32  0  0  20  3  29  0  4512  2  11  0  0  0  0  0  0  135  55745  1367  132  189  0  24319  0  15  0  0  0  0  0  0  1  2  187  2750  6  29  0  0  0  0  0  0  0  0  0  0  12  0  0  0  0  0  0  0  131  0  0  0  0  0  0  0  0  0  0  0  0  0  1  0  46  0  0  0  0  0  0  0  0  0  0  0  0  0  0  0  0  0  0  0  252  0  0  0  0  4065  0  0  0  0  1  2  15  245  92  0  0  0  0  0  0  
0  3  0  1  1  9  2547  586  13435  0  8  1  0  1  0  615  0  0  11  0  4  527  6778  0  3  75  1332  364  35  12988  0  0  0  0  0  6  0  0  0  0  1371  0  0  28801  1103  37  1  196  24  0  3  30  3  135  0  2361  8  7  0  0  19  1  0  0  12390  73111  1204  308  347  0  5691  0  10  0  0  0  0  0  0  0  0  2  140  87  2  0  0  0  1  0  0  0  0  0  0  20  3  0  3  1  0  3  4  17  1  0  0  0  0  0  0  0  0  0  550  0  0  1  1  0  0  0  18  0  0  3  0  23  1  68  0  0  0  0  0  0  0  0  0  24529  14  5  5  0  11  0  7  0  0  70  10766  21333  2896  4863  0  475  216  2367  2528  4  
0  5  0  0  0  0  0  0  0  14  0  0  0  0  0  0  0  0  167  111552  0  2284  0  0  0  0  38  0  0  6355  0  0  0  0  0  0  0  0  0  0  0  24029  0  121086  0  0  0  0  0  0  17  0  0  0  0  1997  534  7912  0  0  1  0  0  0  70788  1  0  0  0  0  4  0  0  0  0  0  0  0  0  0  0  0  2  8  14671  0  0  0  0  0  0  0  0  129  0  974  0  0  0  0  0  0  0  49  0  0  0  0  0  0  0  0  0  0  0  396  0  204  0  0  0  0  0  0  0  0  0  0  0  0  0  0  0  0  0  0  0  0  1  0  0  0  0  0  0  0  0  0  0  0  0  0  0  0  0  0  0  0  0  0  
38  0  0  49427  59  201  125  0  5  2  0  0  38  29970  12768  32  80  467  2  0  0  0  2  86  0  814  8  442  1874  0  0  0  33  78  72  50  0  0  1355  57255  94  0  1  1  1347  0  70  151  61751  0  0  60937  174  175  0  22  0  1  0  0  0  562  0  1  7  292  1558  48220  21  0  2  0  2  0  0  0  0  0  0  0  0  0  0  0  0  0  0  0  0  0  0  0  0  0  0  0  0  0  0  0  0  0  0  0  0  0  0  0  0  0  0  0  0  0  0  0  0  0  0  0  0  0  0  0  0  0  0  0  0  0  0  0  0  0  0  0  0  0  0  5  0  0  0  0  0  0  0  0  1  11  0  1  7973  5  0  0  0  0  0  0  
96  0  0  0  4  16  0  0  0  0  0  29  0  10249  0  0  0  0  0  0  0  0  0  31390  0  0  0  0  0  0  0  0  0  2  1  0  0  0  23328  20  0  0  0  0  0  0  292  0  56  0  0  16  1  0  0  0  0  0  0  0  0  9793  0  146  0  0  0  1  0  1  0  0  0  0  0  0  0  0  0  0  0  0  0  0  0  0  0  0  0  0  0  0  0  0  0  0  0  0  0  0  0  0  0  0  0  0  0  0  0  0  0  0  0  0  0  0  0  0  0  0  0  0  0  0  0  0  0  0  0  0  0  0  0  0  0  0  0  0  0  0  0  0  0  0  0  0  0  0  0  0  0  0  11  0  0  0  0  0  0  0  
4266  0  0  0  1582  1767  131  0  0  1  0  30810  7449  0  14479  77  0  2  0  0  0  0  0  171  0  6  0  0  3  0  0  0  0  0  0  12  0  0  21532  65162  23  0  0  0  3  0  108  0  11858  0  0  72033  461  261  0  4  0  0  0  0  0  31592  0  72  0  511  13  190  4  4  0  0  0  0  0  0  0  0  0  0  0  0  0  0  0  0  0  0  0  0  0  0  0  0  0  0  0  0  0  0  0  0  0  0  0  0  0  0  0  0  0  0  0  0  0  0  0  0  0  0  0  0  0  0  0  0  0  0  0  0  0  0  0  0  0  0  0  0  0  2  0  0  0  0  0  0  0  0  0  7  1  0  1448  4  0  0  0  0  0  0  
39166  0  0  1  24670  28053  3832  6  18  23  0  30833  2  17354  0  53791  0  2  0  0  0  0  0  19574  2  35  3  11  27751  0  3  1  0  0  0  104  0  0  21  5341  12  1  0  0  26  0  23  1  1600  0  0  232770  235259  133283  0  12  0  0  0  0  1  16422  2  191  0  12738  70  27192  30547  38  3  0  0  0  0  0  0  0  0  6  2  0  0  0  0  0  0  0  0  0  0  0  0  0  0  0  0  0  0  0  0  0  0  0  0  0  0  0  0  0  0  0  0  0  0  0  0  0  0  0  0  0  0  0  0  0  0  0  0  0  0  0  0  0  0  0  0  0  0  118  0  0  0  0  0  0  0  0  0  76  0  1  5100  27  0  8  0  0  0  0  
6817  0  47463  0  50696  123505  91226  66931  172  305  0  6  0  38  49896  0  0  0  0  0  0  0  0  3458  0  1  12  370  23882  2  48  9  0  0  0  0  0  0  6  109  5  0  0  7  4041  633  9  0  56  0  0  467  5586  182331  0  16  0  0  0  0  0  17  12  1864  0  1466  133  147  69966  7906  21  0  0  0  0  0  232  0  39  129  1555  241  1  0  0  0  0  0  0  10513  0  0  0  0  0  0  0  0  0  0  0  4  1  0  3  0  0  0  0  0  0  0  0  0  0  0  0  0  0  38  0  0  0  0  0  0  0  0  0  0  0  0  0  0  0  0  0  0  0  12  0  0  0  2  1  0  0  0  0  11  0  0  828  11  0  0  0  1  0  0  
0  4  0  213  0  0  1  0  10  6  0  122  0  0  2  1  0  34157  7  0  1  0  7599  387  0  259  114  2  7  1  0  0  2856  20  21391  7  4  23  0  0  6122  0  655  0  843  0  108  50446  22001  33  0  2  0  0  2  259  3  18  3  3  2  0  274  0  57  6  1110  8  19  0  10  11  243  0  0  0  0  0  0  0  0  0  0  0  0  0  0  0  0  0  0  0  0  0  0  0  0  0  0  0  0  0  0  0  0  0  0  0  0  0  0  0  0  0  0  0  0  0  0  0  0  0  0  0  0  0  0  0  0  0  0  0  0  0  0  0  0  0  0  0  0  0  0  0  0  0  0  0  13503  546  20  3  127751  4  0  0  0  0  0  0  
26  0  0  177  40  98  0  0  0  0  0  1585  17  7  14  9  27894  0  0  0  0  0  15093  3938  0  1  0  0  0  0  0  1  133  5  2080  1  0  0  79  8  6  0  52  0  1  0  33886  5924  53494  3  0  52  11  1  0  0  0  0  1  0  0  1  198  18  0  8  0  18  2  0  0  0  7  0  0  0  0  0  0  0  0  0  0  0  0  0  0  0  0  0  0  0  0  0  0  0  0  0  0  0  0  0  0  0  0  0  0  0  0  0  0  0  0  0  0  0  0  0  0  0  0  0  0  0  0  0  0  0  0  0  0  0  0  0  0  0  0  0  0  0  0  0  0  0  0  0  0  0  27695  1237  6  2  144012  1  0  0  0  0  0  0  
0  85047  0  0  0  2  1  0  0  1  10  0  0  0  2  0  0  0  0  422  4450  2149  0  0  50232  13  9  0  5  2  0  0  0  89  0  7  0  492  0  0  29  37667  0  8930  88  0  0  1  8  0  2285  5  3  0  0  1790  175862  65257  41964  0  1475  0  0  0  2118  1  39  10  59  0  5  1  40313  0  0  0  0  0  0  0  0  0  0  0  0  0  0  0  0  0  0  0  0  0  0  0  0  0  0  0  0  0  0  0  0  0  0  0  0  0  0  0  0  0  0  0  0  0  0  0  0  0  0  0  0  0  0  0  0  0  0  0  0  0  0  0  0  0  0  0  0  0  0  0  0  0  0  0  0  0  1  2  30  0  0  0  0  0  0  0  
0  48  0  0  0  0  0  0  0  0  122998  0  0  0  0  0  0  0  764  0  0  1895  0  0  460  1  14230  1  0  2334  0  0  0  0  0  0  0  0  0  0  18  24731  0  19722  21  0  0  1  0  0  66  0  0  0  0  17428  3923  81393  2  0  92  0  0  0  38611  1  6  2  10  0  1  0  53  0  0  0  0  0  0  0  0  0  0  0  1436  0  0  0  0  0  0  0  0  27  0  0  0  0  0  0  0  0  0  6  0  0  0  0  0  0  0  0  0  0  0  14  0  1  0  0  0  0  0  0  0  0  0  0  0  0  0  0  0  0  0  0  0  0  0  0  0  0  0  0  0  0  0  0  0  0  0  0  6  0  0  0  0  0  0  0  
0  78534  0  0  0  0  0  0  0  2  0  0  0  0  0  0  0  1  1114  1  0  946  1827  0  58  259  1  0  0  0  1  3  0  74  90  314  4053  410  0  0  32  261  1278  31  3  0  0  8  0  16843  29065  0  0  0  213  11  356  2  23793  70744  138610  0  0  0  0  0  4  0  0  0  0  4359  971  0  0  0  0  0  0  0  0  0  0  0  0  0  0  0  0  0  0  0  0  0  0  2  1  0  0  0  0  0  0  0  0  0  0  0  0  0  0  0  0  0  0  0  0  0  0  0  0  0  0  0  2  0  0  0  0  0  0  0  0  0  2  0  0  0  0  0  0  0  0  0  0  0  0  0  82  95  438  443  3  0  0  0  2  18  0  1  
0  26587  0  0  0  0  0  0  1  1154  4494  0  0  0  0  0  0  0  838  1665  884  0  7265  0  6  11  7  0  0  1289  0  0  0  1  0  60  0  0  0  0  334  82912  0  139385  14  0  0  2  6  0  32547  4  1  0  1  53  5901  2908  784  0  162035  0  0  0  597  4  3  1  8  0  1  0  229  0  0  40  0  0  0  0  0  0  1  1  75  0  0  0  0  0  0  0  0  0  7  2180  2  0  0  0  0  0  0  0  1  1  0  0  0  0  0  0  0  0  0  310  0  100  0  0  0  0  0  0  33  0  0  0  0  0  0  0  0  0  19  0  1  0  0  0  0  0  0  0  0  0  0  0  0  17  711  115  45  1  0  0  1  30  0  0  
0  105  0  1  0  1  1  0  7  7041  0  0  0  1  1  0  15228  16702  9  0  1138  6400  0  197  22  108  8  0  0  1  0  0  0  55  29218  223  42  77  0  1  1733  1  35352  6170  14  0  4  3782  17  23638  7  8  0  0  70  64  6  3  128  46  43570  1  58  1  17  982  12  10  9  0  3  147  1747  2  0  0  0  0  0  0  0  0  0  0  0  0  0  0  0  0  0  0  0  0  0  0  2  0  0  0  0  0  0  0  0  0  0  0  0  0  0  0  0  0  0  0  0  0  0  0  0  0  0  0  2  0  0  0  0  0  0  0  0  0  0  0  0  0  0  0  0  0  0  0  0  0  0  0  53319  1397  118651  1097  668  162  0  0  1  5  0  0  
74373  0  0  4  417  8760  0  0  0  0  0  111  23391  427  20632  63  92  3996  0  0  0  0  242  0  0  2  0  0  2  0  48354  2598  0  33  1666  2  0  0  13636  152  27  0  5115  1  10  0  43283  4402  533  0  0  4375  202  9  0  1  0  0  0  0  0  62332  98784  167414  1  42  5  30  1  28608  0  0  1  0  1  0  0  0  0  1  0  0  0  0  0  0  0  0  0  2  0  0  0  0  0  0  0  5  0  0  0  0  0  0  67  41  0  0  0  0  0  0  0  0  0  0  0  0  0  0  0  0  0  0  0  0  0  0  0  0  0  0  0  0  0  0  7  0  0  2  0  0  0  2  0  0  0  0  1237  2564  8  1  29553  158  0  0  0  0  0  0  
1  1355  0  30  0  8  5  14  54  11  1  3  0  3  4  1  0  0  44708  70  154  188  6  0  0  124614  1035  14  89  50  0  0  2  9476  12  12486  0  90  0  4  1939  86  6  170  1193  0  0  265  168  4  392  33  8  11  60747  128049  1307  7751  807  2  901  2  0  1  2482  26  1458  112  947  0  119  11  128672  0  0  0  0  0  0  0  0  0  0  0  0  0  0  0  0  0  0  0  0  0  0  0  0  0  0  0  0  0  0  0  0  0  0  0  0  0  0  0  0  0  0  0  0  0  0  0  0  0  0  0  0  0  0  0  0  0  0  0  0  0  0  0  0  0  0  0  0  0  0  0  0  0  0  0  24  8  52  150  1271  8  0  0  0  0  0  0  
3  167  0  60951  4  19  56  20  1118  571  2  170  0  11  7  10  60  2  747  3  88  28  11  0  114741  0  1428  10844  56  6  0  0  4163  10780  29  74908  0  48  0  73  98166  9  34  193  4905  43  1  592  22261  8  82  61  9  12  23244  44997  174  453  211  10  268  11  0  0  1257  246  123736  378  544  0  1099  26  6145  7  0  0  0  0  0  0  0  0  0  0  0  0  0  0  0  0  0  0  0  0  0  0  0  0  0  0  0  0  0  0  0  0  0  0  0  0  0  0  0  0  0  0  0  0  0  0  0  0  0  0  0  0  0  0  0  0  0  0  0  0  0  0  0  0  0  0  0  0  0  0  0  0  0  0  51  6  142  208  2375  486  0  0  0  0  0  0  
0  2  18299  4  0  0  109  50  4586  6308  230  0  0  2  1  20  3  0  51  17538  0  5  0  0  2889  591  0  229  399  207232  0  0  0  0  0  51  0  0  0  3  1280  1  0  642  1071  52025  0  333  39  0  2  1  1  10  0  266086  13  201  1  0  6  1  0  0  42624  509  117736  25  125  0  46013  0  37  0  0  0  0  0  0  0  0  0  0  0  23  0  0  0  0  0  0  0  0  0  0  0  0  0  0  0  0  0  0  94  0  0  0  0  0  0  0  0  0  0  0  0  0  0  0  0  0  0  0  0  0  0  0  0  0  0  0  0  0  0  0  0  0  0  0  2  0  0  0  0  0  0  0  0  0  18  3  233  3868  1858  0  0  0  0  0  0  
0  0  36390  27312  0  2  23  756  105  928  0  1  0  4  0  431  0  0  8  0  0  0  0  0  1  13069  246  0  3550  1  0  0  0  0  0  12  0  0  0  5  149  0  0  21  161302  12358  0  49  1241  0  0  4  2  1  0  128  7  7  0  0  0  1  0  0  77  37  175375  558  273  0  20  0  4  0  0  0  7  0  0  0  0  0  0  0  0  0  0  0  0  0  0  0  0  0  0  0  0  0  0  0  0  0  0  0  0  0  0  0  0  0  0  0  0  0  0  0  0  0  0  0  0  0  0  0  0  0  0  0  0  0  0  0  0  0  0  0  0  0  0  0  0  0  0  0  0  0  0  0  0  9  0  112  960  532  0  0  0  0  0  0  
0  0  33988  33589  0  13  254  22938  91  960  0  1713  0  12  20733  26084  0  0  8  0  0  0  0  0  1  17  534  5265  0  2  0  0  0  1  0  8  0  0  0  8  17  0  0  2  167565  1769  1  8  179  0  0  187  12  256  0  2243  1  8  0  0  0  0  0  0  28  355  2007  120635  91994  0  56  0  5  0  0  0  0  0  0  0  0  0  0  0  0  0  0  0  0  1  0  0  0  0  0  0  0  0  0  0  0  0  0  0  0  0  0  0  0  0  0  0  0  0  0  0  0  0  0  0  0  0  0  0  0  0  0  0  0  0  0  0  0  0  0  0  0  0  0  0  0  0  0  0  0  0  0  0  0  20  0  22  1124  177  0  0  0  0  0  0  
0  0  13930  0  0  1  3  6  9108  15813  7718  0  0  0  0  6  1  0  42  1214  0  1668  0  0  7  6  230518  29  14  0  0  0  0  0  0  10  0  0  0  0  210  0  0  12123  75  59421  0  9  6  0  1  2  0  1  0  16934  10  9  0  0  11  0  0  0  100104  229  95  13  18  0  90636  0  10  0  0  1  13  0  0  0  0  0  198  11  735  0  0  0  0  0  0  0  0  2  0  187  0  0  0  0  2  0  0  5158  0  0  0  0  0  0  0  0  0  0  0  0  0  2  0  141  0  0  0  0  0  0  0  0  0  0  0  0  0  0  0  0  0  0  3  52  0  0  0  0  774  0  0  0  0  0  1  7  67  17  0  0  0  1  0  0  
12897  0  0  0  13534  236  0  0  0  0  0  0  0  0  0  69  0  0  0  0  0  0  0  44976  0  0  0  0  0  0  0  8559  0  0  1  0  0  0  1  0  0  0  2  0  0  0  8  0  1  0  0  1  0  0  0  0  0  0  0  0  0  0  74593  1690  0  5  0  0  0  62844  0  0  0  0  14  0  0  0  11  88  0  0  0  0  0  0  0  0  0  1873  0  0  0  0  0  0  0  39  0  0  0  0  0  0  5019  23  0  0  0  0  0  0  0  0  0  0  0  0  0  0  0  0  0  0  0  0  0  0  0  0  0  0  0  0  0  0  36  0  0  3  0  0  0  485  0  0  0  0  26  2096  1  13  2762  140  0  0  0  0  0  0  
9  0  0  0  3  4228  10  0  0  0  0  1  0  0  0  0  0  0  0  0  0  0  0  243  0  0  0  0  0  0  7504  0  0  0  0  0  0  0  2  0  0  0  0  0  0  0  14  0  3  0  0  0  0  0  0  0  0  0  0  0  0  1  3135  1765  0  26090  0  0  0  11390  0  0  0  0  0  0  0  0  0  113  0  0  0  0  0  0  0  0  0  2  0  721  0  0  0  0  8  10  0  0  0  0  0  0  576  8092  0  0  0  0  0  0  0  0  0  0  0  0  0  0  5  0  0  0  0  0  0  0  0  0  0  0  0  0  0  0  47  0  0  2082  0  0  0  106  0  0  0  0  1  16479  1  2442  10593  6736  1041  159  372  1011  47  836  
0  2  0  2241  0  0  0  0  0  2  0  125  0  0  0  0  1672  285  6  0  0  0  2  2  0  7588  0  1  0  0  0  0  0  26750  2458  2452  0  0  0  0  22455  0  0  2  1  0  1  67445  22  0  0  0  0  0  0  5  0  2  1  0  0  0  0  0  4  0  2  0  1  0  2  0  8752  44588  0  0  0  0  0  0  0  0  0  0  0  0  0  0  0  0  0  0  0  0  0  0  0  0  0  0  0  0  0  0  0  0  0  0  0  0  0  0  0  0  0  0  0  0  0  0  0  0  0  0  0  0  0  0  0  0  0  0  0  0  0  0  0  0  0  0  0  0  0  0  0  0  0  0  9  1  123  426  1708  0  0  0  0  0  0  0  
0  25  0  987  0  0  0  0  1  0  0  81  0  0  0  0  81  1  35  0  109  4  109  288  5211  7874  0  0  0  0  0  0  31396  0  83068  108348  279  29517  0  0  6186  2  40322  12  3  0  1  41204  0  2087  6  0  0  0  149  22  0  1  190  10  548  0  0  1  3  0  4  1  1  0  0  6485  149093  19227  0  0  0  0  0  0  0  0  0  0  0  0  0  0  0  0  0  0  0  0  0  0  0  0  0  0  0  0  0  0  0  0  0  0  0  0  0  0  0  0  0  0  0  0  0  0  0  0  0  0  0  0  0  0  0  0  0  0  0  0  0  0  0  0  0  0  0  0  0  0  0  0  0  0  436  1  526  22  89  0  0  0  0  0  0  0  
0  12  0  18  0  0  0  0  1  0  0  43  0  0  0  0  22066  4301  0  0  9  0  29071  766  16  92  0  0  0  0  0  0  2486  76665  0  54  257  1527  0  0  582  0  27968  0  1  0  7  57618  2  1420  0  1  0  0  74  21  0  1  74  12  54  0  190  7  3  1  0  1  0  0  3  154  42732  86  0  0  0  0  0  0  0  0  0  0  0  0  0  0  0  0  0  0  0  0  0  0  0  0  0  0  0  0  0  0  0  0  0  0  0  0  0  0  0  0  0  0  0  0  0  0  0  0  0  0  0  0  0  0  0  0  0  0  0  0  0  0  0  0  0  0  0  0  0  0  0  0  0  0  10847  825  451  9  538  0  0  0  0  0  0  0  
10  753  0  42  1  42  28  4  1137  108  1  11  0  6  17  2  2  0  885  2  688  162  29  0  13872  89731  173  29  83  9  0  0  919  155616  71  0  1  21  0  37  52054  50  22  297  924  5  0  1556  379  6  425  132  45  40  2612  34470  265  490  1523  6  3335  8  0  0  911  88  3434  147  851  0  979  6  30890  15927  0  0  0  0  0  0  1  0  0  0  0  0  0  0  0  0  0  0  0  0  0  0  0  0  0  0  0  0  0  0  0  0  0  0  0  0  0  0  0  0  0  0  0  0  0  0  0  0  0  0  0  0  0  0  0  0  0  0  0  0  0  0  0  0  0  0  0  0  0  0  0  0  0  0  158  26  498  248  3374  12  0  0  0  0  0  0  
0  3322  0  0  0  0  0  0  0  0  0  0  0  0  0  0  0  0  0  0  1180  0  19  0  0  2  0  0  0  0  0  0  0  218  146  0  0  26212  0  0  2  0  31953  0  0  0  0  80  0  65846  0  0  0  0  3  0  0  0  3911  49746  6  0  0  0  0  0  0  0  0  0  0  179968  3047  0  0  0  0  0  0  0  0  0  0  0  0  0  0  0  0  0  0  0  0  0  0  0  0  0  0  0  0  0  0  0  0  0  0  0  0  0  0  0  0  0  0  0  0  0  0  0  0  0  0  0  0  0  0  0  0  0  0  0  0  0  0  0  0  0  0  0  0  0  0  0  0  0  0  0  10  0  16  0  0  0  0  0  0  0  0  0  
0  1805  0  0  0  0  0  0  0  0  0  0  0  0  0  0  6  1  516  0  748  1  109  0  99  142  0  0  0  0  0  0  1  36374  514  21  21992  0  0  0  10  0  8394  3  2  0  0  80  1  18580  0  0  0  0  204  6  1  0  33747  2450  497  0  0  0  0  0  3  0  1  0  0  118278  185884  30  0  0  0  0  0  0  0  0  0  0  0  0  0  0  0  0  0  0  0  0  0  0  0  0  0  0  0  0  0  0  0  0  0  0  0  0  0  0  0  0  0  0  0  0  0  0  0  0  0  0  0  0  0  0  0  0  0  0  0  0  0  0  0  0  0  0  0  0  0  0  0  0  0  0  116  0  150  1  4  0  0  0  0  0  0  0  
1254  1  0  0  593  1340  4  1  0  0  0  676  20703  22763  95  61  0  33  0  0  0  0  0  14891  0  0  0  0  1  0  41  8  0  0  0  0  0  0  0  9835  19  0  0  5  15  0  8958  0  27146  0  0  956  138  21  0  1  0  0  0  0  0  46558  19  9461  2  65  3  141  18  3  0  0  0  0  0  0  0  0  0  0  0  0  0  0  0  0  0  0  0  0  0  0  0  0  0  0  0  0  0  0  0  0  0  0  0  0  0  0  0  0  0  0  0  0  0  0  0  0  0  0  0  0  0  0  0  0  0  0  0  0  0  0  0  0  0  0  0  0  0  10  0  0  0  0  0  0  0  0  0  3  0  0  1588  6  0  0  0  0  0  0  
1056  0  0  3  1591  2809  141  1  4  6  0  53508  9  76805  2937  167  1  3  0  0  0  0  0  44  0  40  7  15  10  0  1  1  0  0  0  22  0  0  9676  0  60  0  0  0  246  0  61  1  31859  0  0  21837  466  235  0  12  1  0  0  0  0  2557  0  28  7  500  526  1612  20  0  1  0  2  0  0  0  0  0  0  0  0  0  0  0  0  0  0  0  0  0  0  0  0  0  0  0  0  0  0  0  0  0  0  0  0  0  0  0  0  0  0  0  0  0  0  0  0  0  0  0  0  0  0  0  0  0  0  0  0  0  0  0  0  0  0  0  0  0  0  5  0  0  0  0  0  0  0  0  0  4  0  1  4954  11  0  0  0  0  0  0  
295  448  0  2936  132  333  261  47  3117  1211  3  379  0  70  116  86  5165  11  1577  3  615  186  245  4  1124  113259  4415  160  42  28  0  0  19352  8150  139  48461  0  6  5  388  0  32  28  2241  2354  30  15  56955  28498  2  201  1873  323  192  111  16320  437  891  1138  2  5825  107  0  10  3643  1696  14485  1467  420  0  2027  3  34183  12248  0  0  0  0  0  0  0  0  0  0  0  0  0  0  0  0  0  0  0  0  0  0  0  0  0  0  0  0  0  0  0  0  0  0  0  0  0  0  0  0  0  0  0  0  0  0  0  0  0  0  0  0  0  0  0  0  0  0  0  0  0  0  0  0  0  2  0  0  0  0  0  0  0  0  2606  86  8841  6950  44654  2188  0  0  0  3  0  0  
0  56322  0  0  0  0  0  0  0  0  23926  0  0  0  0  0  0  0  39265  24012  752  101640  0  0  2  0  0  0  0  0  0  0  0  0  0  0  0  0  0  0  0  0  0  54009  0  0  0  0  0  0  7655  0  0  0  0  32  28395  7478  1442  0  1527  0  0  0  287  0  0  0  0  0  0  0  313  0  0  0  0  0  0  0  0  0  0  0  0  0  0  0  0  0  0  0  0  0  0  0  0  0  0  0  0  0  0  0  0  0  0  0  0  0  0  0  0  0  0  0  0  0  0  0  0  0  0  0  0  0  0  0  0  0  0  0  0  0  0  0  0  0  0  0  0  0  0  0  0  0  0  0  0  0  0  4  0  0  0  0  0  1  0  0  
0  251  0  0  0  0  0  0  1  1  0  0  0  0  0  0  306  12  1  0  324  0  37373  328  17  153  0  0  0  0  0  0  0  37526  27278  51  29106  3686  0  0  157  0  0  0  0  0  2  1205  0  27258  1  1  0  0  132  6  0  0  205  177  64  0  10  2  1  0  2  0  0  0  2  23099  6612  3  0  0  0  0  0  0  0  0  0  0  0  0  0  0  0  0  0  0  0  0  0  0  0  0  0  0  0  0  0  0  0  0  0  0  0  0  0  0  0  0  0  0  0  0  0  0  0  0  0  0  0  0  0  0  0  0  0  0  0  0  0  0  0  0  0  0  0  0  0  0  0  0  0  0  21514  21  1657  3  33  0  0  0  0  0  0  0  
6  2765  0  1  5  78  139  14  429  31444  119754  4  0  13  24  78  0  0  11182  14602  135  182545  5298  0  226  169  781  84  82  7965  0  0  0  4  0  333  0  0  0  24  1956  61849  0  0  1419  8  0  45  185  1  708  160  80  82  2  3424  21925  27405  991  0  29844  3  0  1  57002  126  243  207  860  0  1531  0  1256  0  0  0  0  0  0  0  0  0  0  0  341  0  0  0  0  0  0  0  0  5  0  153  2  0  0  0  0  0  0  0  0  0  0  0  0  0  0  0  0  0  0  141  0  77  0  0  0  0  0  0  0  0  0  0  0  0  0  0  0  0  0  0  0  0  0  0  0  0  0  0  0  0  0  0  10  12  1480  108  1201  44  0  0  0  5  0  0  
6  7  58256  23955  7  102  603  21867  559  7688  0  93  0  44  104  5511  26  0  176  1  0  3  0  1  24  3118  6352  171142  189021  11  0  0  1  2  0  27  0  0  1  154  608  2  0  72  0  23032  0  277  18116  0  0  497  99  246  0  12857  58  143  3  0  0  48  0  1  581  971  166500  45689  76256  0  386  0  123  0  0  0  7  0  0  0  0  0  0  0  0  0  0  0  0  0  0  0  0  0  0  0  0  0  0  0  0  0  0  0  0  0  0  0  0  0  0  0  0  0  0  0  0  0  0  0  0  0  0  0  0  0  0  0  0  0  0  0  0  0  0  0  0  0  0  2  0  0  0  0  0  0  0  0  0  347  2  598  26624  1694  0  1  0  0  0  0  
0  0  44857  1  1  8  817  34752  22664  3394  0  0  0  1  11  421  0  0  3  0  0  0  0  0  0  58  35826  8778  5579  55551  0  0  0  0  0  2  0  0  0  0  284  0  0  42  34499  0  0  35  77  0  0  137  6  106  0  37512  4  10  1  0  0  2  0  0  142  1627  25758  328  4664  0  24553  0  6  0  0  0  4  0  0  0  0  17  28  0  0  0  0  0  0  1  0  0  0  0  0  0  0  0  0  0  0  0  0  68  0  0  0  0  0  0  0  0  0  0  0  0  0  0  0  44  0  0  0  0  0  0  0  0  0  0  0  0  0  0  0  0  0  0  0  5  0  0  0  0  116  0  0  0  0  4  0  96  1254  565  0  0  0  0  0  0  
5922  0  0  2  721  2869  3  0  0  0  0  208  892  95  83  40  1  29178  0  0  0  0  5  47759  0  0  0  0  0  0  35  11  0  0  11  3  0  0  10686  156  23  0  15  2  13  0  0  4868  10245  0  0  972  127  11  0  0  0  0  0  0  0  2199  518  20496  2  28  1  73  8  9  0  0  1  0  0  0  0  0  0  0  0  0  0  0  0  0  0  0  0  0  0  0  0  0  0  0  0  0  0  0  0  0  0  0  0  0  0  0  0  0  0  0  0  0  0  0  0  0  0  0  0  0  0  0  0  0  0  0  0  0  0  0  0  0  0  0  0  0  0  0  0  0  0  0  0  0  0  0  2  2  0  0  62310  5  0  0  0  0  0  0  
0  10  1  196  0  1  0  0  48  27  0  126  1  1  0  0  49474  7910  72  0  13  0  2964  4108  49  584  70  3  2  0  0  0  42553  36582  76766  777  286  93  1  0  50287  0  1737  48  116  2  3984  0  213  755  0  2  1  0  28  152  36  23  15  4  19  0  101  0  60  7  235  11  51  0  23  42  144139  19006  0  0  0  0  0  0  0  0  0  1  0  0  0  0  0  0  0  0  0  0  0  0  0  0  0  0  0  0  0  0  0  0  0  0  0  0  0  0  0  0  0  0  0  0  0  0  0  0  0  0  0  0  0  0  0  0  0  0  0  0  0  0  0  0  0  0  0  0  0  0  0  0  0  0  18027  314  7200  6334  122767  336  0  0  0  5  0  0  
3943  20  1  32867  3699  10123  684  109  219  118  0  46817  46  11993  6035  1378  19214  45688  109  0  0  4  0  358  11  12874  576  2193  659  10  4  4  23  0  13  1885  0  0  28082  39439  33850  1  0  130  31358  31  8865  553  0  0  6  21618  6152  1592  0  2250  33  155  7  0  10  6707  2  589  653  4706  10560  86664  4749  3  212  0  65  0  0  0  0  0  0  2  0  0  0  0  0  0  0  0  0  0  0  0  0  0  0  0  0  0  0  0  0  0  0  0  0  0  0  0  0  0  0  0  0  0  0  0  0  0  0  0  0  0  0  0  0  0  0  0  0  0  0  0  0  0  0  0  0  0  0  42  0  0  0  0  0  0  0  0  1  104  5  29  170085  229  0  2  0  0  0  0  
0  6144  0  0  0  0  0  0  0  0  0  0  0  0  0  0  14  1  0  0  16548  0  23692  0  21  98  1  0  0  0  0  0  0  1376  3091  39  64983  12524  0  0  35  0  41866  0  0  0  0  598  0  0  0  0  0  0  168  9  0  0  3394  38177  20510  0  0  0  1  0  2  0  0  0  0  36020  36372  0  0  0  0  0  0  0  0  0  0  0  0  0  0  0  0  0  0  0  0  0  0  0  0  0  0  0  0  0  0  0  0  0  0  0  0  0  0  0  0  0  0  0  0  0  0  0  0  0  0  0  0  0  0  0  0  0  0  0  0  0  0  0  0  0  0  0  0  0  0  0  0  0  0  0  1439  0  8177  0  0  0  0  0  0  0  0  0  
0  72265  0  0  0  0  0  0  0  0  12  0  0  0  0  0  0  0  556  215  32816  36573  2  0  5  0  0  0  0  0  0  0  0  0  0  1  0  0  0  0  1  5552  0  811  0  0  0  0  1  0  0  0  0  0  0  2  1794  366  9693  0  48125  0  0  0  34  0  0  0  0  0  0  0  611  0  0  11  0  0  0  0  0  0  0  0  0  0  0  0  0  0  0  0  0  0  3  36  1  0  0  0  0  0  0  0  2  1  0  0  0  0  0  0  0  0  0  18  0  1  0  0  0  0  0  0  15  0  0  0  0  0  0  0  0  0  6  0  0  0  0  0  0  0  0  0  0  0  0  0  0  5  2  19  0  0  0  0  0  57  0  0  
14473  1  2  0  5936  12140  7745  134  149  81  0  84608  1  104354  177019  2031  0  7  2  0  0  0  0  378  1  13  26  24  93  0  0  0  0  0  0  45  0  0  140  37698  114  0  0  7  166  24  483  0  13576  0  3  0  86494  38264  0  26  0  0  0  0  2  15647  0  526  2  13835  244  56458  11769  10  3  0  1  0  0  0  0  0  0  18  28  1  0  0  0  0  0  0  1  0  0  0  0  0  0  0  0  0  0  0  0  0  0  0  0  0  0  0  0  0  0  0  0  0  0  0  0  0  0  0  0  0  0  0  0  0  0  0  0  0  0  0  0  0  0  0  0  0  0  206  0  0  0  0  0  0  0  0  0  284  0  2  34003  153  0  61  0  0  0  0  
29821  0  0  0  26038  42127  2023  1  3  13  0  88  0  1583  226991  17194  0  7  1  0  0  0  0  227  1  8  1  2  1  0  1  1  0  0  0  40  0  0  117  2664  78  0  0  5  28  0  448  1  3022  0  0  125372  0  58308  0  3  0  1  0  0  0  3148  0  303  3  8402  18  252  14  5  1  0  1  0  0  0  0  0  0  4  0  0  0  0  0  0  0  0  0  0  0  0  0  0  0  0  0  0  0  0  0  0  0  0  0  0  0  0  0  0  0  0  0  0  0  0  0  0  0  0  0  0  0  0  0  0  0  0  0  0  0  0  0  0  0  0  0  0  0  88  0  0  0  0  0  0  0  0  1  40  0  2  9768  29  0  3  0  0  0  0  
73  0  1  0  81  52790  78503  1466  291  212  0  27  0  170  96363  216608  0  1  0  0  0  0  0  26  0  3  18  20  146  0  0  0  0  0  0  2  0  0  2  259  1  0  0  0  119  37  3  0  145  0  0  36934  40041  0  0  8  0  0  0  0  0  10  0  28  0  22559  174  1949  33895  8  7  0  0  0  0  0  0  0  0  28  22  1  0  0  0  0  0  0  0  0  0  0  0  0  0  0  0  0  0  0  0  0  0  0  0  0  0  0  0  0  0  0  0  0  0  0  0  0  0  0  0  0  0  0  0  0  0  0  0  0  0  0  0  0  0  0  0  0  0  193  0  0  0  0  0  0  0  0  0  168  0  2  5457  87  0  46  0  0  0  0  
0  210  0  0  0  1  3  1  7  4  0  0  0  0  1  0  0  0  13  0  293  34  8  0  61716  36065  37  0  5  0  0  0  0  1011  31  6383  0  55  0  0  422  13  30  23  165  0  0  87  19  25  104  6  1  1  0  1420  12  4  737  9  808  0  0  0  16  2  237  16  107  0  13  19  17144  1  0  0  0  0  0  0  0  0  0  0  0  0  0  0  0  0  0  0  0  0  0  0  0  0  0  0  0  0  0  0  0  0  0  0  0  0  0  0  0  0  0  0  0  0  0  0  0  0  0  0  0  0  0  0  0  0  0  0  0  0  0  0  0  0  0  0  0  0  0  0  0  0  0  0  23  1  117  31  290  0  0  0  0  0  0  0  
10  931  2  168  2  58  551  436  10307  6490  526  19  0  17  35  176  8  0  7560  25711  66  300  3  1  149377  37962  268764  935  2495  11677  0  0  4  40  1  21308  0  0  1  26  16450  96  0  4592  11046  22170  1  1061  823  0  385  208  68  108  221  0  1254  41058  529  0  643  6  0  0  108763  1581  75884  704  3653  0  47220  0  44186  1  0  0  0  0  0  0  0  0  0  0  0  0  0  0  0  0  0  0  0  0  0  0  0  0  0  0  0  0  0  0  0  0  0  0  0  0  0  0  0  0  0  0  0  0  0  0  0  0  0  0  0  0  0  0  0  0  0  0  0  0  0  0  0  0  0  0  0  0  0  0  0  0  0  0  61  37  140  729  7786  1848  0  1  0  0  0  0  
0  25102  0  0  0  1  1  0  0  0  53  0  0  0  0  1  0  0  174668  2910  1487  30165  1  0  906  4  4  0  2  0  0  0  0  0  0  5  0  0  0  0  26  45410  0  14624  64  0  0  1  1  0  5226  2  3  3  0  273  0  18036  12824  0  6850  0  0  0  1632  0  7  8  43  0  1  0  27767  0  0  0  0  0  0  0  0  0  0  0  0  0  0  0  0  0  0  0  0  0  0  0  0  0  0  0  0  0  0  0  0  0  0  0  0  0  0  0  0  0  0  0  0  0  0  0  0  0  0  0  0  0  0  0  0  0  0  0  0  0  0  0  0  0  0  0  0  0  0  0  0  0  0  0  0  0  0  3  38  1  0  0  0  0  0  0  
2  1528  0  0  0  6  4  1  1  1  6453  0  0  0  2  1  0  0  86366  92706  77  6595  0  0  12698  31  194  8  9  3  0  0  0  0  0  15  0  0  0  2  135  4971  0  28964  154  1  0  4  29  0  399  11  6  4  0  37255  39169  0  1088  0  2148  0  0  0  29611  7  69  27  79  0  8  0  2445  0  0  0  0  0  0  0  0  0  0  0  0  0  0  0  0  0  0  0  0  0  0  0  0  0  0  0  0  0  0  0  0  0  0  0  0  0  0  0  0  0  0  0  0  0  0  0  0  0  0  0  0  0  0  0  0  0  0  0  0  0  0  0  0  0  0  0  0  0  0  0  0  0  0  0  0  2  0  1  95  6  0  0  0  0  0  0  
0  50628  0  0  0  1  0  0  2  1  0  1  0  0  1  1  4  2  35986  2  39361  4647  283  0  618  2181  2  0  1  0  0  0  0  664  388  1894  3174  27564  0  0  306  2084  1558  484  22  0  0  217  3  1957  1751  1  0  0  1971  104  8205  8  0  10300  20347  1  0  0  7  1  32  3  19  0  5  32781  60049  7  0  0  0  0  0  0  0  0  0  0  0  0  0  0  0  0  0  0  0  0  0  0  0  0  0  0  0  0  0  0  0  0  0  0  0  0  0  0  0  0  0  0  0  0  0  0  0  0  0  0  0  0  0  0  0  0  0  0  0  0  0  0  0  0  0  0  0  0  0  0  0  0  0  0  228  1  1079  119  75  0  0  0  0  0  0  0  
0  17729  0  0  0  0  0  0  0  0  0  0  0  0  0  0  1  0  0  0  70678  1  203  0  5  28  0  0  0  0  0  0  0  19  261  5  43729  3049  0  0  1  0  3258  0  0  0  0  13  0  40676  1  0  0  0  38  2  0  0  2972  0  1466  0  0  0  0  0  1  0  0  0  0  54822  2019  0  0  0  0  0  0  0  0  0  0  0  0  0  0  0  0  0  0  0  0  0  0  0  0  0  0  0  0  0  0  0  0  0  0  0  0  0  0  0  0  0  0  0  0  0  0  0  0  0  0  0  0  0  0  0  0  0  0  0  0  0  0  0  0  0  0  0  0  0  0  0  0  0  0  0  245  0  179  1  1  0  0  0  0  0  0  0  
0  41905  0  0  0  1  0  0  3  30  49  1  0  0  0  0  1  0  1086  540  147394  136040  49170  0  343  1023  10  1  2  0  1  1  0  407  23  2627  23  122  0  0  4692  4474  151  11193  20  0  0  99  6  25172  83122  1  0  1  993  268  3783  1043  27361  855  0  0  0  0  260  2  21  3  15  0  6  2367  15444  1  0  10  0  0  0  0  0  0  0  0  0  0  0  0  0  0  0  0  0  0  1  13  1  0  0  0  0  0  0  0  0  0  0  0  0  0  0  0  0  0  0  29  0  0  0  0  0  0  0  0  10  0  0  0  0  0  0  0  0  0  5  0  0  0  0  0  0  0  0  0  0  0  0  0  113  78  19771  342  76  1  0  0  1  21  0  2  
31764  0  0  0  686  1058  5  0  0  0  0  35  5293  25553  14037  29  0  1  0  0  0  0  0  46461  0  8  1  0  0  0  8  2  0  0  0  9  0  0  24951  484  33  0  0  1  7  0  998  1  1120  0  0  22237  882  20  0  1  0  1  0  0  0  0  3  20369  0  66  22  111  6  10  0  0  0  0  0  0  0  0  0  0  0  0  0  0  0  0  0  0  0  0  0  0  0  0  0  0  0  0  0  0  0  0  0  0  0  0  0  0  0  0  0  0  0  0  0  0  0  0  0  0  0  0  0  0  0  0  0  0  0  0  0  0  0  0  0  0  0  0  0  8  0  0  0  0  0  0  0  0  0  2  0  0  889  0  0  0  0  0  0  0  
363  0  0  0  32  1872  1  0  0  0  0  1  0  1  4  11  75  582  0  0  0  0  58  94087  0  0  0  0  0  0  73463  12217  0  0  38  0  0  0  4  1  0  0  16  0  0  0  1329  194  33  0  0  7  4  1  0  0  0  0  0  0  0  3  0  37958  0  23  0  0  0  32383  0  0  0  0  0  0  0  0  0  0  0  0  0  0  0  0  0  0  0  0  0  0  0  0  0  0  0  0  0  0  0  0  0  0  66  66  0  0  0  0  0  0  0  0  0  0  0  0  0  0  0  0  0  0  0  0  0  0  0  0  0  0  0  0  0  0  0  0  0  2  0  0  0  0  0  0  0  0  177  5179  2  3  16080  283  0  0  0  0  0  0  
14157  1  0  0  617  5036  3  0  0  0  0  16  147  491  108  116  0  3  0  0  0  0  0  150648  0  4  0  0  0  0  7711  4087  0  0  5  6  0  0  1899  176  39  0  15  3  4  0  13292  0  550  0  0  7175  381  10  0  1  0  0  0  0  0  65257  36073  0  1  90  2  46  3  4908  1  0  1  0  0  0  0  0  0  0  0  0  0  0  0  0  0  0  0  0  0  0  0  0  0  0  0  0  0  0  0  0  0  0  14  14  0  0  0  0  0  0  0  0  0  0  0  0  0  0  0  0  0  0  0  0  0  0  0  0  0  0  0  0  0  0  0  0  0  2  0  0  0  0  0  0  0  0  1  67  0  1  42330  255  0  1  0  0  0  0  
8  80  0  15  3  39  39  5  424  9505  87555  13  0  5  16  17  1  0  5881  37334  3  558  0  0  68  262  44725  963  37  109471  0  0  0  0  0  147  0  0  0  20  3128  113  0  53224  1112  49  0  57  425  0  25  112  36  36  0  64732  2364  14945  14  0  116  0  0  0  0  50  801  236  252  0  4951  0  306  0  0  0  0  0  0  0  0  0  0  0  184  0  0  0  0  0  0  0  0  0  0  8  0  0  0  0  0  0  0  60  0  0  0  0  0  0  0  0  0  0  0  0  0  0  0  0  0  0  0  0  0  0  0  0  0  0  0  0  0  0  0  0  0  0  1  0  0  0  0  0  0  0  0  0  0  5  12  58  864  143  0  0  0  0  0  0  
1940  1  2  1  1924  112328  117752  33319  65569  104229  1  128  0  784  5632  1624  0  14  3  0  0  15  891  66  1  51  648  567  242  86  3  30198  0  0  0  30  0  0  34  678  582  0  0  67  1770  139  240  53  3068  0  2  12565  5450  4033  0  600  0  3  0  0  1  274  5  122  20  0  2666  1500  637  6904  130  0  3  0  8  0  0  0  17  7631  618  1229  3966  25  2  2  0  0  1  9  0  4  0  0  0  3  0  1  2  6  1  0  4  34  5  1742  0  0  0  0  0  0  0  0  210  0  0  0  8  1  0  0  9  0  0  0  11  47  2  134  0  0  0  0  0  1  0  12  0  38135  25  9  5  69  2047  0  20  0  0  486  4  11902  17480  8281  8  1516  257  1021  1974  35  
27  23  13631  9674  19  63  190  358  2721  4108  0  560  0  132  48  137  73  0  280  4  2  6  0  1  153  177918  113069  176169  1163  24  0  0  0  0  0  1149  0  0  8  641  5394  1  0  170  101574  41468  0  1305  13731  0  4  238  42  63  1  57972  87  284  16  0  3  187  0  3  1622  711  0  2595  2043  0  3188  0  271  0  0  0  0  0  0  0  0  0  0  0  0  0  0  0  0  0  0  0  0  0  0  0  0  0  0  0  0  0  0  0  0  0  0  0  0  0  0  0  0  0  0  0  0  0  0  0  0  0  0  0  0  0  0  0  0  0  0  0  0  0  0  0  0  0  0  3  0  0  0  0  0  0  0  0  2  139  13  807  20584  4057  0  0  0  0  0  0  
23  2  0  26095  16  667  796  246  58  94  0  41810  0  303  26322  424  0  0  26  0  0  0  0  2  3  430  27  246  105409  0  0  0  0  0  0  10  0  0  1  831  49  0  0  6  59999  53  1  1  26256  0  0  53587  717  1623  0  107  5  25  0  0  0  47  0  2  67  2136  2045  0  76589  1  6  0  12  0  0  0  0  0  0  0  0  0  0  0  0  0  0  0  0  0  0  0  0  0  0  0  0  0  0  0  0  0  0  0  0  0  0  0  0  0  0  0  0  0  0  0  0  0  0  0  0  0  0  0  0  0  0  0  0  0  0  0  0  0  0  0  0  0  0  5  0  0  0  0  0  0  0  0  0  63  0  8  44024  203  0  0  0  0  0  0  
1  0  6170  5  0  98  4107  43979  528  1718  0  10  0  2  27589  69613  0  0  23  0  0  0  0  0  3  14  1245  737  127941  3  0  0  0  0  0  10  0  0  0  8  65  0  0  33  65130  5051  0  17  326  0  0  14894  41  44346  0  2204  11  23  0  0  0  0  0  0  112  5443  9480  72880  0  0  159  0  16  0  0  0  0  0  0  0  1  1  0  0  0  0  0  0  0  0  0  0  0  0  0  0  0  0  0  0  0  0  0  0  0  0  0  0  0  0  0  0  0  0  0  0  0  0  0  0  0  0  0  0  0  0  0  0  0  0  0  0  0  0  0  0  0  0  0  1  0  0  0  0  0  0  0  0  1  55  0  22  4967  256  0  0  0  0  0  0  
20136  0  0  0  11904  57001  0  0  0  0  0  0  0  1  78  10139  0  0  0  0  0  0  0  46735  0  0  0  0  0  0  60649  14307  0  0  0  0  0  0  1  0  0  0  0  0  0  0  8  0  5  0  0  10  4  5  0  0  0  0  0  0  0  7  31028  9083  0  5991  0  0  0  0  0  0  0  0  1  0  0  0  13  761  0  0  0  0  0  0  0  0  0  547  0  0  0  0  0  0  0  10  0  0  0  0  0  0  1024  59  0  0  0  0  0  0  0  0  0  0  0  0  0  0  0  0  0  0  0  0  0  0  0  0  0  0  0  0  0  0  6  0  0  22  0  0  0  711  0  0  0  0  0  491  0  83  11301  6383  0  0  0  0  0  1  
0  7  4  4  0  9  549  530  32926  5703  4  1  0  3  7  188  1  0  154  2  0  0  0  0  16  657  47778  524  207  89470  0  0  0  0  0  146  0  0  0  6  6599  1  0  863  1981  23794  0  49  165  0  2  38  4  53  0  69934  53  71  3  0  4  4  0  0  6356  2912  5500  199  348  0  0  0  87  0  0  0  3  0  0  0  0  0  75  1  86  0  0  0  0  0  0  0  0  0  0  7  0  0  0  0  0  0  0  363  0  0  0  0  0  0  0  0  0  0  0  0  0  0  0  48  0  0  0  0  0  0  0  0  0  0  0  0  0  0  0  0  0  0  0  25  0  0  0  0  192  0  0  0  1  5  5  86  867  415  0  0  0  0  0  0  
0  35774  0  0  0  0  0  0  0  0  0  0  0  0  0  0  2  1  1  0  8382  1  143  0  8  58  0  0  0  0  0  0  0  7668  438  23  180280  117614  0  0  14  1  30635  1  0  0  0  54  0  45983  0  0  0  0  56  3  0  0  25406  34787  1859  0  0  0  0  0  1  0  0  0  1  0  21925  0  0  0  0  0  0  0  0  0  0  0  0  0  0  0  0  0  0  0  0  0  0  0  0  0  0  0  0  0  0  0  0  0  0  0  0  0  0  0  0  0  0  0  0  0  0  0  0  0  0  0  0  0  0  0  0  0  0  0  0  0  0  0  0  0  0  0  0  0  0  0  0  0  0  0  216  0  200  0  1  0  0  0  0  0  0  0  
0  17521  0  4  1  8  6  14  104  19  0  0  0  3  8  4  42  10  57632  1  4386  3455  773  0  128792  18353  648  10  57  178  0  0  9861  176084  30401  29048  4501  205519  0  4  47345  1554  13575  981  1467  3  0  156679  111  54088  3100  44  7  14  21968  19896  23863  557  64518  2757  15807  0  0  0  4123  31  1787  118  703  0  1038  24196  0  11864  0  0  0  0  0  0  0  0  0  0  0  0  0  0  0  0  0  0  0  0  0  0  0  0  0  0  0  0  0  0  0  0  0  0  0  0  0  0  0  0  0  0  0  0  0  0  0  0  0  0  0  0  0  0  0  0  0  0  0  0  0  0  0  0  0  0  0  0  0  0  0  0  0  0  6746  12  13199  392  2732  9  0  0  0  0  0  0  
0  0  0  12  0  0  0  0  2  0  0  0  0  0  0  0  0  0  2  0  4  1  2  0  4  36  0  0  0  0  0  0  41653  28864  26  19892  0  22  0  0  17592  0  0  0  1  0  0  32456  1  0  1  0  0  0  3  4  0  0  6  0  10  0  0  0  5  0  0  1  0  0  0  1  8825  0  0  0  0  0  0  0  0  0  0  0  0  0  0  0  0  0  0  0  0  0  0  0  0  0  0  0  0  0  0  0  0  0  0  0  0  0  0  0  0  0  0  0  0  0  0  0  0  0  0  0  0  0  0  0  0  0  0  0  0  0  0  0  0  0  0  0  0  0  0  0  0  0  0  0  163  0  143  1  9  0  0  0  0  0  0  0  
1  0  0  0  1  9  0  0  0  0  0  0  0  0  1  0  0  0  0  0  0  0  0  4  0  0  0  0  0  0  58  0  0  0  0  0  0  0  0  0  0  0  0  0  0  0  0  0  0  0  0  0  0  0  0  0  0  0  0  0  0  0  0  0  0  12  0  0  0  31  0  0  0  0  0  0  0  0  51363  32013  441  6  0  0  0  3  23  71  8775  16827  0  1  0  0  0  0  0  87897  0  0  0  0  0  0  11278  8  0  0  0  0  0  0  190  1  0  0  0  0  2  0  384  0  414  0  0  1445  31001  1225  0  0  0  0  0  0  0  12361  654  26703  0  1452  0  12  0  12390  0  0  0  0  0  0  0  0  14  1  0  13673  0  0  9481  1  
0  6  0  0  0  0  0  0  0  0  0  0  0  0  0  0  0  0  0  0  0  18  0  0  0  0  0  0  0  0  0  0  0  0  0  0  0  0  0  0  0  1  0  0  0  0  0  0  0  0  18  0  0  0  0  0  0  0  0  0  8  0  0  0  0  0  0  0  0  0  0  0  0  0  0  0  0  0  0  0  0  0  0  0  0  0  0  0  0  0  0  0  68724  0  35927  89  1  0  3  3  0  0  0  0  0  0  0  3  3  0  44483  741  0  0  10  49589  6  48  0  0  0  0  1  30  36965  0  0  0  0  0  14035  5  59441  16508  1062  0  0  0  0  0  0  0  0  0  0  2750  635  0  0  0  0  2  0  0  0  0  23  5  0  0  
0  0  5422  0  0  0  0  29  1  0  0  0  0  0  0  246  0  0  0  0  0  0  0  0  0  0  0  7  3  6  0  0  0  0  0  0  0  0  0  0  0  0  0  0  1  2  0  0  0  0  0  0  0  0  0  0  0  0  0  0  0  0  0  0  0  0  0  0  0  0  2  0  0  0  0  0  0  0  0  11  55  2742  12  1  0  0  0  0  0  63091  0  0  0  0  0  0  0  0  0  1  11834  27754  51994  8530  0  0  0  0  0  0  0  0  0  0  1  0  0  0  41920  49189  0  0  0  0  0  0  0  8  0  10  0  0  0  0  0  0  0  0  0  33  16841  0  868  0  3  0  0  0  0  0  0  0  0  0  0  3  0  0  5  0  
0  0  0  0  0  0  0  0  0  0  0  0  0  0  0  0  0  0  0  0  0  0  0  0  0  0  0  0  0  0  0  0  0  0  0  0  0  0  0  0  0  0  0  0  0  0  0  0  0  0  0  0  0  0  0  0  0  0  0  0  0  0  0  0  0  0  0  0  0  0  0  0  0  0  0  0  0  0  0  0  4  3  45  11  0  60476  0  3  2  2  47  2  0  0  0  0  0  0  3  73984  2  32150  38497  0  0  0  809  131  24  135  0  0  0  1  22036  0  0  2  24352  2  0  147  32941  0  1  14  1  17  0  47  0  0  0  0  0  0  0  0  5  34  1823  27643  21  0  82  0  23  3  0  0  0  1  0  0  0  294  0  1  904  102  
1  0  0  0  29  19  0  0  0  0  0  0  0  0  0  113  0  0  0  0  0  0  0  3  0  0  0  0  0  0  24  0  0  0  0  0  0  0  0  0  0  0  0  0  0  0  0  0  0  0  0  0  0  0  0  0  0  0  0  0  0  0  0  0  0  4  0  0  0  21  0  0  0  0  45893  0  0  0  0  67328  1359  7  1  0  0  0  6  17  30799  116039  0  5  0  0  0  0  0  732  0  0  0  0  0  0  490  2  0  0  0  0  0  0  8  0  0  0  0  0  1  0  75  0  290  0  0  131  34879  4309  0  0  0  0  0  0  0  12  11  413  0  328  0  2  1  2884  0  0  0  0  0  0  0  0  3  0  0  5220  0  0  3347  0  
41  0  0  0  69  1961  689  1  0  0  0  0  0  1  74  188  0  0  0  0  0  0  0  1  0  0  0  0  0  0  323  353  0  0  0  0  0  0  0  0  0  0  0  0  0  0  3  0  1  0  0  7  7  3  0  0  0  0  0  0  0  0  1  10  0  10216  0  0  0  2128  0  0  0  0  28638  0  1  0  139468  0  54385  431  273  6  0  28  0  13  19780  107469  0  6  0  0  0  0  1  15328  0  0  0  0  7  0  3170  14040  0  0  0  0  0  0  7  0  4  0  0  0  168  4  41  0  215  0  0  310  6203  48777  0  2  0  0  0  0  0  66  19214  18520  1  78622  2  134  52  21958  11  0  0  0  0  0  0  0  188  28  1  70380  2  1  7256  28  
0  0  0  0  0  177  1676  186  4  0  0  0  0  0  0  279  0  0  0  0  0  0  0  0  0  0  0  0  0  0  0  5  0  0  0  0  0  0  0  0  0  0  0  0  0  0  0  0  0  0  0  15  1  7  0  0  0  0  0  0  0  0  0  0  0  1478  0  0  1  0  0  0  0  0  45  0  4  0  1319  74034  0  50808  4091  11  0  245  0  40  1776  130620  0  0  0  0  0  0  0  10  1  1  5  9  147  0  0  0  0  0  0  0  0  0  1  3  23  0  0  1  2626  56  2  1  358  0  0  2070  910  96007  0  16  0  0  0  0  0  9  0  48  8  36846  80  2951  976  0  100  0  0  0  0  0  0  0  12  2  0  20472  0  0  1219  1  
0  0  16  0  0  9  596  4312  486  4  0  0  0  0  0  83  0  0  0  0  0  0  0  0  0  0  0  0  0  1  0  2  0  0  0  0  0  0  0  0  0  0  0  0  0  4  0  0  0  0  0  1  0  0  0  0  0  0  0  0  0  0  0  0  0  1127  0  0  0  0  0  0  0  0  0  0  741  2  12  1066  63398  0  31289  52  0  2  0  0  43  71797  0  0  0  0  0  0  0  0  4  7  69  507  12254  41  0  0  0  0  0  0  0  0  0  0  171  0  0  4  39757  29836  0  1  19  0  0  46  7  6307  0  187  0  0  0  0  0  0  0  0  27  30795  2108  395  32317  0  1512  0  14  0  0  0  0  0  1  0  0  602  0  0  462  9  
0  0  25  0  0  0  1  365  6134  133  0  0  0  0  0  2  0  0  0  0  0  0  0  0  0  0  0  0  0  176  0  0  0  0  0  0  0  0  0  0  0  0  0  0  0  70  0  0  0  0  0  0  0  0  0  0  0  0  0  0  0  0  0  0  0  1677  1  0  0  0  15  0  0  0  0  0  9  2  0  132  4315  17588  0  7856  11  2  0  0  355  37  0  0  1  3  0  14  0  0  12  21  84  419  1126  8615  0  0  0  0  0  0  0  0  0  0  471  0  1  315  1037  40471  0  8  24  0  1  15  1  2387  2  755  3  4  0  0  0  0  0  0  6797  39078  1406  434  355  0  28541  0  104  0  0  1  0  1  1  0  1  354  51  3  277  16  
0  0  0  0  0  0  0  0  1  421  8  0  0  0  0  0  0  0  0  0  0  4  0  0  0  0  0  0  0  3  0  0  0  0  0  0  0  0  0  0  0  0  0  0  0  0  0  0  0  0  1  0  0  0  0  0  0  0  0  0  0  0  0  0  0  15  0  0  0  0  0  0  0  0  0  0  0  3  0  0  14  50  8939  0  344  12  0  2  101  4  0  0  1  2  0  644  3273  0  12  17  145  239  252  8890  0  0  0  0  0  0  0  0  0  0  1497  0  0  22413  1122  10  0  2  96  0  0  7  0  1507  3  1515  1  5  0  0  16  0  0  0  8713  23197  1564  227  546  0  2103  0  162  0  0  0  1  410  1  0  0  205  5618  2804  1228  32  
0  0  0  0  0  0  0  0  8  2  12512  0  0  0  0  0  0  0  0  1070  0  55  0  0  0  0  3  0  0  801  0  0  0  0  0  0  0  0  0  0  0  0  0  161  0  0  0  0  0  0  0  0  0  0  0  0  0  0  0  0  0  0  0  0  190  4  0  0  0  0  16  0  0  0  0  0  0  0  0  0  0  0  20  281  0  0  0  0  0  0  0  0  851  105391  6  9678  0  0  0  0  0  0  0  7491  0  0  0  0  0  0  0  0  0  0  3  41491  0  157574  0  0  0  0  0  0  14  0  0  0  0  5  67  10525  0  0  540  0  0  0  86939  8  0  0  0  0  81  0  1  0  0  0  0  0  0  0  0  0  3  1  0  0  
0  0  0  0  0  0  0  0  0  0  0  0  0  0  0  0  0  0  0  0  0  0  0  0  0  0  0  0  0  0  0  0  0  0  0  0  0  0  0  0  0  0  0  0  0  0  0  0  0  0  0  0  0  0  0  0  0  0  0  0  0  0  0  0  0  0  0  0  0  0  0  0  0  0  1  0  0  70736  9  11  99  2  13  4  0  0  28  22782  623  9  226  800  1  0  0  0  14  3  2  4523  1  280  4338  0  0  0  258  62  78  1  0  0  243  29632  1213  0  0  1  3391  0  494  344  76093  0  1  27079  47  586  0  13  2  1  0  0  0  11  0  32  15  24  699  62168  20  0  5  0  8  0  0  0  0  0  0  0  0  452  0  0  363  2  
0  0  0  0  0  0  0  0  0  0  0  0  0  0  0  0  0  0  0  0  0  0  0  0  0  0  0  0  0  0  0  0  0  0  0  0  0  0  0  0  0  0  0  0  0  0  0  0  0  0  0  0  0  0  0  0  0  0  0  0  0  0  0  0  0  0  0  0  0  0  0  0  0  0  542  0  0  0  22  16  1  0  0  0  0  99  0  22992  121  1  1  236  0  0  0  0  0  31611  0  0  0  0  0  0  0  0  0  7  3  0  0  0  31276  7  0  0  0  0  0  0  12734  0  3476  0  0  736  146  7  0  0  0  0  0  0  0  12838  0  2539  0  11  0  14  0  0  0  0  0  0  0  0  0  0  0  0  0  272  0  0  364  0  
0  0  0  0  0  0  0  0  0  0  0  0  0  0  0  0  0  0  0  0  0  0  0  0  0  0  0  0  0  0  0  0  0  0  0  0  0  0  0  0  0  0  0  0  0  0  0  0  0  0  0  0  0  0  0  0  0  0  0  0  0  0  0  0  0  1  0  0  0  0  0  0  0  0  258  0  0  1  461  72  72  0  0  0  0  34781  18440  0  2352  2  1  202  0  0  0  0  0  657  0  0  0  0  53  0  0  0  0  1  3  0  0  0  55657  24157  2  0  0  0  19  0  1059  0  17889  0  0  101836  616  264  0  0  0  0  0  0  0  11569  1  2612  0  27  0  299  0  0  1  0  0  0  0  0  0  0  0  0  0  1669  0  0  3580  0  
0  0  0  0  0  0  0  0  0  0  0  0  0  0  0  0  0  0  0  0  0  0  0  0  0  0  0  0  0  0  0  0  0  0  0  0  0  0  0  0  0  0  0  0  0  0  0  0  0  0  0  0  0  0  0  0  0  0  0  0  0  0  0  0  0  3  0  0  0  0  0  0  0  0  10262  0  0  2  31204  15237  2715  1751  98  6  0  11988  2  1558  0  8681  0  0  0  0  0  0  0  23329  2  12  10  11  39482  0  0  0  0  0  0  0  0  0  27  352  32  0  0  0  8441  9  6  0  2689  0  0  249540  295625  166698  1  40  0  1  0  0  0  32841  0  770  10  1638  129  43113  23876  0  66  0  6  0  0  0  0  0  2  0  0  10003  0  0  3081  4  
0  0  441  0  15  228  620  1625  0  0  0  0  0  0  0  9044  0  0  0  0  0  0  0  1  0  0  0  0  0  0  638  4  0  0  0  0  0  0  0  0  0  0  0  0  0  1  0  0  0  0  0  0  0  1  0  0  0  0  0  0  0  0  1  0  0  7  0  0  0  887  0  0  0  0  26656  0  66557  0  131380  112471  94919  100371  43  1  0  6  0  0  8288  0  0  0  0  0  0  0  0  5541  0  0  2  52  58128  0  12143  19  0  0  0  0  0  0  1  0  3  0  0  0  7805  4370  0  0  17  0  0  195  151  226648  0  8  0  0  0  0  0  0  11934  2532  0  2459  264  1011  55372  29388  4  0  0  0  0  0  0  0  1  0  0  3639  0  0  548  1  
0  0  0  0  0  0  0  0  0  0  0  0  0  0  0  0  0  0  0  0  0  0  0  0  0  0  0  0  0  0  0  0  0  0  0  0  0  0  0  0  0  0  0  0  0  0  0  0  0  0  0  0  0  0  0  0  0  0  0  0  0  0  0  0  0  0  0  0  0  0  0  0  0  0  0  0  0  98  0  0  0  2  29  13  0  910  4  2  7  0  0  41080  2  0  0  1  20616  61  7  27  4  2  0  1  0  0  77  8  16480  0  0  0  0  0  13296  0  1965  4  38  1  24  36186  13691  82  1  1  0  39  0  16  3  9  2  0  355  0  2  3  26  19  21  19  21  0  62  81  297  0  0  0  0  4  0  0  11893  2  93  621  29094  1  
0  0  0  0  0  0  0  0  0  0  0  0  0  0  0  0  0  0  0  0  0  0  0  0  0  0  0  0  0  0  0  5  0  0  0  0  0  0  0  0  0  0  0  0  0  0  0  0  0  0  0  0  0  0  0  0  0  0  0  0  0  0  0  0  0  0  0  0  0  0  0  0  0  0  14  0  0  15  9  3  0  0  7  4  0  3307  442  432  9  0  38337  0  0  0  0  0  29305  21653  0  0  0  0  2  0  10  21  0  6  2674  0  0  0  33  35  189  0  92  1  113  2  26925  289  60501  0  0  90  64  11  0  6  0  0  0  0  55  0  3104  67  0  4  19  5  3  0  6  2  3  0  0  2  0  9  0  0  4770  372  0  110  74358  36  
0  0  0  0  0  0  0  0  0  0  0  0  0  0  0  0  0  0  0  0  0  0  0  0  0  0  0  0  0  0  0  0  0  0  0  0  0  0  0  0  0  0  0  0  0  0  0  0  0  0  0  0  0  0  0  0  0  0  0  0  0  0  0  0  0  0  0  0  0  0  0  0  0  0  0  54770  0  3  0  0  0  0  19  1  1240  0  0  0  0  1  4  0  0  26306  2486  249  20  0  56904  213  4  0  0  0  0  0  0  0  7  0  37  438  0  0  437  56939  92  13637  12  0  0  203  40  21  2026  0  0  28  0  5091  137261  94702  48697  7  1756  0  0  0  590  3  6  26  5  0  26  213  62572  0  0  0  0  0  0  0  56  1  67  18  9  0  
0  0  0  0  0  0  0  0  0  0  200  0  0  0  0  0  0  0  0  29  0  0  0  0  0  0  0  0  0  7  0  0  0  0  0  0  0  0  0  0  0  0  0  0  0  0  0  0  0  0  0  0  0  0  0  0  0  0  0  0  0  0  0  0  1  0  0  0  0  0  0  0  0  0  0  0  0  0  0  0  0  1  14  4  107946  2  0  0  1  0  0  0  20109  0  40  1281  0  0  309  18  12492  1  3  3994  0  0  0  0  0  0  0  0  0  0  89  49298  2  45677  18  0  0  2  2  0  149  0  0  26  0  27661  3536  85160  17  0  2868  0  0  0  71734  1  8  21  2  0  223  2  32  0  0  0  0  0  0  0  0  3  2  0  4  0  
0  5  0  0  0  0  0  0  0  0  0  0  0  0  0  0  0  0  0  0  0  2  0  0  0  0  0  0  0  0  0  0  0  0  0  0  0  0  0  0  0  0  0  0  0  0  0  0  0  0  0  0  0  0  0  0  0  0  0  0  3  0  0  0  0  0  0  0  0  0  0  0  0  0  0  34656  0  0  0  0  0  0  2  0  0  0  0  0  0  0  0  0  1137  6  0  613  2986  1  126  42  0  0  0  0  0  0  0  17  21  0  10403  416  0  0  92  5071  728  658  0  0  0  33  9  58209  45080  0  0  9  0  31  2352  299  30620  62050  163578  0  0  0  26  1  0  4  0  0  1  513  6090  0  0  4  0  3  0  0  3  1  378  101  0  0  
0  26  0  0  0  0  0  0  3  13  3034  0  0  0  0  0  0  0  0  2  3  2401  0  0  0  0  0  0  0  72  0  0  0  0  0  0  0  0  0  0  0  4  0  106  0  0  0  0  0  0  23  0  0  0  0  0  0  0  0  0  51  0  0  0  6  3  0  0  0  0  1  0  0  0  0  59  0  0  0  0  0  0  32  1297  7758  0  0  0  4  0  1  0  209  410  640  0  11409  0  1  2  0  0  0  717  3  0  0  0  0  0  0  0  0  0  386  104572  0  151745  7  0  0  4  1  0  21313  0  0  6  0  3  1343  863  382  0  90486  0  1  0  635  54  0  4  0  0  6  0  78  0  0  1  1  39  0  0  4  4  429  1303  17  0  
0  0  0  0  0  0  0  0  0  0  0  0  0  0  0  0  0  0  0  0  0  1  1  0  0  0  0  0  0  0  0  4  0  0  0  0  0  0  0  0  0  0  0  0  0  0  0  0  0  0  0  0  0  0  0  0  0  0  0  0  0  0  0  0  0  0  0  0  0  0  0  0  0  0  0  7  0  1  0  0  0  1  28  4130  0  55  0  0  6  0  30015  38476  12  0  2312  12875  0  13968  10  4  9  4  2  0  504  18  0  0  21278  0  11  1  0  0  1381  2  43754  11769  37  0  42  768  3  1284  15  1  0  44  0  46  9  35  108  1  63812  0  3484  21  180  6  12  25  7  0  52  313  533  0  0  3  0  362  0  0  61624  38  91683  2569  2748  16  
0  0  0  0  0  4  0  0  0  0  0  0  0  0  0  0  0  0  0  0  1  0  0  1  0  0  0  0  0  0  33  33  0  0  0  0  0  0  0  0  0  0  0  0  0  0  0  0  0  0  0  0  0  0  0  0  0  0  0  0  1  0  1  0  0  1  0  0  0  6  0  0  0  0  90565  0  0  0  582  22003  2  0  0  0  0  44  38234  914  32543  2230  11  26014  0  0  0  0  19262  0  0  0  0  0  0  0  28070  881  0  8  34  0  0  0  18025  1  0  0  17  0  0  0  60097  0  81  0  0  466  913  10  0  0  0  0  0  0  0  53547  152327  173975  0  335  0  5  0  7610  0  0  0  0  0  5  0  35  5  0  174  6998  47  1248  39196  171  
0  0  0  0  0  0  0  0  0  0  0  0  0  0  0  0  0  0  0  0  0  0  0  0  0  0  0  0  0  0  0  0  0  0  0  0  0  0  0  0  0  0  0  0  0  0  0  0  0  0  0  0  0  0  0  0  0  0  0  0  0  0  0  0  0  0  0  0  0  0  0  0  0  0  0  4  0  9  0  0  1  6  293  8  0  7  0  1  15  0  9  0  35612  383  161  0  47  0  0  25429  126  32  12  2  0  0  1  4786  132  13666  3  28  1  0  3889  71  1441  101  177  7  0  1414  153  434  103  2  0  258  56264  127165  390  9936  289  1  2010  0  0  0  203  107  3158  188  59  0  259  196  245453  1  0  0  0  0  0  0  292  27  654  75  253  3  
0  0  0  0  0  0  0  0  0  0  0  0  0  0  0  0  0  0  0  0  0  0  0  0  0  0  0  0  0  0  0  0  0  0  0  0  0  0  0  0  0  0  0  0  0  0  0  0  0  0  0  0  0  0  0  0  0  0  0  0  0  0  0  0  0  0  0  0  0  0  0  0  0  0  0  0  0  64536  0  1  11  15  128  25  0  277  0  1  98  14  6  1  8  1  2  0  0  0  30148  0  658  9371  234  1  0  0  1177  5149  0  75286  0  0  0  1  51512  3  6  2  5511  8  0  30  2854  0  11  94  1  2072  22760  2623  15  42  3  0  4  0  0  0  74  75  96951  3357  116  0  161  1  2286  34  0  0  0  1  0  0  1  236  1  3  1208  38  
0  0  0  0  0  0  0  0  0  0  0  0  0  0  0  0  0  0  0  0  0  0  0  0  0  0  0  0  0  17  0  0  0  0  0  0  0  0  0  0  0  0  0  0  0  0  0  0  0  0  0  0  0  0  0  0  0  0  0  0  0  0  0  0  0  0  0  0  0  0  0  0  0  0  0  0  12943  2  0  1  16  64  813  115  2  0  0  0  235  21  0  0  5  11716  1  0  0  0  684  2708  0  251  222  119077  0  0  0  0  0  0  0  0  0  0  340  1  10  105  642  56303  0  15  27  1  1  7  0  3692  7  278391  17  30  0  0  7  0  0  0  17018  300  47278  221  383  0  12560  0  142  0  0  0  0  1  0  0  4  60  1  0  230  9  
0  0  13  0  0  0  0  0  0  0  0  0  0  0  0  1  0  0  0  0  0  0  0  0  0  0  0  0  0  0  0  0  0  0  0  0  0  0  0  0  0  0  0  0  0  0  0  0  0  0  0  0  0  0  0  0  0  0  0  0  0  0  0  0  0  0  0  0  0  0  0  0  0  0  0  0  26254  33067  0  4  82  883  679  24  0  79  0  1  679  236  0  0  0  0  0  0  0  0  3  5874  302  0  23607  6  0  0  0  0  0  1  0  0  0  0  211  0  0  3  176444  6321  0  0  94  0  0  37  1  9689  0  222  0  0  0  0  0  0  0  0  12  796  155462  318  1405  0  143  0  9  0  0  0  0  0  0  0  0  200  1  6  346  43  
0  0  0  0  0  0  0  0  0  0  0  0  0  0  0  0  0  0  0  0  0  0  0  0  0  0  0  0  0  0  0  0  0  0  0  0  0  0  0  0  0  0  0  0  0  0  0  0  0  0  0  0  0  0  0  0  0  0  0  0  0  0  0  0  0  0  0  0  0  0  0  0  0  0  0  0  41369  36262  0  93  538  23512  289  74  0  4653  0  53  36715  43088  0  0  0  2  0  0  0  0  1  541  27  26357  0  9  0  0  0  4  0  0  0  0  0  6  45  0  0  7  188087  314  0  0  952  0  0  1133  8  1111  0  286  0  0  0  0  0  0  0  0  110  729  2216  98056  112443  0  158  0  6  0  0  0  0  0  0  0  0  3976  0  19  1447  65  
0  0  26  0  0  0  0  1  78  13  19  0  0  0  0  0  0  0  0  0  0  0  0  0  0  0  11  0  0  6065  0  0  0  0  0  0  0  0  0  0  0  0  0  0  0  50  0  0  0  0  0  0  0  0  0  0  0  0  0  0  0  0  0  0  19  49  0  0  0  0  357  0  0  0  0  0  8377  0  0  0  5  24  9023  8765  11046  0  0  0  31  4  0  0  1  5537  0  954  0  0  5  14  158666  46  68  0  0  0  0  0  0  0  0  0  0  0  105  0  4  263  210  62980  0  3  10  0  1  0  0  468  0  8054  1  23  0  0  0  0  0  0  93883  93  1948  25  55  0  109751  0  23  0  0  0  0  0  0  0  0  23  1  1  52  2  
0  0  0  0  0  27  0  0  0  0  0  0  0  0  0  2  0  0  0  0  0  0  1  18  0  0  0  0  0  0  3652  396  0  0  0  0  0  0  0  0  0  0  0  0  0  0  0  0  0  0  0  0  0  0  0  0  0  0  0  0  0  0  17  0  0  6  0  0  0  1101  0  0  0  0  17987  0  0  0  160  1439  0  0  0  0  0  0  0  0  0  13962  1  190  0  0  2  0  3996  33922  0  0  0  0  0  0  0  18889  0  0  4  0  0  0  2  0  0  0  0  0  0  0  182  0  0  0  0  0  0  0  0  0  0  0  0  0  1  0  109048  1075  0  60  0  0  0  42043  0  0  0  0  0  71  7  56  12  0  177  338  94  2468  6605  3696  
0  0  0  0  0  46  1  0  0  0  0  0  0  0  0  0  0  0  0  0  0  0  0  3  0  0  0  0  0  0  8  11595  0  0  0  0  0  0  0  0  0  0  0  0  0  0  0  0  0  0  0  0  0  0  0  0  0  0  0  0  0  0  1  0  0  214  0  0  0  107  0  0  0  0  10  0  0  0  0  16501  0  0  0  0  0  0  0  0  0  0  0  906  0  0  0  0  96  648  0  0  0  0  0  0  25469  0  0  0  0  0  0  0  2  0  0  0  0  0  0  0  27  0  0  0  0  0  0  0  0  0  0  0  0  0  0  0  17850  1254  0  26553  0  0  0  7856  0  0  0  0  0  141  0  170  12  23  741  11886  206  1688  3929  6055  
0  0  0  0  0  0  0  0  0  0  0  0  0  0  0  0  0  0  0  0  0  0  0  0  0  0  0  0  0  0  0  0  0  0  0  0  0  0  0  0  0  0  0  0  0  0  0  0  0  0  0  0  0  0  0  0  0  0  0  0  0  0  0  0  0  0  0  0  0  0  0  0  0  0  0  0  0  840  0  0  0  0  0  0  0  71  0  0  0  0  25  0  0  0  0  0  0  0  0  3972  0  0  0  0  0  0  0  22122  7241  1886  0  0  0  0  31687  0  0  0  0  0  0  28530  40  0  0  0  0  0  0  0  0  0  0  0  0  0  0  0  0  0  0  0  0  0  0  0  2155  63547  0  0  0  0  0  0  8  0  0  2  2  0  
0  0  0  0  0  0  0  0  0  0  0  0  0  0  0  0  0  0  0  0  0  0  0  0  0  0  0  0  0  0  0  0  0  0  0  0  0  0  0  0  0  0  0  0  0  0  0  0  0  0  0  0  0  0  0  0  0  0  0  0  0  0  0  0  0  0  0  0  0  0  0  0  0  0  0  7  0  658  0  0  0  0  6  0  0  67  2  1  0  0  4  1  1  0  15  0  0  27  4203  5336  0  0  1  0  0  0  25177  0  83034  61921  1  10890  0  0  5838  0  29286  1  0  0  0  39824  1  11  0  0  0  0  4  5  0  0  26  37  23  0  0  0  0  2  12  2  0  0  0  11  149909  11780  0  0  0  0  0  0  53  0  113  42  9  0  
0  0  0  0  0  0  0  0  0  0  0  0  0  0  0  0  0  0  0  0  0  0  0  0  0  0  0  0  0  0  0  0  0  0  0  0  0  0  0  0  0  0  0  0  0  0  0  0  0  0  0  0  0  0  0  0  0  0  0  0  0  0  0  0  0  0  0  0  0  0  0  0  0  0  0  28  0  22  0  0  0  0  6  0  0  138  0  0  0  0  13727  2354  4  0  39  0  22821  13  12  3  1  0  0  0  0  0  8957  75302  0  326  3  0  0  0  88  1  51064  0  0  0  1  63871  6  701  1  0  0  1  0  11  3  7  84  45  1825  0  0  0  6  2  0  0  3  0  1  314  19650  796  0  0  0  0  0  0  11807  0  415  52  83  1  
0  0  0  0  0  0  0  0  0  0  0  0  0  0  0  0  0  0  0  0  0  0  0  0  0  0  0  0  0  0  0  0  0  0  0  0  0  0  0  0  0  0  0  0  0  0  0  0  0  0  0  0  0  0  0  0  0  0  0  0  0  0  0  0  0  0  0  0  0  0  0  0  0  0  0  0  0  138  0  0  0  1  37  0  0  0  0  0  2  0  4  0  0  0  0  0  2  0  24399  72604  0  5  1  0  0  0  1681  71844  9  0  0  30  0  0  40933  0  3  0  17  3  0  4010  7  1  1  0  0  20  909  289  0  3  0  0  1  0  0  0  5  23  7728  13  0  0  18  0  32317  12900  0  0  0  0  0  0  13  2  5  18  39  1  
0  0  0  0  0  0  0  0  0  0  0  0  0  0  0  0  0  0  0  0  0  0  0  0  0  0  0  0  0  0  0  0  0  0  0  0  0  0  0  0  0  0  0  0  0  0  0  0  0  0  0  0  0  0  0  0  0  0  0  0  0  0  0  0  0  0  0  0  0  0  0  0  0  0  0  40788  0  0  0  0  0  0  0  0  0  0  0  0  0  0  0  0  204  0  4878  0  19  0  2  0  0  0  0  0  0  0  0  2  0  0  0  45269  0  0  0  0  25421  0  0  0  0  14  0  54210  3  0  0  0  0  0  1  0  33114  68101  45  0  0  0  0  0  0  0  0  0  0  156838  1341  0  0  0  0  0  0  0  0  0  45  0  0  0  
0  0  0  0  0  0  0  0  0  0  0  0  0  0  0  0  0  0  0  0  0  0  0  0  0  0  0  0  0  0  0  0  0  0  0  0  0  0  0  0  0  0  0  0  0  0  0  0  0  0  0  0  0  0  0  0  0  0  0  0  0  0  0  0  0  0  0  0  0  0  0  0  0  0  0  1615  0  0  0  0  0  0  1  0  0  0  0  0  0  0  0  0  309  0  382  0  7  0  50  0  0  0  0  0  0  0  0  12488  167  1  26987  0  0  0  1  0  25940  0  0  0  0  64  0  10198  0  0  0  0  0  12  2  1  17748  11668  351  0  0  0  0  0  0  0  0  0  1  194973  215026  2  0  0  0  0  0  0  0  0  593  0  0  0  
0  0  0  0  0  0  0  0  0  0  0  0  0  0  0  0  0  0  0  0  0  0  0  0  0  0  0  0  0  0  0  0  0  0  0  0  0  0  0  0  0  0  0  0  0  0  0  0  0  0  0  0  0  0  0  0  0  0  0  0  0  0  0  0  0  1  0  0  0  0  0  0  0  0  3443  0  0  0  670  268  15  0  0  0  0  227  34247  81301  1199  5  0  68  0  0  0  0  0  12390  0  0  0  0  0  0  0  0  0  0  0  0  0  0  0  424  0  0  0  0  12  0  7814  0  22868  0  0  16421  2746  60  0  0  0  0  0  0  0  2951  2  22244  0  123  0  141  0  0  0  0  0  0  0  0  0  0  0  0  0  2921  0  0  4883  0  
0  0  0  0  0  0  0  0  0  0  0  0  0  0  0  0  0  0  0  0  0  0  0  0  0  0  0  0  0  0  0  0  0  0  0  0  0  0  0  0  0  0  0  0  0  0  0  0  0  0  0  0  0  0  0  0  0  0  0  0  0  0  0  0  0  0  0  0  0  0  0  0  0  0  0  0  0  0  0  3  8  0  0  0  0  38182  14  31629  208  1  0  90  0  0  0  0  0  0  0  0  0  0  9  0  0  0  0  1  0  0  0  0  260  0  0  0  0  0  0  0  37  0  21872  0  0  7385  62  44  0  0  0  0  0  0  0  6  0  11  0  0  0  428  0  0  0  0  0  0  0  0  0  0  0  0  0  61  0  0  53  0  
0  0  0  0  0  0  0  0  0  60  0  0  0  0  0  0  0  0  0  0  0  0  0  0  0  0  0  0  0  0  0  0  0  0  0  0  0  0  0  0  0  0  0  0  0  0  0  0  0  0  0  0  0  0  0  0  0  0  0  0  0  0  0  0  0  31  0  0  0  0  0  0  0  0  0  1  0  18968  1  9  157  439  1609  777  2  982  0  66  827  37  13229  420  126  5  27  38  320  0  15250  59219  156  480  211  3  0  0  23764  2992  110  42425  0  0  16  68  0  67  363  834  2651  12  1  32808  26379  18  143  241  4  6617  475  2742  274  813  46  0  132  0  0  0  2573  2056  23612  9275  517  0  1775  31  70476  5438  0  0  0  265  0  1  1572  1477  2344  8784  62559  193  
0  6  0  0  0  0  0  0  0  0  593  0  0  0  0  0  0  0  0  1  0  339  0  0  0  0  0  0  0  0  0  0  0  0  0  0  0  0  0  0  0  0  0  68  0  0  0  0  0  0  8  0  0  0  0  0  0  0  0  0  4  0  0  0  0  0  0  0  0  0  0  0  0  0  0  42977  0  0  0  0  0  0  0  0  41465  0  0  0  1  0  0  0  52383  59018  847  94628  2  0  3  3  0  0  0  0  0  0  0  0  0  0  3  0  0  0  14  0  0  71203  0  0  0  0  0  0  63252  0  0  1  0  5  58439  5290  4621  1  24317  0  0  0  559  0  0  0  0  0  0  0  131  0  0  1  0  0  0  0  2  0  0  3  0  0  
0  0  0  0  0  0  0  0  0  0  0  0  0  0  0  0  0  0  0  0  0  0  0  0  0  0  0  0  0  0  0  0  0  0  0  0  0  0  0  0  0  0  0  0  0  0  0  0  0  0  0  0  0  0  0  0  0  0  0  0  0  0  0  0  0  0  0  0  0  0  0  0  0  0  0  129  0  0  0  0  0  0  7  0  0  0  0  0  0  0  167  2  6  0  449  0  39585  15  11  0  0  0  0  0  0  0  0  23118  41455  0  25148  20714  0  0  34  0  0  1  0  0  0  7776  0  19760  0  0  0  1  0  16  4  14  383  254  15925  0  0  1  5  2  0  0  0  0  1  13797  33498  0  0  0  0  0  0  0  6568  0  2221  13  61  0  
0  1  0  0  0  0  0  0  0  0  768  0  0  0  0  0  0  0  0  3  0  195  0  0  0  0  0  0  0  2  0  0  0  0  0  0  0  0  0  0  0  0  0  86  0  0  0  0  0  0  1  0  0  0  0  0  0  0  0  0  1  0  0  0  1  0  0  0  0  0  0  0  0  0  0  158  0  4  0  0  6  19  1283  20350  145969  4  0  0  34  3  22  0  11733  29099  10823  162510  7660  0  451  426  356  44  81  102  0  1  0  1  2  0  0  0  0  0  7739  88383  64  0  673  1  0  149  42  13  23300  2  0  707  0  1744  26763  40667  7338  0  30601  0  0  0  86853  155  339  240  245  0  2229  15  3808  0  0  0  0  368  0  0  30  82  2518  1467  211  10  
0  0  1  0  0  0  0  0  0  0  0  0  0  0  0  1  0  0  0  0  0  0  0  0  0  0  0  0  0  0  0  0  0  0  0  0  0  0  0  0  0  0  0  0  0  0  0  0  0  0  0  0  0  0  0  0  0  0  0  0  0  0  0  0  0  0  0  0  0  0  0  0  0  0  0  0  51443  39233  2  338  2321  35516  4491  291  0  716  0  2  2533  10955  0  3  1  0  0  0  0  1  21  7269  466  198599  159128  55  0  0  0  0  0  0  0  0  2  0  558  0  2  36  0  39483  0  2  9131  0  0  538  53  18059  4  1521  4  2  0  0  0  0  0  1  548  6678  177800  17854  63164  0  1297  0  81  0  0  0  0  0  1  0  1  6215  1  273  13626  957  
0  0  9  0  0  0  0  24  203  0  0  0  0  0  0  8  0  0  0  0  0  0  0  0  0  0  0  0  0  102  0  0  0  0  0  0  0  0  0  0  0  0  0  0  0  61  0  0  0  0  0  0  0  0  0  0  0  0  0  0  0  0  0  0  0  2  0  0  0  0  23  0  0  0  0  0  53370  1  0  40  286  28197  34142  600  0  0  0  0  74  4320  0  1  3  3  0  0  0  0  28  29  72472  9576  9335  77804  0  0  0  0  0  0  0  0  0  0  928  1  4  62  21940  0  0  4  61  0  0  14  1  2305  7  5934  9  4  0  0  4  0  0  0  285  2425  47894  187  3976  0  32932  1  162  0  0  0  0  0  0  0  3  330  3  0  557  21  
0  0  0  0  0  0  0  0  0  0  0  0  0  0  0  0  0  0  0  0  0  0  0  0  0  0  0  0  0  0  0  0  0  0  0  0  0  0  0  0  0  0  0  0  0  0  0  0  0  0  0  0  0  0  0  0  0  0  0  0  0  0  0  0  0  0  0  0  0  0  0  0  0  0  2612  0  0  0  136  165  1  0  0  0  0  519  18834  4683  163  6  7  20586  0  0  0  0  96  61502  0  0  0  0  0  0  131  11  0  0  1  0  0  0  15705  11  0  0  0  0  0  0  0  0  9585  0  0  5513  668  8  0  0  0  0  0  0  0  636  1868  16167  0  50  0  7  0  0  0  0  0  0  0  1  0  0  0  0  2  918  0  2  76599  2  
0  0  0  0  0  0  0  0  0  0  0  0  0  0  0  0  0  0  0  0  0  0  0  0  0  0  0  0  0  0  0  0  0  0  0  0  0  0  0  0  0  0  0  0  0  0  0  0  0  0  0  0  0  0  0  0  0  0  0  0  0  0  0  0  0  0  0  0  0  0  0  0  0  0  0  5  0  47  0  0  0  0  31  3  0  112  0  0  2  0  55942  645  27  1  10  0  839  0  58  34  2  0  1  0  0  0  27102  40764  75215  1206  0  3  0  0  29139  8  16538  8  49  0  0  0  47  511  13  0  0  21  0  86  23  124  28  12  1070  0  0  0  101  8  4  50  2  0  18  936  157438  13232  0  0  0  15  0  0  16302  2  1852  6651  8735  0  
0  0  0  0  0  2  0  0  0  0  0  0  0  0  0  0  0  0  0  0  0  0  0  0  0  0  0  0  0  0  0  0  0  0  0  0  0  0  0  0  0  0  0  0  0  0  0  0  0  0  0  0  0  0  0  0  0  0  0  0  0  0  0  0  0  0  0  0  0  0  0  0  0  0  908  0  0  24690  804  1432  1558  115  777  229  0  65744  2822  12353  14289  261  10019  61799  0  1  0  0  107  148  11  3115  68  469  961  10  0  0  22  4  9  0  0  0  19668  10309  19978  0  1  20  28769  83  9949  33  0  0  0  49492  24461  4927  1  405  2  3  0  0  1  226  27  550  160  747  2831  51812  1114  0  1247  0  73  0  0  0  0  2  1  0  67  8523  14  40  143556  310  
0  0  0  0  0  0  0  0  0  0  0  0  0  0  0  0  0  0  0  0  0  0  0  0  0  0  0  0  0  0  0  0  0  0  0  0  0  0  0  0  0  0  0  0  0  0  0  0  0  0  0  0  0  0  0  0  0  0  0  0  0  0  0  0  0  0  0  0  0  0  0  0  0  0  0  1594  0  0  0  0  0  0  0  2  0  0  0  0  0  0  0  0  37  0  66144  0  2130  0  9  0  0  0  0  0  0  0  0  56  88  0  55361  12564  0  0  9  0  20823  1  1  0  0  555  0  0  1  0  0  0  0  14  6  8  3022  49762  33662  0  0  0  1  0  0  0  0  0  0  16244  18894  0  0  0  0  0  0  0  27  0  1934  1  0  0  
0  10  0  0  0  0  0  0  0  0  0  0  0  0  0  0  0  0  0  0  1  12  0  0  0  0  0  0  0  0  0  0  0  0  0  0  0  0  0  0  0  0  0  0  0  0  0  0  0  0  10  0  0  0  0  0  0  0  0  0  15  0  0  0  0  0  0  0  0  0  0  0  0  0  0  29550  0  0  0  0  0  0  0  0  29  0  0  0  0  0  0  0  4189  95  35135  29024  3  0  16  12  1  0  0  0  1  0  0  0  0  0  2  0  0  0  20  90284  2  1864  0  0  0  2  2  0  0  0  0  1  0  8  5069  244  15468  3  70145  0  0  0  40  0  1  0  0  0  0  0  341  0  0  0  0  0  0  0  0  0  2  14  0  0  
0  0  0  0  0  1  0  0  0  0  0  0  0  0  0  0  0  0  0  0  0  0  0  0  0  0  0  0  0  0  0  0  0  0  0  0  0  0  0  0  0  0  0  0  0  0  0  0  0  0  0  1  0  1  0  0  0  0  0  0  0  0  0  0  0  0  0  0  0  0  0  0  0  0  872  0  0  0  1115  925  5057  108  8  0  0  56678  642  122498  191811  1238  0  45  0  0  0  0  0  276  0  0  0  2  307  0  0  0  0  0  0  1  0  0  6665  3320  57  0  0  0  530  1  937  0  23566  0  0  0  94824  41334  0  1  0  0  0  0  0  15192  1  4117  0  1021  5  63466  55  0  8  0  2  0  0  0  0  0  3  0  0  25321  0  0  23058  49  
2  0  0  0  0  19  0  0  0  0  0  0  0  0  7  0  0  0  0  0  0  0  0  0  0  0  0  0  0  0  0  0  0  0  0  0  0  0  0  0  0  0  0  0  0  0  0  0  0  0  0  2  2  1  0  0  0  0  0  0  0  0  0  0  0  35  0  0  0  0  0  0  0  0  29871  0  0  0  51609  6588  2231  12  13  0  0  2216  17  1089  302179  120  0  19  0  0  0  0  0  757  0  0  0  0  3  0  0  0  0  0  0  0  0  0  102  86  1  0  0  0  57  1  338  0  5597  0  0  114565  0  64646  0  0  0  0  0  0  0  3971  0  1672  0  3652  0  752  9  0  2  0  0  0  0  0  0  0  26  3  0  35600  0  0  17165  1  
0  0  0  0  0  3  0  0  0  0  0  0  0  1  0  0  0  0  0  0  0  0  0  0  0  0  0  0  0  0  0  0  0  0  0  0  0  0  0  1  0  0  0  0  0  0  0  0  0  0  0  2  0  1  0  0  0  0  0  0  0  0  0  0  0  11  0  0  0  0  0  0  0  0  465  0  0  2  5116  36878  72711  4840  219  24  0  1239  0  64  152890  240186  0  0  0  0  0  0  0  33  6  25  24  39  760  2  0  0  0  0  0  0  0  0  2  20  112  0  0  2  6829  4  2  0  1339  0  0  16223  64679  0  0  136  0  0  0  0  0  14  0  49  35  8584  343  20785  32235  0  253  0  12  0  0  1  0  1  7  2  0  19788  0  0  3044  12  
0  0  0  0  0  0  0  0  0  0  0  0  0  0  0  0  0  0  0  0  0  0  0  0  0  0  0  0  0  0  0  0  0  0  0  0  0  0  0  0  0  0  0  0  0  0  0  0  0  0  0  0  0  0  0  0  0  0  0  0  0  0  0  0  0  0  0  0  0  0  0  0  0  0  0  0  0  0  0  0  5  6  63  6  0  1  0  0  7  0  0  0  1  0  0  0  0  0  64052  21815  11  16  7  1  0  0  0  104  0  3835  0  0  0  0  2051  0  0  0  85  10  0  0  10  0  0  2  0  344  0  31795  0  3  0  0  0  0  0  0  13  27  38523  56  58  0  25  0  17571  0  0  0  0  0  0  0  1  17  0  0  356  3  
0  0  0  0  0  0  0  0  0  1  0  0  0  0  0  0  0  0  0  0  0  0  0  0  0  0  0  0  0  0  0  0  0  0  0  0  0  0  0  0  0  0  0  0  0  0  0  0  0  0  0  0  0  0  0  0  0  0  0  0  0  0  0  0  0  1  0  0  0  0  0  0  0  0  0  6  5  71  0  8  170  487  8464  1181  9  48  0  0  655  76  18  0  4178  38649  55  12  69  0  146557  3729  297209  1571  2321  6887  0  0  0  89  311  68  2  1  0  0  9091  133  3278  989  6441  1409  0  2780  1022  859  223  53  3  16185  22705  0  1352  29356  124  1  1809  0  0  0  58227  1269  100285  2746  3134  0  31803  481  56786  0  0  0  0  3  0  0  440  945  970  81  5640  129  
0  0  0  0  0  0  0  0  0  0  0  0  0  0  0  0  0  0  0  0  0  0  0  0  0  0  0  0  0  0  0  0  0  0  0  0  0  0  0  0  0  0  0  0  0  0  0  0  0  0  0  0  0  0  0  0  0  0  0  0  0  0  0  0  0  0  0  0  0  0  0  0  0  0  0  12657  0  1  0  0  0  0  7  2  434  0  0  0  0  0  2  0  141415  6778  1912  3440  4  0  3911  110  2  1  0  0  0  0  1  2  7  0  1  0  0  0  302  85940  76  13890  9  0  0  77  21  14  11921  1  0  10  0  262  0  20731  40275  0  12002  0  0  0  1051  1  6  44  3  0  7  9  33896  0  0  0  0  0  0  0  15  1  27  13  6  0  
0  0  0  0  0  0  0  0  0  0  0  0  0  0  0  0  0  0  0  0  0  0  0  0  0  0  0  0  0  0  0  0  0  0  0  0  0  0  0  0  0  0  0  0  0  0  0  0  0  0  0  0  0  0  0  0  0  0  0  0  0  0  0  0  0  0  0  0  0  0  0  0  0  0  0  18  0  5  0  0  0  3  43  3  5340  7  0  0  3  1  15  0  99969  107359  125  363  10  0  5440  625  60  2  3  66  0  0  0  5  18  0  0  0  0  0  1852  3065  229  36163  66  3  0  420  149  73  1267  2  0  97  0  30072  17377  0  545  0  1740  0  0  0  51370  10  31  181  12  0  117  34  5147  0  0  0  0  0  0  0  121  2  90  65  56  0  
0  0  0  0  0  0  0  0  0  0  0  0  0  0  0  0  0  0  0  0  0  0  0  0  0  0  0  0  0  0  0  0  0  0  0  0  0  0  0  0  0  0  0  0  0  0  0  0  0  0  0  0  0  0  0  0  0  0  0  0  0  0  0  0  0  0  0  0  0  0  0  0  0  0  0  61921  0  0  0  0  1  0  2  0  1  0  0  0  0  0  0  0  34692  1  33127  658  36  0  360  189  0  0  1  0  0  0  0  21  35  0  27030  19003  0  0  370  3866  317  686  3  1  0  180  36  342  8800  0  0  10  0  71  21181  947  0  16101  13646  0  0  0  42  0  4  18  0  0  4  27299  67486  0  0  0  0  0  0  0  8  0  860  14  5  0  
0  0  0  0  0  0  0  0  0  0  0  0  0  0  0  0  0  0  0  0  0  0  0  0  0  0  0  0  0  0  0  0  0  0  0  0  0  0  0  0  0  0  0  0  0  0  0  0  0  0  0  0  0  0  0  0  0  0  0  0  0  0  0  0  0  0  0  0  0  0  0  0  0  0  0  17562  0  0  0  0  0  0  0  0  0  0  0  0  0  0  1  0  46  0  57658  0  3  0  8  0  0  0  0  0  0  0  0  50  47  0  88577  19938  0  0  0  0  412  1  0  0  0  19  1  52693  2  0  0  1  0  1  4  2  10555  0  746  0  0  0  0  0  0  0  0  0  0  21642  15758  0  0  0  0  0  0  0  0  0  430  0  0  0  
0  6  0  0  0  0  0  0  0  0  0  0  0  0  0  0  0  0  0  0  1  9  0  0  0  0  0  0  0  0  0  0  0  0  0  0  0  0  0  0  0  1  0  0  0  0  0  0  0  0  7  0  0  0  0  0  0  0  0  0  6  0  0  0  0  0  0  0  0  0  0  0  0  0  0  7072  0  0  0  0  0  0  16  27  313  0  0  0  0  0  15  0  1205  1569  157318  102332  77733  0  201  29  1  0  1  1  1  0  0  10  1220  0  112  187  0  0  335  17652  15913  26777  5  0  0  582  8  30681  90165  0  0  11  0  86  13879  2918  32687  669  0  0  2  0  1219  1  6  6  1  0  15  690  10266  0  0  0  1  3  0  0  3383  2  37554  235  7  0  
0  0  0  0  0  0  0  0  0  0  0  0  0  0  0  0  0  0  0  0  0  0  0  0  0  0  0  0  0  0  0  0  0  0  0  0  0  0  0  0  0  0  0  0  0  0  0  0  0  0  0  0  0  0  0  0  0  0  0  0  0  0  0  0  0  1  0  0  0  0  0  0  0  0  12041  0  0  0  263  152  12  0  0  0  0  13  15152  13170  42714  2  0  4  0  0  0  0  0  42168  0  0  0  0  0  0  0  0  0  0  0  0  0  0  1240  2  0  0  0  0  0  0  478  0  233  0  0  28677  1432  35  0  0  0  0  0  0  0  0  0  19909  0  89  0  8  0  0  0  0  0  0  0  0  0  0  2  0  0  1121  0  0  1409  0  
0  0  0  0  0  0  0  0  0  0  0  0  0  0  0  0  0  0  0  0  0  0  0  0  0  0  0  0  0  0  6  142  0  0  0  0  0  0  0  0  0  0  0  0  0  0  0  0  0  0  0  0  0  0  0  0  0  0  0  0  2  0  0  0  0  0  0  0  0  6  0  0  0  0  189  0  0  0  3  12984  0  0  0  0  0  0  0  0  0  7089  1  4706  0  0  0  0  4642  137701  0  0  0  0  0  0  108401  12233  0  0  5  0  0  0  6  0  0  0  0  0  0  0  4527  0  3  0  0  1  0  0  0  0  0  0  0  0  2  0  0  40684  0  274  0  0  0  15059  0  0  0  0  0  24  2  87  8  3  335  10234  115  3222  46539  12178  
0  0  0  0  0  8  0  0  0  0  0  0  0  0  0  0  0  0  0  0  0  0  0  0  0  0  0  0  0  0  0  1  0  0  0  0  0  0  0  0  0  0  0  0  0  0  0  0  0  0  0  0  0  0  0  0  0  0  0  0  0  0  0  0  0  10  0  0  0  0  0  0  0  0  26670  0  0  0  192  19163  12  0  1  0  0  13  672  6598  780  178  0  4  0  0  0  0  4  164726  0  0  0  0  0  0  3263  777  0  0  0  0  0  0  13505  6  0  0  0  0  1  0  6904  0  141  0  0  8810  814  29  0  0  0  0  0  0  0  22658  42929  0  0  5600  0  9  0  143  0  0  0  0  0  0  0  0  4  0  9  35168  1  3  33634  74  
0  0  0  0  0  0  0  0  0  0  1  0  0  0  0  0  0  0  0  0  0  0  0  0  0  0  0  0  0  15  0  0  0  0  0  0  0  0  0  0  0  0  0  0  0  0  0  0  0  0  0  0  0  0  0  0  0  0  0  0  0  0  0  0  0  0  0  0  0  0  0  0  0  0  0  7  0  13  0  0  18  57  5522  8774  75358  19  0  0  144  11  23  0  3897  97488  171  1768  6  0  257  1528  27038  112  333  85161  0  0  0  1  9  0  0  0  0  0  18917  1024  99  78364  2170  35  1  189  228  23  824  11  0  1623  3  59095  6602  29022  160  0  4235  0  0  0  0  185  1283  2113  560  0  44760  27  1403  1  0  0  0  0  0  0  59  201  43  51  482  18  
126  0  0  0  175  4418  340  643  698  38455  1  2  0  7  630  61  0  0  0  0  0  0  0  5  0  0  5  3  0  47  2  2326  0  0  0  0  0  0  0  12  10  0  0  1  70  1  8  1  31  0  0  258  60  97  0  6  0  0  0  0  0  8  0  15  0  34614  44  12  4  38  7  0  0  0  1575  0  1  3  1008  73002  59389  31307  40502  37735  4  16  0  3  771  826  0  2  0  1  0  10  11  707  13  26  10  970  1080  47  144  12164  0  0  0  0  0  0  6  1  4009  0  0  593  1877  28  27  1  287  0  0  186  1496  3155  4  1082  0  0  0  0  0  70  194  3734  208  0  2354  845  263  4142  293  0  94  0  0  89  1  14791  813  354  3  57722  1068  10398  16460  55  
0  0  0  0  0  0  0  0  0  0  0  0  0  0  0  0  0  0  0  0  0  0  0  0  0  0  0  0  0  0  0  0  0  0  0  0  0  0  0  0  0  0  0  0  0  0  0  0  0  0  0  0  0  0  0  0  0  0  0  0  0  0  0  0  0  0  0  0  0  0  0  0  0  0  0  0  21948  4332  1  22  531  2062  7700  1159  0  25  0  2  1134  502  0  0  1  1  0  0  2  0  3740  110809  47701  138189  6369  1312  0  0  0  13  0  2134  0  0  0  0  43520  0  1  125  154124  46847  0  6  1638  0  1  183  7  23504  28480  94022  2  8  0  0  0  1  0  0  845  5279  0  3072  3631  0  3281  0  3324  0  0  0  0  1  1  0  0  1725  1  32  5798  246  
0  0  0  0  0  0  0  0  0  0  0  0  0  0  0  0  0  0  0  0  0  0  0  0  0  0  0  0  0  0  0  0  0  0  0  0  0  0  0  0  0  0  0  0  0  0  0  0  0  0  0  0  0  0  0  0  0  0  0  0  0  0  0  0  0  0  0  0  0  0  0  0  0  0  14  0  0  28204  7  117  2299  521  108  21  0  53197  16  842  49576  8178  0  2  5  1  0  0  0  2  10  1416  2  29  75743  0  0  0  0  4  1  1  0  0  144  2127  540  1  2  5  49337  4  7  2  46877  0  2  54948  578  23664  0  138  5  9  0  0  2  31  0  61  117  1965  850  0  3588  0  33  0  42  0  0  0  0  0  0  0  0  13411  0  1  13656  30  
0  0  0  0  0  1  0  0  0  0  0  0  0  0  0  0  0  0  0  0  0  0  0  0  0  0  0  0  0  0  0  0  0  0  0  0  0  0  0  0  0  0  0  0  0  0  0  0  0  0  0  0  0  0  0  0  0  0  0  0  0  0  0  0  0  0  0  0  0  0  0  0  0  0  0  0  445  30  5  682  3303  46443  621  190  0  12  0  0  28196  53674  0  0  0  1  0  0  0  0  18  142  45  1115  113699  9  0  0  0  0  0  0  0  0  0  0  241  0  0  12  111762  369  0  0  311  0  0  719  23  46656  5  612  0  0  0  0  0  0  0  3  236  3836  3755  12166  0  0  727  0  33  0  0  0  0  0  1  0  0  5165  0  71  3279  241  
0  0  0  0  0  42  0  0  0  0  0  0  0  0  0  3  0  0  0  0  0  0  0  0  0  0  0  0  0  0  450  238  0  0  0  0  0  0  0  0  0  0  0  0  0  0  0  0  0  0  0  0  0  0  0  0  0  0  0  0  0  0  0  0  0  103  0  0  0  1409  0  0  0  0  12728  0  0  0  2990  24321  0  0  0  0  0  0  0  0  0  27565  0  0  0  0  0  0  0  17828  0  0  0  0  0  0  43162  9313  0  0  0  0  0  0  0  0  0  0  0  0  0  0  0  0  0  0  0  0  0  0  0  0  0  0  0  0  0  0  24036  4591  0  7483  0  0  0  0  0  0  0  0  0  7  0  0  1  17  0  3778  0  1  335  4  
0  0  19  0  0  0  0  40  2392  6  0  0  0  0  0  0  0  0  0  0  0  0  0  0  0  0  0  0  0  665  0  0  0  0  0  0  0  0  0  0  0  0  0  0  0  90  0  0  0  0  0  0  0  0  0  0  0  0  0  0  0  0  0  0  0  230  0  0  0  0  60  0  0  0  0  0  4  3  0  2  48  205  31159  479  53  1  0  0  882  34  0  0  12  479  0  3  0  0  47  106  25504  284  646  97747  0  0  0  0  1  0  0  0  0  0  830  2  14  629  2383  25314  0  26  60  2  4  6  0  7637  4  23053  30  45  1  0  12  0  0  0  45573  567  4965  831  973  0  0  2  411  0  0  0  0  0  0  0  6  341  8  3  734  46  
0  0  0  0  0  0  0  0  0  0  0  0  0  0  0  0  0  0  0  0  0  0  0  0  0  0  0  0  0  0  0  0  0  0  0  0  0  0  0  0  0  0  0  0  0  0  0  0  0  0  0  0  0  0  0  0  0  0  0  0  0  0  0  0  0  0  0  0  0  0  0  0  0  0  0  3935  0  0  0  0  0  0  0  0  0  0  0  0  0  0  0  0  182  0  692  0  3  0  6  0  0  0  0  0  0  0  0  78  106  0  147049  208741  0  0  1  0  16295  0  0  0  0  136  0  26832  0  0  0  0  1  11  3  2  31180  28487  671  0  0  0  1  0  0  0  0  0  1  0  25479  0  0  0  0  0  0  0  26  0  1757  0  0  0  
0  0  0  0  0  0  0  0  0  0  0  0  0  0  0  0  0  0  0  0  0  0  0  0  0  0  0  0  0  0  0  0  0  0  0  0  0  0  0  0  0  0  0  0  0  0  0  0  0  0  0  0  0  0  0  0  0  0  0  0  0  0  0  0  0  0  0  0  0  0  0  0  0  0  0  4566  0  28  0  0  17  39  3987  245  8  17  0  0  77  5  464  3  71174  38  12488  155  503  0  259900  2186  354  120  112  4  0  0  5345  150944  15717  36436  1606  225963  0  0  71503  2507  31998  1750  1327  31  0  167657  387  19639  3632  7  1  1293  11376  36950  40502  18388  57355  16168  33730  0  0  0  4953  1399  3739  1093  291  0  2442  11485  0  3175  0  0  0  0  0  0  3502  132  14502  1253  2719  19  
0  0  0  0  0  0  0  0  0  0  0  0  0  0  0  0  0  0  0  0  0  0  0  0  0  0  0  0  0  0  0  0  0  0  0  0  0  0  0  0  0  0  0  0  0  0  0  0  0  0  0  0  0  0  0  0  0  0  0  0  0  0  0  0  0  0  0  0  0  0  0  0  0  0  0  0  0  4  0  0  0  0  2  0  0  0  0  0  0  0  5  0  0  0  0  0  1  0  0  54  0  0  0  0  0  0  42148  11651  83  16707  0  1  0  0  6802  0  5  0  0  0  0  21370  0  0  0  0  0  0  0  2  0  0  0  0  1  0  0  0  3  1  0  0  0  0  0  1  3111  0  0  0  0  0  0  0  7  0  7  17  7  0  
0  113  0  0  0  0  1  1  1  0  0  0  0  0  0  0  14437  38870  5  0  83  2  76093  1316  86  581  1  0  1  0  10  0  4  447  25425  469  22  48  0  0  2304  0  23033  2  8  0  1  24383  3  1225  0  0  0  0  482  63  2  2  121  68  88  0  384  1  4  0  7  0  3  0  3  231  15540  127  0  0  0  0  0  0  0  0  0  0  0  0  0  0  0  0  0  0  0  0  0  0  1  0  0  0  0  0  0  0  0  0  0  0  0  0  0  0  0  0  0  0  0  0  0  0  0  0  0  0  0  0  0  0  0  0  0  0  0  0  0  0  0  0  0  0  0  0  0  0  0  0  0  0  0  22089  290324  3400  52966  219  0  0  0  0  0  0  
7  7  0  0  5  79  147  6  6  264  0  1  0  10  62  35  113  2725  0  0  26  8  355  631  0  1  103  17  28  0  111  5996  0  0  110  0  0  0  0  3  140  0  23  1  169  6  3  183  17  0  0  564  71  207  0  99  0  0  0  0  39  1  1163  5  3  819  262  95  41  917  2  0  2  0  0  0  0  0  0  3  1  0  0  0  0  0  0  0  1  0  0  35  0  0  0  0  12  2  0  0  0  0  0  0  41  60  0  0  0  0  0  0  0  0  0  0  0  0  0  0  1  0  0  0  0  0  0  0  0  0  0  0  0  0  0  0  5  0  0  120  0  0  0  2  0  0  0  0  5757  0  5252  257082  71616  111627  37  30  7  35  2  16  
1  249  0  1  0  4  2  1  44  12649  0  1  0  1  0  1  12  30  76  0  228  1575  78406  3  986  2878  37  2  11  14  0  0  47  1420  954  5415  5  142  0  4  16206  2  2017  4710  96  1  0  8653  56  11110  13  10  4  2  2191  620  35  41  1464  257  31167  0  2  0  167  13  115  18  75  0  108  503  22797  117  0  0  0  0  0  0  0  0  0  2  0  0  0  0  0  0  0  0  0  0  0  1  3  0  0  0  0  0  0  0  0  0  0  0  0  0  0  0  0  0  0  0  0  2  0  0  0  0  0  0  0  0  0  0  0  0  0  0  0  0  0  0  0  0  0  0  0  0  0  0  0  0  0  0  173857  5986  0  7756  11420  373  0  0  4  26  0  0  
0  20  0  3  0  12  20  15  37  9305  0  0  0  0  2  2  8  92  39  0  65  13  600  0  39  74  477  151  112  3  5  2157  128  12  1  147  0  0  0  0  6540  0  1  46  1598  28  0  6010  78  0  2  20  1  8  4  1072  18  13  9  1  72  0  0  0  45  7146  1270  15  92  952  28  1  307  2  0  0  0  0  0  1  0  1  3  30  0  0  0  0  0  0  0  43  0  0  0  4  137  1  0  0  0  0  1  0  9  180  0  0  0  0  0  0  0  0  206  0  0  28  0  0  1  0  4  0  0  1  0  4  0  27  0  0  0  0  0  0  2  0  0  5654  7  4  1  1  1  0  1  0  3581  282877  9484  0  39981  26978  78  157  1626  12310  948  12  
8984  2  0  36  2539  8647  907  217  123  246  1  136  0  272  2468  1217  54727  78363  32  0  1  0  1427  7769  9  146  1982  318  940  3  953  4216  1559  9  566  53  0  0  71  776  4941  0  33  18  6768  86  21127  64575  57761  1  1  8806  2157  1253  0  1842  13  28  5  0  1  233  5649  21100  113  3628  4921  6891  3308  5018  92  0  259  4  4  0  0  0  1  13  7  0  0  0  0  0  0  0  0  0  0  0  0  0  0  0  0  2  0  0  0  0  0  0  69  60  0  0  0  0  0  0  0  0  0  0  0  0  0  0  0  0  0  0  0  0  0  1  0  0  0  0  0  0  0  0  0  2  0  91  0  0  0  0  0  0  0  0  28313  42403  1028  7734  0  179971  0  38  0  1  0  0  
12  0  0  0  9  1091  55  15  13  58  0  0  0  4  39  20  1  9  2  0  0  0  1  10  0  10  353  111  69  0  22  10566  0  0  0  2  0  0  0  7  147  0  0  3  420  16  0  628  36  0  0  243  77  67  0  544  0  1  0  0  1  2  214  17  7  2997  440  47  76  5446  8  0  1  0  2  0  0  0  2  10  1  0  0  0  0  0  0  0  1  0  0  0  0  0  0  0  0  0  0  0  0  0  0  0  0  1  0  0  0  0  0  0  0  0  0  0  0  0  0  0  0  0  0  0  0  0  0  1  0  0  0  0  0  0  0  0  0  1  0  257  0  0  0  1  0  0  0  0  1463  298159  61  33977  434396  0  1  45  0  0  2  0  
0  0  0  0  0  0  0  0  0  1  0  0  0  0  0  0  0  0  0  0  0  0  0  0  0  0  0  0  0  0  0  117  0  0  0  0  0  0  0  0  0  0  0  0  0  0  0  0  0  0  0  0  0  0  0  0  0  0  0  0  1  0  0  0  0  1  0  0  0  0  0  0  0  0  0  1  0  0  0  0  0  0  47  4  0  4  0  0  0  0  22873  36314  40  0  12  0  74019  106  57  14  1  0  1  0  71  249  0  1  8661  0  1  2  0  0  349  9  22157  6  8  1  15  13550  2  194  12  0  0  8  0  67  17  230  11  0  8716  0  203  8  34  14  1  6  0  1  11  1175  2899  0  0  6  1  8  0  0  0  11629  226691  14572  51306  244  
0  0  0  0  0  12  6  0  0  443  0  0  0  0  2  0  0  0  0  0  0  0  0  0  0  0  1  0  0  0  0  74  0  0  0  0  0  0  0  0  0  0  0  0  1  0  0  0  0  0  0  39  3  4  0  0  0  0  0  0  0  0  0  0  0  886  0  0  0  1  0  0  0  0  4496  0  1  3  2066  10407  5723  127  274  54  0  337  51  297  5844  1057  0  3288  0  0  0  0  49  3516  21  136  19  1298  2257  3  639  8859  0  1  0  1  0  0  302  7  699  0  0  5  6846  14  499  3  857  0  0  5402  11834  5866  4  1054  0  0  0  0  0  254  2551  13735  62  21195  3633  5450  361  357  198  0  74  0  0  10  0  181  94  16  3068  0  481  11201  133209  54705  
0  0  0  0  0  0  0  0  0  177  0  0  0  0  0  0  0  0  0  0  0  0  0  0  0  0  0  0  0  0  0  20  0  0  0  0  0  0  0  0  0  0  0  0  0  0  0  0  0  0  0  0  0  0  0  1  0  0  0  0  0  0  0  0  0  139  1  0  0  0  0  0  0  0  0  1338  0  1  0  0  0  2  501  7253  0  5  0  1  39  1  213  6  435  1  2053  709  70423  14  765  197  29  4  9  2  95  39  0  162  533  0  81  228  0  0  9891  63  6189  3152  138  1  0  3749  52  2774  135  6  0  395  0  774  213  2065  9696  305  25617  0  19  1  529  432  54  100  30  0  180  2282  18468  0  0  0  1  2900  1  12  126180  2714  0  23286  7270  56  
0  7  0  0  0  0  0  0  0  4404  0  0  0  0  0  0  0  0  0  0  2  2  1  0  0  0  0  0  0  0  0  516  0  0  0  0  0  0  0  0  0  0  0  0  0  0  0  1  0  0  1  0  0  0  0  0  0  0  0  0  5  0  0  0  0  6692  0  0  0  3  0  0  0  0  0  1  0  0  0  14  0  8  37  234  0  7  0  0  31  1  1006  500  10  0  5  98  1568  96  25  32  6  70  50  0  554  1503  0  3  126  1  0  0  0  0  5368  2  276  83  221  0  6  4501  69  8  10  10  0  316  2  295  7  62  2  0  45  0  234  7  28  10667  235  82  30  2  38  24  1121  1  0  28  5  24403  3  1  8807  56963  23157  0  58423  19248  
0  1  0  0  0  0  0  0  0  37  0  0  0  0  0  0  0  0  0  0  0  0  0  0  0  0  0  0  0  0  0  22  0  0  0  0  0  0  0  0  0  0  0  0  1  0  0  0  0  0  0  0  0  0  0  0  0  0  0  0  0  0  0  0  0  32  0  0  0  0  0  0  0  0  3300  0  0  6  972  871  568  128  742  202  0  430  16  2452  3462  681  21298  52599  0  1  0  0  1520  20209  54  117  66  681  750  4  5129  1209  0  1  138  4  0  0  239  6  16769  0  273  28  7961  74  35436  9284  49546  11  1  15144  7091  4250  15  1398  1  11  1  0  50  199  31623  14936  154  1065  3603  10189  866  2  1163  13  405  0  0  4  2  279  0  1  26067  96933  498  19722  0  226132  
0  0  0  0  0  1  0  0  0  0  0  0  0  0  0  0  0  0  0  0  1  0  0  0  0  0  0  0  0  0  0  320  0  0  0  0  0  0  0  0  0  0  0  0  0  0  0  0  0  0  0  0  0  0  0  0  0  0  0  0  0  0  0  0  0  2  0  0  0  0  0  0  0  0  1  1  0  1  0  45  6  3  29  8  0  5  0  3  14  10  0  15208  0  0  0  0  542  1532  0  7  8  62  37  0  3878  2825  0  0  0  0  0  0  0  0  21  0  0  0  392  6  174  0  58  0  0  116  32  40  0  26  0  0  0  0  0  0  9636  128  7  46  188  104  17  4  42  0  1  0  0  7  1  7  0  0  1621  196626  106  36380  489178  0  
