0  0  0  0  48801  13377  0  0  0  0  0  11  413  472  13372  6442  0  14  0  0  0  0  0  63737  0  0  0  0  0  0  17235  243  0  0  0  0  0  0  566  112  0  0  0  0  0  0  232  0  995  0  0  16879  12466  88  0  0  0  0  0  0  0  26814  495  14438  0  538  0  4  0  30900  0  0  0  0  0  0  0  0  0  22  0  0  0  0  0  0  0  0  0  0  0  0  0  0  0  0  0  0  0  0  0  0  0  0  0  0  0  0  0  0  0  0  0  0  0  0  0  0  0  0  0  0  0  0  0  1  1  0  0  0  0  0  0  0  0  0  0  0  0  110  0  0  0  0  0  0  0  0  0  0  0  54  9273  4332  0  2  0  0  1  0  
0  0  0  0  0  0  0  0  0  0  1  0  0  0  0  0  2  1  66169  73  60728  14413  4  0  0  0  0  0  0  0  0  0  0  0  0  0  1907  2  0  0  2  52312  5  627  14  0  0  30  5  35  31043  0  0  0  0  2  15750  724  44872  19175  13417  0  0  0  9  0  0  0  0  0  0  8440  332  0  0  3  0  0  0  0  0  0  0  0  0  0  0  0  0  0  0  0  0  0  1  0  0  0  0  0  0  0  0  0  0  0  0  0  0  0  0  0  0  0  0  5  0  0  0  0  0  0  0  0  4  0  0  0  0  0  0  0  0  0  0  0  0  0  0  0  0  0  0  0  0  0  0  0  9  0  28  4  1  0  0  0  0  0  0  0  
0  0  0  0  0  0  0  807  2229  0  0  0  0  0  0  78460  0  0  0  0  0  0  0  0  0  0  10077  19566  18646  7030  0  0  0  0  0  0  0  0  0  0  0  0  0  0  25455  39287  0  0  0  0  0  1  0  0  0  56  0  0  0  0  0  0  0  0  0  1  9362  0  212  0  69  0  0  0  0  0  174  0  0  0  0  4  13  0  0  0  0  0  0  33  0  0  0  0  0  0  0  0  0  0  0  0  0  3  0  0  0  0  0  0  0  0  0  0  0  0  0  0  0  56  0  0  0  0  0  0  0  0  0  0  0  0  0  0  0  0  0  0  0  0  0  0  0  0  4  0  0  0  0  2976  0  0  2  0  0  0  0  0  0  0  
8  3  0  0  2  4  0  0  4  4  0  38746  0  16  0  0  11  12  0  0  0  1  0  0  9  57238  1  34615  15258  15  0  0  1278  2725  17  3  0  0  1  116  10320  0  0  57  37280  4  0  1376  65241  0  0  42  2  1  16  56  0  8  3  0  5  1  1  4  133  3  3837  20050  0  0  1  0  33  267  0  0  0  0  0  0  0  0  0  0  0  0  0  0  0  0  0  0  0  0  0  0  0  0  0  0  0  0  0  0  0  0  0  0  0  0  0  0  0  0  0  0  0  0  0  0  0  0  0  0  0  0  0  0  0  0  0  0  0  0  0  0  0  0  0  0  0  0  0  0  0  0  0  0  0  1  3  10  461  2  0  0  0  0  0  0  
44844  0  0  0  0  6101  0  0  0  0  0  0  0  4  18370  47997  0  0  0  0  0  0  0  635  0  0  0  0  0  0  9797  5  0  0  0  0  0  0  0  1  0  0  0  0  0  0  0  0  2  0  0  21  16029  38  0  0  0  0  0  0  0  2  9  153  0  228  0  0  0  8441  0  0  0  0  0  0  0  0  1  7  0  0  0  0  0  0  0  0  0  1  0  0  0  0  0  0  0  0  0  0  0  0  0  0  0  0  0  0  0  0  0  0  0  0  0  0  0  0  0  0  0  0  0  0  0  0  2  0  0  0  0  0  0  0  0  0  0  0  0  26  0  0  0  1  0  0  0  0  0  0  0  4  747  202  0  0  0  0  0  0  
31420  0  0  0  16670  0  29648  2  2  1  0  156  22  288  41206  108118  0  21  0  0  0  0  0  453  0  0  0  0  2  0  2520  19328  0  0  0  0  0  0  22  32  0  0  0  0  109  0  40  0  279  0  0  5696  41481  64912  0  1  0  0  0  0  0  192  4944  4951  0  67829  10  450  30  46418  0  0  1  0  5  0  0  0  12  1931  110  7  2  1  0  0  0  0  0  6  0  1  0  0  0  0  0  0  0  0  0  0  0  0  152  173  0  0  0  0  0  0  0  0  0  0  0  0  0  0  0  0  0  0  0  10  334  0  0  0  0  0  0  0  0  6  1  0  0  5823  0  0  0  57  0  0  0  0  0  240  0  1725  17548  5834  0  598  0  4  28  0  
0  0  0  0  0  34517  0  32092  1  0  0  0  0  0  1  82475  0  0  0  0  0  0  0  0  0  0  0  0  0  0  0  0  0  0  0  0  0  0  0  0  0  0  0  0  17  0  0  0  0  0  0  177  12  12139  0  0  0  0  0  0  0  0  0  0  0  35629  1  42  41  0  0  0  0  0  0  0  0  0  0  28  412  82  0  0  0  0  0  0  0  1  0  0  0  0  0  0  0  0  0  0  0  0  0  0  0  0  0  0  0  0  0  0  0  0  0  0  0  0  0  0  0  0  0  0  0  0  0  0  0  0  0  0  0  0  0  0  0  0  0  594  0  0  1  0  0  0  0  0  0  54412  0  12  152  0  0  14  0  2  0  0  
0  0  210  0  0  55  31762  0  27561  0  0  0  0  0  4  38404  0  0  0  0  0  0  0  0  0  0  15  1  36  12  0  0  0  0  0  0  0  0  0  0  3  0  0  1  7246  40093  0  0  13  0  0  904  31  1421  0  19  0  1  0  0  0  0  0  0  20  19509  288  406  9464  0  31  0  3  0  0  0  1  0  0  0  51  1279  43  0  0  0  0  0  0  11  0  0  0  0  0  0  0  0  0  0  0  0  0  0  0  0  0  0  0  0  0  0  0  0  0  0  0  0  0  9  0  0  0  0  0  0  0  0  0  0  0  0  0  0  0  0  0  0  0  3167  0  0  0  0  3  0  0  0  0  232108  0  94  477  19  0  32  0  0  0  0  
0  0  13  0  0  10  1  14202  0  3647  0  2  0  0  0  12  0  0  0  0  0  3  0  0  11  13  110  4  12  4276  0  0  0  0  0  5  0  0  0  5  178  0  0  35  236  18393  0  20  102  0  1  4  1  4  15  1842  0  8  0  0  4  0  0  0  821  32253  2279  9  22  0  36947  0  43  0  0  0  0  0  0  0  0  4  351  1  0  0  0  0  0  0  0  0  0  0  0  1  0  0  0  0  0  0  0  9  0  0  0  0  0  0  0  0  0  0  0  0  0  0  0  17  0  0  0  0  0  0  0  0  0  0  0  0  0  0  0  0  0  0  0  160  0  0  0  0  290  0  0  0  2  5531  6  252  161  2  0  0  0  0  0  0  
0  1  1  0  0  1  0  0  5990  0  3  0  0  0  0  0  1  0  0  0  1  4463  8200  0  2  3  23  23  3  15396  0  0  0  0  0  0  0  0  0  0  71  0  0  30791  289  198  0  41  27  0  0  1  0  1  3  335  0  0  0  0  0  0  0  0  5458  85766  1633  3  3  0  8  0  7  0  0  0  0  0  0  0  0  0  4  7  0  0  0  0  0  0  0  0  0  0  0  8  0  0  0  0  0  0  0  2  0  0  0  0  0  0  0  0  0  0  0  0  0  1  0  0  0  0  0  0  0  0  0  0  0  0  0  0  0  0  0  0  0  0  0  33360  0  0  0  0  1  0  0  0  0  17  7218  36491  4403  3  0  11  11  7266  2  1  
0  0  0  0  0  0  0  0  0  3  0  0  0  0  0  0  0  0  0  100682  0  20004  0  0  0  0  53  0  0  3972  0  0  0  0  0  0  0  0  0  0  0  10542  0  88267  0  0  0  0  0  0  0  0  0  0  0  1  21  440  0  0  119  0  0  0  64203  0  0  1  0  0  0  0  2  0  0  0  0  0  0  0  0  0  0  0  26345  0  0  0  0  0  0  0  0  2  0  2440  0  0  0  0  0  0  0  418  0  0  0  0  0  0  0  0  0  0  0  156  0  514  0  0  0  0  0  0  0  0  0  0  0  0  0  0  0  0  0  0  0  0  278  0  0  0  0  0  0  0  0  0  0  0  0  0  0  0  0  0  0  0  0  0  
64  0  0  52291  0  19  0  0  0  0  0  0  43  34812  39  0  115  2673  0  0  0  0  1  21  0  18  0  0  186  0  0  0  249  116  28  0  0  0  32  52733  9  0  0  1  11046  0  158  416  53037  0  0  61776  100  7  0  0  0  2  0  0  0  20  1  12  3  18  9  41855  1  0  0  0  2  2  0  0  0  0  0  1  0  0  0  0  0  0  0  0  0  0  0  0  0  0  0  0  0  0  0  0  0  0  0  0  0  0  0  0  0  0  0  0  0  0  0  0  0  0  0  0  0  0  0  0  0  0  0  0  0  0  0  0  0  0  0  0  0  0  0  1  0  0  0  0  0  0  0  0  0  0  0  12  3416  4  0  0  0  0  0  0  
191  0  0  0  4  24  0  0  0  0  0  172  0  8602  4  0  0  49  0  0  0  0  0  58379  0  0  0  0  0  0  0  3  0  8  4  0  0  0  26814  72  0  0  0  0  0  0  10197  1  2094  0  0  145  31  0  0  0  0  0  0  0  0  5229  45  2513  0  1  0  0  0  2  0  0  0  0  0  0  0  0  0  0  0  0  0  0  0  0  0  0  0  0  0  0  0  0  0  0  0  0  0  0  0  0  0  0  0  0  0  0  0  0  0  0  0  0  0  0  0  0  0  0  0  0  0  0  0  0  0  0  0  0  0  0  0  0  0  0  0  0  0  0  0  0  0  0  0  0  0  0  0  0  0  2  685  44  0  0  0  0  0  0  
183  0  0  0  5  37  0  0  0  0  0  30673  9356  0  1399  0  0  6  0  0  0  0  0  1355  0  0  0  0  0  0  0  0  0  14  4  0  0  0  22547  37072  0  0  0  0  3  0  29  0  8965  0  0  96110  67  2  0  0  0  0  0  0  0  27787  7  1494  0  23  0  42  0  0  0  0  0  0  0  0  0  0  0  0  0  0  0  0  0  0  0  0  0  0  0  0  0  0  0  0  0  0  0  0  0  0  0  0  0  0  0  0  0  0  0  0  0  0  0  0  0  0  0  0  0  0  0  0  0  0  0  0  0  0  0  0  0  0  0  0  0  0  0  0  0  0  0  0  0  0  0  0  0  0  0  16  1609  15  0  0  0  0  0  0  
16015  0  0  2  17880  10772  4  0  1  0  0  172  20  1302  0  33802  0  1  0  0  0  0  0  16102  0  0  0  1  27452  1  0  1  0  0  0  0  0  0  3  4  5  0  0  0  234  3  0  0  21  0  2  250591  220508  108922  1  4  0  1  0  0  0  34440  0  146  6  301  242  28204  31359  0  0  0  4  0  0  0  0  0  0  13  0  0  0  0  0  0  0  0  0  0  0  0  0  0  0  0  0  0  0  0  0  0  0  0  0  0  0  0  0  0  0  0  0  0  0  0  0  0  0  0  0  0  0  0  0  0  3  0  0  0  0  0  0  0  0  0  0  0  0  65  0  0  0  0  0  0  0  0  0  12  0  461  3226  47  0  4  0  0  0  0  
15401  0  50566  0  56516  108804  60414  48685  2190  0  0  1  0  1  43333  0  0  0  0  0  0  0  0  238  0  0  0  4  2914  1  3908  347  0  0  0  0  0  0  0  0  0  0  0  0  1115  6823  0  0  1  0  0  59  5888  146629  0  2  0  0  0  0  0  1  2  19  2  4670  24  32  36549  14896  0  0  0  0  0  0  72  0  2  119  38  70  2  0  0  0  0  0  0  108  0  0  0  0  0  0  0  0  0  0  0  0  0  0  0  88  0  0  0  0  0  0  0  0  0  0  0  0  0  26  0  0  0  0  0  0  0  0  0  0  0  0  0  0  0  0  0  0  0  345  0  0  0  3  1  0  0  0  0  10262  0  34  95  15  0  18  0  0  0  0  
0  0  0  162  0  0  0  0  5  7  0  792  1  0  0  0  0  38627  1  0  1  0  11152  54  2  54  0  0  0  20  0  1  491  0  16350  2  0  0  0  2  5742  1  1519  20  4  0  5  54575  27649  0  2  1  0  2  7  202  2  52  5  0  4  0  1803  2  677  4  233  2  0  0  7  0  292  6  0  0  0  0  0  0  0  0  0  0  0  0  0  0  0  0  0  0  0  0  0  0  0  0  0  0  0  0  0  0  0  0  0  0  0  0  0  0  0  0  0  0  0  0  0  0  0  0  0  0  0  0  0  0  0  0  0  0  0  0  0  0  0  0  0  0  0  0  0  0  0  0  0  0  5192  0  1796  186  71217  6  0  0  1  0  0  0  
74  0  0  61  0  6  0  0  1  0  0  4099  54  74  1  0  36272  0  0  0  1  0  9536  9016  0  0  1  0  0  2  0  6  2  8  415  3  0  0  486  66  298  1  27  6  108  9  22968  2047  55645  0  0  78  45  6  5  39  0  3  1  0  1  0  13636  0  77  11  1126  10  2  0  1  0  24  0  0  0  0  0  0  0  0  0  0  0  0  0  0  0  0  0  0  0  0  0  0  0  0  0  0  0  0  0  0  0  0  0  0  0  0  0  0  0  0  0  0  0  0  0  0  0  0  0  0  0  0  0  0  0  0  0  0  0  0  0  0  0  0  0  0  0  0  0  0  0  0  0  0  0  9315  2  343  304  108157  45  0  0  3  0  0  0  
0  48443  0  0  0  0  0  0  0  0  0  0  0  0  0  0  0  0  0  92  72  89  0  0  20671  0  0  0  0  0  0  0  0  0  0  0  237  11  0  0  0  34664  0  319  1  0  0  10  0  0  156  0  0  0  0  11  107155  48062  28654  17  585  0  0  0  3  0  0  0  0  0  1  574  35219  0  0  0  0  0  0  0  0  0  0  0  0  0  0  0  0  0  0  0  0  0  0  0  0  0  0  0  0  0  0  0  0  0  0  0  0  0  0  0  0  0  0  0  0  0  0  0  0  0  0  0  0  0  0  0  0  0  0  0  0  0  0  0  0  0  0  0  0  0  0  0  0  0  0  0  7  0  10  1  1  0  0  0  0  0  0  0  
0  4  0  0  0  0  0  0  0  0  103071  0  0  0  0  0  0  0  57  0  0  1644  0  0  2564  0  13660  0  0  1  0  0  0  0  0  0  0  0  0  0  0  24869  0  28812  1  0  0  0  0  0  15  0  0  0  0  9636  2645  72326  1  0  1904  0  0  0  33522  0  0  0  0  0  1  0  0  0  0  0  0  0  0  0  0  0  0  0  2422  0  0  0  0  0  0  0  0  7  0  1  0  0  0  0  0  0  0  0  0  0  0  0  0  0  0  0  0  0  0  21  0  0  0  0  0  0  0  0  0  0  0  0  0  0  0  0  0  0  0  0  0  0  0  0  0  0  0  0  0  0  0  0  0  0  0  0  0  0  0  0  0  0  0  0  
0  71362  0  0  0  0  0  0  0  2  0  0  0  0  0  0  3  6  146  5  0  1172  1206  0  0  0  0  0  0  0  0  5  0  0  0  0  5162  163  0  0  0  23  27  14  4  0  0  16  0  34668  12342  0  0  0  0  1  179  59  6908  64082  82134  0  22  0  4  0  0  0  0  0  0  709  293  0  0  5  0  0  0  0  0  0  0  0  0  0  0  0  0  0  0  0  0  0  3  0  6  0  0  0  0  0  0  0  0  0  0  0  0  0  0  0  0  0  0  3  0  0  0  0  0  0  0  0  2  0  0  0  0  0  0  0  0  1  2  0  0  0  0  0  0  0  0  0  0  0  0  0  14  0  73  214  18  0  0  0  6  2  0  0  
0  10160  0  0  0  0  0  1  8  6318  18548  1  0  0  1  0  3  2  50  1188  632  0  5978  0  0  0  0  0  0  911  1  2  0  0  0  1  0  0  0  0  60  67470  0  153682  20  0  0  27  5  0  37249  0  0  0  0  2  1705  2796  551  0  107800  0  3  0  1514  17  10  3  0  0  0  0  70  0  0  1  0  0  0  0  0  0  1  3  408  0  0  0  0  0  0  0  0  0  22  18816  0  0  0  0  0  0  0  24  0  0  0  0  0  0  0  0  0  0  0  280  0  112  0  0  0  0  0  0  56  0  0  0  0  0  0  0  0  2  11  0  0  0  2  3  0  0  0  0  0  0  0  0  3  0  2243  111  78  0  0  0  1  0  0  0  
0  9  0  0  0  0  0  0  9  10818  0  1  1  0  0  0  13977  14441  0  0  938  8159  0  14  0  0  0  0  0  10  0  12  0  2  20418  0  573  2  0  2  338  0  57037  16195  70  2  0  11607  65  17756  8  0  0  0  0  12  1  6  16  2  46636  0  31  1  67  13  16  11  0  0  0  2  130  12  0  0  0  0  0  0  0  0  0  0  0  0  0  0  0  0  0  0  0  0  3  0  69  0  0  0  0  0  0  0  0  0  0  0  0  0  0  0  0  0  0  0  0  0  0  0  0  0  0  0  0  0  0  0  0  0  0  0  0  0  2  0  0  0  0  0  0  0  0  0  0  0  0  0  20402  0  120638  1047  2399  1  0  0  50  19  2  0  
70137  0  0  0  591  308  0  0  0  0  0  29  61068  2627  14491  113  43  8756  0  0  0  0  19  0  0  0  0  0  0  0  22949  500  0  29  414  0  0  0  22158  278  0  0  662  0  0  0  56179  286  1222  0  0  446  17  1  0  0  0  0  0  0  0  64496  77141  157046  0  2  0  0  0  18284  0  0  0  0  0  0  0  0  0  0  0  0  0  0  0  0  0  0  0  0  0  0  0  0  0  0  0  6  0  0  0  0  0  0  23  1  0  0  0  0  0  0  0  0  0  0  0  0  0  0  0  0  0  0  0  0  0  0  0  0  0  0  0  0  0  0  1  0  0  0  0  0  0  0  0  0  0  0  15  0  18  108  28305  1504  0  0  0  0  0  0  
0  0  0  0  0  0  0  0  13  4  0  0  0  0  0  0  0  0  19959  2530  0  0  0  0  0  33540  129  0  0  24  0  0  0  12695  0  144  0  366  0  1  251  0  1  1  15  0  0  25  23  0  2  0  0  0  37415  72629  0  17487  0  1  23  0  0  0  73  4  158  0  0  0  6  0  171177  0  0  0  0  0  0  0  0  0  0  0  0  0  0  0  0  0  0  0  0  0  0  0  0  0  0  0  0  0  0  0  0  0  0  0  0  0  0  0  0  0  0  0  0  0  0  0  0  0  0  0  0  0  0  0  0  0  0  0  0  0  0  0  0  0  0  0  0  0  0  0  0  0  0  0  4  1  13  1  10  0  0  0  0  0  0  0  
10  6  0  48144  0  2  0  0  7  9  0  69  0  7  1  0  10  0  1  0  0  0  0  1  29530  0  200  17425  0  27  0  0  1088  7823  0  69206  0  1  3  139  66654  0  0  190  2003  2  1  245  10186  0  12  39  2  4  32718  7598  3  29  4  0  32  0  0  4  500  3  68995  116  1  0  10  0  1395  1122  0  0  0  0  0  0  0  0  0  0  0  0  0  0  0  0  0  0  0  0  0  0  0  0  0  0  0  0  0  0  0  0  0  0  0  0  0  0  0  0  0  0  0  0  0  0  0  0  0  0  0  0  0  0  0  0  0  0  0  0  0  0  0  0  0  0  0  0  0  0  0  0  0  0  2  2  30  29  621  0  0  0  0  0  0  0  
0  0  11466  0  0  0  0  0  314  10  152  1  0  0  0  0  0  0  0  13405  0  0  0  0  179  1811  0  20  0  130162  0  0  0  0  0  0  0  0  0  1  7  0  0  2  92  17177  0  8  4  0  0  1  0  0  0  147542  0  0  0  0  1  0  0  0  21248  502  41821  0  2  0  7673  0  6  0  0  0  0  0  0  0  0  0  0  0  39  0  0  0  0  0  0  0  0  0  0  0  0  0  0  0  1  0  0  8  0  0  0  0  0  0  0  0  0  0  0  0  0  0  0  0  0  0  0  0  0  0  0  0  0  0  0  0  0  0  0  0  0  0  1  0  0  0  0  0  21  0  0  0  0  12  1  196  79  0  0  0  0  0  0  0  
0  0  16237  38812  0  0  0  0  0  1  0  0  0  0  0  0  0  0  0  0  0  0  0  0  4  19209  10  0  3059  0  0  0  0  0  0  0  0  0  0  0  6  0  0  0  154762  944  0  17  18  0  0  1  0  0  0  7  0  0  0  0  0  0  0  0  5  42  90656  1  1  0  1  0  0  0  0  0  0  0  0  0  0  0  0  0  0  0  0  0  0  0  0  0  0  0  0  0  0  0  0  0  0  0  0  0  0  0  0  0  0  0  0  0  0  0  0  0  0  0  0  0  0  0  0  0  0  0  0  0  0  0  0  0  0  0  0  0  0  0  0  0  0  0  0  0  0  0  0  0  0  9  1  71  50  0  0  0  0  0  0  0  
0  0  17995  14253  0  0  0  29  0  0  0  229  0  0  15102  3847  0  0  0  0  0  0  0  0  0  0  1  10678  0  0  0  0  0  1  0  0  0  0  0  0  2  0  0  0  171149  23  0  2  2826  0  0  650  0  147  0  6  0  0  0  0  0  0  0  0  1  11  314  79045  105852  0  0  0  0  0  0  0  0  0  0  0  0  0  0  0  0  0  0  0  0  0  0  0  0  0  0  0  0  0  0  0  0  0  0  0  0  0  0  0  0  0  0  0  0  0  0  0  0  0  0  0  0  0  0  0  0  0  0  0  0  0  0  0  0  0  0  0  0  0  0  0  0  0  0  0  0  0  0  0  0  91  1  48  20  0  0  0  0  0  0  0  
0  0  7947  0  0  0  0  4  5024  13783  2472  1  0  1  0  1  2  0  0  3  0  1932  0  0  4  6  138400  1  0  0  0  0  0  0  0  3  0  0  0  0  167  0  0  4414  53  24821  0  8  116  0  0  7  0  2  7  16427  0  8  1  0  2  0  0  0  77624  459  582  3  1  0  74498  0  46  0  0  0  6  0  0  0  0  0  39  7  2035  0  0  0  0  0  0  0  0  0  0  39  0  0  0  0  66  0  0  5163  0  0  0  0  0  0  0  0  0  0  0  0  0  6  0  23  0  0  0  0  0  0  0  0  0  0  0  0  0  0  0  0  0  0  303  6  0  0  0  0  492  0  0  0  1  39  4  84  69  0  0  0  0  0  0  0  
21801  0  0  0  12390  1640  0  0  0  0  0  0  2  0  1  4253  0  0  0  0  0  0  0  29030  0  0  0  0  0  0  0  16107  0  0  0  0  0  0  2  2  0  0  1  0  0  0  1  0  0  0  0  1  0  0  0  0  0  0  0  0  0  6  54622  443  0  1  0  0  0  48166  0  0  0  0  11  0  0  0  0  144  0  0  0  0  0  0  0  0  0  0  0  0  0  0  0  0  0  74  0  0  0  0  0  0  3206  22  0  0  0  0  0  0  0  0  0  0  0  0  0  0  0  0  0  0  0  0  0  0  0  0  0  0  0  0  0  0  79  0  0  0  0  0  0  77  0  0  0  0  0  0  1  265  4288  576  0  0  0  0  0  0  
210  0  0  0  10  20438  0  0  0  2  0  0  0  1  4  187  2  148  0  0  1  0  4  83  0  0  0  0  0  0  13337  0  0  0  0  0  0  0  1  0  0  0  0  0  0  0  3  0  1  0  0  16  32  6  0  0  0  0  0  0  0  2  11714  301  0  23856  0  1  0  18864  0  0  0  0  0  0  0  0  0  187  0  0  0  0  0  0  0  0  0  0  0  0  0  0  0  0  3  1  0  0  0  0  0  0  144  2163  0  0  0  0  0  0  0  0  0  0  0  0  0  0  0  0  0  0  0  0  1  0  0  0  0  0  0  0  0  0  42  0  0  98  0  0  0  42  0  0  0  0  200  1  732  12398  16996  14168  15  140  3  330  77  387  
0  0  0  2085  0  0  0  0  0  0  0  186  0  0  0  0  94  4  0  0  0  0  1  0  0  5754  0  0  1  0  0  0  0  27884  48  84  0  0  0  0  12915  0  0  5  0  0  0  74913  276  0  0  0  0  0  0  1  0  0  0  0  0  0  0  0  5  0  0  0  0  0  0  0  2232  55522  0  0  0  0  0  0  0  0  0  0  0  0  0  0  0  0  0  0  0  0  0  0  0  0  0  0  0  0  0  0  0  0  0  0  0  0  0  0  0  0  0  0  0  0  0  0  0  0  0  0  0  0  0  0  0  0  0  0  0  0  0  0  0  0  0  0  0  0  0  0  0  0  0  0  4  0  25  32  176  0  0  0  0  0  0  0  
0  1  0  1319  0  0  0  0  0  0  0  149  4  46  0  0  15  15  1  0  0  0  1  24  9078  7185  0  0  1  0  0  0  20419  0  55740  68026  9  17580  4  0  114  0  23485  2  2  0  0  38171  6  334  3  0  0  0  130  7  0  4  5  9  29  0  0  0  35  0  0  0  0  0  0  9824  95574  17676  0  0  0  0  0  0  0  0  0  0  0  0  0  0  0  0  0  0  0  0  0  0  0  0  0  0  0  0  0  0  0  0  0  0  0  0  0  0  0  0  0  0  0  0  0  0  0  0  0  0  0  0  0  0  0  0  0  0  0  0  0  0  0  0  0  0  0  0  0  0  0  0  0  0  67  0  98  48  23  0  0  0  0  0  0  0  
0  0  0  145  0  0  0  0  0  0  0  58  8  23  0  0  16020  1007  0  0  2  0  23928  218  0  0  0  0  1  0  0  0  24  61174  0  6  0  561  2  0  2  0  59688  0  0  0  0  81830  3  529  0  0  0  0  0  0  0  1  11  9  94  0  0  16  1  0  0  0  0  0  0  9325  15049  37  0  0  0  0  0  0  0  0  0  0  0  0  0  0  0  0  0  0  0  0  0  0  0  0  0  0  0  0  0  0  0  0  0  0  0  0  0  0  0  0  0  0  0  0  0  0  0  0  0  0  0  0  0  0  0  0  0  0  0  0  0  0  0  0  0  0  0  0  0  0  0  0  0  0  17523  0  120  1  77  0  0  0  0  0  0  0  
0  7  0  1  0  0  0  0  2  2  0  1  0  1  1  0  7  2  0  0  0  2  1  0  370  65113  1  0  0  9  0  0  75  60018  0  0  0  0  0  2  34121  2  5  10  48  0  0  368  38  0  10  1  0  1  2406  195  1  18  9  0  57  0  0  0  275  0  970  14  0  0  1  0  3898  19604  0  0  0  0  0  0  0  0  0  0  0  0  0  0  0  0  0  0  0  0  0  0  0  0  0  0  0  0  0  0  0  0  0  0  0  0  0  0  0  0  0  0  0  0  0  0  0  0  0  0  0  0  0  0  0  0  0  0  0  0  0  0  0  0  0  0  0  0  0  0  0  0  0  0  23  0  66  30  56  0  0  0  0  0  0  0  
0  878  0  0  0  0  0  0  0  0  0  0  0  0  0  0  0  0  921  0  8188  0  320  0  0  0  0  0  0  0  0  0  0  3  4  0  0  30308  0  0  0  0  28510  0  0  0  0  11  0  65994  0  0  0  0  0  0  0  0  12227  54773  275  0  0  0  0  0  0  0  0  0  0  201819  1221  0  0  0  0  0  0  0  0  0  0  0  0  0  0  0  0  0  0  0  0  0  0  0  0  0  0  0  0  0  0  0  0  0  0  0  0  0  0  0  0  0  0  0  0  0  0  0  0  0  0  0  0  0  0  0  0  0  0  0  0  0  0  0  0  0  0  0  0  0  0  0  0  0  0  0  2  0  0  0  0  0  0  0  0  0  0  0  
0  44  0  0  0  0  0  0  0  0  0  0  0  0  0  0  0  0  26  0  191  0  0  0  1326  0  0  0  0  0  0  0  0  17103  237  0  27049  0  0  0  0  0  1486  1  5  0  0  10308  0  4938  1  0  0  0  1  11  0  7  7023  3756  2532  0  0  0  17  0  0  1  0  0  0  151835  145326  0  0  0  0  0  0  0  0  0  0  0  0  0  0  0  0  0  0  0  0  0  0  0  0  0  0  0  0  0  0  0  0  0  0  0  0  0  0  0  0  0  0  0  0  0  0  0  0  0  0  0  0  0  0  0  0  0  0  0  0  0  0  0  0  0  0  0  0  0  0  0  0  0  0  0  138  0  18  1  1  0  0  0  0  0  0  0  
398  0  0  0  16  71  0  0  0  0  0  243  29248  29352  9  2  0  321  0  0  0  0  0  15530  0  0  0  0  0  0  7  9  0  0  0  0  0  0  0  2602  0  0  0  0  0  0  5605  0  22520  0  1  1089  57  1  0  0  0  0  0  0  0  1133  333  11084  0  3  1  1  0  5  0  0  0  0  0  0  0  0  0  0  0  0  0  0  0  0  0  0  0  0  0  0  0  0  0  0  0  0  0  0  0  0  0  0  0  0  0  0  0  0  0  0  0  0  0  0  0  0  0  0  0  0  0  0  0  0  0  0  0  0  0  0  0  0  0  0  0  0  0  0  0  0  0  0  0  0  0  0  0  0  0  6  5043  77  0  1  0  0  0  0  
52  0  0  3  0  11  0  0  0  0  0  43505  95  45076  1  0  0  12  0  0  0  0  0  53  0  0  0  0  0  0  0  0  0  0  0  0  0  0  5150  0  3  0  0  1  26  0  15  6  37347  0  0  3231  23  1  0  0  0  0  0  0  1  48  4  216  2  5  6  114  0  1  0  0  2  0  0  0  0  0  0  0  0  0  0  0  0  0  0  0  0  0  0  0  0  0  0  0  0  0  0  0  0  0  0  0  0  0  0  0  0  0  0  0  0  0  0  0  0  0  0  0  0  0  0  0  0  0  0  0  0  0  0  0  0  0  0  0  0  0  0  0  0  0  0  0  0  0  0  0  0  0  0  2  1505  5  0  0  0  0  0  0  
7  110  0  10769  0  5  0  1  110  85  0  188  0  25  13  0  5534  20  3  2  5  37  40  0  264  60016  6  3  5  318  0  0  9483  160  0  33622  0  0  7  347  0  26  41  1478  1351  20  2  33969  27486  0  194  96  1  34  849  2179  59  626  156  0  456  0  0  14  7353  54  4068  419  4  0  95  0  6770  17178  0  0  0  0  0  0  0  0  0  0  0  0  0  0  0  0  0  0  0  0  0  0  0  0  0  0  0  0  0  0  0  0  0  0  0  0  0  0  0  0  0  0  0  0  0  0  0  0  0  0  0  0  0  0  0  0  0  0  0  0  0  0  0  0  0  1  0  0  0  0  0  0  0  0  225  10  1651  3039  25827  20  0  0  0  0  0  0  
0  47018  0  0  0  0  0  0  0  0  11573  0  0  0  0  0  0  0  36138  23375  2  74004  0  0  0  0  0  0  0  0  0  0  0  0  0  0  0  0  0  0  1  0  0  32731  0  0  0  10  0  0  4166  0  0  0  1  2  35583  1858  617  0  2818  0  0  0  11  0  0  0  0  0  0  0  37  0  0  0  0  0  0  0  0  0  0  0  0  0  0  0  0  0  0  0  0  0  0  5  0  0  0  0  0  0  0  0  0  0  0  0  0  0  0  0  0  0  0  23  0  0  0  0  0  0  0  0  1  0  0  0  0  0  0  0  0  0  0  0  0  0  0  0  0  0  0  0  0  0  0  0  7  0  12  2  2  0  0  0  0  0  0  0  
0  14  0  0  0  0  0  0  0  1  0  0  0  0  0  0  224  2  0  0  26  0  40824  209  1  0  0  0  0  1  0  0  0  23455  47148  0  33634  245  0  0  2  0  0  0  1  0  1  10340  0  14371  0  0  0  0  0  4  0  4  95  61  3015  0  1  14  10  0  0  0  0  0  0  29907  4374  0  0  0  0  0  0  0  0  0  0  0  0  0  0  0  0  0  0  0  0  0  0  0  0  0  0  0  0  0  0  0  0  0  0  0  0  0  0  0  0  0  0  0  0  0  0  0  0  0  0  0  0  0  0  0  0  0  0  0  0  0  0  0  0  0  0  0  0  0  0  0  0  0  0  0  22779  0  4482  0  1  0  0  0  0  0  0  0  
0  2594  0  46  0  0  0  0  323  27474  78521  5  0  2  4  0  0  0  1650  25530  61  156724  9898  0  2  2  5  7  0  7675  0  0  0  0  0  5  0  0  0  8  1436  34385  1  0  2100  30  0  696  465  0  2221  12  0  7  1  219  2709  21645  832  0  33046  0  0  0  81477  490  314  112  1  0  5  0  1798  12  0  0  0  0  0  0  0  0  0  0  266  0  0  0  0  0  0  0  0  0  0  1578  0  0  0  0  0  0  0  11  0  0  0  0  0  0  0  0  0  0  0  47  0  201  0  0  0  0  0  0  0  0  0  0  0  0  0  0  0  0  0  0  0  0  1  0  0  0  0  0  0  0  0  0  4  3  2271  214  1381  1  0  0  0  4  0  0  
16  13  25261  31596  0  38  2  4569  124  19  0  2590  0  43  98  2240  83  1  0  0  1  1  1  0  9  1769  178  212875  163458  109  0  0  0  0  0  4  0  0  1  201  283  3  0  86  0  27676  6  245  24340  0  46  541  26  2044  11  1267  10  156  27  0  24  1  3  5  863  2198  85272  11708  50289  0  134  0  385  1  0  0  0  0  0  0  0  0  2  0  0  0  0  0  0  0  0  0  0  0  0  0  0  0  0  0  0  0  0  0  0  0  0  0  0  0  0  0  0  0  0  0  0  0  0  1  0  0  0  0  0  0  0  0  0  0  0  0  0  0  0  0  0  0  0  48  0  0  0  0  0  0  0  0  0  9873  18  3811  6061  65  0  19  0  0  0  0  
0  0  30136  0  0  0  1  27181  29994  11  0  0  0  0  0  4898  2  1  0  0  0  0  0  0  13  14  23452  1479  32  22953  0  0  0  0  0  2  0  0  0  0  38  0  0  1  19798  0  0  14  22  0  0  10  0  88  3  1668  0  5  0  0  4  0  0  0  185  590  15216  9  1050  0  28173  0  41  0  0  0  5  0  0  0  0  4  23  0  0  0  0  0  0  0  0  0  0  0  0  0  0  0  0  0  0  0  0  2  0  0  0  0  0  0  0  0  0  0  0  0  0  0  0  23  0  0  0  0  0  0  0  0  0  0  0  0  0  0  0  0  0  0  0  3  0  0  0  0  37  0  0  0  1  52943  5  308  159  2  0  2  0  0  0  0  
851  0  0  0  42  136  0  0  0  0  0  398  9953  72  31  5  25  24007  0  0  0  0  2  50552  0  0  0  0  0  0  8  12  0  0  0  0  0  0  7316  27  0  0  0  0  0  0  0  239  13345  0  0  292  316  3  0  0  0  0  0  0  0  227  2735  19981  0  8  0  3  0  4  0  0  0  0  0  0  0  0  0  0  0  0  0  0  0  0  0  0  0  0  0  0  0  0  0  0  0  0  0  0  0  0  0  0  0  0  0  0  0  0  0  0  0  0  0  0  0  0  0  0  0  0  0  0  0  0  0  0  0  0  0  0  0  0  0  0  0  0  0  1  0  0  0  0  0  0  0  0  2  0  11  41  58849  177  0  0  0  0  0  0  
0  35  0  1542  0  0  0  1  6  16  0  228  0  4  0  1  55913  5651  14  1  65  4  5891  991  11  107  1  1  3  18  0  0  37736  33570  81238  201  4  8232  1  8  21103  2  27178  523  214  12  340  0  1176  2028  9  10  1  5  2  337  2  181  366  109  540  0  22  1  891  59  462  21  8  0  16  15239  117223  19122  0  0  0  0  0  0  0  0  0  0  0  0  0  0  0  0  0  0  0  0  0  0  0  0  0  0  0  0  0  0  0  0  0  0  0  0  0  0  0  0  0  0  0  0  0  0  0  0  0  0  0  0  0  0  0  0  0  0  0  0  0  0  0  0  0  2  0  0  0  0  0  0  0  0  13445  23  11959  7526  115542  7  0  0  1  0  0  0  
4193  14  0  42067  79  364  0  1  48  60  0  41780  518  18030  120  3  23821  51297  0  0  0  8  25  403  37  5299  5  10  332  113  0  4  47  3  1  17  0  0  19245  39724  31735  1  3  542  41151  51  11700  4019  0  0  18  6745  1556  144  95  882  6  105  21  0  192  482  67  991  2715  127  8058  7660  10  8  30  0  461  56  0  0  0  0  0  3  0  0  0  0  0  0  0  0  0  0  0  0  0  0  0  0  0  0  0  0  0  0  0  0  0  0  0  0  0  0  0  0  0  0  0  0  0  0  0  0  0  0  0  0  0  0  0  0  0  0  0  0  0  0  0  0  0  0  0  12  0  0  0  0  0  0  0  0  6  20  109  612  126621  257  0  1  0  0  0  0  
0  155  0  0  0  0  0  0  0  0  0  0  0  0  0  0  0  0  4  0  24741  1  19909  0  1  1  0  0  0  0  0  0  0  117  1024  0  72668  6387  0  0  12  0  38249  0  1  0  0  2943  0  0  0  0  0  0  0  13  0  2  675  16583  53154  0  0  0  19  0  0  0  0  0  0  53597  5390  0  0  0  0  0  0  0  0  0  0  0  0  0  0  0  0  0  0  0  0  0  0  0  0  0  0  0  0  0  0  0  0  0  0  0  0  0  0  0  0  0  0  0  0  0  0  0  0  0  0  0  0  0  0  0  0  0  0  0  0  0  0  0  0  0  0  0  0  0  0  0  0  0  0  0  15  0  2126  0  0  0  0  0  0  0  0  0  
0  24915  0  0  0  0  0  0  0  0  4  0  0  0  0  0  3  0  154  174  10929  49638  1  0  0  0  0  0  0  0  0  0  0  0  0  0  0  0  0  0  10  5666  1  637  52  0  0  50  7  0  0  0  0  0  0  1  6436  1115  1336  0  24263  0  0  0  32  0  0  12  0  0  0  0  732  0  0  0  0  0  0  0  0  0  0  0  0  0  0  0  0  0  0  0  0  0  1  0  0  0  0  0  0  0  0  0  0  0  0  0  0  0  0  0  0  0  0  3  0  0  0  0  0  0  0  0  3  0  0  0  0  0  0  0  0  0  0  0  0  0  0  0  0  0  0  0  0  0  0  0  12  0  34  2  10  0  0  0  0  0  0  0  
14285  0  0  17  67  1471  15  2  0  1  0  55173  130  60368  205839  28  0  93  0  0  0  0  0  1033  0  0  0  0  3000  0  3  5  0  0  0  0  0  0  446  3770  2  1  0  1  259  3  428  0  9016  0  1  0  87009  10445  1  6  0  2  0  0  0  29019  28  2802  8  1060  143  74967  74  10  1  0  1  0  0  0  0  0  1  6  0  1  0  0  0  0  0  0  0  0  0  0  0  0  0  0  0  0  0  0  0  0  0  0  0  0  0  0  0  0  0  0  0  0  0  0  0  0  0  0  0  0  0  0  0  0  0  0  0  0  0  0  0  0  0  0  0  0  0  34  0  0  0  0  0  0  0  0  0  172  0  1554  42247  774  0  37  0  0  0  0  
14311  0  0  0  17465  23136  2  0  1  0  0  44  2  38  222080  7861  0  5  0  0  0  0  0  2  0  0  0  0  2  0  0  3  0  0  0  0  0  0  5  8  0  0  0  0  48  0  15  0  105  0  0  99216  0  72207  0  0  0  0  0  0  0  12  0  60  0  2632  4  221  3  0  0  0  0  0  0  0  0  0  0  94  0  0  0  0  0  0  0  0  0  0  0  0  0  0  0  0  0  0  0  0  0  0  0  0  0  0  0  0  0  0  0  0  0  0  0  0  0  0  0  0  0  0  0  0  0  2  5  0  0  0  0  0  0  0  0  0  0  0  0  450  0  0  0  0  0  0  0  0  0  17  0  1055  7909  178  0  18  0  0  1  0  
80  1  0  1  30  57670  6651  192  5  2  0  3  0  9  129550  157309  1  0  0  0  0  0  0  0  0  0  2  2  741  3  0  3  0  0  0  1  0  0  0  1  6  0  0  1  3065  16  0  1  51  0  1  32132  88774  0  2  16  0  5  2  0  1  0  0  32  37  3101  513  13321  48066  0  8  0  20  0  0  0  0  0  0  0  4  0  1  0  0  0  0  0  0  0  0  0  0  0  0  0  0  0  0  0  0  0  0  0  0  0  0  0  0  0  0  0  0  0  0  0  0  0  0  0  0  0  0  0  0  0  0  0  0  0  0  0  0  0  0  0  0  0  0  48  0  0  1  0  0  0  0  0  0  3734  0  1186  4558  115  0  217  0  1  0  0  
0  2  0  7  0  2  0  0  57  28  0  1  0  3  1  0  2  0  0  0  0  0  0  0  39839  41021  2  0  0  86  0  0  0  441  0  10568  0  0  0  6  1840  0  1  2  173  1  0  14  256  0  2  3  0  3  0  5622  0  18  7  0  14  0  0  0  204  6  1704  20  0  0  13  0  8845  0  0  0  0  0  0  0  0  0  0  0  0  0  0  0  0  0  0  0  0  0  0  0  0  0  0  0  0  0  0  0  0  0  0  0  0  0  0  0  0  0  0  0  0  0  0  0  0  0  0  0  0  0  0  0  0  0  0  0  0  0  0  0  0  0  0  0  0  0  0  0  0  0  0  0  7  1  11  7  68  1  0  0  0  0  0  0  
7  75  81  5  0  8  0  20  8059  492  0  23  0  7  0  4  13  11  4  10487  4  1  0  0  70313  10348  173617  10  30  18747  0  0  0  15  0  197  0  2  0  38  1346  3  31  121  1931  1355  0  391  1568  0  45  45  4  26  3604  0  11  31037  57  0  777  0  0  0  26519  2362  61724  237  68  0  28942  0  30526  0  0  0  0  0  0  0  0  0  0  0  0  0  0  0  0  0  0  0  0  0  0  0  0  0  0  0  0  0  0  0  0  0  0  0  0  0  0  0  0  0  0  0  0  0  0  0  0  0  0  0  0  0  0  0  0  0  0  0  0  0  0  0  0  0  0  2  0  0  0  0  0  0  0  0  70  311  224  2080  2006  10  0  0  0  0  0  0  
0  12286  0  0  0  0  0  0  0  0  38  0  0  0  0  0  1  0  102351  2791  82  2872  0  0  0  0  0  0  0  0  0  0  0  0  0  0  0  1  0  0  2  31021  0  1346  4  0  0  6  1  0  3223  0  0  0  0  0  0  36506  18065  1  2500  0  0  0  13  0  0  0  0  0  0  0  9416  0  0  0  0  0  0  0  0  0  0  0  0  0  0  0  0  0  0  0  0  0  0  0  0  0  0  0  0  0  0  0  0  0  0  0  0  0  0  0  0  0  0  0  0  0  0  0  0  0  0  0  0  0  0  0  0  0  0  0  0  0  0  0  0  0  0  0  0  0  0  0  0  0  0  0  2  0  5  3  2  0  0  0  0  0  0  0  
1  1311  0  6  0  1  0  0  2  1  437  4  0  0  0  0  22  7  44963  77626  27  13132  0  0  18426  2  5  0  0  1  0  0  0  0  0  5  0  6  0  6  126  8130  14  12580  1146  10  0  442  227  0  1020  21  0  8  2  28920  33198  0  15755  3  12388  0  0  0  49637  8  21  207  2  0  19  0  55824  1  0  0  0  0  0  0  0  0  0  0  0  0  0  0  0  0  0  0  0  0  0  0  0  0  0  0  0  0  0  0  0  0  0  0  0  0  0  0  0  0  0  0  0  0  0  0  0  0  0  0  0  0  0  0  0  0  0  0  0  0  0  0  0  0  0  0  0  0  0  0  0  0  0  0  88  3  290  72  148  0  0  0  0  0  0  0  
0  47285  0  1  0  0  0  0  1  1  0  0  0  1  1  0  25  3  54006  44  15278  4187  6  0  0  0  0  0  0  0  0  0  0  1  5  1  10130  4422  0  0  18  1858  669  372  280  0  0  969  27  100  10073  1  0  3  0  34  9427  12635  0  5646  21905  0  0  0  234  0  0  34  0  0  0  21126  38965  1  0  0  0  0  0  0  0  0  0  0  0  0  0  0  0  0  0  0  0  0  0  0  0  0  0  0  0  0  0  0  0  0  0  0  0  0  0  0  0  0  0  0  0  0  0  0  0  0  0  0  0  0  0  0  0  0  0  0  0  0  0  0  0  0  0  0  0  0  0  0  0  0  0  0  358  1  435  39  42  0  0  0  0  0  0  0  
0  18431  0  0  0  0  0  0  0  0  0  0  0  0  0  0  0  0  38  0  61400  7  2  0  0  0  0  0  0  0  0  0  0  0  8  0  46830  8604  0  0  0  0  497  0  0  0  0  271  0  12203  4  0  0  0  0  0  8  45  9037  0  32109  0  0  0  2  0  0  0  0  0  0  52719  2292  0  0  0  0  0  0  0  0  0  0  0  0  0  0  0  0  0  0  0  0  0  0  0  0  0  0  0  0  0  0  0  0  0  0  0  0  0  0  0  0  0  0  0  0  0  0  0  0  0  0  0  0  0  0  0  0  0  0  0  0  0  0  0  0  0  0  0  0  0  0  0  0  0  0  0  142  0  52  1  0  0  0  0  0  0  0  0  
1  49161  0  3  0  0  0  0  2  1  198  4  0  0  1  0  6  2  970  778  84233  102556  54770  0  38  22  0  0  0  13  0  0  0  3  43  10  153  1907  0  5  1787  1714  4996  24339  527  2  0  512  443  40142  28500  4  0  6  8  974  6792  5716  26154  21153  0  0  2  1  2466  2  8  61  0  0  11  2769  15589  7  0  2  0  0  0  0  0  0  0  0  0  0  0  0  0  0  0  0  0  0  1  0  1  0  0  0  0  0  0  0  0  0  0  0  0  0  0  0  0  0  0  0  0  0  0  0  0  0  0  0  2  0  0  0  0  0  0  0  0  1  0  0  0  0  0  0  0  0  0  0  0  0  0  0  140  0  45401  63  70  1  0  0  0  1  0  0  
18111  0  0  0  14  201  0  0  0  0  0  32  9994  21497  14715  1  0  2  0  0  0  0  0  49839  0  0  0  0  0  0  0  1  0  0  0  0  0  0  1598  401  0  0  0  0  1  0  104  0  1431  0  0  31956  26  5  0  0  0  0  0  0  0  0  13  5227  0  14  0  2  0  6  0  0  0  0  0  0  0  0  0  0  0  0  0  0  0  0  0  0  0  0  0  0  0  0  0  0  0  0  0  0  0  0  0  0  0  0  0  0  0  0  0  0  0  0  0  0  0  0  0  0  0  0  0  0  0  0  0  0  0  0  0  0  0  0  0  0  0  0  0  0  0  0  0  0  0  0  0  0  0  0  0  1  1068  203  0  0  0  0  0  0  
1578  0  0  1  2  1810  0  0  0  0  0  2  15  10  2  0  3484  14931  0  0  1  0  16  81775  0  0  0  0  0  0  50272  12331  0  0  1  0  0  0  107  1  0  0  1  0  0  0  1979  46  50  0  0  94  0  0  0  0  0  0  0  0  0  161  0  29509  0  2  0  0  0  13651  0  0  0  0  0  0  0  0  0  0  0  0  0  0  0  0  0  0  0  0  0  0  0  0  0  0  3  0  0  0  0  0  0  0  6  2  0  0  0  0  0  0  0  0  0  0  0  0  0  0  0  0  0  0  0  0  0  0  0  0  0  0  0  0  0  0  1  0  0  0  0  0  0  0  0  0  0  0  1117  0  910  3348  85326  7563  0  0  1  7  1  0  
29960  0  0  0  297  3184  0  0  0  0  0  45  2700  9766  449  46  0  4  0  0  0  0  0  167393  0  0  0  0  0  0  1159  1568  0  0  1  0  0  0  14097  3870  0  0  25  0  1  0  15233  0  6425  0  0  3911  92  52  0  0  0  0  0  0  0  7807  37399  0  0  14  0  3  0  2761  0  0  0  0  0  0  0  0  0  0  0  0  0  0  0  0  0  0  0  0  0  0  0  0  0  0  0  0  0  0  0  0  0  0  1  0  0  0  0  0  0  0  0  0  0  0  0  0  0  0  0  0  0  0  0  0  0  0  0  0  0  0  0  0  0  0  0  0  0  0  0  0  0  0  0  0  0  0  0  0  0  4  27386  5637  0  0  0  0  0  0  
8  307  0  17  0  2  0  0  828  2261  72036  46  0  10  4  0  10  6  9  43544  12  678  3  0  70  61  21621  9  3  81297  0  0  1  7  0  64  0  0  3  66  705  85  12  68020  4397  115  0  282  2157  0  451  60  3  39  31  27581  146  41208  659  0  681  0  0  4  0  345  886  667  0  0  12430  0  7494  0  0  0  0  0  0  0  0  0  0  0  235  0  0  0  0  0  0  0  0  0  0  0  0  0  0  0  0  0  0  106  0  0  0  0  0  0  0  0  0  0  0  0  0  0  0  0  0  0  0  0  0  0  0  0  0  0  0  0  0  0  0  0  0  0  19  0  0  0  0  0  0  0  0  0  29  9  105  524  763  5  0  0  0  0  0  0  
276  0  0  0  219  60328  32855  20158  41330  72050  2  13  0  20  726  2754  0  7  0  0  0  32  1  1  0  0  61  51  101  308  1  27241  0  0  0  1  0  0  2  4  144  0  0  183  4327  629  9  305  155  0  0  1598  3955  2559  1  855  0  3  0  0  0  16  0  15  270  0  4568  311  380  6  503  0  3  0  2  0  0  0  8  1181  310  491  144  5  0  0  0  1  0  3  0  0  0  0  0  8  0  0  0  0  0  0  0  3  6  342  0  0  0  0  0  0  0  0  0  0  0  0  0  3  0  0  0  0  0  5  210  4  0  0  0  0  0  0  0  8  2  0  0  20662  2  1  18  1  42  0  0  0  0  54519  82  19439  4797  298  0  949  10  94  14  1  
2  6  9244  2875  0  5  0  14  3968  891  0  18  0  5  28  8  14  2  1  0  0  3  1  0  187  69339  45515  87201  208  1292  0  0  0  0  0  1622  0  0  2  32  3908  4  1  140  51610  14865  2  385  1355  0  17  89  1  83  587  66856  4  102  12  0  23  0  0  3  1765  3217  0  229  93  0  433  0  601  1  0  0  0  0  0  0  0  0  0  0  0  0  0  0  0  0  0  0  0  0  0  0  0  0  0  0  0  0  0  0  0  0  0  0  0  0  0  0  0  0  0  0  0  0  0  0  0  0  0  0  0  0  0  0  0  0  0  0  0  0  0  0  0  0  0  3  0  0  0  0  0  0  0  0  2  283  39  6274  5212  54  0  3  0  0  0  0  
21  0  0  18016  1  173  21  2  3  0  0  29391  0  61  21511  11  1  1  0  0  0  0  0  1  1  1  1  0  78440  2  0  0  0  0  0  0  0  0  1  91  19  0  0  5  19928  2  2  5  3890  0  4  69284  94  7756  4  22  0  7  1  0  1  2  1  5  59  407  213  0  7827  0  3  0  21  0  0  0  0  0  0  0  0  0  0  0  0  0  0  0  0  0  0  0  0  0  0  0  0  0  0  0  0  0  0  0  0  0  0  0  0  0  0  0  0  0  0  0  0  0  0  0  0  0  0  0  0  0  0  0  0  0  0  0  0  0  0  0  0  0  0  12  0  0  0  0  0  0  0  0  0  158  0  419  13453  297  0  74  0  2  0  0  
0  1  179  0  0  53  11  2892  15  1  0  1  0  0  36552  36156  1  0  0  0  0  0  0  0  3  5  9  4  116490  6  0  0  0  0  0  1  0  0  0  2  12  0  0  1  54035  1784  0  2  22  0  2  660  7  55992  1  68  0  13  0  0  1  0  0  0  57  601  920  15217  0  0  17  0  27  0  0  0  0  0  0  0  0  0  0  0  0  0  0  0  0  0  0  0  0  0  0  0  0  0  0  0  0  0  0  0  0  0  0  0  0  0  0  0  0  0  0  0  0  0  0  0  0  0  0  0  0  0  0  0  0  0  0  0  0  0  0  0  0  0  0  8  0  0  0  0  0  0  0  0  0  12234  1  171  237  14  0  47  0  0  0  0  
28416  0  0  0  11519  58847  0  0  0  0  0  0  1  0  1  11346  0  0  0  0  0  0  0  29038  0  0  0  0  0  0  52342  22343  0  0  0  0  0  0  2  1  0  0  0  0  0  0  0  0  1  0  0  2  1  1  0  0  0  0  0  0  0  3  18716  6462  0  2  0  0  0  0  0  0  0  0  0  0  0  0  0  195  0  0  0  0  0  0  0  0  0  0  0  0  0  0  0  0  1  0  0  0  0  0  0  0  2411  19  0  0  0  0  0  0  0  0  0  0  0  0  0  0  0  0  0  0  0  0  0  0  0  0  0  0  0  0  0  0  0  0  0  11  0  0  0  76  0  0  0  0  0  0  0  1733  4201  8686  0  1  0  1  0  0  
0  0  33  2  0  1  0  5  34049  26  0  2  0  1  1  3  1  1  0  0  0  0  0  1  4  8  19899  52  4  71830  0  0  0  0  0  3  0  0  0  4  114  0  0  6  626  26420  0  43  112  0  0  2  0  5  5  40575  0  8  0  0  6  0  0  0  18921  2071  3256  9  33  0  0  0  71  0  0  0  1  0  0  0  0  0  194  0  0  0  0  0  0  0  0  0  0  0  0  0  0  0  0  0  0  0  0  1157  0  0  0  0  0  0  0  0  0  0  0  0  0  0  0  25  0  0  0  0  0  0  0  0  0  0  0  0  0  0  0  0  0  0  0  18  0  0  0  0  1093  0  0  0  2  59  10  1050  371  4  0  1  0  0  0  0  
0  7340  0  0  0  0  0  0  1  0  0  0  0  0  0  0  5  0  2451  0  2401  0  2  0  0  0  0  0  0  0  0  0  0  6119  7529  1  218127  168233  0  0  2  0  25083  0  1  0  0  13429  0  35266  1  0  0  0  0  2  2  1  29567  52394  5496  0  0  0  9  0  0  0  0  0  0  0  15730  0  0  0  0  0  0  0  0  0  0  0  0  0  0  0  0  0  0  0  0  0  0  0  0  0  0  0  0  0  0  0  0  0  0  0  0  0  0  0  0  0  0  0  0  0  0  0  0  0  0  0  0  0  0  0  0  0  0  0  0  0  0  0  0  0  0  0  0  0  0  0  0  0  0  0  231  0  32  0  0  0  0  0  0  0  0  0  
2  1461  0  11  0  1  2  0  60  27  1  18  0  7  5  0  451  209  47477  6  704  192  61  0  190030  4776  9  0  1  159  0  0  1470  106195  7300  4980  640  167889  0  17  4112  151  24595  1194  6178  6  0  152688  819  9544  776  74  3  67  12119  28144  3639  68109  41188  2080  26904  0  0  2  14120  33  144  1098  3  0  104  23023  0  3987  0  0  0  0  0  0  0  0  0  0  0  0  0  0  0  0  0  0  0  0  0  0  0  0  0  0  0  0  0  0  0  0  0  0  0  0  0  0  0  0  0  0  0  0  0  0  0  0  0  0  0  0  0  0  0  0  0  0  0  0  0  0  0  0  0  0  0  0  0  0  0  0  0  0  8160  3  8157  1546  1255  5  0  2  0  0  0  0  
0  1  0  323  0  0  0  0  0  0  0  2  0  0  0  0  12  7  0  0  1  0  1  0  0  3950  0  0  0  0  0  0  41668  30461  4  19905  0  0  0  0  13772  0  3  4  3  0  0  35552  3  0  0  0  0  0  0  2  0  5  2  0  1  0  0  0  4  0  0  0  0  0  0  0  5911  0  0  0  0  0  0  0  0  0  0  0  0  0  0  0  0  0  0  0  0  0  0  0  0  0  0  0  0  0  0  0  0  0  0  0  0  0  0  0  0  0  0  0  0  0  0  0  0  0  0  0  0  0  0  0  0  0  0  0  0  0  0  0  0  0  0  0  0  0  0  0  0  0  0  0  61  0  299  435  196  0  0  0  0  0  0  0  
0  0  0  0  0  3  0  0  0  0  0  0  0  0  0  2  0  0  0  0  0  0  0  0  0  0  0  0  0  0  29  0  0  0  0  0  0  0  0  0  0  0  0  0  0  0  0  0  0  0  0  0  0  0  0  0  0  0  0  0  0  0  0  0  0  0  0  0  0  8  0  0  0  0  0  0  0  0  59940  11197  5  0  0  0  0  0  0  39  14744  1733  0  30  0  0  0  0  0  60701  0  0  0  0  0  0  9353  5  0  0  0  0  0  0  107  38  0  0  0  0  0  0  3101  0  623  0  0  187  23530  31  0  0  0  0  0  0  0  21917  553  11384  0  71  1  3  0  30273  0  0  0  0  0  0  0  0  0  0  0  7103  0  0  8428  5  
0  0  0  0  0  0  0  0  0  0  0  0  0  0  0  0  0  0  0  0  0  1  1  0  0  0  0  0  0  0  0  0  0  0  0  0  0  0  0  0  0  0  0  0  0  0  0  0  0  0  0  0  0  0  0  0  0  0  0  0  0  0  0  0  0  0  0  0  0  0  0  0  0  0  0  0  0  0  0  0  0  0  0  0  0  0  0  0  0  0  5  5  37070  7  19428  72  1  0  1  0  0  0  0  0  0  0  0  0  0  0  38133  185  0  0  8  29858  7  28  3  0  0  5  80  93  12178  0  0  0  0  2  12018  134  51932  48468  12647  0  0  0  50  0  0  0  0  0  0  4115  659  0  0  0  0  0  0  0  0  0  16  0  18  0  
0  0  186  0  0  0  0  2  1  0  0  0  0  0  0  77  0  0  0  0  0  0  0  0  0  0  0  0  0  4  0  0  0  0  0  0  0  0  0  0  0  0  0  0  0  10  0  0  0  0  0  0  0  0  0  0  0  0  0  0  0  0  0  0  0  0  0  0  0  0  1  0  0  0  0  0  0  0  0  0  1  10332  42  0  0  0  0  0  0  62905  0  0  0  0  0  0  0  0  0  0  6828  11576  10553  8322  0  0  0  0  0  0  0  0  0  0  0  0  0  0  23429  32592  0  0  0  0  0  0  0  0  0  1  0  0  0  0  0  0  0  0  1  3  10194  0  4838  0  11  0  0  0  0  0  0  0  0  0  0  7  0  0  0  0  
0  0  0  0  0  0  0  0  0  0  0  0  0  0  0  0  0  0  0  0  0  0  0  0  0  0  0  0  0  0  0  0  0  0  0  0  0  0  0  0  0  0  0  0  0  0  0  0  0  0  0  0  0  0  0  0  0  0  0  0  0  0  0  0  0  0  0  0  0  0  0  0  0  0  0  1  0  0  0  0  1  6  0  15  0  41453  0  0  0  0  24  5  1  0  11  1  1  1  2  69815  2  19069  17106  0  0  0  755  157  1  629  0  0  31  26  70314  1  0  51  29742  0  0  291  31169  0  1  3  0  0  0  19  1  16  7  20  12  0  0  8  57  3  659  17208  11  0  1  0  758  774  0  0  0  0  0  0  0  124  1  1  617  2  
1  0  0  0  2  6  0  0  0  0  0  0  0  0  0  16  0  0  0  0  0  0  0  0  0  0  0  0  0  0  0  0  0  0  0  0  0  0  0  0  0  0  0  0  0  0  0  0  0  0  0  0  0  0  0  0  0  0  0  0  0  0  0  0  0  2  0  0  0  1  0  0  0  0  46045  0  0  0  0  20226  57  0  0  0  0  1  0  14  273  51141  0  2  0  0  0  0  0  1174  0  0  0  0  0  0  43  1  0  0  0  0  0  0  52  16  0  0  0  0  1  0  652  0  249  0  0  77  49845  86  0  0  0  0  0  0  0  27  30  423  0  87  0  1  1  18334  0  0  0  0  0  0  0  0  0  0  0  1795  0  0  956  1  
40  0  0  0  59  2403  22  1  0  0  0  0  0  4  259  45  0  0  0  0  0  0  0  0  0  0  0  0  0  0  191  79  0  0  0  0  0  0  1  0  0  0  0  0  0  0  0  0  5  0  0  71  970  6  0  0  0  0  0  0  0  2  0  1  0  1595  0  1  0  302  0  0  0  0  15927  0  0  0  36870  0  66400  44  1  0  0  3  1  79  9785  115537  0  20  0  0  0  0  1  14150  0  0  0  1  0  0  24441  9507  0  0  0  0  0  0  569  94  0  0  0  0  11  3  710  0  1103  0  0  742  38957  31243  0  1  0  0  0  0  0  285  10267  24121  0  80930  7  12  69  32245  0  0  0  0  0  0  0  4  87  37  2  76513  0  4  7457  106  
0  0  0  0  0  107  660  107  0  0  0  0  0  0  0  7  0  0  0  0  0  0  0  0  0  0  0  0  0  0  0  0  0  0  0  0  0  0  0  0  0  0  0  0  0  0  0  0  0  0  0  1  0  3  0  0  0  0  0  0  0  0  0  0  0  274  0  1  0  0  0  0  0  0  2  0  0  2  9  58291  0  45703  3  0  0  0  0  0  0  66965  0  0  0  0  0  0  0  0  0  0  0  0  0  1  0  0  0  0  0  0  0  0  0  0  0  0  0  0  33  28  0  0  1  0  0  100  108  16449  0  2  0  0  0  0  0  4  0  0  4  57094  11  55  7569  0  1  0  0  0  0  50  0  0  2  0  0  1979  0  4  102  12  
0  0  7  0  0  1  44  2301  12  0  0  0  0  0  0  23  0  0  0  0  0  0  0  0  0  0  0  0  0  0  0  0  0  0  0  0  0  0  0  0  0  0  0  0  0  8  0  0  0  0  0  0  0  0  0  0  0  0  0  0  0  0  0  0  0  1337  0  0  0  0  2  0  0  0  0  0  10286  0  1  21  41647  0  13959  1  0  0  0  0  0  48902  1  0  0  0  0  0  0  0  0  0  2  2  499  0  0  0  0  0  0  0  0  0  0  0  1  0  0  0  7635  42232  0  0  0  0  0  13  5  3979  0  19  0  0  0  0  0  0  0  0  6  28145  50  34  69125  0  16  0  0  0  0  2284  0  1  0  0  0  828  0  0  55  10  
0  0  4  0  0  1  1  50  554  4  1  0  0  0  0  2  0  0  0  0  0  1  0  0  0  0  0  0  0  33  0  0  0  0  0  0  0  0  0  0  0  0  0  0  1  23  0  0  0  0  0  0  0  0  0  0  0  0  0  0  0  0  0  0  0  174  0  0  0  0  262  0  0  0  0  0  38  0  0  1  1  12586  0  3326  0  0  0  0  0  1  0  0  0  0  0  43  0  0  0  0  30  1  4  6717  0  0  0  0  0  0  0  0  0  0  6  0  0  976  85  33102  0  0  1  0  0  0  0  1  1  2031  0  2  0  0  0  0  0  0  3401  37509  1180  1  93  0  40122  0  65  0  0  12  0  1  0  0  0  267  2  3  155  5  
0  0  0  0  0  1  0  0  2  20  1  0  0  0  0  0  0  0  0  0  0  2  0  0  0  0  0  0  0  26  0  0  0  0  0  0  0  0  0  0  0  0  0  0  0  0  0  0  0  0  0  0  0  0  0  0  0  0  0  0  0  0  0  0  0  7  0  0  0  0  1  0  0  0  0  0  0  10  0  2  0  0  5840  0  70  0  0  0  0  1  4  2  0  0  1  2676  7297  0  4  4  7  1  16  10283  0  0  0  0  0  0  0  0  1  1  306  0  0  29398  51  8  0  4  92  0  0  2  0  1  2  194  0  5  0  0  9  0  0  0  971  43076  1196  3  3  0  4  0  116  0  0  0  0  7  0  1  0  292  6063  241  6897  2  
0  0  0  0  0  0  0  0  0  1  20841  0  0  0  0  0  0  0  0  1671  0  354  0  0  0  0  9  0  0  2083  0  0  0  0  0  0  0  0  0  0  0  0  0  519  0  0  0  0  0  0  0  0  0  0  0  0  0  0  0  0  0  0  0  0  140  0  0  0  0  0  0  0  0  0  0  0  0  0  0  0  0  0  9  108  0  0  0  0  0  0  0  0  0  76412  0  4608  0  0  0  0  1629  0  0  4744  0  0  0  0  0  0  0  0  0  0  0  29515  0  86403  0  0  0  0  0  0  0  0  0  0  0  0  0  806  0  0  65  0  0  0  88659  6  0  0  0  0  0  0  2  0  0  0  0  0  0  0  0  0  0  0  2  0  
0  0  0  0  0  0  0  0  0  0  0  0  0  0  0  0  0  0  0  0  0  0  0  0  0  0  0  0  0  0  0  0  0  0  0  0  0  0  0  0  0  0  0  0  0  0  0  0  0  0  0  0  0  0  0  0  0  0  0  0  0  0  0  0  0  0  0  0  0  0  0  0  0  0  0  0  0  33039  0  1  0  0  0  1  0  0  1  21780  65  0  58  268  0  0  0  0  0  30  0  715  0  0  7407  0  0  0  157  35  54  28  0  0  3907  52377  1828  0  0  0  2721  0  13  749  54575  0  0  18813  5  2  0  1  0  0  0  0  0  2  0  3  0  1  1  51778  0  0  0  0  5  120  0  0  0  0  0  0  0  23  0  0  4136  4  
0  0  0  0  0  0  0  0  0  0  0  0  0  0  0  0  0  0  0  0  0  0  0  0  0  0  0  0  0  0  0  0  0  0  0  0  0  0  0  0  0  0  0  0  0  0  0  0  0  0  0  0  0  0  0  0  0  0  0  0  0  0  0  0  0  0  0  0  0  0  0  0  0  0  0  0  0  0  0  0  0  0  0  0  0  15  0  19376  0  0  0  0  0  0  0  0  0  25370  0  0  0  0  0  0  0  0  0  0  0  0  0  0  23326  12  0  0  0  0  0  0  2260  0  148  0  0  668  0  0  0  0  0  0  0  0  0  12983  0  1161  0  0  0  0  0  0  0  0  0  0  0  0  0  0  0  0  0  0  0  0  2  0  
0  0  0  0  0  0  0  0  0  0  0  0  0  0  0  0  0  0  0  0  0  0  0  0  0  0  0  0  0  0  0  0  0  0  0  0  0  0  0  0  0  0  0  0  0  0  0  0  0  0  0  0  0  0  0  0  0  0  0  0  0  0  0  0  0  0  0  0  0  0  0  0  0  0  0  0  0  0  15  19  0  0  0  0  0  26837  17110  0  2617  0  0  2  0  0  0  0  0  212  0  0  0  0  3  0  1  0  0  0  0  0  0  0  28784  26596  0  0  0  0  0  0  28  0  288  0  0  63367  101  0  0  0  0  0  0  0  0  4185  0  30  0  1  0  5  0  0  0  0  0  0  0  0  0  0  0  0  0  12  0  0  156  1  
0  0  0  0  0  0  0  0  0  0  0  0  0  0  0  0  0  0  0  0  0  0  0  0  0  0  0  0  0  0  0  0  0  0  0  0  0  0  0  0  0  0  0  0  0  0  0  0  0  0  0  0  0  0  0  0  0  0  0  0  0  0  0  0  0  0  0  0  0  0  0  0  0  0  12978  0  0  0  167  28649  4  1  0  0  0  416  0  5705  0  21742  0  0  0  0  0  0  0  7735  0  0  0  0  4137  0  0  0  0  0  0  0  0  0  0  0  0  0  0  0  14  0  0  0  0  0  0  127666  158252  85409  0  0  0  0  0  0  0  11574  0  0  0  4  0  37132  10466  0  0  0  0  0  0  0  0  0  0  0  0  58  0  0  15  0  
0  0  87  0  0  74  10  11  2  0  0  0  0  0  0  155  0  0  0  0  0  0  0  0  0  0  0  0  0  0  0  0  0  0  0  0  0  0  0  0  0  0  0  0  0  4  0  0  0  0  0  0  0  0  0  0  0  0  0  0  0  0  0  0  0  4  0  0  0  5  0  0  0  0  4074  0  71571  0  55561  129670  71435  44296  7  1  0  0  0  0  21488  0  0  0  0  0  0  0  0  58  0  0  0  0  5975  0  3  0  0  0  0  0  0  0  0  0  0  0  0  0  609  6449  2  0  0  0  0  29  9205  97094  0  0  0  0  0  0  0  0  6  210  0  253  1  18  35025  6670  1  0  0  0  0  1  0  0  0  0  0  1478  0  1  25  4  
0  0  0  0  0  0  0  0  0  0  0  0  0  0  0  0  0  0  0  0  0  0  0  0  0  0  0  0  0  0  0  0  0  0  0  0  0  0  0  0  0  0  0  0  0  0  0  0  0  0  0  0  0  0  0  0  0  0  0  0  0  0  0  0  0  0  0  0  0  0  0  0  0  0  0  4  0  25  0  4  0  51  0  2  0  31  0  1  0  1  0  50918  6  0  5  0  18853  479  10  13  3  1  57  0  3  8  49  4  13286  3  0  3  0  0  12416  2  965  9  200  2  16  49125  23667  1  2  36  0  6  0  25  6  44  198  12  9  0  3  0  51  19  403  146  13  0  0  0  399  0  0  0  0  0  0  0  2544  74  691  274  16468  35  
0  0  0  0  0  0  0  0  0  0  0  0  0  0  0  0  0  0  0  0  0  0  0  0  0  0  0  0  0  0  0  0  0  0  0  0  0  0  0  0  0  0  0  0  0  0  0  0  0  0  0  0  1  0  0  0  0  0  0  0  0  0  0  0  0  0  0  0  0  0  0  0  0  0  42  1  0  3  31  33  5  34  0  3  0  359  0  6  0  3  48955  0  0  0  2  0  46954  10447  6  6  1  0  27  0  9  0  2  0  3949  0  0  1  46  22  355  1  34  7  42  2  28867  1362  63415  0  1  115  247  13  2  38  1  36  14  4  8  66  6  2  46  38  396  34  12  0  1  0  172  0  0  0  0  1  0  0  2104  168  118  263  49023  17  
0  0  0  0  0  0  0  0  0  0  0  0  0  0  0  0  0  0  0  0  0  0  0  0  0  0  0  0  0  0  0  0  0  0  0  0  0  0  0  0  0  0  0  0  0  0  0  0  0  0  0  0  0  0  0  0  0  0  0  0  0  0  0  0  0  0  0  0  0  0  0  0  0  0  0  36749  0  0  0  0  0  0  0  0  0  0  0  0  0  0  0  0  0  9948  177  243  0  0  20578  0  0  0  0  0  0  0  0  0  0  0  224  93  0  0  1  42697  0  562  0  0  0  5  21  0  1078  0  0  0  0  9889  140323  96269  50357  560  1236  0  0  0  52  0  0  0  0  0  0  10  63148  0  0  0  0  0  0  0  2  0  2  0  9  0  
0  0  0  0  0  0  0  0  0  0  4  0  0  0  0  0  0  0  0  11  0  0  0  0  0  0  1  0  0  4  0  0  0  0  0  0  0  0  0  0  0  0  0  0  0  0  0  0  0  0  0  0  0  0  0  0  0  0  0  0  0  0  0  0  0  0  0  0  0  0  0  0  0  0  0  1  0  0  0  0  0  0  1  0  70851  0  0  0  0  0  0  0  5034  0  13  271  0  0  27  0  19758  0  0  20  0  0  0  0  0  0  0  0  0  0  0  27263  0  17258  0  0  0  0  0  0  303  0  0  0  0  20776  142  88082  1  0  447  0  0  0  39592  0  0  0  0  0  5  0  2  0  0  0  0  0  0  0  0  0  0  0  0  0  
0  7  0  0  0  0  0  0  0  1  0  0  0  0  0  0  0  0  0  0  4  45  3  0  0  0  0  0  0  0  0  0  0  0  0  0  0  0  0  0  0  0  0  0  0  0  0  0  0  0  5  0  0  0  0  0  0  0  0  0  4  0  0  0  0  0  0  0  0  0  0  0  0  0  0  28532  0  0  0  0  0  0  0  2  0  0  0  0  0  0  5  7  209  7  0  1501  17979  0  0  0  0  0  0  0  1  3  0  1  2  0  8182  89  0  0  20  2976  6  107  3  0  0  21  114  55536  31811  0  0  0  0  3  7285  167  5902  138251  136720  0  1  0  50  0  1  0  0  0  0  1780  976  0  0  0  1  2  0  0  1  0  61  52  56  0  
0  2  0  0  0  0  0  0  0  2  5537  0  0  0  0  0  0  0  0  2  0  9790  0  0  0  0  0  0  0  47  0  0  0  0  0  0  0  0  0  0  0  2  0  1622  0  0  0  0  0  0  1  0  0  0  0  0  0  0  0  0  0  0  0  0  1  4  0  0  0  0  0  0  0  0  0  145  0  0  0  0  0  0  56  989  4935  0  0  0  0  0  5  11  409  1142  598  0  11576  0  4  0  0  0  0  382  0  0  1  0  0  0  0  0  1  0  357  51381  0  151398  3  0  0  10  30  0  16320  0  0  0  0  41  884  9011  425  425  91902  0  0  0  12453  193  0  0  0  0  0  0  591  0  0  0  0  5  1  0  0  0  6969  2  43  0  
0  0  0  0  0  0  0  0  0  0  0  0  0  0  0  0  0  0  0  0  1  0  86  0  0  0  0  0  0  0  0  3  0  0  0  0  0  0  0  0  0  0  0  0  0  0  0  0  0  0  0  0  0  0  0  0  0  0  0  0  1  0  0  0  0  0  0  0  0  0  0  0  0  0  0  4  0  1  0  0  0  0  4  9540  0  0  0  0  0  0  19477  40786  4  0  13464  11388  0  12944  5  2  2  0  0  0  2026  2324  1  1  22064  1  3514  41  0  0  1078  1  48297  15513  2  0  6969  4572  51  30491  0  0  0  0  1  125  0  27  46  101  53923  0  11221  0  59  2943  40  1  0  0  1  17  916  0  0  0  24  23  0  0  58729  23  103789  1099  32290  720  
0  0  0  0  0  0  0  0  0  0  0  0  0  0  0  0  0  0  0  0  0  0  0  12  0  0  0  0  0  0  72  6  0  0  0  0  0  0  0  0  0  0  0  0  0  0  0  0  0  0  0  0  0  0  0  0  0  0  0  0  0  0  2  0  0  0  0  0  0  3  0  0  0  0  66269  0  0  0  634  12100  0  0  0  0  0  29  30590  227  10596  156  188  11468  0  0  0  0  14697  0  0  0  0  0  0  0  30679  221  0  0  196  0  0  0  13089  42  0  0  2553  0  1  0  60057  1  197  0  0  71  11  0  0  0  0  1  0  0  0  36399  73782  174977  0  0  0  3  0  23891  0  0  0  0  0  0  0  0  0  0  843  7794  103  37  6657  14  
0  0  0  0  0  0  0  0  0  0  0  0  0  0  0  0  0  0  0  0  0  0  0  0  0  0  0  0  0  0  0  0  0  0  0  0  0  0  0  0  0  0  0  0  0  0  0  0  0  0  0  0  0  0  0  0  0  0  0  0  0  0  0  0  0  1  0  0  0  0  0  0  0  0  0  0  0  0  0  0  0  0  2  0  0  0  0  0  0  0  1  2  18825  59  1  0  0  0  0  22184  351  12  0  0  0  0  0  11897  0  4039  0  2068  0  0  618  1  0  4  0  0  0  1  11  0  0  0  0  0  51030  84728  1  156  0  0  3  0  0  0  545  0  889  0  0  0  1  0  155652  0  0  0  0  0  0  0  1  0  1  2  52  0  
0  0  0  0  0  0  0  0  0  0  0  0  0  0  0  0  0  0  0  0  0  0  0  0  0  0  0  0  0  0  0  0  0  0  0  0  0  0  0  0  0  0  0  0  0  0  0  0  0  0  0  0  0  0  0  0  0  0  0  0  0  0  0  0  0  0  0  0  0  0  0  0  0  0  0  0  0  58445  0  0  0  0  1  1  0  905  0  0  0  0  3  0  0  0  0  0  0  0  19055  0  2  12293  0  0  0  0  287  7507  1  82690  0  4  2  1  42710  0  0  4  5633  0  0  22  106  0  0  0  0  0  34022  1437  0  1  0  3  0  0  0  0  21  1  38671  2  0  0  1  0  516  1315  0  0  0  0  0  0  0  0  0  0  73  2  
0  0  0  0  0  0  0  0  0  0  1  0  0  0  0  0  0  0  0  0  0  0  0  0  0  0  0  0  0  224  0  0  0  0  0  0  0  0  0  0  0  0  0  0  0  0  0  0  0  0  0  0  0  0  0  0  0  0  0  0  0  0  0  0  0  0  0  0  0  0  0  0  0  0  0  0  8204  0  0  0  1  1  193  2  1591  0  0  0  0  0  1  0  1  20327  0  0  1  0  370  4  0  2  1  100867  0  0  0  0  0  0  0  0  0  0  29  0  0  106  12  919  0  0  5  0  0  0  0  0  4  143881  0  17  0  0  0  0  0  0  46814  47  39277  0  9  0  18691  0  1811  0  0  0  0  0  0  0  0  18  0  4  189  1  
0  0  0  0  0  0  0  0  0  0  0  0  0  0  0  0  0  0  0  0  0  0  0  0  0  0  0  0  0  0  0  0  0  0  0  0  0  0  0  0  0  0  0  0  0  0  0  0  0  0  0  0  0  0  0  0  0  0  0  0  0  0  0  0  0  0  0  0  0  0  0  0  0  0  0  0  10140  19907  0  0  1  1  0  0  0  0  0  0  0  0  0  0  0  0  0  0  0  0  6  19214  0  0  1296  0  0  0  0  0  0  0  0  0  0  0  9  0  0  0  108915  1241  0  0  0  0  0  0  0  0  12  31  0  0  0  0  0  0  0  0  7  10  107286  0  9  0  0  0  1  0  0  0  0  0  0  0  0  6  0  0  13  0  
0  0  0  0  0  0  0  0  0  0  0  0  0  0  0  0  0  0  0  0  0  0  0  0  0  0  0  0  0  0  0  0  0  0  0  0  0  0  0  0  0  0  0  0  0  0  0  0  0  0  0  0  0  0  0  0  0  0  0  0  0  0  0  0  0  0  0  0  0  0  0  0  0  0  0  0  8114  17589  0  1  47  805  6  0  0  4054  0  2  4626  5132  2  0  0  0  0  0  0  0  0  0  0  1174  0  0  0  0  0  0  0  0  0  0  0  3  4  0  0  1  148835  319  0  0  11  0  0  31  0  324  0  2  0  0  0  0  0  0  0  0  2  16  760  77887  89839  0  0  0  1  0  0  0  0  0  0  0  0  282  2  8  892  58  
0  0  12  0  0  0  0  0  12  7  661  0  0  0  0  0  0  0  0  0  0  20  0  0  0  0  2  0  0  9085  0  0  0  0  0  0  0  0  0  0  0  0  0  5  0  2  0  0  0  0  0  0  0  0  0  0  0  0  0  0  0  0  0  0  68  1  0  0  0  0  761  0  0  0  0  0  9894  0  0  1  0  1  6804  9849  3949  0  0  0  0  0  0  0  0  5  0  854  0  0  0  0  109816  0  2  0  0  0  0  0  0  0  0  0  0  0  0  1  0  4760  2  36782  0  0  6  0  0  0  0  0  0  4604  0  1  0  0  0  0  0  0  107813  267  1980  0  0  0  76125  0  26  0  0  0  0  1  0  0  0  52  0  2  43  0  
0  0  0  0  0  177  0  0  0  0  0  0  0  0  0  0  0  0  0  0  0  0  0  44  0  0  0  0  0  0  2377  178  0  0  0  0  0  0  0  0  0  0  0  0  0  0  0  0  0  0  0  0  0  0  0  0  0  0  0  0  0  0  5  0  0  0  0  0  0  857  0  0  0  0  14418  0  0  0  13  17299  0  0  0  0  0  0  0  1  0  2  5  7  0  0  0  0  3053  34393  1  0  0  0  0  0  0  37318  0  0  0  0  0  0  5  0  2  0  0  0  0  0  1  12  4  0  0  0  2  0  0  0  0  0  2  0  0  2  88075  569  0  232  0  0  0  32171  0  0  2  0  0  0  1  6  0  0  225  1552  332  1768  29808  7366  
0  0  0  0  0  106  0  0  0  0  0  0  0  0  0  16  0  0  0  0  0  0  1  0  0  0  0  0  0  0  17  4608  0  0  0  0  0  0  0  0  0  0  0  0  0  0  0  0  0  0  0  0  0  0  0  0  0  0  0  0  0  0  0  0  0  342  0  0  0  50  0  0  0  0  37  0  0  0  1  16756  0  0  0  0  0  0  0  0  0  0  5  8  0  0  1  0  3052  237  0  0  0  0  0  0  29334  0  0  0  0  0  0  0  1  0  2  0  0  0  0  0  1  8  0  0  0  0  0  0  0  1  0  0  0  0  0  0  16195  89  0  2980  0  0  0  1  0  0  5  0  0  0  1  17  0  11  414  14862  959  2915  15529  11686  
0  0  0  0  0  0  0  0  0  0  0  0  0  0  0  0  0  0  0  0  0  0  0  0  0  0  0  0  0  0  0  0  0  0  0  0  0  0  0  0  0  0  0  0  0  0  0  0  0  0  0  0  0  0  0  0  0  0  0  0  0  0  0  0  0  0  0  0  0  0  0  0  0  0  0  1  0  2919  0  0  0  0  0  2  0  728  0  0  0  0  95  135  1  0  1  0  1  0  5  1518  0  0  0  0  0  0  0  15072  6188  315  0  0  0  0  10786  0  0  11  0  0  0  29463  101  0  0  0  0  0  0  47  0  6  6  6  7  0  0  0  21  0  0  0  0  0  0  0  4546  20855  0  0  0  0  0  0  4  0  127  10  1348  0  
0  0  0  0  0  0  0  0  0  0  0  0  0  0  0  0  0  0  0  0  0  0  0  0  0  0  0  0  0  0  0  0  0  0  0  0  0  0  0  0  0  0  0  0  0  0  0  0  0  0  0  0  0  0  0  0  0  0  0  0  0  0  0  0  0  0  0  0  0  0  0  0  0  0  0  2  0  78  0  0  0  0  0  0  0  176  0  0  0  0  4  2  0  0  5  0  0  3  15044  7380  0  0  0  0  0  0  14812  0  57189  46476  3  3056  0  0  671  0  15927  0  0  0  0  36186  3  92  0  0  0  0  14  0  1  0  16  151  26  0  0  0  4  0  0  0  0  0  0  60  110258  5737  0  0  0  0  0  0  1  0  93  0  1  0  
0  0  0  0  0  0  0  0  0  0  0  0  0  0  0  0  0  0  0  0  0  0  0  0  0  0  0  0  0  0  0  0  0  0  0  0  0  0  0  0  0  0  0  0  0  0  0  0  0  0  0  0  0  0  0  0  0  0  0  0  0  0  0  0  0  0  0  0  0  0  0  0  0  0  0  3  0  11  0  0  0  0  0  0  0  35  0  0  0  0  15194  2637  0  0  2  0  32223  238  0  1  0  0  0  0  0  1  6315  62648  0  0  2  58  0  0  2  1  56690  0  0  0  0  51226  3  67  0  0  0  0  0  0  0  0  7  84  19  0  0  5  0  0  0  0  0  0  0  36  37197  1  0  0  0  0  0  0  13566  0  176  3  33  0  
0  0  0  0  0  0  0  0  0  0  0  0  0  0  0  0  0  0  0  0  0  0  0  0  0  0  0  0  0  0  0  0  0  0  0  0  0  0  0  0  0  0  0  0  0  0  0  0  0  0  0  0  0  0  0  0  0  0  0  0  0  0  0  0  0  0  0  0  0  0  0  0  0  0  0  0  0  1465  0  0  0  0  0  0  0  19  0  0  0  0  33  17  0  0  1  0  5  0  5598  91922  0  0  0  0  0  0  393  49808  0  0  0  2  0  0  33169  0  0  3  0  0  0  79  2  0  0  0  0  0  183  1  0  0  4  0  7  0  0  0  4  0  83  0  0  0  0  0  3419  19374  0  0  0  0  0  0  5  0  14  2  5  0  
0  0  0  0  0  0  0  0  0  0  0  0  0  0  0  0  0  0  0  0  0  0  0  0  0  0  0  0  0  0  0  0  0  0  0  0  0  0  0  0  0  0  0  0  0  0  0  0  0  0  0  0  0  0  0  0  0  0  0  0  0  0  0  0  0  0  0  0  0  0  0  0  0  0  0  38889  0  0  0  0  0  0  0  0  0  0  0  0  0  0  1  0  297  0  5218  0  3669  0  0  0  0  0  0  0  0  0  0  0  4  0  0  14748  0  0  0  1  15050  0  0  0  0  15  0  68234  0  0  0  0  0  0  0  0  7684  75684  395  0  0  0  0  0  0  0  0  0  0  130464  642  0  0  0  0  0  0  0  2  0  23  0  1  0  
0  0  0  0  0  0  0  0  0  0  0  0  0  0  0  0  0  0  0  0  0  0  0  0  0  0  0  0  0  0  0  0  0  0  0  0  0  0  0  0  0  0  0  0  0  0  0  0  0  0  0  0  0  0  0  0  0  0  0  0  0  0  0  0  0  0  0  0  0  0  0  0  0  0  0  110  0  0  0  0  0  0  0  0  0  0  0  0  0  0  129  11  65  0  321  0  17  0  3353  5  0  0  0  0  0  0  0  2304  423  12  14858  0  0  0  4  0  16767  0  0  0  0  1124  0  11246  0  0  0  0  0  0  0  5  11124  1888  6643  0  0  0  0  0  0  0  0  0  0  136735  148271  0  0  0  0  0  0  0  62  0  863  4  9  1  
0  0  0  0  0  0  0  0  0  0  0  0  0  0  0  0  0  0  0  0  0  0  0  0  0  0  0  0  0  0  0  0  0  0  0  0  0  0  0  0  0  0  0  0  0  0  0  0  0  0  0  0  0  0  0  0  0  0  0  0  0  0  0  0  0  0  0  0  0  0  0  0  0  0  601  0  0  6  673  720  0  0  0  0  0  2007  20491  36145  0  0  0  19  0  0  1  0  0  6248  0  0  0  0  0  0  8  0  0  0  0  0  0  0  0  15139  53  0  0  2  29  0  9263  0  37504  0  0  629  206  0  0  0  0  3  0  0  0  3083  1  19047  0  44  0  267  0  0  0  0  3  0  0  0  0  0  0  0  0  74  0  1  1534  0  
0  0  0  0  0  0  0  0  0  0  0  0  0  0  0  0  0  0  0  0  0  0  0  0  0  0  0  0  0  0  0  0  0  0  0  0  0  0  0  0  0  0  0  0  0  0  0  0  0  0  0  0  0  0  0  0  0  0  0  0  0  0  0  0  0  0  0  0  0  0  0  0  0  0  5  0  0  0  10  8  0  0  0  0  0  46568  1  28972  0  0  0  25  0  0  0  0  0  36  0  0  0  0  7  0  0  0  0  0  0  0  0  0  15902  0  7  0  0  0  11  0  28  0  20824  0  0  7107  52  3  0  0  0  0  0  0  0  8  0  7  0  6  0  628  0  0  0  0  1  0  0  0  0  0  0  0  0  34  0  0  6647  7  
0  0  0  0  0  0  0  0  0  0  0  0  0  0  0  0  0  0  0  0  0  0  0  0  0  0  0  0  0  0  0  0  0  0  0  0  0  0  0  0  0  0  0  0  0  0  0  0  0  0  0  0  0  0  0  0  0  0  0  0  0  0  0  0  0  0  0  0  0  0  0  0  0  0  0  18  0  45230  0  0  0  13  30  441  0  1231  0  1  0  1  11070  1913  12  0  120  32  107  1  3634  46831  115  1  4  13  0  0  9193  1894  5  42642  0  2  328  136  0  18  0  1782  4185  1  0  19792  43244  0  2  9  0  0  2107  1528  64  473  132  178  731  1  0  57  1288  29  1902  709  11  0  22  0  21032  7916  0  0  0  16  0  0  83  163  2737  1029  41955  18  
0  0  0  0  0  0  0  0  0  0  178  0  0  0  0  0  0  0  0  12  5  391  1  0  0  0  0  0  0  0  0  0  0  0  0  0  0  0  0  0  0  7  0  31  0  0  0  0  0  0  2  0  0  0  0  0  0  0  0  0  1  0  0  0  0  0  0  0  0  0  0  0  0  0  0  26272  0  0  0  0  0  0  0  0  26078  0  0  0  0  0  0  0  44152  26853  4075  52802  0  0  0  0  0  0  0  0  0  0  0  0  0  0  0  0  0  0  0  0  0  48607  0  0  0  0  1  0  96714  0  0  0  0  0  29148  3505  105  1415  6415  0  0  0  82  0  0  0  0  0  0  0  147  0  0  0  0  0  0  0  0  0  0  0  3  0  
0  0  0  0  0  0  0  0  0  0  0  0  0  0  0  0  0  0  0  0  0  0  0  0  0  0  0  0  0  0  0  0  0  0  0  0  0  0  0  0  0  0  0  0  0  0  0  0  0  0  0  0  0  0  0  0  0  0  0  0  0  0  0  0  0  0  0  0  0  0  0  0  0  0  0  14  0  0  0  0  0  0  0  0  0  0  0  0  0  0  71  11  0  0  15  0  44241  1602  0  0  0  0  0  0  0  0  0  17383  46721  0  12474  13842  0  0  42  0  0  3  0  0  4  4835  0  17660  0  0  0  0  0  0  0  0  87  1096  149  0  0  2  1  0  0  0  0  0  0  502  8882  0  0  0  0  0  0  0  40194  0  2513  0  1  0  
0  0  0  0  0  0  0  0  0  0  2155  0  0  0  0  0  0  0  0  0  0  253  0  0  0  0  0  0  0  4  0  0  0  0  0  0  0  0  0  0  0  0  0  365  0  0  0  0  0  0  0  0  0  0  0  0  0  0  0  0  0  0  0  0  2  1  0  0  0  0  0  0  0  0  0  167  0  2  0  3  0  0  2607  25819  76911  2  0  0  0  0  49  41  473  14075  611  147608  12004  0  185  7  52  0  24  2850  0  0  2  3  0  1  0  0  21  13  3528  44247  0  0  274  7  1  54  1497  0  686  1  3  2  10  3459  872  27445  707  1483  5566  0  0  12  130240  2569  731  33  8  0  5  0  4034  0  1  0  0  2  0  0  0  449  6084  95  5718  26  
0  0  0  0  0  0  0  0  0  0  0  0  0  0  0  0  0  0  0  0  0  0  0  0  0  0  0  0  0  0  0  0  0  0  0  0  0  0  0  0  0  0  0  0  0  0  0  0  0  0  0  0  0  0  0  0  0  0  0  0  0  0  0  0  0  0  0  0  0  0  0  0  0  0  0  0  19267  37790  0  33  406  7533  131  39  0  788  0  0  2  810  51  5  0  1  1  1  1  0  0  7892  14  109390  139598  0  0  0  0  0  0  0  0  0  36  73  1509  0  0  27  0  40034  0  11  10528  0  0  445  4  2185  2  252  0  1  1  1  0  0  0  9  192  438  51579  20930  16313  0  5  0  231  0  0  1  0  0  0  0  0  9166  0  94  15504  754  
0  0  56  0  0  0  0  7  12  0  0  0  0  0  0  12  0  0  0  0  0  0  0  0  0  0  0  0  0  3  0  0  0  0  0  0  0  0  0  0  0  0  0  0  0  56  0  0  0  0  0  0  0  0  0  0  0  0  0  0  0  0  0  0  0  3  0  0  0  0  34  0  0  0  1  0  35132  4  0  10  293  45184  32869  8  0  0  0  0  1  4694  0  0  0  0  0  0  0  0  0  0  1164  2119  303  42045  0  0  0  0  0  0  0  0  0  0  4  0  0  14  31583  0  0  0  4  0  0  8  2  1407  0  2077  0  0  0  0  0  0  0  0  302  614  19482  21  2424  0  14894  0  14  0  0  12  0  0  0  0  0  1873  0  1  87  3  
0  0  0  0  0  0  0  0  0  0  0  0  0  0  0  0  0  0  0  0  0  0  0  0  0  0  0  0  0  0  0  0  0  0  0  0  0  0  0  0  0  0  0  0  0  0  0  0  0  0  0  0  0  0  0  0  0  0  0  0  0  0  0  0  0  0  0  0  0  0  0  0  0  0  2124  0  0  0  873  315  0  0  0  0  0  27  2424  16  0  0  2  21055  0  0  0  0  3982  43167  0  0  0  0  0  0  6  0  0  0  0  0  0  0  10636  28  0  0  15  0  3  0  0  1  13730  0  0  274  675  10  0  0  0  0  0  0  0  1127  5139  18998  0  24  0  3  0  0  0  0  0  0  0  0  0  0  0  0  6  110  0  0  50833  5  
0  0  0  0  0  0  0  0  0  0  0  0  0  0  0  0  0  0  0  0  0  0  0  0  0  0  0  0  0  0  0  0  0  0  0  0  0  0  0  0  0  0  0  0  0  0  0  0  0  0  0  0  0  0  0  0  0  0  0  0  0  0  0  0  0  0  0  0  0  0  0  0  0  0  0  21  0  72  0  1  0  1  0  11  0  377  0  0  0  0  60622  12799  21  2  34  5  2190  15  108  32  0  0  0  0  17  16  24370  39834  51860  46  2  77  0  0  22549  11  11089  97  27  0  2  0  862  161  3  1  0  0  0  434  28  505  1293  51  126  0  17  0  515  5  17  16  0  0  0  20  104496  183  0  0  0  18  0  0  5515  1  10638  1432  28489  5  
0  0  0  0  0  0  0  0  0  0  0  0  0  0  0  0  0  0  0  0  0  0  0  0  0  0  0  0  0  0  0  0  0  0  0  0  0  0  0  0  0  0  0  0  0  0  0  0  0  0  0  0  0  0  0  0  0  0  0  0  0  0  0  0  0  0  0  0  0  0  0  0  0  0  263  5  0  29584  412  564  5  100  3  40  0  46851  2  1451  0  12  17148  52701  3  0  31  1  313  29  6  81  6  22  101  1  18  1  4  0  14  4  0  0  24209  32193  46776  3  0  146  19821  11  11335  1664  0  0  3  1588  1096  56  6  132  18  100  20  13  34  813  1  1131  168  240  2725  25937  100  0  1  0  1132  5  0  0  0  0  0  0  65  869  2  38  86906  112  
0  0  0  0  0  0  0  0  0  0  0  0  0  0  0  0  0  0  0  0  0  0  0  0  0  0  0  0  0  0  0  0  0  0  0  0  0  0  0  0  0  0  0  0  0  0  0  0  0  0  0  0  0  0  0  0  0  0  0  0  0  0  0  0  0  0  0  0  0  0  0  0  0  0  0  482  0  0  0  0  0  0  0  0  0  0  0  0  0  0  13  0  0  0  49568  0  19768  0  0  0  0  0  0  0  0  0  0  464  1514  1  57772  10308  0  0  16  0  40209  0  0  0  0  665  0  0  0  0  0  0  0  1  0  1  1558  26995  13110  0  0  0  0  0  0  0  0  0  0  32860  37595  0  0  0  0  0  0  0  2589  0  20077  0  6  0  
0  2  0  0  0  0  0  0  0  0  0  0  0  0  0  0  0  0  0  0  2  80  0  0  0  0  0  0  0  0  0  0  0  0  0  0  0  0  0  0  0  1  0  0  0  0  0  0  0  0  4  0  0  0  0  0  0  0  0  0  5  0  0  0  0  0  0  0  0  0  0  0  0  0  0  15771  0  0  0  0  0  0  0  0  2  0  0  0  0  0  0  0  1737  492  38703  18677  0  0  0  0  0  0  0  0  0  0  0  0  0  0  0  0  0  0  3  99668  0  253  0  0  0  0  10  0  0  0  0  0  0  2  9279  2288  15  23283  33165  0  0  0  136  0  0  0  0  0  0  0  142  0  0  0  0  0  0  0  0  0  0  0  3  0  
0  0  0  0  0  3  0  0  0  0  0  0  0  0  0  0  0  0  0  0  0  0  0  0  0  0  0  0  0  0  0  0  0  0  0  0  0  0  0  0  0  0  0  0  0  0  0  0  0  0  0  0  0  0  0  0  0  0  0  0  0  0  0  0  0  1  0  0  0  0  0  0  0  0  289  0  0  4  342  1188  91  89  0  0  0  17518  418  70048  102057  267  14  66  0  0  0  0  0  24  0  1  0  0  34  0  7  0  0  0  0  0  0  0  612  7496  3  0  0  0  582  5  651  2  1028  0  0  0  48475  18123  0  7  0  1  0  0  0  34197  22  594  1  2692  98  44012  30  0  0  0  1  0  0  0  0  0  1  0  0  9991  0  13  11651  124  
0  0  0  0  2  18  0  0  0  0  0  0  0  0  0  0  0  0  0  0  0  0  0  0  0  0  0  0  0  0  0  0  0  0  0  0  0  0  0  0  0  0  0  0  0  0  0  0  0  0  0  0  6  0  0  0  0  0  0  0  0  0  0  0  0  6  0  0  0  0  0  0  0  0  22511  0  0  0  53177  27812  151  8  0  0  0  3  0  169  143099  6998  0  36  0  0  0  0  0  3  0  0  0  0  0  0  12  0  0  0  0  0  0  0  143  104  0  0  0  0  4  3  2472  0  1118  0  0  50797  0  33598  0  0  0  0  0  0  0  27181  9  145  0  3599  2  12  5  0  0  0  0  0  0  0  0  0  0  1  0  9649  0  3  3433  26  
0  0  0  0  0  0  0  0  0  0  0  0  0  0  0  0  0  0  0  0  0  0  0  0  0  0  0  0  0  0  0  0  0  0  0  0  0  0  0  0  0  0  0  0  0  0  0  0  0  0  0  0  0  0  0  0  0  0  0  0  0  0  0  0  0  3  0  0  0  0  0  0  0  0  35  0  0  0  75  25103  13603  3457  15  2  0  0  0  0  92780  117050  3  0  0  0  0  0  0  0  0  0  2  3  6  0  1  0  0  0  0  0  0  0  1  0  0  0  0  1  363  49  1  0  6  0  0  37836  27690  0  0  58  0  0  0  0  0  12  1  0  46  1908  66  13135  40162  0  2  0  1  0  0  0  0  0  0  0  0  13764  0  11  622  107  
0  0  0  0  0  0  0  0  0  0  0  0  0  0  0  0  0  0  0  0  0  0  0  0  0  0  0  0  0  0  0  0  0  0  0  0  0  0  0  0  0  0  0  0  0  0  0  0  0  0  0  0  0  0  0  0  0  0  0  0  0  0  0  0  0  0  0  0  0  0  0  0  0  0  0  0  0  8  0  0  0  0  2  4  0  0  0  0  0  0  1  1  0  0  0  0  0  0  49183  33144  12  5  0  0  0  0  0  5  0  290  0  0  1  0  4196  0  0  28  18  0  0  0  53  0  0  0  0  0  0  14157  0  5  1  0  1  0  0  0  79  1  6527  1  0  0  1  0  17266  0  0  0  0  0  0  0  0  0  0  7  471  0  
0  0  0  0  0  0  0  0  0  0  0  0  0  0  0  0  0  0  0  0  0  0  0  0  0  0  0  0  0  0  0  0  0  0  0  0  0  0  0  0  0  0  0  0  0  0  0  0  0  0  0  0  0  0  0  0  0  0  0  0  0  0  0  0  0  0  0  0  0  0  0  0  0  0  0  0  2  18  0  1  21  226  2006  310  0  2  0  0  0  12  261  417  8875  20321  14  12  5  0  89641  1534  152174  25  93  5457  0  0  7  3  0  6  0  0  1  3  3837  6  0  3432  964  177  0  464  1083  0  5  12  0  81  13810  0  8  28132  13  23  50  0  0  0  69700  2020  51279  27  326  0  4411  0  44772  2  0  1  0  0  0  0  15  653  16  69  6930  126  
0  0  0  0  0  0  0  0  0  0  0  0  0  0  0  0  0  0  0  0  0  0  0  0  0  0  0  0  0  0  0  0  0  0  0  0  0  0  0  0  0  0  0  0  0  0  0  0  0  0  0  0  0  0  0  0  0  0  0  0  0  0  0  0  0  0  0  0  0  0  0  0  0  0  0  7746  0  0  0  0  0  0  0  0  1  0  0  0  0  0  0  0  158756  147  2302  847  0  0  3  0  0  0  0  0  0  0  0  0  0  0  0  0  1  0  6  30526  0  648  2  0  0  2  76  0  4976  0  0  0  0  3  0  20575  7552  1330  11689  0  0  0  173  0  0  0  0  0  0  0  6316  0  0  0  0  0  0  0  0  0  1  1  27  0  
0  0  0  0  0  0  0  0  0  0  0  0  0  0  0  0  0  0  0  0  0  0  0  0  0  0  0  0  0  0  0  0  0  0  0  0  0  0  0  0  0  0  0  0  0  0  0  0  0  0  0  0  0  0  0  0  0  0  0  0  0  0  0  0  0  0  0  0  0  0  0  0  0  0  0  78  0  0  0  0  0  0  1  0  1441  0  0  0  0  0  221  311  93058  95087  205  4770  8  0  397  0  54  0  0  3  0  0  3  0  0  1  0  4  1  0  71  5971  0  15056  22  1  0  481  618  0  3813  0  0  3  1  31337  12259  0  1021  79  17049  0  0  0  56621  3  6  3  4  0  7  0  35274  2  0  0  0  0  0  0  10  4  40  5  531  0  
0  0  0  0  0  0  0  0  0  0  0  0  0  0  0  0  0  0  0  0  0  0  0  0  0  0  0  0  0  0  0  0  0  0  0  0  0  0  0  0  0  0  0  0  0  0  0  0  0  0  0  0  0  0  0  0  0  0  0  0  0  0  0  0  0  0  0  0  0  0  0  0  0  0  0  48580  0  0  0  0  0  0  0  0  1  1  0  0  0  0  396  35  52270  3  7604  347  25  0  9  0  1  0  0  0  0  0  0  3  9  0  6393  10355  1  1  103  208  25  266  22  0  0  3844  521  85  102  0  0  0  0  36  5100  3249  0  12338  50457  0  0  1  1224  0  0  0  0  0  0  18575  39572  0  0  0  0  0  0  0  185  0  1386  19  287  1  
0  0  0  0  0  0  0  0  0  0  0  0  0  0  0  0  0  0  0  0  0  1  0  0  0  0  0  0  0  0  0  0  0  0  0  0  0  0  0  0  0  0  0  0  0  0  0  0  0  0  0  0  0  0  0  0  0  0  0  0  0  0  0  0  0  0  0  0  0  0  0  0  0  0  0  43659  0  0  0  0  0  0  0  0  0  0  0  0  0  0  2  0  206  2  110823  31  18  0  0  1  0  0  0  0  0  0  0  107  276  0  63587  3022  0  0  3  980  1785  86  3  0  0  107  27  34782  16182  0  0  0  0  4  1356  125  9186  0  17211  0  0  0  38  0  0  0  0  0  0  45304  4763  0  0  0  0  0  0  0  7  1  430  1  10  0  
0  0  0  0  0  0  0  0  0  1  0  0  0  0  0  0  0  1  0  0  0  12  0  1  0  0  0  0  0  0  0  0  0  0  0  0  0  0  0  0  0  0  0  0  0  0  0  1  0  0  0  0  0  0  0  0  0  0  0  0  0  0  0  0  0  0  0  0  0  0  0  0  0  0  0  12834  0  1  0  0  0  0  1  4  100  2  0  0  0  0  36  48  3563  1205  126970  88517  46857  0  118  6  1  0  0  0  0  1  0  19  35  12  499  1810  3  1  2829  11619  603  3641  67  0  0  152  1256  30085  29654  0  0  0  0  381  30306  25609  42857  18726  0  0  0  3  4435  3  1  6  0  0  0  4565  36976  0  0  0  0  2  0  0  12  1  23621  21  410  1  
0  0  0  0  0  0  0  0  0  0  0  0  0  0  0  0  0  0  0  0  0  0  0  0  0  0  0  0  0  0  0  0  0  0  0  0  0  0  0  0  0  0  0  0  0  0  0  0  0  0  0  0  0  0  0  0  0  0  0  0  0  0  0  0  0  0  0  0  0  0  0  0  0  0  12860  0  0  0  66  79  0  0  0  0  0  4  17923  4035  12005  0  0  20  0  0  0  0  0  28553  0  0  0  0  0  0  0  0  0  0  0  0  0  0  6880  88  0  0  0  0  1  0  1025  0  685  0  0  30739  11673  14  0  0  0  0  0  0  0  0  61  4683  0  15  0  5  0  0  0  0  0  0  0  0  0  0  0  0  0  304  0  0  1117  10  
0  0  0  0  0  0  0  0  0  0  0  0  0  0  0  0  0  0  0  0  0  0  2  2  0  0  0  0  0  0  36  58  0  0  0  0  0  0  0  0  0  0  0  0  0  0  0  0  0  0  0  0  0  0  0  0  0  0  0  0  0  0  0  0  0  0  0  0  0  1  0  0  0  0  3806  0  0  0  278  17432  1  0  0  0  0  0  0  0  0  19  4  7  0  0  0  0  13256  80340  0  0  0  0  0  0  86410  19582  0  0  0  0  0  0  3  0  0  0  0  0  0  0  3966  7  0  0  0  0  5  0  0  0  0  0  0  0  1  13  0  31774  0  3  0  0  0  8264  0  0  2  0  0  0  0  2  0  0  187  3578  534  1698  69424  1004  
0  0  0  0  0  0  0  0  0  0  0  0  0  0  0  0  0  0  0  0  0  0  0  0  0  0  0  0  0  0  0  0  0  0  0  0  0  0  0  0  0  0  0  0  0  0  0  0  0  0  0  0  0  0  0  0  0  0  0  0  0  0  0  0  0  0  0  0  0  0  0  0  0  0  27306  0  0  1  1796  20333  2  0  0  0  0  130  1440  254  0  365  0  13  0  0  0  0  0  162441  0  0  0  0  0  0  2340  254  0  0  0  0  0  0  30199  1146  3  0  5  0  4  0  20107  0  1767  0  0  886  119  2  0  0  0  0  0  0  0  11789  44190  0  0  7  0  78  0  362  0  0  0  0  0  0  0  0  0  0  1  20281  0  0  11116  47  
0  0  0  0  0  0  0  0  0  0  504  0  0  0  0  0  0  0  0  0  0  4  0  0  0  0  0  0  0  779  0  0  0  0  0  0  0  0  0  0  0  0  0  1  0  0  0  0  0  0  0  0  0  0  0  0  0  0  0  0  0  0  0  0  47  1  0  0  0  0  0  0  0  0  0  39  0  4  0  0  4  5  2841  649  79783  2  0  0  0  1  98  103  230  45021  112  7160  13  0  591  42  40872  3  14  140322  0  0  1  3  0  6  0  0  2  8  870  434  0  106845  234  33  0  110  3448  0  337  2  0  5  62  65841  508  56513  372  161  5525  1  0  2  0  950  2492  31  22  0  3174  0  13126  1  0  0  0  0  0  0  5  198  36  55  7348  29  
38  0  0  0  46  7469  1220  2177  150  42174  0  1  0  1  229  82  0  0  0  0  0  2  0  0  0  0  0  2  3  7  1  166  0  0  0  0  0  0  0  0  7  0  0  0  47  2  0  27  12  0  0  89  925  82  0  6  0  0  0  0  0  0  0  1  0  25111  44  7  6  16  11  0  0  0  124  0  4  2  471  59107  60054  25490  46145  33954  0  2  0  12  2  1530  1  1  0  1  3  149  2063  1  1  1  17  2  39  98  1311  2326  0  0  0  0  0  0  98  12  85  0  0  723  206  244  105  1  130  0  0  336  4013  3355  1  957  0  5  0  2  2  93  3  42  1270  0  2972  48  2747  0  1352  0  128  0  0  10805  0  9045  258  76  0  36584  1808  64438  7631  101  
0  0  0  0  0  0  0  0  0  0  0  0  0  0  0  0  0  0  0  0  0  0  0  0  0  0  0  0  0  0  0  0  0  0  0  0  0  0  0  0  0  0  0  0  0  0  0  0  0  0  0  0  0  0  0  0  0  0  0  0  0  0  0  0  0  3  0  0  0  0  0  0  0  0  0  0  14094  4370  0  3  99  320  1290  484  0  0  0  0  0  33  3  17  1  1  2  1  4  0  90  50261  43502  103965  295  2074  0  0  0  0  0  35  0  0  2  3  1466  0  0  813  44253  28827  0  2  1359  0  0  26  0  189  6211  51888  0  12  0  2  2  0  0  1  3177  3080  0  175  1128  0  15346  0  1346  0  0  1  0  0  0  0  0  2886  6  232  10918  532  
0  0  0  0  0  0  0  0  0  0  0  0  0  0  0  0  0  0  0  0  0  0  0  0  0  0  0  0  0  0  0  0  0  0  0  0  0  0  0  0  0  0  0  0  0  0  0  0  0  0  0  0  0  0  0  0  0  0  0  0  0  0  0  0  0  0  0  0  0  0  0  0  0  0  1  0  0  10089  5  320  36  37  0  3  0  45186  0  6  41975  112  97  9  0  0  1  0  0  0  1  14  0  5  72523  0  0  0  0  0  0  0  0  0  83  343  205  0  0  6  57304  3  4  11  18783  0  0  57811  24  23035  1  18  0  1  0  4  1  4  0  30  13  960  697  0  18431  0  0  0  146  0  0  0  0  0  0  0  0  1293  0  7  20246  66  
0  0  0  0  0  0  2  0  0  0  0  0  0  0  0  0  0  0  0  0  0  0  0  0  0  0  0  0  0  0  0  0  0  0  0  0  0  0  0  0  0  0  0  0  1  0  0  0  0  0  0  0  2  0  0  0  0  0  0  0  0  0  0  0  0  38  0  0  0  0  0  0  0  0  0  0  4785  19  0  29  11538  32717  38  6  0  1  0  0  11662  38892  6  0  0  0  0  0  0  0  0  1  9  18  86960  0  0  0  0  0  0  0  0  0  0  0  12  0  0  8  34818  453  0  0  21  0  0  112  1  38141  0  303  0  1  0  0  0  0  0  0  175  2359  687  7924  0  0  17  0  10  0  0  30  0  0  0  0  0  4259  0  7  1216  182  
0  0  0  0  0  85  0  0  0  0  0  0  0  0  0  1  0  0  0  0  0  0  0  0  0  0  0  0  0  0  222  3  0  0  0  0  0  0  0  0  0  0  0  0  0  0  0  0  0  0  0  0  0  0  0  0  0  0  0  0  0  0  0  0  0  1  0  0  0  102  0  0  0  0  29813  0  0  0  20875  47061  0  0  0  0  0  0  0  0  0  7521  0  0  0  0  0  0  0  21948  0  0  0  0  0  0  32533  13  0  0  0  0  0  0  0  0  0  0  0  0  0  0  0  0  0  0  0  0  0  0  0  0  0  0  0  0  0  0  15958  1739  0  1  0  0  0  0  0  0  0  0  0  0  0  0  0  0  0  2267  0  0  28  2  
0  0  0  0  0  0  0  0  579  1  0  0  0  0  0  0  0  0  0  0  0  0  0  0  0  0  0  0  0  177  0  0  0  0  0  0  0  0  0  0  0  0  0  0  0  14  0  0  0  0  0  1  0  0  0  0  0  0  0  0  0  0  0  0  0  61  0  0  0  0  1261  0  0  0  0  0  29  1  0  0  4  8  44968  38  0  0  0  0  0  1  0  0  0  0  0  0  0  0  0  0  30247  3  29  87425  0  0  0  0  0  0  0  0  0  0  4  0  0  51  107  16667  0  0  3  0  0  0  0  5  0  8590  0  3  0  0  0  0  0  0  3270  1280  24589  1  36  0  0  0  20  0  0  1  0  1  0  0  0  299  0  0  57  3  
0  0  0  0  0  0  0  0  0  0  0  0  0  0  0  0  0  0  0  0  0  0  0  0  0  0  0  0  0  0  0  0  0  0  0  0  0  0  0  0  0  0  0  0  0  0  0  0  0  0  0  0  0  0  0  0  0  0  0  0  0  0  0  0  0  0  0  0  0  0  0  0  0  0  0  1886  0  0  0  0  0  0  0  0  0  0  0  0  0  0  22  1  8  0  985  0  9  0  0  0  0  0  0  0  0  0  0  54  282  1  123127  151107  0  0  8  0  2564  0  0  0  0  607  0  35731  1  0  0  0  0  1  0  2  19432  22777  11206  0  0  0  0  0  0  0  0  0  0  0  15383  0  0  0  0  0  0  0  34  0  535  0  4  0  
0  0  0  0  0  0  0  0  0  0  0  0  0  0  0  0  0  0  0  0  0  0  0  0  0  0  0  0  0  0  0  0  0  0  0  0  0  0  0  0  0  0  0  0  0  0  0  0  0  0  0  0  0  0  0  0  0  0  0  0  0  0  0  0  0  0  0  0  0  0  0  0  0  0  0  574  0  34  0  0  0  0  555  24  0  15  0  0  0  0  6195  3271  59612  73  1115  200  504  1  155152  1660  490  0  1  81  12  20  2349  105449  39463  3320  182  177619  47  62  18195  802  14506  853  1891  0  0  113884  9532  32546  270  1  0  0  15450  19709  5626  27697  28197  4873  44457  0  15  14  12326  85  321  263  1  0  117  7403  0  2605  0  0  0  0  0  0  1949  38  34510  606  9051  43  
0  0  0  0  0  0  0  0  0  0  0  0  0  0  0  0  0  0  0  0  0  0  0  0  0  0  0  0  0  0  0  0  0  0  0  0  0  0  0  0  0  0  0  0  0  0  0  0  0  0  0  0  0  0  0  0  0  0  0  0  0  0  0  0  0  0  0  0  0  0  0  0  0  0  0  1  0  3653  0  0  0  0  0  0  0  458  0  0  0  0  184  110  0  0  0  0  8  0  3  4347  0  0  0  0  0  1  20906  6292  0  18791  0  0  0  0  8118  0  0  1  0  0  0  579  56  0  0  0  0  0  0  12  0  10  0  0  0  0  0  0  14  0  0  0  0  0  0  0  2290  0  0  0  0  0  0  0  14  0  23  7  81  0  
0  2  0  0  0  0  0  0  0  0  0  0  0  0  0  0  8039  39383  4  0  7  0  24208  25  1  0  0  0  0  0  1  931  2  1  46147  1  0  6  0  0  45  1  46993  2  5  0  3  27346  3  4  0  0  0  0  0  11  0  21  68  8  45  0  2097  1  28  0  0  1  0  8  0  1  3057  13  0  0  0  0  0  0  0  0  0  0  0  0  0  0  0  0  0  0  0  0  0  0  2  0  0  0  0  0  0  0  0  0  0  0  0  0  0  0  0  0  0  0  0  0  0  0  0  0  0  0  0  0  0  0  0  0  0  0  0  0  0  0  0  0  0  0  0  0  0  0  0  0  0  0  0  0  237497  10409  40552  175  0  0  8  1  0  0  
8  1  341  2  0  1874  55629  230378  13827  0  0  0  0  2  67  22445  2  0  0  0  0  0  0  0  1  2  9  6  100  53  0  4  0  0  0  0  0  0  0  2  11  0  0  0  22541  91941  0  2  44  0  2  4200  167  10545  2  75  0  11  0  0  3  0  0  0  45  48018  1148  2351  23372  0  15  0  26  0  0  0  1  0  0  0  25  353  29  0  0  0  0  0  0  5  0  0  0  0  0  0  0  0  0  0  0  0  0  1  0  0  0  0  0  0  0  0  0  0  0  0  0  0  0  3  0  0  0  0  0  0  0  1  0  0  0  0  0  0  0  0  0  0  0  4232  0  0  21  0  7  0  0  0  0  0  1  286  1414  32  0  104  0  4  0  0  
1  166  0  9  0  1  0  0  6  5153  0  2  0  0  0  0  1914  1946  39  2  224  2162  90497  2  11  6  0  0  0  3  0  269  6  6  60  9  0  125  0  3  2799  24  14468  12595  614  1  0  10502  307  2170  50  6  0  6  5  197  21  392  1327  286  36323  0  789  0  568  104  26  46  0  1  2  173  6844  120  0  0  0  0  0  0  0  0  0  0  0  0  0  0  0  0  0  0  0  0  1  0  5  0  0  0  0  0  0  0  0  0  0  0  0  0  0  0  0  0  0  0  0  0  0  0  0  0  0  0  0  0  0  0  0  0  0  0  0  0  0  0  0  0  0  2  0  0  0  0  0  0  0  0  126586  2  0  71765  12157  62  1  0  51  14  0  1  
4  2  0  2  1  303  2  5  36  11400  0  2  1  2  18  15  111  722  0  0  19  8  236  25  3  2  16  18  61  24  16  4923  2  3  1  5  0  0  0  1  604  1  39  257  1122  198  2  4457  139  0  2  550  454  369  4  278  1  28  2  0  10  0  1226  0  255  5813  7101  140  75  379  1  0  897  80  0  0  0  0  0  0  0  0  0  1  0  0  0  0  0  0  3  4  0  0  0  2  5  0  0  0  0  0  0  0  0  58  0  0  0  0  0  0  0  0  22  0  0  0  1  0  0  35  0  0  0  0  0  0  0  0  0  0  0  0  0  0  3  0  1  2867  0  0  0  0  0  0  2  0  3895  464  65834  0  80537  58624  3  233  18  6379  69  14  
10926  4  0  26  199  1917  4  2  45  58  0  284  190  438  393  54  41318  64727  0  0  1  4  1637  6975  13  30  16  29  29  64  757  5561  127  4  61  10  0  0  611  130  2699  2  5  110  1877  173  23347  56743  53297  0  10  12464  4408  842  17  687  1  112  4  0  9  2829  35452  10321  1878  708  13928  2692  59  438  35  0  402  12  0  0  0  0  0  4  0  0  0  0  0  0  0  0  0  0  0  0  0  0  0  0  2  0  0  0  0  0  0  0  1  0  0  0  0  0  0  0  0  0  0  0  0  0  0  0  0  0  0  0  0  0  1  0  0  0  0  0  0  0  0  0  1  0  0  24  0  0  0  0  0  0  0  0  14734  204  2676  32424  0  154416  0  18  2  4  2  0  
1853  1  0  0  30  1602  0  0  3  3  0  1  0  4  26  19  145  1216  0  0  1  0  7  251  0  1  2  0  1  1  182  19991  0  0  0  0  0  0  3  1  3  0  0  1  104  13  5  31  4  0  0  332  370  400  1  9  0  2  0  0  0  14  13333  1184  8  349  704  152  4  3322  1  0  6  0  0  0  0  0  1  7  0  0  0  0  0  0  0  0  0  0  0  0  0  0  1  0  1  0  0  0  0  0  0  0  1  2  0  0  0  0  0  0  0  0  0  0  0  0  0  0  0  0  0  0  0  0  7  0  0  0  0  0  0  0  0  0  0  0  0  28  0  0  0  0  0  0  0  0  578  20  1261  129628  482089  0  0  73  2  6  0  0  
0  0  0  0  0  0  0  0  0  0  0  0  0  0  0  0  0  0  0  0  0  0  2  0  0  0  0  0  0  0  0  25  0  0  0  0  0  0  0  0  0  0  0  0  0  0  0  0  0  0  0  0  0  0  0  0  0  0  0  0  0  0  0  0  0  0  0  0  0  0  0  0  0  0  0  2  0  0  0  0  0  0  0  0  0  0  0  0  0  0  2974  2699  8  0  7  0  91119  1123  9  5  0  0  0  0  783  1337  1  0  14646  5  0  26  0  0  416  0  57016  5  1  0  0  5054  19  2037  2  0  0  0  1  11  1  64  469  10  30  0  1186  0  51  0  0  0  0  0  0  5  2501  1  0  0  3  0  0  0  0  660  161692  12211  19052  328  
0  0  0  0  1  378  2  1  0  0  0  0  0  0  1  13  0  0  0  0  0  0  0  0  0  0  0  0  0  0  0  126  0  0  0  0  0  0  0  0  0  0  0  0  10  0  0  0  0  0  0  28  49  88  0  0  0  0  0  0  0  0  0  0  1  465  5  34  3  0  0  0  0  0  7311  0  1  44  5023  29249  247  420  748  140  0  1  0  7  13  608  6  5  0  0  1  0  54  2847  1  3  4  3  819  30  2581  9493  0  0  0  0  0  0  10  1  29  0  0  239  3621  108  23  0  69  0  0  1910  6493  2223  0  188  0  2  0  0  0  469  1425  4521  608  26991  1790  1205  1176  20  63  0  16  0  0  32  0  116  52  94  411  0  6  21037  73462  47875  
0  1  0  0  0  0  0  0  0  6  0  0  0  0  0  0  0  0  0  0  4  0  39  0  0  0  0  0  0  0  0  2  0  0  0  0  0  0  0  0  0  0  0  0  0  0  0  0  0  0  0  0  0  0  0  0  0  0  0  0  0  0  3  0  0  4  0  0  0  0  0  0  0  0  0  61  0  1  0  0  0  0  3  4345  0  1  0  0  0  0  1058  1001  90  5  143  1976  61211  141  175  44  5  0  0  0  542  827  91  124  263  51  47  949  2  1  10968  31  5288  7939  20  0  0  6606  171  17020  10  0  0  0  6  1033  49  1315  5061  1011  26110  0  924  0  942  4766  102  5  0  0  0  296  33825  9  0  0  105  20  3  0  69249  8  0  29720  15337  117  
0  0  0  0  0  5  0  0  0  2336  0  0  0  0  0  0  0  0  0  0  0  0  4  0  0  0  0  0  0  0  0  1401  0  0  0  0  0  0  0  0  0  0  0  1  0  0  0  0  0  0  0  4  0  3  0  0  0  0  0  0  0  0  0  0  0  36  1  2  0  0  0  0  0  0  0  1  0  8  0  6  1  1  6  274  0  0  0  0  1  0  673  834  4  1  16  4  740  36  12  5  20  0  46  1  591  2629  6  1  3  1  0  3  0  0  3661  2  0  191  139  3  0  2515  79  0  0  23  1  6  5  282  8  110  27  10  31  1  1207  0  228  25638  830  14  12  0  5  0  594  3  0  2  9  9721  11  12  2723  41173  33458  0  69363  25055  
0  0  0  0  0  0  0  0  0  0  0  0  0  0  0  0  0  0  0  0  0  0  0  0  0  0  0  0  0  0  0  35  0  0  0  0  0  0  0  0  0  0  0  0  0  0  0  0  0  0  0  0  0  0  0  0  0  0  0  0  0  0  0  0  0  0  0  0  0  0  0  0  0  0  13264  8  0  114  3308  1158  25  225  7  141  0  257  0  21  4  38  21032  41319  19  0  55  12  20145  5499  51  86  54  88  690  2  7993  5742  35  3  61  2  0  5  38  508  10334  16  0  291  3995  12  25593  16100  38188  0  2  2781  1973  337  12  861  37  476  85  73  126  482  41842  3502  868  873  16836  2602  217  1  5  0  2745  4  0  0  0  36  2  0  7658  65415  2105  15496  0  182708  
0  0  0  0  0  0  0  0  0  0  0  0  0  0  0  0  0  0  0  0  1  0  0  0  0  0  0  0  0  0  0  156  0  0  0  0  0  0  0  0  0  0  0  0  0  0  0  0  0  0  0  0  0  0  0  0  0  0  0  0  0  0  0  0  0  0  0  0  0  0  0  0  0  0  1  0  0  24  5  52  6  34  12  35  0  0  0  0  0  13  11  59  0  0  0  0  4937  185  1  9  0  1  200  1  16655  10034  0  0  0  0  0  0  0  1  24  0  0  11  922  5  0  7  27  0  0  291  85  36  0  46  0  1  2  0  1  9  1898  17  18  503  3507  243  63  0  0  0  12  0  0  0  0  0  0  2  1184  150638  254  43258  492128  0  
