0  0  0  0  68147  4196  7  0  0  0  0  0  2  190  35321  2985  0  1  0  0  0  0  0  49539  0  0  4  0  1  0  21203  369  0  0  0  0  0  0  2  0  1  0  0  0  3  0  257  0  76  0  0  7032  18254  413  0  0  0  0  0  0  0  29954  2942  14569  0  193  8  30  2  18023  5  0  0  0  1  0  0  0  0  0  0  0  0  0  0  0  0  0  0  0  0  0  0  0  0  0  0  0  0  0  0  0  0  0  7  0  0  0  0  0  0  0  0  0  0  0  0  0  0  0  0  0  0  0  0  0  0  0  0  0  0  0  0  0  0  0  0  0  0  2  0  0  0  0  0  0  0  0  0  69  0  1  18988  692  0  0  0  0  0  0  
0  0  0  0  0  0  0  0  1  0  9  0  0  0  0  0  0  0  26537  12  68714  7164  1  0  16  6  2  0  0  7  0  0  0  0  0  0  175  956  0  0  1  46616  0  744  1  0  0  0  1  9  54828  0  0  0  0  14  12226  472  40312  11931  23348  0  0  0  38  0  4  0  0  0  20  23971  112  0  0  0  0  0  0  0  0  0  0  0  0  0  0  0  0  0  0  0  0  0  0  0  0  0  0  0  0  0  0  0  0  0  0  0  0  0  0  0  0  0  0  1  0  0  0  0  0  0  0  0  0  0  0  0  0  0  0  0  0  0  0  0  0  0  0  0  0  0  0  0  0  0  0  0  0  0  11  0  0  0  0  0  0  0  0  0  
0  0  0  0  0  0  0  698  1  0  0  0  0  0  0  38020  0  0  0  0  0  0  0  0  0  0  10969  32555  31684  16339  0  0  0  0  0  0  0  0  0  0  0  0  0  0  57312  46589  0  0  0  0  0  0  0  1  0  0  0  0  0  0  0  0  0  0  0  1  8478  0  12024  0  13  0  0  0  0  0  9080  0  0  0  0  111  7  0  0  0  0  0  0  3688  0  0  0  0  0  0  0  0  0  0  0  0  82  223  0  0  0  0  0  0  0  0  0  0  0  0  0  0  22  350  0  0  0  0  0  0  0  0  0  0  0  0  0  0  0  0  0  0  0  0  0  0  2  0  24  0  0  0  0  15  0  0  0  0  0  0  0  0  0  0  
0  0  0  0  0  0  0  0  1  0  0  42196  0  23  0  0  42  31  0  0  0  0  0  0  0  38412  9  30677  17709  0  0  0  7408  4960  12  1045  0  0  0  11  368  0  0  0  26498  0  1  495  41628  0  0  3  0  0  6  5  0  0  0  0  2  0  0  0  1  0  4969  19865  0  0  5  0  2  594  0  0  0  0  0  0  0  0  0  0  0  0  0  0  0  0  0  0  0  0  0  0  0  0  0  0  0  0  0  0  0  0  0  0  0  0  0  0  0  0  0  0  0  0  0  0  0  0  0  0  0  0  0  0  0  0  0  0  0  0  0  0  0  0  0  0  0  0  0  0  0  0  0  0  0  0  0  1  19  0  0  0  0  0  0  0  
56635  0  0  0  0  15833  11  0  0  0  0  0  0  15  17522  63616  0  1  0  0  0  0  0  1238  0  0  2  0  1  0  10676  189  0  0  0  0  0  0  1  0  0  0  0  0  1  0  125  1  11  0  0  867  31017  641  0  0  0  0  0  0  0  1896  888  1392  0  563  0  16  1  5052  2  0  0  0  0  0  0  0  1  4  0  0  0  0  0  0  0  0  0  1  0  0  0  0  0  0  0  0  0  0  0  0  0  0  1  0  0  0  0  0  0  0  0  0  0  0  0  0  0  0  0  0  0  0  0  0  0  0  0  0  0  0  0  0  0  0  0  0  0  0  0  0  0  1  0  0  0  0  0  37  0  0  6641  275  0  0  0  0  0  0  
6257  0  0  0  20828  0  32974  31  5  0  0  0  1  24  2496  133268  1  2  0  0  0  0  0  367  0  0  9  1  10  0  249  16314  0  0  0  0  0  0  1  0  5  0  0  0  32  0  197  1  99  0  0  3394  11465  32182  0  2  0  0  0  0  0  494  1573  1443  0  65949  36  122  15  34425  10  0  0  0  4  0  0  0  5  2801  39  3  0  0  0  0  0  0  2  512  0  0  0  0  0  0  0  2  0  0  0  0  0  0  1  16  0  0  0  0  0  0  0  0  0  0  0  0  0  0  1  0  0  0  0  10  20  4  0  0  0  0  0  0  0  0  0  0  0  6095  0  0  0  12  0  0  0  0  1  4224  0  10  7482  1364  0  110  0  0  5  0  
35  0  0  0  54  41537  0  40901  412  71  0  0  0  1  156  82044  6  1  0  2  0  0  0  1  0  0  30  2  35  0  0  8  0  0  0  0  0  0  1  0  9  0  0  0  107  39  6  0  14  0  0  305  458  28321  0  7  0  0  0  0  0  14  3  7  5  45897  157  16  180  4  126  0  0  0  0  0  0  0  0  41  520  308  1  0  0  0  0  0  0  104  0  0  0  0  0  0  0  0  0  0  0  0  0  0  0  0  0  0  0  0  0  0  0  0  0  0  0  0  0  0  0  0  0  0  0  0  1  0  0  0  0  0  0  0  0  0  0  0  0  1722  0  0  0  0  0  0  0  0  0  53551  0  0  210  1  0  2  0  0  0  0  
0  0  56  0  0  122  39379  0  20061  1149  0  0  0  0  2  42149  16  0  0  2  0  0  0  0  0  1  98  17  9492  11  0  0  0  0  0  0  0  0  0  0  3  0  0  0  13771  27050  0  8  7  0  0  3  5  1826  0  12  0  0  0  0  0  0  1  0  6  34601  390  3  20628  0  539  0  0  0  0  0  3  0  0  1  170  819  34  0  0  0  0  0  0  351  0  0  0  0  0  0  0  0  0  0  0  0  0  0  0  0  0  0  0  0  0  0  0  0  0  0  0  0  0  142  0  0  0  0  0  0  0  0  0  0  0  0  0  0  0  0  0  0  0  725  0  0  0  0  0  0  0  0  0  63021  0  9  177  4  0  0  0  0  0  0  
0  0  0  0  1  1  238  21707  0  17110  1  0  0  0  1  5  2  0  0  1  0  6  0  0  0  0  657  82  24  13320  0  0  0  0  0  0  0  0  0  0  15  0  0  16  378  17923  0  6  2  0  0  1  0  5  0  85  1  0  3  0  0  0  0  0  173  28685  5317  0  44  0  23597  0  0  0  0  0  4  0  0  0  0  153  662  0  3  0  0  0  0  13  0  0  0  0  0  0  0  0  0  0  0  0  0  14  0  0  0  0  0  0  0  0  0  0  0  0  0  0  0  209  0  0  0  0  0  0  0  0  0  0  0  0  0  0  0  0  0  0  0  417  0  0  0  0  72  0  0  0  0  541  0  71  126  5  0  0  0  0  0  0  
0  0  0  1  1  5  136  545  10907  0  0  0  0  0  0  1  0  0  0  0  0  1867  8364  0  0  0  28  24  13  15500  0  0  0  0  0  0  0  0  0  0  2  0  0  25689  123  8  0  3  4  0  0  1  0  1  0  4  0  2  2  0  0  0  0  0  3255  51183  351  0  16  0  47  0  3  0  0  0  0  0  0  0  0  1  2  8  0  0  0  0  0  0  0  0  0  0  0  1  0  0  2  1  0  0  0  0  0  0  0  0  0  0  0  0  0  0  23  0  0  2  1  0  0  2  2  0  0  0  0  0  2  34  0  0  0  0  0  0  0  0  1  6828  7  0  0  0  0  0  0  0  0  552  6050  17570  92  7  0  0  2  5052  66  0  
0  22  0  0  0  0  0  0  0  0  0  0  0  0  0  0  0  0  57  104107  2  2696  0  0  7  0  223  0  0  14548  0  0  0  0  0  0  0  0  0  0  0  15745  0  98134  0  0  0  0  0  0  138  0  0  0  0  9  1876  4971  12  0  133  0  0  0  69738  0  0  0  0  0  4  0  1  0  0  0  0  0  0  0  0  0  1  0  1341  0  0  0  0  0  0  0  0  57  0  53  0  0  0  0  0  0  0  1051  0  0  0  0  0  0  0  0  0  0  0  48  0  139  0  0  0  0  0  0  0  0  0  0  0  0  0  0  0  0  0  0  0  0  31  0  0  0  0  0  5  0  0  0  0  0  1  0  0  0  0  0  0  0  0  0  
1  0  0  51134  2  0  0  0  0  0  0  0  1  23183  456  0  12  1182  0  0  0  0  0  2  0  17  0  19  5597  0  0  0  2955  4445  106  0  0  0  293  32676  5  0  0  0  1267  0  24  199  43615  0  0  25550  0  2  0  0  0  0  0  0  0  5  0  4  0  0  16  64092  0  0  0  0  0  2  0  0  0  0  0  0  0  0  0  0  0  0  0  0  0  0  0  0  0  0  0  0  0  0  0  0  0  0  0  0  0  0  0  0  0  0  0  0  0  0  0  0  0  0  0  0  0  0  0  0  0  0  0  0  0  0  0  0  0  0  0  0  0  0  0  0  0  0  0  0  0  0  0  0  0  1  0  0  321  0  0  0  0  0  0  0  
2  0  0  0  16  7  0  0  0  0  0  11  0  26673  10  2  0  15  0  0  0  0  0  44876  0  0  1  0  0  0  0  0  0  414  106  0  0  2  28669  4  0  0  21  0  0  0  3889  4  138  0  0  121  2  17  0  0  0  0  0  0  0  3280  11  2789  0  14  1  1  0  1  0  0  0  0  0  0  0  0  0  0  0  0  0  0  0  0  0  0  0  0  0  0  0  0  0  0  0  0  0  0  0  0  0  0  0  0  0  0  0  0  0  0  0  0  0  0  0  0  0  0  0  0  0  0  0  0  0  0  0  0  0  0  0  0  0  0  0  0  0  0  0  0  0  0  0  0  0  0  0  4  0  0  35  0  0  0  0  0  0  0  
45  0  0  7  140  17  1  0  0  0  0  20346  14471  0  4926  3  0  8  0  0  0  0  0  5601  0  0  0  0  28  0  0  0  0  5  5  0  0  0  31832  28021  1  0  0  0  3  0  933  3  15420  0  0  44822  11  26  0  0  0  0  0  0  0  22882  55  6062  0  30  2  146  1  0  1  0  0  0  0  0  0  0  0  0  0  0  0  0  0  0  0  0  0  0  0  0  0  0  0  0  0  0  0  0  0  0  0  0  0  0  0  0  0  0  0  0  0  0  0  0  0  0  0  0  0  0  0  0  0  0  0  0  0  0  0  0  0  0  0  0  0  0  0  0  0  0  0  0  0  0  0  0  0  10  0  0  457  0  0  0  0  0  0  0  
33376  0  0  0  20607  3064  189  2  10  0  0  254  0  5105  0  27622  6  1  0  1  0  0  0  5779  0  0  80  0  14589  0  0  3  0  0  0  0  0  0  2  0  10  0  0  0  782  0  132  0  75  0  0  203956  177235  165088  0  3  0  0  0  0  0  9482  31  105  1  1202  102  40730  28632  36  31  0  0  0  0  0  0  0  1  7  1  0  0  0  0  0  0  0  0  0  0  0  0  0  0  0  0  0  0  0  0  0  0  0  0  0  0  0  0  0  0  0  0  0  0  0  0  0  0  0  0  0  0  0  0  0  0  0  0  0  0  0  0  0  0  0  0  0  0  10  0  0  0  0  0  0  0  0  0  2846  0  0  2062  6  0  1  0  0  0  0  
6713  0  40443  0  92838  118466  65558  51811  5  0  0  0  0  4  22309  0  2  0  0  0  0  0  0  253  0  0  2  34  3511  0  1236  2101  0  0  0  0  0  0  0  0  0  0  0  0  5031  11272  52  0  6  0  0  176  6146  143646  0  0  0  0  0  0  0  186  680  1004  0  3075  13  8  41510  35603  2  0  0  0  0  0  1395  0  994  6926  1053  4133  12  0  0  0  0  0  0  33958  0  0  0  0  0  0  0  0  0  0  0  0  33  0  106  1  0  0  0  0  0  0  0  0  0  0  0  0  0  977  0  0  0  0  0  0  0  0  0  0  0  0  0  0  0  0  0  0  0  167  0  0  18  232  0  0  0  0  0  20773  0  0  4272  296  0  1  0  0  1  0  
0  0  0  18  0  0  2  3  44  4  0  43  1  0  3  0  0  43720  0  3  0  0  7105  4  0  7  109  182  2283  0  0  0  42  2  15542  0  0  0  0  0  6036  0  1675  0  3366  6  271  36448  23888  0  0  3  0  73  0  6  0  0  0  0  0  0  7470  0  14  12  760  160  3616  0  97  0  0  2  0  0  0  0  0  0  0  0  0  0  0  0  0  0  0  0  0  0  0  0  0  0  0  0  0  0  0  0  0  0  0  0  0  0  0  0  0  0  0  0  0  0  0  0  0  0  0  0  0  0  0  0  0  0  0  0  0  0  0  0  0  0  0  0  0  0  0  0  0  0  0  0  0  0  959  34  1  2  71268  236  0  0  0  0  0  0  
2  0  0  31  2  31  1  0  4  0  0  1791  8  7  18  0  41989  0  0  0  0  0  3245  8057  0  3  18  5  41  0  0  0  430  196  3240  1  0  0  47  36  274  0  961  0  151  0  28770  20062  54182  0  0  73  3  64  0  1  0  0  0  0  0  2  18506  2  0  85  50  122  78  0  8  0  0  2  0  0  0  0  0  0  0  0  0  0  0  0  0  0  0  0  0  0  0  0  0  0  0  0  0  0  0  0  0  0  0  0  0  0  0  0  0  0  0  0  0  0  0  0  0  0  0  0  0  0  0  0  0  0  0  0  0  0  0  0  0  0  0  0  0  0  0  0  0  0  0  0  0  0  3791  34  37  16  75247  2  0  1  0  0  0  0  
0  24387  0  0  0  0  0  0  0  0  112  0  0  0  0  0  0  0  0  3109  582  403  0  0  29642  80  29  0  0  8  0  0  1  1  0  4  0  876  0  0  29  24832  0  1862  13  0  0  8  12  1  388  0  0  0  7  7204  111179  64334  37838  12  843  0  0  0  101  0  10  0  0  0  76  51  53535  0  0  0  0  0  0  0  0  0  0  0  0  0  0  0  0  0  0  0  0  0  0  0  0  0  0  0  0  0  0  0  0  0  0  0  0  0  0  0  0  0  0  0  0  0  0  0  0  0  0  0  0  0  0  0  0  0  0  0  0  0  0  0  0  0  0  0  0  0  0  0  0  0  0  0  0  0  3  1  1  0  0  0  0  0  0  0  
0  23  0  0  0  0  0  1  52  2  79575  0  0  0  0  0  1  0  2992  0  8  383  1  0  162  180  16266  0  0  515  0  0  0  0  0  4  0  0  0  0  39  15726  0  19923  28  11  0  3  13  0  85  0  0  5  7  17076  774  55836  40  1  149  0  0  0  75860  2  532  4  3  0  4723  2  38  0  0  0  0  0  0  0  0  0  0  0  0  0  0  0  0  0  0  0  0  0  0  0  0  0  0  0  0  0  0  1  0  0  0  0  0  0  0  0  0  0  0  0  0  0  0  0  0  0  0  0  0  0  0  0  0  0  0  0  0  0  0  0  0  0  0  0  0  0  0  0  0  0  0  0  0  7  1  1  37  1  0  0  0  0  0  0  
0  66691  0  0  0  0  0  0  2  0  0  0  0  0  0  0  0  0  211  4  0  93  430  0  20  15  12  0  0  38  0  2  0  1  0  1  11303  28  0  0  3  23  77  322  0  0  0  1  1  40074  7204  0  0  0  0  38  511  410  8130  72729  98810  0  1  0  111  0  4  0  0  0  131  10685  397  0  0  0  0  0  0  0  0  0  0  0  0  0  0  0  0  0  0  0  0  0  0  0  0  0  0  0  0  0  0  0  0  0  0  0  0  0  0  0  0  0  0  0  0  0  0  0  0  0  0  0  0  0  0  0  0  0  0  0  0  0  0  0  0  0  0  0  0  0  0  0  0  0  0  0  0  0  626  5  1  1  0  0  0  0  0  0  
0  6660  0  0  0  0  0  0  7  2330  3486  0  0  0  0  0  0  0  330  386  195  0  7664  0  0  2  0  0  0  1356  0  0  0  0  0  0  0  0  0  0  9  31679  0  144526  4  0  0  0  5  0  26244  0  0  0  0  0  9851  1059  416  0  80322  0  1  0  3064  20  1  0  0  0  0  3  7  0  0  0  0  0  0  0  0  0  0  0  165  0  0  0  0  0  0  0  0  0  0  1634  0  0  0  0  0  0  0  4  0  0  0  0  0  0  0  0  0  0  0  111  0  156  0  0  0  0  0  0  0  0  0  0  0  0  0  0  0  0  3  0  0  0  1  0  0  0  0  0  0  0  0  0  0  0  848  42  2  0  0  0  0  1  0  0  
0  1  0  0  0  0  0  0  2  9138  0  0  0  0  0  0  6200  7877  0  0  766  4633  0  0  0  17  0  0  0  3  0  3  0  125  13573  4  5  2  0  0  129  0  52413  4820  23  0  1  4888  27  12078  0  0  0  1  0  0  0  0  6  54  54769  0  6443  0  14  17  8  2  0  1  1  852  207  0  0  0  0  0  0  0  0  0  0  0  0  0  0  0  0  0  0  0  0  0  0  0  0  0  0  0  0  0  0  0  0  0  0  0  0  0  0  0  0  0  0  0  0  0  0  0  0  0  0  0  0  0  0  0  0  0  0  0  0  0  0  0  0  0  0  0  0  0  0  0  0  0  0  0  21379  0  138621  72  832  5  0  0  0  0  0  0  
52918  0  0  0  894  106  2  0  1  0  0  1  42850  11968  3619  125  14  5935  0  0  0  0  5  0  0  0  1  0  1  0  31264  108  0  945  42  0  0  4  2806  5  1  0  77  0  3  0  52434  1447  369  0  0  4432  27  133  0  0  0  0  0  0  0  37893  63060  121326  0  69  7  39  6  14969  3  0  0  0  0  0  0  0  0  0  0  0  0  0  0  0  0  0  0  0  0  0  0  0  0  0  0  1  0  0  0  0  0  0  39  0  0  0  0  0  0  0  0  0  0  0  0  0  0  0  0  0  0  0  0  0  0  0  0  0  0  0  0  0  0  0  0  0  0  0  0  0  0  0  0  0  0  0  4  71  1  10  13098  165  0  1  0  0  0  0  
0  69  0  2  0  0  0  0  2  0  1  1  0  0  0  0  0  0  31227  522  166  0  0  0  0  44081  424  2  0  6  0  0  27  312  1  183  2  19  0  0  634  0  0  14  53  0  0  312  41  0  4  2  0  0  59080  103677  18  4503  305  6  652  0  0  0  184  0  246  5  0  0  33  108  81080  1  0  0  0  0  0  0  0  0  0  0  0  0  0  0  0  0  0  0  0  0  0  0  0  0  0  0  0  0  0  0  0  0  0  0  0  0  0  0  0  0  0  0  0  0  0  0  0  0  0  0  0  0  0  0  0  0  0  0  0  0  0  0  0  0  0  0  0  0  0  0  0  0  0  0  0  0  68  47  11  1  0  0  0  0  0  0  
0  5  0  39177  0  0  0  0  10  0  0  72  0  4  1  0  386  2  4  25  19  0  0  0  36914  0  875  12361  20  9  0  0  546  25702  4  79376  2  12  1  6  45178  1  2  5  7821  1  8  302  20140  0  0  66  0  3  26782  36948  8  96  33  8  753  1  0  3  220  0  112958  549  17  0  303  48  14046  482  0  0  0  0  0  0  0  0  0  0  0  0  0  0  0  0  0  0  0  0  0  0  0  0  0  0  0  0  0  0  0  0  0  0  0  0  0  0  0  0  0  0  0  0  0  0  0  0  0  0  0  0  0  0  0  0  0  0  0  0  0  0  0  0  0  0  0  0  0  0  0  0  0  0  1  1  209  50  482  1  0  0  0  0  0  0  
0  45  13795  2  0  0  11  122  1979  49  185  3  0  1  0  7  32  0  50  15313  37  4  0  0  781  1642  0  254  48  87903  0  0  4  0  0  39  0  0  0  1  1195  0  0  81  1352  7740  1  54  495  0  7  8  0  36  45  138553  134  767  169  0  48  0  0  0  29350  94  64162  104  114  0  39275  9  240  0  0  0  0  0  0  0  0  0  0  0  0  0  0  0  0  0  0  0  0  0  0  0  0  0  0  0  0  0  0  17  0  0  0  0  0  0  0  0  0  0  0  0  0  0  0  1  0  0  0  0  0  0  0  0  0  0  0  0  0  0  0  0  0  0  0  0  0  0  0  0  0  0  0  0  0  167  4  10  716  26  0  0  0  0  0  0  
0  0  27718  25434  0  0  1  39  92  43  0  4  0  0  0  16  29  0  0  0  0  0  0  0  0  10506  232  0  2613  15  0  0  0  0  0  2  0  0  0  0  348  0  0  0  182145  1458  0  21  3717  0  0  0  0  2  2  879  0  0  1  0  0  0  0  0  0  50  130967  59  35  0  26  0  1  0  0  0  4  0  0  0  0  0  0  0  0  0  0  0  0  0  0  0  0  0  0  0  0  0  0  0  0  0  0  0  0  0  0  0  0  0  0  0  0  0  0  0  0  0  0  0  0  0  0  0  0  0  0  0  0  0  0  0  0  0  0  0  0  0  0  0  0  0  0  0  0  0  0  0  0  25  0  2  423  69  0  0  0  0  0  0  
0  0  33031  23266  0  3  12  18830  78  88  0  5939  0  45  13277  9254  2354  0  0  2  0  0  0  0  0  19  216  3028  0  0  0  0  0  0  0  0  0  0  0  72  474  0  0  0  162685  10821  3  365  3830  0  0  1605  1  809  0  20  0  2  0  0  0  0  0  0  6  837  1422  109382  102218  0  103  0  0  0  0  0  2  0  0  0  0  0  0  0  0  0  0  0  0  0  0  0  0  0  0  0  0  0  0  0  0  0  0  0  0  0  0  0  0  0  0  0  0  0  0  0  0  0  0  1  0  0  0  0  0  0  0  0  0  0  0  0  0  0  0  0  0  0  0  0  0  0  0  0  0  0  0  0  0  712  0  24  5751  249  0  0  0  0  0  0  
0  8  15552  0  0  1  0  15  10396  17754  17754  0  0  0  0  1  0  0  4  294  5  1390  0  0  3  2  97144  12  0  0  0  0  0  0  0  0  0  0  0  0  0  0  0  5035  22  45813  0  0  3  0  1  0  0  1  0  46  21  18  30  1  3  0  0  0  123619  42  539  0  1  0  92824  1  4  0  0  0  150  0  0  0  0  16  257  5  56  0  0  0  0  1  0  0  0  6  0  4  0  0  0  0  0  0  0  10196  0  0  0  0  0  0  0  0  0  0  0  0  0  0  0  476  0  0  0  0  0  0  0  0  0  0  0  0  0  0  0  0  0  0  3  25  0  0  0  0  1395  0  0  0  0  8  0  16  8  0  0  0  0  0  0  0  
23600  0  0  0  9791  269  0  0  0  0  0  0  0  0  0  1369  0  0  0  0  0  0  0  25450  0  0  0  0  0  0  0  10518  0  0  0  0  0  0  0  0  0  0  0  0  0  0  1  0  0  0  0  2  0  0  0  0  0  0  0  0  0  5  63594  856  0  0  0  0  0  42212  0  0  0  0  78  0  0  0  0  260  0  0  0  0  0  0  0  0  0  0  0  0  0  0  0  0  0  12  0  0  0  0  0  0  2494  9  0  0  0  0  0  0  0  0  0  0  0  0  0  0  0  0  0  0  0  0  0  0  0  0  0  0  0  0  0  0  0  0  0  4  0  0  0  97  0  0  0  0  0  0  0  0  167  30  0  0  0  0  0  0  
140  0  0  0  19  21401  0  0  0  0  0  0  0  0  0  1413  0  1  0  0  0  1  1  34  0  0  0  0  0  0  11122  0  0  0  0  0  0  0  0  0  0  0  0  0  0  0  1  1  0  0  0  2  2  1  0  0  0  0  0  0  0  4  15519  102  0  19705  0  0  0  21338  0  0  0  0  0  0  0  0  0  147  0  0  0  0  0  0  0  0  0  0  0  1  0  0  0  0  0  0  0  0  0  0  0  0  85  2670  0  0  0  0  0  0  0  0  0  0  0  0  0  0  0  0  0  0  0  0  0  0  0  0  0  0  0  0  0  0  6  0  0  510  0  0  0  17  0  0  0  0  23  0  120  832  2510  18953  27  2066  19  56  41  541  
0  0  0  5046  0  0  0  0  0  0  0  1540  0  0  0  0  34  238  0  0  0  0  0  0  1  741  0  1  0  1  0  0  0  16445  1752  629  0  0  0  0  11896  0  0  0  48  0  0  52281  1220  0  0  6  0  2  0  4  0  0  0  0  0  0  0  0  0  0  8  8  0  0  0  0  6443  40006  0  0  0  0  0  0  0  0  0  0  0  0  0  0  0  0  0  0  0  0  0  0  0  0  0  0  0  0  0  0  0  0  0  0  0  0  0  0  0  0  0  0  0  0  0  0  0  0  0  0  0  0  0  0  0  0  0  0  0  0  0  0  0  0  0  0  0  0  0  0  0  0  0  0  16  1  7  1076  338  1  0  0  0  0  0  0  
0  0  0  3537  0  0  0  0  0  0  0  2637  217  11  0  0  1  76  0  0  0  0  26  1064  229  24287  0  0  0  0  0  0  12206  0  79477  75435  2  15699  0  0  369  0  29910  0  3  0  1  20269  165  62  0  0  0  0  93  3  0  2  0  154  8  0  0  6  3  0  2  1  0  0  0  227  132957  17304  0  0  0  0  0  0  0  0  0  0  0  0  0  0  0  0  0  0  0  0  0  0  0  0  0  0  0  0  0  0  0  0  0  0  0  0  0  0  0  0  0  0  0  0  0  0  0  0  0  0  0  0  0  0  0  0  0  0  0  0  0  0  0  0  0  0  0  0  0  0  0  0  0  0  8  0  341  0  2  0  0  0  0  0  0  0  
0  0  0  61  0  0  0  0  0  0  0  654  101  15  0  0  9441  4558  0  0  0  0  14160  108  0  1  0  0  0  0  0  0  1457  64476  0  28  0  0  2  0  69  0  20605  0  0  0  54  64407  68  6  0  0  0  0  0  0  0  0  0  25  6  0  168  2  0  0  0  0  0  0  0  10  13136  18  0  0  0  0  0  0  0  0  0  0  0  0  0  0  0  0  0  0  0  0  0  0  0  0  0  0  0  0  0  0  0  0  0  0  0  0  0  0  0  0  0  0  0  0  0  0  0  0  0  0  0  0  0  0  0  0  0  0  0  0  0  0  0  0  0  0  0  0  0  0  0  0  0  0  5021  0  104  0  542  0  0  0  0  0  0  0  
0  4  0  850  0  0  0  0  1  1  0  4  0  0  0  0  51  0  5  5  7  0  3  0  69  81978  106  6  0  1  0  0  569  79928  36  0  1  2  0  0  49913  0  4  3  312  0  1  2540  420  0  1  5  0  0  710  312  4  25  27  5  414  1  0  0  31  0  9841  29  1  0  47  26  10695  36781  0  0  0  0  0  0  0  0  0  0  0  0  0  0  0  0  0  0  0  0  0  0  0  0  0  0  0  0  0  0  0  0  0  0  0  0  0  0  0  0  0  0  0  0  0  0  0  0  0  0  0  0  0  0  0  0  0  0  0  0  0  0  0  0  0  0  0  0  0  0  0  0  0  0  23  0  523  17  88  0  0  0  0  0  0  0  
0  223  0  0  0  0  0  0  0  0  0  0  0  0  0  0  0  0  1  0  9775  0  14  0  0  0  0  0  0  0  0  0  0  2  0  0  0  15432  0  0  0  0  26615  0  0  0  0  0  0  32277  0  0  0  0  0  0  0  0  3660  53004  398  0  0  0  1  0  0  0  0  0  0  150126  176  0  0  0  0  0  0  0  0  0  0  0  0  0  0  0  0  0  0  0  0  0  0  0  0  0  0  0  0  0  0  0  0  0  0  0  0  0  0  0  0  0  0  0  0  0  0  0  0  0  0  0  0  0  0  0  0  0  0  0  0  0  0  0  0  0  0  0  0  0  0  0  0  0  0  0  0  0  23  0  0  0  0  0  0  0  0  0  
0  42  0  0  0  0  0  0  0  0  0  0  0  0  0  0  0  0  307  0  113  0  3  7  19  9  0  0  0  0  0  0  0  18867  2  6  14965  0  0  0  11  0  27153  0  6  0  0  8  2  469  0  0  0  0  1  0  4  10  29331  3578  157  0  0  0  0  0  0  0  0  0  1  111220  182375  1  0  0  0  0  0  0  0  0  0  0  0  0  0  0  0  0  0  0  0  0  0  0  0  0  0  0  0  0  0  0  0  0  0  0  0  0  0  0  0  0  0  0  0  0  0  0  0  0  0  0  0  0  0  0  0  0  0  0  0  0  0  0  0  0  0  0  0  0  0  0  0  0  0  0  0  0  280  0  0  0  0  0  0  0  0  0  
18  0  0  0  37  27  0  0  1  0  0  322  29684  45854  18  2  0  19  0  0  0  0  0  3879  0  0  2  0  1  0  0  0  0  0  0  0  0  0  0  6545  0  0  0  0  1  0  7954  0  15532  0  0  1035  1  33  0  0  0  0  0  0  0  163  87  8893  0  63  1  6  1  5  0  0  0  0  0  0  0  0  0  1  0  0  0  0  0  0  0  0  0  0  0  0  0  0  0  0  0  0  0  0  0  0  0  0  0  0  0  0  0  0  0  0  0  0  0  0  0  0  0  0  0  0  0  0  0  0  0  0  0  0  0  0  0  0  0  0  0  0  0  0  0  0  0  0  0  0  0  0  0  11  0  0  81  0  0  1  0  0  0  0  
2  0  0  5  6  0  0  0  0  0  0  43827  0  34433  2  0  0  73  0  0  0  0  0  8  0  0  0  2  87  0  0  0  0  0  0  0  0  0  5845  0  1  0  0  0  11  0  51  2  35134  0  0  3400  0  1  0  0  0  0  0  0  0  10  1  129  0  2  2  666  0  0  0  0  0  0  0  0  0  0  0  0  0  0  0  0  0  0  0  0  0  0  0  0  0  0  0  0  0  0  0  0  0  0  0  0  0  0  0  0  0  0  0  0  0  0  0  0  0  0  0  0  0  0  0  0  0  0  0  0  0  0  0  0  0  0  0  0  0  0  0  0  0  0  0  0  0  0  0  0  0  1  1  0  16  0  0  0  0  0  0  0  
0  5  0  435  2  1  7  2  67  12  0  83  0  14  1  0  5821  19  32  73  27  0  15  0  126  54357  624  759  340  11  0  0  12061  469  48  57239  5  6  0  11  0  0  12  8  6262  6  6  41997  38552  0  0  99  1  127  388  631  12  42  103  6  997  1  0  1  295  40  19902  959  374  0  918  58  6267  13961  0  0  0  0  0  0  0  0  0  0  0  0  0  0  0  0  0  0  0  0  0  0  0  0  0  0  0  0  0  0  0  0  0  0  0  0  0  0  0  0  0  0  0  0  0  0  0  0  0  0  0  0  0  0  0  0  0  0  0  0  0  0  0  0  0  2  0  0  0  0  0  0  0  0  263  126  4335  6784  11460  21  0  0  0  0  0  0  
0  42931  0  0  0  0  0  0  0  0  16116  0  0  0  0  0  0  0  20114  16395  1  35480  0  0  0  0  0  0  0  0  0  0  0  0  0  0  0  0  0  0  0  0  0  38129  0  0  0  0  0  0  2290  0  0  0  0  0  33619  3377  2  0  33  0  0  0  0  0  0  0  0  0  0  0  0  0  0  0  0  0  0  0  0  0  0  0  38  0  0  0  0  0  0  0  0  0  0  0  0  0  0  0  0  0  0  0  0  0  0  0  0  0  0  0  0  0  0  25  0  15  0  0  0  0  0  0  0  0  0  0  0  0  0  0  0  0  0  0  0  0  0  0  0  0  0  0  0  0  0  0  0  0  0  0  0  0  0  0  0  0  0  0  
0  0  0  0  0  0  0  0  0  0  0  0  6  0  0  0  86  83  0  0  93  0  54151  76  0  1  0  0  0  0  0  0  0  22893  14308  13  25734  23551  0  0  31  0  0  0  0  0  1  5876  0  15700  0  0  0  0  0  0  0  0  0  392  5296  0  122  1  0  0  1  0  0  0  0  19263  4915  0  0  0  0  0  0  0  0  0  0  0  0  0  0  0  0  0  0  0  0  0  0  0  0  0  0  0  0  0  0  0  0  0  0  0  0  0  0  0  0  0  0  0  0  0  0  0  0  0  0  0  0  0  0  0  0  0  0  0  0  0  0  0  0  0  0  0  0  0  0  0  0  0  0  0  5911  0  4530  0  1  0  0  0  0  0  0  0  
0  1318  0  0  0  0  0  2  28  27223  77455  0  0  0  0  0  0  0  1262  29958  244  132248  4798  0  20  12  19  0  0  4076  0  0  0  0  0  0  0  5  0  0  36  28479  0  0  25  0  0  2  12  0  1528  0  0  2  0  38  39200  31650  4531  2  29190  0  0  0  74792  26  28  0  0  0  196  16  101  0  0  0  0  0  0  0  0  0  0  0  2310  0  0  0  0  0  0  0  0  2  0  92  0  0  0  0  0  0  0  15  0  0  0  0  0  0  0  0  0  0  0  60  0  486  0  0  0  0  0  0  0  0  0  0  0  0  0  0  0  0  0  0  0  0  5  0  0  0  0  0  0  0  0  0  0  0  7647  22  10  1  0  0  0  1  0  0  
4  0  52070  32718  11  13  35  12727  1723  1022  0  968  0  16  278  3565  4444  10  3  32  0  0  0  1  3  8324  2375  181432  148097  46  0  0  13  0  0  197  0  0  1  53  3675  0  0  2  0  49112  58  757  37872  0  1  916  5  3429  29  269  1  2  3  0  23  12  2  7  89  2850  141864  41866  74002  0  1207  0  13  0  0  0  42  0  0  0  0  0  0  0  0  0  0  0  0  0  0  0  0  0  0  0  0  0  0  0  0  0  0  0  0  0  0  0  0  0  0  0  0  0  0  0  0  0  0  1  0  0  0  0  0  0  0  0  0  0  0  0  0  0  0  0  0  0  0  0  0  0  0  0  0  0  0  0  1  1887  24  74  22462  1088  0  0  0  0  0  0  
0  0  30422  0  0  1  226  26472  17053  566  0  0  0  0  0  4415  1  0  0  0  0  0  0  0  0  12  24717  6432  2763  39834  0  0  0  0  0  0  0  0  0  0  13  0  0  1  48281  0  0  3  7  0  0  0  0  3  0  209  0  0  0  0  0  0  0  0  7  1562  31091  0  1034  0  41219  0  0  0  0  0  129  0  0  0  0  234  61  0  0  0  0  0  0  764  0  0  0  0  0  0  0  0  0  0  0  0  0  123  0  0  0  0  0  0  0  0  0  0  0  0  0  0  0  399  0  0  0  0  0  0  0  0  0  0  0  0  0  0  0  0  0  0  0  1  0  0  0  0  31  0  0  0  0  4252  0  1  91  19  0  0  0  0  0  0  
308  0  0  0  711  459  13  0  2  0  0  4  3096  4769  235  39  7  22878  0  0  0  0  0  54006  0  0  6  0  1  0  0  0  0  0  1  0  0  0  7957  11  0  0  0  0  7  0  0  1174  17430  0  0  4087  72  365  0  0  0  0  0  0  0  2506  3091  19679  0  905  16  41  4  33  6  0  0  0  0  0  0  0  0  1  0  0  0  0  0  0  0  0  0  0  0  0  0  0  0  0  0  0  0  0  0  0  0  0  0  0  0  0  0  0  0  0  0  0  0  0  0  0  0  0  0  0  0  0  0  0  1  0  0  0  0  0  0  0  0  0  0  0  0  2  0  0  0  0  0  0  0  0  1  122  0  0  45765  5  0  1  0  0  0  0  
0  0  0  290  1  0  2  0  54  1  0  400  4  1  3  0  29903  21349  2  42  0  0  2303  2985  11  128  118  211  819  2  0  0  37331  14074  56489  2854  0  4  0  0  33414  0  4385  2  2444  0  2166  0  781  2  0  34  0  43  7  57  2  0  3  26  18  2  1019  1  175  18  3683  162  1199  0  527  36  84070  8306  0  0  0  0  0  0  0  0  0  0  0  0  0  0  0  0  0  0  0  0  0  0  0  0  0  0  0  0  0  0  0  0  0  0  0  0  0  0  0  0  0  0  0  0  0  0  0  0  0  0  0  0  0  0  0  0  0  0  0  0  0  0  0  0  0  1  0  0  0  0  0  0  0  0  10747  54  847  8908  110506  1304  0  0  0  0  0  0  
204  0  0  38722  535  740  28  3  174  2  0  40808  26  15788  401  24  24480  41570  0  12  0  0  32  1361  3  10009  552  2830  6596  3  0  2  3002  1211  145  108  0  0  15767  21829  22444  0  0  1  50203  4  14449  3393  0  0  0  16872  84  1315  18  96  1  0  1  0  9  781  359  10422  34  1614  7244  50720  4451  23  311  1  6  18  0  0  0  0  0  1  0  0  0  0  0  0  0  0  0  0  0  0  0  0  0  0  0  0  0  0  0  0  0  0  0  0  0  0  0  0  0  0  0  0  0  0  0  0  0  0  0  0  0  0  0  1  1  0  0  0  0  0  0  0  0  0  0  0  0  7  0  0  0  0  0  0  0  0  57  1020  174  406  105359  17  0  1  0  0  2  0  
0  48  0  0  0  0  0  0  0  0  0  0  0  0  0  0  0  0  3  0  30283  0  11671  0  0  0  0  0  0  0  0  0  0  66  5  0  32605  1050  0  0  0  0  17671  0  0  0  0  8  0  0  0  0  0  0  0  0  0  1  33  18857  19917  0  0  0  0  0  0  0  0  0  0  31041  1995  0  0  0  0  0  0  0  0  0  0  0  0  0  0  0  0  0  0  0  0  0  0  0  0  0  0  0  0  0  0  0  0  0  0  0  0  0  0  0  0  0  0  0  0  0  0  0  0  0  0  0  0  0  0  0  0  0  0  0  0  0  0  0  0  0  0  0  0  0  0  0  0  0  0  0  2  0  3038  0  0  0  0  0  0  0  0  0  
0  43743  0  0  0  0  0  0  0  0  51  0  0  0  0  0  0  0  888  59  10243  29026  0  0  3  1  0  0  0  0  0  0  0  0  0  0  0  0  0  0  0  2832  0  2144  0  0  0  0  0  0  0  0  0  0  0  0  16194  563  494  0  24538  0  0  0  5  0  0  0  0  0  2  4  3  0  0  0  0  0  0  0  0  0  0  0  0  0  0  0  0  0  0  0  0  0  0  0  0  0  0  0  0  0  0  0  0  0  0  0  0  0  0  0  0  0  0  1  0  0  0  0  0  0  0  0  0  0  0  0  0  0  0  0  0  0  0  0  0  0  0  0  0  0  0  0  0  0  0  0  0  0  5  0  0  0  0  0  0  0  0  0  
5161  0  0  0  2288  2149  369  0  34  0  0  30546  5  48216  198715  413  16  73  0  2  0  0  0  739  0  0  133  3  2920  0  1  5  0  0  0  0  0  0  665  4560  15  0  0  0  265  0  3435  9  31350  0  0  0  45148  13283  0  17  0  0  0  0  0  15788  194  4198  3  3605  187  48059  129  194  80  0  0  0  0  0  0  0  0  2  0  0  0  0  0  0  0  0  0  0  0  0  0  0  0  0  0  0  0  0  0  0  0  0  0  0  0  0  0  0  0  0  0  0  0  0  0  0  0  0  0  0  0  0  0  0  0  0  0  0  0  0  0  0  0  0  0  0  0  26  0  0  0  0  0  0  0  0  0  3851  1  1  39952  65  0  1  0  0  1  0  
20129  0  0  0  34538  29789  242  0  5  0  0  0  0  152  192260  13579  1  0  0  0  0  0  0  93  0  0  14  0  7  0  4  18  0  0  0  0  0  0  4  0  4  0  0  0  22  1  239  1  111  0  0  51135  0  58075  0  3  0  0  0  0  0  720  119  393  0  7226  25  64  9  200  8  0  0  0  1  0  0  0  0  23  0  0  0  0  0  0  0  0  0  0  0  0  0  0  0  0  0  0  0  0  0  0  0  0  0  0  0  0  0  0  0  0  0  0  0  0  0  0  0  0  0  0  0  0  0  0  0  0  0  0  0  0  0  0  0  1  0  0  0  24  0  0  0  0  0  0  0  0  0  703  0  0  2909  22  0  1  0  0  1  0  
925  0  1  0  2078  27727  29531  2438  50  0  0  2  0  46  169562  167558  24  7  0  2  0  0  0  60  0  1  247  6  1149  0  1  2  0  0  0  0  0  0  1  1  33  0  0  0  2679  44  125  3  240  0  0  6888  47076  0  0  24  0  0  0  0  0  172  85  192  6  12437  384  26970  38450  107  142  0  0  0  0  0  0  0  0  2  0  0  0  0  0  0  0  0  0  1  0  0  0  0  0  0  0  0  0  0  0  0  0  0  0  0  0  0  0  0  0  0  0  0  0  0  0  0  0  0  0  0  0  0  0  0  0  0  0  0  0  0  0  0  0  0  0  0  0  32  0  0  0  0  0  0  0  0  0  128142  0  1  8104  27  0  2  0  0  0  0  
0  2  0  0  0  0  0  0  2  0  0  2  0  0  0  0  3  0  3  3  5  1  2  0  42229  37204  65  1  0  1  0  0  0  202  8  375  4  0  0  0  417  0  1  0  34  2  1  35  29  0  0  1  0  0  0  3213  1  30  22  10  504  0  0  0  43  0  498  8  0  0  29  50  29951  2  0  0  0  0  0  0  0  0  0  0  0  0  0  0  0  0  0  0  0  0  0  0  0  0  0  0  0  0  0  0  0  0  0  0  0  0  0  0  0  0  0  0  0  0  0  0  0  0  0  0  0  0  0  0  0  0  0  0  0  0  0  0  0  0  0  0  0  0  0  0  0  0  0  0  0  0  94  1  11  0  0  0  0  0  0  0  
0  129  0  10  0  0  3  83  1599  39  3  5  0  2  0  0  39  0  12021  16018  92  4  0  0  93166  57969  136539  1324  29  625  0  0  14  11  0  537  0  6  0  1  2173  0  0  188  1565  165  0  163  744  0  18  8  0  49  5420  0  215  34312  509  6  430  0  0  0  22670  78  48714  129  79  0  4351  63  5912  1  0  0  0  0  0  0  0  0  0  0  0  0  0  0  0  0  0  0  0  0  0  0  0  0  0  0  0  0  0  0  0  0  0  0  0  0  0  0  0  0  0  0  0  0  0  0  0  0  0  0  0  0  0  0  0  0  0  0  0  0  0  0  0  0  0  0  0  0  0  0  0  0  0  0  0  93  54  38  441  15  0  0  0  0  0  0  
0  9376  0  0  0  0  0  0  6  0  485  0  0  0  0  0  0  0  110838  352  1735  7553  0  0  33  90  38  0  0  59  0  0  2  0  0  1  1  130  0  0  17  28142  0  29644  6  0  0  0  6  0  8834  0  0  0  1  85  0  19864  6333  9  6028  0  0  0  394  0  26  0  0  0  318  90  10246  0  0  0  0  0  0  0  0  0  0  0  0  0  0  0  0  0  0  0  0  0  0  0  0  0  0  0  0  0  0  0  0  0  0  0  0  0  0  0  0  0  0  0  0  0  0  0  0  0  0  0  0  0  0  0  0  0  0  0  0  0  0  0  0  0  0  0  0  0  0  0  0  0  0  0  0  0  27  0  1  1  0  0  0  0  0  0  
0  2242  0  0  0  0  0  0  6  0  5186  0  0  0  0  0  1  0  79781  70107  2105  4074  1  0  6741  821  719  0  0  66  0  0  1  1  0  24  0  42  0  0  141  7122  0  40411  43  1  0  9  25  3  1939  0  0  4  54  29674  23514  0  3273  21  3359  0  0  0  37746  1  299  2  0  0  467  226  10240  0  0  0  0  0  0  0  0  0  0  0  0  0  0  0  0  0  0  0  0  0  0  0  0  0  0  0  0  0  0  0  0  0  0  0  0  0  0  0  0  0  0  0  0  0  0  0  0  0  0  0  0  0  0  0  0  0  0  0  0  0  0  0  0  0  0  0  0  0  0  0  0  0  0  0  0  0  63  2  10  0  0  0  0  0  0  0  
0  36701  0  2  0  0  0  0  15  1  0  2  0  0  0  0  0  0  45511  12  16146  193  3  0  85  254  83  2  1  137  0  0  2  0  0  32  6792  42819  0  0  220  3  1  990  88  0  0  41  26  137  327  4  0  0  3  256  7311  5552  0  23600  10340  0  0  0  785  2  102  5  0  0  770  30588  17244  1  0  0  0  0  0  0  0  0  0  0  0  0  0  0  0  0  0  0  0  0  0  0  0  0  0  0  0  0  0  0  0  0  0  0  0  0  0  0  0  0  0  0  0  0  0  0  0  0  0  0  0  0  0  0  0  0  0  0  0  0  0  0  0  0  0  0  0  0  0  0  0  0  0  0  1  0  53  2  13  0  0  0  0  0  0  0  
0  11007  0  0  0  0  0  0  0  0  0  0  0  0  0  0  0  0  19  0  77451  1  3  0  2  1  1  0  0  1  0  0  0  24  3  0  61396  2818  0  0  4  0  359  12  0  0  0  14  0  13603  0  0  0  0  1  2  7  16  12529  0  8729  0  0  0  6  0  0  0  0  0  9  34783  3205  0  0  0  0  0  0  0  0  0  0  0  0  0  0  0  0  0  0  0  0  0  0  0  0  0  0  0  0  0  0  0  0  0  0  0  0  0  0  0  0  0  0  0  0  0  0  0  0  0  0  0  0  0  0  0  0  0  0  0  0  0  0  0  0  0  0  0  0  0  0  0  0  0  0  0  1  0  3494  0  0  0  0  0  0  0  0  0  
0  28162  0  3  0  0  0  0  2  1  39  3  0  0  0  0  6  0  3192  170  100769  87983  45922  0  58  298  34  4  0  19  0  0  2  35  31  26  2789  85  0  0  1209  68  3665  24836  194  0  0  67  167  20853  16810  5  0  1  31  128  12330  1857  16800  9909  0  1  0  0  153  0  64  11  0  0  184  31734  2511  1  0  0  0  0  0  0  0  0  0  0  0  0  0  0  0  0  0  0  0  0  0  13  0  0  0  0  0  0  0  0  0  0  0  0  0  0  0  0  0  0  0  0  0  0  0  0  0  0  0  0  0  0  0  0  0  0  0  0  0  0  2  0  0  0  0  0  0  0  0  0  0  0  0  0  28  0  72853  5  11  0  0  0  0  2  0  0  
16922  0  0  0  2866  328  4  0  0  0  0  0  2921  33713  9441  218  0  0  0  0  0  0  0  28417  0  0  6  0  1  0  2  4  0  0  0  0  0  0  14  1  0  0  0  0  11  0  706  0  63  0  0  16642  322  246  0  0  0  0  0  0  0  0  140  22790  0  42  2  50  4  421  3  0  0  0  0  0  0  0  0  0  0  0  0  0  0  0  0  0  0  0  0  0  0  0  0  0  0  0  0  0  0  0  0  0  0  0  0  0  0  0  0  0  0  0  0  0  0  0  0  0  0  0  0  0  0  0  0  0  0  0  0  0  0  0  0  0  0  0  0  0  0  0  0  0  0  0  0  0  0  94  0  0  1423  13  0  1  0  0  0  0  
6887  0  0  0  440  1061  0  0  0  0  0  0  0  17  34  185  8509  22005  0  0  0  0  6484  62016  0  0  0  0  0  0  73113  16154  0  0  933  0  0  0  5  0  0  0  575  0  2  0  1928  538  36  0  0  667  7  33  0  0  0  0  0  0  0  1295  0  19269  0  9  1  7  0  18038  0  0  0  0  0  0  0  0  0  0  0  0  0  0  0  0  0  0  1  0  0  0  0  0  0  0  0  1  0  0  0  0  0  0  8  0  0  0  0  0  0  0  0  0  0  0  0  0  0  0  0  0  0  0  0  0  1  0  0  0  0  0  0  0  0  0  0  0  0  0  0  0  0  1  0  0  0  0  9424  15  61  931  82685  15826  0  0  0  1  0  0  
26255  0  0  0  3572  673  0  0  0  0  0  5  694  13845  94  1262  0  2  0  0  0  0  4  125534  0  0  3  0  0  0  246  407  0  9  1  0  0  0  890  15  0  0  4  0  10  0  14000  0  1303  0  0  5706  39  134  0  0  0  0  0  0  0  40022  13660  0  0  64  5  44  0  13112  0  0  0  0  0  0  0  0  0  0  0  0  0  0  0  0  0  0  0  0  0  0  0  0  0  0  0  0  0  0  0  0  0  0  0  0  0  0  0  0  0  0  0  0  0  0  0  0  0  0  0  0  0  0  0  0  0  0  0  0  0  0  0  0  0  0  0  0  0  0  0  0  0  0  0  0  0  0  0  72  0  0  7518  287  0  0  0  0  0  0  
0  348  0  0  0  0  2  2  218  2380  65999  0  0  0  1  0  7  0  113  85116  167  2435  5  0  51  239  27416  4  2  126970  0  0  0  0  0  4  0  1  0  0  81  14  0  85368  71  19  0  11  21  0  112  0  0  7  9  9206  1987  40571  881  2  169  0  0  0  0  13  2601  5  12  0  57358  25  391  0  0  0  0  0  0  0  0  0  0  1  2  0  0  0  0  0  0  0  0  1  0  9  0  0  0  0  0  0  0  21  0  0  0  0  0  0  0  0  0  0  0  0  0  0  0  0  0  0  0  0  0  0  0  0  0  0  0  0  0  0  0  0  0  0  0  0  0  0  0  0  1  0  0  0  0  27  15  7  156  8  0  0  0  0  0  0  
217  0  0  0  431  63154  42722  30611  42679  63865  0  0  0  13  635  1896  25  4  0  4  0  46  1  35  0  1  96  66  502  212  1  20590  0  0  0  0  0  0  0  0  40  0  0  35  732  52  96  8  105  0  0  2536  1020  2343  0  9  0  0  0  0  0  124  34  104  99  0  788  136  1564  71  275  0  0  0  14  0  0  0  1  2275  89  355  10  2  0  0  0  0  6  1  0  0  0  0  0  0  0  2  0  0  0  0  0  0  17  1482  0  0  0  0  0  0  0  0  3  0  0  0  0  0  1  0  1  0  0  20  43  8  0  6  0  0  0  0  0  0  1  0  1  20934  0  0  0  1  0  0  0  0  1  34914  17  6331  1773  574  2  740  1  226  28  64  
2  14  9061  3761  3  3  33  456  4219  455  0  413  0  11  12  28  2172  10  10  469  5  0  0  0  26  133150  80642  132213  941  2861  0  0  11  1  1  10882  0  1  1  20  23151  0  0  17  156028  26981  15  861  24544  0  1  280  3  527  174  42485  25  76  28  0  36  4  0  6  1602  630  0  2177  1535  0  6905  5  104  1  0  0  0  0  0  0  0  0  0  0  0  0  0  0  0  0  0  0  0  0  0  0  0  0  0  0  0  0  0  0  0  0  0  0  0  0  0  0  0  0  0  0  0  0  0  0  0  0  0  0  0  0  0  0  0  0  0  0  0  0  0  0  0  0  0  1  0  0  0  0  0  0  0  0  1  1350  60  198  11737  269  0  0  0  0  0  0  
73  0  0  26859  57  31  37  0  51  1  0  56208  0  52  46304  13  43  23  0  4  0  0  0  4  0  97  253  42  102921  0  0  0  48  0  0  9  0  0  1  112  379  0  0  1  79367  2  67  396  41124  0  0  46646  36  43246  0  32  0  0  1  0  2  68  4  40  6  162  657  0  8889  9  101  0  2  0  0  0  0  0  0  0  0  0  0  0  0  0  0  0  0  0  0  0  0  0  0  0  0  0  0  0  0  0  0  0  0  0  0  0  0  0  0  0  0  0  0  0  0  0  0  0  0  0  0  0  0  0  0  0  0  0  0  0  0  0  0  0  0  0  0  2  0  0  0  0  0  0  0  0  3  2355  95  44  26461  36  0  0  0  0  0  0  
1  0  19154  0  3  1  38  30700  102  66  0  4  0  0  27417  39834  2272  0  0  6  0  0  0  0  0  0  538  226  84021  1  0  0  0  0  0  0  0  0  0  0  269  0  0  0  70518  9269  0  359  1082  0  0  34  0  40315  0  41  1  0  0  0  0  0  0  0  20  1699  1313  8247  0  0  265  0  0  0  0  0  0  0  0  0  0  0  0  0  0  0  0  0  0  0  0  0  0  0  0  0  0  0  0  0  0  0  0  0  0  0  0  0  0  0  0  0  0  0  0  0  0  0  0  0  0  0  0  0  0  0  0  0  0  0  0  0  0  0  0  0  0  0  0  3  0  0  0  0  0  0  0  0  0  32233  0  12  6748  193  0  0  0  0  0  0  
20196  0  0  0  10337  41745  0  0  0  0  0  0  1  7  8  42445  0  0  0  0  0  0  1  13170  0  0  0  0  0  0  41184  24424  0  0  0  0  0  0  0  0  0  0  0  0  0  0  72  1  2  0  0  38  35  12  0  0  0  0  0  0  0  289  15240  11173  0  18  1  2  0  0  0  0  0  0  1  0  0  0  0  1366  0  0  0  0  0  0  0  0  0  38  0  0  0  0  0  0  0  0  0  0  0  0  0  0  107  1  0  0  0  0  0  0  0  0  0  0  0  0  0  0  0  0  0  0  0  0  0  0  0  0  0  0  0  0  0  0  1  0  0  1  0  0  0  161  0  0  0  0  1  1  16  95  9249  2661  0  0  0  1  1  0  
0  59  30  0  0  3  95  395  30415  42  2  0  0  0  1  0  11  0  22  1563  45  3  0  0  5  112  26071  123  53  66842  0  0  0  0  0  1  0  0  0  0  107  1  0  60  656  27275  0  24  33  0  7  1  0  46  5  720  156  223  206  1  30  0  0  0  61427  278  11656  12  62  0  0  2  64  0  0  0  88  0  0  0  0  4  82  0  0  0  0  0  0  0  0  0  0  0  0  0  0  0  0  0  0  0  0  2685  0  0  0  0  0  0  0  0  0  0  0  0  0  0  0  491  0  0  0  0  0  0  0  0  0  0  0  0  0  0  0  0  0  0  0  5  0  0  0  0  1104  0  0  0  0  111  0  1  576  24  0  0  0  0  0  0  
0  28643  0  1  0  0  0  0  0  0  0  0  0  0  0  0  0  0  221  1  14421  0  2867  0  9  12  0  0  0  5  0  0  1  361  34  5  160130  130019  0  0  61  0  23275  18  22  0  0  95  5  19016  10  2  0  0  0  11  39  263  31184  54230  23040  0  0  0  24  0  8  1  0  0  24  0  56698  0  0  0  0  0  0  0  0  0  0  0  0  0  0  0  0  0  0  0  0  0  0  0  0  0  0  0  0  0  0  0  0  0  0  0  0  0  0  0  0  0  0  0  0  0  0  0  0  0  0  0  0  0  0  0  0  0  0  0  0  0  0  0  0  0  0  0  0  0  0  0  0  0  0  0  9  0  6949  0  3  0  0  0  0  0  0  0  
0  1814  0  8  0  0  0  0  4  2  0  10  0  0  0  0  5  3  79259  14  7730  7  56  0  105636  29614  239  14  0  6  0  0  2089  131325  16560  22370  217  205319  0  0  19976  1  7286  127  581  0  0  101528  329  1458  15  15  0  0  40117  6230  8424  5213  11484  6702  16215  0  0  0  637  0  754  49  1  0  158  41365  0  4998  0  0  0  0  0  0  0  0  0  0  0  0  0  0  0  0  0  0  0  0  0  0  0  0  0  0  0  0  0  0  0  0  0  0  0  0  0  0  0  0  0  0  0  0  0  0  0  0  0  0  0  0  0  0  0  0  0  0  0  0  0  0  0  0  0  0  0  0  0  0  0  0  0  0  92  2  5763  166  126  0  0  0  0  0  0  0  
0  0  0  411  0  0  0  0  0  0  0  1  0  0  0  0  0  3  0  0  0  0  0  0  0  140  0  0  0  0  0  0  30841  23732  8  45156  0  0  0  0  15442  0  0  0  6  0  0  17930  20  0  0  0  0  0  0  3  0  0  0  0  0  0  0  0  0  0  1  1  0  0  1  0  6027  0  0  0  0  0  0  0  0  0  0  0  0  0  0  0  0  0  0  0  0  0  0  0  0  0  0  0  0  0  0  0  0  0  0  0  0  0  0  0  0  0  0  0  0  0  0  0  0  0  0  0  0  0  0  0  0  0  0  0  0  0  0  0  0  0  0  0  0  0  0  0  0  0  0  0  12  0  2  17  24  0  0  0  0  0  0  0  
0  0  0  0  0  0  0  0  0  0  0  0  0  0  0  1  0  0  0  0  0  0  0  0  0  0  0  0  0  0  124  0  0  0  0  0  0  0  0  0  0  0  0  0  0  0  0  0  0  0  0  0  0  0  0  0  0  0  0  0  0  0  0  0  0  1  0  0  0  0  0  0  0  0  0  0  0  2  53104  38049  95  1  0  0  0  4  2  56  11897  8935  0  3  0  0  0  0  0  63555  0  0  0  0  0  0  18778  17  0  0  0  0  0  0  7  0  0  0  0  0  8  0  432  0  2  0  0  1482  22156  880  0  0  0  0  0  0  0  13768  1206  3929  0  623  1  12  2  12526  0  0  0  0  0  0  0  0  0  0  0  7283  0  0  5720  0  
0  0  0  0  0  0  0  0  0  0  0  0  0  0  0  0  0  0  0  0  0  0  0  0  0  0  0  0  0  0  0  0  0  0  0  0  0  0  0  0  0  0  0  0  0  0  0  0  0  0  0  0  0  0  0  0  0  0  0  0  0  0  0  0  0  0  0  0  0  0  0  0  0  0  0  0  0  0  0  0  0  0  0  0  0  0  0  0  0  0  0  0  29300  0  8265  609  3  0  0  0  0  0  0  0  0  0  0  0  1  0  38952  6  0  0  1  30940  4  2109  0  0  0  25  0  0  26316  0  0  0  0  22  6550  56  43013  35839  34120  0  0  0  19  0  0  0  0  0  0  13536  288  0  0  0  0  0  0  0  0  0  85  0  0  0  
0  0  13565  0  0  0  0  6  7  0  0  0  0  0  0  1877  0  0  0  0  0  0  0  0  0  0  0  5  0  174  0  0  0  0  0  0  0  0  0  0  0  0  0  0  9  204  0  0  0  0  0  0  0  0  0  0  0  0  0  0  0  0  0  0  0  0  0  0  0  0  73  0  0  0  0  0  0  0  0  0  8  325  424  0  0  0  0  0  0  32276  0  0  0  0  0  0  0  0  0  0  12047  20729  37151  19009  0  0  0  0  0  0  0  0  0  0  0  0  0  0  34222  58398  0  0  0  0  0  0  0  0  0  1  0  0  0  0  0  0  0  0  0  0  16647  0  1030  0  1  0  0  0  0  0  0  0  0  0  0  3  0  0  0  0  
0  0  0  0  0  0  0  0  0  0  0  0  0  0  0  0  0  0  0  0  0  0  0  0  0  0  0  0  0  0  0  0  0  0  0  0  0  0  0  0  0  0  0  0  0  0  0  0  0  0  0  0  0  0  0  0  0  0  0  0  0  0  0  0  0  0  0  0  0  0  0  0  0  0  21  0  0  0  0  0  0  1  0  0  0  28278  0  41  8  0  12  15  0  0  0  0  0  8  15  47358  1  20792  32942  0  0  0  1454  580  1  387  0  0  0  0  17988  0  0  0  24348  0  3  126  35288  0  0  135  2  11  29  55  0  0  0  0  0  24  0  4  0  1  1236  19373  3  0  1  0  42  80  0  0  0  0  0  0  1  38  3  7  1131  22  
0  0  0  0  0  8  0  0  0  0  0  0  0  0  0  746  0  0  0  0  0  0  0  0  0  0  0  0  0  0  0  0  0  0  0  0  0  0  0  0  0  0  0  0  0  0  0  0  0  0  0  0  0  0  0  0  0  0  0  0  0  0  0  0  0  0  0  0  0  0  0  0  0  0  54412  0  0  0  0  55269  87  0  0  0  0  0  0  0  9993  86069  0  0  0  0  0  0  0  874  0  0  0  0  0  0  1348  0  0  0  0  0  0  0  0  0  0  0  0  0  0  0  2  0  0  0  0  248  36309  339  0  0  0  0  0  0  0  9  26  637  0  478  0  11  1  11496  0  0  0  0  0  0  0  0  0  0  0  505  0  0  209  2  
0  0  0  0  11  2144  15  0  0  0  0  0  0  0  22  2520  0  0  0  0  0  0  0  0  0  0  0  0  0  0  852  121  0  0  0  0  0  0  0  0  0  0  0  0  0  0  3  0  0  0  0  25  54  27  0  0  0  0  0  0  0  1  2  1  0  3109  1  0  0  1431  0  0  0  0  38846  0  0  0  70798  0  31925  52  21  0  0  2  7  76  18743  136193  0  3  0  0  0  0  0  7931  0  0  0  0  4  0  3198  5505  0  0  0  0  0  0  4  0  0  0  0  0  13  2  312  0  6  0  0  4469  11958  18392  0  1  0  0  0  0  0  255  15269  12688  0  50973  0  312  104  54570  0  0  0  0  0  4  0  0  39  0  0  16445  0  0  7098  7  
0  0  0  0  0  181  587  87  2  0  0  0  0  0  0  680  0  0  0  0  0  0  0  0  0  0  0  0  0  0  0  0  0  0  0  0  0  0  0  0  0  0  0  0  0  0  0  0  0  0  0  0  0  1  0  0  0  0  0  0  0  0  0  0  0  113  0  0  0  0  0  0  0  0  62  0  0  0  36  33498  0  29827  5753  30  0  0  0  0  1550  97136  0  0  0  0  0  0  0  27  0  0  31  5  73  2  0  0  0  0  0  0  0  0  0  0  6  0  0  0  454  277  9  0  0  0  0  1880  80  61524  0  72  0  0  0  0  0  16  0  2  2  31121  64  666  1651  0  21  0  1  0  0  3  0  0  1  0  0  3746  0  0  327  2  
0  0  31  0  0  77  372  865  245  7  0  0  0  0  0  3504  0  0  0  0  0  0  0  0  0  0  0  0  0  9  0  0  0  0  0  0  0  0  0  0  0  0  0  0  0  89  0  0  0  0  0  0  0  0  0  0  0  0  0  0  0  0  0  0  0  270  0  0  0  0  3  0  0  0  0  0  739  1  0  123  44297  0  21691  17  0  0  0  0  491  106958  0  0  0  0  0  0  0  1  0  2  117  327  7189  4  0  0  0  0  0  0  0  0  0  0  26  0  0  0  15949  30982  0  0  12  0  0  13  0  6814  0  292  0  0  0  0  0  1  0  0  1  25996  824  299  28389  0  73  0  0  0  0  1  0  0  0  0  0  470  0  2  116  10  
0  0  4  0  0  0  1  50  285  84  2  0  0  0  0  29  0  0  0  0  0  0  0  0  0  0  0  0  0  171  0  0  0  0  0  0  0  0  0  0  0  0  0  1  0  25  0  0  0  0  0  0  0  0  0  0  0  0  0  0  0  0  0  0  10  12  0  0  0  0  253  0  0  0  0  0  962  3  0  9  9174  17414  0  13755  2  0  0  1  49  27  0  0  0  0  0  24  1  0  3  12  1761  39  38  12839  0  0  1  0  0  0  0  0  0  0  79  0  0  2  864  34593  0  19  22  0  0  3  0  114  3  2135  0  0  0  0  0  0  0  0  12313  34899  252  30  247  0  27108  0  21  0  0  1  0  9  0  0  0  160  88  372  66  2  
0  0  0  0  0  0  0  0  1  64  1  0  0  0  0  0  0  0  0  0  0  1  0  0  0  0  0  0  0  17  0  0  0  0  0  0  0  0  0  0  0  0  0  0  0  0  0  0  0  0  0  0  0  0  0  0  0  0  0  0  0  0  0  0  3  4  0  0  0  0  0  0  0  0  0  0  0  12  0  0  26  9  14176  0  3  1  0  0  0  0  2  0  13  0  0  1820  3841  0  5  87  31  0  3  18981  0  0  7  0  0  0  0  0  0  0  490  0  0  25240  42  14  0  94  57  0  0  2  0  0  3  266  12  5  29  0  7  0  0  0  15617  14192  38  0  0  0  9137  0  22  2  0  0  0  21  0  0  0  8  5552  3173  66  3  
0  0  0  0  0  0  0  0  0  0  892  0  0  0  0  0  0  0  0  0  0  197  0  0  0  0  0  0  0  25  0  0  0  0  0  0  0  0  0  0  0  17  0  974  0  0  0  0  0  0  0  0  0  0  0  0  0  0  0  0  0  0  0  0  0  0  0  0  0  0  0  0  0  0  0  7  0  0  0  0  0  0  0  0  0  0  0  0  0  0  0  0  103  102525  1  1536  0  0  0  0  61  0  0  23268  0  0  0  0  0  0  0  0  0  0  0  40376  0  125228  0  1  0  0  0  0  16  0  0  0  0  0  576  11679  2  0  10  0  0  0  87642  0  0  0  0  0  25  0  0  0  0  0  0  0  0  0  0  0  0  0  0  0  
0  0  0  0  0  0  0  0  0  0  0  0  0  0  0  0  0  0  0  0  0  0  0  0  0  0  0  0  0  0  0  0  0  0  0  0  0  0  0  0  0  0  0  0  0  0  0  0  0  0  0  0  0  0  0  0  0  0  0  0  0  0  0  0  0  0  0  0  0  0  0  0  0  0  20  0  0  31566  0  0  0  0  0  0  0  0  5  39241  36  0  33  374  0  0  0  0  0  59  0  92  0  2  4127  0  0  0  230  449  124  0  0  0  588  15746  21  0  0  0  233  0  80  166  47685  0  0  9033  7  14  0  0  0  0  0  0  0  31  0  25  0  0  21  79753  0  0  0  0  0  0  0  0  0  0  0  0  0  26  0  0  1003  0  
0  0  0  0  0  0  0  0  0  0  0  0  0  0  0  0  0  0  0  0  0  0  0  0  0  0  0  0  0  0  0  0  0  0  0  0  0  0  0  0  0  0  0  0  0  0  0  0  0  0  0  0  0  0  0  0  0  0  0  0  0  0  0  0  0  0  0  0  0  0  0  0  0  0  321  0  0  1  0  26  0  0  0  0  0  42  0  21021  2  0  0  0  0  0  0  0  0  35170  0  0  0  0  0  0  0  0  0  10  10  0  0  0  16270  0  1  0  6  0  2  0  5103  0  33  0  0  109  50  4  0  0  0  0  0  0  0  7304  23  2194  0  0  0  19  0  0  0  0  0  0  0  0  0  0  0  0  0  52  0  0  178  0  
0  0  0  0  0  0  0  0  0  0  0  0  0  0  0  0  0  0  0  0  0  0  0  0  0  0  0  0  0  0  0  0  0  0  0  0  0  0  0  0  0  0  0  0  0  0  0  0  0  0  0  0  0  0  0  0  0  0  0  0  0  0  0  0  0  0  0  0  0  0  0  0  0  0  274  0  0  13  0  27  0  0  0  0  0  28476  19658  0  4322  0  0  2  0  0  0  0  0  482  0  1  0  0  8  0  0  0  0  4  1  0  0  0  34297  15088  0  0  0  0  47  0  187  1  2121  0  0  53724  34  14  0  0  0  0  0  0  0  25426  9  1396  0  1  2  256  0  0  0  0  0  0  0  0  0  0  0  0  0  225  0  0  1998  0  
0  0  0  0  0  0  0  0  0  0  0  0  0  0  0  0  0  0  0  0  0  0  0  0  0  0  0  0  0  0  0  0  0  0  0  0  0  0  0  0  0  0  0  0  0  0  0  0  0  0  0  0  0  0  0  0  0  0  0  0  0  0  0  0  0  0  0  0  0  0  0  0  0  0  8929  0  0  21  11259  17389  223  17  12  1  0  25  0  5441  0  25779  0  1  0  0  0  0  0  13713  0  2  0  3  2547  0  0  0  0  0  0  0  0  0  0  0  9  0  0  0  217  6  59  0  39  0  0  141022  129953  76582  0  0  0  0  0  0  0  22277  2  50  0  746  56  70803  24536  0  0  0  0  0  0  0  0  0  0  0  0  1292  0  0  2573  6  
0  0  3519  0  0  710  497  676  6  0  0  0  0  0  0  36119  0  0  0  0  0  0  0  0  0  0  0  0  0  1  14  0  0  0  0  0  0  0  0  0  0  0  0  0  0  959  0  0  0  0  0  0  0  0  0  0  0  0  0  0  0  0  0  0  0  0  0  0  0  25  0  0  0  0  10792  0  31025  0  101288  123428  69259  103386  64  1  0  0  0  0  35550  0  0  0  0  0  0  0  0  104  0  2  26  826  31255  0  9549  0  0  0  0  0  0  0  0  0  12  0  0  0  7036  19453  1  0  1  0  0  642  735  222178  0  2  0  0  0  0  0  4  3  23  0  475  1647  245  29571  10185  0  0  0  0  0  0  0  0  0  0  0  743  0  0  105  2  
0  0  0  0  0  0  0  0  0  0  0  0  0  0  0  0  0  0  0  0  0  0  0  0  0  0  0  0  0  0  0  0  0  0  0  0  0  0  0  0  0  0  0  0  0  0  0  0  0  0  0  0  0  0  0  0  0  0  0  0  0  0  0  0  0  0  0  0  0  0  0  0  0  0  0  0  0  11  0  0  1  0  0  0  0  77  0  0  0  0  0  62059  0  0  0  0  16641  10  1  16  1  0  2  0  0  0  1648  8  8922  11  0  0  0  0  10970  0  294  0  173  1  503  54920  20417  0  0  1  0  1  4  18  0  1  0  0  0  0  14  0  1  7  447  2  0  0  1  0  11  8  0  0  0  0  0  0  3318  4  61  573  43701  10  
0  0  0  0  0  0  0  0  0  0  0  0  0  0  0  0  0  0  0  0  0  0  0  0  0  0  0  0  0  0  0  0  0  0  0  0  0  0  0  0  0  0  0  0  0  0  0  0  0  0  0  0  0  0  0  0  0  0  0  0  0  0  0  0  0  0  0  0  0  0  0  0  0  0  0  0  0  46  0  0  0  0  0  0  0  702  0  6  3  0  55939  0  0  0  0  0  35452  15286  0  1  0  0  0  0  0  0  200  31  5084  3  0  1  131  26  59  0  133  0  34  0  31360  1208  48170  0  0  61  0  10  0  0  0  0  0  0  0  0  3851  9  0  0  12  1  0  0  0  0  4  2  0  0  0  0  0  0  2561  25  24  272  38915  30  
0  0  0  0  0  0  0  0  0  0  0  0  0  0  0  0  0  0  0  0  0  0  0  0  0  0  0  0  0  0  0  0  0  0  0  0  0  0  0  0  0  0  0  0  0  0  0  0  0  0  0  0  0  0  0  0  0  0  0  0  0  0  0  0  0  0  0  0  0  0  0  0  0  0  0  30193  0  1  0  0  0  0  0  1  40  0  0  0  0  0  0  0  0  9608  232  349  0  0  37037  1  122  0  0  21  0  0  1  0  1  0  7  16  0  0  27  30029  0  4471  1  0  0  59  2  0  4162  0  0  0  1  8786  141288  64583  51548  71  1166  0  0  0  486  1  0  0  0  0  14  84  57400  0  0  0  0  0  0  0  6  0  24  21  2  0  
0  0  0  0  0  0  0  0  0  0  17  0  0  0  0  0  0  0  0  0  0  0  0  0  0  0  0  0  0  1  0  0  0  0  0  0  0  0  0  0  0  0  0  0  0  0  0  0  0  0  0  0  0  0  0  0  0  0  0  0  0  0  0  0  0  0  0  0  0  0  0  0  0  0  1  13  0  0  0  0  0  0  0  0  94524  0  0  0  0  0  0  0  12152  0  3  18  0  0  349  0  10773  0  0  22116  0  0  1  0  0  0  0  0  0  0  5  22932  0  13498  0  0  0  0  1  0  11  0  0  0  1  16417  456  75514  300  4  58  0  0  0  70137  0  1  0  0  0  32  0  33  0  0  0  0  0  0  0  0  0  0  0  6  1  
0  0  0  0  0  0  0  0  0  0  0  0  0  0  0  0  0  0  0  0  3  0  0  0  0  0  0  0  0  0  0  0  0  0  0  0  0  0  0  0  0  0  0  0  0  0  0  0  0  0  0  0  0  0  0  0  0  0  0  0  3  0  0  0  0  0  0  0  0  0  0  0  0  0  0  16530  0  0  0  0  0  0  0  0  0  0  0  0  0  0  0  0  530  1  0  3085  1632  0  0  0  0  0  0  0  0  1  0  0  1  0  3712  77  0  0  1  607  167  163  0  0  0  1  0  45041  28951  0  0  0  0  2  355  21  561  92936  89970  0  0  0  4  0  0  0  0  0  0  101  11  0  0  0  0  0  0  0  0  0  305  12  0  0  
0  1  0  0  0  0  0  0  0  1  73  0  0  0  0  0  0  0  0  0  1  1772  0  0  0  0  0  0  0  4  0  0  0  0  0  0  0  0  0  0  0  2  0  138  0  0  0  0  0  0  0  0  0  0  0  0  0  0  0  0  15  0  0  0  5  0  0  0  0  0  0  0  0  0  0  2913  0  0  0  0  0  0  13  2921  1428  0  0  0  0  0  0  0  704  3  1117  0  24710  0  0  0  0  0  0  563  0  0  0  0  0  0  0  0  0  0  0  57347  0  92586  0  0  0  1  0  0  33768  0  0  0  0  2  459  47  652  45  159501  0  0  0  1040  0  0  0  0  0  3  1  9  0  0  0  0  2  0  0  0  0  652  30  0  0  
0  0  0  0  0  0  0  0  0  0  0  0  0  0  0  0  0  0  0  0  0  0  0  0  0  0  0  0  0  0  0  0  0  0  0  0  0  0  0  0  0  0  0  0  0  0  0  0  0  0  0  0  0  0  0  0  0  0  0  0  0  0  0  0  0  0  0  0  0  0  0  0  0  0  0  16  0  0  0  0  0  0  0  3660  0  12  0  0  0  0  19306  31195  0  0  1334  20277  0  8814  7  2  0  0  0  0  0  1  0  0  20505  0  297  3  0  0  17  0  40189  14185  0  0  170  12543  40  1653  4  0  0  0  9  11  0  0  42  160  42731  0  3020  1  1  1  0  0  0  0  0  65  104  0  0  0  0  1  0  0  17879  28  88181  241  2426  45  
0  0  0  0  2  0  0  0  0  0  0  0  0  0  0  0  0  0  0  0  0  0  0  1  0  0  0  0  0  0  32  0  0  0  0  0  0  0  0  0  0  0  0  0  0  0  0  0  0  0  0  0  0  0  0  0  0  0  0  0  0  0  0  0  0  0  0  0  0  0  0  0  0  0  66200  0  0  18  2499  8110  30  0  0  0  0  101  35263  2279  15409  337  3  22291  0  0  0  0  14221  0  0  0  0  0  0  0  28672  118  0  8  50  0  0  0  459  4  1  0  95  0  71  0  42747  3  145  0  0  1055  697  223  0  0  0  0  0  0  0  40927  110747  129889  0  49  1  57  0  3201  0  0  0  0  0  0  0  0  0  0  19  4032  1  15  13499  18  
0  0  0  0  0  0  0  0  0  0  0  0  0  0  0  0  0  0  0  0  0  0  0  0  0  0  0  0  0  0  0  0  0  0  0  0  0  0  0  0  0  0  0  0  0  0  0  0  0  0  0  0  0  0  0  0  0  0  0  0  0  0  0  0  0  0  0  0  0  0  0  0  0  0  2  0  0  23  0  0  0  0  4  2  0  4  0  3  0  0  4  0  35548  5  0  0  0  1  0  20151  70  1  0  2  0  0  13  10048  5  2649  0  528  0  0  2535  0  3  1  54  2  1  429  151  0  0  7  0  0  35351  74672  8  1131  11  0  11  1  0  0  5  1  115  11  2  0  24  0  136750  32  0  0  0  0  0  0  14  2  126  97  449  9  
0  0  0  0  0  0  0  0  0  0  0  0  0  0  0  0  0  0  0  0  0  0  0  0  0  0  0  0  0  0  0  0  0  0  0  0  0  0  0  0  0  0  0  0  0  0  0  0  0  0  0  0  0  0  0  0  0  0  0  0  0  0  0  0  0  0  0  0  0  0  0  0  0  0  15  0  0  53592  0  0  1  1  7  2  0  149  0  34  5  0  13  2  0  0  0  0  2  8  20061  0  1  29770  15  1  0  0  785  4037  7  100473  0  3  1  1  67453  0  0  0  14891  0  3  635  6824  0  0  76  2  8  25417  25988  0  4  3  0  0  16  0  6  2  10  82011  531  7  0  8  1  3987  186  0  0  0  0  0  0  25  37  99  129  1861  72  
0  0  0  0  0  0  0  0  0  0  0  0  0  0  0  0  0  0  0  0  0  0  0  0  0  0  0  0  0  0  0  0  0  0  0  0  0  0  0  0  0  0  0  0  0  0  0  0  0  0  0  0  0  0  0  0  0  0  0  0  0  0  0  0  0  0  0  0  0  0  0  0  0  0  1  3  10669  1  0  2  116  249  2275  241  24  0  0  0  6  5  0  0  1012  7299  2  8  0  0  305  8  0  2310  221  99460  0  0  0  0  0  1  0  0  0  0  279  0  0  19  661  52099  0  12  15  0  1  0  0  13  35  158934  73  182  169  1  29  1  0  0  3278  79  49406  5  965  0  31011  0  157  1  0  0  0  0  0  0  0  28  1  3  291  6  
0  0  1  0  0  0  0  0  0  0  0  0  0  0  0  0  0  0  0  0  0  0  0  0  0  0  0  0  0  0  0  0  0  0  0  0  0  0  0  0  0  0  0  0  0  0  0  0  0  0  0  0  0  0  0  0  0  0  0  0  0  0  0  0  0  0  0  0  0  0  0  0  0  0  1  0  25667  21633  0  0  14  156  83  8  0  9  0  3  2  320  0  0  0  0  0  0  0  1  0  36248  1714  0  7538  13  0  0  0  1  0  0  0  0  0  0  47  0  0  0  170214  6518  0  3  351  0  0  9  0  5  6  1138  1  0  0  0  0  1  0  0  0  35  139571  51  327  0  6  0  3  0  0  0  0  0  0  0  0  27  0  0  129  8  
0  0  959  0  0  0  0  0  0  0  0  0  0  0  0  88  0  0  0  0  0  0  0  0  0  0  0  0  0  0  0  0  0  0  0  0  0  0  0  0  0  0  0  0  0  0  0  0  0  0  0  0  0  0  0  0  0  0  0  0  0  0  0  0  0  0  0  0  0  0  0  0  0  0  2  0  27037  55565  0  2  155  13457  87  4  0  4153  0  3  3482  22658  0  1  0  0  0  0  0  0  0  14  86  7990  0  2  0  0  0  0  0  0  0  0  0  0  21  0  0  0  172938  946  0  0  384  0  0  1139  0  2447  0  28  0  0  0  0  0  3  0  0  1  41  1430  76961  94878  0  8  0  0  0  0  0  0  0  0  0  1  1032  0  0  1191  124  
0  0  213  0  0  0  0  0  7  0  946  0  0  0  0  0  0  0  0  0  0  7  0  0  0  0  8  0  0  12464  0  0  0  0  0  0  0  0  0  0  0  0  0  9  0  193  0  0  0  0  0  0  0  0  0  0  0  0  0  0  0  0  0  0  27  0  0  0  0  0  4538  0  0  0  0  6  11456  0  0  0  3  1  15075  18150  15902  0  0  0  0  0  0  0  165  14152  3  850  0  0  31  3  103586  3  4  0  0  0  0  0  0  0  0  0  0  0  85  1  0  261  12  50788  0  3  5  0  7  1  0  0  10  2828  83  273  198  1  48  0  0  0  107700  3  303  1  2  0  89099  0  67  0  0  0  0  0  0  0  0  1  1  2  85  0  
0  0  0  0  0  8  0  0  0  0  0  0  0  0  0  18  0  0  0  0  0  0  0  37  0  0  0  0  0  0  2183  69  0  0  0  0  0  0  0  0  0  0  0  0  0  0  0  0  0  0  0  0  0  0  0  0  0  0  0  0  0  0  0  0  0  0  0  0  0  182  0  0  0  0  16218  0  0  0  662  1401  0  0  0  0  0  0  0  0  0  5737  0  0  0  0  0  0  0  14230  0  0  0  0  0  0  0  17982  0  0  0  0  0  0  0  0  0  0  0  0  0  0  1  0  0  0  0  0  0  0  0  0  0  0  0  0  0  0  64362  5  0  2  0  0  0  54248  0  0  0  0  0  0  0  0  0  1  6  19  9  75  14521  8567  
0  0  0  0  0  13  0  0  0  0  0  0  0  0  0  0  0  0  0  0  0  0  0  0  0  0  0  0  0  0  4  1548  0  0  0  0  0  0  0  0  0  0  0  0  0  0  0  0  0  0  0  0  0  0  0  0  0  0  0  0  0  0  1  0  0  130  0  0  0  1  0  0  0  0  216  0  0  0  0  6357  0  0  0  0  0  0  0  1  0  0  0  1  0  0  0  0  1  114  0  0  0  0  0  0  14146  0  0  0  0  0  0  0  0  0  0  0  0  0  0  0  6  0  0  0  0  0  0  0  0  0  0  0  0  0  0  0  11183  423  0  2801  0  0  0  6277  0  0  0  0  0  0  0  0  1  2  15  9332  15  267  21895  12591  
0  0  0  0  0  0  0  0  0  0  0  0  0  0  0  0  0  0  0  0  0  0  0  0  0  0  0  0  0  0  0  0  0  0  0  0  0  0  0  0  0  0  0  0  0  0  0  0  0  0  0  0  0  0  0  0  0  0  0  0  0  0  0  0  0  0  0  0  0  0  0  0  0  0  1  0  0  498  0  0  0  0  1  1  0  620  0  1  0  0  1263  83  0  0  0  0  1  0  37  281  1  0  1  0  0  0  0  15447  4861  2594  0  1  0  0  17779  0  2  0  6  0  0  36500  220  0  0  1  0  0  5  29  0  1  0  0  0  0  0  0  0  37  6  2  0  0  1  0  20907  42481  0  0  0  0  0  0  1  0  16  40  58  0  
0  0  0  0  0  0  0  0  0  0  0  0  0  0  0  0  0  0  0  0  0  0  0  0  0  0  0  0  0  0  0  0  0  0  0  0  0  0  0  0  0  0  0  0  0  0  0  0  0  0  0  0  0  0  0  0  0  0  0  0  0  0  0  0  0  0  0  0  0  0  0  0  0  0  0  0  0  2422  0  0  0  0  0  0  0  424  10  3  0  0  3  19  2  0  0  0  0  8  10281  9119  0  0  0  0  0  0  12765  0  61834  65608  81  20742  2  0  1710  0  14772  0  1  0  0  17757  16  0  0  0  0  0  7  13  0  11  3  9  0  0  0  0  0  2  1  24  0  0  0  4  80009  17850  0  0  0  0  0  0  11  0  15  57  16  0  
0  0  0  0  0  0  0  0  0  0  0  0  0  0  0  0  0  0  0  0  0  0  0  0  0  0  0  0  0  0  0  0  0  0  0  0  0  0  0  0  0  0  0  0  0  0  0  0  0  0  0  0  0  0  0  0  0  0  0  0  0  0  0  0  0  0  0  0  0  0  0  0  0  0  0  22  0  4  0  0  0  0  0  0  0  229  16  0  0  0  9575  3872  0  0  2  0  23742  31  8  4  0  0  0  0  0  0  4499  56184  0  3  1587  1233  0  0  128  0  54199  0  0  0  12  59789  3  4  0  0  0  0  2  4  0  0  51  147  30  0  0  1  1  0  3  4  0  0  0  201  40285  323  0  0  0  0  0  0  428  0  1509  28  12  0  
0  0  0  0  0  0  0  0  0  0  0  0  0  0  0  0  0  0  0  0  0  0  0  0  0  0  0  0  0  0  0  0  0  0  0  0  0  0  0  0  0  0  0  0  0  0  0  0  0  0  0  0  0  0  0  0  0  0  0  0  0  0  0  0  0  0  0  0  0  0  0  0  0  0  0  0  0  1120  0  0  0  0  0  1  0  0  0  0  0  0  11  0  0  0  0  0  0  1  1047  100000  2  0  0  0  0  0  3310  59861  7  0  0  5  0  0  37252  0  0  0  18  1  0  166  35  0  0  0  0  0  767  1442  0  3  2  0  0  0  0  0  0  4  471  3  0  0  1  0  18643  25825  0  0  0  0  0  0  3  2  22  41  102  0  
0  0  0  0  0  0  0  0  0  0  0  0  0  0  0  0  0  0  0  0  0  0  0  0  0  0  0  0  0  0  0  0  0  0  0  0  0  0  0  0  0  0  0  0  0  0  0  0  0  0  0  0  0  0  0  0  0  0  0  0  0  0  0  0  0  0  0  0  0  0  0  0  0  0  0  40173  0  0  0  0  0  0  0  0  0  0  0  0  0  0  0  0  3  0  2887  0  117  0  0  0  0  0  0  0  0  0  0  36  1049  0  0  34669  0  0  1  0  30748  2  0  0  0  45  0  33092  0  0  0  0  0  0  0  1  5825  83545  5649  0  0  0  0  0  0  0  0  0  0  139758  4305  0  0  0  0  0  0  0  5  0  1151  0  0  0  
0  0  0  0  0  0  0  0  0  0  0  0  0  0  0  0  0  0  0  0  0  0  0  0  0  0  0  0  0  0  0  0  0  0  0  0  0  0  0  0  0  0  0  0  0  0  0  0  0  0  0  0  0  0  0  0  0  0  0  0  0  0  0  0  0  0  0  0  0  0  0  0  0  0  0  36  0  0  0  0  0  0  0  0  0  0  0  0  0  0  0  0  33  0  6  0  7  0  390  0  0  0  0  0  0  0  0  16899  1062  0  35250  0  0  0  2  0  21070  0  0  0  0  117  0  3  0  0  0  0  0  0  0  0  14390  1856  70  0  0  0  0  0  0  0  0  0  0  93585  174743  0  0  0  0  0  0  0  1  0  285  0  0  0  
0  0  0  0  0  0  0  0  0  0  0  0  0  0  0  0  0  0  0  0  0  0  0  0  0  0  0  0  0  0  0  0  0  0  0  0  0  0  0  0  0  0  0  0  0  0  0  0  0  0  0  0  0  0  0  0  0  0  0  0  0  0  0  0  0  0  0  0  0  0  0  0  0  0  640  0  0  1  1  36  1  0  0  0  0  3034  15400  45797  6  0  0  46  0  0  0  0  0  1004  0  0  0  0  0  0  0  0  0  1  0  0  0  0  0  14394  0  0  0  0  10  0  14926  0  12173  0  0  386  125  15  0  0  0  0  0  0  0  3182  82  1390  0  5  1  138  0  0  0  0  0  0  0  0  0  0  0  0  0  270  0  0  780  0  
0  0  0  0  0  0  0  0  0  0  0  0  0  0  0  0  0  0  0  0  0  0  0  0  0  0  0  0  0  0  0  0  0  0  0  0  0  0  0  0  0  0  0  0  0  0  0  0  0  0  0  0  0  0  0  0  0  0  0  0  0  0  0  0  0  0  0  0  0  0  0  0  0  0  17  0  0  0  0  1  0  0  0  0  0  21763  6  30022  0  0  0  54  0  0  0  0  0  21  0  0  0  0  0  0  0  0  0  0  0  0  0  0  8824  0  0  0  0  0  1  0  70  0  5519  0  0  111  12  0  0  0  0  0  0  0  0  57  0  25  0  1  0  61  0  0  0  0  0  0  0  0  0  0  0  0  0  60  0  0  215  0  
0  0  0  0  0  0  0  0  0  4  0  0  0  0  0  0  0  0  0  0  0  0  0  0  0  0  0  0  0  0  0  0  0  0  0  0  0  0  0  0  0  0  0  0  0  0  0  0  0  0  0  0  0  0  0  0  0  0  0  0  0  0  0  0  0  0  0  0  0  0  0  0  0  0  20  0  0  16859  0  1  3  7  48  117  0  101  0  37  30  0  7450  92  4  0  0  0  6  6  7321  84875  218  4  157  41  0  0  14549  2219  30  35518  4  2  0  0  0  0  9  5  7226  28  3  40624  37465  0  0  85  5  32  1567  9974  2  45  9  1  3  24  0  4  52  884  19714  217  59  0  155  2  10987  11471  0  0  0  0  0  0  257  111  2867  2239  54257  308  
0  0  0  0  0  0  0  0  0  0  5  0  0  0  0  0  0  0  0  0  0  87  0  0  0  0  0  0  0  0  0  0  0  0  0  0  0  0  0  0  0  21  0  86  0  0  0  0  0  0  0  0  0  0  0  0  0  0  0  0  0  0  0  0  0  0  0  0  0  0  0  0  0  0  0  38510  0  0  0  0  0  0  0  0  34665  0  0  0  0  0  0  0  29681  18306  267  51542  0  0  0  0  0  0  0  0  0  0  0  0  0  0  0  0  0  0  0  0  0  77143  0  0  0  0  0  0  53937  0  0  0  0  0  49775  1906  203  15  870  0  0  0  6  0  0  0  0  0  0  1  1  0  0  0  0  0  0  0  0  0  0  0  0  0  
0  0  0  0  0  0  0  0  0  0  0  0  0  0  0  0  0  0  0  0  0  0  0  0  0  0  0  0  0  0  0  0  0  0  0  0  0  0  0  0  0  0  0  0  0  0  0  0  0  0  0  0  0  0  0  0  0  0  0  0  0  0  0  0  0  0  0  0  0  0  0  0  0  0  0  7  0  0  0  0  0  0  0  0  0  0  10  0  0  0  229  115  0  0  156  0  45006  27  7  4  0  0  0  0  0  0  3  18852  52841  0  34245  25897  0  0  54  0  0  0  0  0  1  5038  0  12420  0  0  0  0  0  1  0  0  42  569  11731  1  0  2  0  0  0  0  0  0  0  232  10974  2  0  0  0  0  0  0  4933  3  2365  13  122  2  
0  0  0  0  0  0  0  0  0  1  63  0  0  0  0  0  0  0  0  0  0  98  0  0  0  0  0  0  0  1  0  0  0  0  0  0  0  0  0  0  0  11  0  255  0  0  0  0  0  0  0  0  0  0  0  0  0  0  0  0  0  0  0  0  1  0  0  0  0  0  0  0  0  0  0  3958  0  0  0  0  0  0  13  28820  86350  0  0  0  0  0  0  0  5253  5882  226  91979  17194  0  5  5  15  0  0  207  0  0  0  0  0  0  1  0  0  0  21  62165  0  0  0  0  0  5  4  0  8212  0  0  0  5  338  12683  19314  2940  94  22245  0  0  0  66795  3  2  2  0  0  2839  18  219  0  0  0  0  5  0  0  1  0  5230  230  11  0  
0  0  10  0  0  0  0  0  0  0  0  0  0  0  0  0  0  0  0  0  0  0  0  0  0  0  0  0  0  0  0  0  0  0  0  0  0  0  0  0  0  0  0  0  0  0  0  0  0  0  0  0  0  0  0  0  0  0  0  0  0  0  0  0  0  0  0  0  0  0  0  0  0  0  75  0  36209  28098  0  6  257  24182  1156  123  0  139  1  162  1295  6355  3  10  0  0  0  0  0  33  25  19105  1213  155520  157071  5  0  0  1  0  0  29  0  0  1  0  3063  0  0  0  0  27532  24  23  16166  0  0  486  5  1261  162  1175  0  1  0  0  0  101  1  14  6  528  150879  29645  44133  0  77  0  33  0  0  0  0  0  0  0  10  6752  3  6  38776  3973  
0  0  212  0  0  0  0  78  85  0  0  0  0  0  0  238  0  0  0  0  0  0  0  0  0  0  0  0  0  269  0  0  0  0  0  0  0  0  0  0  0  0  0  0  0  217  0  0  0  0  0  0  0  0  0  0  0  0  0  0  0  0  0  0  0  2  0  0  0  0  736  0  0  0  0  0  49692  0  0  0  871  34250  40009  106  0  0  0  0  12  15250  0  0  1  0  0  0  0  0  15  4  67099  9749  2604  58250  0  0  0  1  0  5  0  0  0  0  114  0  0  0  30710  0  0  4  6  0  0  1  0  66  50  7088  1  1  4  0  0  0  0  0  40  307  30054  15  7356  0  11186  0  41  2  0  0  0  0  0  0  0  154  2  1  213  8  
0  0  0  0  0  0  0  0  0  0  0  0  0  0  0  0  0  0  0  0  0  0  0  0  0  0  0  0  0  0  0  0  0  0  0  0  0  0  0  0  0  0  0  0  0  0  0  0  0  0  0  0  0  0  0  0  0  0  0  0  0  0  0  0  0  0  0  0  0  0  0  0  0  0  6226  0  0  6  11  295  19  0  0  0  0  170  5727  1820  55  6  0  22665  0  0  0  0  120  48839  0  0  0  0  0  0  3  0  0  1  1  0  0  0  12274  63  0  0  1  0  24  0  0  0  9314  0  0  2636  790  256  0  0  0  0  0  0  0  3070  13658  12036  0  60  1  47  0  2  0  0  0  0  0  0  0  0  0  0  0  724  0  0  63368  0  
0  0  0  0  0  0  0  0  0  0  0  0  0  0  0  0  0  0  0  0  0  0  0  0  0  0  0  0  0  0  0  0  0  0  0  0  0  0  0  0  0  0  0  0  0  0  0  0  0  0  0  0  0  0  0  0  0  0  0  0  0  0  0  0  0  0  0  0  0  0  0  0  0  0  4  114  0  62  0  0  0  0  16  10  0  392  0  10  1  0  62640  2959  3  0  1  0  7238  4  376  601  30  0  1  5  0  0  36315  14908  51385  28  54  30  0  0  32610  0  6390  0  99  4  5  0  1366  0  0  24  0  3  56  683  2  32  51  204  51  7  1  0  5  207  210  21  1  0  25  222  106995  2876  0  0  0  0  0  0  9043  5  4064  9094  40584  6  
0  0  0  0  0  0  0  0  0  0  0  0  0  0  0  0  0  0  0  0  0  0  0  0  0  0  0  0  0  0  0  0  0  0  0  0  0  0  0  0  0  0  0  0  0  0  0  0  0  0  0  0  0  0  0  0  0  0  0  0  0  0  0  0  0  0  0  0  0  0  0  0  0  0  536  0  0  42324  2  109  24  7  2  1  0  48971  29  7349  201  1  13734  41997  0  0  0  0  806  617  6  3751  2  218  148  2  0  0  147  9  0  12  0  0  11155  5982  33040  0  0  0  40863  0  11788  320  0  0  0  9003  335  785  23  182  0  0  0  0  0  362  739  217  1  56  5780  28505  484  1  5  0  25  2  0  0  0  0  0  0  125  745  4  30  93920  125  
0  0  0  0  0  0  0  0  0  0  0  0  0  0  0  0  0  0  0  0  0  0  0  0  0  0  0  0  0  0  0  0  0  0  0  0  0  0  0  0  0  0  0  0  0  0  0  0  0  0  0  0  0  0  0  0  0  0  0  0  0  0  0  0  0  0  0  0  0  0  0  0  0  0  0  124  0  0  0  0  0  0  0  0  0  0  0  0  0  0  0  0  0  0  55901  0  847  0  0  0  0  0  0  0  0  0  0  0  15  0  48692  76  0  0  0  0  17018  1  0  0  0  4  0  0  0  0  0  0  0  0  0  0  5  19703  17523  0  0  0  0  0  0  0  0  0  0  660  41  0  0  0  0  0  0  0  2  0  995  0  0  0  
0  0  0  0  0  0  0  0  0  0  0  0  0  0  0  0  0  0  0  0  0  0  0  0  0  0  0  0  0  0  0  0  0  0  0  0  0  0  0  0  0  0  0  0  0  0  0  0  0  0  0  0  0  0  0  0  0  0  0  0  0  0  0  0  0  0  0  0  0  0  0  0  0  0  0  30495  0  0  0  0  0  0  0  0  12  0  0  0  0  0  0  0  2883  5  31035  41642  0  0  0  0  0  0  0  0  0  0  0  0  0  0  0  0  0  0  0  47186  0  8271  0  0  0  0  0  0  0  0  0  0  0  10  1410  54  2506  2746  34568  0  0  0  8  0  0  0  0  0  0  0  9  0  0  0  0  0  0  0  0  0  3  0  0  0  
0  0  0  0  0  2  0  0  0  0  0  0  0  0  0  0  0  0  0  0  0  0  0  0  0  0  0  0  0  0  0  0  0  0  0  0  0  0  0  0  0  0  0  0  0  0  0  0  0  0  0  0  0  0  0  0  0  0  0  0  0  0  0  0  0  1  0  0  0  0  0  0  0  0  3675  0  0  39  124  3909  3558  2  5  0  0  12969  4  61873  107869  363  0  7  0  0  0  0  0  1482  0  3  0  0  492  0  0  0  0  0  0  0  0  0  42  66  6  0  0  0  287  0  1258  0  2000  0  0  0  65237  51271  0  1  0  0  0  0  0  12620  30  1105  0  3117  7  60823  44  0  0  0  0  0  0  0  0  0  0  0  0  10150  0  0  30547  12  
0  0  0  0  0  2  0  0  0  0  0  0  0  0  0  0  0  0  0  0  0  0  0  0  0  0  0  0  0  0  0  0  0  0  0  0  0  0  0  0  0  0  0  0  0  0  0  0  0  0  0  0  0  0  0  0  0  0  0  0  0  0  0  0  0  5  0  0  0  0  0  0  0  0  29612  0  0  1  45689  17209  247  1  0  0  0  16  0  124  140680  1342  0  0  0  0  0  0  0  1325  0  0  0  0  0  0  0  0  0  0  0  0  0  0  5  0  0  0  0  0  2  0  301  0  41  0  0  87508  0  34688  0  0  0  0  0  0  0  7607  36  96  0  7468  0  127  6  2  0  0  0  0  0  0  0  0  0  0  0  2853  0  0  3832  0  
0  0  0  0  0  1  0  0  0  0  0  0  0  0  0  0  0  0  0  0  0  0  0  0  0  0  0  0  0  0  0  0  0  0  0  0  0  0  0  0  0  0  0  0  0  0  0  0  0  0  0  0  0  0  0  0  0  0  0  0  0  0  0  0  0  1  0  0  0  0  0  0  0  0  1192  0  52  1  680  17758  77075  3609  365  6  0  14  0  42  92042  255908  0  0  0  0  0  0  0  658  0  0  8  13  1158  0  0  0  0  0  0  0  0  0  0  0  37  0  0  0  898  194  123  0  59  0  0  71051  29542  0  0  21  0  0  0  0  0  763  8  59  0  6543  181  13453  45545  0  2  0  0  0  0  0  0  0  0  0  0  6841  0  0  3891  10  
0  0  0  0  0  0  0  0  0  0  0  0  0  0  0  0  0  0  0  0  0  0  0  0  0  0  0  0  0  0  0  0  0  0  0  0  0  0  0  0  0  0  0  0  0  0  0  0  0  0  0  0  0  0  0  0  0  0  0  0  0  0  0  0  0  0  0  0  0  0  0  0  0  0  2  0  0  54  0  0  0  0  9  9  0  4  0  2  3  0  2  0  2  0  0  0  0  0  35312  25044  16  0  11  0  0  0  14  86  3  482  0  0  0  0  5229  0  4  4  254  6  0  641  245  0  0  14  0  3  0  37661  1  11  9  1  8  4  0  0  3  10  1805  26  3  0  21  0  14176  38  0  0  0  0  0  0  21  16  202  139  3871  34  
0  0  0  0  0  0  0  0  0  0  0  0  0  0  0  0  0  0  0  0  0  0  0  0  0  0  0  0  0  0  0  0  0  0  0  0  0  0  0  0  0  0  0  0  0  0  0  0  0  0  0  0  0  0  0  0  0  0  0  0  0  0  0  0  0  0  0  0  0  0  0  0  0  0  6  37  0  64  0  2  164  96  4329  1108  2  11  0  13  9  3  5  3  18914  16988  34  45  3  2  75035  25800  169740  1858  193  1280  0  0  42  30  4  1542  0  0  0  0  15495  0  0  459  1765  3906  1  1051  667  0  40  34  1  14  35495  0  876  28655  1877  12  411  5  0  2  12385  154  74230  86  93  0  6275  2  34678  61  0  0  0  0  0  0  11  144  178  143  19624  84  
0  0  0  0  0  0  0  0  0  0  0  0  0  0  0  0  0  0  0  0  0  0  0  0  0  0  0  0  0  0  0  0  0  0  0  0  0  0  0  0  0  0  0  0  0  0  0  0  0  0  0  0  0  0  0  0  0  0  0  0  0  0  0  0  0  0  0  0  0  0  0  0  0  0  0  4172  0  0  0  0  0  0  0  1  100  0  0  0  0  0  0  0  157796  110  124  1448  0  0  3  0  7  0  0  0  0  0  0  0  0  0  0  0  0  0  4  44688  0  18747  0  0  0  10  1  0  3949  0  0  0  0  209  0  14041  7372  33  1767  0  0  0  525  0  0  0  0  0  8  1  3871  0  0  0  0  0  0  0  0  0  8  1  2  0  
0  0  0  0  0  0  0  0  0  0  0  0  0  0  0  0  0  0  0  0  0  0  0  0  0  0  0  0  0  0  0  0  0  0  0  0  0  0  0  0  0  0  0  0  0  0  0  0  0  0  0  0  0  0  0  0  0  0  0  0  0  0  0  0  0  0  0  0  0  0  0  0  0  0  0  237  0  2  0  0  0  0  1  1  5326  2  0  1  0  0  1  0  93056  86929  19  61  0  0  159  14  307  0  0  102  0  0  6  1  2  2  0  0  0  0  287  1621  1  47531  8  3  0  480  47  0  120  4  0  0  27  32275  14437  0  1509  9  464  0  0  0  29108  6  10  2  1  0  21  0  26794  18  0  0  0  0  0  0  11  1  101  97  89  2  
0  0  0  0  0  0  0  0  0  0  0  0  0  0  0  0  0  0  0  0  0  0  0  0  0  0  0  0  0  0  0  0  0  0  0  0  0  0  0  0  0  0  0  0  0  0  0  0  0  0  0  0  0  0  0  0  0  0  0  0  0  0  0  0  0  0  0  0  0  0  0  0  0  0  0  39660  0  1  0  0  0  0  1  0  0  0  0  0  0  0  3  0  50504  40  2029  590  13  0  14  3  19  0  0  5  0  0  2  0  14  2  6079  9545  0  0  67  129  13  1809  4  0  0  165  9  0  3575  0  0  0  29  966  11428  2994  0  2448  28646  0  0  0  1784  0  3  1  1  0  54  34731  47965  1  0  0  0  0  0  0  25  0  532  38  28  0  
0  0  0  0  0  0  0  0  0  0  0  0  0  0  0  0  0  0  0  0  0  0  0  0  0  0  0  0  0  0  0  0  0  0  0  0  0  0  0  0  0  0  0  0  0  0  0  0  0  0  0  0  0  0  0  0  0  0  0  0  0  0  0  0  0  0  0  0  0  0  0  0  0  0  0  47508  0  0  0  0  0  0  0  0  0  0  0  0  0  0  0  0  223  0  79994  47  122  0  0  0  0  0  0  0  0  0  0  0  216  0  72400  1624  0  0  0  26  685  60  0  0  0  109  0  14664  3256  0  0  0  0  2  176  13  2330  0  29294  0  0  0  1  0  0  0  0  0  0  25627  4777  0  0  0  0  0  0  0  3  0  3383  0  0  0  
0  0  0  0  0  0  0  0  0  0  0  0  0  0  0  0  0  0  0  0  0  2  0  0  0  0  0  0  0  1  0  0  0  0  0  0  0  0  0  0  0  0  0  0  0  0  0  0  0  0  0  0  0  0  0  0  0  0  0  0  1  0  0  0  0  0  0  0  0  0  0  0  0  0  0  43690  0  0  0  0  0  0  0  0  2  0  0  1  0  0  0  0  1918  4  105961  122485  50183  0  18  7  5  0  0  0  0  0  0  0  12  2  7031  185  0  0  31  271  10017  18515  0  1  0  13  2  15261  29118  0  0  0  46  217  1704  276  12762  20053  0  0  0  0  119  0  2  0  0  0  6  5285  654  0  0  0  0  0  0  0  12  0  35457  1  5  0  
0  0  0  0  0  0  0  0  0  0  0  0  0  0  0  0  0  0  0  0  0  0  0  0  0  0  0  0  0  0  0  0  0  0  0  0  0  0  0  0  0  0  0  0  0  0  0  0  0  0  0  0  0  0  0  0  0  0  0  0  0  0  0  0  0  0  0  0  0  0  0  0  0  0  10214  0  0  8  14  229  0  0  0  0  0  49  7639  26636  15762  0  0  1  0  0  0  0  0  26544  0  0  0  0  0  0  0  0  0  0  0  0  0  0  1060  2  0  0  0  0  61  0  824  0  44  0  0  11511  1743  173  1  0  0  0  0  0  0  0  73  10041  0  7  1  45  0  0  0  0  0  0  0  0  0  0  0  0  0  611  0  0  1824  0  
0  0  0  0  0  0  0  0  0  0  0  0  0  0  0  0  0  0  0  0  0  0  0  1  0  0  0  0  0  0  2  47  0  0  0  0  0  0  0  0  0  0  0  0  0  0  0  0  0  0  0  0  0  0  0  0  0  0  0  0  0  0  1  0  0  0  0  0  0  0  0  0  0  0  6317  0  0  1  4  15187  0  0  0  0  0  1  10  26  0  8  1  4539  0  0  0  0  5577  82954  0  0  0  0  0  0  63109  12708  0  0  0  0  0  0  9  0  0  0  0  0  1  0  3785  0  181  0  0  9  7  1  0  0  0  0  0  0  0  90  0  36726  0  6  0  3  0  41958  0  0  0  0  0  0  0  0  0  0  63  225  89  1421  77276  23469  
0  0  0  0  0  0  0  0  0  0  0  0  0  0  0  0  0  0  0  0  0  0  0  0  0  0  0  0  0  0  0  0  0  0  0  0  0  0  0  0  0  0  0  0  0  0  0  0  0  0  0  0  0  0  0  0  0  0  0  0  0  0  0  0  0  0  0  0  0  0  0  0  0  0  12791  0  0  8  1382  16549  26  0  0  0  0  80  1743  5400  619  228  0  502  0  0  0  0  2  138170  0  1  0  0  0  0  20  157  0  0  1  0  0  0  1085  10  0  0  4  0  34  0  12349  0  136  0  0  230  494  47  0  0  0  0  0  0  0  14344  46127  0  0  19  0  73  1  2470  0  0  0  0  0  0  0  0  0  0  0  2038  0  0  6694  8  
0  0  0  0  0  0  0  0  0  2  32  0  0  0  0  0  0  0  0  0  0  1  0  0  0  0  0  0  0  12  0  0  0  0  0  0  0  0  0  0  0  0  0  2  0  0  0  0  0  0  0  0  0  0  0  0  0  0  0  0  0  0  0  0  1  0  0  0  0  0  0  0  0  0  0  47  0  7  0  0  6  2  5301  14762  75250  1  0  0  0  0  0  0  1929  84180  27  4090  1  0  32  11  10072  0  3  103489  0  0  1  0  0  0  0  0  0  0  161  32  0  84578  19  89  0  37  28  0  48  4  1  1  16  16717  2504  35414  1375  13  308  1  0  0  0  10  20  1  5  0  92846  0  349  0  0  0  0  1  0  0  1  1  27  16  132  2  
12  0  0  0  21  5365  1134  379  265  3275  0  0  0  0  24  44  0  0  0  1  0  0  0  1  0  0  2  0  0  34  0  1459  0  0  0  0  0  0  0  0  2  0  0  0  7  0  3  0  2  0  0  69  49  56  0  0  0  0  0  0  0  5  2  7  1  22181  5  2  13  8  6  0  0  0  2119  0  0  41  144  50992  44895  27367  54515  26923  0  11  0  7  1148  161  3  0  0  0  0  0  0  283  22  401  44  5  53  7  2  2859  17  0  0  2  0  0  1  0  2307  0  0  8  391  38  67  300  484  0  0  2817  3501  2292  61  1371  3  0  0  0  0  231  45  21  261  0  277  235  357  1  678  0  58  4  0  2103  0  4278  81  26  0  5791  432  20174  4731  97  
0  0  0  0  0  0  0  0  0  0  0  0  0  0  0  0  0  0  0  0  0  0  0  0  0  0  0  0  0  0  0  0  0  0  0  0  0  0  0  0  0  0  0  0  0  0  0  0  0  0  0  0  0  0  0  0  0  0  0  0  0  0  0  0  0  0  0  0  0  0  0  0  0  0  4  0  13189  333  0  0  332  1118  2900  535  0  28  0  9  104  1035  4  7  0  0  0  0  0  0  219  85668  51135  112911  4123  209  0  0  2  7  0  258  0  0  0  0  12221  0  0  0  132891  42363  2  39  1668  0  0  25  0  130  797  78364  0  1  0  0  0  6  0  0  31  408  0  530  2940  0  411  0  160  6  0  0  0  0  0  0  1  2162  2  22  16958  891  
0  0  0  0  0  0  0  0  0  0  0  0  0  0  0  0  0  0  0  0  0  0  0  0  0  0  0  0  0  0  0  0  0  0  0  0  0  0  0  0  0  0  0  0  0  0  0  0  0  0  0  0  0  0  0  0  0  0  0  0  0  0  0  0  0  0  0  0  0  0  0  0  0  0  179  0  0  45494  4  589  1381  126  32  0  0  70301  3  1180  53706  93  0  2  0  0  0  0  0  95  1  834  4  49  65113  0  0  0  0  3  0  2  0  0  40  710  299  0  0  0  52225  9  97  4  24535  0  0  69638  103  9156  11  10  0  0  0  0  0  465  3  65  0  943  648  0  21348  0  2  0  7  0  0  0  0  0  0  0  0  18006  1  0  35007  273  
0  0  104  0  0  0  0  0  0  0  0  0  0  0  0  107  0  0  0  0  0  0  0  0  0  0  0  0  0  0  0  0  0  0  0  0  0  0  0  0  0  0  0  0  0  0  0  0  0  0  0  0  0  0  0  0  0  0  0  0  0  0  0  0  0  0  0  0  0  0  0  0  0  0  0  0  762  2  0  47  4054  37688  1016  18  0  0  0  0  32995  37035  0  0  0  0  0  0  0  0  0  0  360  278  95953  3  0  0  0  0  0  0  0  0  0  0  56  0  0  0  33659  3615  0  0  114  0  0  172  0  59261  0  110  1  0  0  0  0  0  0  0  2  1216  1255  23140  0  0  31  0  0  0  0  0  0  0  0  0  1  6594  0  0  6616  597  
0  0  0  0  0  20  0  0  0  0  0  0  0  0  0  88  0  0  0  0  0  0  0  0  0  0  0  0  0  0  290  21  0  0  0  0  0  0  0  0  0  0  0  0  0  0  0  0  0  0  0  0  0  0  0  0  0  0  0  0  0  0  0  0  0  1  0  0  0  329  0  0  0  0  16433  0  0  0  13773  51881  0  0  0  0  0  0  0  0  1  9102  0  1  0  0  0  0  0  4428  0  0  0  0  0  0  47501  6657  0  0  0  0  0  0  0  0  0  0  0  0  0  0  7  0  0  0  0  0  3  0  0  0  0  0  0  0  0  5  33382  1517  0  1  0  0  0  0  0  0  0  0  0  0  0  0  0  0  0  265  0  0  3218  44  
0  0  20  0  0  0  0  0  58  0  19  0  0  0  0  0  0  0  0  0  0  0  0  0  0  0  0  0  0  2674  0  0  0  0  0  0  0  0  0  0  0  0  0  0  0  76  0  0  0  0  0  0  0  0  0  0  0  0  0  0  0  0  0  0  11  0  0  0  0  0  2838  0  0  0  1  0  12  2  0  0  11  13  36344  2128  37  1  0  1  0  0  0  0  24  0  1  28  0  0  11  11  25994  1  5  79425  0  0  0  0  0  2  0  0  0  0  130  0  0  43  52  10361  0  6  20  0  2  1  0  2  23  9306  35  7  75  1  18  0  0  0  76151  21  73  1  3  0  0  0  162  1  0  0  0  0  0  0  0  11  0  3  253  1  
0  0  0  0  0  0  0  0  0  0  0  0  0  0  0  0  0  0  0  0  0  0  0  0  0  0  0  0  0  0  0  0  0  0  0  0  0  0  0  0  0  0  0  0  0  0  0  0  0  0  0  0  0  0  0  0  0  0  0  0  0  0  0  0  0  0  0  0  0  0  0  0  0  0  0  11670  0  0  0  0  0  0  0  0  0  0  0  0  0  0  0  0  198  0  17  0  16  0  0  0  0  0  0  0  0  0  0  1  166  0  124239  114765  0  0  0  0  284  4  0  0  0  92  0  129  0  0  0  0  0  0  0  0  33920  26082  1230  0  0  0  0  0  0  0  0  0  0  0  9579  0  0  0  0  0  0  0  0  0  651  0  0  0  
0  0  0  0  0  0  0  0  0  0  0  0  0  0  0  0  0  0  0  0  0  0  0  0  0  0  0  0  0  0  0  0  0  0  0  0  0  0  0  0  0  0  0  0  0  0  0  0  0  0  0  0  0  0  0  0  0  0  0  0  0  0  0  0  0  0  0  0  0  0  0  0  0  0  2  1254  0  82  0  0  1  0  22  12  0  9  0  10  2  0  90  2  48283  3  96  23  184  1  135321  9162  229  1  4  13  0  0  8489  87320  42058  22618  11949  202997  0  0  15718  1  10738  360  135  29  2  127515  572  15  31  28  1  0  13184  31641  7536  37664  44524  6147  3989  6  0  2  442  72  181  31  2  0  162  5406  0  37258  0  0  0  0  0  0  990  11  8528  3297  1282  24  
0  0  0  0  0  0  0  0  0  0  0  0  0  0  0  0  0  0  0  0  0  0  0  0  0  0  0  0  0  0  0  0  0  0  0  0  0  0  0  0  0  0  0  0  0  0  0  0  0  0  0  0  0  0  0  0  0  0  0  0  0  0  0  0  0  0  0  0  0  0  0  0  0  0  0  0  0  47  0  0  0  0  0  0  0  2  0  0  0  0  6  1  0  0  0  0  0  0  27  96  0  0  0  0  0  0  43211  12946  1000  19043  0  0  0  0  6273  0  0  0  0  0  0  5535  7  0  0  0  0  0  1  1  0  0  0  0  0  0  0  0  0  0  0  0  0  0  1  0  35660  0  0  0  0  0  0  0  2  0  4  1  4  1  
0  0  0  0  0  0  0  0  0  0  0  0  0  0  0  0  330  9915  0  0  1  0  63763  6  2  5  0  0  0  0  0  86  10  54  17123  7  0  0  0  1  190  0  18079  0  118  0  1  43864  34  9  0  5  0  1  1  0  0  0  0  26  28  0  31759  0  0  0  10  12  1  10  0  3  169  1  0  0  0  0  0  0  0  0  0  0  0  0  0  0  0  0  0  0  0  0  0  0  0  0  0  0  0  0  0  0  0  0  0  0  0  0  0  0  0  0  0  0  0  0  0  0  0  0  0  0  0  0  0  0  0  0  0  0  0  0  0  0  0  0  0  0  0  0  0  0  0  0  0  0  0  0  86838  13168  48070  3687  0  0  0  0  0  0  
93  0  7  0  102  5542  40033  68594  463  186  0  3  0  4  1143  28070  148  0  1  34  0  0  0  8  0  1  1181  86  2960  7  0  0  0  0  0  0  0  0  0  0  407  0  0  0  5488  5267  22  81  256  0  0  677  312  106990  0  115  1  3  0  0  0  33  9  22  112  36350  4533  914  44957  14  1227  0  0  0  0  0  0  0  0  2  0  0  0  0  0  0  0  0  0  0  0  0  0  0  0  0  0  0  0  0  0  0  0  0  0  0  0  0  0  0  0  0  0  0  0  0  0  0  0  0  0  0  0  0  0  0  0  1  0  0  0  0  0  0  0  0  0  0  0  748  0  0  0  0  0  0  0  0  0  0  0  8  10796  109  0  5  0  0  0  0  
1  11  0  3  0  1  0  0  4  8560  0  7  0  1  1  0  21  65  11  5  287  332  98301  1  21  236  41  13  5  2  0  93  19  204  30  44  129  29  0  2  3304  0  722  4649  1051  0  0  2506  444  1127  1  17  0  4  25  86  6  13  74  7728  58603  0  77  1  36  18  536  132  8  20  59  3391  3437  0  0  0  0  0  0  0  0  0  0  0  0  0  0  0  0  0  0  0  0  0  0  0  0  0  0  0  0  0  0  0  0  0  0  0  0  0  0  0  0  0  0  0  0  0  0  0  0  0  0  0  0  0  0  0  0  0  0  0  0  0  0  0  0  0  0  0  0  0  0  0  0  0  0  0  40358  3  0  17412  1663  75  0  0  0  9  0  0  
0  0  0  3  0  172  2  0  37  4114  0  14  0  0  0  4  25  63  0  19  1  12  51  1  3  68  85  85  103  5  1  2276  441  0  0  30  0  0  0  2  3803  0  0  7  1810  1  0  10104  412  0  0  30  0  37  3  88  0  0  1  0  1  0  426  0  52  978  2103  192  142  58  242  0  25  3  0  0  0  0  0  0  0  0  0  3  0  0  0  0  0  0  0  0  0  0  0  1  0  0  0  0  0  0  0  0  1  3  0  0  0  0  0  0  0  0  4  0  0  0  0  0  0  0  0  0  0  0  0  0  0  5  0  0  0  0  0  0  0  0  0  954  1  0  0  0  0  0  0  0  3391  25  12647  0  46988  95908  0  20  1  1451  11  3  
4144  0  0  1  2435  1884  62  8  408  10  0  8  0  50  580  192  49144  54330  0  50  0  0  501  10337  2  40  898  643  6473  4  126  2125  146  0  745  11  0  0  0  1  2987  0  3  3  9693  8  21966  78163  40581  0  0  8708  303  2850  0  153  0  1  0  0  1  5152  63733  1588  162  2354  6242  4555  9752  2572  1223  1  13  2  1  0  0  0  1  2  0  0  0  0  0  0  0  0  0  0  0  0  0  0  0  0  0  0  0  0  0  0  0  0  0  0  0  0  0  0  0  0  0  0  0  0  0  0  0  0  0  0  0  0  0  0  2  0  0  0  0  0  0  0  0  0  0  0  0  5  0  0  0  0  0  0  0  0  11974  4597  274  14331  0  160626  0  1  0  0  2  0  
189  0  0  0  55  2655  0  1  13  1  0  0  0  0  7  176  376  69  0  2  1  0  22  114  0  1  16  83  453  0  24  23700  18  0  0  3  0  0  0  0  137  0  0  0  863  0  0  2555  16  0  0  8  11  54  0  4  0  0  0  0  0  3  35274  155  2  470  245  12  597  4658  37  0  4  0  0  0  0  0  0  0  0  0  0  0  0  0  0  0  0  0  0  0  0  0  0  0  0  0  0  0  0  0  0  0  0  3  0  0  0  0  0  0  0  0  0  0  0  0  0  0  0  0  0  0  0  0  0  0  0  0  0  0  0  0  0  0  0  0  0  11  0  0  0  0  0  0  0  0  4978  92  291  102726  408795  0  0  0  0  0  0  0  
0  0  0  0  0  0  0  0  0  0  0  0  0  0  0  0  0  0  0  0  0  0  0  0  0  0  0  0  0  0  0  101  0  0  0  0  0  0  0  0  0  0  0  0  0  0  0  0  0  0  0  0  0  0  0  0  0  0  0  0  0  0  0  0  0  2  0  0  0  0  0  0  0  0  0  1  0  2  0  0  0  0  2  1  0  0  0  0  0  0  5343  4935  1  0  0  0  56101  78  44  28  4  0  1  0  5  75  6  1  1181  1  28  12  0  0  721  0  7951  0  6  0  0  28318  36  0  0  1  0  0  8  35  2  8  9  3  13  1  268  0  0  16  1  0  0  0  4  8  1094  4  0  0  0  1  0  0  0  3109  107448  12290  33327  1362  
0  0  0  0  0  37  0  0  0  0  0  0  0  0  0  0  0  0  0  0  0  0  0  0  0  0  0  0  0  0  0  797  0  0  0  0  0  0  0  0  0  0  0  0  0  0  0  0  1  0  0  5  0  0  0  0  0  0  0  0  0  0  0  0  0  73  0  0  0  1  0  0  0  0  8280  0  1  1  113  8973  1102  170  168  32  0  2  1  28  5020  170  2  112  0  0  0  0  101  2371  0  1  32  13  4005  1  3  9991  0  0  1  0  0  0  1  0  49  0  3  0  8981  39  190  4  10  0  0  6243  2077  7659  1  213  1  0  0  0  0  741  327  567  2  2039  1468  4971  3231  636  17  0  4  0  0  3  0  1  5  0  2167  0  99  7146  136463  73446  
0  0  0  0  0  0  0  0  0  6  0  0  0  0  0  0  0  0  0  0  0  0  0  0  0  0  0  0  0  0  0  42  0  0  0  0  0  0  0  0  0  0  0  0  0  0  0  0  0  0  0  0  0  0  0  0  0  0  0  0  0  0  0  0  0  1  0  0  0  0  0  0  0  0  1  457  0  90  0  0  0  0  6  11406  0  11  0  3  1  0  274  19  76  1  576  298  71351  0  244  803  13  0  1  4  1  17  56  16  588  18  2455  386  0  0  5910  0  1559  6000  93  4  2  6791  390  300  7  10  0  2  229  408  14  157  386  4954  26506  1  18  0  67  1444  42  12  0  0  28  1510  5340  44  0  0  0  2  0  0  45119  152  0  32770  802  202  
0  0  0  0  0  1  0  0  1  737  0  0  0  0  0  0  0  0  0  0  0  0  0  0  0  0  0  0  0  1  0  271  0  0  0  0  0  0  0  0  0  0  0  0  0  0  0  0  0  0  0  0  0  0  0  0  0  0  0  0  0  0  1  0  0  46  0  0  0  1  0  0  0  0  8  0  0  90  0  2  1  3  43  960  0  19  0  22  1  0  496  785  7  0  2  7  441  17  112  773  60  0  50  8  9  182  89  14  176  5  21  11  0  0  5568  0  131  35  359  8  6  9992  1065  0  0  37  2  2  96  2059  3  20  3  2  0  10  157  2  14  11870  447  48  11  0  40  3  1652  19  0  0  1  2041  3  3  12004  38330  36062  0  28485  6944  
0  0  0  0  0  0  0  0  0  1  0  0  0  0  0  0  0  0  0  0  0  0  0  0  0  0  0  0  0  0  0  18  0  0  0  0  0  0  0  0  0  0  0  0  0  0  0  0  0  0  0  0  0  0  0  0  0  0  0  0  0  0  0  0  0  0  0  0  0  0  0  0  0  0  9399  0  0  197  25  1287  117  22  45  11  0  31  1  106  1273  16  11359  23964  0  0  0  0  1365  7453  41  162  92  10  3119  4  5259  9442  3  3  26  5  3  3  5  0  7041  0  20  0  35815  33  27303  11584  43563  0  0  6905  759  1334  80  2675  0  4  1  1  1  954  45701  1531  6  327  10450  9700  4732  758  55  1  227  1  0  0  0  3  0  0  6333  105583  164  13657  0  169482  
0  0  0  0  0  0  0  0  0  0  0  0  0  0  0  0  0  0  0  0  0  0  0  0  0  0  0  0  0  0  0  475  0  0  0  0  0  0  0  0  0  0  0  0  0  0  0  0  0  0  0  0  0  0  0  0  0  0  0  0  0  0  1  0  0  12  0  0  0  0  0  0  0  0  3  0  0  0  0  41  0  3  13  0  0  0  0  0  36  2  8  934  0  0  0  0  620  61  0  5  3  3  2145  0  6009  8873  0  0  0  0  0  0  0  0  44  0  17  0  7446  1  0  21  13  0  0  1  0  16  1  29  0  0  0  0  0  0  29940  3  0  218  325  133  1361  6  0  0  10  0  0  0  0  1  0  0  4857  204839  232  9560  382166  0  
