0  0  0  1  79894  24172  30  0  1  0  0  163  312  1404  21169  26  0  0  0  0  0  0  0  81876  0  0  0  0  0  0  21261  28  0  0  0  0  0  0  2119  125  0  0  0  0  1  0  12751  0  1778  0  0  639  18343  176  0  0  0  0  0  0  0  57868  88  6044  0  75  0  38  0  12156  0  0  0  0  0  0  0  0  5  1  0  0  0  0  0  0  0  0  0  1  0  0  0  0  0  0  0  0  0  0  0  0  0  0  0  0  0  0  0  0  0  0  0  0  0  0  0  0  0  0  0  0  0  0  0  0  0  0  0  0  0  0  0  0  0  0  0  0  0  1  0  0  0  0  0  0  0  0  0  10  0  2  13933  213  0  0  0  0  0  0  
0  0  0  4  0  0  0  0  0  0  2  0  0  0  0  0  0  0  51187  20  59253  8872  0  0  1  0  0  0  0  0  0  0  1  0  0  1  353  10  0  0  2  28115  0  886  0  0  0  2  0  835  58079  1  0  0  0  1  19404  175  23832  8324  7823  0  0  0  2  0  0  3  0  0  0  346  564  0  0  0  0  0  0  0  0  0  0  0  0  0  0  0  0  0  0  0  0  0  0  1  0  0  0  0  0  0  0  0  0  0  0  0  0  0  0  0  0  0  0  1  0  0  0  0  0  0  0  0  0  0  0  0  0  0  0  0  0  0  0  0  0  0  0  0  0  0  0  0  0  0  0  0  0  0  676  3  3  0  0  0  0  0  0  0  
0  0  0  0  0  0  0  8035  2  0  0  0  0  0  0  36806  0  0  0  0  0  0  0  0  0  0  16310  16422  39473  15226  0  0  0  0  0  0  0  0  0  0  0  0  0  3  58166  29608  0  0  1  0  0  0  0  0  0  1  0  0  0  0  0  0  0  0  2  7  6351  0  4299  0  3  0  0  0  0  0  2228  0  0  0  0  309  0  0  0  0  0  0  0  8684  0  0  0  0  0  0  0  0  0  0  2  0  0  105  0  0  0  0  0  0  0  0  0  0  0  0  0  0  0  1032  0  0  0  0  0  0  0  0  0  0  0  0  0  0  0  0  0  0  0  0  0  0  0  0  3  0  0  0  0  22  0  17  2  2  0  0  0  0  0  0  
1  1  0  0  0  5  95  28  56  31  0  61197  0  9  11  44  419  497  70  0  0  0  0  0  219  58213  0  16959  33557  79  0  0  3665  21  1  81  0  0  1  39  18284  0  0  29  69854  11  0  1475  52292  1  0  299  3  177  0  166  1  188  7  0  410  5  0  0  321  22  3203  31326  153  0  15  0  292  121  0  0  0  0  0  0  0  0  0  0  0  0  0  0  0  0  0  0  0  0  0  0  0  0  0  0  0  0  0  0  0  0  0  0  0  0  0  0  0  0  0  0  0  0  0  0  0  0  0  0  0  0  0  0  0  0  0  0  0  0  0  0  0  0  0  0  0  0  0  0  0  0  0  0  0  167  50  414  2760  78  0  0  0  0  0  0  
93013  0  0  0  0  28431  1  0  0  0  0  10  5  126  12656  46927  0  0  0  0  0  0  0  201  0  0  0  0  0  0  4087  1  0  0  0  0  0  0  259  8  0  0  0  0  0  0  1199  0  257  0  0  43  14707  19  0  0  0  0  0  0  0  1969  7  384  0  102  0  0  0  22928  0  0  0  0  0  0  0  0  137  49  0  0  0  0  0  0  0  0  0  49  0  0  0  0  0  0  0  0  0  0  0  0  0  0  0  0  0  0  0  0  0  0  0  0  0  0  0  0  0  0  0  0  0  0  0  0  0  0  0  0  0  0  0  0  0  0  0  0  0  0  0  0  0  0  0  0  0  0  0  1  0  0  2316  3  0  0  0  0  0  0  
23392  0  0  1  46294  0  51640  13  20  1  0  486  4  675  12729  111293  0  0  0  0  0  0  0  6704  0  0  0  0  0  0  2840  22470  0  0  0  0  0  0  869  239  0  0  0  1  3  1  3465  0  3937  0  0  3230  36443  42223  0  0  0  0  0  0  0  1183  1889  4319  0  61286  0  111  5  54203  0  0  0  0  0  0  0  0  0  3915  145  0  0  0  0  0  0  0  0  658  0  0  0  0  0  0  0  0  0  0  0  0  0  0  156  49  0  0  0  0  0  0  0  0  0  0  0  0  0  0  0  0  0  0  0  0  0  0  0  0  0  0  0  0  0  0  0  0  0  5365  0  0  0  6  0  0  0  0  0  8751  0  1899  33485  4422  0  3  0  0  2  0  
71  0  0  18  6  53993  0  26338  168  8  0  215  0  39  182  82652  0  0  0  0  0  0  0  0  0  2  1  1  10  0  0  0  0  0  0  0  0  0  0  153  0  0  0  2  268  50  5  0  285  0  0  2400  1381  14402  0  2  0  0  0  0  0  60  0  0  0  26359  10  663  185  0  12  0  0  0  0  0  0  0  0  598  5459  734  3  0  0  0  0  0  0  324  0  0  0  0  0  0  0  0  0  0  0  0  0  0  0  0  0  0  0  0  0  0  0  0  0  0  0  0  0  0  0  0  0  0  0  0  0  0  0  0  0  0  0  0  0  0  0  0  0  959  0  0  0  0  1  0  0  0  0  267784  0  219  1441  15  0  0  0  0  0  0  
7  0  8037  16  2  27  27360  0  12720  89  0  7  0  2  16  53759  0  0  3  0  0  0  0  0  2  1  1  13  4265  28  0  0  0  0  0  0  0  0  0  4  5  0  0  42  12242  29427  0  8  224  0  0  412  19  2392  0  16  0  1  0  0  0  3  0  0  1  17587  107  776  8506  0  1267  0  2  0  0  0  22  0  0  0  362  8031  319  0  0  0  0  0  0  902  0  0  0  0  0  0  0  0  0  0  0  0  0  17  0  0  0  0  0  0  0  0  0  0  0  0  0  0  0  222  0  0  0  0  0  0  0  0  0  0  0  0  0  0  0  0  0  0  0  506  0  0  0  0  39  0  0  0  0  146259  0  1065  905  26  0  0  0  1  0  0  
2  0  1  1  0  1  33  13329  0  11097  0  2  0  0  4  55  0  0  0  0  0  1  0  0  0  21  7  23  8  10632  0  0  1  0  0  1  0  0  0  0  185  0  0  678  332  18589  0  2  16  0  0  45  6  52  0  226  0  2  0  0  8  0  0  0  355  36130  335  78  72  0  43177  0  2  0  0  0  0  0  0  0  6  51  7731  187  1  0  0  0  0  0  0  0  0  0  0  2  0  0  0  0  0  0  0  1378  0  0  0  0  0  0  0  0  0  0  0  0  0  0  0  1  0  0  0  0  0  0  0  0  0  0  0  0  0  0  0  0  0  0  1  921  0  0  0  0  4303  0  0  0  0  6489  116  78  46  7  0  0  0  0  0  0  
1  0  1  9  1  3  24  84  12049  0  0  3  0  0  2  13  0  0  0  0  0  1262  2564  0  2  136  5  45  18  20855  0  0  1  0  0  1  0  0  0  0  1168  0  0  34687  562  30  0  37  27  0  0  39  1  42  0  119  0  2  1  0  7  0  0  0  154  58546  1413  89  98  0  209  0  1  4  0  0  0  2  0  0  1  0  335  1239  1  0  0  0  0  0  0  0  0  0  0  46  2  0  0  18  0  0  3  265  0  0  0  0  0  0  0  0  0  0  138  0  0  10  60  1  0  0  72  0  0  0  0  0  5  13  0  0  0  0  0  0  0  0  7  17904  33  3  23  0  0  0  0  0  0  655  6437  27199  741  148  0  184  3  12344  1883  597  
0  0  0  0  0  0  0  0  0  0  0  0  0  0  0  0  0  0  10  79647  0  1743  0  0  0  0  1944  0  0  1061  0  0  0  0  0  0  0  0  0  0  0  24605  0  66752  0  0  0  0  0  0  36  0  0  0  0  252  649  1803  0  0  12  0  0  0  80041  0  0  1  0  0  4  0  1  0  0  0  0  0  0  0  0  0  0  0  7958  0  0  0  0  0  0  0  0  750  0  89  0  0  0  0  0  0  0  3  0  0  0  0  0  0  0  0  0  0  0  120  0  3  0  0  0  0  0  0  0  0  0  0  0  0  0  0  0  0  0  0  0  0  1  0  0  0  0  0  0  0  0  0  0  0  0  0  2  0  0  0  0  0  0  0  
228  0  0  77488  19  330  215  6  12  1  0  0  8  24736  1125  4  60  434  1  0  0  0  0  5  1  16  0  2  534  0  0  0  259  47  13  1  0  0  68  32828  35  0  0  2  31  0  27  112  49192  0  1  35519  748  3299  0  0  0  0  0  0  12  849  0  22  3  144  8  48250  6  1  0  0  21  0  0  0  0  0  0  0  0  0  0  0  0  0  0  0  0  0  0  0  0  0  0  0  0  0  0  0  0  0  0  0  0  0  0  0  0  0  0  0  0  0  0  0  0  0  0  0  0  0  0  0  0  0  0  0  0  0  0  0  0  0  0  0  0  0  0  0  0  0  0  0  0  0  0  0  0  105  0  12  1104  2  0  0  0  0  0  0  
78  0  0  0  31  2  0  0  0  0  0  2  0  28087  2540  0  0  6  0  0  0  0  0  60473  0  0  0  0  0  0  0  0  0  16  16  0  0  0  33528  120  0  0  0  0  0  0  19991  1  455  0  0  0  3  1  0  0  0  0  0  0  0  18954  1  842  0  0  0  0  0  1  0  0  0  0  0  0  0  0  0  0  0  0  0  0  0  0  0  0  0  0  0  0  0  0  0  0  0  0  0  0  0  0  0  0  0  0  0  0  0  0  0  0  0  0  0  0  0  0  0  0  0  0  0  0  0  0  0  0  0  0  0  0  0  0  0  0  0  0  0  0  0  0  0  0  0  0  0  0  0  0  0  0  17  0  0  0  0  0  0  0  
861  0  0  24  143  671  45  3  7  0  0  31308  18672  0  2678  3  0  101  3  0  0  0  0  515  0  0  0  0  0  0  0  1  0  51  0  0  0  0  41081  63774  1  0  0  1  2  0  732  0  16194  0  0  63078  635  631  0  1  0  2  1  0  1  31723  3  1837  2  62  2  37  0  4  0  0  7  0  0  0  0  0  0  0  1  0  0  0  0  0  0  0  0  0  0  0  0  0  0  0  0  0  0  0  0  0  0  0  0  0  0  0  0  0  0  0  0  0  0  0  0  0  0  0  0  0  0  0  0  0  0  0  0  0  0  0  0  0  0  0  0  0  0  0  0  0  0  0  0  0  0  0  0  22  0  5  949  8  0  0  0  0  0  0  
19567  0  0  2  13714  12624  166  13  10  1  0  4302  1378  12716  0  40944  0  0  0  0  0  0  0  14254  0  0  0  0  5279  0  0  1  0  0  0  0  0  0  7  34  0  0  0  0  37  1  17  0  162  0  0  162544  158076  106668  0  2  0  0  0  0  0  63243  0  4  0  186  5  33460  21432  34  0  0  0  0  0  0  0  0  0  0  0  0  0  0  0  0  0  0  0  0  0  0  0  0  0  0  0  0  0  0  0  0  0  0  0  0  0  0  0  0  0  0  0  0  0  0  0  0  0  0  0  0  0  0  0  0  0  0  0  0  0  0  0  0  0  0  0  0  0  0  0  0  0  0  0  0  0  0  0  183  0  23  326  5  0  0  0  0  0  0  
456  0  43010  17  60029  103311  72026  55521  28  2  0  3  0  1  33711  0  0  0  2  0  0  0  0  6  1  0  1  3  5422  6  1  3926  0  0  0  0  0  0  0  4  1  0  0  3  262  34  0  0  69  0  0  100  1005  130259  0  2  0  2  0  0  0  2  0  8  0  7661  37  126  41118  10563  25  0  2  0  0  0  1443  0  34  223  179  172  0  0  0  0  0  0  0  7203  0  0  0  0  0  0  0  0  0  0  0  0  0  1  0  16  0  0  0  0  0  0  0  0  0  0  0  0  0  51  0  0  0  0  0  0  0  0  0  0  0  0  0  0  0  0  0  0  0  53  0  0  0  0  0  0  0  0  0  36319  0  550  173  422  0  2  0  0  0  0  
0  0  3  697  0  0  0  49  2  0  0  54  1  2  0  5  0  37449  0  0  0  0  9997  12  1  3  0  66  44  1  0  0  1018  360  11327  3  9  20  0  0  4253  0  788  0  459  5  1  41078  20718  6  0  1  0  0  0  0  0  0  0  0  0  0  3605  0  8  1  389  11  261  0  6  8  170  12  0  0  0  0  0  0  0  0  0  0  0  0  0  0  0  0  0  0  0  0  0  0  0  0  0  0  0  0  0  0  0  0  0  0  0  0  0  0  0  0  0  0  0  0  0  0  0  0  0  0  0  0  0  0  0  0  0  0  0  0  0  0  0  0  0  0  0  0  0  0  0  0  0  0  3872  5  154  29  78791  261  0  0  0  0  0  0  
0  0  0  626  0  68  3  0  0  0  0  850  19  381  4  1  30395  0  0  0  0  0  8347  2198  0  0  0  0  0  0  0  0  64  90  1304  0  0  2  10  474  0  0  21  1  7  0  35289  2764  45455  0  0  35  19  6  0  0  0  0  0  0  0  11  12388  0  1  1  6  19  4  0  0  1  11  0  0  0  0  0  0  0  0  0  0  0  0  0  0  0  0  0  0  0  0  0  0  0  0  0  0  0  0  0  0  0  0  0  0  0  0  0  0  0  0  0  0  0  0  0  0  0  0  0  0  0  0  0  0  0  0  0  0  0  0  0  0  0  0  0  0  0  0  0  0  0  0  0  0  0  1692  4  12  8  128905  781  0  0  0  0  0  0  
0  52198  0  660  0  2  6  1  1  0  5  7  0  2  0  6  1  0  0  9132  116  393  0  0  18973  64  0  2  7  2  0  0  6  1  0  1  30  745  0  26  285  17442  0  6431  102  0  0  270  146  29  5078  21  0  14  0  2146  147236  90636  26157  28  1563  1  0  0  179  1  12  650  10  0  1  37  66293  2  0  0  0  0  0  0  0  0  0  0  0  0  0  0  0  0  0  0  0  0  0  0  0  0  0  0  0  0  0  0  0  0  0  0  0  0  0  0  0  0  0  0  0  0  0  0  0  0  0  0  0  0  0  0  0  0  0  0  0  0  0  0  0  0  0  0  0  0  0  0  0  0  0  0  0  12  27  54  355  0  0  0  0  0  0  0  
0  2  0  0  0  0  0  0  0  0  84938  0  0  0  0  0  0  0  9893  0  0  458  0  0  149  0  15976  0  0  0  0  0  0  0  0  0  0  0  0  0  0  38262  0  37935  0  0  0  0  0  0  589  0  0  0  0  3759  5102  77326  0  0  36  0  0  0  12041  0  0  0  0  0  0  0  0  0  0  0  0  0  0  0  0  0  0  0  2  0  0  0  0  0  0  0  0  0  0  0  0  0  0  0  0  0  0  0  0  0  0  0  0  0  0  0  0  0  0  0  0  0  0  0  0  0  0  0  0  0  0  0  0  0  0  0  0  0  0  0  0  0  0  0  0  0  0  0  0  0  0  0  0  0  0  0  0  0  0  0  0  0  0  0  
0  66968  0  0  0  0  0  0  0  0  0  0  0  0  0  0  0  0  90  0  0  2945  804  0  0  0  0  0  0  0  0  4  0  0  0  2  14128  658  0  0  3  0  2  12  0  0  0  0  0  23974  6435  0  0  0  0  1  189  3  1754  64098  69830  0  3  1  0  0  0  0  0  0  0  321  241  0  0  0  0  0  0  0  0  0  0  0  0  0  0  0  0  0  0  0  0  0  2  12  0  0  0  0  0  0  0  0  0  1  0  0  0  0  0  0  0  0  0  4  0  0  0  0  0  0  0  0  1  0  0  0  0  0  0  0  0  0  1  0  0  0  0  0  0  0  0  0  0  0  0  0  0  0  1214  1016  2  1  0  0  0  2  0  0  
0  6011  0  0  0  0  0  0  0  2752  3407  0  0  0  0  0  0  0  1372  1053  4966  0  12837  0  0  0  0  0  0  63  0  0  0  0  0  0  0  0  0  0  14  20507  0  142656  0  0  0  0  0  0  66693  0  0  0  0  11  6671  1835  137  0  151447  0  0  0  4154  0  0  0  0  0  1  0  17  0  0  0  0  0  0  0  0  0  0  0  172  0  0  0  0  0  0  0  0  0  7  5112  12  0  0  0  0  0  0  2  0  0  0  0  0  0  0  0  0  0  0  57  0  155  0  0  0  0  0  0  19  0  0  0  0  0  0  0  0  0  14  0  0  0  0  0  0  0  0  0  0  0  0  0  0  0  1984  138  3  0  0  0  5  39  0  0  
0  2  0  0  0  0  0  0  0  2126  0  0  0  0  0  1  22713  19467  1  0  573  11799  0  10  0  0  0  0  0  1  0  3  0  652  29479  1  629  47  0  0  62  0  54108  6337  0  0  0  8188  2  32470  0  0  0  0  0  2  0  0  5  18  56692  0  8271  0  2  1  0  0  1  0  0  72  364  1  0  0  0  0  0  0  0  0  0  0  0  0  0  0  0  0  0  0  0  0  0  5  23  0  0  0  0  0  0  0  0  0  0  0  0  0  0  0  0  0  0  0  0  4  0  0  0  0  0  0  0  0  0  0  0  0  0  0  0  0  0  0  0  0  0  0  0  0  0  0  0  0  0  0  66418  0  62755  4601  572  4  0  0  9  67  0  0  
72137  0  0  0  636  4796  1  0  0  0  0  3  60134  2117  14207  5  5  2581  0  0  0  0  33  0  0  0  0  0  0  0  35284  2645  0  19  379  0  0  0  26429  5  0  0  18  0  0  0  53096  1858  147  0  0  12  122  1  0  0  0  0  0  0  0  30664  85450  143655  0  3  0  0  0  3951  0  0  0  0  0  0  0  0  0  0  0  0  0  0  0  0  0  0  0  2  0  0  0  0  0  0  0  0  0  0  0  0  0  0  27  23  0  0  0  0  0  0  0  0  0  0  0  0  0  0  0  0  0  0  0  0  0  0  0  0  0  0  0  0  0  0  0  0  0  0  0  0  0  3  0  0  0  0  45  0  8  60  11255  307  0  0  0  0  0  0  
1  0  0  945  0  1  10  11  31  25  0  22  0  3  0  19  9  0  20651  88  1  2  0  0  0  58883  8764  11  9  46  0  0  20  2460  0  11697  0  14  0  22  3994  0  0  123  318  4  0  130  490  2  3  17  1  16  29497  87134  3  10633  55  2  748  2  0  0  505  7  108  1044  49  0  9  3  142559  63  0  0  0  0  0  0  0  0  0  0  0  0  0  0  0  0  0  0  0  0  0  0  0  0  0  0  0  0  0  0  0  0  0  0  0  0  0  0  0  0  0  0  0  0  0  0  0  0  0  0  0  0  0  0  0  0  0  0  0  0  0  0  0  0  0  0  0  0  0  0  0  0  0  0  1  23  118  105  521  7  0  0  0  0  0  0  
0  0  0  44644  0  1  1  9  142  193  0  13  0  1  1  6  7  0  51  0  0  1  0  0  45004  0  4116  8792  9  379  0  0  1813  5421  0  69552  0  0  0  7  65627  0  0  57  975  4  0  53  855  2  1  9  0  8  13450  11025  0  102  27  3  281  1  0  0  465  62  92455  121  24  0  33  1  2799  324  0  0  0  0  0  0  0  0  0  0  0  0  0  0  0  0  0  0  0  0  0  0  0  0  0  0  0  0  0  0  0  0  0  0  0  0  0  0  0  0  0  0  0  0  0  0  0  0  0  0  0  0  0  0  0  0  0  0  0  0  0  0  0  0  0  0  0  0  0  0  0  0  0  0  6  16  85  1365  853  291  0  0  0  0  0  0  
0  0  15453  11  0  0  0  39  66  98  2261  0  0  0  1  30  0  0  0  15192  0  0  0  0  3065  2998  0  1409  12  104093  0  0  0  1  0  0  0  0  0  0  83  0  0  46  1219  25705  0  4  102  0  0  2  0  3  0  99612  0  73  0  0  0  0  0  0  34185  395  58404  9  50  0  3825  0  4  0  0  0  0  0  0  0  0  0  0  0  125  0  0  0  0  0  0  0  0  16  0  0  0  0  0  0  0  0  0  213  0  0  0  0  0  0  0  0  0  0  0  0  0  0  0  0  0  0  0  0  0  0  0  0  0  0  0  0  0  0  0  0  0  0  3  0  0  0  0  0  2  0  0  0  0  35  5  404  153  35  0  0  0  0  0  0  
0  0  18960  15247  0  0  0  13  33  13  0  0  0  0  0  2  4  0  0  0  0  0  0  0  0  9801  2036  0  2042  72  0  0  0  0  0  0  0  0  0  0  67  0  0  12  135964  683  0  2  59  0  0  0  0  1  0  6  0  1  0  0  1  0  0  0  10  33  107894  9  28  0  22  0  2  0  0  0  0  0  0  0  0  0  0  0  0  0  0  0  0  0  0  0  0  0  0  0  0  0  0  0  0  0  0  0  0  0  0  0  0  0  0  0  0  0  0  0  0  0  0  0  0  0  0  0  0  0  0  0  0  0  0  0  0  0  0  0  0  0  0  0  0  0  0  0  0  0  0  0  0  2  0  374  277  90  0  0  0  0  0  0  
0  0  36384  35269  0  0  13  5297  24  5  0  431  0  0  5791  3246  0  0  3  0  0  0  0  0  6  8  0  2992  0  16  0  0  0  0  0  0  0  0  0  2  18  0  0  6  154059  412  0  3  559  0  0  1180  1  115  0  11  0  2  0  0  0  0  0  0  8  5  358  89452  89394  0  28  0  3  0  0  0  0  0  0  0  0  0  0  0  0  0  0  0  0  0  0  0  0  0  0  0  0  0  0  0  0  0  0  0  0  0  0  0  0  0  0  0  0  0  0  0  0  0  0  0  0  0  0  0  0  0  0  0  0  0  0  0  0  0  0  0  0  0  0  0  0  0  0  0  0  0  0  0  0  40  0  564  628  5  0  0  0  0  0  0  
0  0  15320  8  0  0  3  41  11859  21534  439  1  0  0  0  115  0  0  0  0  0  51  1  0  6  56  122156  158  15  0  0  0  0  0  0  2  0  0  0  0  633  0  0  20259  1201  40450  0  3  51  0  0  8  1  11  0  16028  0  5  0  0  12  0  0  0  76699  879  1899  21  134  0  77233  0  5  1  0  0  3  0  0  0  0  2  94  56  619  0  0  0  0  0  0  0  0  21  0  14  0  0  0  0  7  0  0  14288  0  0  0  0  0  0  0  0  0  0  1  0  0  3  0  9  0  0  0  0  0  0  0  0  0  0  0  0  0  0  0  0  0  0  93  6  0  0  0  0  3534  0  0  0  0  120  28  251  120  23  0  0  2  1  0  0  
27445  0  0  0  4030  2495  0  0  0  0  0  0  0  0  1  3  0  0  0  0  0  0  0  36767  0  0  0  0  0  0  0  17829  0  0  0  0  0  0  0  0  0  0  0  0  0  0  1  0  0  0  0  0  0  0  0  0  0  0  0  0  0  0  44674  341  0  1  0  0  0  50923  0  0  0  0  20  0  0  0  4  112  0  0  0  0  0  0  0  0  0  708  0  0  0  0  0  0  0  14  0  0  0  0  0  0  2691  146  0  0  0  0  0  0  0  0  0  0  0  0  0  0  0  0  0  0  0  0  0  0  0  0  0  0  0  0  0  0  1  0  0  0  0  0  0  264  0  0  0  0  0  0  0  10  210  31  0  0  0  2  0  0  
19  0  0  0  0  21027  0  0  0  0  0  0  0  0  0  3297  0  16  0  0  0  0  7  3123  0  0  0  0  0  0  13009  0  0  0  2  0  0  0  5  0  0  0  0  0  0  0  1671  0  0  0  0  2  2  0  0  0  0  0  0  0  0  0  50855  561  0  21560  0  0  0  23099  0  0  0  0  0  0  0  0  0  518  0  0  0  0  0  0  0  0  0  26  0  0  0  0  0  0  0  1  0  0  0  0  0  0  668  7826  0  0  0  0  0  0  0  0  0  0  0  0  0  0  0  0  0  0  0  0  0  0  0  0  0  0  0  0  0  0  10  0  0  803  0  0  0  740  0  0  0  0  1  0  5  16952  20860  15855  20  185  0  623  2  1115  
0  0  0  3735  0  0  1  0  1  12  0  212  0  1  0  0  504  141  10  0  1  0  0  0  0  2955  0  2  1  6  0  0  0  45760  4429  7917  0  2  0  0  17330  0  0  9  11  0  0  61610  155  0  2  0  0  0  0  18  0  5  7  0  4  0  0  0  20  3  2  1  1  0  0  0  3035  46523  0  0  0  0  0  0  0  0  0  0  0  0  0  0  0  0  0  0  0  0  0  0  0  0  0  0  0  0  0  0  0  0  0  0  0  0  0  0  0  0  0  0  0  0  0  0  0  0  0  0  0  0  0  0  0  0  0  0  0  0  0  0  0  0  0  0  0  0  0  0  0  0  0  0  179  0  1538  1244  3020  70  0  0  0  0  0  0  
0  0  0  66  0  0  0  0  3  3  0  46  59  287  0  1  86  16  0  0  3  0  63  30  1750  4392  0  0  0  3  0  0  42104  0  86241  125135  71  26978  0  1  413  0  32426  1  4  0  1  35040  16  270  0  2  0  1  0  246  0  3  17  31  90  0  0  0  19  0  5  6  1  0  2  6857  136904  14707  0  0  0  0  0  0  0  0  0  0  0  0  0  0  0  0  0  0  0  0  0  0  0  0  0  0  0  0  0  0  0  0  0  0  0  0  0  0  0  0  0  0  0  0  0  0  0  0  0  0  0  0  0  0  0  0  0  0  0  0  0  0  0  0  0  0  0  0  0  0  0  0  0  0  168  1  1956  6  11  1  0  0  0  0  0  0  
0  0  0  3  0  0  0  0  0  0  0  9  9  9  0  0  15781  3423  0  0  0  0  43320  272  0  0  0  0  0  0  0  1  4034  82163  0  42  34  331  0  0  10  0  25195  0  0  0  1  78808  0  62  0  0  0  0  0  3  0  0  3  16  8  0  19  0  0  0  0  0  0  0  0  95  26820  316  0  0  0  0  0  0  0  0  0  0  0  0  0  0  0  0  0  0  0  0  0  0  0  0  0  0  0  0  0  0  0  0  0  0  0  0  0  0  0  0  0  0  0  0  0  0  0  0  0  0  0  0  0  0  0  0  0  0  0  0  0  0  0  0  0  0  0  0  0  0  0  0  0  0  3743  0  1221  0  44  0  0  0  0  0  0  0  
0  1  0  179  0  0  1  0  11  16  0  2  0  0  0  0  2  0  1  0  3  0  0  0  5925  61075  2  0  0  39  0  0  11349  133856  8  0  3  17  0  2  56090  0  6  9  15  0  0  1617  44  5  0  5  0  1  3984  8296  0  2  163  4  777  0  0  0  135  9  388  21  0  0  8  6  39130  56741  0  0  0  0  0  0  0  0  0  0  0  0  0  0  0  0  0  0  0  0  0  0  0  0  0  0  0  0  0  0  0  0  0  0  0  0  0  0  0  0  0  0  0  0  0  0  0  0  0  0  0  0  0  0  0  0  0  0  0  0  0  0  0  0  0  0  0  0  0  0  0  0  0  0  66  3  2144  26  37  7  0  0  0  0  0  0  
0  2330  0  0  0  0  0  0  0  0  0  0  0  0  0  0  0  0  76  0  8832  0  220  0  0  0  0  0  0  0  0  0  0  45  7  2  0  65369  0  0  2  0  30846  0  0  0  0  295  0  59523  0  0  0  0  0  2  0  0  8555  61447  133  0  0  0  0  0  1  0  0  0  0  119504  1444  0  0  0  0  0  0  0  0  0  0  0  0  0  0  0  0  0  0  0  0  0  0  0  0  0  0  0  0  0  0  0  0  0  0  0  0  0  0  0  0  0  0  0  0  0  0  0  0  0  0  0  0  0  0  0  0  0  0  0  0  0  0  0  0  0  0  0  0  0  0  0  0  0  0  0  116  0  1505  0  0  0  0  0  0  0  0  0  
0  6  0  0  0  0  0  0  0  0  0  0  0  0  0  0  1  0  452  0  145  0  13  0  2  0  0  0  0  0  0  0  0  33034  149  29  52659  0  0  0  11  0  2004  0  0  0  0  1978  0  2618  0  0  0  0  0  4  0  1  8421  39112  69  0  0  0  0  0  0  0  0  0  0  91407  168816  0  0  0  0  0  0  0  0  0  0  0  0  0  0  0  0  0  0  0  0  0  0  0  0  0  0  0  0  0  0  0  0  0  0  0  0  0  0  0  0  0  0  0  0  0  0  0  0  0  0  0  0  0  0  0  0  0  0  0  0  0  0  0  0  0  0  0  0  0  0  0  0  0  0  0  5  0  1106  1  0  0  0  0  0  0  0  0  
2658  0  0  0  660  650  3  0  0  0  0  8  30273  38393  21  0  0  6  0  0  0  0  0  16046  0  0  0  0  0  0  0  27  0  0  0  0  0  0  0  91  0  0  0  0  0  0  10806  0  17901  0  0  1877  440  7  0  0  0  0  0  0  0  2273  78  18851  0  5  0  0  0  24  0  0  0  0  0  0  0  0  0  0  0  0  0  0  0  0  0  0  0  0  0  0  0  0  0  0  0  0  0  0  0  0  0  0  0  0  0  0  0  0  0  0  0  0  0  0  0  0  0  0  0  0  0  0  0  0  0  0  0  0  0  0  0  0  0  0  0  0  0  0  0  0  0  0  0  0  0  0  0  1  0  1  2129  3  0  0  0  0  0  0  
336  0  0  287  34  503  188  11  12  2  0  36454  91  49848  77  13  0  77  19  0  0  0  0  35  3  6  0  6  4  2  0  0  0  0  1  0  0  0  443  0  16  0  0  6  69  0  375  3  33439  0  1  7305  855  699  0  2  2  18  0  0  7  861  0  88  21  135  33  1044  22  0  1  0  64  0  0  0  0  0  0  0  0  0  0  0  0  0  0  0  0  0  0  0  0  0  0  0  0  0  0  0  0  0  0  0  0  0  0  0  0  0  0  0  0  0  0  0  0  0  0  0  0  0  0  0  0  0  0  0  0  0  0  0  0  0  0  0  0  0  0  1  0  0  0  0  0  0  0  0  0  76  1  32  2967  2  0  0  0  0  0  0  
1  11  2  22992  0  1  12  76  453  639  0  78  1  12  3  14  3699  0  171  0  3  4  6  0  948  59316  14  562  50  1267  0  0  19744  4391  6  60179  5  2  2  85  0  0  6  1320  3233  53  0  29884  27314  7  52  50  4  27  3  4989  8  201  193  7  6567  4  0  0  2967  176  14371  490  266  0  110  11  11508  23741  0  0  0  0  0  0  0  0  0  0  0  0  0  0  0  0  0  0  0  0  0  0  0  0  0  0  0  0  0  0  0  0  0  0  0  0  0  0  0  0  0  0  0  0  0  0  0  0  0  0  0  0  0  0  0  0  0  0  0  0  0  0  0  0  0  2  0  0  0  0  0  0  0  0  323  51  17996  7736  29527  1866  0  0  0  0  0  0  
0  32497  0  0  0  0  0  0  0  0  24446  0  0  0  0  0  0  0  17757  41064  2  18310  0  0  0  0  0  0  0  0  0  0  0  0  0  0  0  0  0  0  0  0  0  19663  0  0  0  0  0  0  7359  0  0  0  0  0  52361  765  6  0  172  0  0  0  2  0  0  0  0  0  0  0  1  0  0  0  0  0  0  0  0  0  0  0  0  0  0  0  0  0  0  0  0  0  0  6  0  0  0  0  0  0  0  0  0  0  0  0  0  0  0  0  0  0  0  0  0  0  0  0  0  0  0  0  0  0  0  0  0  0  0  0  0  0  0  0  0  0  0  0  0  0  0  0  0  0  0  0  0  0  0  0  0  0  0  0  0  0  0  0  
0  0  0  0  0  0  0  0  0  0  0  0  0  0  0  0  167  2  0  0  1  0  47764  21  0  0  0  0  0  0  0  0  0  31816  28881  5  34201  2932  0  0  1  0  0  0  0  0  0  2401  1  14333  0  0  0  0  0  5  0  0  1  14  10  0  0  0  1  0  0  0  0  0  0  22854  1645  0  0  0  0  0  0  0  0  0  0  0  0  0  0  0  0  0  0  0  0  0  0  0  0  0  0  0  0  0  0  0  0  0  0  0  0  0  0  0  0  0  0  0  0  0  0  0  0  0  0  0  0  0  0  0  0  0  0  0  0  0  0  0  0  0  0  0  0  0  0  0  0  0  0  0  24898  0  9506  1  0  0  0  0  0  0  0  0  
0  3650  0  976  0  1  11  13  110  30149  76081  27  0  19  0  5  2  0  11614  40416  66  148729  5391  0  132  141  18  8  14  17118  0  0  5  1  0  1  0  0  1  134  3345  21942  0  0  171  5  0  727  599  0  14398  28  1  9  0  2815  29919  49441  6078  3  31046  2  0  0  61348  141  44  556  29  0  15  0  4139  5  0  0  0  0  0  0  0  0  0  3  142  0  0  0  0  0  0  0  0  0  0  76  2  0  0  0  0  0  0  2  0  0  0  0  0  0  0  0  0  0  0  3  0  5  0  0  0  0  0  0  0  0  0  0  0  0  0  0  0  0  0  0  0  0  0  1  0  0  0  0  0  0  0  0  1  60  12743  250  732  19  0  0  0  8  0  0  
2  0  50410  62876  0  3  257  13374  735  222  0  29  1  7  31  597  21  0  110  0  0  0  0  1  281  1467  569  149211  134517  594  0  0  3  3  0  4  0  0  1  30  1167  0  0  107  0  38455  0  25  4652  0  0  150  4  349  0  918  1  202  3  0  50  16  0  0  260  288  82313  19547  48553  0  417  0  163  5  0  0  0  0  0  0  0  0  0  0  0  0  0  0  0  0  0  0  0  0  0  0  0  0  0  0  0  0  0  0  0  0  0  0  0  0  0  0  0  0  0  0  0  0  1  0  0  0  0  0  0  0  0  0  0  0  0  0  0  0  0  0  0  0  0  6  0  0  0  0  0  0  0  0  0  804  7  13236  7121  1367  0  0  0  0  2  0  
0  0  22053  12  0  1  11  24512  14880  126  0  1  0  0  4  714  0  0  2  0  0  0  0  0  1  18  32401  1433  400  38287  0  0  0  0  0  0  0  0  0  0  66  0  0  54  38007  0  0  3  65  0  0  12  0  38  0  2071  0  6  0  0  1  0  0  0  19  121  11365  68  890  0  30807  0  0  0  0  0  27  0  0  0  1  47  57  0  0  0  0  0  0  6  0  0  0  0  0  0  0  0  0  0  0  0  0  397  0  0  0  0  0  0  0  0  0  0  0  0  0  0  0  149  0  0  0  0  0  0  0  0  0  0  0  0  0  0  0  0  0  0  0  1  0  0  0  0  252  0  0  0  0  333  2  1623  378  31  0  0  0  0  0  0  
8678  0  0  0  1927  1348  1  0  0  0  0  106  16847  562  43  0  0  23784  0  0  0  0  0  49741  0  0  0  0  0  0  0  208  0  5  3  0  0  0  18896  344  0  0  0  0  0  0  0  3052  11229  0  0  117  922  11  0  0  0  0  0  0  0  295  1087  12733  0  14  0  0  0  23  0  0  0  0  0  0  0  0  0  0  0  0  0  0  0  0  0  0  0  0  0  0  0  0  0  0  0  0  0  0  0  0  0  0  0  0  0  0  0  0  0  0  0  0  0  0  0  0  0  0  0  0  0  0  0  0  0  0  0  0  0  0  0  0  0  0  0  0  0  0  0  0  0  0  0  0  0  0  1  9  0  0  68047  2  0  0  0  0  0  0  
0  12  3  564  0  1  2  36  5  85  0  53  0  6  0  3  45566  5136  325  0  1  1  6165  2453  24  118  0  45  26  27  0  0  48879  39512  86547  2146  1968  878  0  28  19793  0  4941  227  336  3  3362  0  483  580  44  10  0  6  0  52  16  188  32  4  37  1  4  0  224  10  266  110  138  0  3  189  113775  16006  0  0  0  0  0  0  0  0  0  0  0  0  0  0  0  0  0  0  0  0  0  0  0  0  0  0  0  0  0  0  0  0  0  0  0  0  0  0  0  0  0  0  0  0  0  0  0  0  0  0  0  0  0  0  0  0  0  0  0  0  0  0  0  0  0  0  0  0  0  0  0  0  0  0  12909  10  30658  7857  90838  1415  0  0  0  0  0  0  
2256  3  17  67716  406  10097  1238  625  243  63  0  45054  440  17301  823  466  16257  39637  188  0  1  0  0  500  90  947  6  809  530  111  0  6  161  5  1  13  1  0  17128  24118  22659  0  1  123  15680  120  14432  305  0  0  16  25349  7791  3327  0  195  8  144  32  0  1398  5599  2  1147  346  927  5415  23562  2303  20  141  0  1081  121  0  0  0  1  0  1  0  0  0  0  0  0  0  0  0  0  0  0  0  0  0  0  0  0  0  0  0  0  0  0  0  0  0  0  0  0  0  0  0  0  0  0  0  0  0  0  0  0  0  0  0  0  0  0  0  0  0  0  0  0  0  0  0  0  0  7  0  0  0  0  0  0  0  0  6  1652  162  2349  141067  243  0  1  0  0  1  0  
0  768  0  0  0  0  0  0  1  0  0  0  0  0  0  0  12  0  18  0  17978  2  22026  0  1  0  0  0  0  0  0  0  0  1499  176  31  67254  3822  0  0  19  0  22849  2  1  0  0  1887  0  0  26  0  0  0  0  20  30  0  1330  36988  16034  0  0  0  1  0  0  0  0  0  0  51336  17764  0  0  0  0  0  0  0  0  0  0  0  0  0  0  0  0  0  0  0  0  0  0  0  0  0  0  0  0  0  0  0  0  0  0  0  0  0  0  0  0  0  0  0  0  0  0  0  0  0  0  0  0  0  0  0  0  0  0  0  0  0  0  0  0  0  0  0  0  0  0  0  0  0  0  0  416  0  32629  0  1  1  0  0  0  0  0  0  
0  66535  0  8  0  0  0  0  0  0  44  0  0  0  0  0  0  0  3311  1830  9449  65261  0  0  1  3  0  0  0  0  0  0  0  0  0  0  0  0  0  1  2  13615  0  10229  1  0  0  4  1  3  0  0  0  0  0  4  32593  997  1916  5  29489  0  0  0  11  0  0  1  0  0  0  0  378  0  0  0  0  0  0  0  0  0  0  0  0  0  0  0  0  0  0  0  0  0  0  0  0  0  0  0  0  0  0  0  0  0  0  0  0  0  0  0  0  0  0  0  0  0  0  0  0  0  0  0  0  0  0  0  0  0  0  0  0  0  0  0  0  0  0  0  0  0  0  0  0  0  0  0  0  0  10  0  2  0  0  0  0  0  0  0  
2127  0  0  167  179  3926  2177  118  268  11  0  69407  9  67410  161389  134  0  1  3  0  0  0  0  9  1  1  0  2  2165  1  0  0  0  0  0  0  0  0  1763  10753  3  0  0  7  56  6  69  0  12869  0  0  0  23054  65147  0  1  0  1  0  0  1  9675  0  30  2  1077  8  36151  52  3  3  0  5  0  0  0  0  0  0  0  0  0  0  0  0  0  0  0  0  0  0  0  0  0  0  0  0  0  0  0  0  0  0  0  0  0  0  0  0  0  0  0  0  0  0  0  0  0  0  0  0  0  0  0  0  0  0  0  0  0  0  0  0  0  0  0  0  0  0  1  0  0  0  0  0  0  0  0  0  7900  0  429  8902  34  0  0  0  0  0  0  
20049  0  0  4  27013  42318  1127  20  29  1  0  559  4  1095  167303  3545  0  0  0  0  0  0  0  97  0  0  0  0  0  0  0  23  0  0  0  0  0  0  301  304  0  0  0  0  6  0  1406  0  8508  0  0  18415  0  49183  0  0  0  0  0  0  0  4334  1  456  0  2693  0  180  5  106  1  0  0  0  0  0  0  0  0  0  0  0  0  0  0  0  0  0  0  0  0  0  0  0  0  0  0  0  0  0  0  0  0  0  0  0  0  0  0  0  0  0  0  0  0  0  0  0  0  0  0  0  0  0  0  0  0  0  0  0  0  0  0  0  0  0  0  0  0  1  0  0  0  0  0  0  0  0  0  645  0  27  11976  35  0  0  0  0  0  0  
243  0  1  39  56  25077  20427  598  242  13  0  1603  0  302  120245  152307  0  0  0  0  0  0  0  0  0  0  0  9  57  3  0  0  0  0  0  0  0  0  2  150  2  0  0  6  461  30  9  1  466  0  0  62241  30598  0  0  4  0  1  0  0  0  1167  0  1  0  859  42  2204  30039  4  14  0  0  0  0  0  0  0  0  0  0  0  0  0  0  0  0  0  0  0  0  0  0  0  0  0  0  0  0  0  0  0  0  0  0  0  0  0  0  0  0  0  0  0  0  0  0  0  0  0  0  0  0  0  0  0  0  0  0  0  0  0  0  0  0  0  0  0  0  1  0  0  0  0  0  0  0  0  0  52815  1  374  2262  11  0  0  0  0  0  0  
0  0  0  0  0  0  0  0  0  0  0  0  0  0  0  0  0  0  0  0  0  0  0  0  31588  15064  0  0  0  0  0  0  0  0  0  7276  0  0  0  0  8  0  0  0  0  0  0  0  0  0  0  0  0  0  0  154  0  0  0  0  1  0  0  0  0  0  0  0  0  0  0  0  471  0  0  0  0  0  0  0  0  0  0  0  0  0  0  0  0  0  0  0  0  0  0  0  0  0  0  0  0  0  0  0  0  0  0  0  0  0  0  0  0  0  0  0  0  0  0  0  0  0  0  0  0  0  0  0  0  0  0  0  0  0  0  0  0  0  0  0  0  0  0  0  0  0  0  0  0  0  0  0  0  0  0  0  0  0  0  0  
1  3  36  2154  1  3  31  247  1544  1585  173  86  0  12  3  51  11  0  1032  4400  4  5  2  0  108353  13611  102750  221  365  13996  0  0  124  261  0  14681  2  9  0  63  22290  0  1  2402  3221  182  0  198  2980  4  4  121  7  73  38  0  4  38529  209  5  4711  2  0  2  82106  2850  41443  1116  447  0  15314  10  24027  318  0  0  0  0  0  0  0  0  0  0  0  0  0  0  0  0  0  0  0  0  0  0  0  0  0  0  0  0  0  0  0  0  0  0  0  0  0  0  0  0  0  0  0  0  0  0  0  0  0  0  0  0  0  0  0  0  0  0  0  0  0  0  0  0  0  1  0  0  0  0  0  0  0  0  13  359  606  2125  2189  173  0  0  0  0  0  0  
0  18954  0  66  0  0  3  0  1  0  742  1  0  1  1  0  1  0  161603  4682  25  6686  0  0  8  10  2  0  0  0  0  0  0  0  0  0  0  0  0  1  21  54665  0  23734  4  0  0  40  25  2  36493  2  0  0  0  13  0  11905  5170  1  4312  0  0  0  73  0  0  57  0  0  0  0  9248  1  0  0  0  0  0  0  0  0  0  0  0  0  0  0  0  0  0  0  0  0  0  0  0  0  0  0  0  0  0  0  0  0  0  0  0  0  0  0  0  0  0  0  0  0  0  0  0  0  0  0  0  0  0  0  0  0  0  0  0  0  0  0  0  0  0  0  0  0  0  0  0  0  0  0  0  2  3  3  41  0  0  0  0  0  0  0  
1  84  0  1220  0  0  13  3  3  3  786  27  0  11  0  10  3  0  82907  82979  0  1843  0  0  11446  122  177  5  7  8  0  0  5  0  0  5  1  0  0  53  577  512  0  31280  222  3  0  262  371  0  1136  37  1  9  0  34964  13382  0  33  0  925  3  0  0  15822  7  38  1268  30  0  9  1  2336  5  0  0  0  0  0  0  0  0  0  0  0  0  0  0  0  0  0  0  0  0  0  0  0  0  0  0  0  0  0  0  0  0  0  0  0  0  0  0  0  0  0  0  0  0  0  0  0  0  0  0  0  0  0  0  0  0  0  0  0  0  0  0  0  0  0  0  0  0  0  0  0  0  0  0  0  25  12  69  527  2  0  0  0  0  0  0  
0  27603  0  153  0  0  3  1  0  0  0  5  0  1  0  1  0  0  40644  0  4015  22  0  0  23  20  0  0  2  1  0  0  55  68  0  189  8463  7291  0  7  787  4  0  6259  16  0  0  259  49  1320  13009  3  0  4  0  198  5673  37  0  10187  55970  0  0  0  12  0  8  86  0  0  2  29141  64583  38  0  0  0  0  0  0  0  0  0  0  0  0  0  0  0  0  0  0  0  0  0  0  0  0  0  0  0  0  0  0  0  0  0  0  0  0  0  0  0  0  0  0  0  0  0  0  0  0  0  0  0  0  0  0  0  0  0  0  0  0  0  0  0  0  0  0  0  0  0  0  0  0  0  0  4  5  2147  157  115  2  0  0  0  0  0  0  
0  13822  0  0  0  0  0  0  0  0  0  0  0  0  0  0  0  0  27  0  81240  0  10  0  1  1  0  0  0  0  0  0  0  22  7  7  57895  51834  0  0  4  0  11  2  0  0  0  3  1  28068  51  0  0  0  0  9  47  0  11726  0  1727  0  0  0  0  0  0  0  0  0  0  20503  9365  0  0  0  0  0  0  0  0  0  0  0  0  0  0  0  0  0  0  0  0  0  0  0  0  0  0  0  0  0  0  0  0  0  0  0  0  0  0  0  0  0  0  0  0  0  0  0  0  0  0  0  0  0  0  0  0  0  0  0  0  0  0  0  0  0  0  0  0  0  0  0  0  0  0  0  0  0  8800  0  0  0  0  0  0  0  0  0  
0  16869  0  530  0  0  7  2  11  12  4  19  0  3  0  0  0  0  4854  42  68593  119149  51602  0  82  115  0  3  1  28  0  1  2  67  0  463  419  155  0  24  3951  8  4  27476  64  0  0  49  308  25770  31437  17  0  9  0  839  11944  794  31665  1604  0  0  0  0  85  1  38  268  5  0  1  2789  7327  0  0  0  0  0  0  0  0  0  0  1  0  0  0  0  0  0  0  0  0  0  3  67  8  0  0  0  0  0  0  0  0  0  0  0  0  0  0  0  0  0  0  6  0  1  0  0  0  0  0  0  2  0  0  0  0  0  0  0  0  0  5  0  0  0  0  0  0  0  0  0  0  0  0  0  1  14  41664  376  97  2  0  0  1  21  0  0  
38516  0  0  4  2114  2861  59  0  4  2  0  463  19876  53539  47503  4  0  0  0  0  0  0  0  18892  0  0  0  0  0  0  0  5  0  0  0  0  0  0  5930  449  0  0  0  0  5  0  1233  0  8059  0  0  11932  6096  326  0  0  0  0  0  0  0  0  9  8134  0  142  0  77  1  11  0  0  0  0  0  0  0  0  0  0  0  0  0  0  0  0  0  0  0  0  0  0  0  0  0  0  0  0  0  0  0  0  0  0  0  0  0  0  0  0  0  0  0  0  0  0  0  0  0  0  0  0  0  0  0  0  0  0  0  0  0  0  0  0  0  0  0  0  0  1  0  0  0  0  0  0  0  0  0  30  0  5  1209  26  0  0  0  0  0  0  
399  0  0  0  17  3484  0  0  0  0  0  0  4  7  0  0  1915  15326  0  0  1  0  7770  79338  0  0  0  0  0  0  41614  55087  0  7  23  0  0  0  163  0  0  0  0  0  0  0  5881  7  0  0  0  0  0  0  0  0  0  0  0  0  0  3  0  25901  0  0  0  0  0  17689  0  0  0  0  2  0  0  0  0  0  0  0  0  0  0  0  0  0  0  6  0  0  0  0  0  1  0  0  0  0  0  0  0  0  22  191  0  0  0  0  0  0  0  0  0  0  0  0  0  0  0  0  0  0  0  0  0  0  0  0  0  0  0  0  0  0  0  0  0  0  0  0  0  3  0  0  0  0  1367  0  28  784  56917  4793  0  0  0  0  0  0  
18958  0  0  0  2375  6352  1  0  0  0  0  1  3068  7267  24  4  0  0  0  0  0  0  0  147273  0  0  0  0  0  0  836  1130  0  0  0  0  0  0  30676  43  0  0  0  0  1  0  13344  0  538  0  0  44  534  1  0  0  0  0  0  0  0  16608  40442  0  0  11  0  0  0  3252  0  0  0  0  0  0  0  0  0  0  0  0  0  0  0  0  0  0  0  0  0  0  0  0  0  0  0  0  0  0  0  0  0  0  0  0  0  0  0  0  0  0  0  0  0  0  0  0  0  0  0  0  0  0  0  0  0  0  0  0  0  0  0  0  0  0  0  0  0  0  0  0  0  0  0  0  0  0  0  0  0  0  23337  394  0  0  0  0  0  0  
0  4  2  646  0  0  5  24  505  664  83425  17  0  11  2  17  3  0  412  16224  0  5558  1  0  699  232  39625  109  31  81042  0  0  22  8  0  40  0  1  0  39  4971  8  0  69454  891  25  0  172  430  0  26  27  1  13  0  84329  131  19263  6  0  243  3  0  0  0  523  2452  585  72  0  16279  0  944  41  0  0  0  0  0  0  0  0  0  1  160  0  0  0  0  0  0  0  0  14  0  25  0  0  0  0  0  0  0  206  0  0  0  0  0  0  0  0  0  0  0  0  0  0  0  0  0  0  0  0  0  0  0  0  0  0  0  0  0  0  0  0  0  0  9  0  0  0  0  0  0  0  0  0  0  59  89  282  499  16  0  0  0  0  0  0  
31  0  1  9  19  58116  26383  18662  43002  66729  0  70  0  63  90  6105  0  0  0  0  0  2  6  2  1  163  0  25  5  370  0  20636  1  0  0  1  0  0  2  28  809  0  0  2946  293  17  3  18  299  0  0  527  888  229  0  42  0  0  0  0  2  76  1  2  42  0  1045  62  55  57  40  0  3  3  1  0  0  0  3  2744  1294  825  1518  984  0  0  0  0  0  0  0  0  0  0  0  2  0  0  0  1  0  0  1  170  0  32  0  0  0  0  0  0  0  0  12  0  0  2  3  0  0  0  17  0  0  0  1  0  1  1  0  0  0  0  0  0  0  0  1  18922  3  0  0  0  7  0  0  0  0  84440  1112  10759  1801  3644  0  73  0  67  98  1  
0  0  7455  2172  0  2  24  186  1988  1688  0  6  0  2  4  36  21  0  18  0  1  0  1  0  175  83501  62882  93017  208  2186  0  0  35  31  0  687  0  0  0  2  18000  0  0  621  69031  13009  0  23  1005  0  0  39  5  32  0  43560  1  79  9  0  369  4  0  0  1142  5050  0  227  375  0  2350  0  259  75  0  0  0  0  0  0  0  0  0  0  0  0  0  0  0  0  0  0  0  0  0  0  0  0  0  0  0  0  0  0  0  0  0  0  0  0  0  0  0  0  0  0  0  0  0  0  0  0  0  0  0  0  0  0  0  0  0  0  0  0  0  0  0  0  0  4  0  0  0  0  0  0  0  0  4  489  102  8187  3480  1754  0  0  0  0  2  0  
101  2  2  50076  13  428  1699  479  357  38  0  41458  0  186  34406  314  0  0  78  0  1  1  0  1  17  62  2  103  84584  13  0  0  1  0  0  1  0  0  5  2672  132  0  0  38  30870  71  2  7  15378  0  7  40454  426  4767  0  34  4  44  24  0  187  230  0  2  21  151  516  0  32930  0  31  0  536  5  0  0  0  0  0  0  0  0  0  0  0  0  0  0  0  0  0  0  0  0  0  0  0  0  0  0  0  0  0  0  0  0  0  0  0  0  0  0  0  0  0  0  0  0  0  0  0  0  0  0  0  0  0  0  0  0  0  0  0  0  0  0  0  0  0  0  0  0  0  0  0  0  0  0  1  2833  4  951  18734  54  0  0  0  0  0  0  
4  0  5008  120  0  38  683  12843  632  54  0  2  0  1  21741  48958  2  0  5  0  0  0  0  0  16  4  5  102  86595  11  0  0  2  0  0  0  0  0  0  4  26  0  0  29  57480  1288  1  6  1085  0  0  1225  27  27450  0  93  0  12  0  0  4  2  0  0  5  120  439  31288  0  0  320  0  5  1  0  0  0  0  0  0  0  0  0  0  0  0  0  0  0  0  0  0  0  0  0  0  0  0  0  0  0  0  0  0  0  0  0  0  0  0  0  0  0  0  0  0  0  0  0  0  0  0  0  0  0  0  0  0  0  0  0  0  0  0  0  0  0  0  0  1  0  0  0  0  0  0  0  0  0  5534  1  1091  2091  35  0  0  0  0  0  0  
18701  0  0  0  20219  57401  1  0  0  0  0  1  0  4  18  6956  0  0  0  0  0  0  0  8109  0  0  0  0  0  0  51942  26141  0  0  0  0  0  0  4  0  0  0  0  0  0  0  4  0  7  0  0  6  17  1  0  0  0  0  0  0  0  4  26550  1636  0  8  0  0  0  0  0  0  0  0  0  0  0  0  12  345  0  0  0  0  0  0  0  0  0  538  0  0  0  0  0  0  0  0  0  0  0  0  0  0  253  356  0  0  0  0  0  0  0  0  0  0  0  0  0  0  0  0  0  0  0  0  0  0  0  0  0  0  0  0  0  0  1  0  0  23  0  0  0  84  0  0  0  0  0  2  0  84  2823  1739  0  0  0  19  0  8  
0  0  12  18  0  1  6  142  44593  842  0  1  0  0  0  311  2  0  1  1  0  0  0  0  12  162  11758  255  26  90741  0  0  3  4  0  7  0  0  0  1  1303  0  0  137  1722  26549  0  8  62  0  0  6  0  13  0  30796  0  132  0  0  46  0  0  0  15111  477  6888  30  299  0  0  0  30  6  0  0  0  0  0  0  0  5  58  0  18  0  0  0  0  1  0  0  0  0  0  0  0  0  0  0  0  0  0  4597  0  0  0  0  0  0  0  0  0  0  0  0  0  0  0  1  0  0  0  0  0  0  0  0  0  0  0  0  0  0  0  0  0  0  5  1  0  0  0  0  4632  0  0  0  0  210  13  744  142  44  0  0  0  0  0  0  
0  199  0  0  0  0  0  0  0  0  0  0  0  0  0  0  2  1  26  0  321  0  28  0  2  3  0  0  0  0  0  0  0  9825  208  37  106726  109518  0  0  14  0  28075  0  0  0  0  980  0  36870  1  0  0  0  0  40  3  1  30446  26486  5061  0  0  0  2  0  0  1  0  0  0  0  27831  0  0  0  0  0  0  0  0  0  0  0  0  0  0  0  0  0  0  0  0  0  0  0  0  0  0  0  0  0  0  0  0  0  0  0  0  0  0  0  0  0  0  0  0  0  0  0  0  0  0  0  0  0  0  0  0  0  0  0  0  0  0  0  0  0  0  0  0  0  0  0  0  0  0  0  48  0  6417  0  1  0  0  0  0  0  0  0  
1  3632  0  3822  0  3  37  18  102  108  0  101  0  19  2  17  13  1  59759  0  1115  11  50  0  142284  10582  3  30  26  191  0  0  3674  141498  28853  45560  1519  211368  0  108  13026  1  1853  1613  740  8  0  126052  1426  26877  10777  101  1  53  234  34888  9474  713  61861  18938  21986  7  0  0  833  40  272  2308  63  0  33  23151  0  16482  0  0  0  0  0  0  0  0  0  0  0  0  0  0  0  0  0  0  0  0  0  0  0  0  0  0  0  0  0  0  0  0  0  0  0  0  0  0  0  0  0  0  0  0  0  0  0  0  0  0  0  0  0  0  0  0  0  0  0  0  0  0  0  0  0  0  0  0  0  0  0  0  0  0  288  81  32945  1411  2369  64  0  0  0  0  0  0  
0  0  0  114  0  0  0  2  0  1  0  1  0  0  0  0  5  0  4  0  0  0  0  0  1  260  0  0  1  2  0  0  52190  14076  196  54898  2  0  0  0  18828  0  2  4  7  0  0  22363  10  0  1  0  0  0  0  61  0  1  14  0  7  0  0  0  11  0  1  11  0  0  0  3  10913  0  0  0  0  0  0  0  0  0  0  0  0  0  0  0  0  0  0  0  0  0  0  0  0  0  0  0  0  0  0  0  0  0  0  0  0  0  0  0  0  0  0  0  0  0  0  0  0  0  0  0  0  0  0  0  0  0  0  0  0  0  0  0  0  0  0  0  0  0  0  0  0  0  0  0  846  0  3622  1058  393  151  0  0  0  0  0  0  
0  0  0  0  0  1  0  0  0  0  0  0  0  0  0  0  0  0  0  0  0  0  0  0  0  0  0  0  0  0  34  0  0  0  0  0  0  0  0  0  0  0  0  0  0  0  0  0  0  0  0  0  0  0  0  0  0  0  0  0  0  0  0  0  0  0  0  0  0  5  0  0  0  0  0  0  0  1  49512  17998  12  1  0  0  0  10  24  42  10378  32773  0  7  0  0  0  0  0  90528  0  0  0  0  0  0  3778  42  0  0  0  0  0  0  43  0  0  0  0  0  0  0  2300  0  1969  0  0  729  17161  93  0  0  0  0  0  0  0  17984  1426  4801  0  297  0  17  0  383  0  0  0  0  0  0  0  0  0  0  0  3246  0  0  53548  1  
0  0  0  0  0  0  0  0  0  0  0  0  0  0  0  0  0  0  0  0  0  0  0  0  0  0  0  0  0  0  0  0  0  0  0  0  0  0  0  0  0  0  0  0  0  0  0  0  0  0  0  0  0  0  0  0  0  0  0  0  0  0  0  0  0  0  0  0  0  0  0  0  0  0  0  0  0  1  0  0  0  0  0  0  0  0  0  0  0  0  0  0  55355  10  59975  94  0  0  0  0  0  0  0  0  0  0  0  0  0  0  3553  1  0  0  0  37830  0  632  0  0  0  0  0  2  39351  0  0  0  0  4  9705  87  38495  24915  12656  0  0  0  0  0  0  0  0  0  0  1582  140  0  0  0  0  0  0  0  0  0  0  1  1  0  
0  0  1152  0  0  0  0  18  0  0  0  0  0  0  0  552  0  0  0  0  0  0  0  0  0  0  0  0  0  6  0  0  0  0  0  0  0  0  0  0  0  0  0  0  0  27  0  0  0  0  0  0  0  0  0  0  0  0  0  0  0  0  0  0  0  0  0  0  0  0  0  0  0  0  0  0  0  0  0  0  0  818  0  0  0  0  0  0  0  37815  0  0  0  0  0  0  0  0  0  0  11235  14181  18079  17653  0  0  0  0  0  0  0  0  0  0  1  0  0  0  30829  31766  0  0  0  0  0  0  0  1  0  0  0  0  0  0  0  0  0  0  1  1  11670  0  20  0  4  0  0  0  0  4  0  0  0  0  0  0  0  0  6  0  
0  0  0  0  0  0  0  0  0  0  0  0  0  0  0  0  0  0  0  0  0  0  0  0  0  0  0  0  0  0  0  0  0  0  0  0  0  0  0  0  0  0  0  0  0  0  0  0  0  0  0  0  0  0  0  0  0  0  0  0  0  0  0  0  0  0  0  0  0  0  0  0  0  0  0  0  0  0  0  19  63  74  20  16  0  42852  0  11  5  75  206  3  20  1  0  1  0  0  2  43466  1  23496  31271  7  0  0  3169  132  0  1696  0  0  0  0  11508  4  0  40  48483  1  0  127  55833  0  0  79  18  207  389  151  1  162  0  0  10  0  0  0  118  164  558  22311  26  0  0  0  90  375  0  0  0  0  0  0  5  83  11  42  407  4  
20  0  0  0  223  1  0  0  0  0  0  0  0  0  0  32  0  0  0  0  0  0  0  0  0  0  0  0  0  0  11  0  0  0  0  0  0  0  0  0  0  0  0  0  0  0  0  0  0  0  0  0  0  0  0  0  0  0  0  0  0  0  0  0  0  0  0  0  0  8  0  0  0  0  38150  0  0  0  0  40539  17  0  0  0  0  1  0  27  10602  112930  0  10  0  0  0  0  0  70  0  0  0  0  0  0  0  0  0  0  0  0  0  0  3  0  0  0  0  0  0  0  129  0  70  0  0  164  68056  312  0  0  0  0  0  0  0  4  0  125  0  46  0  4  0  0  0  0  0  0  0  0  0  0  0  0  0  224  0  0  10052  0  
1  0  0  0  23  5739  740  5  3  0  0  0  0  2  5  259  0  0  0  0  0  0  0  0  0  0  0  0  0  0  147  434  0  0  0  0  0  0  0  0  0  0  0  0  0  0  0  0  5  0  0  9  23  6  0  0  0  0  0  0  0  0  0  0  0  4891  0  0  0  388  0  0  0  0  19024  0  0  12  51381  0  32664  100  14  3  0  31  6  67  5129  157468  0  10  0  0  0  0  0  8350  0  0  0  0  0  2  1333  15142  0  0  0  0  0  0  50  0  0  0  0  1  7  0  269  0  3437  0  0  3681  43828  31293  1  0  0  0  0  0  0  70  21477  7643  2  80484  1  503  1  3378  0  0  0  0  0  21  0  2  55  11  0  23736  0  1  36890  329  
0  0  0  0  0  127  5221  437  0  0  0  0  0  0  0  270  0  0  0  0  0  0  0  0  0  0  0  0  0  0  0  0  0  0  0  0  0  0  0  0  0  0  0  0  0  0  0  0  0  0  0  0  0  1  0  0  0  0  0  0  0  0  0  0  0  1143  0  0  0  0  0  0  0  0  18  0  0  30  56  34252  0  44519  389  27  0  13  1  6  71  100816  0  12  0  0  0  0  0  0  0  0  1  0  16  9  0  1  0  0  0  0  0  0  1  0  2  0  0  2  36  17  9  0  1121  0  0  2347  627  17056  1  2  0  0  0  0  0  2  0  4  37  33374  5  1669  47  0  6  0  0  0  0  2749  0  0  2  0  0  3913  0  4  3976  6  
0  0  31  0  0  0  1189  8878  26  2  0  0  0  0  0  257  0  0  0  0  0  0  0  0  0  0  0  0  0  14  0  0  0  0  0  0  0  0  0  0  0  0  0  0  0  23  0  0  0  0  0  0  0  0  0  0  0  0  0  0  0  0  0  0  0  1175  0  0  0  0  5  0  0  0  1  0  531  15  1  656  42686  0  20814  40  0  4  0  0  3  62456  0  0  1  0  0  0  0  0  0  4  28  3  5937  25  0  0  0  0  0  0  0  0  0  0  47  0  0  2  5170  31951  0  0  302  0  0  194  59  17062  1  152  0  0  0  0  0  0  0  0  154  28741  175  1301  6239  0  686  0  3  0  0  746  0  1  0  0  0  586  0  16  789  38  
0  0  1  0  0  0  18  380  5104  104  0  0  0  0  0  3  0  0  0  0  0  0  0  0  0  0  0  0  0  74  0  0  0  0  0  0  0  0  0  0  0  0  0  1  0  30  0  0  0  0  0  0  0  0  0  0  0  0  0  0  0  0  0  0  0  1770  0  0  0  0  124  0  0  0  0  0  0  2  0  19  554  13725  0  6565  0  0  0  0  0  138  0  0  0  0  0  14  0  0  4  16  5  4  1  9749  0  0  0  1  0  0  0  0  0  0  22  0  0  14  344  27393  0  1  22  0  0  2  0  2  63  125  0  1  0  0  0  0  0  0  1642  31059  147  13  11  0  43914  0  15  0  0  78  0  2  0  0  0  61  1  7  84  12  
0  0  0  0  0  0  0  0  265  594  0  0  0  0  0  0  0  0  0  0  0  3  6  0  0  0  0  0  0  65  0  0  0  0  0  0  0  0  0  0  0  0  0  7  1  0  0  0  0  0  0  0  0  0  0  0  0  0  0  0  1  0  0  0  0  495  1  0  0  0  1  0  0  0  0  0  0  15  0  34  20  18  5690  0  1  0  0  0  0  2  0  0  0  0  0  1632  5107  0  4  76  1  5  7  7889  0  0  0  0  0  0  0  0  0  0  814  0  0  31711  261  8  0  5  178  0  0  2  1  1  164  102  0  7  0  0  3  0  0  0  23556  26508  163  35  35  0  29  0  34  0  0  0  4  6  0  0  2  386  2829  903  2077  20  
0  0  0  0  0  0  0  0  1  0  7035  0  0  0  0  0  0  0  0  2  0  209  0  0  0  0  143  0  0  604  0  0  0  0  0  0  0  0  0  0  0  0  0  92  0  0  0  0  0  0  0  0  0  0  0  0  0  1  0  0  0  0  0  0  190  0  0  0  0  0  43  0  0  0  0  1  0  0  0  0  0  0  0  1  0  0  0  0  0  0  0  0  28  97973  0  4036  0  0  0  0  1  0  0  3847  0  0  0  0  0  0  0  0  0  0  0  34687  0  95487  0  0  0  0  0  0  5  0  0  0  0  7  188  9008  0  0  51  0  0  0  88877  0  0  0  0  0  0  0  2  0  0  0  0  0  0  0  0  0  0  0  0  0  
0  0  0  0  0  0  0  0  0  0  0  0  0  0  0  0  0  0  0  0  0  0  0  0  0  0  0  0  0  0  0  0  0  0  0  0  0  0  0  0  0  0  0  0  0  0  0  0  0  0  0  0  0  0  0  0  0  0  0  0  0  0  0  0  0  0  0  0  0  0  0  0  0  0  3  0  0  55402  0  1  3  3  0  0  0  0  232  43041  4  2  259  334  0  0  0  0  0  229  0  1  0  1  4281  0  0  0  1329  356  204  3  0  0  652  29214  2  0  0  0  16  0  420  31  40867  0  0  5718  12  5  0  1  0  1  0  0  0  78  0  3  0  1  0  70304  0  0  0  0  0  5  0  0  0  0  0  0  0  1  0  0  170  0  
0  0  0  0  0  0  0  0  0  0  0  0  0  0  0  0  0  0  0  0  0  0  0  0  0  0  0  0  0  0  0  0  0  0  0  0  0  0  0  0  0  0  0  0  0  0  0  0  0  0  0  0  0  0  0  0  0  0  0  0  0  0  0  0  0  0  0  0  0  0  0  0  0  0  155  0  0  0  7  21  0  0  0  0  0  432  0  17314  186  2  1  38  0  0  0  0  0  30634  0  0  0  0  0  0  0  0  0  3  1  0  0  0  36170  90  0  0  0  0  0  0  20552  0  1443  0  0  139  416  0  0  0  0  0  0  0  0  15857  67  4411  0  7  0  5  0  0  0  0  0  0  0  0  0  0  0  0  0  9  0  0  108  0  
0  0  0  0  0  0  0  0  0  0  0  0  0  0  0  0  0  0  0  0  0  0  0  0  0  0  0  0  0  0  0  0  0  0  0  0  0  0  0  0  0  0  0  0  0  0  0  0  0  0  0  0  0  0  0  0  0  0  0  0  0  0  0  0  0  0  0  0  0  0  0  0  0  0  814  0  0  6  37  281  4  1  0  0  0  18585  14562  0  9196  47  0  40  0  0  0  0  0  847  0  0  0  0  6  0  0  0  0  2  0  0  0  0  50427  28275  0  0  0  0  0  0  1385  0  9983  0  0  91729  1081  13  0  0  0  0  0  0  0  22996  2  3472  0  111  0  388  0  0  0  0  0  0  0  0  0  0  0  0  0  230  0  0  184  0  
0  0  0  0  0  0  0  0  0  0  0  0  0  0  0  0  0  0  0  0  0  0  0  0  0  0  0  0  0  0  0  0  0  0  0  0  0  0  0  0  0  0  0  0  0  0  0  0  0  0  0  0  0  0  0  0  0  0  0  0  0  0  0  0  0  0  0  0  0  0  0  0  0  0  13281  0  0  11  5653  3321  31  126  2  1  0  25  1004  10661  0  29424  0  0  0  0  0  0  0  12790  0  4  2  1  14117  0  0  0  0  0  0  0  0  0  59  1  1  0  0  0  854  0  1100  0  747  0  0  140981  167737  81469  1  7  0  0  0  0  0  47720  1  2  0  71  57  31505  10680  0  0  0  0  0  0  0  0  0  0  0  0  110  0  0  1355  0  
2  0  4286  0  79  245  341  1264  0  0  0  0  0  0  0  5165  0  0  0  0  0  0  0  3  0  0  0  0  0  8  1330  30  0  0  0  0  0  0  0  0  0  0  0  0  0  10  0  0  0  0  0  0  0  0  0  0  0  0  0  0  0  0  8  0  0  0  0  0  0  277  1  0  0  0  32446  0  38912  7  109915  151341  87301  54579  110  0  0  3  0  1  28170  0  0  3  0  0  0  0  0  2282  0  0  0  1  34494  43  18020  1981  0  0  0  0  0  0  0  0  11  0  0  0  2036  8279  5  0  342  0  0  388  8482  150285  0  14  0  0  0  0  0  2  15523  67  11  699  14  709  41250  17222  37  0  0  0  0  230  0  0  0  0  0  1176  0  7  1270  17  
0  0  0  0  0  0  0  0  0  0  0  0  0  0  0  0  0  0  0  0  0  0  0  0  0  0  0  0  0  0  0  0  0  0  0  0  0  0  0  0  0  0  0  0  0  0  0  0  0  0  0  0  0  0  0  0  0  0  0  0  0  0  0  0  0  0  0  0  0  0  0  0  0  0  0  0  0  1323  0  0  3  9  2  3  0  1055  1  0  0  2  0  48015  5  0  1  0  6511  778  1  19  1  0  8  3  0  0  3528  53  16048  13  85  2  0  0  14024  0  6123  1  47  1  9  42659  17054  24  0  1  1  5  20  74  0  9  0  0  4  0  5  6  10  12  113  12  14  0  1  416  161  0  0  0  0  0  0  0  11949  4  174  143  56098  3  
0  0  0  0  0  0  0  0  0  0  0  0  0  0  0  0  0  0  0  0  0  0  0  0  0  0  0  0  0  0  0  0  0  0  0  0  0  0  0  0  0  0  0  0  0  0  0  0  0  0  0  0  0  0  0  0  0  0  0  0  0  0  0  0  0  0  0  0  0  0  0  0  0  0  33  0  0  45  100  40  10  7  1  2  0  2604  49  100  1  9  43909  0  1  0  0  0  30460  10289  0  6  0  0  8  0  0  0  155  100  7638  0  0  0  37  52  411  0  305  0  42  0  30900  229  61102  0  0  34  493  18  3  15  0  2  0  0  0  0  284  616  1  40  27  67  7  0  0  3  5  1  0  0  0  0  0  0  4722  14  4  14  71476  4  
0  0  0  0  0  0  0  0  0  0  0  0  0  0  0  0  0  0  0  0  0  0  0  0  0  0  0  0  0  0  0  0  0  0  0  0  0  0  0  0  0  0  0  0  0  0  0  0  0  0  0  0  0  0  0  0  0  0  0  0  0  0  0  0  0  0  0  0  0  0  0  0  0  0  0  46422  0  34  0  0  4  1  3  2  9  1  0  0  0  1  2  0  0  22058  205  477  0  0  26193  248  1  0  4  1  0  0  0  3  0  3  1558  0  0  0  44  53093  0  3559  46  0  0  130  56  0  1064  1  0  2  897  8593  112569  68202  30144  10  1338  0  0  0  302  11  36  40  1  0  0  63  42436  1  0  0  0  0  0  0  14  6  51  45  48  1  
0  0  0  0  0  0  0  0  0  0  674  0  0  0  0  0  0  0  0  1  0  0  0  0  0  0  3  0  0  2  0  0  0  0  0  0  0  0  0  0  0  0  0  0  0  0  0  0  0  0  0  0  0  0  0  0  0  0  0  0  0  0  0  0  5  0  0  0  0  0  0  0  0  0  0  7  0  0  0  0  0  0  0  0  82064  0  0  0  0  0  0  0  19458  0  1  582  0  0  114  0  21247  0  0  1323  0  0  0  0  0  0  0  0  0  0  0  38354  0  14840  1  0  0  0  0  0  56  0  0  0  0  5402  3521  52996  30  0  743  0  0  0  33037  0  0  0  0  0  1  0  40  0  0  0  0  0  0  0  0  0  0  0  0  0  
0  0  0  0  0  0  0  0  0  0  5  0  0  0  0  0  0  0  0  0  1  17  1  0  0  0  0  0  0  0  0  0  0  0  0  0  0  0  0  0  0  0  0  0  0  0  0  0  0  0  0  0  0  0  0  0  0  0  0  0  8  0  0  0  0  0  0  0  0  0  0  0  0  0  0  52953  0  0  0  0  0  0  0  0  1  0  0  0  0  0  0  0  193  0  0  1607  10855  0  0  0  0  0  0  0  0  14  0  0  0  0  4769  8  0  0  0  29169  35  47  0  0  0  24  0  53869  46935  0  0  0  0  5  351  17  1817  67295  83319  0  2  0  1  0  0  0  0  0  0  268  176  0  0  0  0  2  0  0  6  0  1211  272  3  0  
0  3  0  0  0  0  0  0  13  36  127  0  0  0  0  0  0  0  0  0  2  3664  5  0  0  0  0  0  0  25  0  0  0  0  0  0  0  0  0  0  0  6  0  65  0  0  0  0  0  0  1  0  0  0  0  0  0  0  0  0  34  0  0  0  7  1  0  0  0  0  3  0  0  0  0  565  0  0  0  0  0  0  72  796  3629  0  0  0  0  0  0  0  318  574  1301  0  7480  0  2  0  0  0  0  1627  0  2  0  0  0  0  0  0  0  0  17  79319  0  175375  0  0  0  4  0  2  34052  0  0  0  3  1  1794  5762  1271  0  160962  0  0  0  5279  1  0  0  0  0  3  1  450  0  0  0  9  21  0  0  1  1  5006  569  3  1  
0  0  0  0  0  0  0  0  0  2  0  0  0  0  0  0  0  0  0  0  0  9  17  0  0  0  0  0  0  0  0  0  0  0  0  0  0  0  0  0  0  0  0  0  0  0  0  0  0  0  0  0  0  0  0  0  0  0  0  0  8  0  0  0  0  0  0  0  0  0  0  0  0  0  1  0  0  5  0  2  0  1  2  4650  0  0  0  0  0  0  5375  39974  1  0  7439  7906  0  10970  0  2  0  0  0  0  0  45  0  1  25631  1  7047  0  1  0  372  0  68555  6906  4  0  8  941  4  31820  2  0  0  0  9  3  0  6  8  11  47587  0  5814  57  24  17  1  2  0  0  0  493  31  0  0  0  10  42  0  0  70090  4  66042  2465  17893  37  
0  0  0  0  0  0  0  0  0  0  0  0  0  0  0  0  0  0  0  0  0  0  0  0  0  0  0  0  0  0  19  1  0  0  0  0  0  0  0  0  0  0  0  0  0  0  0  0  0  0  0  0  0  0  0  0  0  0  0  0  0  0  0  0  0  0  0  0  0  2  0  0  0  0  77522  0  0  0  121  7722  9  0  1  0  0  222  46093  1203  13942  3741  803  17522  0  0  0  0  14855  0  0  0  0  0  0  0  17226  3782  0  84  177  0  0  0  5384  1  0  0  11  0  0  0  36115  27  599  0  0  656  816  26  0  0  0  0  0  0  0  51519  90529  127139  0  414  0  7  0  78  0  0  1  0  0  0  0  1  0  0  161  2690  2  16  37065  120  
0  0  0  0  0  0  0  0  0  0  0  0  0  0  0  0  0  0  0  0  0  0  0  0  0  0  0  0  0  0  0  0  0  0  0  0  0  0  0  0  0  0  0  0  0  0  0  0  0  0  0  0  0  0  0  0  0  0  0  0  0  0  0  0  0  0  0  0  0  0  0  0  0  0  0  1  0  50  0  2  0  0  40  24  0  1  0  0  0  0  2  0  28385  242  1  0  0  0  0  17399  2242  1  1  16  0  0  0  0  0  2  99  22327  0  0  48  0  0  76  30  0  0  83  49  3  1  0  0  2  52122  112379  1  550  195  45  307  0  0  0  338  51  26  14  3  0  5  164  236918  0  0  0  0  0  0  0  16  5  68  18  54  0  
0  0  0  0  0  0  0  0  0  0  0  0  0  0  0  0  0  0  0  0  0  0  0  0  0  0  0  0  0  0  0  0  0  0  0  0  0  0  0  0  0  0  0  0  0  0  0  0  0  0  0  0  0  0  0  0  0  0  0  0  0  0  0  0  0  0  0  0  0  0  0  0  0  0  0  0  0  53209  0  3  3  32  105  137  0  1  0  0  0  10  1  0  12  0  0  0  0  0  14718  0  7  15736  40  28  0  0  645  12483  0  78916  0  7  0  0  65726  0  0  115  20618  2  0  110  845  0  0  1  0  14  55283  10570  0  96  0  0  7  2  0  0  605  312  49195  157  75  0  10  0  3580  119  0  0  0  0  0  0  5  52  30  79  1270  10  
0  0  2  0  0  0  0  0  0  0  0  0  0  0  0  0  0  0  0  0  0  0  0  0  0  0  0  0  0  7  0  0  0  0  0  0  0  0  0  0  0  0  0  0  0  0  0  0  0  0  0  0  0  0  0  0  0  0  0  0  0  0  0  0  0  0  0  0  0  0  0  0  0  0  0  0  9484  4  0  0  0  25  28  13  4  0  0  0  0  1  0  0  3  22471  0  1  0  0  1898  87  0  922  15  124811  0  0  0  0  0  1  0  0  0  0  38  0  0  12  126  9490  0  6  22  0  0  0  1  4  138  125541  0  44  0  0  6  0  0  0  14735  92  52701  9  22  0  1853  0  29  0  0  0  0  0  0  0  0  1  5  7  165  17  
0  0  0  0  0  0  0  0  0  0  0  0  0  0  0  0  0  0  0  0  0  0  0  0  0  0  0  0  0  0  0  0  0  0  0  0  0  0  0  0  0  0  0  0  0  0  0  0  0  0  0  0  0  0  0  0  0  0  0  0  0  0  0  0  0  0  0  0  0  0  0  0  0  0  0  0  16064  22782  0  0  0  5  1  0  0  0  0  0  0  0  0  0  0  0  0  0  0  0  2  16565  808  0  11321  1  0  0  0  0  0  1  0  0  0  0  0  0  0  0  111307  161  0  0  1  0  0  0  0  0  211  565  0  1  0  0  0  0  0  0  1  4  108899  1  5  0  2  0  0  0  0  0  0  0  0  0  0  0  0  0  16  1  
0  0  0  0  0  0  0  0  0  0  0  0  0  0  0  0  0  0  0  0  0  0  0  0  0  0  0  0  0  0  0  0  0  0  0  0  0  0  0  0  0  0  0  0  0  0  0  0  0  0  0  0  0  0  0  0  0  0  0  0  0  0  0  0  0  0  0  0  0  0  0  0  0  0  0  0  14508  41367  0  6  14  3784  5  2  0  4149  0  11  13143  26874  2  0  0  0  0  0  0  0  0  13  0  8540  0  0  0  0  0  0  0  0  0  0  0  0  123  0  0  0  124491  321  0  0  127  0  0  2669  1  167  2  23  0  0  0  0  0  0  0  0  6  28  165  64900  90493  0  3  0  0  0  0  0  0  0  0  0  0  20  0  14  458  72  
0  0  133  0  0  0  0  8  2057  86  4  0  0  0  0  3  0  0  0  0  0  1  0  0  0  0  53  0  0  10946  0  0  0  0  0  0  0  0  0  0  0  0  0  2  0  236  0  0  0  0  0  0  0  0  0  0  0  0  0  0  0  0  0  0  170  86  0  0  0  0  4002  0  0  0  0  0  13488  2  0  6  5  36  13043  7895  6845  0  0  0  0  23  0  0  0  2160  0  883  3  0  5  15  127150  5  3  0  0  0  0  0  0  0  0  0  0  0  19  0  0  119  207  45827  0  1  33  0  0  0  0  0  47  16983  0  4  0  0  4  0  0  0  73831  914  6865  5  12  0  111149  0  16  0  0  0  1  1  0  0  0  43  8  12  73  7  
0  0  0  0  0  6  0  0  0  0  0  0  0  0  0  0  0  0  0  0  0  0  0  14  0  0  0  0  0  0  1744  1002  0  0  0  0  0  0  0  0  0  0  0  0  0  0  0  0  0  0  0  0  0  0  0  0  0  0  0  0  0  0  25  0  0  0  0  0  0  124  0  0  0  0  4388  0  0  0  0  399  0  0  0  0  0  0  0  0  0  17962  0  0  0  0  0  0  0  16884  0  0  0  0  0  0  0  38030  0  0  0  0  0  0  0  0  0  0  0  0  0  0  0  0  0  0  0  0  0  0  0  0  0  0  0  0  0  0  68158  1  0  1  0  0  0  21731  0  0  0  0  0  0  0  17  0  0  11  0  1  29  2968  106  
0  0  0  0  0  16  0  0  0  0  0  0  0  0  0  3  0  0  0  0  0  0  1  15  0  0  0  0  0  0  107  6137  0  0  0  0  0  0  0  0  0  0  0  0  0  0  0  0  0  0  0  0  0  0  0  0  0  0  0  0  0  0  60  0  0  39  0  0  0  143  0  0  0  0  186  0  0  0  0  10979  0  0  0  0  0  0  0  0  0  92  0  0  0  0  1  5  9  2318  0  0  0  0  0  0  29236  0  0  0  0  0  0  0  0  0  0  0  0  0  0  0  1  0  0  0  0  0  0  0  0  0  0  0  0  0  0  0  41638  28  0  16347  0  0  0  7402  0  0  0  0  0  0  1  336  0  7  52  10987  231  2892  13506  11009  
0  0  0  0  0  0  0  0  0  0  0  0  0  0  0  0  0  0  0  0  0  0  0  0  0  0  0  0  0  0  0  0  0  0  0  0  0  0  0  0  0  0  0  0  0  0  0  0  0  0  0  0  0  0  0  0  0  0  0  0  0  0  0  0  0  0  0  0  0  0  0  0  0  0  0  0  0  4714  0  0  0  0  1  1  0  1336  0  2  0  0  878  5  0  0  0  0  0  0  0  1338  0  0  0  1  0  0  0  14622  4549  1597  0  0  0  0  23201  0  0  3  1  0  0  27482  185  0  0  0  0  0  8  4  0  10  0  0  0  0  0  0  3  0  0  1  0  0  0  0  1211  61448  0  0  0  0  0  0  3  0  164  638  253  0  
0  0  0  0  0  0  0  0  0  0  0  0  0  0  0  0  0  0  0  0  0  0  0  0  0  0  0  0  0  0  0  0  0  0  0  0  0  0  0  0  0  0  0  0  0  0  0  0  0  0  0  0  0  0  0  0  0  0  0  0  0  0  0  0  0  0  0  0  0  0  0  0  0  0  0  0  0  489  0  0  0  0  4  2  0  274  16  16  0  0  39  12  1  0  0  0  1  86  1  9205  0  0  0  0  0  0  19888  0  41879  70686  5  13655  0  0  439  0  22263  2  1  1  0  40141  1  13  0  0  0  0  1430  6  0  20  1  0  1  0  0  0  35  4  0  0  0  0  2  3  144770  21390  0  0  0  0  0  0  151  0  234  196  234  0  
0  0  0  0  0  0  0  0  0  0  0  0  0  0  0  0  0  0  0  0  0  0  0  0  0  0  0  0  0  0  0  0  0  0  0  0  0  0  0  0  0  0  0  0  0  0  0  0  0  0  0  0  0  0  0  0  0  0  0  0  0  0  0  0  0  0  0  0  0  0  0  0  0  0  0  0  0  0  0  0  0  0  0  0  0  72  5  0  0  0  22662  9936  0  0  3  0  29175  121  0  0  0  0  0  0  0  0  6322  55209  0  74  30  20  0  0  1  0  43543  0  0  0  0  45046  1  71  0  0  0  0  0  0  0  0  0  4  9  0  0  1  0  0  0  0  0  0  0  80  8909  184  0  0  0  0  0  0  23166  0  35  0  31  0  
0  0  0  0  0  0  0  0  0  0  0  0  0  0  0  0  0  0  0  0  0  0  0  0  0  0  0  0  0  0  0  0  0  0  0  0  0  0  0  0  0  0  0  0  0  0  0  0  0  0  0  0  0  0  0  0  0  0  0  0  0  0  0  0  0  0  0  0  0  0  0  0  0  0  0  0  0  4010  0  0  0  1  10  9  0  1  0  0  0  0  34  4  14  0  0  0  0  0  0  87144  0  0  0  6  0  0  1649  60495  6  0  0  0  0  0  35691  0  3  9  12  0  0  2079  13  1  0  0  0  1  7048  18  0  60  0  0  0  0  0  0  67  26  2076  1  0  0  1  2  2873  34349  0  0  0  0  0  0  180  2  387  608  536  3  
0  0  0  0  0  0  0  0  0  0  0  0  0  0  0  0  0  0  0  0  0  0  0  0  0  0  0  0  0  0  0  0  0  0  0  0  0  0  0  0  0  0  0  0  0  0  0  0  0  0  0  0  0  0  0  0  0  0  0  0  0  0  0  0  0  0  0  0  0  0  0  0  0  0  0  7677  0  0  0  0  0  0  0  0  0  0  0  0  0  0  30  1  3719  0  4375  0  5993  0  26  0  0  0  0  0  0  0  0  2  50  0  0  38404  0  0  0  0  15780  0  0  0  0  937  0  48370  0  0  0  0  1  0  0  0  9473  67609  225  0  0  0  0  0  0  0  0  0  0  161265  805  0  0  0  0  0  0  0  35  0  266  0  0  0  
0  0  0  0  0  0  0  0  0  0  0  0  0  0  0  0  0  0  0  0  0  0  0  0  0  0  0  0  0  0  0  0  0  0  0  0  0  0  0  0  0  0  0  0  0  0  0  0  0  0  0  0  0  0  0  0  0  0  0  0  0  0  0  0  0  0  0  0  0  0  0  0  0  0  0  1  0  0  0  0  0  0  0  0  0  0  0  0  0  0  22  2  2  0  30  0  2  0  19091  2  0  0  0  0  0  0  0  12987  461  1  39468  0  0  0  0  0  32176  0  0  0  0  334  0  10272  0  0  0  0  4  23  0  1  1226  15548  492  0  0  0  0  0  0  0  0  0  0  150376  168508  0  0  0  0  0  0  0  19  0  4569  0  0  0  
0  0  0  0  0  0  0  0  0  0  0  0  0  0  0  0  0  0  0  0  0  0  0  0  0  0  0  0  0  0  0  0  0  0  0  0  0  0  0  0  0  0  0  0  0  0  0  0  0  0  0  0  0  0  0  0  0  0  0  0  0  0  0  0  0  0  0  0  0  0  0  0  0  0  1439  0  0  0  264  930  8  0  0  0  0  421  33325  45651  265  52  0  43  0  0  0  0  0  3792  0  0  0  0  0  0  0  0  0  0  0  0  0  0  0  474  0  0  0  0  2  0  6395  0  22539  0  0  8657  4797  25  0  0  0  0  0  0  0  7340  241  10343  0  273  0  239  0  0  0  0  0  0  0  0  0  0  0  0  0  261  0  0  1361  0  
0  0  0  0  0  0  0  0  0  0  0  0  0  0  0  0  0  0  0  0  0  0  0  0  0  0  0  0  0  0  0  0  0  0  0  0  0  0  0  0  0  0  0  0  0  0  0  0  0  0  0  0  0  0  0  0  0  0  0  0  0  0  0  0  0  0  0  0  0  0  0  0  0  0  20  0  0  0  1  3  0  1  0  0  0  26320  89  38357  1  1  0  13  0  0  0  0  0  4  0  0  0  0  0  0  0  0  0  0  0  0  0  0  1324  0  0  0  0  0  0  0  281  0  7063  0  0  4056  14  0  0  0  0  0  0  0  0  347  0  10  0  0  0  3410  0  0  0  0  0  0  0  0  0  0  0  0  0  7  0  0  4  0  
0  0  0  0  0  0  0  0  0  6  0  0  0  0  0  0  0  0  0  0  0  0  0  0  0  0  0  0  0  0  0  0  0  0  0  0  0  0  0  0  0  0  0  0  1  0  0  0  0  0  0  0  0  0  0  0  0  0  0  0  0  0  0  0  0  2  1  0  0  0  0  0  0  0  0  0  2  18060  0  14  14  314  393  1069  0  21  0  0  0  38  11449  44  110  0  0  1  26  0  11  77325  50  18  605  89  0  0  22246  1095  5  42132  0  0  0  0  0  0  0  3764  4541  36  0  21228  24998  0  0  6  2  28  33694  1904  0  789  0  0  42  1  0  0  3559  1619  3189  577  692  0  71  0  2040  17750  0  0  0  2  0  0  188  329  6088  8511  51713  191  
0  1  0  0  0  0  0  0  0  0  272  0  0  0  0  0  0  0  0  0  3  42  0  0  0  0  0  0  0  0  0  0  0  0  0  0  0  0  0  0  0  0  0  1  0  0  0  0  0  0  1  0  0  0  0  0  0  0  0  0  1  0  0  0  0  0  0  0  0  0  0  0  0  0  0  34510  0  1  0  0  0  0  0  0  27723  0  0  0  0  0  0  0  50793  35234  29108  54686  0  0  0  0  0  0  0  0  0  0  0  0  0  0  0  0  0  0  1  0  0  52605  0  0  0  3  0  0  40017  0  0  0  1  0  19426  589  1210  0  10025  0  0  0  4  0  0  0  0  0  0  0  812  0  0  0  0  0  0  0  1  0  0  3  0  0  
0  0  0  0  0  0  0  0  0  0  0  0  0  0  0  0  0  0  0  0  0  0  0  0  0  0  0  0  0  0  0  0  0  0  0  0  0  0  0  0  0  0  0  0  0  0  0  0  0  0  0  0  0  0  0  0  0  0  0  0  0  0  0  0  0  0  0  0  0  0  0  0  0  0  0  0  0  0  0  0  0  0  0  0  0  0  2  0  0  0  2388  53  0  0  135  2  62776  32  0  0  0  0  0  0  0  0  0  25431  43417  1  16278  28808  0  0  0  0  0  0  0  0  0  8962  0  7368  0  0  0  0  0  0  0  0  3  38  262  0  0  0  1  0  0  0  0  0  0  14346  7032  0  0  0  0  0  0  0  15763  0  1311  0  2  0  
0  0  0  0  0  0  0  0  3  13  14  0  0  0  0  0  0  0  0  0  0  186  7  0  0  0  0  0  0  1  0  0  0  0  0  0  0  0  0  0  0  0  0  4  0  0  0  0  0  0  0  0  0  0  0  0  0  0  0  0  2  0  0  0  0  1  0  0  0  0  0  0  0  0  0  1705  0  309  0  10  9  5  147  30602  106843  1  0  0  0  3  1  0  4848  8806  340  179619  7616  0  22  163  0  1  1  187  0  0  3  3  0  5  1  0  0  0  2451  61734  0  0  116  1  0  253  134  0  9027  1  0  4  286  112  6573  60524  17676  2  29053  0  0  0  73471  498  34  87  4  0  39  10  7492  3  0  0  6  6  0  0  4  99  8375  166  515  2  
0  0  0  0  0  0  0  0  0  8  0  0  0  0  0  0  0  0  0  0  0  0  0  0  0  0  0  0  0  0  0  0  0  0  0  0  0  0  0  0  0  0  0  0  0  0  0  0  0  0  0  0  0  0  0  0  0  0  0  0  0  0  0  0  0  3  0  0  0  0  0  0  0  0  0  0  20382  37681  1  44  152  3601  448  173  0  10  0  2  1541  2795  1  7  7  0  0  0  0  0  4  28389  24  110115  111716  47  0  0  1  0  0  10  0  0  0  1  1231  0  0  43  0  29205  6  2  5486  0  0  114  29  2811  177  1116  0  63  1  0  1  8  0  0  536  1837  92412  15110  41204  0  322  0  22  2  0  0  0  2  0  0  0  834  5  299  6162  878  
0  0  218  0  0  0  0  674  3  1  0  0  0  0  0  6  0  0  0  0  0  0  0  0  0  0  0  0  0  60  0  0  0  0  0  0  0  0  0  0  0  0  0  0  0  112  0  0  0  0  0  0  0  0  0  0  0  0  0  0  0  0  0  0  0  0  0  0  0  0  8  0  0  0  0  0  23585  4  0  8  36  37352  19741  32  0  0  0  0  1  7486  0  1  0  0  0  0  0  0  0  5  15848  218  1035  45047  0  0  0  0  0  0  0  0  0  0  88  0  0  2  36184  0  0  0  82  0  0  15  2  342  5  490  0  0  0  0  0  0  0  0  943  674  18929  149  854  0  19212  0  0  0  0  4  0  0  0  0  0  185  1  47  515  165  
0  0  0  0  0  0  0  0  0  0  0  0  0  0  0  0  0  0  0  0  0  0  0  0  0  0  0  0  0  0  0  0  0  0  0  0  0  0  0  0  0  0  0  0  0  0  0  0  0  0  0  0  0  0  0  0  0  0  0  0  0  0  0  0  0  0  0  0  0  0  0  0  0  0  10553  0  0  3  634  397  8  2  0  0  0  720  24943  1016  575  32  3  22610  0  0  0  0  9  40664  0  0  0  0  0  0  0  0  0  1  2  0  0  0  10281  135  0  0  0  0  0  0  0  0  8569  0  0  1306  7532  5  0  0  0  0  0  0  0  1033  3707  13094  0  100  0  16  0  0  0  0  0  0  0  0  0  0  0  0  0  105  0  0  55225  0  
0  0  0  0  0  0  0  0  0  0  0  0  0  0  0  0  0  0  0  0  0  0  0  0  0  0  0  0  0  0  0  0  0  0  0  0  0  0  0  0  0  0  0  0  0  0  0  0  0  0  0  0  0  0  0  0  0  0  0  0  0  0  0  0  0  0  0  0  0  0  0  0  0  0  0  2  0  395  0  0  0  0  16  9  0  74  0  0  0  1  47016  306  81  0  106  0  445  7  12  88  0  0  1  4  0  0  28149  39274  57087  3110  1503  72  0  0  20173  1  13779  57  16  1  0  0  61  630  0  0  0  1  315  98  0  500  8  11  233  0  0  0  153  15  17  13  2  0  1  4506  132645  12349  0  0  0  0  0  0  12940  4  12720  5494  34087  11  
0  0  0  0  0  0  0  0  0  1  0  0  0  0  0  0  0  0  0  0  0  0  0  0  0  0  0  0  0  0  0  0  0  0  0  0  0  0  0  0  0  0  0  0  0  0  0  0  0  0  0  0  0  0  0  0  0  0  0  0  0  0  0  0  0  0  0  0  0  0  0  0  0  0  944  0  0  55131  834  6453  1206  1648  189  190  0  44807  1505  12338  219  1883  12854  61002  24  0  0  0  100  48  6  4002  11  13  976  47  0  0  159  8  20  6  0  0  18708  6925  21620  1  0  92  15427  32  9827  44  0  0  0  34554  15916  3173  328  1695  0  212  0  0  11  3505  1  55  354  3840  1457  28063  1118  0  18  0  62  2  0  0  0  0  0  0  40  2898  10  171  106754  105  
0  0  0  0  0  0  0  0  0  0  0  0  0  0  0  0  0  0  0  0  0  0  0  0  0  0  0  0  0  0  0  0  0  0  0  0  0  0  0  0  0  0  0  0  0  0  0  0  0  0  0  0  0  0  0  0  0  0  0  0  0  0  0  0  0  0  0  0  0  0  0  0  0  0  0  4  0  2  0  0  0  0  0  0  0  0  0  0  0  0  87  4  0  0  38942  2  26231  0  53  0  0  0  0  0  0  0  0  36  826  1  53460  5274  0  0  4  0  8830  0  0  0  0  1050  0  0  1  0  0  0  2  10  0  1  189  35367  5019  0  0  0  0  0  0  0  0  0  0  28017  7906  0  0  0  0  1  0  0  41  0  12734  1  0  0  
0  0  0  0  0  0  0  0  0  0  0  0  0  0  0  0  0  0  0  0  0  9  0  0  0  0  0  0  0  0  0  0  0  0  0  0  0  0  0  0  0  0  0  0  0  0  0  0  0  0  0  0  0  0  0  0  0  0  0  0  0  0  0  0  0  0  0  0  0  0  0  0  0  0  0  39304  0  0  0  0  0  0  0  0  4  0  0  0  0  0  0  0  1599  98  51430  38256  0  0  1  1  0  0  0  0  0  0  0  0  0  0  1  1  0  0  0  41018  0  972  0  0  0  1  1  0  0  0  0  0  2  3  4448  471  8768  194  37069  0  0  0  7  1  0  0  0  0  0  14  667  0  0  0  0  0  0  0  0  0  6  3  0  0  
0  0  0  0  0  0  0  0  0  0  0  0  0  0  0  0  0  0  0  0  0  0  0  0  0  0  0  0  0  0  0  0  0  0  0  0  0  0  0  0  0  0  0  0  0  0  0  0  0  0  0  0  0  0  0  0  0  0  0  0  0  0  0  0  0  0  0  0  0  0  0  0  0  0  452  0  0  18  337  3553  2784  70  9  4  0  10377  138  109353  116433  2715  0  9  0  0  0  0  0  8  0  0  0  0  3714  1  0  0  0  0  0  0  0  0  9204  6588  0  0  0  0  38  1  3141  0  22614  0  0  0  90278  35855  0  0  0  0  0  0  0  6190  0  47  1  2281  0  47284  9  0  1  0  0  0  0  0  0  0  0  0  0  3702  0  1  10034  0  
0  0  0  0  0  0  0  0  0  0  0  0  0  0  0  0  0  0  0  0  0  0  0  0  0  0  0  0  0  0  0  0  0  0  0  0  0  0  0  0  0  0  0  0  0  0  0  0  0  0  0  0  0  0  0  0  0  0  0  0  0  0  0  0  0  1  0  0  0  0  0  0  0  0  26238  0  0  8  81330  51058  606  15  0  0  0  110  31  611  180804  16031  0  52  0  0  0  0  0  113  0  0  0  0  0  0  0  0  0  0  0  0  0  0  294  31  0  0  0  0  5  0  3227  0  7500  0  0  89408  0  82616  0  0  0  0  0  0  0  3621  3  71  0  3313  0  544  0  0  0  0  0  0  0  0  0  0  1  0  0  8062  0  1  28216  0  
0  0  0  0  0  0  0  0  0  1  0  0  0  0  0  0  0  0  0  0  0  0  0  0  0  0  0  0  0  0  0  0  0  0  0  0  0  0  0  0  0  0  0  0  0  0  0  0  0  0  0  0  0  0  0  0  0  0  0  0  0  0  0  0  0  0  0  0  0  0  0  0  0  0  45  0  0  55  140  20667  10527  3899  48  4  0  15  0  14  83068  185027  0  9  0  0  0  0  0  1  0  19  4  4  211  2  0  0  0  0  0  0  0  0  1  0  5  0  0  1  2968  83  13  1  1862  0  0  34993  68846  0  10  56  0  1  0  0  0  5  0  1  17  4504  328  24374  38322  0  6  0  0  0  0  0  0  0  0  0  0  4994  0  16  5991  22  
0  0  0  0  0  0  0  0  0  1  0  0  0  0  0  0  0  0  0  0  0  0  0  0  0  0  0  0  0  0  0  0  0  0  0  0  0  0  0  0  0  0  0  0  0  0  0  0  0  0  0  0  0  0  0  0  0  0  0  0  0  0  0  0  0  0  0  0  0  0  0  0  0  0  0  0  0  597  0  3  6  10  354  331  0  0  0  0  0  2  39  1  132  0  0  0  0  0  51480  57595  39  19  10  99  0  0  2  1652  1  4603  0  0  0  0  22759  0  5  200  184  6  0  1203  338  0  0  0  0  1  0  55126  1  874  0  1  66  0  0  0  1643  671  13732  35  33  0  48  0  32439  26  0  0  0  0  0  0  164  58  846  383  1256  14  
0  0  0  0  0  0  0  0  0  0  0  0  0  0  0  0  0  0  0  0  0  0  0  0  0  0  0  0  0  0  0  0  0  0  0  0  0  0  0  0  0  0  0  0  0  0  0  0  0  0  0  0  0  0  0  0  0  0  0  0  0  0  0  0  0  1  0  0  0  0  0  0  0  0  0  4  5  532  0  12  14  203  1874  1022  13  2  0  0  0  87  4  0  11752  9159  3  10  1  0  126386  15345  124345  1019  228  18497  0  0  5  7  1  22  0  0  0  0  1325  12  1  1063  1938  244  0  426  1115  0  3  10  2  50  61119  0  3  29385  44  11  1304  0  0  0  61240  4043  44144  349  563  0  9172  7  29621  3  0  0  0  0  0  0  57  155  405  222  3286  195  
0  0  0  0  0  0  0  0  0  0  0  0  0  0  0  0  0  0  0  0  0  0  0  0  0  0  0  0  0  0  0  0  0  0  0  0  0  0  0  0  0  0  0  0  0  0  0  0  0  0  0  0  0  0  0  0  0  0  0  0  0  0  0  0  0  0  0  0  0  0  0  0  0  0  0  5735  0  0  0  0  0  0  0  0  26  0  0  0  0  0  0  0  116444  3054  311  1001  0  0  0  1  0  0  0  0  0  0  0  0  0  0  0  0  0  0  0  25481  0  7402  0  0  0  2  0  0  4071  0  0  0  1  0  0  12925  7093  1  4673  0  0  0  4  0  0  0  0  0  0  0  1200  0  0  0  0  0  0  0  0  0  0  0  0  0  
0  0  0  0  0  0  0  0  0  0  0  0  0  0  0  0  0  0  0  0  0  0  0  0  0  0  0  0  0  0  0  0  0  0  0  0  0  0  0  0  0  0  0  0  0  0  0  0  0  0  0  0  0  0  0  0  0  0  0  0  0  0  0  0  0  0  0  0  0  0  0  0  0  0  0  13  0  84  0  0  4  9  11  8  4524  0  0  0  0  5  3  1  74585  62550  1  1579  0  0  193  516  19  0  1  3  0  0  3  3  0  8  0  0  0  0  142  1058  0  44550  127  0  0  525  138  0  116  7  0  8  1498  22862  11733  0  1135  0  2066  0  0  0  26950  25  73  99  1  0  1  0  22996  10  0  0  0  0  0  0  27  10  104  229  130  1  
0  0  0  0  0  0  0  0  0  0  0  0  0  0  0  0  0  0  0  0  0  0  0  0  0  0  0  0  0  0  0  0  0  0  0  0  0  0  0  0  0  0  0  0  0  0  0  0  0  0  0  0  0  0  0  0  0  0  0  0  0  0  0  0  0  0  0  0  0  0  0  0  0  0  0  36135  0  13  0  0  0  0  0  0  0  0  0  0  0  0  0  0  48716  25  2666  818  0  0  114  14  0  0  0  0  0  0  0  0  0  0  9701  286  0  0  12  2838  1  12544  4  0  0  45  6  24  16341  0  0  0  57  212  3977  2978  0  4534  22585  0  0  0  34  1  3  0  0  0  0  19206  36649  0  0  0  0  0  0  0  4  0  81  18  7  0  
0  0  0  0  0  0  0  0  0  0  0  0  0  0  0  0  0  0  0  0  0  0  0  0  0  0  0  0  0  0  0  0  0  0  0  0  0  0  0  0  0  0  0  0  0  0  0  0  0  0  0  0  0  0  0  0  0  0  0  0  0  0  0  0  0  0  0  0  0  0  0  0  0  0  0  29926  0  1  0  0  0  0  0  0  0  0  0  0  0  0  2  0  95  0  86357  2  0  0  797  2  0  0  0  0  0  0  0  2  29  0  67186  16198  0  0  0  16  192  7  2  0  0  15  0  29310  1145  0  0  0  5  97  28  16  7427  0  15737  0  0  0  2  1  0  0  0  0  0  44168  19188  0  0  0  0  0  0  0  1  0  10104  0  1  0  
0  1  0  0  0  0  0  0  0  0  0  0  0  0  0  0  0  0  0  0  0  14  1  0  0  0  0  0  0  1  0  0  0  0  0  0  0  0  0  0  0  0  0  0  0  0  0  0  0  0  0  0  0  0  0  0  0  0  0  0  5  0  0  0  0  0  0  0  0  0  0  0  0  0  0  13649  0  134  0  0  0  1  13  6  0  0  0  0  0  1  5  1  1120  178  85287  129832  54211  0  50  66  2  0  1  2  0  5  1  1  4  0  221  61  0  0  139  2469  167  23131  12  0  0  129  34  8049  35325  0  0  0  174  402  4614  1419  18119  13757  0  0  1  0  209  14  9  2  1  0  3  4767  11274  1  0  0  1  14  0  0  1087  2  51861  507  61  4  
0  0  0  0  0  0  0  0  0  0  0  0  0  0  0  0  0  0  0  0  0  0  0  0  0  0  0  0  0  0  0  0  0  0  0  0  0  0  0  0  0  0  0  0  0  0  0  0  0  0  0  0  0  0  0  0  0  0  0  0  0  0  0  0  0  0  0  0  0  0  0  0  0  0  9961  0  0  1  87  456  9  1  0  0  0  38  21022  29471  26040  80  0  0  0  0  0  0  0  35058  0  0  0  0  0  0  0  0  0  0  0  0  0  0  10510  18  0  0  0  0  1  0  2045  0  1925  0  0  7094  1512  20  0  0  0  0  0  0  0  0  4  16794  0  235  0  66  0  0  0  0  0  0  0  0  0  0  0  0  0  246  0  0  878  0  
0  0  0  0  0  0  0  0  0  0  0  0  0  0  0  0  0  0  0  0  0  0  1  0  0  0  0  0  0  0  1  10  0  0  0  0  0  0  0  0  0  0  0  0  0  0  0  0  0  0  0  0  0  0  0  0  0  0  0  0  0  0  0  0  0  0  0  0  0  0  0  0  0  0  4104  0  0  0  5  22042  0  0  0  0  0  1  27  0  0  7051  3  120  0  0  3  4  4276  80439  0  0  0  0  0  0  57414  50776  0  0  0  0  0  0  73  0  0  0  0  0  0  0  845  0  3  0  0  0  3  1  0  0  0  0  0  0  3  3  0  11245  0  199  0  0  0  3312  0  0  0  0  0  0  0  6  0  0  179  2375  582  1255  84417  19335  
0  0  0  0  0  0  0  0  0  0  0  0  0  0  0  0  0  0  0  0  0  0  0  0  0  0  0  0  0  0  0  0  0  0  0  0  0  0  0  0  0  0  0  0  0  0  0  0  0  0  0  0  0  0  0  0  0  0  0  0  0  0  0  0  0  0  0  0  0  0  0  0  0  0  20448  0  0  0  149  10437  13  1  0  0  0  5  9292  1965  28  121  6  1301  0  0  0  0  17  143370  0  0  0  0  0  0  11  101  0  2  5  0  0  0  19655  2  0  0  1  0  1  0  10211  0  701  0  0  825  964  30  0  0  0  0  0  0  0  13673  50905  0  0  525  0  12  0  0  0  0  0  0  0  0  0  0  0  0  0  5189  0  0  15243  0  
0  0  0  0  0  0  0  0  8  8  1  0  0  0  0  0  0  0  0  0  0  0  0  0  0  0  1  0  0  225  0  0  0  0  0  0  0  0  0  0  0  0  0  0  0  0  0  0  0  0  0  0  0  0  0  0  0  0  0  0  0  0  0  0  1  0  0  0  0  0  69  0  0  0  0  5  4  415  0  34  22  180  4316  15384  69631  5  0  0  0  85  2  0  226  38796  0  2303  3  0  130  850  12352  22  210  65291  0  0  4  1  0  17  0  0  0  0  1211  176  0  68001  1207  242  0  214  644  0  19  6  2  34  2212  64911  30  36971  117  1  265  0  0  0  0  2321  1162  283  419  0  49151  0  1862  1  0  0  0  0  0  0  20  239  181  142  940  59  
4  0  0  0  3  2638  1527  86  681  22482  0  10  0  3  11  12  1  0  0  0  0  0  0  0  0  5  0  12  1  6  0  527  1  0  0  0  0  0  0  4  66  0  0  7  77  0  0  2  13  0  0  72  59  21  0  2  0  0  0  0  0  8  0  0  3  15067  126  1  3  8  1  0  0  0  216  0  0  58  169  74899  35249  22356  41136  38661  0  3  0  4  7  148  1  0  0  0  0  0  0  29  0  155  4  8  18  901  6  14843  0  0  0  0  0  0  0  0  1765  0  0  312  534  172  17  0  1591  0  0  368  1170  142  46  187  0  1  0  0  1  12  196  19  1198  0  270  240  57  2416  293  0  15  0  0  1418  60  1369  204  25  3  30680  71  14335  10238  584  
0  0  0  0  0  0  0  0  0  2  0  0  0  0  0  0  0  0  0  0  0  0  0  0  0  0  0  0  0  0  0  0  0  0  0  0  0  0  0  0  0  0  0  0  0  0  0  0  0  0  0  0  0  0  0  0  0  0  0  0  0  0  0  0  0  0  0  0  0  0  0  0  0  0  0  0  19524  444  0  6  2  786  458  304  0  0  0  0  1  56  1  0  4  0  0  0  0  0  2  60748  50458  94291  356  4167  0  0  0  0  0  434  0  0  0  0  1639  1  0  48  56824  27535  0  4  632  0  0  3  1  76  17937  46879  0  46  0  0  3  1  0  0  838  1988  0  157  737  0  2469  0  28  0  0  0  0  1  0  0  1  79  11  110  4229  382  
0  0  0  0  0  0  0  0  0  1  0  0  0  0  0  0  0  0  0  0  0  0  0  0  0  0  0  0  0  0  0  0  0  0  0  0  0  0  0  0  0  0  0  0  0  0  0  0  0  0  0  0  0  0  0  0  0  0  0  0  0  0  0  0  0  0  0  0  0  0  0  0  0  0  40  0  0  45147  25  1036  2764  1676  73  7  0  66977  3  1704  35101  1707  0  15  0  0  0  0  1  0  0  34  3  5  85260  2  0  0  1  4  3  0  0  0  56  3940  17  0  0  17  35213  15  121  0  29965  0  0  48457  2149  29087  7  50  0  3  0  0  0  677  0  2  29  4167  196  0  3052  0  8  0  0  0  0  0  0  0  0  0  1  1990  2  26  14091  27  
0  0  0  0  0  0  0  0  0  11  0  0  0  0  0  0  0  0  0  0  0  0  0  0  0  0  0  0  0  0  0  0  0  0  0  0  0  0  0  0  0  0  0  0  0  0  0  0  0  0  0  0  0  0  0  0  0  0  0  0  0  0  0  0  0  0  0  0  0  0  0  0  0  0  0  0  5  14  0  12  62  9087  31  13  0  1  0  0  13110  28319  1  0  0  0  0  0  0  0  0  38  31  14  88236  8  0  0  0  0  0  0  0  0  0  0  396  0  0  3  66078  730  0  0  458  0  0  46  11  42141  12  334  0  3  0  0  1  0  0  0  169  164  766  2403  0  0  242  0  3  0  0  0  0  1  0  0  0  595  0  147  3601  553  
0  0  0  0  0  8  0  0  0  0  0  0  0  0  0  0  0  0  0  0  0  0  0  0  0  0  0  0  0  0  266  456  0  0  0  0  0  0  0  0  0  0  0  0  0  0  0  0  0  0  0  0  0  0  0  0  0  0  0  0  0  0  2  0  0  2  0  0  0  64  0  0  0  0  1117  0  0  0  0  3615  0  0  0  0  0  0  0  0  0  18979  0  0  0  0  0  0  0  216  0  0  0  0  0  0  24558  13929  0  0  0  0  0  0  0  0  0  0  0  0  0  0  0  0  0  0  0  0  0  0  0  0  0  0  0  0  0  0  10823  0  0  4352  0  0  0  0  0  0  0  0  0  0  0  3  0  0  0  792  0  5  0  4  
0  0  2  0  0  0  0  57  6264  0  0  0  0  0  0  1  0  0  0  0  0  0  0  0  0  0  0  0  0  3517  0  0  0  0  0  0  0  0  0  0  0  0  0  0  0  108  0  0  0  0  0  0  0  0  0  0  0  0  0  0  0  0  0  0  0  34  0  0  0  0  5399  0  0  0  0  0  20  3  0  2  5  609  44135  28  0  0  0  0  0  124  0  0  0  0  0  0  0  0  4  45  5293  22  74  97875  0  0  0  0  0  0  0  0  0  0  160  0  0  7  2142  23650  0  2  86  0  0  2  0  29  74  4774  0  2  0  0  1  0  0  0  39179  1215  5200  11  235  0  0  0  25  0  0  1  0  0  0  0  3  45  2  36  642  82  
0  0  0  0  0  0  0  0  0  0  0  0  0  0  0  0  0  0  0  0  0  0  0  0  0  0  0  0  0  0  0  0  0  0  0  0  0  0  0  0  0  0  0  0  0  0  0  0  0  0  0  0  0  0  0  0  0  0  0  0  0  0  0  0  0  0  0  0  0  0  0  0  0  0  0  752  0  0  0  0  0  0  0  0  0  0  0  0  0  0  158  7  132  0  314  1  881  0  298  1  0  0  0  0  0  0  1  27  457  1  149494  156745  0  0  2  1  16715  6  0  0  0  4889  0  24403  13  0  0  0  5  26  0  15  18859  46475  1569  0  0  0  0  0  0  0  0  0  0  0  23870  1  0  0  0  0  0  0  64  0  1604  1  2  0  
0  0  0  0  0  0  0  0  0  0  0  0  0  0  0  0  0  0  0  0  0  0  0  0  0  0  0  0  0  0  0  0  0  0  0  0  0  0  0  0  0  0  0  0  0  0  0  0  0  0  0  0  0  0  0  0  0  0  0  0  0  0  0  0  0  0  0  0  0  0  0  0  0  0  0  82  0  1999  0  1  2  8  326  209  0  3  1  0  1  5  598  31  50719  24  670  579  72  0  231101  5649  19  0  6  88  0  0  763  142942  9595  8458  2501  181949  0  0  3307  567  15094  4950  273  1  0  111477  502  15287  123  4  1  9  47625  23005  1135  29932  43070  7164  34635  0  0  0  3846  423  137  94  11  0  34  14804  0  6614  0  0  0  1  0  0  1839  73  61613  1453  2409  12  
0  0  0  0  0  0  0  0  0  0  0  0  0  0  0  0  0  0  0  0  0  0  0  0  0  0  0  0  0  0  0  0  0  0  0  0  0  0  0  0  0  0  0  0  0  0  0  0  0  0  0  0  0  0  0  0  0  0  0  0  0  0  0  0  0  0  0  0  0  0  0  0  0  0  0  0  0  505  0  0  0  0  0  1  0  4  0  0  0  0  3  0  6  0  0  0  0  0  1  99  0  0  0  0  0  0  62563  24500  113  40907  0  0  0  0  15820  0  0  7  0  0  0  18576  6  0  0  0  0  0  77  2  0  27  0  0  1  0  0  0  19  1  1  3  0  0  0  0  5118  0  0  0  0  0  0  0  8  0  131  617  222  0  
0  0  0  0  0  0  0  0  0  0  0  0  0  0  0  0  12294  14893  0  0  0  0  100031  57  0  0  0  0  0  0  0  14  16  704  3737  10  1115  16  0  0  44  0  39719  0  0  0  0  32643  0  208  0  0  0  0  0  2  0  0  1  0  1  0  3553  0  0  0  0  0  0  0  0  38  206  65  0  0  0  0  0  0  0  0  0  0  0  0  0  0  0  0  0  0  0  0  0  0  0  0  0  0  0  0  0  0  0  0  0  0  0  0  0  0  0  0  0  0  0  0  0  0  0  0  0  0  0  0  0  0  0  0  0  0  0  0  0  0  0  0  0  0  0  0  0  0  0  0  0  0  0  0  248706  2300  35876  25517  0  0  0  1  0  0  
21  0  12  85  1  7732  292993  106721  2721  75  0  103  0  10  181  58392  0  0  0  0  0  0  0  0  0  2  0  15  79  8  0  0  0  0  0  0  0  0  0  43  8  0  0  26  1611  237  1  1  1094  0  0  8909  282  55849  0  7  0  0  0  0  0  35  0  0  1  29172  54  2089  8159  1  389  0  2  0  0  0  3  0  0  82  2719  277  33  0  0  0  0  0  0  148  0  0  0  0  0  0  0  0  0  0  0  0  0  0  0  0  0  0  0  0  0  0  0  0  0  0  0  0  0  0  0  0  0  0  0  0  0  0  0  0  0  0  0  0  0  0  0  0  0  1756  0  0  0  0  1  0  0  0  0  0  0  642  6271  76  0  3  0  0  0  0  
0  336  0  119  0  0  5  12  81  10810  0  5  0  3  0  5  24  2  52  0  454  1669  40070  3  61  134  0  2  5  356  0  12  339  1259  279  1431  5151  469  0  3  11350  0  7086  15006  62  3  0  22222  157  29612  22  15  0  11  0  849  18  24  940  1920  25134  0  6  0  154  691  58  69  19  0  3  3129  18150  852  0  0  0  1  0  0  0  0  0  1  0  0  0  0  0  0  0  0  0  0  0  1  4  0  0  3  0  0  0  0  0  0  0  0  0  0  0  0  0  0  2  0  0  0  0  0  0  0  0  0  0  0  0  0  0  0  0  0  0  0  0  0  0  0  0  49  0  0  0  0  0  0  0  0  124785  63  0  46537  3530  645  0  0  5  65  10  0  
13  2  8  52  7  500  281  496  66  20626  0  41  0  24  36  162  10  0  8  0  161  45  1105  14  7  1017  18  823  371  86  6  3817  184  2  0  2  0  0  0  23  3122  0  1  82  7413  85  1  5293  366  0  3  1166  156  524  0  92  0  9  0  0  119  21  74  0  66  1687  3996  771  1791  14  54  0  73  108  0  0  0  0  0  0  1  7  0  3  0  0  0  0  0  0  0  0  0  0  1  5  15  0  0  1  0  0  0  0  0  84  0  0  0  0  0  0  0  0  11  0  0  2  1  0  0  0  7  0  0  0  0  0  0  1  0  0  0  0  0  0  2  0  0  348  3  1  0  0  0  0  0  0  1429  473  41646  0  25908  47823  0  15  7  6270  61  19  
7040  3  8  324  995  11443  597  398  84  61  0  562  1  523  461  121  58929  79564  76  0  0  0  687  6999  20  165  8  657  298  36  4  14755  345  10  171  15  0  0  88  491  4572  0  13  64  4270  67  28157  55659  57472  0  9  5280  4327  1665  0  52  4  43  2  0  15  558  27982  6704  100  513  3436  1565  1670  2950  37  0  199  141  0  0  0  0  0  0  0  0  0  0  0  0  0  0  0  0  0  0  0  0  0  0  0  0  0  0  0  0  0  0  0  0  0  0  0  0  0  0  0  0  0  0  0  0  0  0  0  0  0  0  0  0  0  0  0  0  0  0  0  0  0  0  0  0  0  12  0  0  0  0  0  0  0  0  16823  1236  1125  19678  0  277291  0  0  0  0  0  0  
80  0  0  1  0  5489  5  2  0  0  0  3  0  4  3  145  45  298  0  0  2  0  3  45  0  7  1  37  5  1  0  12216  6  0  0  0  0  0  0  1  39  0  0  1  196  1  1  268  95  0  0  23  3  7  0  2  0  0  0  0  2  2  5494  40  1  2814  159  8  6  2580  0  0  0  6  0  0  0  0  0  1  0  0  0  0  0  0  0  0  0  0  0  0  0  0  0  0  0  0  0  0  0  0  0  0  1  3  0  0  0  0  0  0  0  0  0  0  0  0  0  0  0  0  0  0  0  0  0  0  0  0  0  0  0  0  0  0  1  0  0  7  0  0  0  0  0  0  0  0  20950  59  862  76477  488834  0  0  2  0  5  0  0  
0  0  0  0  0  0  0  0  0  0  0  0  0  0  0  0  0  0  0  0  0  1  0  0  0  0  0  0  0  0  0  2  0  0  0  0  0  0  0  0  0  0  0  0  0  0  0  0  0  0  0  0  0  0  0  0  0  0  0  0  0  0  0  0  0  0  0  0  0  0  0  0  0  0  0  1  0  38  0  0  0  0  8  1  0  0  0  0  0  0  16462  6751  32  0  34  15  79788  90  7  9  0  0  0  1  1  371  2  31  12682  62  204  0  0  0  85  0  23781  14  4  0  0  18284  13  90  0  0  0  0  82  37  0  128  3  2  367  0  240  0  42  5  1  2  0  0  2  88  1002  2  0  0  0  2  0  0  0  0  177768  11730  31325  11005  
0  0  0  0  0  2  0  0  0  163  0  0  0  0  0  1  0  0  0  0  0  0  0  0  0  0  0  0  0  0  0  39  0  0  0  0  0  0  0  0  0  0  0  0  2  0  0  0  0  0  0  1  1  0  0  0  0  0  0  0  0  0  0  0  0  25  0  0  0  0  0  0  0  0  3672  0  0  25  1516  18892  1044  668  311  206  0  28  2  53  62  1330  0  2  0  0  0  0  0  1502  0  7  0  1  76  25  3  12018  0  0  0  0  0  0  5  1  53  0  0  17  585  21  49  0  919  0  0  4918  5225  1864  4  22  0  1  0  0  0  18  1031  1552  179  33509  103  1774  172  44  19  0  1  0  0  2  0  23  3  3  13  0  12  22548  111969  45076  
0  0  0  0  0  0  0  0  3  26  0  0  0  0  0  0  0  0  0  0  0  1  9  0  0  0  0  0  0  5  0  0  0  0  0  0  0  0  0  0  0  0  0  0  0  0  0  0  0  0  0  0  0  0  0  0  0  0  0  0  4  0  0  0  0  13  0  0  0  0  0  0  0  0  0  13  0  1092  0  2  1  6  75  7315  0  1  0  0  1  3  181  3  813  0  1267  4085  38963  0  131  428  5  0  3  43  0  208  57  216  384  252  830  1416  0  0  5917  0  2374  9062  141  0  1  9865  222  9491  0  1  0  1  914  1003  2  3623  537  7300  26783  0  35  0  1040  324  51  63  13  0  18  2380  29882  41  0  0  7  14  0  0  110566  49  0  39255  6578  493  
0  0  0  0  0  0  0  0  0  21950  0  0  0  0  0  0  0  0  0  0  1  28  57  0  0  0  0  3  0  0  2  452  0  0  0  0  0  0  0  0  12  0  0  5  11  0  0  0  0  0  0  0  0  0  0  0  0  0  0  0  10  0  0  0  0  72  11  0  0  0  0  0  0  0  0  0  0  245  0  3  1  59  9  454  0  2  0  0  0  7  28  7  201  0  27  127  1200  1  13  222  2  6  120  13  1  1547  234  54  0  128  0  0  1  0  4735  0  0  162  589  20  0  2532  976  0  0  4  2  12  202  188  0  1271  1  0  107  0  52  0  151  8704  240  82  285  0  3  0  923  169  0  0  54  16002  2  1  5300  58698  45676  0  25590  52960  
0  0  0  0  0  0  0  0  0  29  0  0  0  0  0  0  0  0  0  0  0  0  0  0  0  0  0  0  0  0  0  2  0  0  0  0  0  0  0  0  0  0  0  0  0  0  0  0  0  0  0  0  0  0  0  0  0  0  0  0  0  0  0  0  0  2  1  0  0  0  0  0  0  0  11047  0  0  139  4179  4219  1086  1062  86  159  0  22  22  28  31  1009  26141  53017  46  0  0  2  12028  20112  8  207  7  41  1131  17  1816  8838  140  126  134  126  1  0  76  0  15130  0  298  71  2315  44  15882  23553  34760  0  0  4212  5493  2041  395  833  0  244  1  0  8  47  41729  2511  130  1956  2035  2485  2468  1  14  2  1011  46  0  0  1  7  0  0  21774  70243  1545  13200  0  206939  
0  0  0  0  0  0  0  0  0  32  0  0  0  0  0  0  0  0  0  0  0  0  2  0  0  0  0  0  0  0  1  139  0  0  0  0  0  0  0  0  0  0  0  0  0  0  0  0  0  0  0  0  0  0  0  0  0  0  0  0  0  0  0  0  0  0  0  0  0  0  0  0  0  0  3  0  0  0  1  202  4  36  9  13  0  0  0  0  0  14  0  1  0  0  4  15  22  49  0  1  0  6  77  1  23  9814  0  0  0  0  0  0  0  0  73  0  0  2  368  7  0  14  70  0  0  3  1  3  2  81  0  2  0  0  5  0  37762  1  15  101  253  6  277  0  1  0  5  0  0  0  0  5  0  0  9007  68304  1357  40508  428019  0  
