0  0  0  0  30761  9934  11  0  1  0  0  0  0  30  24496  13  0  1  0  0  0  0  0  53188  0  0  0  0  0  0  21016  4  0  0  0  0  0  0  32  0  28  0  0  0  3  0  364  0  1011  0  0  1258  19679  31  0  1  0  0  0  0  0  31084  282  3553  0  490  0  5  4  19706  0  0  0  0  0  0  0  0  1  1  0  0  0  0  0  0  0  0  0  1  0  0  0  0  0  0  0  0  0  0  0  0  0  0  0  0  0  0  0  0  0  0  0  0  0  0  0  0  0  0  0  0  0  0  0  0  0  0  0  0  0  0  0  0  0  0  0  0  0  0  0  0  0  0  0  0  0  0  0  2951  0  0  444  8  0  3  0  0  0  0  
0  0  0  0  0  0  0  0  0  0  0  0  0  0  0  0  0  0  42878  1  49608  1233  0  0  3  1  0  0  0  0  0  0  0  0  0  0  1263  4112  0  0  12  26421  0  108  0  0  0  0  0  0  46148  0  0  0  0  0  12113  26  29856  23242  7942  0  0  0  0  0  0  0  0  0  0  1945  68  0  0  0  0  0  0  0  0  0  0  0  0  0  0  0  0  0  0  0  0  0  0  0  0  0  0  0  0  0  0  0  0  0  0  0  0  0  0  0  0  0  0  1  0  0  0  0  0  0  0  0  1  0  0  0  0  0  0  0  0  0  0  0  0  0  0  0  0  0  0  0  0  0  0  0  0  0  0  0  0  0  0  0  0  0  0  0  
0  0  0  0  0  1  97  6624  9  0  0  0  0  0  0  66546  0  0  0  0  0  0  0  0  0  0  22787  26056  69315  31054  0  0  0  0  0  0  0  0  0  0  0  0  0  0  51016  40418  0  0  0  0  0  0  0  1  0  26  0  0  0  0  0  0  0  0  0  2  443  0  21  0  340  0  0  0  0  0  612  0  0  0  0  32  4  0  0  0  0  0  0  63  0  0  0  0  0  0  0  0  0  0  1  0  0  858  0  0  0  0  0  0  0  0  0  0  0  0  0  0  0  325  0  0  0  0  0  0  0  0  0  0  0  0  0  0  0  0  0  0  0  0  0  0  0  0  106  0  0  0  0  0  0  0  0  0  0  0  0  0  0  0  
23  0  0  0  0  13  0  0  5  2  0  47472  0  2  1  0  739  41  0  0  0  1  0  31  12  55042  2  38712  25509  1  0  0  4139  637  8  1006  0  0  5  3  2016  0  0  3  36285  2  16  197  52661  0  0  678  4  70  10  204  0  17  0  0  0  0  3  21  3  7  8325  17631  16  4  9  0  33  6  0  0  0  0  0  0  0  0  0  0  0  0  0  0  0  0  0  0  0  0  0  0  0  0  0  0  0  0  0  0  0  0  0  0  0  0  0  0  0  0  0  0  0  0  0  0  0  0  0  0  0  0  0  0  0  0  0  0  0  0  0  0  0  0  0  0  0  0  0  0  0  0  0  0  0  77  0  0  484  0  0  0  0  0  0  0  
29298  0  0  0  0  14844  0  0  0  0  0  0  0  0  7411  49092  0  0  0  0  0  0  0  358  0  0  0  0  0  0  11629  0  0  0  0  0  0  0  0  0  0  0  0  0  0  0  1  0  4  0  0  0  10676  0  0  0  0  0  0  0  0  1  15  455  0  0  0  0  0  11523  0  0  0  0  2  0  0  0  0  17  0  0  0  0  0  0  0  0  0  19  0  0  0  0  0  0  0  3  0  0  0  0  0  0  6  0  0  0  0  0  0  0  0  0  0  0  0  0  0  0  0  0  0  0  0  0  0  0  0  0  0  0  0  0  0  0  0  0  0  0  0  0  0  0  0  0  0  0  0  13  0  0  1  0  0  0  0  0  0  0  
23888  0  3  1  24264  0  35254  176  51  3  0  0  0  5  3795  108902  0  0  0  0  0  0  0  7502  0  1  12  0  33  0  2600  4726  0  0  0  0  0  0  5  0  32  0  0  0  30  279  124  0  3398  0  0  1803  25411  22290  0  428  0  3  0  0  0  74  3883  8114  2  80473  162  91  28  66351  33  0  2  0  1  0  0  0  2  5277  15  0  2  0  0  0  0  0  0  239  0  0  0  0  0  0  0  5  0  0  0  0  0  0  268  1353  0  0  0  0  0  0  0  0  0  0  0  0  0  0  0  0  0  0  0  0  0  0  0  0  0  0  0  0  0  0  0  0  0  2631  0  0  0  305  0  0  0  0  0  18206  0  2  673  175  0  146  0  1  0  0  
6  0  1  0  0  40020  0  27366  738  15  0  0  0  1  17  83056  0  0  0  0  0  0  0  1  2  0  29  0  175  7  0  0  0  0  0  0  0  0  0  0  0  0  0  5  213  6123  0  0  13  0  0  295  15  5410  0  658  0  2  0  0  0  0  2  9  4  37451  245  119  482  1  322  0  2  0  0  0  0  0  2  277  794  177  5  0  0  0  0  0  0  22  0  0  0  0  0  0  0  0  0  0  0  0  0  0  0  0  0  0  0  0  0  0  0  0  0  0  0  0  1  0  0  0  0  0  0  1  0  0  0  0  0  0  0  0  0  0  0  0  0  2288  0  0  0  0  0  0  0  0  0  218  0  1  32  0  0  15  0  0  0  0  
0  0  9724  0  0  98  44437  0  33047  1  0  0  0  0  2  89360  0  0  0  0  0  0  0  1  0  0  27  0  8860  3  0  0  0  0  0  0  0  0  0  0  0  0  0  0  2082  37173  0  0  1  0  0  19  0  10051  0  620  0  1  0  0  0  0  0  0  1  22256  158  43  3227  0  2666  0  0  0  0  0  9  0  0  1  198  1866  848  1  0  0  0  0  0  36  0  0  0  0  0  0  0  0  0  0  0  0  0  0  0  0  0  0  0  0  0  0  0  0  0  0  0  0  0  219  0  0  0  0  0  0  0  0  0  0  0  0  0  0  0  0  0  0  0  2320  0  0  0  0  401  0  0  0  0  45  0  3  2  0  0  0  0  0  0  0  
1  0  1  0  0  397  236  22611  0  12788  8  0  0  0  0  18  0  1  7  0  0  56  0  1  10  1  9  4  61  15833  0  0  0  0  0  0  0  0  0  0  1  6  0  3848  2283  19961  0  0  0  0  2  84  0  78  0  506  14  49  0  0  5  0  0  1  1062  66549  2240  10  33  0  49417  0  78  0  0  0  0  0  0  0  21  57  5570  147  0  0  0  0  0  0  0  0  0  0  0  1  0  0  0  0  0  0  0  65  0  0  0  0  0  0  0  0  0  0  0  0  0  0  0  10  0  0  0  0  0  0  0  0  0  0  0  0  0  0  0  0  0  0  0  2514  0  0  0  0  3243  0  0  0  0  37  1  24  6  0  0  3  0  0  0  0  
0  0  0  1  0  91  13  7  14852  0  1  0  0  0  0  1  1  196  1  0  7  31  6762  0  0  4  0  1  21  7130  1  3  0  0  0  0  0  0  0  0  34  0  0  23628  589  5  0  13  0  0  0  5  0  2  0  25  0  1  0  0  5  0  13  0  2  65508  534  0  2  0  51  0  4  2  0  0  0  0  0  0  0  0  130  10360  1  0  0  0  0  0  0  0  0  0  0  13  1  0  0  0  0  0  0  9  0  0  0  0  0  0  0  0  0  0  0  0  0  1  0  0  0  0  0  0  0  0  0  0  0  0  0  0  0  0  0  0  0  0  0  14140  0  0  0  0  21  0  0  0  563  152  1624  18177  446  287  0  1  0  729  2  0  
0  0  0  0  0  0  0  0  12  0  0  0  0  0  0  0  0  0  3  87677  0  13131  0  0  0  0  3149  0  0  1647  0  0  0  0  0  0  0  0  0  0  0  18345  0  84771  0  0  0  0  0  0  23  0  0  0  0  8  5  724  0  0  2  0  0  0  69610  1  0  0  0  0  12  0  2  0  0  0  0  0  0  0  0  0  1  0  9463  0  0  0  0  0  0  0  0  147  0  33  0  0  0  0  37  0  0  377  0  0  0  0  0  0  0  0  0  0  0  3577  0  17  0  0  0  0  0  0  0  0  0  0  0  0  0  0  0  0  0  0  0  0  2  0  0  0  0  0  1  0  0  0  0  0  0  0  0  0  0  0  0  0  0  0  
0  0  0  44090  0  1  0  0  0  0  0  0  3  16630  90  0  267  680  0  0  0  0  0  9  0  1  0  6  1440  0  0  0  280  18  21  1  0  0  48  23426  104  0  0  0  15255  0  105  67  70262  0  0  19475  0  13  0  2  0  0  0  0  0  0  0  0  0  1  12  39464  4  0  0  0  0  0  0  0  0  0  0  0  0  0  0  0  0  0  0  0  0  0  0  0  0  0  0  0  0  0  0  0  0  0  0  0  0  0  0  0  0  0  0  0  0  0  0  0  0  0  0  0  0  0  0  0  0  0  0  0  0  0  0  0  0  0  0  0  0  0  0  0  0  0  0  0  0  0  0  0  0  6  0  0  129  0  0  0  0  0  0  0  
0  0  0  0  0  0  0  0  0  0  0  6  0  8612  0  0  0  1  0  0  0  0  0  39838  0  0  0  0  0  0  1  6  0  1  1  0  0  0  27613  1  0  0  0  0  0  0  23400  0  3  0  0  1  0  0  0  0  0  0  0  0  0  6487  569  3916  0  0  0  0  0  0  0  0  0  0  0  0  0  0  0  0  0  0  0  0  0  0  0  0  0  0  0  0  0  0  0  0  0  0  0  0  0  0  0  0  0  0  0  0  0  0  0  0  0  0  0  0  0  0  0  0  0  0  0  0  0  0  0  0  0  0  0  0  0  0  0  0  0  0  0  0  0  0  0  0  0  0  0  0  0  1  0  0  183  0  0  0  0  0  0  0  
31  0  0  0  0  5  0  0  0  0  0  13922  7444  0  191  0  0  239  0  0  0  0  0  395  0  0  0  0  0  0  2  0  0  0  0  0  0  0  28763  21774  0  0  0  0  0  0  1149  0  21313  0  0  40681  11  0  0  0  0  0  0  0  0  23534  125  2199  0  0  0  1  0  0  0  0  0  0  0  0  0  0  0  0  0  0  0  0  0  0  0  0  0  0  0  0  0  0  0  0  0  0  0  0  0  0  0  0  0  0  0  0  0  0  0  0  0  0  0  0  0  0  0  0  0  0  0  0  0  0  0  0  0  0  0  0  0  0  0  0  0  0  0  0  0  0  0  0  0  0  0  0  0  186  0  0  302  0  0  0  0  0  0  0  
30687  0  0  1  6625  5286  56  0  16  2  0  118  0  192  0  42838  4  0  0  0  0  0  0  7021  0  1  0  0  11387  0  5  0  0  0  0  0  0  0  0  0  2  0  0  2  1163  0  4  2  230  0  0  168104  121168  115661  0  32  0  0  0  0  0  12914  17  574  0  338  347  52174  5033  32  6  0  1  0  0  0  0  0  0  2  0  0  1  0  0  0  0  0  0  0  0  0  0  0  0  0  0  0  0  0  0  0  1  0  0  0  0  0  0  0  0  0  0  0  0  0  0  0  0  0  0  0  0  0  0  0  0  0  0  0  0  0  0  0  0  0  0  0  0  5  0  0  0  0  0  0  0  0  1  934  0  0  167  6  0  4  0  0  1  0  
441  0  59512  0  58436  112426  82849  99678  380  4  0  0  0  0  43989  0  1  0  0  0  0  0  0  50  0  0  3  0  18628  1  974  1795  0  0  0  0  0  0  0  0  0  0  0  2  1090  7702  0  0  114  0  0  147  2726  115367  0  105  0  0  0  0  0  0  11  294  0  8459  1137  366  20889  13347  170  0  0  0  0  0  866  0  0  1856  1194  3959  0  0  0  0  0  0  0  4309  0  0  0  0  0  0  0  4  0  0  0  0  0  0  14  59  0  0  0  0  0  0  0  0  0  0  0  0  5  531  0  0  0  0  0  0  0  0  0  0  0  0  0  0  0  0  0  0  0  135  0  2  0  13  2  0  0  0  0  559  0  2  22  1  0  17  0  0  3  0  
0  0  0  892  0  1  0  0  0  0  0  806  0  1  14  0  0  51784  3  0  0  2  11017  581  2  424  0  0  11  0  0  4  799  8  13141  59  0  0  5  0  4378  0  233  2  592  0  444  67033  26498  1  0  90  6  1103  1  16  0  1  6  0  41  0  5679  0  0  4  218  43  1074  0  1  0  529  234  0  0  0  0  0  0  0  0  0  0  0  0  0  0  0  0  0  0  0  0  0  0  0  0  0  0  0  0  0  0  0  0  0  0  0  0  0  0  0  0  0  0  0  0  0  0  0  0  0  0  0  0  0  0  0  0  0  0  0  0  0  0  0  0  0  0  0  0  0  0  0  0  0  0  20246  33  444  46  99426  3  0  0  0  0  0  0  
1  0  0  60  0  4  0  0  0  0  0  756  1  141  1  0  37443  0  0  0  0  0  5069  13793  0  5  0  0  0  0  0  13  79  0  438  2  0  0  390  68  40  0  17  0  81  0  41762  9565  54434  0  0  48  1  8  1  6  0  0  0  0  0  0  15503  2  0  15  19  3  4  1  0  0  13  17  0  0  0  0  0  0  0  0  0  0  0  0  0  0  0  0  0  0  0  0  0  0  0  0  0  0  0  0  0  0  0  0  0  0  0  0  0  0  0  0  0  0  0  0  0  0  0  0  0  0  0  0  0  0  0  0  0  0  0  0  0  0  0  0  0  0  0  0  0  0  0  0  0  0  8562  103  224  133  120085  584  0  2  0  0  0  0  
0  43298  0  0  0  0  0  0  0  0  2  0  0  0  0  0  1  0  0  17617  1351  637  3  0  21619  1  0  0  0  0  0  0  0  0  0  3  0  17192  0  0  9  31814  0  365  1  0  0  2  0  0  12636  0  0  0  1  806  114715  74184  36667  211  3294  0  0  0  9  0  0  0  0  0  0  4  39761  0  0  0  0  0  0  0  0  0  0  0  0  0  0  0  0  0  0  0  0  0  0  0  0  0  0  0  0  0  0  0  0  0  0  0  0  0  0  0  0  0  0  0  0  0  0  0  0  0  0  0  0  0  0  0  0  0  0  0  0  0  0  0  0  0  0  0  0  0  0  0  0  0  0  0  0  15  0  0  33  0  0  0  0  0  0  0  
0  22  0  0  0  0  0  0  0  0  86322  0  0  0  0  0  0  0  19445  0  0  10362  0  0  1564  0  16899  0  0  49  0  0  0  0  0  0  0  1  0  0  0  25599  0  20688  0  0  0  0  0  0  144  0  0  0  0  15891  308  60483  3  0  89  0  0  0  20298  0  0  0  0  0  91  0  142  0  0  0  0  0  0  0  0  0  0  0  151  0  0  0  0  0  0  0  0  0  0  0  0  0  0  0  0  0  0  2  0  0  0  0  0  0  0  0  0  0  0  180  0  0  0  0  0  0  0  0  0  0  0  0  0  0  0  0  0  0  0  0  0  0  0  0  0  0  0  0  0  0  0  0  0  0  0  0  1  0  0  0  0  0  0  0  
0  41773  0  0  0  0  0  0  0  5  0  0  0  0  0  0  0  1  252  0  0  870  2014  0  0  0  0  0  0  0  0  17  0  1  0  4  4929  1320  0  0  4  38  255  21  0  0  0  2  0  37560  15350  0  0  0  1  0  206  8  4663  88017  100331  0  2  0  0  0  0  0  0  0  0  3561  2254  0  0  0  0  0  0  0  0  0  0  0  0  0  0  0  0  0  0  0  0  0  8  2  2  0  0  0  0  0  0  0  0  1  0  0  0  0  0  0  0  0  0  2  0  0  0  0  0  1  0  0  5  0  0  0  0  0  0  0  0  0  0  0  0  0  0  0  0  0  0  0  0  0  0  0  2  0  46  23  1  31  0  0  0  1  0  0  
0  3295  0  0  0  0  0  0  108  33  5921  0  0  0  0  0  0  0  190  3907  1354  0  9459  0  345  2  0  0  0  1084  0  5  0  1  0  13  0  2  0  0  140  50299  0  103672  10  0  0  4  0  5  61374  0  0  0  1  81  220  6916  16  0  102782  0  2  0  1028  13  0  0  0  0  22  0  449  0  0  9  0  0  0  0  0  0  12  2  32  0  0  0  0  0  0  0  0  0  36  222  1  0  0  0  0  0  0  9  0  0  0  0  0  0  0  0  0  0  2  96  0  0  0  0  0  0  0  0  89  0  0  0  0  0  0  0  0  0  1  0  0  0  1  1  0  0  0  0  11  0  0  0  0  2  321  14  2  4  0  0  0  2  3  0  
0  0  0  0  0  0  0  0  1  9401  0  0  0  0  0  0  12166  10681  1  0  419  3345  0  168  1  10  0  0  0  0  2  96  0  0  3820  33  2  6  0  0  262  0  19107  7920  4  0  73  1191  0  3735  11  0  0  0  0  2  0  1  6  1  64644  0  5798  0  1  0  34  0  0  0  0  1  196  3  0  0  0  0  0  0  0  0  0  0  0  0  0  0  0  0  0  0  0  0  0  1  34  1  0  0  0  0  0  0  27  1  0  0  0  0  0  0  0  0  3  0  0  0  0  0  0  2  0  0  0  0  0  0  0  0  0  0  0  0  0  0  5  0  0  0  0  0  0  0  0  0  0  0  36704  23  116611  82  392  140  1  0  4  19  10  46  
57333  0  0  0  899  6489  6  0  1  0  0  3  43484  413  6213  5  37  10468  0  0  0  0  477  0  0  0  0  0  0  0  38787  1812  0  5  27  0  0  0  12797  0  55  0  62  0  19  0  88808  334  2835  0  0  583  74  28  1  4  0  0  0  0  0  62587  98650  148254  0  357  2  12  4  37094  0  0  2  0  0  0  0  0  0  1  0  0  0  0  0  0  0  0  0  1  0  0  0  0  0  0  0  2  0  0  0  0  0  0  28  0  0  0  0  0  0  0  0  0  0  0  0  0  0  0  0  0  0  0  0  0  0  0  0  0  0  0  0  0  0  0  0  0  0  0  0  0  0  0  0  0  0  0  1157  9396  0  2  13447  120  0  4  0  0  0  0  
0  2  2  0  0  3  53  98  394  2  0  0  0  0  1  4  1  2  19124  401  0  95  1  0  0  70021  601  0  120  11  0  0  0  11179  0  21508  0  395  0  0  794  62  0  769  1925  194  0  6  14  0  57  56  3  30  41391  100784  68  34392  13  0  58  0  0  1  1882  317  44  7  12  0  314  0  96983  0  0  0  0  0  0  0  0  0  0  0  0  0  0  0  0  0  0  0  0  0  0  0  0  0  0  0  0  0  0  0  0  0  0  0  0  0  0  0  0  0  0  0  0  0  0  0  0  0  0  0  0  0  0  0  0  0  0  0  0  0  0  0  0  0  0  0  0  0  0  0  0  0  0  0  5  2040  0  15  324  0  0  0  0  0  0  0  
8  0  0  59351  0  8  5  1  18  2  0  5  0  0  6  2  171  26  5  0  0  2  3  11  65333  0  39  10418  1  9  0  1  8490  9254  10  71361  0  3  0  0  86741  1  7  13  4818  2  3  473  11902  0  0  1661  49  384  23098  33740  3  81  44  1  799  0  4  6  49  38  82571  179  42  0  113  1  13115  39  0  0  0  0  0  0  0  0  0  0  0  0  0  0  0  0  0  0  0  0  0  0  0  0  0  0  0  0  0  0  0  0  0  0  0  0  0  0  0  0  0  0  0  0  0  0  0  0  0  0  0  0  0  0  0  0  0  0  0  0  0  0  0  0  0  0  0  0  0  0  0  0  0  0  98  100  61  32  1790  53  0  0  0  0  0  0  
0  0  27965  0  0  4  63  9  67  1  7210  0  0  0  0  9  0  0  4  13662  0  6  0  0  262  82  0  2219  42  196198  0  0  0  0  0  1  0  0  0  0  2  5  0  22  598  10772  0  0  0  0  4  5  0  15  0  104221  8  190  0  0  7  0  0  0  17779  20  71250  0  0  0  16638  0  115  0  0  0  90  0  0  0  0  0  0  0  210  0  0  0  0  0  0  0  0  72  0  0  0  0  0  0  450  0  0  1427  0  0  0  0  0  0  0  0  0  0  0  0  0  0  0  0  0  0  0  0  0  0  0  0  0  0  0  0  0  0  0  0  0  0  0  0  0  0  0  0  0  0  0  0  0  15  0  0  1  0  0  0  0  0  0  0  
0  0  24408  33471  0  0  0  0  53  11  0  0  0  0  0  0  1  0  0  0  0  0  0  1  0  10112  1879  0  1154  35  0  0  0  0  0  0  0  0  0  0  17  0  0  2  134506  590  0  5  38  0  0  6  0  5  0  17  0  3  0  0  0  0  0  0  0  5  94624  0  4  0  17  0  0  0  0  0  0  0  0  0  0  0  0  0  0  0  0  0  0  0  0  0  0  0  0  0  0  0  0  0  0  0  0  0  0  0  0  0  0  0  0  0  0  0  0  0  0  0  0  0  0  0  0  0  0  0  0  0  0  0  0  0  0  0  0  0  0  0  0  0  0  0  0  0  0  0  0  0  0  3  0  0  158  0  0  0  0  0  0  0  
0  0  56366  29923  0  8  1046  7139  285  9  0  1518  0  0  14863  20381  3  0  0  0  0  0  0  0  0  6  1  1856  0  2  0  0  1  0  0  0  0  0  0  0  1  0  0  4  226514  12491  0  0  954  0  0  125  1  4544  0  18  0  0  0  0  0  0  0  0  0  109  515  79350  87978  0  74  0  1  0  0  0  0  0  0  0  0  0  0  0  0  0  0  0  0  0  0  0  0  0  0  0  0  0  0  0  0  0  0  0  0  0  0  0  0  0  0  0  0  0  0  0  0  0  0  0  0  0  0  0  0  0  0  0  0  0  0  0  0  0  0  0  0  0  0  0  0  0  0  0  0  0  0  0  0  147  0  8  245  3  0  0  0  0  0  0  
0  0  60225  0  0  25  19  7  18854  5734  3557  0  0  0  0  3  0  0  9  31  0  1113  0  0  7  0  222475  158  38  0  0  0  0  0  0  0  0  0  0  0  1  2  0  19888  579  30632  0  0  0  0  7  3  1  6  0  9863  4  68  0  0  6  0  1  0  80139  259  19538  0  5  0  95281  0  59  0  0  0  100  0  0  0  0  0  17  1  3370  0  0  0  0  0  0  0  0  48  0  2  0  0  0  0  190  0  0  20704  0  0  0  0  0  0  0  0  0  0  0  0  0  0  0  79  0  0  0  0  0  0  0  0  0  0  0  0  0  0  0  0  0  0  28  0  0  0  0  0  1183  0  0  0  0  9  0  2  6  0  0  0  0  0  0  0  
17236  0  0  0  16138  2023  0  0  0  0  0  0  0  0  1  1033  0  0  0  0  0  0  0  35801  0  0  0  0  0  0  0  27758  0  0  0  0  0  0  0  0  3  0  0  0  1  0  29  0  139  0  0  14  16  3  0  2  0  0  0  0  0  0  87779  440  0  106  0  3  0  84655  0  0  0  0  153  0  0  0  0  1119  0  0  0  0  0  0  0  0  0  443  0  0  0  0  0  0  0  590  0  0  0  0  0  0  7146  882  0  0  0  0  0  0  0  0  0  0  0  0  0  0  0  0  0  0  0  0  0  0  0  0  0  0  0  0  0  0  18  0  0  0  0  0  0  372  0  0  0  0  0  3142  5  49  4669  2911  0  1  0  1  0  1  
56  0  0  0  0  5663  1  0  0  1  0  0  0  0  1  1588  0  10  0  0  1  1  10  213  0  0  0  0  0  0  17226  0  0  0  13  1  0  0  0  0  34  0  4  0  0  0  11  32  15  0  0  9  25  1  0  1  0  0  0  0  1  0  16777  31  0  34183  0  0  0  24888  0  0  10  0  0  0  0  0  0  61  0  0  0  3  0  0  0  0  0  0  0  0  0  0  0  0  50  0  1  0  0  0  0  0  11  1052  0  0  0  0  0  0  0  0  0  0  0  0  0  0  0  0  0  0  0  0  0  0  0  0  0  0  0  0  0  0  4  0  0  122  0  0  0  2  0  0  1  0  41  18540  212  4753  6626  25268  225  152  219  208  248  625  
0  0  0  4192  0  0  0  0  0  0  0  103  0  0  0  0  110  101  0  0  0  0  3  0  0  5080  0  0  0  0  1  5  0  23612  3522  4683  0  2  0  0  14395  0  0  0  0  0  0  62109  33  0  0  0  0  0  0  0  0  0  0  0  0  0  3  0  0  0  0  0  0  0  0  0  417  32519  0  0  0  0  0  0  0  0  0  0  0  0  0  0  0  0  0  0  0  0  0  0  0  0  0  0  0  0  0  0  0  0  0  0  0  0  0  0  0  0  0  0  0  0  0  0  0  0  0  0  0  0  0  0  0  0  0  0  0  0  0  0  0  0  0  0  0  0  0  0  0  0  0  0  191  0  95  287  1334  17  0  0  0  0  0  0  
0  0  0  233  0  0  0  0  0  0  0  69  2  0  0  0  0  2  0  0  23  1  2  13  6128  8076  0  0  0  0  0  0  29647  0  82023  103000  15  25036  0  0  640  0  43512  0  0  0  1  55376  0  198  0  0  0  0  30  0  0  0  6  10  393  0  0  0  0  0  0  1  0  0  0  4371  141550  17291  0  0  0  0  0  0  0  0  0  0  0  0  0  0  0  0  0  0  0  0  0  0  0  0  0  0  0  0  0  0  0  0  0  0  0  0  0  0  0  0  0  0  0  0  0  0  0  0  0  0  0  0  0  0  0  0  0  0  0  0  0  0  0  0  0  0  0  0  0  0  0  0  0  0  11  0  20  0  9  0  0  0  0  0  0  0  
0  0  0  4  0  0  0  0  0  0  0  18  0  1  0  0  13569  994  0  0  16  0  3476  40  1  140  0  0  0  0  0  0  3999  82808  0  192  0  92  0  0  645  0  29728  2  0  0  21  81446  3  37  0  0  0  0  26  0  0  0  9  21  256  0  6  0  0  0  0  0  0  0  0  124  50607  6  0  0  0  0  0  0  0  0  0  0  0  0  0  0  0  0  0  0  0  0  0  0  0  0  0  0  0  0  0  0  0  0  0  0  0  0  0  0  0  0  0  0  0  0  0  0  0  0  0  0  0  0  0  0  0  0  0  0  0  0  0  0  0  0  0  0  0  0  0  0  0  0  0  0  14678  0  44  0  25  0  0  0  0  0  0  0  
0  0  0  319  0  0  0  0  1  0  0  1  0  0  0  0  13  22  2  0  6  6  32  0  18638  73355  0  0  0  0  0  1  6468  103665  4  0  0  2  0  0  50601  0  4  33  2  2  0  1296  6  0  1  7  1  1  3852  6946  0  10  119  6  3040  0  1  0  1  0  0  1  0  0  1  5  22163  26454  0  0  0  0  0  0  0  0  0  0  0  0  0  0  0  0  0  0  0  0  0  0  0  0  0  0  0  0  0  0  0  0  0  0  0  0  0  0  0  0  0  0  0  0  0  0  0  0  0  0  0  0  0  0  0  0  0  0  0  0  0  0  0  0  0  0  0  0  0  0  0  0  0  0  130  31  115  12  201  0  0  0  0  0  0  0  
0  2829  0  0  0  0  0  0  0  0  0  0  0  0  0  0  0  0  0  0  4428  0  2  0  0  0  0  0  0  0  0  0  1  28  5  0  0  58352  0  0  0  0  33371  0  0  0  0  0  0  69924  0  0  0  0  0  0  0  0  199  61337  547  0  0  0  0  0  0  0  0  0  0  115933  5639  0  0  0  0  0  0  0  0  0  0  0  0  0  0  0  0  0  0  0  0  0  0  0  0  0  0  0  0  0  0  0  0  0  0  0  0  0  0  0  0  0  0  0  0  0  0  0  0  0  0  0  0  0  0  0  0  0  0  0  0  0  0  0  0  0  0  0  0  0  0  0  0  0  0  0  1  0  22  0  0  0  0  0  0  0  0  0  
0  3862  0  0  0  0  0  0  0  0  0  0  0  0  0  0  0  0  12593  0  702  3  0  0  1405  41  0  0  0  0  0  0  5  20810  280  10  51856  0  0  0  15  4  20282  10  0  0  0  161  0  7476  15  0  0  0  2  0  49  4  33128  9854  5918  0  0  0  0  0  0  0  0  0  0  77855  176445  3  0  0  0  0  0  0  0  0  0  0  0  0  0  0  0  0  0  0  0  0  0  0  0  0  0  0  0  0  0  0  0  0  0  0  0  0  0  0  0  0  0  0  0  0  0  0  0  0  0  0  0  0  0  0  0  0  0  0  0  0  0  0  0  0  0  0  0  0  0  0  0  0  0  0  14  0  172  0  0  0  0  0  0  0  0  0  
259  0  0  0  3  25  1  0  0  0  0  25  23268  22615  2  0  0  879  0  0  0  0  0  10170  0  0  0  0  0  0  13  20  0  0  0  0  0  0  0  103  5  0  0  0  4  0  12737  0  18783  0  0  611  16  2  0  0  0  0  0  0  0  7703  1924  39330  0  19  0  0  0  2  0  0  0  0  0  0  0  0  0  0  0  0  0  0  0  0  0  0  0  0  0  0  0  0  0  0  0  0  0  0  0  0  0  0  0  0  0  0  0  0  0  0  0  0  0  0  0  0  0  0  0  0  0  0  0  0  0  0  0  0  0  0  0  0  0  0  0  0  0  0  0  0  0  0  0  0  0  0  0  1649  0  0  3650  8  0  1  0  0  0  0  
0  0  0  0  0  0  0  0  0  0  0  29033  2  23458  0  0  0  179  0  0  0  0  0  0  0  0  0  0  0  0  0  0  0  0  0  0  0  0  250  0  1  0  0  0  12  0  87  0  17719  0  0  537  0  1  0  1  0  0  0  0  0  0  0  2  0  0  2  91  0  0  0  0  0  0  0  0  0  0  0  0  0  0  0  0  0  0  0  0  0  0  0  0  0  0  0  0  0  0  0  0  0  0  0  0  0  0  0  0  0  0  0  0  0  0  0  0  0  0  0  0  0  0  0  0  0  0  0  0  0  0  0  0  0  0  0  0  0  0  0  0  0  0  0  0  0  0  0  0  0  2  0  0  4  0  0  0  0  0  0  0  
79  0  0  2569  0  24  13  4  23  16  0  5  0  0  6  2  2828  1477  13  0  4  38  342  90  500  74151  10  1  7  5  5  28  13359  1128  5  47080  0  17  7  5  0  2  12  237  301  14  42  32894  28338  0  5  1291  38  144  343  12826  2  116  136  1  5075  0  98  58  40  45  6694  46  44  6  171  2  11772  15928  0  0  0  0  0  0  0  0  0  0  0  0  0  0  0  0  0  0  0  0  0  0  0  0  0  0  0  0  0  0  0  0  0  0  0  0  0  0  0  0  0  0  0  0  0  0  0  1  0  0  0  0  0  0  0  0  0  0  0  0  0  0  0  0  0  0  0  0  0  0  0  0  0  0  4362  504  6211  5961  57873  3135  0  0  0  0  1  0  
0  34765  0  0  0  0  0  0  0  0  17922  0  0  0  0  0  0  0  34002  22720  42  61927  0  0  255  0  0  0  1  0  0  0  0  0  0  0  0  51  0  0  2  0  0  45379  1  0  0  0  0  0  9335  0  0  1  0  47  56505  14693  107  1  2506  0  0  0  15  0  0  0  0  0  0  0  4129  0  0  0  0  0  0  0  0  0  0  0  3  0  0  0  0  0  0  0  0  0  0  0  0  0  0  0  0  0  0  0  0  0  0  0  0  0  0  0  0  0  0  2  0  0  0  0  0  0  0  0  0  0  0  0  0  0  0  0  0  0  0  0  0  0  0  0  0  0  0  0  0  0  0  0  0  1  0  0  0  0  0  0  0  0  0  0  
0  0  0  0  0  0  0  0  0  0  0  0  0  0  0  0  58  4  0  0  390  0  27342  34  1  33  0  0  0  0  0  0  0  46230  22650  59  25017  13040  0  0  268  0  0  0  0  0  0  2265  0  36436  0  0  0  0  9  0  0  0  71  66  15801  0  0  0  0  0  0  0  0  0  0  16169  16189  2  0  0  0  0  0  0  0  0  0  0  0  0  0  0  0  0  0  0  0  0  0  0  0  0  0  0  0  0  0  0  0  0  0  0  0  0  0  0  0  0  0  0  0  0  0  0  0  0  0  0  0  0  0  0  0  0  0  0  0  0  0  0  0  0  0  0  0  0  0  0  0  0  0  0  25644  0  2227  0  2  0  0  0  0  0  0  0  
0  40  0  0  0  18  7  5  592  19713  75617  0  0  0  0  0  0  1  539  35862  31  143311  6975  0  7819  8  2  0  14  9714  0  0  0  1  0  83  0  3  0  0  1311  21600  0  0  442  8  0  15  0  1  1253  1  0  1  4  1096  282  38709  357  1  20579  0  0  0  53056  370  238  0  0  0  31  0  4130  0  0  0  0  0  0  0  0  0  1  0  72  0  0  0  0  0  0  0  0  0  0  4  0  0  0  0  0  0  0  5  0  0  0  0  0  0  0  0  0  0  0  83  0  0  0  0  0  1  0  0  0  0  0  0  0  0  0  0  0  0  0  0  0  0  0  1  0  0  0  0  0  0  0  0  6  60  422  55  27  2  0  0  0  1  0  0  
19  0  49752  31614  0  55  563  851  9125  872  0  7213  0  0  72  517  549  38  3  0  0  3  0  32  13  3110  297  124100  176530  332  1  0  0  0  0  1  0  0  0  0  272  2  0  222  0  57456  19  42  28799  0  0  842  26  6278  13  1667  1  53  0  0  1  1  2  23  33  1854  45876  24665  25910  1  1195  0  104  0  0  0  1  0  0  0  0  0  0  0  0  0  0  0  0  0  0  0  0  0  0  0  0  0  0  0  0  0  0  0  0  0  0  0  0  0  0  0  0  0  0  0  0  0  0  0  0  0  0  0  0  0  0  0  0  0  0  0  0  0  0  0  0  0  0  3  0  0  0  0  0  0  0  0  1  11131  1  39  10607  37  0  0  0  0  0  0  
0  0  33574  0  0  2  448  20668  22557  8  0  0  0  0  0  6126  0  0  4  0  0  5  0  0  51  2  17518  180  5597  24520  0  0  0  0  0  0  0  0  0  0  1  2  0  9  49516  0  0  0  1  0  4  2  0  271  1  6657  6  99  0  0  3  0  0  0  61  394  12714  1  85  0  28506  0  46  0  0  0  21  0  0  0  0  9  98  0  0  0  0  0  0  0  0  0  0  0  0  0  0  0  0  0  0  0  0  91  0  0  0  0  0  0  0  0  0  0  0  0  0  0  0  197  0  0  0  0  0  0  0  0  0  0  0  0  0  0  0  0  0  0  0  8  0  0  0  0  229  0  0  0  0  16  0  0  5  0  0  0  0  0  0  0  
3909  0  0  1  33  533  0  0  0  0  0  30  20866  582  2  0  9  34466  0  0  0  0  195  75278  0  0  0  0  0  0  12  28  0  0  4  0  0  0  11559  22  32  0  9  0  7  0  0  1431  17007  0  0  230  44  8  0  0  0  0  0  0  0  9  2855  19518  0  153  2  12  2  74  0  0  0  0  0  0  0  0  0  1  0  0  0  0  0  0  0  0  0  0  0  0  0  0  0  0  0  0  0  0  0  0  0  0  0  0  0  0  0  0  0  0  0  0  0  0  0  0  0  0  0  0  0  0  0  0  0  0  0  0  0  0  0  0  0  0  0  0  0  0  0  0  0  0  0  0  0  0  146  1090  0  0  53723  1172  0  1  0  0  0  0  
1  0  0  186  0  0  0  0  0  0  0  78  0  1  0  0  52504  15178  8  0  12  4  1739  1644  8  1038  0  0  1  0  0  27  52281  56398  89149  2412  0  37  0  1  39615  1  5277  12  20  0  2675  0  1198  6  1  2  0  15  127  38  1  1  25  6  781  0  1764  1  0  0  336  0  9  0  0  17  123913  34416  0  0  0  0  0  0  0  0  0  0  0  0  0  0  0  0  0  0  0  0  0  0  0  0  0  0  0  0  0  0  0  0  0  0  0  0  0  0  0  0  0  0  0  0  0  0  0  0  0  0  0  0  0  0  0  0  0  0  0  0  0  0  0  0  0  0  0  0  0  0  0  0  0  0  29173  161  4530  2843  142266  1072  0  0  0  0  0  0  
3871  0  0  28456  22  2547  10  1  9  2  0  67753  1  25727  77  22  21174  46739  4  0  0  1  31  5528  18  10519  1  2  1074  3  70  5  68  1  7  0  0  0  29071  18930  36735  1  0  2  49632  2  17265  1209  0  0  1  11279  682  2064  6  1550  0  14  1  0  0  46  306  5442  11  929  12019  18484  1276  407  44  0  46  0  0  0  0  0  0  1  0  0  0  0  0  0  0  0  0  0  0  0  0  0  0  0  0  0  0  0  0  0  0  0  0  0  0  0  0  0  0  0  0  0  0  0  0  0  0  0  0  0  0  0  0  0  0  0  0  0  0  0  0  0  0  0  0  0  0  1  0  0  0  0  0  0  0  0  93  16907  19  12  117286  34  0  10  0  0  0  0  
0  0  0  0  0  0  0  0  0  0  0  0  0  0  0  0  0  0  1  0  29041  1  1692  0  0  1  0  0  0  0  0  0  0  254  28  0  49340  3091  0  0  0  0  60563  0  0  0  0  18  0  0  0  0  0  0  0  0  0  0  344  23591  38468  0  0  0  0  0  0  0  0  0  0  8524  15511  0  0  0  0  0  0  0  0  0  0  0  0  0  0  0  0  0  0  0  0  0  0  0  0  0  0  0  0  0  0  0  0  0  0  0  0  0  0  0  0  0  0  0  0  0  0  0  0  0  0  0  0  0  0  0  0  0  0  0  0  0  0  0  0  0  0  0  0  0  0  0  0  0  0  0  50  0  1771  0  0  0  0  0  0  0  0  0  
0  47656  0  0  0  0  0  0  0  0  0  0  0  0  0  0  0  0  8532  21  17523  60344  8  0  49  0  0  0  0  0  0  0  0  0  0  3  0  1  0  0  50  11318  0  375  0  0  0  0  0  0  0  0  0  0  0  10  10224  582  5939  679  39990  0  0  0  3  0  0  0  0  0  0  7  699  0  0  1  0  0  0  0  0  0  0  0  0  0  0  0  0  0  0  0  0  0  4  3  0  0  0  0  0  0  0  0  0  0  0  0  0  0  0  0  0  0  0  8  0  0  0  0  0  0  0  0  7  0  0  0  0  0  0  0  0  0  1  0  0  0  0  0  0  0  0  0  0  0  0  0  0  1  1  0  0  0  0  0  0  0  0  0  
3752  0  0  22  7  1266  139  3  30  1  0  20247  0  37256  158206  124  0  0  0  0  0  0  0  1327  4  11  1  0  119  0  12  1  0  0  0  0  0  0  409  936  434  0  0  0  299  1  394  0  18618  0  0  0  21948  21110  2  175  0  2  0  0  0  31278  295  5040  0  3181  516  46477  226  64  16  0  7  0  0  0  0  0  1  14  1  0  0  0  0  0  0  0  0  2  0  0  0  0  0  0  0  0  0  0  0  0  0  0  0  0  0  0  0  0  0  0  0  0  0  0  0  0  1  0  0  0  3  0  0  4  0  1  0  0  0  0  0  0  0  0  0  0  0  13  0  0  0  0  0  0  0  0  0  24430  0  2  8455  14  0  81  0  0  5  0  
22259  0  0  0  15654  18935  39  1  2  1  0  0  0  32  120789  2541  0  1  0  0  0  0  0  649  0  1  0  0  0  0  37  3  0  0  0  0  0  0  13  1  8  0  0  0  4  0  62  0  1660  0  0  25046  0  29006  0  12  0  0  0  0  0  310  137  1798  0  3320  12  312  11  387  1  0  0  0  0  0  0  0  0  5  0  0  0  0  0  0  0  0  0  0  0  0  0  0  0  0  0  0  0  0  0  0  0  0  0  0  0  0  0  0  0  0  0  0  0  0  0  0  0  0  0  0  0  0  0  0  0  0  0  0  0  0  0  0  0  0  0  0  0  9  0  0  0  0  0  0  0  0  0  23488  0  1  537  2  0  8  0  0  0  0  
39  0  3  4  0  29608  2806  8295  861  45  0  0  0  1  111724  113546  16  0  0  0  0  0  0  11  2  9  19  0  821  6  1  0  0  0  0  0  0  0  1  0  3  0  0  18  6513  105  3  3  261  0  0  15363  21040  0  0  396  0  5  0  0  0  1  4  11  0  3134  4591  12287  30938  3  477  0  0  0  0  0  0  0  0  8  9  2  4  1  0  1  0  0  0  1  0  0  0  0  0  0  0  0  0  0  0  0  0  0  0  0  0  0  0  0  0  0  0  0  0  0  0  0  1  0  1  0  0  0  0  0  1  1  0  0  0  0  0  0  0  0  0  0  0  63  0  0  0  0  0  0  0  0  0  6991  0  3  696  10  0  49  0  0  5  0  
0  1  0  1  0  0  2  3  19  0  0  0  0  0  0  0  1  3  5  0  0  0  2  0  45870  27542  2  0  7  3  0  0  0  26  0  6729  0  0  0  0  310  0  1  10  97  8  0  22  20  0  1  68  1  19  0  4100  2  136  9  0  114  0  0  1  34  19  9  5  5  0  45  1  13802  0  0  0  0  0  0  0  0  0  0  0  0  0  0  0  0  0  0  0  0  0  0  0  0  0  0  0  0  0  0  0  0  0  0  0  0  0  0  0  0  0  0  0  0  0  0  0  0  0  0  0  0  0  0  0  0  0  0  0  0  0  0  0  0  0  0  0  0  0  0  0  0  0  0  0  9  1115  3  0  564  0  0  0  0  0  0  0  
1  0  2  4  0  194  2241  153  4190  8  81  0  0  0  9  291  2  10  1926  14458  0  64  1  2  105095  32249  139352  2  165  14856  0  0  0  0  0  3432  0  3  0  0  4994  44  0  1617  4349  847  0  3  65  0  47  456  30  696  705  0  79  37776  16  0  42  0  1  4  73651  929  34652  76  197  0  76249  0  931  0  0  0  0  0  0  1  0  1  0  0  0  0  0  0  0  0  0  0  0  0  0  0  0  0  0  0  0  0  0  0  0  0  0  0  0  0  0  0  0  0  0  0  0  0  0  0  0  0  0  0  0  0  0  0  0  0  0  0  0  0  0  0  0  0  0  1  0  0  0  0  0  0  0  0  47  478  12  39  1071  145  0  0  0  0  0  0  
0  14656  0  0  0  0  0  0  1  0  19  0  0  0  0  0  0  0  135905  604  983  1139  0  0  391  0  0  0  0  0  0  0  0  0  0  1  0  304  0  0  11  55786  0  1567  0  0  0  2  0  0  22839  0  0  0  0  21  0  25662  13332  241  6116  0  0  0  9  0  0  0  0  0  1  11  6902  0  0  0  0  0  0  0  0  0  0  0  0  0  0  0  0  0  0  0  0  0  0  0  0  0  0  0  0  0  0  0  0  0  0  0  0  0  0  0  0  0  0  0  0  0  0  0  0  0  0  0  0  0  0  0  0  0  0  0  0  0  0  0  0  0  0  0  0  0  0  0  0  0  0  0  0  26  0  0  0  0  0  0  0  0  0  0  
0  118  0  0  0  0  30  28  179  1  609  0  0  0  0  2  0  0  93699  80790  4  15267  10  0  56712  14  379  0  45  6  0  0  0  0  0  4  0  20  0  0  23  8261  0  25792  866  54  0  0  3  0  3449  6  0  4  19  35440  17613  0  79  0  3680  0  0  0  32421  143  27  1  7  0  185  0  15565  0  0  0  0  0  0  0  0  0  0  0  0  0  0  0  0  0  0  0  0  0  0  0  0  0  0  0  0  0  0  0  0  0  0  0  0  0  0  0  0  0  0  0  0  0  0  0  0  0  0  0  0  0  0  0  0  0  0  0  0  0  0  0  0  0  0  0  0  0  0  0  0  0  0  0  0  732  0  10  54  1  0  0  0  0  0  0  
0  30665  0  0  0  0  0  0  1  0  0  0  0  0  0  0  0  0  37864  2  25836  25  5  0  18  8  0  0  0  0  0  0  0  0  0  51  31  29570  0  0  34  24  0  310  1  0  0  13  0  1  4088  0  0  0  1  8  12883  830  0  10914  30479  0  0  1  2  0  0  0  0  0  0  11186  26987  1  0  0  0  0  0  0  0  0  0  0  0  0  0  0  0  0  0  0  0  0  0  0  0  0  0  0  0  0  0  0  0  0  0  0  0  0  0  0  0  0  0  0  0  0  0  0  0  0  0  0  0  0  0  0  0  0  0  0  0  0  0  0  0  0  0  0  0  0  0  0  0  0  0  0  0  1  2  0  15  0  0  0  0  0  0  0  
0  28286  0  0  0  0  0  0  0  0  0  0  0  0  0  0  0  0  59  0  94149  1  5  0  0  2  0  0  0  0  0  0  0  2  0  3  65220  19648  0  0  1  0  184  4  0  0  0  2  0  12988  152  0  0  0  0  0  38  4  8885  0  18139  0  0  0  0  0  0  0  0  0  0  23786  5472  0  0  0  0  0  0  0  0  0  0  0  0  0  0  0  0  0  0  0  0  0  0  0  0  0  0  0  0  0  0  0  0  0  0  0  0  0  0  0  0  0  0  0  0  0  0  0  0  0  0  0  0  0  0  0  0  0  0  0  0  0  0  0  0  0  0  0  0  0  0  0  0  0  0  0  0  0  21  0  0  0  0  0  0  0  0  0  
0  5892  0  0  0  0  0  1  0  2  0  0  0  0  0  0  18  0  2718  5  96139  93093  69485  0  169  1030  0  0  0  0  0  10  0  102  2  3054  16  816  0  0  6761  512  17277  9469  6  1  0  1694  0  31990  58093  0  0  0  187  91  3609  186  47661  12955  0  0  1  0  36  0  0  0  0  0  0  7690  39452  2  0  0  0  0  0  0  0  0  0  0  0  0  0  0  0  0  0  0  0  0  7  1  0  0  0  0  0  0  0  0  0  0  0  0  0  0  0  0  0  0  0  3  0  0  0  0  0  0  0  0  7  0  0  0  0  0  0  0  0  0  0  0  0  0  0  0  0  0  0  0  0  0  0  0  176  2  71423  10  38  13  0  0  1  0  0  0  
24612  0  0  0  5  73  1  0  0  0  0  0  6778  21116  14099  0  0  0  0  0  0  0  0  42323  0  0  0  0  0  0  2  0  0  0  0  0  0  0  8190  0  2  0  0  0  0  0  24  0  79  0  0  28818  166  4  0  0  0  0  0  0  0  0  12  16905  0  72  0  1  1  5  0  0  0  0  0  0  0  0  0  1  0  0  0  0  0  0  0  0  0  0  0  0  0  0  0  0  0  0  0  0  0  0  0  0  0  0  0  0  0  0  0  0  0  0  0  0  0  0  0  0  0  0  0  0  0  0  0  0  0  0  0  0  0  0  0  0  0  0  0  0  0  0  0  0  0  0  0  0  0  137  0  0  20  1  0  0  0  0  0  0  
486  0  0  0  11  905  0  0  0  0  0  0  178  168  1  1  3727  21110  0  0  0  0  5114  103972  0  0  0  0  0  0  91907  30011  0  0  95  0  0  0  595  1  11  0  17  0  3  0  7362  714  347  0  0  273  28  4  0  0  0  0  0  0  1  10  0  36934  0  99  1  3  2  35583  0  0  0  0  1  0  0  0  0  0  0  0  0  0  0  0  0  0  0  0  0  0  0  0  0  0  0  6  0  0  0  0  0  0  9  1  0  0  0  0  0  0  0  0  0  0  0  0  0  0  0  0  0  0  0  0  0  0  0  0  0  0  0  0  0  0  0  0  0  0  0  0  0  0  0  0  0  0  9795  20320  50  67  40094  25549  0  2  0  0  0  1  
7443  0  0  0  221  8106  7  0  1  0  0  0  5797  4178  8  3  0  6  0  0  0  0  1  143140  0  0  0  0  0  0  1874  245  0  0  0  0  0  0  46848  0  71  0  0  0  13  0  18189  0  4094  0  0  3658  172  24  1  4  0  0  0  0  0  9715  44566  0  2  655  2  11  4  1405  0  0  0  0  0  0  0  0  1  2  0  0  0  0  0  0  0  0  0  0  0  0  0  0  0  0  0  0  0  0  0  0  0  0  0  0  0  0  0  0  0  0  0  0  0  0  0  0  0  0  0  0  0  0  0  0  0  0  0  0  0  0  0  0  0  0  0  0  0  2  0  0  0  0  0  0  0  0  2  20310  0  1  5122  487  0  10  0  0  0  0  
0  2  0  0  0  2  48  10  304  2  70903  0  0  0  0  8  0  0  262  27874  0  1569  1  0  994  5  27466  0  13  75412  0  0  0  0  0  2  0  3  0  0  7  129  0  64537  382  47  0  0  2  0  84  4  2  10  4  56061  208  22842  6  0  134  0  0  0  0  52  79  0  2  0  6171  0  1355  0  0  0  0  0  0  0  0  0  1  0  77  0  0  0  0  0  0  0  0  4  0  0  0  0  0  0  0  0  0  12  0  0  0  0  0  0  0  0  0  0  0  0  0  1  0  0  0  0  0  0  0  0  0  0  0  0  0  0  0  0  0  0  0  0  1  0  0  0  0  0  1  0  0  0  0  162  0  0  28  0  0  0  0  0  0  0  
231  0  1  0  0  74122  36853  23644  79385  64927  0  0  0  1  173  5183  1  1  0  0  0  21  0  84  0  0  1  0  58  171  74  29836  0  0  0  0  0  0  7  0  1  0  0  755  301  241  21  1  156  0  0  2689  1757  1539  0  10  0  0  0  0  0  3  50  163  0  0  222  309  453  11204  883  0  0  0  4  0  0  0  4  1887  344  196  1132  4918  0  0  0  0  0  7  0  0  0  0  0  17  15  0  0  0  0  0  0  21  2  4727  0  0  0  0  0  0  0  0  1  0  0  0  2  0  1  0  5  0  0  2  2  1  0  2  0  0  0  0  0  0  2  0  0  9783  0  0  0  3  64  0  1  0  4  7849  1  10084  142  37  61  900  89  125  78  193  
11  0  347  4371  0  69  314  331  10089  308  0  2  0  0  11  105  39  101  23  1  0  14  4  12  319  71286  90241  80070  256  6039  0  0  0  0  0  8  0  0  0  2  10018  18  0  234  37559  11501  5  456  3918  0  8  2743  84  3148  57  40246  16  650  0  0  14  0  10  7  362  644  0  652  1044  1  24913  0  741  1  0  0  0  0  0  0  0  1  0  0  0  0  0  0  0  0  0  0  0  0  0  0  0  0  0  0  0  0  0  0  0  0  0  0  0  0  0  0  0  0  0  0  0  0  0  0  0  0  0  0  0  0  0  0  0  0  0  0  0  0  0  0  0  0  0  4  0  0  0  0  0  0  0  0  230  2137  74  442  21357  3113  0  0  0  0  0  0  
53  0  0  19935  0  179  113  5  48  1  0  40019  0  3  39562  259  3  1  1  0  0  0  0  69  3  180  0  0  76297  0  0  0  0  0  0  0  0  0  1  82  241  0  0  2  52666  0  34  4  32205  0  0  46733  245  27469  0  193  0  2  0  0  0  1  1  43  1  756  2431  0  2794  4  15  0  6  0  0  0  0  0  0  3  1  0  0  0  0  0  0  0  0  4  0  0  0  0  0  0  0  0  0  0  0  0  0  0  0  0  0  0  0  0  0  0  0  0  0  0  0  0  0  0  0  0  1  0  0  2  0  1  0  0  0  0  0  0  0  0  0  0  0  17  0  2  0  0  0  0  0  0  1  22091  0  8  3791  36  0  27  0  0  4  0  
0  0  13  1  0  115  610  3481  1588  49  0  0  0  0  4458  23310  155  0  0  0  0  0  0  1  2  11  40  0  81601  14  0  0  0  0  0  0  0  0  0  0  10  0  0  20  30899  206  1  21  1701  0  0  39  3  27116  2  188  0  3  0  0  0  0  0  0  0  1836  4509  1062  0  0  851  0  9  0  0  0  0  0  0  0  0  0  0  0  0  0  0  0  0  0  0  0  0  0  0  0  0  0  0  0  0  0  0  0  0  0  0  0  0  0  0  0  0  0  0  0  0  0  0  0  0  0  0  0  0  0  0  0  0  0  0  0  0  0  0  0  0  0  0  23  0  0  0  0  0  0  0  0  0  434  0  2  2881  9  0  0  0  0  0  0  
25086  0  0  0  26271  65717  5  0  1  0  0  0  0  0  15  25900  0  0  0  0  0  0  0  43054  0  0  0  0  0  0  78596  24760  0  0  0  0  0  0  2  0  12  0  0  0  3  0  91  0  1276  0  0  46  207  9  0  0  0  0  0  0  0  6  36738  2601  0  6992  0  1  0  0  0  0  0  0  104  0  0  0  0  1017  0  0  0  0  0  0  0  0  0  176  0  0  0  0  0  0  0  282  0  0  0  0  0  0  807  1322  0  0  0  0  0  0  0  0  0  0  0  0  0  0  0  0  0  0  0  0  0  0  0  0  0  0  0  0  0  0  2  0  0  0  0  0  0  277  0  0  0  0  0  15428  8  61  203  1939  0  2  0  0  2  1  
0  1  516  1  0  19  461  608  46551  27  8  0  0  0  3  74  0  0  113  8  0  106  0  0  716  232  40289  9  231  89610  0  0  0  0  0  1  0  5  0  0  28  39  0  368  4238  31489  0  0  9  0  43  58  1  175  8  38644  100  1672  4  0  50  0  0  0  9190  497  25324  25  60  0  0  0  1065  0  0  0  3  0  0  0  0  3  472  2  6  0  0  0  0  0  0  0  0  0  0  1  0  0  0  0  0  0  0  8045  0  0  0  0  0  0  0  0  0  0  0  0  0  0  0  14  0  0  0  0  0  0  0  0  0  0  0  0  0  0  0  0  0  0  1  50  0  0  0  0  1540  0  0  0  0  101  2  3  128  1  0  1  0  0  0  0  
0  1354  0  0  0  0  0  0  0  0  0  0  0  0  0  0  0  0  19  0  9115  0  0  0  0  2  0  0  0  0  0  0  0  3495  154  8  96201  83151  0  0  10  0  32557  2  0  0  0  67  0  7230  2  0  0  0  1  0  4  0  14402  20068  3531  0  0  0  0  0  0  0  0  0  0  0  36388  0  0  0  0  0  0  0  0  0  0  0  0  0  0  0  0  0  0  0  0  0  0  0  0  0  0  0  0  0  0  0  0  0  0  0  0  0  0  0  0  0  0  0  0  0  0  0  0  0  0  0  0  0  0  0  0  0  0  0  0  0  0  0  0  0  0  0  0  0  0  0  0  0  0  0  25  0  132  0  0  0  0  0  0  0  0  0  
0  36  0  0  0  0  2  0  3  0  1  0  0  0  0  0  73  164  52574  12  4819  932  226  0  93662  28067  0  0  2  0  0  3  373  173729  57217  26174  254  224449  0  0  13745  1308  27859  1313  58  0  0  135075  7  12492  2694  16  0  8  25707  136  2732  11960  21859  6210  71552  0  12  0  104  2  1  0  2  0  8  27262  0  18967  0  0  0  0  0  0  0  0  0  0  0  0  0  0  0  0  0  0  0  0  0  0  0  0  0  0  0  0  0  0  0  0  0  0  0  0  0  0  0  0  0  0  0  0  0  0  0  0  0  0  0  0  0  0  0  0  0  0  0  0  0  0  0  0  0  0  0  0  0  0  0  0  0  0  6103  4140  6457  88  4483  6  0  0  0  0  0  0  
0  0  0  1  0  0  0  0  0  0  0  0  0  0  0  0  24  121  2  0  0  0  7  0  0  52  0  0  0  0  0  0  29636  19507  0  26086  0  2  0  0  12606  0  0  1  0  0  0  52001  0  0  1  0  0  0  2  1  1  0  2  0  45  0  1  0  0  0  0  0  0  0  0  0  24286  0  0  0  0  0  0  0  0  0  0  0  0  0  0  0  0  0  0  0  0  0  0  0  0  0  0  0  0  0  0  0  0  0  0  0  0  0  0  0  0  0  0  0  0  0  0  0  0  0  0  0  0  0  0  0  0  0  0  0  0  0  0  0  0  0  0  0  0  0  0  0  0  0  0  0  430  1  529  65  354  4  0  0  0  0  0  0  
0  0  0  0  1  1  0  0  0  0  0  0  0  0  0  0  0  0  0  0  0  0  0  0  0  0  0  0  0  0  14  0  0  0  0  0  0  0  0  0  0  0  0  0  0  0  0  0  0  0  0  0  0  0  0  0  0  0  0  0  0  0  0  0  0  0  0  0  0  16  0  0  0  0  0  0  0  0  30192  6884  0  0  0  0  0  0  1271  1489  12776  15129  0  0  0  0  0  0  0  65405  0  0  0  0  0  0  4496  1  0  0  0  0  0  0  2951  0  0  0  0  0  0  0  1253  0  50  0  0  47  28301  0  0  0  0  0  0  0  0  13982  199  4708  0  7  0  0  0  11290  0  0  0  0  0  0  0  0  0  0  0  14587  0  0  725  0  
0  0  0  0  0  0  0  0  0  0  0  0  0  0  0  0  0  0  0  0  0  4  0  0  0  0  0  0  0  0  0  0  0  0  0  0  0  0  0  0  0  0  0  1  0  0  0  0  0  0  0  0  0  0  0  0  0  0  0  0  0  0  0  0  0  0  0  0  0  0  0  0  0  0  0  0  0  0  0  0  0  0  0  0  0  0  0  0  0  0  0  0  39243  1  57841  21  1  0  0  0  0  0  0  0  0  0  0  0  1  0  7617  1937  0  0  1  45240  0  16  0  0  0  2  0  3  34675  0  0  0  0  0  19166  2886  44187  38503  21820  0  0  0  0  0  0  0  0  0  0  11828  65  0  0  0  0  0  0  0  1  0  4  0  1  0  
0  0  1884  0  0  0  0  12  0  0  0  0  0  0  0  1595  0  0  0  0  0  0  0  0  0  0  6  1  0  46  0  0  0  0  0  0  0  0  0  0  0  0  0  0  7  20  0  0  0  0  0  0  0  0  0  0  0  0  0  0  0  0  0  0  0  0  0  0  0  0  3  0  0  0  0  0  0  0  0  0  1  14073  23  0  0  0  0  0  0  27241  0  0  0  0  0  0  0  0  0  0  22018  10493  27582  16030  0  0  0  0  0  0  0  0  0  0  0  0  0  0  53410  53029  0  0  0  0  0  0  0  5  0  22  0  0  0  0  0  0  0  0  2  2  7018  0  356  0  70  0  0  0  0  0  0  0  0  0  0  6  0  0  2  0  
0  0  0  0  0  0  0  0  0  0  0  0  0  0  0  0  0  0  0  0  0  0  0  0  0  0  0  0  0  0  0  0  0  0  0  0  0  0  0  0  0  0  0  0  0  0  0  0  0  0  0  0  0  0  0  0  0  0  0  0  0  0  0  0  0  0  0  0  0  0  0  0  0  0  1  0  0  0  0  1  1  2  0  0  0  34139  0  0  0  7  455  4  0  0  0  0  0  0  10  54401  0  15188  17122  0  0  0  1411  311  10  20  0  0  0  0  14426  0  0  0  19276  0  0  1477  46844  0  0  3  2  83  0  15  0  0  0  0  0  0  0  0  0  11  320  5117  0  0  0  0  19  353  0  0  0  0  0  0  0  4  0  0  130  0  
0  0  0  0  0  0  2  0  0  0  0  0  0  0  0  0  0  0  0  0  0  0  0  0  0  0  0  0  0  0  0  0  0  0  0  0  0  0  0  0  0  0  0  0  0  0  0  0  0  0  0  0  0  0  0  0  0  0  0  0  0  0  0  0  0  0  0  0  0  0  0  0  0  0  31388  0  0  1  0  16674  0  0  0  0  0  5  0  2  30893  74578  0  1  0  0  0  0  0  4  0  0  0  0  1  0  2  0  0  0  0  0  0  0  27  1  0  0  0  0  6  0  89  0  105  0  0  1507  74571  412  0  0  0  0  0  0  0  140  1  232  0  86  0  53  0  2411  1  0  0  0  0  0  0  0  0  0  0  6887  0  0  209  0  
16  0  0  0  1  2111  640  0  0  0  0  0  0  0  17  777  0  0  0  0  0  0  0  5  0  0  0  0  0  0  924  36  0  0  0  0  0  0  1  0  0  0  0  0  0  0  1  0  4  0  0  25  63  8  0  0  0  0  0  0  0  0  2  8  0  1585  0  2  0  321  0  0  0  0  16693  0  0  1  35379  0  30972  12  107  0  0  21  8  44  482  143235  0  8  0  0  0  0  0  7501  2  0  0  0  21  0  6059  19554  0  0  0  0  0  0  327  1  0  0  0  0  65  12  455  0  395  0  0  809  7778  2197  0  16  0  0  0  0  0  590  24059  22238  0  48029  6  127  3  41684  35  0  4  0  0  125  0  0  3  0  1  140018  1  2  1068  13  
0  0  1  0  0  30  804  77  1  0  0  0  0  0  0  228  0  0  0  0  0  0  0  0  0  0  0  0  0  0  0  0  0  0  0  0  0  0  0  0  0  0  0  0  2  1  0  0  1  0  0  4  2  15  0  0  0  0  0  0  0  0  0  0  0  263  1  2  0  0  0  0  0  0  0  0  127  2  21  35314  0  26025  81  0  0  40  0  0  6  125600  1  0  0  0  0  0  0  0  0  4  4  0  4407  0  0  0  0  0  0  0  0  0  0  0  3  0  0  0  809  1207  0  1  47  0  0  726  8  4029  1  137  0  0  0  0  0  0  0  0  2  28712  78  246  400  0  76  0  2  0  0  5  0  0  0  0  3  2059  0  0  363  2  
0  0  26  0  0  0  68  797  98  0  0  0  0  0  0  1426  0  0  0  0  0  0  0  0  0  0  0  0  0  0  0  0  0  0  0  0  0  0  0  0  0  0  0  0  0  65  0  0  1  0  0  0  0  2  0  0  0  0  0  0  0  0  0  0  0  108  0  0  0  0  6  0  0  0  0  0  11296  0  3  57  29213  0  19183  4  0  1  0  1  2  87034  0  0  0  0  0  0  0  0  2  0  2  1  18448  2  0  0  0  0  0  0  0  0  0  0  1  0  0  1  2175  26656  0  0  3  0  0  21  1  5567  0  195  0  0  0  0  0  0  0  0  3  30413  50  16  1994  0  2002  0  8  0  0  2  0  0  0  0  0  303  0  0  80  2  
1  0  3  0  0  2  23  133  3950  109  3  0  0  0  0  3  0  0  0  0  0  22  0  0  0  0  0  0  0  57  0  0  0  0  0  0  0  0  0  0  0  0  0  5  0  56  0  0  0  0  0  4  0  0  0  0  0  0  0  0  0  0  0  1  1  736  0  0  0  0  443  0  0  0  0  0  3  0  2  49  86  11686  0  18891  1  3  0  0  0  39  0  0  1  0  0  7  0  0  38  0  3  1  75  5188  0  0  0  0  0  0  0  0  0  0  3  0  0  231  351  22019  0  0  4  0  0  19  0  17  0  792  0  9  0  0  0  0  0  0  1294  66824  175  14  2  0  37564  0  180  0  0  3  0  2  0  0  3  113  0  3  43  2  
1  0  0  0  0  0  1  0  452  4590  3  0  0  0  0  0  0  0  0  0  0  11  1  0  0  0  0  0  0  9  0  0  0  0  0  0  0  0  0  0  0  0  0  2  0  0  0  0  0  0  0  0  0  0  0  0  0  0  0  0  0  0  0  0  1  3031  0  0  0  0  3  0  0  0  0  0  0  0  0  1  0  0  26370  0  427  0  0  0  0  0  3  13  0  0  0  1499  11771  0  8  3  0  0  1  9226  0  0  0  0  0  0  0  0  0  0  416  0  0  39190  20  0  0  6  13  0  0  0  0  0  5  50  1  4  0  0  0  0  0  0  6715  23887  9  0  0  0  104  0  56  0  0  0  7  566  0  1  1354  61  57  8312  2667  112  
0  0  0  0  0  0  0  0  0  0  7819  0  0  0  0  0  0  0  0  222  0  36  0  0  0  0  226  0  0  4348  0  0  0  0  0  0  0  0  0  0  0  0  0  158  0  0  0  0  0  0  0  0  0  0  0  0  0  0  0  0  0  0  0  0  65  0  0  0  0  0  14  0  0  0  0  0  0  0  0  0  0  0  0  267  0  0  0  0  0  0  0  0  1  101043  0  16892  0  0  1  0  17  0  0  8496  0  0  0  0  0  0  0  0  0  0  0  24442  0  66229  0  0  0  0  0  0  1  0  0  0  0  5  0  4046  0  0  3  0  0  0  62626  0  0  0  0  0  5  0  1  0  0  0  0  0  0  0  0  2  0  0  5  0  
0  0  0  0  0  0  0  0  0  0  0  0  0  0  0  0  0  0  0  0  0  0  0  0  0  0  0  0  0  0  0  0  0  0  0  0  0  0  0  0  0  0  0  0  0  0  0  0  0  0  0  2  0  0  0  0  0  0  0  0  0  0  0  0  0  1  0  1  0  0  0  0  0  0  0  0  0  42545  25  26  15  1  1  0  0  0  3  18873  14  108  8  2075  0  0  0  0  0  2  9  14  0  4  6363  0  0  0  193  13  13  0  0  0  1060  16843  4  0  0  0  142  0  12  2645  69374  0  0  15165  14  21  2  11  0  0  0  0  0  1  0  0  0  123  2  41615  0  0  0  0  3  2  0  0  0  0  0  0  0  53  0  0  2793  0  
0  0  0  0  0  0  0  0  0  0  0  0  0  0  0  0  0  0  0  0  0  0  0  0  0  0  0  0  0  0  0  0  0  0  0  0  0  0  0  0  0  0  0  0  0  0  0  0  0  0  0  0  0  0  0  0  0  0  0  0  0  0  0  0  0  0  0  0  0  0  0  0  0  0  315  0  0  0  3  9  0  0  0  0  0  154  0  20275  5  0  0  1061  0  0  0  0  0  32802  0  0  0  0  3  0  0  0  0  0  0  0  0  0  35453  393  0  0  0  0  4  0  22845  0  1255  0  0  0  22  3  0  0  0  0  0  0  0  19125  136  19046  0  2  0  4  0  0  0  0  0  0  0  0  0  0  0  0  0  525  0  0  474  0  
0  0  0  0  0  0  0  0  0  0  0  0  0  0  0  0  0  0  0  0  0  0  0  0  0  0  0  0  0  0  0  0  0  0  0  0  0  0  0  0  0  0  0  0  0  0  0  0  0  0  0  0  0  0  0  0  0  0  0  0  0  0  0  0  0  0  0  0  0  0  0  0  0  0  136  0  0  0  49  8  0  0  0  0  0  25377  19382  0  1164  2  0  80  0  0  0  0  0  623  0  0  0  0  0  0  0  0  0  0  0  0  0  0  30830  15741  0  0  0  0  1  0  1512  0  558  0  0  63511  48  1  0  0  0  0  0  0  0  38027  0  41  0  2  0  17  0  0  0  0  0  0  0  0  0  0  0  0  0  134  0  0  45  0  
0  0  0  0  0  0  0  0  0  0  0  0  0  0  0  0  0  0  0  0  0  0  0  0  0  0  0  0  0  0  0  0  0  0  0  0  0  0  0  0  0  0  0  0  0  0  0  0  0  0  0  0  0  0  0  0  0  0  0  0  0  0  0  0  0  0  0  0  0  0  0  0  0  0  8904  0  0  0  33013  382  0  0  0  0  0  2  77  2697  0  27892  0  1  0  0  0  0  0  7092  0  0  0  0  245  0  0  0  0  0  0  0  0  0  159  0  1  0  0  0  6  0  30  0  20  0  0  147691  163295  76525  0  0  0  0  0  0  0  34182  0  3  0  41  0  17322  25826  0  0  0  0  0  0  0  0  0  0  0  0  3454  0  0  75  0  
1  0  322  0  11  158  35  67  1  0  0  0  0  0  0  2972  0  0  0  0  0  0  0  1  0  0  0  0  0  0  65  0  0  0  0  0  0  0  0  0  0  0  0  0  1  1  0  0  0  0  0  3  0  9  0  0  0  0  0  0  0  0  0  0  0  9  0  1  0  68  0  0  0  0  16909  0  27228  1  74003  155663  92673  64074  52  0  0  7  1  2  26904  0  0  0  0  0  0  0  0  2787  1  1  0  0  14954  0  9864  0  0  0  0  0  0  0  12  0  4  0  0  0  1337  459  13  0  44  0  0  536  3865  172454  0  92  0  0  0  0  0  7  56  4940  2  1237  106  848  27250  28341  60  0  2  0  0  1  0  0  0  0  2  8226  0  0  670  1  
0  0  0  0  0  0  0  0  0  0  0  0  0  0  0  0  0  0  0  0  0  0  0  0  0  0  0  0  0  0  0  0  0  0  0  0  0  0  0  0  0  0  0  0  0  0  0  0  0  0  0  0  0  0  0  0  0  0  0  0  0  0  0  0  0  0  0  0  0  0  0  0  0  0  0  0  3  178  0  7  6  66  1  1  0  50  0  53  0  31  0  76173  0  0  0  0  14523  252  16  1000  0  0  399  0  0  0  294  3  19213  15  0  21  0  22  22683  0  1964  0  522  1  17  58787  21421  0  0  29  1  819  3  5  0  0  77  8  13  0  3  0  0  136  1098  19  4  0  1  10  421  30  0  0  0  0  0  0  8996  39  840  27  20631  21  
1  0  0  0  0  0  0  0  0  0  0  0  0  0  0  0  0  0  0  0  0  0  0  0  0  0  0  0  0  0  0  0  0  0  0  0  0  0  0  0  0  0  0  0  0  0  0  0  0  0  0  0  0  0  0  0  0  0  0  0  0  0  0  0  0  0  0  0  0  0  0  0  0  0  0  0  0  21  4  0  0  1  0  0  0  2232  407  1298  0  1  56358  0  0  0  0  0  30853  9811  8  9  0  0  13  0  152  179  3  5  9561  2  0  0  1079  871  341  0  6  0  9  0  31049  3280  37712  0  0  8  2  9  0  0  0  1  9  0  0  0  316  3  0  0  19  3  0  0  0  0  131  3  0  0  0  1  0  0  9093  105  216  42  53932  25  
0  0  0  0  0  0  0  0  0  0  0  0  0  0  0  0  0  0  0  0  0  0  0  0  0  0  0  0  0  0  0  0  0  0  0  0  0  0  0  0  0  0  0  0  0  0  0  0  0  0  0  0  0  0  0  0  0  0  0  0  0  0  0  0  0  0  0  0  0  0  0  0  0  0  0  49203  0  0  0  0  0  0  21  0  10  0  0  0  0  0  3  1  0  22746  20  672  0  0  26432  0  0  0  1  0  0  0  0  0  0  0  3  1365  0  0  6  25871  0  977  20  0  0  0  14  0  9666  1  0  0  0  5219  174237  86761  57928  2  1155  0  0  0  53  0  5  1  0  0  74  78  39317  0  0  0  0  0  0  0  0  576  0  0  97  8  
0  0  0  0  0  0  0  0  0  0  207  0  0  0  0  0  0  0  0  0  0  0  0  0  0  0  64  0  0  65  0  0  0  0  0  0  0  0  0  0  0  0  0  0  0  0  0  0  0  0  0  0  0  0  0  0  0  0  0  0  0  0  0  0  1  0  0  0  0  0  0  0  0  0  0  0  0  0  0  0  0  0  0  0  91837  0  0  0  0  0  0  0  14737  0  0  1955  0  0  5671  0  17183  0  0  10904  0  0  0  0  0  0  0  0  0  0  0  42760  0  12791  0  0  0  0  0  0  50  0  0  0  0  19955  99  81386  0  0  112  0  0  0  57000  0  0  0  0  0  0  0  1  0  0  0  0  0  0  0  0  3  0  0  2  0  
0  0  0  0  0  0  0  0  0  0  0  0  0  0  0  0  0  0  0  0  4  5  0  0  0  0  0  0  0  0  0  0  0  0  0  0  0  0  0  0  0  0  0  0  0  0  0  0  0  0  1  0  0  0  0  0  0  0  0  0  4  0  0  0  0  0  0  0  0  0  0  0  0  0  0  55834  0  0  0  0  0  0  0  0  0  0  0  0  0  0  0  0  139  0  0  375  6356  0  0  0  0  0  0  0  0  0  0  0  0  0  8558  414  0  0  1  384  270  1  0  0  0  2  0  46442  11053  0  0  0  0  0  443  1036  12199  62964  87120  0  0  0  0  0  0  0  0  0  0  567  44  0  0  0  0  2  0  0  2  0  27  4  0  2  
0  0  0  0  0  0  0  0  1  3  34  0  0  0  0  0  0  0  0  0  7  145  0  0  0  0  0  0  0  2  0  0  0  0  0  0  0  0  0  0  0  0  0  6  0  0  0  0  0  0  0  0  0  0  0  0  0  0  0  0  0  0  0  0  0  4  0  0  0  0  0  0  0  0  0  37  0  0  0  0  0  0  1  1180  10463  0  0  0  0  0  9  3  794  1108  543  0  15733  0  10  1  0  0  0  29  3  0  0  0  1  0  0  0  0  0  61  95295  0  98116  0  0  0  10  9  0  67013  0  0  0  1  3  2584  3870  62  0  93713  0  1  0  64  2  0  0  0  0  1  0  446  0  0  0  1  6  0  0  8  3  94  30  27  4  
0  0  0  0  0  0  0  0  0  0  0  0  0  0  0  0  0  0  0  0  2  0  0  0  0  0  0  0  0  0  0  10  0  0  0  0  0  0  0  0  0  0  0  0  0  0  0  1  0  0  0  0  0  0  0  0  0  0  0  0  1  0  0  0  0  3  0  0  0  0  0  0  0  0  0  2  0  0  0  0  0  0  1  11051  1  8  1  5  0  0  14034  48223  0  0  6807  12001  0  19756  3  0  0  0  0  1  12129  2556  3  1  20412  5  2  315  0  2  242  1  52586  5692  0  0  790  1016  13  4725  0  0  0  0  1  0  4  0  16  32  90490  0  10744  5  0  1  1  0  0  0  0  109  2855  3  1  0  10  118  2  3  61272  192  50607  6032  38295  17110  
0  0  0  0  3  2  0  0  0  0  0  0  0  0  0  0  0  0  0  0  0  0  0  0  0  0  0  0  0  0  112  3  0  0  0  0  0  0  0  0  0  0  0  0  0  0  0  0  0  0  0  0  0  0  0  0  0  0  0  0  0  0  0  0  0  0  0  0  0  69  0  0  0  0  76011  0  0  0  8  7620  0  0  0  0  0  158  54464  2845  7753  1056  61  11776  0  0  0  0  15424  0  0  0  0  0  0  0  13821  3435  0  16  60  0  0  0  7304  69  2  0  193  0  0  0  72950  1  1  0  0  600  77  0  0  0  0  0  0  0  2  39978  89764  182095  0  0  0  0  0  10407  0  0  0  0  0  0  0  2  0  5  3185  6977  159  194  10274  126  
0  0  0  0  0  0  0  0  0  0  0  0  0  0  0  0  0  0  0  0  0  0  0  0  0  0  0  0  0  0  0  0  0  0  0  0  0  0  0  0  0  0  0  0  0  0  0  0  0  0  0  0  0  0  0  0  0  0  0  0  0  0  0  0  0  0  0  0  0  0  0  0  0  0  0  0  0  0  0  1  0  2  216  1  0  0  0  0  0  1  36  19  32099  11542  0  0  5  0  0  21651  5551  2  19  1  0  0  435  6610  0  8531  0  43  0  0  4713  0  0  17  133  0  0  524  74  0  0  1  0  0  43739  114788  14  3173  107  0  1  0  0  0  96  25  384  4  0  0  583  0  159299  29  0  0  0  0  0  0  284  929  217  12  1414  20  
0  0  0  0  0  0  0  0  0  0  0  0  0  0  0  0  0  0  0  0  0  0  0  0  0  0  0  0  0  0  0  0  0  0  0  0  0  0  0  0  0  0  0  0  0  0  0  0  0  0  0  0  0  0  0  0  0  0  0  0  0  0  0  0  0  0  0  0  0  0  0  0  0  0  0  0  0  66455  1  1  5  0  2  0  0  23  0  1  2  37  660  60  0  0  0  0  14  0  24092  0  35  7984  68  0  0  0  1264  4888  1  76600  0  0  0  0  76856  0  0  5  4835  0  0  298  11724  0  0  52  0  944  33766  662  0  0  0  0  5  0  0  0  3  48  70711  662  8  0  7  0  3108  788  0  0  0  0  0  0  97  25  23  8  2045  6  
0  0  0  0  0  1  4  0  0  0  24  0  0  0  0  0  0  0  0  0  0  0  0  0  0  0  276  0  0  203  0  0  0  0  0  0  0  0  0  0  0  0  0  0  0  0  0  0  0  0  0  0  0  0  0  0  0  0  0  0  0  0  0  0  0  2  0  0  0  0  0  0  0  0  0  0  22099  0  0  9  9  15  1483  1  19  0  0  0  0  4  0  0  0  25122  0  0  0  0  4870  8  0  467  17  108304  0  0  0  0  0  0  0  0  0  0  0  0  0  1  110  12775  0  0  1  0  0  0  0  3  18  198934  0  253  0  0  0  0  0  0  1733  526  63643  0  0  0  3433  0  37  0  0  0  0  0  0  0  0  19  0  0  0  0  
0  0  0  0  0  0  0  0  0  0  0  0  0  0  0  0  0  0  0  0  0  0  0  0  0  0  0  0  0  0  0  0  0  0  0  0  0  0  0  0  0  0  0  0  0  0  0  0  0  0  0  0  0  0  0  0  0  0  0  0  0  0  0  0  0  0  0  0  0  0  0  0  0  0  0  0  9299  16214  0  0  0  1  174  0  0  1  0  0  0  0  0  0  0  0  0  0  0  0  3  12338  206  0  3553  0  0  0  0  0  0  0  0  0  0  0  0  0  0  0  115576  1456  0  0  5  0  0  0  0  0  0  772  0  0  0  0  0  0  0  0  1  56  93923  4  0  0  94  0  2  1  0  0  0  0  0  0  0  6  0  0  2  2  
0  0  0  0  0  0  0  0  0  0  0  0  0  0  0  0  0  0  0  0  0  0  0  0  0  0  0  0  0  0  0  0  0  0  0  0  0  0  0  0  0  0  0  0  0  0  0  0  0  0  0  0  0  0  0  0  0  0  0  0  0  0  0  0  0  0  0  0  0  0  0  0  0  0  0  0  25428  23493  0  1  19  5731  35  0  0  8663  0  0  78  15432  0  0  0  0  0  0  0  0  0  10  1  2887  0  0  0  0  0  0  0  0  0  0  1  0  2  0  0  0  156462  3933  2  0  8223  0  0  88  0  648  1  25  0  0  0  0  0  0  0  0  1  51  22  70211  85798  0  38  0  2  0  0  1  0  0  0  0  0  199  0  0  413  4  
0  0  2674  0  0  0  1  0  110  23  208  0  0  0  0  0  0  0  0  0  0  14  0  0  0  0  639  0  0  14122  0  0  0  0  0  0  0  0  0  0  0  0  0  2  3  95  0  0  0  0  0  0  0  0  0  0  0  0  0  0  0  0  0  0  17  85  0  0  0  0  4250  0  0  0  0  0  40435  0  0  0  0  0  8111  7325  11557  0  0  0  0  0  0  0  0  13637  0  112  0  0  6  0  127864  0  2  0  0  0  0  0  0  0  0  0  0  0  1  0  0  778  14  63221  0  0  0  0  0  0  0  0  0  41463  0  5  0  0  0  0  0  0  59104  32  7  0  0  0  90725  0  54  0  0  0  0  0  0  0  0  14  0  0  3  0  
0  0  0  0  2  163  0  0  0  0  0  0  0  0  0  3  0  0  0  0  0  0  0  44  0  0  0  0  0  0  6812  33  0  0  0  0  0  0  0  0  0  0  0  0  0  0  0  0  0  0  0  0  0  0  0  0  0  0  0  0  0  0  2  0  0  8  0  0  0  402  0  0  0  0  9899  0  0  0  0  2460  0  0  0  0  0  0  1  1  0  9775  6  209  0  0  1  0  11674  31525  0  0  0  0  0  0  0  43584  0  0  2  0  0  0  4  0  13  0  0  0  0  0  53  5  1  0  0  0  0  0  0  0  0  0  0  0  2  1  91838  39  0  0  0  0  0  53864  0  0  0  1  0  2  1  215  0  142  172  249  346  685  13068  20507  
0  0  0  0  0  1298  0  0  0  0  0  0  0  0  0  23  0  0  0  0  0  0  0  0  0  0  0  0  0  0  686  1342  0  0  0  0  0  0  0  0  0  0  0  0  0  0  0  0  0  0  0  0  0  0  0  0  0  0  0  0  0  0  0  0  0  6286  0  0  0  2051  0  0  0  0  0  0  0  0  0  21406  0  0  0  1  0  0  0  0  0  0  7  137  0  0  0  0  1044  1382  0  0  0  0  0  0  44076  0  0  0  1  0  0  0  1  0  3  0  0  0  0  0  65  3  0  0  0  0  0  0  0  0  0  0  0  0  1  0  33120  35  0  9201  0  0  0  25348  0  0  1  1  0  51  0  1031  0  433  35  27680  42  481  2302  4583  
0  0  0  0  0  0  0  0  0  0  0  0  0  0  0  0  0  0  0  0  0  0  0  0  0  0  0  0  0  0  0  0  0  0  0  0  0  0  0  0  0  0  0  0  0  0  0  0  0  0  0  0  0  0  0  0  0  0  0  0  0  0  0  0  0  0  0  0  0  0  0  0  0  0  0  0  0  2595  0  0  0  0  0  1  0  111  0  0  0  0  305  18  0  0  0  0  1  0  90  2175  0  0  0  0  0  0  0  21662  5066  2932  0  0  0  0  12724  0  0  0  0  0  0  24704  276  0  0  0  0  0  1  1  0  0  0  0  2  0  0  0  0  0  0  0  0  0  0  0  4416  32405  0  0  0  2  0  1  201  2  341  71  814  1  
0  0  0  0  0  0  0  0  0  0  0  0  0  0  0  0  0  0  0  0  0  0  0  0  0  0  0  0  0  0  0  0  0  0  0  0  0  0  0  0  0  0  0  0  0  0  0  0  0  0  0  0  0  0  0  0  0  0  0  0  0  0  0  0  0  0  0  0  0  0  0  0  0  0  0  0  0  651  0  0  0  0  0  0  0  21  0  0  0  0  14  10  0  0  0  0  1  21  9803  4330  0  0  0  0  0  0  22289  0  89364  46194  0  11019  0  0  144  0  11173  0  0  0  1  16482  2  0  0  0  0  0  1  0  0  0  1  0  0  0  0  0  0  0  0  0  0  0  0  0  94237  35885  0  0  0  0  0  0  76  0  11  4  234  0  
0  0  0  0  0  0  0  0  0  0  0  0  0  0  0  0  0  0  0  0  0  0  0  0  0  0  0  0  0  0  0  0  0  0  0  0  0  0  0  0  0  0  0  0  0  0  0  0  0  0  0  0  0  0  0  0  0  0  0  0  0  0  0  0  0  0  0  0  0  0  0  0  0  0  0  0  0  0  0  0  0  0  0  0  0  39  0  21  0  0  27157  13089  0  0  2  0  25091  218  1  0  0  0  0  0  0  0  5437  83989  0  3  53  995  0  12  1  0  30251  0  0  0  5  43287  2  9  0  0  0  0  0  0  0  0  40  816  105  0  1  0  0  0  0  0  0  0  0  520  36213  711  0  0  0  0  0  0  23752  0  22  1  0  1  
0  0  0  0  0  0  0  0  0  0  0  0  0  0  0  0  0  0  0  0  0  0  0  0  0  0  0  0  0  0  0  0  0  0  0  0  0  0  0  0  0  0  0  0  0  0  0  0  0  0  0  0  0  0  0  0  0  0  0  0  0  0  0  0  0  0  0  0  0  0  0  0  0  0  0  0  0  83  0  0  0  0  0  0  0  0  0  0  0  0  26  23  0  0  0  0  5  0  12390  78934  0  0  0  0  0  0  4100  46286  0  0  0  0  0  0  39488  0  0  0  1  0  0  1405  47  0  0  0  0  0  274  0  1  0  1  0  0  0  0  0  0  0  4  0  0  0  0  0  2255  37577  0  0  0  1  0  0  185  2  418  20  1235  1  
0  0  0  0  0  0  0  0  0  0  0  0  0  0  0  0  0  0  0  0  0  0  0  0  0  0  0  0  0  0  0  0  0  0  0  0  0  0  0  0  0  0  0  0  0  0  0  0  0  0  0  0  0  0  0  0  0  0  0  0  0  0  0  0  0  0  0  0  0  0  0  0  0  0  0  5736  0  0  0  0  0  0  0  0  0  0  0  0  0  0  1  0  1  0  6429  0  26  0  0  0  0  0  0  0  0  0  0  0  120  0  0  67310  0  0  0  0  21707  0  0  0  0  27  0  69235  0  0  0  0  0  0  0  0  4517  85783  206  0  0  0  0  0  0  0  0  0  0  125097  99  0  0  0  0  0  0  0  59  0  15  0  0  0  
0  0  0  0  0  0  0  0  0  0  0  0  0  0  0  0  0  0  0  0  0  0  0  0  0  0  0  0  0  0  0  0  0  0  0  0  0  0  0  0  0  0  0  0  0  0  0  0  0  0  0  0  0  0  0  0  0  0  0  0  0  0  0  0  0  0  0  0  0  0  0  0  0  0  0  1844  0  0  0  0  0  0  0  0  0  0  0  0  0  0  19  2  1389  0  202  0  351  0  59  1  0  0  0  0  0  0  0  2868  2896  1  39271  0  0  0  5  0  28274  0  0  0  0  1047  1  2697  0  0  0  0  0  0  3  0  12204  3629  7159  0  0  0  0  0  0  0  0  0  0  132341  130824  0  0  0  0  0  0  0  527  0  567  0  5  0  
0  0  0  0  0  0  0  0  0  0  0  0  0  0  0  0  0  0  0  0  0  0  0  0  0  0  0  0  0  0  0  0  0  0  0  0  0  0  0  0  0  0  0  0  0  0  0  0  0  0  0  0  0  0  0  0  0  0  0  0  0  0  0  0  0  0  0  0  0  0  0  0  0  0  3839  0  0  0  201  181  0  0  0  0  0  2073  35650  49434  63  35  0  4102  0  0  0  0  0  2148  0  0  0  0  7  0  0  0  0  0  0  0  0  0  0  9260  0  0  0  0  33  0  16016  0  27643  0  0  336  352  68  0  0  0  0  0  0  0  5844  51  15311  0  29  0  58  0  2  0  0  0  0  0  0  0  0  0  0  0  5590  0  0  6095  0  
0  0  0  0  0  0  0  0  0  0  0  0  0  0  0  0  0  0  0  0  0  0  0  0  0  0  0  0  0  0  0  0  0  0  0  0  0  0  0  0  0  0  0  0  0  0  0  0  0  0  0  0  0  0  0  0  0  0  0  0  0  0  0  0  0  0  0  0  0  0  0  0  0  0  0  0  0  0  1  1  0  0  0  0  0  28295  87  14403  1  0  0  223  0  0  0  0  0  3  0  0  0  0  0  0  0  0  0  0  0  0  0  0  12375  0  0  0  0  0  1  0  34  0  11212  0  0  98  0  0  0  0  0  0  0  0  0  0  0  0  0  0  0  5  0  0  0  0  0  0  0  0  0  0  0  0  0  4  0  0  22  0  
0  0  0  0  0  0  0  0  0  0  0  0  0  0  0  0  0  0  0  0  0  0  0  0  0  0  0  0  0  0  0  0  0  0  0  0  0  0  0  0  0  0  0  0  0  0  0  0  0  0  0  0  0  0  0  0  0  0  0  0  0  0  0  0  0  0  0  0  0  0  0  0  0  0  0  2  2  14971  0  3  2  24  19  74  0  29  0  0  0  24  19929  642  4  0  0  9  190  0  13512  85275  0  1  171  1  5  1  12548  259  20  47288  0  6  0  0  0  3  0  116  899  2  0  21871  59448  0  3  37  0  741  2797  5096  39  57  47  0  125  0  0  0  75  85  2604  306  2  0  70  0  14183  11060  0  0  3  20  0  0  3315  220  3118  1749  88710  341  
0  0  0  0  0  0  0  0  0  0  2844  0  0  0  0  0  0  0  0  205  6  68  0  0  0  0  0  0  0  0  0  0  0  0  0  0  0  0  0  0  0  3  0  78  0  0  0  0  0  0  11  0  0  0  0  0  0  0  0  0  6  0  0  0  0  0  0  0  0  0  0  0  0  0  0  47063  0  0  0  0  0  0  1  0  33429  0  0  0  0  0  0  0  36502  53172  144  96259  0  0  77  0  2  0  2  0  0  0  0  0  0  0  0  0  0  0  3  0  0  63615  7  0  0  0  7  0  75458  0  0  0  0  50  38678  10226  11214  0  2473  0  0  0  63  0  1  0  0  0  10  0  646  0  0  0  0  0  0  0  24  490  0  2  590  44  
0  0  0  0  0  0  0  0  0  0  0  0  0  0  0  0  0  0  0  0  0  0  0  0  0  0  0  0  0  0  0  0  0  0  0  0  0  0  0  0  0  0  0  0  0  0  0  0  0  0  0  0  0  0  0  0  0  0  0  0  0  0  0  0  0  0  0  0  0  0  0  0  0  0  0  2  0  0  0  0  0  0  0  0  0  0  0  0  0  0  278  15  1  0  197  0  42521  344  2  0  0  0  0  0  0  0  1  11337  25251  2  15000  29508  0  0  7  0  0  0  0  0  0  5990  1  27156  0  0  0  0  0  0  1  0  535  1645  14671  0  0  0  0  0  0  0  0  0  0  11515  19292  0  0  0  0  0  0  0  36628  0  528  0  6  0  
0  0  0  0  0  0  1  0  2  1  7  0  0  0  0  0  0  0  0  0  0  1  1  0  0  0  0  0  0  0  0  0  0  0  0  0  0  0  0  0  0  0  0  0  0  0  0  0  0  0  0  0  0  0  0  0  0  0  0  0  1  0  0  0  0  6  0  0  0  0  0  0  0  0  0  11  0  0  0  0  0  1  3767  34375  87164  0  0  0  0  0  16  3  1183  32168  2  109501  4803  0  167  3  1  0  5  2384  0  0  0  0  0  0  0  0  0  0  180  35484  0  0  34  0  0  16  45  0  4475  0  0  0  2  151  5618  63372  259  0  3371  0  0  0  50997  28  11  0  0  0  126  0  5501  0  0  1  2  14  0  0  83  1203  46  18  4923  271  
0  0  1  0  0  1  8  0  0  0  0  0  0  0  0  2  0  0  0  0  0  0  0  0  0  0  0  0  0  0  0  0  0  0  0  0  0  0  0  0  0  0  0  0  0  0  0  0  0  0  0  1  0  1  0  0  0  0  0  0  0  0  0  0  0  12  0  0  0  0  0  0  0  0  0  0  45019  21126  6  49  175  1678  3482  30  0  322  0  0  5  499  197  4  2  0  0  0  6  0  200  4717  76  105019  153331  21  0  0  0  0  0  0  0  0  0  1  1602  0  0  1  0  35056  5  148  10878  0  0  216  2  7023  24  1119  0  1  0  0  0  0  0  0  57  1961  45770  12715  23231  0  1656  0  234  0  0  1  0  0  0  0  237  4151  0  7  10626  294  
0  0  296  0  0  1  3  379  93  0  0  0  0  0  0  121  0  0  0  0  0  0  0  0  0  0  0  0  0  10  0  0  0  0  0  0  0  0  0  0  0  0  0  0  0  108  0  0  0  0  0  0  0  0  0  0  0  0  0  0  0  0  0  0  0  2  0  0  0  0  2  0  0  0  0  0  60358  0  1  45  6367  41432  18900  21  0  1  0  0  1  555  0  0  1  0  0  0  0  0  13  0  18922  775  9349  47881  0  0  0  0  0  0  0  0  0  0  0  0  0  4  70211  0  0  0  1  0  0  5  0  251  0  5728  0  6  0  0  0  0  0  0  123  561  5541  3  22  0  33689  0  57  0  0  0  0  0  0  0  0  81  0  1  47  1  
0  0  0  0  0  0  0  0  0  0  0  0  0  0  0  0  0  0  0  0  0  0  0  0  0  0  0  0  0  0  0  0  0  0  0  0  0  0  0  0  0  0  0  0  0  0  0  0  0  0  0  0  0  0  0  0  0  0  0  0  0  0  0  0  0  0  0  0  0  0  0  0  0  0  7201  0  0  1  191  193  1  0  0  0  0  630  27785  1840  7  30  1  38730  0  0  0  0  1125  56638  0  0  0  0  9  0  144  212  0  0  0  0  0  0  18864  336  0  0  0  0  29  0  0  0  16505  0  0  700  160  53  0  0  0  0  0  0  0  568  2275  29727  0  50  1  56  0  1  0  0  0  0  0  0  0  0  0  0  1  26480  0  6  71447  14  
0  0  0  0  0  0  0  0  0  0  0  0  0  0  0  0  0  0  0  0  0  0  0  0  0  0  0  0  0  0  0  0  0  0  0  0  0  0  0  0  0  0  0  0  0  0  0  0  0  0  0  0  0  0  0  0  0  0  0  0  0  0  0  0  0  0  0  0  0  0  0  0  0  0  0  1  2  245  0  1  2  13  1  7  0  249  0  0  0  5  59801  6873  2  0  2  1  4444  3  377  266  0  0  45  0  15  4  21710  14601  42664  2246  3  710  0  0  30699  0  11718  5  121  0  0  0  498  2  0  4  0  133  17  1  7  1  1767  58  573  0  4  0  0  40  429  3  0  0  0  125  150736  1083  0  0  1  6  0  0  26132  73  4782  3214  62183  70  
0  0  0  0  0  1  1  0  0  0  0  0  0  0  0  0  0  0  0  0  0  0  0  0  0  0  0  0  0  0  0  0  0  0  0  0  0  0  0  0  0  0  0  0  0  0  0  0  0  0  0  0  0  1  0  0  0  0  0  0  0  0  0  0  0  3  1  0  0  0  0  0  0  0  115  0  3  33446  911  294  22  38  6  0  0  66046  136  551  112  204  21607  37605  0  0  0  0  425  12  937  2657  1  0  3581  0  0  0  49  0  198  1  0  0  20333  10302  45610  0  1  1  7177  1  16297  918  0  0  0  3105  218  1313  85  2644  0  0  1  0  0  98  0  28  0  419  1638  23851  49  0  10  0  725  11  0  3  0  0  0  0  423  9352  36  1  53322  92  
0  0  0  0  0  0  0  0  0  0  0  0  0  0  0  0  0  0  0  0  0  0  0  0  0  0  0  0  0  0  0  0  0  0  0  0  0  0  0  0  0  0  0  0  0  0  0  0  0  0  0  0  0  0  0  0  0  0  0  0  0  0  0  0  0  0  0  0  0  0  0  0  0  0  0  190  0  0  0  0  0  0  0  0  0  0  0  0  0  0  2  0  0  0  32748  0  526  0  0  0  0  0  0  0  0  0  0  0  86  0  54633  8596  0  0  0  0  51998  0  0  0  0  54  0  0  0  0  0  0  0  0  1  0  7152  38208  25669  0  0  0  0  0  0  0  0  0  0  22022  280  0  0  0  0  0  0  0  92  0  13  0  0  0  
0  0  0  0  0  0  0  0  0  0  0  0  0  0  0  0  0  0  0  0  2  27  0  0  0  0  0  0  0  1  0  0  0  0  0  0  0  0  0  0  0  0  0  2  0  0  0  0  0  0  2  0  0  0  0  0  0  0  0  0  2  0  0  0  0  0  0  0  0  0  0  0  0  0  0  34876  0  0  0  0  0  0  0  0  10  0  0  0  0  0  0  1  9044  168  14072  55442  0  0  22  1  0  0  0  0  0  0  0  0  0  0  0  0  0  0  19  61473  0  2377  0  0  0  3  2  0  0  0  0  0  0  5  11273  6864  19167  82  60831  0  0  0  10  0  0  0  0  0  0  0  312  0  0  0  0  0  0  0  0  12  0  1  27  1  
0  0  0  0  0  2  12  0  0  0  0  0  0  0  0  7  0  0  0  0  0  0  0  0  0  0  0  0  0  0  0  0  0  0  0  0  0  0  0  0  0  0  0  0  0  0  0  0  0  0  0  5  1  5  0  0  0  0  0  0  0  0  0  2  0  16  0  2  0  0  0  0  0  0  70  0  0  13  4463  903  153  7  21  0  0  15766  1  61354  127605  913  1  0  0  0  0  0  0  153  1  1  0  0  268  0  0  0  0  0  0  0  0  0  667  149  4  0  0  0  175  0  919  1  1047  0  0  0  71865  50088  1  4  0  0  0  0  0  15373  2  15  0  3295  45  52997  1980  0  8  0  1  0  0  8  0  0  0  0  0  3849  0  0  3165  1  
0  0  0  0  0  0  0  0  0  0  0  0  0  0  0  0  0  0  0  0  0  0  0  0  0  0  0  0  0  0  0  0  0  0  0  0  0  0  0  0  0  0  0  0  0  0  0  0  0  0  0  0  1  0  0  0  0  0  0  0  0  0  0  0  0  0  0  0  0  0  0  0  0  0  28331  0  0  0  68399  3798  1  0  0  0  0  8  1163  1478  179136  6959  0  2  0  0  0  0  0  246  0  0  0  0  2  0  0  0  0  0  0  0  0  0  3504  1  0  0  0  0  7  0  214  0  174  0  0  98727  0  35147  0  0  0  0  0  0  0  16870  1  106  0  116  0  196  0  0  0  0  0  0  0  0  0  0  0  0  0  6559  0  0  557  0  
0  0  0  0  0  0  2  0  0  0  0  0  0  0  0  1  0  0  0  0  0  0  0  0  0  0  0  0  0  0  0  0  0  0  0  0  0  0  0  0  0  0  0  0  0  0  0  0  1  0  0  1  2  0  0  0  0  0  0  0  0  0  0  0  0  1  0  1  0  0  0  0  0  0  1  0  20  1  331  1804  3367  1295  46  1  0  13  0  3  94354  158596  9  0  0  0  0  0  1  0  0  9  1  0  2143  0  0  0  0  0  0  0  0  0  12  0  66  0  0  0  4337  156  21  7  190  0  0  54942  30008  0  0  24  0  0  0  0  0  4  1  0  1  550  151  11482  32765  0  98  0  4  0  0  2  0  0  0  0  7  3638  0  0  1058  8  
0  0  0  0  0  0  0  0  0  0  0  0  0  0  0  0  0  0  0  0  0  0  0  0  0  0  0  0  0  0  0  0  0  0  0  0  0  0  0  0  0  0  0  0  0  0  0  0  0  0  0  0  0  0  0  0  0  0  0  0  0  0  0  0  0  0  0  0  0  0  0  0  0  0  0  0  0  0  0  0  0  0  5  0  0  1  0  0  0  1  27  32  1  0  0  1  4  0  43264  30552  3  0  1  0  0  0  3  3  1  58  0  0  0  0  2387  0  0  9  15  0  0  156  118  0  0  2  0  5  0  14570  2  8  6  0  1  0  0  0  4  0  11257  9  0  0  12  0  19586  5  0  0  0  0  0  0  325  49  53  15  1748  27  
2  0  1  0  0  16  31  0  0  0  0  0  0  0  2  1  0  0  0  0  0  0  0  0  0  0  0  0  0  0  0  0  0  0  0  0  0  0  0  0  0  0  0  0  0  0  0  0  1  0  0  2  3  4  0  0  0  0  0  0  0  0  0  0  0  42  0  0  0  1  0  0  0  0  0  1  346  0  1  354  316  266  12890  26  2  8  0  0  2  198  24  7  5991  21128  0  7  1  0  105363  85  210805  831  755  33148  0  0  0  0  0  0  0  0  0  0  1119  12  0  462  2972  2020  0  27  298  0  5  29  2  90  12418  0  51  29594  1  0  2  0  0  0  44214  6725  65006  20  71  0  30637  0  19275  0  0  9  0  0  1  0  89  2613  0  5  2738  144  
0  0  0  0  0  0  0  0  0  0  0  0  0  0  0  0  0  0  0  0  0  0  0  0  0  0  0  0  0  0  0  0  0  0  0  0  0  0  0  0  0  0  0  0  0  0  0  0  0  0  0  0  0  0  0  0  0  0  0  0  0  0  0  0  0  0  0  0  0  0  0  0  0  0  0  11044  0  0  0  0  0  0  0  0  2  0  0  0  0  0  4  1  179710  1018  54  1157  0  0  102  1  1  0  0  0  0  0  0  0  0  0  0  4  0  0  19  35497  0  2496  2  0  0  1  2  0  23761  0  0  0  0  37  0  43116  9950  9  3930  0  0  0  30  0  0  0  0  0  0  7  11014  0  0  0  0  0  0  0  1  118  0  0  123  9  
0  0  0  0  0  0  0  0  0  0  0  0  0  0  0  0  0  0  0  0  0  0  0  0  0  0  0  0  0  0  0  0  0  0  0  0  0  0  0  0  0  0  0  0  0  0  0  0  0  0  0  0  0  0  0  0  0  0  0  0  0  0  0  0  0  0  0  0  0  0  0  0  0  0  0  79  1  0  0  0  0  2  154  1  6285  0  0  0  0  1  12  2  106531  82249  74  8171  0  0  5196  0  182  0  17  0  0  0  0  0  0  0  0  0  0  0  28  22129  0  43688  169  0  0  7  79  0  9357  0  0  0  8  37744  40302  0  2484  5  4339  0  0  0  47445  12  45  0  0  0  552  1  7656  0  0  0  0  0  0  0  158  7063  0  11  7153  775  
0  0  0  0  0  0  0  0  0  0  0  0  0  0  0  0  0  0  0  0  0  0  0  0  0  0  0  0  0  0  0  0  0  0  0  0  0  0  0  0  0  0  0  0  0  0  0  0  0  0  0  0  0  0  0  0  0  0  0  0  0  0  0  0  0  0  0  0  0  0  0  0  0  0  0  43366  0  0  0  0  0  0  0  0  0  0  0  0  0  0  104  18  96338  5  4878  275  21  0  54  1  0  0  0  0  0  0  0  0  24  1  4252  20224  0  0  100  2543  24  263  1  0  0  262  24  29  25477  0  0  0  0  2  11320  17747  0  15254  43046  0  0  0  2  0  0  0  0  0  0  39373  22741  0  0  0  0  0  0  0  446  3  1318  0  39  0  
0  0  0  0  0  0  0  0  0  0  0  0  0  0  0  0  0  0  0  0  0  0  0  0  0  0  0  0  0  0  0  0  0  0  0  0  0  0  0  0  0  0  0  0  0  0  0  0  0  0  0  0  0  0  0  0  0  0  0  0  0  0  0  0  0  0  0  0  0  0  0  0  0  0  0  41936  0  0  0  0  0  0  0  0  0  0  0  0  0  0  2  0  31  0  52039  0  46  0  0  0  0  0  0  0  0  0  0  0  208  0  57814  11546  0  0  0  0  5550  0  0  0  0  48  0  42513  79  0  0  0  0  0  66  24  18091  0  7048  0  0  0  0  0  0  0  0  0  0  26933  230  0  0  0  0  0  0  0  101  0  25  0  0  0  
0  0  0  0  0  0  0  0  0  0  0  0  0  0  0  0  0  0  0  0  2  1  1  0  0  0  0  0  0  0  0  0  0  0  0  0  0  0  0  0  0  0  0  0  0  0  0  0  0  0  0  0  0  0  0  0  0  0  0  0  1  0  0  0  0  0  0  0  0  0  0  0  0  0  0  20866  0  0  0  0  0  0  0  2  81  0  0  0  0  0  176  35  3494  208  86383  86698  78150  0  41  2  1  0  0  0  1  0  0  3  36  4  24  14232  0  0  607  1898  23483  5879  0  0  0  555  151  20155  57511  0  0  0  11  15  11345  20867  53854  6429  0  0  0  0  20  0  0  0  0  0  0  8640  10932  1  0  0  0  2  0  0  1099  33  59725  6  225  4  
0  0  0  0  0  0  0  0  0  0  0  0  0  0  0  0  0  0  0  0  0  0  0  0  0  0  0  0  0  0  0  0  0  0  0  0  0  0  0  0  0  0  0  0  0  0  0  0  0  0  0  0  0  0  0  0  0  0  0  0  0  0  0  0  0  0  0  0  0  0  0  0  0  0  17629  0  0  0  481  433  0  0  0  0  0  1  36981  40397  31717  17  0  0  0  0  0  0  0  30997  0  0  0  0  0  0  0  0  0  0  0  0  0  0  14242  0  0  0  0  0  0  0  559  0  40  0  0  15718  15629  3  0  0  0  0  0  0  0  0  1  901  0  17  0  6  0  1  0  0  0  0  0  0  0  0  0  0  0  3125  0  0  384  0  
0  0  0  0  0  0  0  0  0  0  0  0  0  0  0  0  0  0  0  0  0  0  0  0  0  0  0  0  0  0  7  26  0  0  0  0  0  0  0  0  0  0  0  0  0  0  0  0  0  0  0  0  0  0  0  0  0  0  0  0  0  0  0  0  0  2  0  0  0  10  0  0  0  0  2470  0  0  0  2  16634  0  0  0  0  0  1  55  52  0  30  16  767  0  0  0  0  11521  101017  1  0  0  0  0  0  94857  47345  0  0  3  0  0  0  632  0  5  0  0  0  0  0  2199  1  3  0  0  0  1  0  0  0  0  0  0  0  0  24  0  26498  0  0  0  0  0  16187  0  0  1  0  0  2  0  129  0  67  179  40729  134  253  13086  2657  
0  0  0  0  0  0  0  0  0  0  0  0  0  0  0  0  0  0  0  0  0  0  0  0  0  0  0  0  0  0  0  0  0  0  0  0  0  0  0  0  0  0  0  0  0  0  0  0  0  0  0  0  0  0  0  0  0  0  0  0  0  0  0  0  0  0  0  0  0  0  0  0  0  0  9757  0  0  0  100  23163  0  0  0  0  0  0  20709  4801  47  913  1  2  0  0  0  0  30  178191  0  0  0  0  0  0  52  87  0  0  0  0  0  0  31449  0  0  0  0  0  0  0  15606  0  2  0  0  21  120  0  0  0  0  0  0  0  0  4897  18330  0  0  0  0  0  0  1810  0  0  0  0  0  0  0  0  0  0  187  26717  4  1  3566  7  
0  0  0  0  0  0  0  0  0  0  6  0  0  0  0  0  0  0  0  0  0  0  0  0  0  0  0  0  0  62  0  0  0  0  0  0  0  0  0  0  0  0  0  0  0  0  0  0  0  0  0  0  0  0  0  0  0  0  0  0  0  0  0  0  0  1  0  0  0  0  1  0  0  0  0  3  0  0  0  5  4  1  1549  4998  83469  0  0  0  0  4  5  0  510  83567  0  379  0  0  1599  0  1871  0  13  52741  0  0  0  0  0  0  0  0  0  0  19  259  0  50971  90  2  0  3  18  0  247  0  0  0  3  46988  2398  46446  39  0  101  0  0  0  0  78  20  0  0  0  9357  0  11664  0  0  0  0  0  0  0  11  833  0  2  994  88  
25  0  0  0  0  3613  4936  691  1307  12913  0  0  0  0  31  92  0  1  0  0  0  1  0  7  0  0  0  0  1  2  0  274  0  0  0  0  0  0  1  0  0  0  0  0  3  11  5  0  8  0  0  91  123  128  0  1  0  0  0  0  0  0  2  16  0  13962  9  22  3  1  25  0  0  0  187  0  2  11  1237  49103  35760  32402  62105  32358  1  66  1  10  102  1031  0  1  0  0  0  13  2  2  44  0  2  0  102  89  0  10583  0  0  0  0  0  0  47  0  72  0  0  24  301  22  33  2  204  0  0  1165  360  143  5  579  0  6  0  0  1  109  2  5  133  0  109  406  10  0  2687  0  147  0  0  341  0  16749  7  1  414  31037  6  21018  1429  49  
1  0  0  0  0  0  11  0  0  0  0  0  0  0  0  0  0  0  0  0  0  0  0  0  0  0  0  0  0  0  0  0  0  0  0  0  0  0  0  0  0  0  0  0  0  0  0  0  0  0  0  1  1  0  0  0  0  0  0  0  0  0  0  0  0  8  0  0  0  0  0  0  0  0  0  0  6697  270  2  24  21  73  4284  14  0  2  0  0  1  81  45  6  0  0  0  0  7  0  576  76063  46690  82182  227  6  0  0  0  0  0  7  0  0  0  0  1209  0  0  7  49103  4907  0  19  436  0  0  51  0  568  10100  55712  0  7  0  0  0  0  0  0  24  1805  0  317  13  0  2537  0  365  0  0  2  0  0  0  0  767  9261  2  28  13569  900  
0  0  0  0  0  4  8  0  2  0  0  0  0  0  0  7  0  0  0  0  0  0  0  0  0  0  0  0  0  0  0  0  0  0  0  0  0  0  0  0  0  0  0  0  0  0  0  0  2  0  0  10  1  6  0  0  0  0  0  0  0  0  0  2  0  15  3  4  0  0  0  0  0  0  2  0  1  12935  339  278  119  17  25  1  0  35418  0  26  13583  1189  1  6  0  0  0  0  3  0  218  426  0  5  113513  0  0  0  0  0  0  0  0  0  6  3  493  0  0  0  24375  2  16  2  24539  0  0  58018  280  21195  18  381  0  0  0  0  0  1  0  0  1  2098  183  0  17070  0  7  0  245  0  0  5  0  0  0  0  1  849  0  0  8291  3  
0  0  0  0  0  0  0  0  1  0  0  0  0  0  0  0  0  0  0  0  0  0  0  0  0  0  0  0  0  0  0  0  0  0  0  0  0  0  0  0  0  0  0  0  0  0  0  0  0  0  0  0  0  0  0  0  0  0  0  0  0  0  0  0  0  2  0  0  0  0  0  0  0  0  0  0  246  2  3  28  229  1078  19  0  0  0  0  0  22610  29143  1  0  0  0  0  0  0  0  6  11  0  0  99553  0  0  0  0  0  0  0  0  0  0  0  22  0  0  0  33888  10  0  2  128  0  0  844  0  50062  1  62  0  0  0  0  0  0  0  0  0  68  42  24069  0  0  10  0  7  0  0  0  0  0  0  0  3  146  0  0  133  1  
0  0  0  0  0  246  0  0  0  0  0  0  0  0  0  7  0  0  0  0  0  0  0  0  0  0  0  0  0  0  752  4  0  0  0  0  0  0  0  0  0  0  0  0  0  0  0  0  0  0  0  0  0  0  0  0  0  0  0  0  0  0  0  0  0  18  0  0  0  153  0  0  0  0  19684  0  0  0  4312  53567  0  0  0  0  0  0  1  2  0  28703  0  0  0  0  0  0  0  11081  0  0  0  0  0  0  48983  20046  0  0  0  0  0  0  3  0  0  0  0  0  0  0  0  0  0  0  0  0  0  0  0  0  0  0  0  0  0  0  28449  8378  0  0  0  0  0  0  0  0  0  0  0  0  0  1  0  0  0  3096  0  0  1  0  
1  0  222  0  0  1  17  21  2328  16  2  0  0  0  0  1  0  0  0  0  0  17  0  1  0  0  0  0  0  951  0  0  0  0  0  0  0  0  0  0  0  0  0  0  0  103  0  0  0  0  0  1  0  2  0  0  0  0  0  0  0  0  0  2  2  106  0  0  0  0  2817  0  0  0  0  0  57  0  6  112  424  416  36401  30  1  0  0  0  0  72  0  1  28  0  0  0  0  0  128  0  4339  14  346  86996  0  0  0  0  0  0  0  0  0  0  2  1  0  48  2782  46835  0  0  6  0  0  25  1  213  0  51788  9  174  0  0  0  2  0  0  24721  1886  1117  14  15  0  0  0  656  0  0  3  0  0  1  0  4  244  0  2  79  2  
0  0  0  0  0  0  0  0  0  0  0  0  0  0  0  0  0  0  0  0  0  0  0  0  0  0  0  0  0  0  0  0  0  0  0  0  0  0  0  0  0  0  0  0  0  0  0  0  0  0  0  0  0  0  0  0  0  0  0  0  0  0  0  0  0  0  0  0  0  0  0  0  0  0  0  13608  0  0  0  0  0  0  0  0  0  0  0  0  0  0  22  2  936  0  195  1  272  0  5  1  0  0  0  0  0  0  0  4  1066  1  104161  169993  0  0  1  1  22068  2  0  0  0  947  1  21118  26  0  0  0  0  0  202  114  38605  22977  8066  0  0  0  0  0  0  0  0  0  0  0  4898  0  0  0  0  0  0  0  720  0  341  0  2  0  
1  0  0  0  0  0  0  0  0  0  0  0  0  0  0  0  0  0  0  0  0  0  0  0  0  0  0  0  0  0  0  0  0  0  0  0  0  0  0  0  0  0  0  0  0  0  0  0  0  0  0  0  0  0  0  0  0  0  0  0  0  0  0  0  0  0  0  0  0  0  0  0  0  0  0  330  0  0  0  3  1  4  300  3  3  4  0  0  1  0  4676  1693  41384  18  251  712  3065  1  183959  4332  145  0  25  6  4  1  6738  112346  36362  11342  229  188564  0  0  21180  302  21847  8386  338  0  0  156273  4739  416  846  3  0  7  20998  21461  11101  12279  25512  3971  61566  0  0  0  1186  35  235  55  1  0  713  15225  0  2625  0  0  0  0  0  0  18865  11892  16137  886  37963  609  
0  0  0  0  0  0  0  0  0  0  0  0  0  0  0  0  0  0  0  0  0  0  0  0  0  0  0  0  0  0  0  0  0  0  0  0  0  0  0  0  0  0  0  0  0  0  0  0  0  0  0  0  0  0  0  0  0  0  0  0  0  0  0  0  0  0  0  0  0  0  0  0  0  0  0  0  0  445  0  0  0  0  0  1  0  0  0  0  0  0  66  9  0  0  0  0  4  0  101  1038  0  0  0  0  0  0  31247  36029  154  35219  0  0  0  0  12227  0  0  0  0  0  0  2483  95  0  0  0  0  0  2  0  0  0  0  0  1  0  0  0  1  0  0  0  0  0  0  0  1759  0  0  0  0  0  0  0  118  2  483  59  591  0  
0  0  0  0  0  0  0  0  0  0  0  1  0  0  0  0  20981  16491  2  0  8  1  43370  1508  1  206  0  0  0  0  6  526  27  43  36485  302  0  31  0  0  1966  0  73225  1  0  0  103  57130  11  550  0  1  0  1  29  15  0  0  18  17  788  0  7208  0  0  0  13  0  1  2  0  101  9108  1047  0  0  0  0  0  0  0  0  0  0  0  0  0  0  0  0  0  0  0  0  0  0  0  0  0  0  0  0  0  0  1  0  0  0  0  0  0  0  0  0  0  0  0  0  0  0  0  0  0  0  0  0  0  0  0  0  0  0  0  0  0  0  0  0  0  0  0  0  0  0  0  0  0  0  0  18  134481  8502  34720  3161  0  0  0  0  0  0  
4312  0  14  1  12  3067  243  184  145  22  0  0  0  21  450  220  2  221  0  0  0  0  4  4214  1  14  0  1  1393  4  2637  9630  0  0  0  1  0  0  158  1  341  0  0  3  18546  46  284  195  3678  0  0  10640  3758  13830  0  564  0  1  0  0  0  34  8878  7499  0  4629  8644  7831  3011  8458  30  0  7  0  0  0  0  0  0  9  4  1  0  0  0  0  0  0  0  1  0  0  0  0  0  0  0  0  0  0  0  0  0  0  1  26  0  0  0  0  0  0  0  0  0  0  0  0  1  0  0  0  0  0  0  0  0  0  0  0  0  0  0  0  0  0  0  0  0  45  0  0  0  0  0  0  0  0  307  0  28  22355  159694  53972  1  67  0  0  2  4  
0  0  0  0  0  0  0  1  2  2981  0  0  0  0  1  1  291  705  5  0  85  374  114541  0  1  365  0  0  2  2  10  989  4  27  35  824  0  177  0  0  9574  0  1590  1981  9  1  0  7366  32  1739  3  8  1  7  39  150  1  3  163  74  65204  0  65  0  3  5  752  1  3  2  3  1103  16198  624  0  0  0  0  0  0  0  0  0  9  0  0  0  0  0  0  0  1  0  0  0  0  20  0  0  0  0  0  0  0  5  1  0  0  0  0  0  0  0  0  7  0  0  0  0  0  0  6  0  0  0  0  0  0  0  0  0  0  0  0  0  0  1  0  0  0  0  0  0  0  0  0  0  0  72451  526  0  11269  8511  1407  1  0  0  7  10  11  
0  0  1  0  0  0  0  2  14  3988  0  0  0  0  0  1  53  6172  1  0  2  0  190  0  1  14  0  0  12  4  50  5343  41  1  0  3  0  0  0  0  4662  0  0  10  96  0  0  1577  23  0  0  13  0  16  6  254  0  2  0  0  5  0  559  0  6  2839  2968  8  4  109  2  0  261  108  0  0  0  0  0  0  0  0  1  285  0  0  0  0  0  0  3  1  0  0  0  1  113  0  0  0  0  0  0  0  17  38  0  0  0  0  0  0  0  0  50  0  0  1  0  0  0  45  1  0  0  0  0  0  0  0  0  0  0  0  2  0  6  0  0  5678  0  0  0  0  0  0  1  1  14200  44673  12098  0  28661  69117  73  333  218  7882  149  424  
916  0  0  122  3  301  2  0  7  0  0  27  137  44  94  3  48543  76279  0  0  0  1  387  2264  12  146  0  0  39  1  4306  8608  1075  3  61  50  0  0  335  0  7830  0  9  2  4452  1  16384  68108  42487  0  0  5187  313  7058  13  535  1  7  3  0  21  3  20583  7299  4  422  4744  1124  4941  43  19  0  968  772  0  0  0  0  1  1  0  0  0  0  0  0  0  0  0  0  0  0  0  0  0  0  0  0  0  0  0  0  0  0  0  0  0  0  0  0  0  0  0  0  0  0  0  0  0  0  0  1  0  0  0  0  0  0  0  1  0  0  0  0  0  0  0  0  0  2  0  0  0  0  0  0  0  0  8592  159683  1764  5563  0  208206  0  4  0  1  1  0  
20  0  0  0  2  54  2  0  1  0  0  0  0  0  0  0  4  1375  0  0  2  0  19  53  0  18  0  0  1  1  990  18916  1  0  0  0  0  0  0  0  360  0  0  1  92  0  789  133  16  0  0  2  5  32  1  139  0  3  0  0  2  0  34345  217  2  9  1385  2  17  1233  0  0  11  2  0  0  0  0  0  0  0  0  0  0  0  0  0  0  0  0  0  0  0  0  0  0  4  0  0  0  0  0  0  0  3  3  0  0  0  0  0  0  0  0  1  0  0  0  0  0  0  0  0  0  0  0  0  0  0  0  0  0  0  0  0  0  1  0  0  0  0  0  0  0  0  0  0  0  2395  142415  959  48220  332607  0  0  0  1  3  2  32  
0  0  0  0  0  0  0  0  0  0  0  0  0  0  0  0  0  0  0  0  0  0  0  0  0  0  0  0  0  0  0  26  0  0  0  0  0  0  0  0  0  0  0  0  0  0  0  0  0  0  0  0  0  0  0  0  0  0  0  0  0  0  0  0  0  14  0  0  0  1  0  0  0  0  0  0  0  0  0  0  0  0  0  3  0  0  0  0  0  0  12960  12638  7  0  8  0  98883  1921  430  34  0  0  0  1  554  29  68  121  13588  428  2  576  0  0  2955  0  51810  4  0  0  8  34366  182  9  1  0  0  0  54  5  8  3  864  77  1063  0  163  93  1  2  10  0  0  0  0  247  16996  61  1  0  0  24  0  4  0  1783  121221  7277  28983  909  
15  0  0  0  0  67  12  0  0  1  0  0  0  0  10  8  0  0  0  0  0  0  0  7  0  0  0  0  0  0  0  23  0  0  0  0  0  0  2  0  0  0  0  0  1  0  2  0  6  0  0  313  49  56  0  1  0  0  0  0  0  0  4  13  0  255  4  15  0  4  0  0  0  0  6792  0  7  6  2509  17309  34  137  68  2  0  85  18  196  448  2141  4  65  0  0  0  0  37  774  21  37  0  2  955  0  1027  13628  0  0  0  0  0  0  882  0  179  0  0  1  15564  1  7793  5  4508  0  0  1553  889  637  19  524  0  3  0  0  1  671  10604  4761  5  7391  7796  546  7  55  53  0  74  0  0  165  0  13  9  1  1990  0  98  9104  147766  52880  
0  0  0  0  0  0  0  0  0  0  0  0  0  0  0  0  0  0  0  0  0  0  0  0  0  0  0  0  0  0  0  12  0  0  0  0  0  0  0  0  0  0  0  0  0  0  0  0  0  0  0  0  0  0  0  0  0  0  0  0  0  0  0  0  0  11  0  0  0  0  0  0  0  0  0  5  0  0  0  0  0  0  1  552  0  0  0  1  0  0  1532  639  41  0  45  267  84336  53  528  47  0  0  0  0  480  57  84  128  104  766  1  3867  0  0  8616  0  2033  167  2  0  0  5310  1330  8  3  0  0  1  35  1  90  7  9429  63  86840  0  118  1  1  1  4  0  0  1  0  128  18843  321  1  0  4  32  0  1  82603  2118  0  12870  4834  371  
0  0  0  0  0  2  0  0  0  128  0  0  0  0  0  0  0  1  0  0  0  0  0  0  0  0  0  0  0  0  0  70  0  0  0  0  0  0  0  0  2  0  0  0  0  0  0  1  0  0  0  1  0  0  0  0  0  0  0  0  0  0  1  0  0  176  0  0  0  0  0  0  0  0  0  0  0  0  0  0  0  1  3  14109  0  0  0  0  0  0  485  272  2  0  3  1  3591  18  107  8  0  0  3  1  483  124  176  17  4  158  0  0  0  0  9253  1  0  37  20  0  1  2961  794  0  2  1  0  1  43  150  3  15  24  0  89  0  78  0  9  8698  362  1  0  0  34  0  2440  264  2  5  22  3935  8  13  19188  39654  11373  0  38758  32314  
3  0  0  0  0  0  6  0  0  0  0  0  0  0  0  2  0  0  0  0  0  1  1  0  0  0  0  0  0  0  0  4  0  0  0  0  0  0  0  0  0  0  0  0  0  0  0  0  1  0  0  2  0  3  0  0  0  0  0  0  0  0  1  0  0  7  0  3  0  0  0  0  0  0  1502  0  11  92  217  196  54  292  32  21  0  667  34  138  71  441  5758  43901  0  0  0  0  30216  5287  234  237  0  1  1948  1  7994  3193  319  65  25  310  0  0  1341  1  37329  1  0  21  12600  8  23952  32926  30560  0  2  762  110  2183  207  372  0  13  8  0  14  103  10053  5405  12  1011  10494  1714  41  6  73  0  2581  240  0  1  0  20  2  5  16400  119063  1171  3007  0  218589  
0  0  0  0  0  0  1  0  0  0  0  0  0  0  0  0  0  0  0  0  0  0  0  0  0  0  0  0  0  0  0  118  0  0  0  0  0  0  0  0  0  0  0  0  0  0  0  0  0  0  0  0  0  0  0  0  0  0  0  0  0  0  0  0  0  29  0  0  0  0  0  0  0  0  2  0  1  0  2  8  1  11  4  3  0  1  0  0  0  3  7  14  0  0  0  2  27039  143  12  4  0  0  81  1  22351  2907  1  0  0  1  0  0  0  0  503  0  0  7  288  0  24  79  54  0  0  10  2  3  5  52  2  8  0  0  10  0  2826  104  3  20  849  3  0  0  19  0  86  1  1  3  1  802  2  354  4015  191815  1282  21586  376882  0  
