0  0  0  0  50659  3118  0  0  0  0  0  42  9  854  15776  10  0  3  0  0  0  0  0  59680  0  0  0  0  0  0  23987  12  0  0  0  0  0  0  230  47  0  0  0  0  0  0  139  0  623  0  0  7577  16489  1  0  0  0  0  0  0  0  1288  351  4823  0  26  0  1  1  21894  0  0  0  0  6  0  0  0  0  1  0  0  0  0  0  0  0  0  0  0  0  0  0  0  0  0  0  8  0  0  0  0  0  0  32  0  0  0  0  0  0  0  0  0  0  0  0  0  0  0  0  0  0  0  0  0  0  0  0  0  0  0  0  0  0  0  1  0  0  2  0  0  0  14  0  0  0  0  0  18  0  4  2954  617  0  0  0  0  0  0  
0  0  0  0  0  0  0  0  0  0  0  0  0  0  0  0  0  0  35736  25  42696  16863  0  0  0  1  0  0  0  1  0  0  0  0  0  0  67  140  0  0  5  31773  0  1432  0  0  0  0  0  0  36560  0  0  0  0  1  20346  143  24225  32  101  0  0  0  0  0  0  0  0  0  0  12331  9  1  0  0  0  0  0  0  0  0  0  0  0  0  0  0  0  0  0  0  0  0  0  0  0  0  0  0  0  0  0  0  0  0  0  0  0  0  0  0  0  0  0  0  0  0  0  0  0  0  0  0  0  0  0  0  0  0  0  0  0  0  0  0  0  0  0  0  0  0  0  0  0  0  0  0  0  0  0  0  0  0  0  0  0  0  0  0  
0  0  0  0  0  0  0  11  1097  0  0  0  0  0  0  27374  0  0  0  0  0  0  0  0  0  0  11657  15102  18672  6812  0  0  0  0  0  0  0  0  0  0  0  0  0  0  60201  23292  0  0  0  0  0  0  0  0  0  0  0  0  0  0  0  0  0  0  0  0  14628  0  0  0  28  0  0  0  0  0  10  0  0  0  0  2  1  0  0  0  0  0  0  7  0  0  0  0  0  0  0  0  0  0  0  0  0  2  0  0  0  0  0  0  0  0  0  0  0  0  0  0  0  5  0  0  0  0  0  0  0  0  0  0  0  0  0  0  0  0  0  0  0  0  0  0  0  0  1  0  0  0  0  0  0  0  0  0  0  0  0  0  0  0  
0  0  0  0  0  0  0  0  1  0  0  53367  3  0  0  0  300  29  0  1  0  0  0  5  0  31083  1  25941  18389  2  0  0  264  32  4  2  0  0  0  5  29447  0  0  0  20277  0  0  28  47727  0  0  1  0  0  0  11  0  0  0  0  0  0  0  0  14  0  4753  9527  4  0  1  0  0  0  0  0  0  0  0  0  0  0  0  0  0  0  0  0  0  0  0  0  0  0  0  0  0  0  0  0  0  0  0  0  0  0  0  0  0  0  0  0  0  0  0  0  0  0  0  0  0  0  0  0  0  0  0  0  0  0  0  0  0  0  0  0  0  0  0  0  0  0  0  0  0  0  0  0  0  1  0  1  117  0  0  0  0  0  0  0  
51912  0  0  0  0  1640  0  0  0  0  0  5  0  0  14914  48878  0  0  0  0  0  0  0  2339  0  0  0  0  0  0  17466  0  0  0  0  0  0  0  0  1  0  0  0  0  0  0  3  0  15  0  0  48  18643  0  0  0  0  0  0  0  0  47  1  25  0  1  0  0  0  16405  0  0  0  0  0  0  0  0  0  3  0  0  0  0  0  0  0  0  0  3  0  0  0  0  0  0  0  0  0  0  0  0  0  0  0  0  0  0  0  0  0  0  0  0  0  0  0  0  0  0  0  0  0  0  0  0  0  0  0  0  0  0  0  0  0  0  0  0  0  0  0  0  0  1  0  0  0  0  0  0  0  0  74  18  0  0  0  0  0  0  
7879  0  0  0  3822  0  24017  0  0  0  0  10  0  2  13  74616  0  3  0  0  0  0  0  122  0  0  0  0  0  0  1131  22248  0  0  0  0  0  0  0  0  0  0  0  0  0  0  7  0  1547  0  0  193  32819  24765  0  0  0  0  0  0  0  0  930  700  0  53562  0  6  4  65711  0  0  0  0  0  0  0  0  0  5082  63  0  0  0  0  0  0  0  0  51  0  0  0  0  0  0  0  0  0  0  0  0  0  0  31  482  0  0  0  0  0  0  0  0  0  0  0  0  0  0  0  0  0  0  0  0  0  0  0  0  0  0  0  0  0  0  0  0  0  8139  0  0  0  86  0  0  0  0  0  663  0  45  2448  547  0  132  0  0  0  0  
1  0  0  0  0  24788  0  32863  0  0  0  0  0  0  0  64610  0  0  0  0  0  0  0  0  0  0  0  0  0  0  0  0  0  0  0  0  0  0  0  0  0  0  0  0  0  0  0  0  3  0  0  1  75  25842  0  0  0  0  0  0  0  0  0  0  0  30473  0  1  78  0  0  0  0  0  0  0  0  0  0  200  235  30  1  0  0  1  0  0  0  3  0  0  0  0  0  0  0  0  0  0  0  0  0  0  0  0  0  0  0  0  0  0  0  0  0  0  0  0  0  0  0  0  0  0  0  0  0  0  0  0  0  0  0  0  0  0  0  0  0  627  0  0  0  0  0  0  0  0  0  3235  0  2  46  1  0  3  0  0  0  0  
0  0  7  0  0  1  30972  0  26600  1  0  0  0  0  0  40881  0  0  0  0  0  0  0  0  0  1  3  0  814  0  0  0  0  0  0  0  0  0  0  0  1  0  0  0  34616  31709  0  1  0  0  0  0  0  21856  0  1  0  1  0  0  0  0  0  0  0  26154  53  1  9094  0  160  0  0  0  0  0  0  0  0  0  1  186  34  0  0  0  0  0  0  0  0  0  0  0  0  0  0  0  0  0  0  0  0  0  0  0  0  0  0  0  0  0  0  0  0  0  0  0  0  0  0  0  0  0  0  0  0  0  0  0  0  0  0  0  0  0  0  0  0  591  0  0  0  0  0  0  0  0  0  39829  0  0  25  0  0  0  0  1  0  0  
0  0  1597  0  0  1  0  17322  0  14045  0  0  0  0  0  3644  2  0  0  0  1  1  0  0  0  685  316  0  0  8494  0  0  0  0  0  1  0  0  0  0  2749  0  0  164  1037  18529  0  12  12  0  1  1  0  3  1  3209  4  42  1  0  13  0  0  0  448  39647  551  0  7  0  50252  0  12  0  0  0  1  0  0  0  0  128  3417  0  13  0  0  0  0  2  0  0  0  0  0  4  0  0  0  0  0  0  0  3443  0  0  0  0  0  0  0  0  0  0  0  0  0  0  0  3  0  0  0  0  0  0  0  0  0  0  0  0  0  0  0  0  0  0  22  1269  0  0  0  0  941  0  0  0  0  230  11  126  555  0  0  0  0  1  0  0  
0  0  0  0  0  0  0  0  12050  0  0  0  0  0  0  0  0  0  0  0  1  1570  3570  0  0  57  16  0  0  12695  0  0  0  0  0  0  0  0  0  0  395  0  0  32150  30  12  0  3  2  0  0  0  0  0  0  400  2  6  0  0  1  0  0  0  38  62309  221  0  2  0  77  0  2  0  0  0  0  0  0  0  0  0  647  299  2  0  0  0  0  0  0  0  0  0  0  410  3  0  0  0  0  0  0  654  0  0  0  0  0  0  0  0  0  0  11  0  0  19  0  0  0  0  0  0  0  0  0  0  1  0  0  0  0  0  0  0  0  0  1  2177  0  0  0  0  56  0  1  0  0  69  4345  14497  351  0  1  0  6939  4129  76  0  
0  0  0  0  0  0  0  0  0  0  0  0  0  0  0  0  0  0  3  104008  0  2297  0  0  0  0  339  0  0  2933  0  0  0  0  0  0  0  0  0  0  0  21496  0  102825  0  0  0  0  0  0  5  0  0  0  0  2  0  335  0  0  0  0  0  0  52360  0  0  0  0  0  0  0  0  0  0  0  0  0  0  0  0  0  0  0  1598  0  0  0  0  0  0  0  0  0  0  151  0  0  0  0  0  0  0  556  0  0  0  0  0  0  0  0  0  0  0  1072  0  892  0  0  0  0  0  0  0  0  0  0  0  0  0  0  0  0  0  0  0  0  0  0  0  0  0  0  0  0  0  0  0  0  0  0  0  0  0  0  0  0  0  0  
13  0  0  55276  2  4  0  0  0  0  0  0  124  25753  406  0  87  2535  0  0  0  0  0  268  0  58  0  0  2162  0  0  0  165  35  44  0  0  0  26  42424  225  0  0  0  451  0  19  155  47185  0  0  59370  9  36  0  0  0  0  0  0  0  0  0  20  0  0  1  77798  9  0  0  0  0  1  0  0  0  0  0  0  0  0  0  0  0  0  0  0  0  0  0  0  0  0  0  0  0  0  0  0  0  0  0  0  0  0  0  0  0  0  0  0  0  0  0  0  0  0  0  0  0  0  0  0  0  0  0  0  0  0  0  0  0  0  0  0  0  0  0  0  0  0  0  0  0  0  0  0  0  4  0  0  523  4  0  0  0  0  0  0  
43  0  0  6  1  2  0  0  0  0  0  32  0  15936  0  0  0  6  0  0  0  0  0  59047  0  0  0  0  0  0  0  1  0  1  0  0  0  0  28526  4  0  0  1  0  0  0  11801  0  1295  0  0  8  0  0  0  0  0  0  0  0  0  2988  23  6130  0  0  0  0  0  1  0  0  0  0  0  0  0  0  0  0  0  0  0  0  0  0  0  0  0  0  0  0  0  0  0  0  0  0  0  0  0  0  0  0  0  0  0  0  0  0  0  0  0  0  0  0  0  0  0  0  0  0  0  0  0  0  0  0  0  0  0  0  0  0  0  0  0  0  0  0  0  0  0  0  0  0  0  0  0  0  0  0  19  6  0  0  0  0  0  0  
66  0  0  6  3  0  0  0  0  0  0  29273  11100  0  5054  0  0  126  0  0  0  0  0  3517  0  0  0  0  0  0  0  0  0  1  0  0  0  0  35764  47305  0  0  0  0  0  0  65  0  11804  0  0  48272  0  0  0  0  0  0  0  0  0  23357  0  845  0  0  0  7  0  0  0  0  0  0  0  0  0  0  0  0  0  0  0  0  0  0  0  0  0  0  0  0  0  0  0  0  0  0  0  0  0  0  0  0  0  0  0  0  0  0  0  0  0  0  0  0  0  0  0  0  0  0  0  0  0  0  0  0  0  0  0  0  0  0  0  0  0  0  0  0  0  0  0  0  0  0  0  0  0  0  0  0  7  5  0  0  0  0  0  0  
15883  0  0  0  14478  0  0  0  0  0  0  757  0  5052  0  10  0  0  0  0  0  0  0  8439  0  0  0  0  15555  0  0  3  0  0  0  0  0  0  19  9  0  0  0  0  0  0  1  0  40  0  0  155105  69182  57726  0  0  0  0  0  0  0  27671  0  7  0  1  0  22967  9230  0  0  0  0  0  0  0  0  0  0  0  0  0  0  0  0  0  0  0  0  0  0  0  0  0  0  0  0  0  0  0  0  0  0  0  0  0  0  0  0  0  0  0  0  0  0  0  0  0  0  0  0  0  0  0  0  0  0  0  0  0  0  0  0  0  0  0  0  0  0  0  0  0  0  0  0  0  0  0  0  5  0  0  56  0  0  0  0  0  0  0  
38  0  29305  0  69175  84992  64304  43286  2081  0  0  0  0  0  18  0  0  0  0  0  0  0  0  0  0  0  0  0  19544  9  24  859  0  0  0  0  0  0  0  0  0  0  0  0  27023  3020  0  0  5  0  0  2  44531  86661  0  0  0  0  0  0  0  0  0  0  0  9187  1  0  12755  14668  0  0  0  0  0  0  1  0  0  145  85  2  0  0  0  0  0  0  0  63  0  0  0  0  0  0  0  0  0  0  0  0  0  0  0  5  0  0  0  0  0  0  0  0  0  0  0  0  0  0  0  0  0  0  0  0  0  0  0  0  0  0  0  0  0  0  0  0  0  1770  0  0  0  2  0  0  0  0  0  629  0  5  31  32  0  139  0  0  0  0  
0  0  0  204  0  0  0  1  14  5  0  164  0  0  0  0  0  45875  0  1  0  0  9618  55  0  80  20  1  11  12  0  0  1716  6  17393  0  0  0  0  0  4303  0  576  4  2334  29  1  41538  17488  0  0  0  0  4  0  642  0  5  2  0  0  0  7576  0  103  5  1449  1  23  0  8  0  13  79  0  0  0  0  0  0  0  0  0  0  0  0  0  0  0  0  0  0  0  0  0  0  0  0  0  0  0  0  0  0  0  0  0  0  0  0  0  0  0  0  0  0  0  0  0  0  0  0  0  0  0  0  0  0  0  0  0  0  0  0  0  0  0  0  0  0  0  0  0  0  0  0  0  0  6366  21  365  110  98424  2  0  0  0  0  0  0  
133  0  0  48  17  189  0  0  0  1  0  3086  19  145  5  0  38299  0  0  0  0  0  3161  4700  0  2  0  0  1  0  5  13  4  1  208  0  0  0  48  28  42  0  4  0  458  0  28835  5298  49262  0  0  4  263  36  0  10  0  0  0  0  0  0  12111  1  3  5  14  25  267  13  0  0  0  1  0  0  0  0  0  0  0  0  0  0  0  0  0  0  0  0  0  0  0  0  0  0  0  0  0  0  0  0  0  0  0  0  0  0  0  0  0  0  0  0  0  0  0  0  0  0  0  0  0  0  0  0  0  0  0  0  0  0  0  0  0  0  0  0  0  0  0  0  0  0  0  0  0  0  10435  51  15  23  114287  2  0  0  0  0  0  0  
0  30480  0  0  0  0  0  0  3  0  13  0  0  0  0  0  0  0  0  3046  24  7  0  0  33979  1  10  0  0  9  0  0  0  0  0  3  0  114  0  0  41  27540  0  807  0  0  0  0  0  0  530  0  0  0  1  265  130392  80093  29052  0  22  0  0  0  2  0  0  0  0  0  5  3  39684  7  0  0  0  0  0  0  0  0  0  0  0  0  0  0  0  0  0  0  0  0  0  0  0  0  0  0  0  0  0  0  0  0  0  0  0  0  0  0  0  0  0  0  0  0  0  0  0  0  0  0  0  0  0  0  0  0  0  0  0  0  0  0  0  0  0  0  0  0  0  0  0  0  0  0  1  0  1  0  1  0  0  0  0  0  0  0  
0  3  0  0  0  0  0  0  0  0  78210  0  0  0  0  0  0  0  861  0  0  113  0  0  35  2  14565  0  0  65  0  0  0  0  0  0  0  0  0  0  10  11322  0  26379  0  0  0  0  2  0  196  0  0  0  0  7540  29  49963  1  0  1  0  0  0  18596  0  0  0  0  0  0  0  5  0  0  0  0  0  0  0  0  0  0  0  483  0  0  0  0  0  0  0  0  0  0  0  0  0  0  0  1  0  0  5  0  0  0  0  0  0  0  0  0  0  0  21  0  14  0  0  0  0  0  0  0  0  0  0  0  0  0  0  0  0  0  0  0  0  0  0  0  0  0  0  0  0  0  0  0  0  0  0  6  0  0  0  0  0  0  0  
0  48462  0  0  0  0  0  0  76  37  0  0  0  0  0  0  0  0  18  0  0  2039  407  0  0  16  1  0  0  129  0  0  0  0  0  80  4962  91  0  0  672  4  7  68  1  0  0  3  1  40271  16083  0  0  0  14  36  1443  109  17541  52408  100284  0  0  0  15  0  0  0  0  0  73  9692  800  7  0  0  0  0  0  0  0  0  0  0  0  0  0  0  0  0  0  0  0  0  0  0  0  0  0  0  0  0  0  0  0  0  0  0  0  0  0  0  0  0  0  0  0  0  0  0  0  0  0  0  0  0  0  0  0  0  0  0  0  0  0  0  0  0  0  0  0  0  0  0  0  0  0  0  1  0  30  0  1  0  0  0  0  0  0  0  
0  25242  0  0  0  0  0  0  1  2645  3176  0  0  0  0  0  0  0  6  164  1056  0  5862  0  0  1  0  0  0  3177  0  0  0  1  0  0  0  0  0  0  152  51081  0  177999  0  0  0  9  0  0  51244  0  0  0  2  4  773  368  20  0  89177  0  0  0  1112  0  0  0  0  0  1  0  78  1  0  0  0  0  0  0  0  0  0  0  11  0  0  0  0  0  0  0  0  0  0  8382  1  0  0  0  0  0  0  0  0  0  0  0  0  0  0  0  0  0  0  88  0  883  0  0  0  0  0  0  0  0  0  0  0  0  0  0  0  0  0  0  0  0  0  0  0  0  0  0  0  0  0  0  0  0  3164  6  6  3  0  0  0  0  0  0  
0  0  0  0  0  0  0  0  0  2942  0  0  0  0  0  0  9491  6494  0  0  639  7328  0  247  0  0  0  0  0  1  0  8  0  1  17101  0  0  0  0  0  11  0  48915  8430  0  0  1  1028  0  14370  0  0  0  0  0  0  0  0  2  0  48052  0  5492  0  0  0  0  0  0  0  0  0  15  2  0  0  0  0  0  0  0  0  0  0  0  0  0  0  0  0  0  0  0  0  0  0  2  0  0  0  0  0  0  0  0  0  0  0  0  0  0  0  0  0  0  0  0  1  0  0  0  0  0  0  0  0  0  0  0  0  0  0  0  0  0  0  0  0  0  0  0  0  0  0  0  0  0  0  46781  0  78645  195  2546  425  0  0  5  4  0  0  
68263  0  0  1  2220  52  0  0  0  0  0  102  51237  9527  8331  0  97  5643  0  0  0  0  282  0  0  0  0  0  0  0  46822  26  0  60  53  0  0  0  33705  52  0  0  255  0  0  0  58068  4196  76  0  0  5296  5  0  0  0  0  0  0  0  0  40592  108859  145600  0  0  0  0  0  7366  0  0  0  0  2  0  0  0  0  1  0  0  0  0  0  0  0  0  0  0  0  0  0  0  0  0  0  992  0  0  0  0  0  0  453  0  0  0  0  0  0  0  0  0  0  0  0  0  0  0  0  0  0  0  0  0  0  0  0  0  0  0  0  0  0  0  254  0  0  0  0  0  0  2  0  0  0  0  667  0  0  1  6093  615  0  0  0  0  0  0  
0  0  0  0  0  0  0  0  0  0  0  0  0  0  0  0  0  0  32056  38  0  0  0  0  0  49260  19618  0  0  1  0  0  0  5  0  15792  0  0  0  0  0  0  0  0  0  0  0  0  0  0  0  0  0  0  41666  50938  32  13442  0  0  0  0  0  0  3  0  0  0  0  0  0  0  99427  0  0  0  0  0  0  0  0  0  0  0  0  0  0  0  0  0  0  0  0  0  0  0  0  0  0  0  0  0  0  0  0  0  0  0  0  0  0  0  0  0  0  0  0  0  0  0  0  0  0  0  0  0  0  0  0  0  0  0  0  0  0  0  0  0  0  0  0  0  0  0  0  0  0  0  0  0  0  0  0  0  0  0  0  0  0  0  
0  0  0  35876  0  0  0  0  1535  161  0  23  0  0  0  0  54  0  0  0  0  1  0  0  39221  0  121  5490  1  124  0  0  169  19845  0  60478  0  0  0  0  83773  0  0  21  216  2  0  86  487  0  0  0  0  0  35818  63712  2  41  0  0  12  0  0  0  313  104  70621  0  1  0  61  0  4218  20  0  0  0  0  0  0  0  0  0  0  0  0  0  0  0  0  0  0  0  0  0  0  0  0  0  0  0  0  0  0  0  0  0  0  0  0  0  0  0  0  0  0  0  0  0  0  0  0  0  0  0  0  0  0  0  0  0  0  0  0  0  0  0  0  0  0  0  0  0  0  0  0  0  0  0  2  0  41  466  0  0  0  0  0  0  0  
0  0  12626  0  0  1  0  2  1157  213  50  0  0  0  0  0  2  0  2  10276  0  0  0  0  17355  1595  0  1026  0  140291  0  0  0  0  0  0  0  0  0  0  166  0  0  10  517  4952  0  6  4  0  0  1  1  3  2  170240  0  128  0  0  0  0  0  0  31449  331  59610  1  6  0  66561  0  1125  0  0  0  0  0  0  0  0  0  0  0  1  0  0  0  0  0  0  0  0  0  0  0  0  0  0  0  0  0  0  1  0  0  0  0  0  0  0  0  0  0  0  0  0  0  0  0  0  0  0  0  0  0  0  0  0  0  0  0  0  0  0  0  0  0  0  0  0  0  0  0  0  0  0  0  0  28  0  115  260  0  0  0  0  0  0  0  
0  0  8530  29328  0  0  0  0  0  0  0  0  0  0  0  0  0  0  0  0  0  0  0  0  0  5902  117  0  414  6  0  0  0  0  0  0  0  0  0  0  1  0  0  0  130905  1158  0  0  17  0  0  0  0  0  0  18  0  0  0  0  0  0  0  0  0  0  91822  0  0  0  0  0  0  0  0  0  0  0  0  0  0  0  0  0  0  0  0  0  0  0  0  0  0  0  0  0  0  0  0  0  0  0  0  0  0  0  0  0  0  0  0  0  0  0  0  0  0  0  0  0  0  0  0  0  0  0  0  0  0  0  0  0  0  0  0  0  0  0  0  0  0  0  0  0  0  0  0  0  0  0  0  0  3  0  0  0  0  0  0  0  
0  0  14458  19119  0  0  0  600  2  3  0  1314  0  2  15795  19063  2  0  0  0  0  0  0  0  0  0  1  321  0  0  0  0  0  0  0  0  0  0  0  0  3  0  0  0  133429  89  0  1  49  0  0  521  0  230  0  8  0  0  0  0  0  0  0  0  4  18  14  99398  71537  0  30  0  0  0  0  0  0  0  0  0  0  0  0  0  0  0  0  0  0  0  0  0  0  0  0  0  0  0  0  0  0  0  0  0  0  0  0  0  0  0  0  0  0  0  0  0  0  0  0  0  0  0  0  0  0  0  0  0  0  0  0  0  0  0  0  0  0  0  0  0  0  0  0  0  0  0  0  0  0  897  0  1  16  0  0  0  0  0  0  0  
0  1  10375  0  0  0  0  2  8759  16020  4283  0  0  0  0  19  4  0  1  45  3  2761  2  0  0  91  160534  20  0  0  0  0  0  0  0  3  0  0  0  0  1831  0  0  14806  19  50278  0  5  35  0  2  0  1  0  0  3801  19  53  9  0  30  0  0  0  79009  231  400  0  2  0  111233  0  37  1  0  0  1  0  0  0  0  2  3  1  1024  0  0  0  0  0  0  0  0  0  0  9561  0  0  0  0  0  0  0  3609  0  0  0  0  0  0  0  0  0  0  0  0  0  8  0  1  0  0  0  0  0  0  0  0  0  0  0  0  0  0  0  0  0  0  55  0  0  0  0  0  4  0  0  0  1  52  4  23  80  0  0  0  0  0  0  0  
28653  0  0  0  21738  1021  0  0  0  0  0  0  0  0  1  213  3  8  0  0  0  0  1  46296  0  0  0  0  0  0  0  8362  0  0  0  0  0  0  0  1  0  0  0  0  0  0  1  0  13  0  0  3  7  0  0  0  0  0  0  0  0  0  57699  819  0  11  0  0  0  55738  0  0  0  0  9  0  0  0  0  215  0  0  0  0  0  0  0  0  0  82  0  0  0  0  0  0  0  924  0  0  0  0  0  0  6052  638  0  0  0  0  0  0  0  0  0  0  0  0  0  0  0  0  0  0  0  0  0  0  0  0  0  0  0  0  0  0  245  0  0  0  0  0  0  871  0  0  0  0  3  1  0  2  1099  245  0  0  0  0  0  0  
16  0  0  0  3  23734  0  0  0  0  0  0  0  1  1  937  0  1  0  0  0  0  4  13  0  0  0  0  0  0  8571  0  0  0  0  0  0  0  0  0  6  0  0  0  0  0  0  6  16  0  0  29  20  0  0  0  0  0  0  0  0  0  11123  64  0  21473  0  1  0  16103  0  0  0  1  0  0  0  0  0  344  0  0  0  0  0  0  0  0  0  1  0  1  0  0  0  0  0  0  0  0  0  0  0  0  561  2180  0  0  0  0  0  0  0  0  0  0  0  0  0  0  0  0  0  0  0  0  0  0  0  0  0  0  0  0  0  0  2  0  0  5537  0  0  0  164  0  0  0  0  42  319  142  6641  9351  19281  635  36  676  602  186  52  
0  0  0  512  0  0  0  0  0  0  0  140  0  0  0  0  684  1  0  0  0  0  0  0  0  297  0  0  0  0  0  0  0  23473  3867  492  0  0  0  0  16354  0  1  0  0  0  0  51305  154  0  0  0  0  0  0  0  1  0  10  0  0  0  0  0  0  0  0  0  0  0  0  0  3101  43722  0  0  0  0  0  0  0  0  0  0  0  0  0  0  0  0  0  0  0  0  0  0  0  0  0  0  0  0  0  0  0  0  0  0  0  0  0  0  0  0  0  0  0  0  0  0  0  0  0  0  0  0  0  0  0  0  0  0  0  0  0  0  0  0  0  0  0  0  0  0  0  0  0  0  11  0  30  27  235  0  0  0  0  0  0  0  
0  0  0  104  0  0  0  0  0  0  0  40  0  0  0  0  4  0  0  0  0  0  2  29  1  14069  0  0  0  0  0  0  29842  0  63111  71163  9  7246  0  0  649  0  27842  1  0  0  0  12667  14  908  0  0  0  0  538  0  3  3  62  1  30  0  0  0  0  0  0  0  0  0  0  435  118495  16094  0  0  0  0  0  0  0  0  0  0  0  0  0  0  0  0  0  0  0  0  0  0  0  0  0  0  0  0  0  0  0  0  0  0  0  0  0  0  0  0  0  0  0  0  0  0  0  0  0  0  0  0  0  0  0  0  0  0  0  0  0  0  0  0  0  0  0  0  0  0  0  0  0  0  49  0  1625  0  2  0  0  0  0  0  0  0  
0  0  0  4  0  0  0  0  0  0  0  44  0  0  0  0  17393  1435  0  0  0  0  16571  27  0  0  0  0  1  0  0  0  2598  52577  0  0  0  18  0  0  24  0  26449  0  0  0  0  45188  1  46  0  0  0  0  0  0  3  2  173  4  25  0  196  0  0  0  0  0  0  0  0  1  7049  79  0  0  0  0  0  0  0  0  0  0  0  0  0  0  0  0  0  0  0  0  0  0  0  0  0  0  0  0  0  0  0  0  0  0  0  0  0  0  0  0  0  0  0  0  0  0  0  0  0  0  0  0  0  0  0  0  0  0  0  0  0  0  0  0  0  0  0  0  0  0  0  0  0  0  17541  0  2380  6  4382  0  0  0  0  0  0  0  
0  0  0  4  0  0  0  0  31  4  0  0  0  0  0  0  0  0  0  0  16  4  0  0  9141  65533  1  0  0  41  0  0  403  61939  14  0  0  1  0  0  52280  0  0  15  0  0  0  182  0  0  2  0  0  0  5646  12358  7  203  7  0  142  0  0  0  61  0  0  0  0  0  41  0  16431  30110  0  0  0  0  0  0  0  0  0  0  0  0  0  0  0  0  0  0  0  0  0  0  0  0  0  0  0  0  0  0  0  0  0  0  0  0  0  0  0  0  0  0  0  0  0  0  0  0  0  0  0  0  0  0  0  0  0  0  0  0  0  0  0  0  0  0  0  0  0  0  0  0  0  0  2  0  20  0  0  0  0  0  0  0  0  0  
0  17  0  0  0  0  0  0  0  0  0  0  0  0  0  0  0  0  0  0  5457  0  0  0  0  0  0  0  0  0  0  0  0  1  0  0  0  27838  0  0  0  0  27133  0  0  0  0  1  0  78669  0  0  0  0  0  0  0  0  2726  64303  16  0  0  0  0  0  0  0  0  0  0  141705  2625  0  0  0  0  0  0  0  0  0  0  0  0  0  0  0  0  0  0  0  0  0  0  0  0  0  0  0  0  0  0  0  0  0  0  0  0  0  0  0  0  0  0  0  0  0  0  0  0  0  0  0  0  0  0  0  0  0  0  0  0  0  0  0  0  0  0  0  0  0  0  0  0  0  0  0  0  0  8  0  0  0  0  0  0  0  0  0  
0  136  0  0  0  0  0  0  0  0  0  0  0  0  0  0  0  0  28  0  133  0  1  0  0  0  0  0  0  0  0  0  0  7246  23  0  25562  0  0  0  0  0  20906  0  0  0  0  75  0  8170  0  0  0  0  0  0  0  0  30407  2709  2015  0  0  0  0  0  0  0  0  0  0  121816  161310  7  0  0  0  0  0  0  0  0  0  0  0  0  0  0  0  0  0  0  0  0  0  0  0  0  0  0  0  0  0  0  0  0  0  0  0  0  0  0  0  0  0  0  0  0  0  0  0  0  0  0  0  0  0  0  0  0  0  0  0  0  0  0  0  0  0  0  0  0  0  0  0  0  0  0  1  0  322  0  0  0  0  0  0  0  0  0  
618  0  0  0  7  77  0  0  0  0  0  295  25203  42365  5  0  0  13  0  0  0  0  0  31068  0  0  0  0  0  0  2  2  0  0  0  0  0  0  0  12040  0  0  0  0  0  0  1107  0  21706  0  0  781  2  0  0  0  0  0  0  0  0  786  29  19430  0  0  0  0  0  10  0  0  0  0  0  0  0  0  0  0  0  0  0  0  0  0  0  0  0  0  0  0  0  0  0  0  0  0  0  0  0  0  0  0  0  0  0  0  0  0  0  0  0  0  0  0  0  0  0  0  0  0  0  0  0  0  0  0  0  0  0  0  0  0  0  0  0  0  0  0  0  0  0  0  0  0  0  0  0  0  0  0  382  138  0  0  0  0  0  0  
9  0  0  0  1  3  0  0  0  0  0  49126  4  36487  2  0  0  27  0  0  0  0  0  6  0  0  0  0  0  0  0  0  0  0  0  0  0  0  12926  0  15  0  0  0  28  0  5  0  31888  0  0  691  0  0  0  0  0  0  0  0  0  1  1  163  1  0  0  4480  1  0  0  0  0  0  0  0  0  0  0  0  0  0  0  0  0  0  0  0  0  0  0  0  0  0  0  0  0  0  0  0  0  0  0  0  0  0  0  0  0  0  0  0  0  0  0  0  0  0  0  0  0  0  0  0  0  0  0  0  0  0  0  0  0  0  0  0  0  0  0  0  0  0  0  0  0  0  0  0  0  1  0  0  19  2  0  0  0  0  0  0  
0  15  0  20551  0  0  0  0  8327  1946  0  56  0  0  0  0  3884  6  5  5  130  111  1  0  0  79188  160  1  0  5117  0  2  14357  237  6  51918  0  0  0  19  0  2  5  3135  1480  49  0  33365  46424  1  75  51  0  6  150  11615  279  1981  156  0  3460  0  4  0  8865  331  2331  182  52  0  1288  0  5090  16399  0  0  0  0  0  0  0  0  0  0  0  0  0  0  0  0  0  0  0  0  0  0  0  0  0  0  0  0  0  0  0  0  0  0  0  0  0  0  0  0  0  0  0  0  0  0  0  0  0  0  0  0  0  0  0  0  0  0  0  0  0  0  0  0  0  0  0  0  0  0  0  0  0  0  209  22  5051  2110  19296  26  0  0  0  0  0  0  
0  31077  0  0  0  0  0  0  0  0  27643  0  0  0  0  0  0  0  15620  12665  4  46987  0  0  0  0  0  0  0  0  0  0  0  0  0  0  0  0  0  0  1  0  0  37493  0  0  0  0  0  0  1579  0  0  0  0  0  63988  4333  2  0  2  0  0  0  0  0  0  0  0  0  0  0  4  1  0  0  0  0  0  0  0  0  0  0  0  0  0  0  0  0  0  0  0  0  0  7  0  0  0  0  0  0  0  0  0  0  0  0  0  0  0  0  0  0  0  0  0  0  0  0  0  0  0  0  0  0  0  0  0  0  0  0  0  0  0  0  0  0  0  0  0  0  0  0  0  0  0  0  0  0  1  0  0  0  0  0  0  0  0  0  
0  0  0  0  0  0  0  0  0  0  0  0  0  0  0  0  205  25  0  0  5  0  51075  223  0  0  0  0  0  0  0  0  1  21489  26853  0  24584  18534  0  0  11  0  0  0  0  0  1  1922  0  37221  0  0  0  0  0  0  3  0  231  25  717  0  134  0  0  0  0  0  0  0  0  3138  3172  61  0  0  0  0  0  0  0  0  0  0  0  0  0  0  0  0  0  0  0  0  0  0  0  0  0  0  0  0  0  0  0  0  0  0  0  0  0  0  0  0  0  0  0  0  0  0  0  0  0  0  0  0  0  0  0  0  0  0  0  0  0  0  0  0  0  0  0  0  0  0  0  0  0  0  20200  0  21985  1  109  0  0  0  0  0  0  0  
0  158  0  0  0  1  0  0  1475  23674  118647  0  0  0  0  0  5  0  387  27250  149  160734  7796  0  0  53  4  0  1  18334  0  0  0  3  0  44  0  0  0  1  11745  39690  0  0  50  11  0  235  202  0  9173  3  0  0  16  751  9270  33631  795  0  3710  0  0  0  62154  2089  128  3  7  0  100  0  4152  74  0  0  0  0  0  0  0  0  0  0  1  0  0  0  0  0  0  0  0  0  0  503  3  0  0  0  0  0  0  0  0  0  0  0  0  0  0  0  0  0  0  208  0  68  0  0  0  0  0  0  0  0  0  0  0  0  0  0  0  0  0  0  0  0  0  0  0  0  0  0  0  0  0  0  8  87  3121  121  489  0  0  0  0  1  0  0  
1  0  50881  19749  1  0  0  15313  541  35  0  132  0  0  1  27254  91  10  0  0  0  0  0  0  0  284  31  153405  125487  32  0  0  0  0  0  0  0  0  0  59  1025  0  0  11  0  15351  0  67  12403  0  0  53  2  1679  0  477  0  51  0  0  0  0  0  0  287  729  39833  16450  16375  0  124  0  1  0  0  0  0  0  0  0  0  0  1  0  0  0  0  0  0  0  0  0  0  0  0  0  0  0  0  0  0  0  0  0  0  0  0  0  0  0  0  0  0  0  0  0  0  0  0  0  0  0  0  0  0  0  0  0  0  0  0  0  0  0  0  0  0  0  0  0  0  0  0  0  0  0  0  0  0  5538  0  307  10013  56  0  0  0  0  0  0  
0  0  27759  0  0  0  0  30736  28770  4  0  0  0  0  0  4190  3  0  0  0  0  0  0  0  0  1  8402  287  54  52373  0  0  0  0  0  0  0  0  0  0  2  0  0  1  19440  0  0  0  3  0  0  0  0  35  0  9  0  1  0  0  0  0  0  0  4  28  32344  0  26  0  34963  0  0  0  0  0  1  0  0  0  0  1  0  0  0  0  0  0  0  0  0  0  0  0  0  0  0  0  0  0  0  0  0  0  0  0  0  0  0  0  0  0  0  0  0  0  0  0  0  2  0  0  0  0  0  0  0  0  0  0  0  0  0  0  0  0  0  0  0  0  0  0  0  0  1  0  0  0  0  132  0  11  28  1  0  0  0  0  0  0  
2576  0  0  0  154  175  0  0  0  0  0  74  8279  287  27  0  0  27460  0  0  0  0  0  55786  0  0  0  0  0  0  1  2  0  0  0  0  0  0  1288  34  0  0  0  0  0  0  0  2599  12748  0  0  208  333  0  0  0  0  0  0  0  0  2  7657  18645  0  10  0  0  1  14  0  0  0  0  0  0  0  0  0  0  0  0  0  0  0  0  0  0  0  0  0  0  0  0  0  0  0  0  0  0  0  0  0  0  0  0  0  0  0  0  0  0  0  0  0  0  0  0  0  0  0  0  0  0  0  0  0  0  0  0  0  0  0  0  0  0  0  0  0  0  0  0  0  0  0  0  0  0  0  3  0  0  53226  52  0  0  0  0  0  0  
1  1  0  20  0  0  0  0  17  7  0  46  0  0  0  0  45999  6240  1  0  5  2  777  3247  0  250  17  1  0  31  0  10  40851  15124  53560  29  0  94  0  0  29209  0  2900  42  438  14  4070  0  287  332  7  0  0  1  0  586  77  31  1642  16  326  0  2844  0  86  7  875  0  3  0  14  7  40661  32507  0  0  0  0  0  0  0  0  0  0  0  0  0  0  0  0  0  0  0  0  0  0  0  0  0  0  0  0  0  0  1  0  0  0  0  0  0  0  0  0  0  0  0  0  0  0  0  0  0  0  0  0  0  0  0  0  0  0  0  0  0  0  0  0  0  0  0  0  0  0  0  0  0  0  6726  6  20895  6433  88383  40  0  0  0  0  0  0  
3390  0  0  24909  426  2483  2  1  23  4  0  44086  1002  12331  73  1  13041  45415  0  1  0  0  2  60  0  299  22  2  17  35  4  29  136  1  4  0  0  0  19046  25533  52711  0  0  5  12202  17  11070  125  0  0  0  7738  1917  184  0  694  0  25  0  0  0  0  82  1222  288  190  917  32121  869  205  8  0  0  0  0  0  0  0  0  12  0  0  0  0  0  0  0  0  0  0  0  0  0  0  0  0  0  1  0  0  0  0  0  0  0  0  0  0  0  0  0  0  0  0  0  0  0  0  0  0  0  0  0  0  0  0  0  0  0  0  0  0  0  0  0  0  0  0  0  30  0  0  0  0  0  0  0  0  261  514  1  125  80179  175  0  3  0  0  0  0  
0  3  0  0  0  0  0  0  0  0  0  0  0  0  0  0  0  0  0  0  34579  0  15593  0  0  0  0  0  0  0  0  0  0  315  17  0  73516  9048  0  0  4  0  47718  0  0  0  0  492  0  0  0  0  0  0  0  0  1  2  292  22983  26965  0  0  0  0  0  0  0  0  0  0  28737  22896  15  0  0  0  0  0  0  0  0  0  0  0  0  0  0  0  0  0  0  0  0  0  0  0  0  0  0  0  0  0  0  0  0  0  0  0  0  0  0  0  0  0  0  0  0  0  0  0  0  0  0  0  0  0  0  0  0  0  0  0  0  0  0  0  0  0  0  0  0  0  0  0  0  0  0  20  0  23838  0  0  0  0  0  0  0  0  0  
0  38907  0  0  0  0  0  0  7  4  1  0  0  0  0  0  0  0  153  161  14618  40974  0  0  0  1  0  0  0  21  0  0  0  0  0  3  0  0  0  0  46  2812  0  8642  0  0  0  4  0  0  0  0  0  0  0  11  23548  1813  1832  0  28741  0  0  0  0  0  0  0  0  0  8  4  149  7  0  0  0  0  0  0  0  0  0  0  0  0  0  0  0  0  0  0  0  0  0  1  0  0  0  0  0  0  0  0  0  0  0  0  0  0  0  0  0  0  0  0  0  0  0  0  0  0  0  0  0  0  0  0  0  0  0  0  0  0  0  0  0  0  0  0  0  0  0  0  0  0  0  0  1  0  2  1  0  0  0  0  0  0  0  0  
3396  0  0  0  346  95  0  0  0  0  0  61679  2  39729  135983  0  0  0  0  0  0  0  0  1131  0  0  0  0  562  0  1  4  0  0  0  0  0  0  216  318  22  0  0  0  42  0  19  1  4899  0  0  0  21759  8749  0  0  0  0  0  0  0  20403  3  445  2  53  0  56652  91  12  0  0  0  0  0  0  0  0  0  1  0  0  0  0  0  0  0  0  0  0  0  0  0  0  0  0  0  0  0  0  0  0  0  0  0  0  0  0  0  0  0  0  0  0  0  0  0  0  0  0  0  0  0  0  0  0  0  0  0  0  0  0  0  0  0  0  0  0  0  0  0  0  0  0  0  0  0  0  0  322  0  1  1212  24  0  2  0  0  0  0  
15694  0  0  0  18633  27100  89  0  0  0  0  11  0  0  72251  53871  0  16  0  0  0  0  0  0  0  0  0  0  0  0  19  141  0  0  0  0  0  0  0  0  0  0  0  0  0  0  41  0  2036  0  0  20405  0  46011  0  0  0  0  0  0  0  0  7  49  0  1213  0  12  16  1096  0  0  0  0  0  0  0  0  0  43  0  0  0  0  0  0  0  0  0  0  0  0  0  0  0  0  0  0  0  0  0  0  0  0  0  0  0  0  0  0  0  0  0  0  0  0  0  0  0  0  0  0  0  0  0  0  0  0  0  0  0  0  0  0  0  0  0  0  0  76  0  0  0  0  0  0  0  0  0  466  0  1  2712  81  0  8  0  0  0  0  
7  0  0  0  2  14270  13502  19899  0  1  0  9  0  0  63830  93067  0  2  0  0  0  0  0  0  0  0  0  0  85  0  1  0  0  0  0  0  0  0  0  0  0  0  0  1  25  0  0  0  155  0  0  3097  47531  0  0  0  0  0  0  0  0  0  0  0  0  498  3  5166  40091  6  0  0  0  0  0  0  0  0  0  1  0  0  0  0  0  0  0  0  0  0  0  0  0  0  0  0  0  0  0  0  0  0  0  0  0  0  0  0  0  0  0  0  0  0  0  0  0  0  0  0  0  0  0  0  0  0  0  0  0  0  0  0  0  0  0  0  0  0  0  0  0  0  0  0  0  0  0  0  0  14465  0  5  2395  1  0  0  0  0  0  0  
0  1  0  0  0  0  0  0  4  0  0  0  0  0  0  0  0  0  0  0  10  3  0  0  26428  35131  0  0  0  11  0  0  0  3111  0  6002  0  0  0  0  499  0  0  19  0  0  0  0  0  0  0  0  0  0  0  116  9  103  6  0  104  0  0  0  29  0  0  0  0  0  8  0  34619  5  0  0  0  0  0  0  0  0  0  0  0  0  0  0  0  0  0  0  0  0  0  0  0  0  0  0  0  0  0  0  0  0  0  0  0  0  0  0  0  0  0  0  0  0  0  0  0  0  0  0  0  0  0  0  0  0  0  0  0  0  0  0  0  0  0  0  0  0  0  0  0  0  0  0  0  0  2  0  0  0  0  0  0  0  0  0  
0  2  0  0  0  0  0  2  13612  2393  0  0  0  0  0  0  17  0  72  9288  16  0  0  0  54904  53005  167778  25  0  5182  0  0  0  1  0  19164  0  0  0  0  12583  1  0  315  129  95  0  60  131  0  9  1  0  2  65  0  34  31309  12  0  28  0  0  0  21607  2905  35135  2  6  0  21517  0  22355  0  0  0  0  0  0  0  0  0  0  0  0  0  0  0  0  0  0  0  0  0  0  0  0  0  0  0  0  0  0  0  0  0  0  0  0  0  0  0  0  0  0  0  0  0  0  0  0  0  0  0  0  0  0  0  0  0  0  0  0  0  0  0  0  0  0  0  0  0  0  0  0  0  0  0  0  40  3  391  2178  1  0  0  0  0  0  0  
0  16800  0  0  0  0  0  0  47  24  13  0  0  0  0  0  0  0  124337  32  735  434  0  0  15  5  0  0  0  101  0  0  0  1  2  32  0  0  0  0  360  62802  1  9985  0  0  0  33  0  0  10959  0  0  0  9  48  0  17376  15392  0  984  0  0  0  9  1  0  0  0  0  44  1  21611  129  0  0  0  0  0  0  0  0  0  0  0  0  0  0  0  0  0  0  0  0  0  0  0  0  0  0  0  0  0  0  0  0  0  0  0  0  0  0  0  0  0  0  0  0  0  0  0  0  0  0  0  0  0  0  0  0  0  0  0  0  0  0  0  0  0  0  0  0  0  0  0  0  0  0  17  0  38  7  7  0  0  0  0  0  0  0  
1  58  0  0  0  0  0  0  176  97  687  0  0  0  0  0  1  0  71068  73359  234  52  0  0  11784  59  107  0  0  268  0  0  1  2  1  91  0  0  0  1  3674  4516  0  38740  11  0  0  62  112  1  1104  0  0  0  37  35261  13104  0  346  0  287  0  0  0  3418  3  0  2  3  0  103  0  27539  24  0  0  0  0  0  0  0  0  0  0  0  0  0  0  0  0  0  0  0  0  0  0  0  0  0  0  0  0  0  0  0  0  0  0  0  0  0  0  0  0  0  0  0  0  0  0  0  0  0  0  0  0  0  0  0  0  0  0  0  0  0  0  0  0  0  0  0  0  0  0  0  0  0  0  2  2  18  20  139  0  0  0  0  0  0  0  
0  24189  0  0  0  0  0  0  59  23  0  0  0  0  0  0  0  0  34992  6  22557  9  1  0  0  17  2  0  0  112  0  0  1  16  23  233  4370  27895  0  0  759  12  18  274  0  0  0  681  0  622  1538  0  0  0  89  50  23216  1501  0  9983  24280  0  0  0  19  0  0  0  0  0  59  27925  44739  324  0  0  0  0  0  0  0  0  0  0  0  0  0  0  0  0  0  0  0  0  0  0  0  0  0  0  0  0  0  0  0  0  0  0  0  0  0  0  0  0  0  0  0  0  0  0  0  0  0  0  0  0  0  0  0  0  0  0  0  0  0  0  0  0  0  0  0  0  0  0  0  0  0  0  2  0  770  3  3  0  0  0  0  0  0  0  
0  24  0  0  0  0  0  0  0  0  0  0  0  0  0  0  0  0  0  0  63653  0  0  0  0  0  0  0  0  0  0  0  0  0  1  0  57415  1138  0  0  0  0  71  0  0  0  0  44  0  36008  0  0  0  0  0  0  0  0  8499  0  3051  0  0  0  0  0  0  0  0  0  0  8382  4284  0  0  0  0  0  0  0  0  0  0  0  0  0  0  0  0  0  0  0  0  0  0  0  0  0  0  0  0  0  0  0  0  0  0  0  0  0  0  0  0  0  0  0  0  0  0  0  0  0  0  0  0  0  0  0  0  0  0  0  0  0  0  0  0  0  0  0  0  0  0  0  0  0  0  0  0  0  38  0  0  0  0  0  0  0  0  0  
0  1408  0  0  0  0  0  0  40  28  0  0  0  0  0  0  0  2  66  0  97139  89508  40426  0  0  6  0  0  0  107  0  0  0  12  8  40  7  1033  0  0  3882  7  225  1775  0  0  0  135  0  27286  32747  0  0  0  24  108  9635  784  24566  917  0  0  0  0  73  0  0  0  0  0  27  1566  20529  48  0  0  0  0  0  0  0  0  0  0  0  0  0  0  0  0  0  0  0  0  0  10  0  0  0  0  0  0  0  0  0  0  0  0  0  0  0  0  0  0  0  0  0  0  0  0  0  0  0  0  0  0  0  0  0  0  0  0  0  0  0  0  0  0  0  0  0  0  0  0  0  0  0  0  10  0  43856  10  17  3  0  0  0  0  0  0  
3314  0  0  0  40  0  0  0  0  0  0  0  2922  22302  25342  0  0  0  0  0  0  0  0  39306  0  0  0  0  0  0  0  0  0  0  0  0  0  0  856  5  0  0  0  0  0  0  1  0  0  0  0  31766  2  0  0  0  0  0  0  0  0  0  0  55  0  0  0  0  0  0  0  0  0  0  0  0  0  0  0  0  0  0  0  0  0  0  0  0  0  0  0  0  0  0  0  0  0  0  0  0  0  0  0  0  0  0  0  0  0  0  0  0  0  0  0  0  0  0  0  0  0  0  0  0  0  0  0  0  0  0  0  0  0  0  0  0  0  0  0  0  0  0  0  0  0  0  0  0  0  0  0  0  0  0  0  0  0  0  0  0  
917  0  0  0  11  576  0  0  0  0  0  6  9  35  1  0  6588  21454  0  0  0  0  3537  94045  0  0  0  0  0  0  59240  11260  0  0  102  0  0  0  45  18  0  0  78  0  0  0  3371  2367  58  0  0  178  6  0  0  0  0  0  0  0  0  0  0  27396  0  0  0  0  0  8394  0  0  0  0  0  0  0  0  0  2  0  0  0  0  0  0  0  0  0  0  0  0  0  0  0  0  0  22  0  0  0  0  0  0  157  8  0  0  0  0  0  0  0  0  0  0  0  0  0  0  0  0  0  0  0  0  0  0  0  0  0  0  0  0  0  0  5  0  0  0  0  0  0  5  0  0  0  0  2717  0  22  32  61652  5468  0  0  0  0  0  0  
10815  0  0  0  150  1042  0  0  0  0  0  122  2915  3777  3  0  0  0  0  0  0  0  3  143162  0  0  0  0  0  0  2267  178  0  0  0  0  0  0  19468  467  0  0  1  0  0  0  9463  0  805  0  0  5231  262  0  0  0  0  0  0  0  0  166  34500  0  0  2  0  0  0  8817  0  0  0  0  0  0  0  0  0  0  0  0  0  0  0  0  0  0  0  0  0  0  0  0  0  0  0  1  0  0  0  0  0  0  0  0  0  0  0  0  0  0  0  0  0  0  0  0  0  0  0  0  0  0  0  0  0  0  0  0  0  0  0  0  0  0  0  0  0  0  0  0  0  0  0  0  0  0  6  5  0  0  15639  5184  0  0  0  0  0  0  
0  1  0  2  0  0  0  0  1345  541  48990  0  0  0  0  0  102  1  2  29836  16  1259  0  0  2  699  38819  0  0  79368  0  0  1  3  0  64  0  0  0  0  10688  0  0  56989  121  6  0  188  2025  0  13  5  0  3  17  19750  35  8156  21  0  95  0  0  0  0  129  33  15  20  0  17216  1  949  6  0  0  0  0  0  0  0  0  0  0  28  0  0  0  0  0  0  0  0  0  0  106  0  0  0  0  0  0  0  126  0  0  0  0  0  0  0  0  0  0  0  0  0  11  0  0  0  0  0  0  0  0  0  0  0  0  0  0  0  0  0  0  0  0  0  0  0  0  0  0  0  0  0  0  0  14  23  50  1687  6  0  0  0  0  0  0  
73  0  0  0  21  51842  31276  28968  50900  52419  0  3  0  0  3  7389  7  0  0  1  1  0  0  1  0  39  46  1  2  228  1  27455  0  0  0  0  0  0  0  0  194  0  0  892  854  45  0  13  139  0  0  143  325  748  0  277  0  8  0  0  0  0  2  1  54  0  874  4  60  112  901  0  0  0  0  0  0  0  2  4104  110  233  1755  277  0  1  0  0  0  1  0  0  0  0  0  5  0  0  0  0  0  0  0  387  0  202  0  0  0  0  0  0  0  0  6  0  0  2  0  0  0  0  0  0  0  0  1  2  0  0  0  0  0  0  0  0  0  1  0  23535  0  1  1  24  115  0  0  0  0  14706  16  12384  1010  92  2  324  1349  154  47  0  
0  0  9984  2775  0  1  0  8  506  405  0  0  0  0  0  0  6  0  0  0  0  0  0  0  0  67158  59798  101679  1  114  0  0  0  0  0  0  0  0  0  0  555  0  0  29  37105  23887  0  23  20  0  0  0  0  8  0  32033  0  1  0  0  0  0  0  0  30  476  0  1  16  0  2240  0  0  0  0  0  0  0  0  0  0  0  0  0  0  0  0  0  0  0  0  0  0  0  0  0  0  0  0  0  0  0  0  0  0  0  0  0  0  0  0  0  0  0  0  0  0  0  0  0  0  0  0  0  0  0  0  0  0  0  0  0  0  0  0  0  0  0  0  0  0  0  0  0  0  0  0  0  0  74  2  423  573  0  0  0  0  0  0  0  
1  0  0  8695  0  4  0  0  0  0  0  66445  1  1  22026  0  2  6  0  0  0  0  0  1  0  1  0  0  77829  1  0  0  0  0  0  0  0  0  0  4131  606  0  0  1  33423  0  0  1  25857  0  0  56665  10  8496  0  1  0  2  0  0  0  0  0  0  6  8  5  0  32038  1  0  0  0  0  0  0  0  0  0  0  0  0  0  0  0  0  0  0  0  0  0  0  0  0  0  0  0  0  0  0  0  0  0  0  0  0  0  0  0  0  0  0  0  0  0  0  0  0  0  0  0  0  0  0  0  0  0  0  0  0  0  0  0  0  0  0  0  0  0  0  0  0  0  0  0  0  0  0  0  308  0  6  10422  4  0  1  0  0  0  0  
1  0  0  0  1  1  4  8995  2  7  0  0  0  0  11037  12345  1  3  0  0  0  0  0  0  0  0  0  0  77089  1  0  0  0  0  0  0  0  0  0  0  3  0  0  0  15547  0  0  0  132  0  0  15  3  35655  0  3  0  1  0  0  0  0  0  0  6  115  28  28723  0  1  0  0  0  0  0  0  0  0  0  0  0  0  0  0  0  0  0  0  0  0  0  0  0  0  0  0  0  0  0  0  0  0  0  0  0  0  0  0  0  0  0  0  0  0  0  0  0  0  0  0  0  0  0  0  0  0  0  0  0  0  0  0  0  0  0  0  0  0  0  0  0  0  0  0  0  0  0  0  0  4800  0  16  2252  2  0  0  0  2  0  0  
28836  0  0  0  20009  55712  0  0  0  0  0  0  0  0  0  14044  0  0  0  0  0  0  1  7610  0  0  0  0  0  0  60503  16413  0  0  0  0  0  0  0  0  0  0  0  0  0  0  2  0  73  0  0  39  3861  0  0  0  0  0  0  0  0  0  11709  6321  0  300  0  1  0  0  0  0  0  0  3  0  0  0  0  170  0  0  0  0  0  0  0  0  0  91  0  0  0  0  0  0  0  2  0  0  0  0  0  0  541  86  0  0  0  0  0  0  0  0  0  0  0  0  0  0  0  0  0  0  0  0  0  0  0  0  0  0  0  0  0  0  0  0  0  2  0  0  0  165  0  0  0  0  0  48  3  217  1073  3555  1  0  1  1  0  0  
0  0  153  1  0  1  0  49  59323  482  0  0  0  0  0  2  13  0  1  0  14  0  0  0  0  239  75327  0  2  112020  0  0  0  0  0  5  0  0  0  0  1552  0  0  87  1475  22292  0  27  41  0  5  1  1  51  1  24562  23  113  11  0  40  0  0  0  14071  1341  9206  4  98  0  0  0  47  1  0  0  0  0  0  0  0  0  27  0  23  0  0  0  0  0  0  0  0  0  0  4  0  0  0  0  0  0  0  570  0  0  0  0  0  0  0  0  0  0  0  0  0  0  0  0  0  0  0  0  0  0  0  0  0  0  0  0  0  0  0  0  0  0  2  1  0  0  0  0  29  0  0  0  0  183  1  345  1181  1  0  0  0  0  0  0  
0  9706  0  0  0  0  0  0  0  0  0  0  0  0  0  0  0  0  0  0  13219  0  5  0  0  0  0  0  0  0  0  0  0  102  9  0  137138  116268  0  0  1  0  2829  0  0  0  0  24  0  35101  0  0  0  0  0  0  2  0  26715  7977  1313  0  0  0  0  0  0  0  0  0  0  0  32911  1  0  0  0  0  0  0  0  0  0  0  0  0  0  0  0  0  0  0  0  0  0  0  0  0  0  0  0  0  0  0  0  0  0  0  0  0  0  0  0  0  0  0  0  0  0  0  0  0  0  0  0  0  0  0  0  0  0  0  0  0  0  0  0  0  0  0  0  0  0  0  0  0  0  0  0  0  603  0  0  0  0  0  0  0  0  0  
0  104  0  0  0  0  0  0  104  42  0  0  0  0  0  0  1  1  32366  12  3010  29  17  0  84166  4805  1025  0  0  246  0  0  4418  121684  11918  15968  634  147279  0  0  10985  19  7237  1229  0  0  0  45192  6  23808  328  0  0  0  35398  16663  15418  50817  46074  7351  40387  0  0  0  622  1  0  0  0  0  154  39456  0  34017  0  0  0  0  0  0  0  0  0  0  0  0  0  0  0  0  0  0  0  0  0  0  0  0  0  0  0  0  0  0  0  0  0  0  0  0  0  0  0  0  0  0  0  0  0  0  0  0  0  0  0  0  0  0  0  0  0  0  0  0  0  0  0  0  0  0  0  0  0  0  0  0  0  0  85  0  7559  41  21  0  0  0  0  0  0  0  
0  1  0  1  0  0  0  0  5  4  0  0  0  0  0  0  3  0  1  0  4  0  0  0  0  20  0  0  0  15  0  2  34531  12166  102  27687  0  9  0  0  15989  0  40  11  0  0  0  29206  0  5  10  0  0  0  1  2  134  26  663  0  90  0  1  0  26  0  0  0  0  0  3  2  24595  0  0  0  0  0  0  0  0  0  0  0  0  0  0  0  0  0  0  0  0  0  0  0  0  0  0  0  0  0  0  0  0  0  0  0  0  0  0  0  0  0  0  0  0  0  0  0  0  0  0  0  0  0  0  0  0  0  0  0  0  0  0  0  0  0  0  0  0  0  0  0  0  0  0  0  196  0  2902  284  59  1  0  0  0  0  0  0  
5  0  0  0  0  0  0  0  0  0  0  0  0  0  0  0  0  0  0  0  0  0  0  0  0  0  0  0  0  0  10  0  0  0  0  0  0  0  0  0  0  0  0  0  0  0  0  0  0  0  0  0  0  0  0  0  0  0  0  0  0  0  0  0  0  0  0  0  0  2  0  0  0  0  0  0  0  0  31685  16061  0  0  0  0  0  1  3701  2890  12147  11790  0  0  0  0  0  0  0  82401  0  0  0  0  0  0  3556  5  0  0  0  0  0  0  90  12  0  0  0  0  0  0  193  0  24  0  0  2  31220  0  0  0  0  0  0  0  0  1780  39  17778  0  23  0  1  0  9470  0  0  0  0  0  0  0  0  0  0  0  8675  0  0  2840  0  
0  0  0  0  0  0  0  0  0  0  0  0  0  0  0  0  0  0  0  0  0  0  0  0  0  0  0  0  0  0  0  0  0  0  0  0  0  0  0  0  0  0  0  0  0  0  0  0  0  0  0  0  0  0  0  0  0  0  0  0  0  0  0  0  0  0  0  0  0  0  0  0  0  0  0  0  0  0  0  0  0  0  0  0  1  0  0  0  0  0  0  0  81076  8  33764  40  19  0  0  0  0  0  0  0  0  0  0  0  7  0  7523  607  0  0  20  38725  4  517  0  0  0  15  0  0  38063  0  0  0  0  1  5156  4  45187  51246  1890  0  0  0  2  1  0  0  0  0  0  10173  152  0  0  0  0  0  0  0  12  0  501  0  0  0  
0  0  25  0  0  0  0  1  0  0  0  0  0  0  0  1  0  0  0  0  0  0  0  0  0  0  0  0  0  3  0  0  0  0  0  0  0  0  0  0  0  0  0  0  0  2  0  0  0  0  0  0  0  0  0  0  0  0  0  0  0  0  0  0  0  0  0  0  0  0  0  0  0  0  0  0  0  0  0  0  0  1000  112  0  0  0  0  0  0  48432  0  0  0  0  0  0  0  0  0  0  10282  16001  17020  10074  0  0  0  0  0  0  0  0  0  0  0  0  0  0  30957  29073  0  0  0  0  0  0  0  0  0  2  0  0  0  0  0  0  0  0  0  0  16240  0  394  0  121  0  0  0  0  0  0  0  0  0  0  0  0  0  0  0  
0  0  0  0  0  0  0  0  0  0  0  0  0  0  0  0  0  0  0  0  0  0  0  0  0  0  0  0  0  0  0  0  0  0  0  0  0  0  0  0  0  0  0  0  0  0  0  0  0  0  0  0  0  0  0  0  0  0  0  0  0  0  0  0  0  0  0  0  0  0  0  0  0  0  0  0  0  0  0  0  0  0  4  0  0  46426  0  84  0  0  128  143  0  0  0  0  0  2  1  55776  0  21017  20540  2  0  0  2717  557  8  33  0  0  4  14  54560  0  0  0  13860  0  4  240  43518  0  0  1  0  0  7  110  0  0  0  0  0  0  0  0  10  0  315  18905  5  0  8  0  128  34  0  0  0  0  0  0  0  20  0  27  512  31  
0  0  0  0  0  0  0  0  0  0  0  0  0  0  0  0  0  0  0  0  0  0  0  0  0  0  0  0  0  0  1  0  0  0  0  0  0  0  0  0  0  0  0  0  0  0  0  0  0  0  0  0  0  0  0  0  0  0  0  0  0  0  0  0  0  0  0  0  0  1  0  0  0  0  23926  0  0  0  0  4996  0  0  0  0  0  6  0  577  12  81597  0  0  0  0  0  0  0  26  0  0  0  0  0  0  0  0  0  0  0  0  0  0  2  66  0  0  0  0  0  0  17  0  10  0  0  10  71618  1051  0  0  0  0  0  0  0  0  0  10  0  11  0  2  0  295  0  0  0  0  0  0  0  0  0  0  0  281  0  0  258  0  
8  0  0  0  3  6261  141  0  0  0  0  0  0  0  2  55  0  1  0  0  0  0  0  0  0  0  0  0  0  0  293  398  0  0  0  0  0  0  0  0  0  0  0  0  0  0  0  0  5  0  0  11  72  0  0  0  0  0  0  0  0  0  0  0  0  4568  0  0  0  160  0  0  0  0  12287  0  0  0  12416  0  43169  4  3  0  0  93  0  535  1  144583  0  9  0  0  0  0  0  3359  0  1  0  0  0  0  4451  20796  0  0  0  0  0  0  4  114  0  0  0  0  7  0  127  0  490  0  0  33  12931  701  0  0  0  0  0  0  0  0  2609  2263  0  49421  0  116  27  47621  0  0  0  0  0  29  0  0  21  2  4  73996  1  2  7113  63  
0  0  0  0  0  91  157  5  0  0  0  0  0  0  0  26  0  0  0  0  0  0  0  0  0  0  0  0  0  0  0  0  0  0  0  0  0  0  0  0  0  0  0  0  0  0  0  0  0  0  0  0  0  0  0  0  0  0  0  0  0  0  0  0  0  49  0  0  0  0  0  0  0  0  0  0  0  0  0  37927  0  38131  53  0  0  19  0  0  0  60641  0  0  0  0  0  0  0  0  0  0  0  1  1  0  0  0  0  0  0  0  0  0  0  0  0  0  0  0  38  1  0  0  0  0  0  3  5  5923  0  7  0  0  0  0  0  0  0  0  0  27777  11  42  1018  0  18  0  0  0  0  1  0  0  0  0  0  634  0  1  36  3  
0  0  5  0  0  1  41  118  132  0  0  0  0  0  0  6  0  0  0  0  0  0  0  0  0  0  0  0  0  1  0  0  0  0  0  0  0  0  0  0  0  0  0  0  0  1  0  0  0  0  0  0  0  0  0  0  0  0  0  0  0  0  0  0  0  181  0  0  0  0  0  0  0  0  0  0  430  0  0  12  40487  0  14806  2  0  1  0  0  0  53324  0  0  0  0  0  0  0  0  0  0  3  40  1248  1  0  0  0  0  0  0  0  0  0  0  2  0  0  1  10575  28695  0  0  0  0  0  0  0  74  1  67  0  0  0  0  0  0  0  0  0  30675  88  0  40278  0  175  0  1  0  0  6  0  0  0  0  0  117  0  2  4  0  
0  0  0  0  0  1  1  21  4092  2103  0  0  0  0  0  0  0  0  0  0  0  0  0  0  0  0  0  0  0  5  0  0  0  0  0  0  0  0  0  0  0  0  0  0  0  0  0  0  0  0  0  0  0  0  0  0  0  0  0  0  0  0  0  0  0  1951  0  0  0  0  40  0  0  0  0  0  4  0  0  0  2  15170  0  10264  0  0  0  0  0  167  0  0  0  0  0  23  0  0  14  1  23  18  1  4027  0  0  0  0  0  0  0  0  0  0  57  0  0  8  41  21007  0  0  4  0  0  0  0  0  38  903  0  0  0  0  0  0  0  0  257  43493  94  0  2  0  37823  0  51  0  0  33  0  16  3  0  0  36  2  44  74  7  
0  0  0  0  0  0  0  0  16  1459  0  0  0  0  0  0  0  0  0  0  0  1  0  0  0  0  0  0  0  4  0  0  0  0  0  0  0  0  0  0  0  0  0  0  0  0  0  0  0  0  0  0  0  0  0  0  0  0  0  0  0  0  0  0  0  1525  0  0  0  0  0  0  0  0  0  0  0  0  0  0  0  0  11457  0  2  0  0  0  0  0  0  0  0  0  0  2052  0  0  2  0  2  3  0  17258  0  0  0  0  0  0  0  0  0  0  113  0  0  20739  8  0  0  2  1  0  0  0  0  0  8  226  1  0  0  0  0  0  0  0  7383  22526  21  0  0  0  110  0  28  0  0  0  2  107  0  0  9  50  7987  324  353  4  
0  0  0  0  0  0  0  0  22  8  2055  0  0  0  0  0  0  0  0  648  0  5  0  0  0  0  0  0  0  355  0  0  0  0  0  0  0  0  0  0  0  0  0  0  0  0  0  0  0  0  0  0  0  0  0  0  0  0  0  0  0  0  0  0  57  0  0  0  0  0  56  0  0  0  0  0  0  0  0  0  0  0  0  0  0  0  0  0  0  0  0  0  0  41680  0  248  0  0  0  0  124  0  0  8055  0  0  0  0  0  0  0  0  0  0  0  28743  0  85236  0  0  0  0  1  0  0  0  0  0  0  1  4  225  0  0  0  0  0  0  55330  0  0  0  0  0  0  0  0  0  0  0  0  0  0  0  0  0  0  0  0  0  
0  0  0  0  0  0  0  0  0  0  0  0  0  0  0  0  0  0  0  0  0  0  0  0  0  0  0  0  0  0  0  0  0  0  0  0  0  0  0  0  0  0  0  0  0  0  0  0  0  0  0  0  0  0  0  0  0  0  0  0  0  0  0  0  0  0  0  0  0  0  0  0  0  0  0  0  0  52118  0  8  0  0  0  0  0  0  0  24460  3  0  242  1095  0  0  0  0  0  154  0  9  0  6  7180  0  0  0  667  510  126  0  0  0  119  31591  3  0  0  0  368  0  524  359  36547  0  0  13048  211  7  0  0  0  0  0  0  0  0  0  0  0  18  0  39831  3  0  0  0  0  14  0  0  0  0  0  0  0  292  0  2  1169  3  
0  0  0  0  0  0  0  0  0  0  0  0  0  0  0  0  0  0  0  0  0  0  0  0  0  0  0  0  0  0  0  0  0  0  0  0  0  0  0  0  0  0  0  0  0  0  0  0  0  0  0  0  0  0  0  0  0  0  0  0  0  0  0  0  0  0  0  0  0  0  0  0  0  0  2324  0  0  0  1  1  0  0  0  0  0  1  0  73365  2335  0  0  0  0  0  0  0  0  56810  0  0  0  0  0  0  0  2  0  4  0  0  0  0  20843  4  0  0  0  0  0  0  2751  1  4  0  0  2312  9695  0  0  0  0  0  0  0  0  20624  21  19533  0  0  0  0  0  0  0  0  0  0  0  0  0  0  0  0  0  9  0  0  34  0  
0  0  0  0  0  0  0  0  0  0  0  0  0  0  0  0  0  0  0  0  0  0  0  0  0  0  0  0  0  0  0  0  0  0  0  0  0  0  0  0  0  0  0  0  0  0  0  0  0  0  0  0  0  0  0  0  0  0  0  0  0  0  0  0  0  0  0  0  0  0  0  0  0  0  848  0  0  15  263  65  0  0  0  0  0  24464  53814  0  2338  1  0  14  0  0  0  0  0  5517  0  1  0  15  1301  0  0  0  3  9  3  0  0  0  36530  42537  0  0  0  0  3  0  1924  0  7705  0  0  93758  6184  0  0  0  0  0  0  0  0  12303  0  2005  0  8  0  1  0  0  0  0  0  0  0  0  0  0  0  0  0  428  0  0  335  0  
0  0  0  0  0  0  0  0  0  0  0  0  0  0  0  0  0  0  0  0  0  0  0  0  0  0  0  0  0  0  0  0  0  0  0  0  0  0  0  0  0  0  0  0  0  0  0  0  0  0  0  0  0  0  0  0  0  0  0  0  0  0  0  0  0  0  0  0  0  0  0  0  0  0  11789  0  0  0  86  2  0  0  0  0  0  10  7563  4910  0  331  0  0  0  0  0  0  0  19796  0  1  0  17  13390  0  0  0  0  0  0  0  0  0  36  1  0  0  0  0  300  0  5  0  11  0  0  129756  144999  54738  0  0  0  0  0  0  0  36478  0  14  0  0  0  27815  16468  0  0  0  0  0  0  0  0  0  0  0  0  23  0  0  13  0  
1  0  51  0  5  54  6  1  11  0  0  0  0  0  0  87  0  0  0  0  0  0  0  0  0  0  0  0  0  1  14  0  0  0  0  0  0  0  0  0  0  0  0  0  0  0  0  0  0  0  0  0  0  0  0  0  0  0  0  0  0  0  0  0  0  0  0  0  0  71  0  0  0  0  13233  0  45913  0  80631  152731  59550  53938  362  0  0  7  0  26  81  0  0  0  0  0  0  0  0  98  0  0  0  0  9009  4  683  1  0  0  0  0  0  0  0  7  0  0  0  0  1695  4947  0  0  2  0  0  3  16297  121687  0  1  0  0  0  0  0  0  0  38  0  546  1  20  39736  25713  8  0  0  0  0  0  0  0  0  0  0  687  0  0  68  3  
0  0  0  0  0  0  0  0  0  0  0  0  0  0  0  0  0  0  0  0  0  0  0  0  0  0  0  0  0  0  0  0  0  0  0  0  0  0  0  0  0  0  0  0  0  0  0  0  0  0  0  0  0  0  0  0  0  0  0  0  0  0  0  0  0  0  0  0  0  0  0  0  0  0  0  0  0  233  0  0  0  0  1  1  0  1346  0  0  0  0  0  44712  0  0  0  0  13783  1909  2  27  2  0  0  0  3  1  232  8  9441  0  0  0  0  0  15190  0  102  0  0  0  831  34261  6550  0  0  0  0  0  12  28  0  0  0  0  0  0  1521  1  15  0  2  0  0  0  15  4  171  1  0  0  0  0  0  0  4986  0  7  21  31777  1  
0  0  0  0  0  0  0  0  0  0  0  0  0  0  0  0  0  0  0  0  0  0  0  0  0  0  0  0  0  0  0  0  0  0  0  0  0  0  0  0  0  0  0  0  0  0  0  0  0  0  0  0  0  0  0  0  0  0  0  0  0  0  0  0  0  0  0  0  0  0  0  0  0  0  1  0  0  40  21  69  0  0  0  0  0  5604  0  98  0  11  42722  0  0  0  0  0  13937  13739  0  9  1  0  1  0  15  3  28  6  6668  0  0  0  173  28  124  0  6  0  0  0  30114  290  46772  0  0  1  71  2  1  11  0  0  0  0  0  0  3366  5  0  28  1  0  0  0  0  0  3  0  0  0  0  0  0  0  4085  74  0  4  85879  0  
0  0  0  0  0  0  0  0  0  0  0  0  0  0  0  0  0  0  0  0  0  0  0  0  0  0  0  0  0  0  0  0  0  0  0  0  0  0  0  0  0  0  0  0  0  0  0  0  0  0  0  0  0  0  0  0  0  0  0  0  0  0  0  0  0  0  0  0  0  0  0  0  0  0  0  67171  0  0  0  0  0  0  0  0  0  0  0  0  0  0  0  0  0  16622  864  114  0  0  20188  1  2  0  0  0  0  0  0  0  0  0  0  67  0  0  13  27070  0  217  0  0  0  2  0  0  3657  0  0  0  0  8903  94142  69889  27210  191  105  0  0  0  22  0  0  0  0  0  0  233  41391  0  0  0  0  0  0  0  0  0  1  1  7  0  
0  0  0  0  0  0  0  0  0  0  0  0  0  0  0  0  0  0  0  0  0  0  0  0  0  0  0  0  0  0  0  0  0  0  0  0  0  0  0  0  0  0  0  0  0  0  0  0  0  0  0  0  0  0  0  0  0  0  0  0  0  0  0  0  0  0  0  0  0  0  0  0  0  0  0  1  0  0  0  0  0  0  3  0  40496  0  0  0  0  0  0  0  15693  0  3  326  0  0  2  0  35783  0  0  138  0  0  0  0  0  0  0  0  0  0  8  31329  0  3742  0  0  0  0  1  0  47  0  0  0  1  12501  9385  59050  0  0  18  0  0  0  43555  2  0  0  0  0  5  0  37  0  0  0  0  0  0  0  0  0  0  1  6  0  
0  0  0  0  0  0  0  0  0  0  0  0  0  0  0  0  0  0  0  0  1  0  0  0  0  0  0  0  0  0  0  0  0  0  0  0  0  0  0  0  0  0  0  0  0  0  0  0  0  0  1  0  0  0  0  0  0  0  0  0  0  0  0  0  0  0  0  0  0  0  0  0  0  0  0  28836  0  0  0  0  0  0  0  0  0  0  0  0  0  0  0  0  639  0  0  70  1544  0  0  0  0  0  0  0  0  0  0  0  0  0  1935  14  0  0  9  816  3  527  0  0  0  1  0  37883  36262  0  0  0  0  0  118  0  341  95726  169559  0  0  0  1  0  0  0  0  0  0  301  94  0  0  0  0  0  0  0  0  0  288  1  0  0  
0  5  0  0  0  0  0  0  14  361  200  0  0  0  0  0  0  0  0  0  1  5953  0  0  0  0  0  0  0  5160  0  0  0  0  0  0  0  0  0  0  0  2  0  289  0  0  0  0  0  0  5  0  0  0  0  0  0  0  0  0  1  0  0  0  76  27  0  0  0  0  28  0  0  0  0  79  0  0  0  0  0  0  13  1479  1030  0  0  0  0  0  0  0  95  380  87  0  27886  0  0  0  0  0  0  611  0  1  0  0  0  0  0  0  0  0  6  97359  0  166891  0  0  0  2  0  0  34550  0  0  0  0  1  1816  1292  0  4  100704  0  4  0  675  9  0  0  0  0  1  0  5  0  0  0  33  31  0  0  0  0  5015  233  2  1  
0  0  0  0  0  0  0  0  0  0  0  0  0  0  0  0  0  0  0  0  0  1  0  0  0  0  0  0  0  0  0  5  0  0  0  0  0  0  0  0  0  0  0  0  0  0  0  0  0  0  0  0  0  0  0  0  0  0  0  0  0  0  0  0  0  0  0  0  0  0  0  0  0  0  0  21  0  0  0  0  0  0  0  5  0  8  0  0  0  0  18755  25156  0  0  2360  22524  0  6368  0  0  0  0  0  0  319  75  1  0  16494  0  160  10  0  0  26  0  40496  11332  0  0  26  4522  0  1410  3  0  0  0  0  1  16  2  1  192  75913  0  6672  1  18  0  0  0  0  0  0  50  64  3  0  0  3  11  0  0  32731  0  66111  2494  4891  88  
1  0  0  0  0  0  0  0  0  0  0  0  0  0  0  0  0  0  0  0  0  0  0  197  0  0  0  0  0  0  452  1  0  0  0  0  0  0  0  0  0  0  0  0  0  0  0  0  0  0  0  0  0  0  0  0  0  0  0  0  0  0  16  0  0  0  0  0  0  2  0  0  0  0  78206  0  0  0  36  290  0  0  0  0  0  572  61490  7580  26597  19  4005  18657  0  0  0  0  6831  0  0  0  0  0  0  0  14902  479  8  105  247  0  0  0  10193  10  0  0  17  0  0  0  46890  9  0  0  0  9  1855  0  0  0  0  0  0  0  0  59117  82139  177062  0  0  0  0  0  6661  0  0  0  0  0  0  0  0  0  0  547  6310  1  2  26837  2  
0  0  0  0  0  0  0  0  0  0  0  0  0  0  0  0  0  0  0  0  0  0  0  0  0  0  0  0  0  0  0  0  0  0  0  0  0  0  0  0  0  0  0  0  0  0  0  0  0  0  0  0  0  0  0  0  0  0  0  0  0  0  0  0  0  0  0  0  0  0  0  0  0  0  0  0  0  0  0  0  0  0  17  1  0  0  0  0  0  0  0  0  19900  3  0  0  0  0  0  35958  1270  0  0  3  0  0  0  0  0  64  0  446  0  0  244  0  0  2  1  0  0  1  38  0  0  0  0  0  27833  58393  8  8  0  0  0  0  0  0  222  4  3  0  0  0  24  0  132541  0  0  0  0  0  0  0  1  2  0  38  414  20  
0  0  0  0  0  0  0  0  0  0  0  0  0  0  0  0  0  0  0  0  0  0  0  0  0  0  0  0  0  0  0  0  0  0  0  0  0  0  0  0  0  0  0  0  0  0  0  0  0  0  0  0  0  0  0  0  0  0  0  0  0  0  0  0  0  0  0  0  0  0  0  0  0  0  0  1  0  39729  0  0  0  0  0  0  0  9  0  0  5  0  3  0  0  0  0  0  0  0  33716  0  8  12503  64  0  0  0  859  19306  0  71584  0  1122  0  1  60728  0  0  0  3078  0  0  64  56  0  0  4  0  0  18484  20540  2  0  0  0  0  0  0  0  16  1  50121  0  0  0  6  0  24207  2  0  0  0  0  0  0  1  13  8  136  767  89  
0  0  0  0  0  0  0  0  0  0  0  0  0  0  0  0  0  0  0  0  0  0  0  0  0  0  0  0  0  0  0  0  0  0  0  0  0  0  0  0  0  0  0  0  0  0  0  0  0  0  0  0  0  0  0  0  0  0  0  0  0  0  0  0  0  0  0  0  0  0  0  0  0  0  0  0  13636  1  0  0  0  0  44  2  405  0  0  0  0  0  0  0  2  31154  0  0  0  0  992  10  0  73  0  101191  0  0  0  0  0  1  0  0  0  0  42  0  0  1  12  5842  0  0  8  0  0  0  0  0  134  134224  0  0  0  0  0  0  0  0  19703  15  38128  0  0  0  37550  0  81  0  0  0  0  0  0  0  0  5  0  16  70  9  
0  0  0  0  0  0  0  0  0  0  0  0  0  0  0  0  0  0  0  0  0  0  0  0  0  0  0  0  0  0  0  0  0  0  0  0  0  0  0  0  0  0  0  0  0  0  0  0  0  0  0  0  0  0  0  0  0  0  0  0  0  0  0  0  0  0  0  0  0  0  0  0  0  0  0  0  15362  22884  0  0  0  3  50  11  0  2  0  9  44  0  0  0  0  0  0  0  0  0  0  14351  29  0  6898  2  0  0  0  16  0  0  0  0  0  0  13  0  0  0  110193  318  0  0  9  0  0  264  0  0  0  896  0  0  0  0  0  0  0  0  1  64  83007  5  1  0  27  0  0  0  0  0  0  0  0  0  0  26  0  20  18  6  
0  0  0  0  0  0  0  0  0  0  0  0  0  0  0  0  0  0  0  0  0  0  0  0  0  0  0  0  0  0  0  0  0  0  0  0  0  0  0  0  0  0  0  0  0  0  0  0  0  0  0  0  0  0  0  0  0  0  0  0  0  0  0  0  0  0  0  0  0  0  0  0  0  0  0  0  15487  19280  0  0  0  938  2  0  0  6353  0  1634  17252  8200  0  0  0  0  0  0  0  0  0  153  0  7036  0  0  0  0  0  6  0  0  0  0  0  52  0  0  0  0  115703  1154  0  0  15  0  0  8060  0  10  0  3  0  0  0  0  0  0  0  0  0  1  2  58844  72710  0  1  0  0  0  0  0  0  0  0  0  0  5  0  0  0  0  
0  0  3  0  0  0  0  0  2689  2241  475  0  0  0  0  0  0  0  0  6  0  2  0  0  0  0  12  0  0  2018  0  0  0  0  0  0  0  0  0  0  0  0  0  1  0  0  0  0  0  0  0  0  0  0  0  0  0  0  0  0  0  0  0  0  299  616  0  0  0  0  411  0  0  0  0  0  12685  0  0  0  0  3  3781  18917  10292  0  0  0  0  10  0  0  0  134  0  885  0  0  12  1  112856  7  0  0  0  0  0  0  0  1  0  0  0  0  56  0  0  548  1  46995  0  1  2  0  0  0  0  0  15  1479  0  0  0  0  0  0  0  0  92617  235  357  0  0  0  98676  0  33  0  0  1  10  8  1  0  0  9  0  26  26  2  
2  0  0  0  0  17  0  0  0  0  0  0  0  0  0  0  0  0  0  0  0  0  2  145  0  0  0  0  0  0  6396  276  0  0  0  0  0  0  0  0  0  0  0  0  0  0  0  0  0  0  0  0  0  0  0  0  0  0  0  0  0  0  57  0  0  1  0  0  0  436  0  0  0  0  4284  0  0  0  0  2185  0  0  0  0  0  0  0  0  0  615  1  220  0  0  0  1  595  23233  0  0  0  0  0  0  0  15438  0  0  0  0  0  0  0  0  1  0  0  0  0  0  0  0  0  0  0  0  0  0  0  0  0  0  0  0  1  0  71504  18  0  0  0  0  0  41475  0  0  0  0  0  0  0  0  0  0  393  50  48  74  4990  9  
0  0  0  0  0  215  0  0  0  0  0  0  0  0  0  19  0  0  0  0  0  0  0  0  0  0  0  0  0  0  662  4020  0  0  0  0  0  0  0  0  0  0  0  0  0  0  0  0  0  0  0  0  0  0  0  0  0  0  0  0  0  0  2  0  0  440  0  0  0  96  0  0  0  0  1  0  0  0  0  15740  0  0  0  0  0  0  3  0  0  1  2  145  0  0  0  2  484  58  0  0  0  0  0  0  15506  0  0  0  0  0  0  0  2  0  3  0  0  0  0  0  6  1  0  0  0  0  0  0  0  0  1  0  0  0  0  0  20404  142  0  19936  0  0  0  5597  0  0  0  0  1  6  0  67  6  7  1033  3519  322  789  11209  2422  
0  0  0  0  0  0  0  0  0  0  0  0  0  0  0  0  0  0  0  0  0  0  0  0  0  0  0  0  0  0  0  0  0  0  0  0  0  0  0  0  0  0  0  0  0  0  0  0  0  0  0  0  0  0  0  0  0  0  0  0  0  0  0  0  0  0  0  0  0  0  0  0  0  0  0  1  0  4833  0  0  0  0  0  0  0  323  0  1  0  0  96  5  0  0  0  0  1  3  0  1476  0  1  0  0  0  0  0  26906  16264  4580  0  0  0  0  31613  0  0  1  0  0  1  27056  48  0  0  0  0  0  0  0  10  0  0  0  0  0  0  0  1  0  0  0  0  0  0  0  15451  44599  0  0  0  0  0  0  14  0  33  243  23  0  
0  0  0  0  0  0  0  0  0  0  0  0  0  0  0  0  0  0  0  0  0  0  0  0  0  0  0  0  0  0  0  0  0  0  0  0  0  0  0  0  0  0  0  0  0  0  0  0  0  0  0  0  0  0  0  0  0  0  0  0  0  0  0  0  0  0  0  0  0  0  0  0  0  0  0  0  0  1258  0  0  0  0  0  0  0  137  13  20  0  0  2  0  0  0  0  0  2  92  0  16579  0  8  0  0  0  0  33005  0  45710  55563  3  8595  0  0  7  0  19590  0  0  0  8  8409  1  220  0  0  0  0  0  0  0  0  0  26  9  0  0  0  0  0  0  0  0  0  0  2338  91980  7322  0  0  0  0  0  0  24  0  265  0  0  0  
0  0  0  0  0  0  0  0  0  0  0  0  0  0  0  0  0  0  0  0  0  0  0  0  0  0  0  0  0  0  0  0  0  0  0  0  0  0  0  0  0  0  0  0  0  0  0  0  0  0  0  0  0  0  0  0  0  0  0  0  0  0  0  0  0  0  0  0  0  0  0  0  0  0  0  0  0  12  0  0  0  0  0  0  0  88  2  11  0  0  10850  5315  0  0  1  0  17080  389  0  0  0  0  0  0  2  4  20455  61566  0  0  21  493  0  0  7  0  22150  0  0  0  16  52420  0  157  0  0  0  0  0  0  0  0  1  143  5  0  130  0  0  0  0  0  0  0  0  2921  20438  32  0  0  0  0  0  0  24415  0  721  1  63  0  
0  0  0  0  0  0  0  0  0  0  0  0  0  0  0  0  0  0  0  0  0  0  0  0  0  0  0  0  0  0  0  0  0  0  0  0  0  0  0  0  0  0  0  0  0  0  0  0  0  0  0  0  0  0  0  0  0  0  0  0  0  0  0  0  0  0  0  0  0  0  0  0  0  0  0  2  0  38  0  0  0  0  8  1  0  0  0  0  0  0  0  0  0  0  0  0  0  0  42  68397  2  0  0  8  0  0  2773  58829  8  0  0  1  0  0  36502  0  0  3  0  0  0  396  101  0  0  0  0  0  5191  540  28  2  1  0  0  0  0  0  133  1  0  0  0  0  65  0  30828  18589  0  0  0  0  0  0  2  0  23  55  98  3  
0  0  0  0  0  0  0  0  0  0  0  0  0  0  0  0  0  0  0  0  0  0  0  0  0  0  0  0  0  0  0  0  0  0  0  0  0  0  0  0  0  0  0  0  0  0  0  0  0  0  0  0  0  0  0  0  0  0  0  0  0  0  0  0  0  0  0  0  0  0  0  0  0  0  0  8888  0  0  0  0  0  0  0  0  0  0  0  0  0  0  0  0  1  0  1371  4  44  0  0  1  0  0  0  0  0  0  0  1  46  0  0  17872  0  0  6  0  25181  23  0  0  0  94  0  62041  1  0  0  0  0  0  15  0  441  75536  2132  0  0  0  0  0  0  0  0  0  0  138837  190  0  0  0  0  0  0  0  111  0  7691  1  0  0  
0  0  0  0  0  0  0  0  0  0  0  0  0  0  0  0  0  0  0  0  0  0  0  0  0  0  0  0  0  0  0  0  0  0  0  0  0  0  0  0  0  0  0  0  0  0  0  0  0  0  0  0  0  0  0  0  0  0  0  0  0  0  0  0  0  0  0  0  0  0  0  0  0  0  0  121  0  0  0  0  0  0  0  0  0  0  0  0  0  0  0  0  65  0  12  1  4  0  33  1365  0  0  0  0  0  0  0  6926  542  2  16910  0  0  0  0  0  29027  8  0  0  0  2447  0  6169  1  0  0  0  0  0  10  1  19824  196  85  0  0  0  0  0  0  0  0  0  0  163561  134424  1  0  0  0  0  0  0  178  0  2104  2  3  0  
0  0  0  0  0  0  0  0  0  0  0  0  0  0  0  0  0  0  0  0  0  0  0  0  0  0  0  0  0  0  0  0  0  0  0  0  0  0  0  0  0  0  0  0  0  0  0  0  0  0  0  0  0  0  0  0  0  0  0  0  0  0  0  0  0  0  0  0  0  0  0  0  0  0  1083  0  0  1  173  189  0  0  0  0  0  95  18603  59341  8  0  0  36  0  0  0  0  0  11935  0  0  0  0  0  0  0  4  0  1  0  0  0  0  0  5703  0  0  0  0  0  0  9963  0  16767  0  0  4  333  1  0  0  0  0  0  0  0  0  127  27257  0  10  0  0  0  0  0  0  0  0  0  0  0  0  0  0  0  1202  0  0  1206  0  
0  0  0  0  0  0  0  0  0  0  0  0  0  0  0  0  0  0  0  0  0  0  0  0  0  0  0  0  0  0  0  0  0  0  0  0  0  0  0  0  0  0  0  0  0  0  0  0  0  0  0  0  0  0  0  0  0  0  0  0  0  0  0  0  0  0  0  0  0  0  0  0  0  0  28  0  0  35  23  62  0  0  0  0  0  35694  3  38185  1  11  0  7  0  0  0  0  0  16  0  0  0  0  581  0  0  0  0  0  0  0  0  0  2526  0  2  0  0  0  4  0  306  0  24728  0  0  726  388  1  0  0  0  0  0  0  0  0  0  18  0  75  0  111  1  0  0  0  0  0  0  0  0  0  0  0  0  192  0  0  375  0  
0  0  0  0  0  0  0  0  0  2  0  0  0  0  0  0  0  0  0  0  0  0  0  0  0  0  0  0  0  0  0  0  0  0  0  0  0  0  0  0  0  0  0  0  0  0  0  0  0  0  0  0  0  0  0  0  0  0  0  0  0  0  0  0  0  1  0  0  0  0  0  0  0  0  0  20  0  33051  0  0  0  0  324  63  0  110  0  0  0  0  11026  78  16  5  12  5  9  1  257  66742  12  11  0  190  3  1  29127  12  3  30422  0  1  0  86  0  0  2  340  360  0  0  27619  39305  0  2  0  0  0  2562  5473  2020  113  19  16  8  0  4  0  3734  89  2367  62  12  0  875  5  31135  13026  0  0  0  0  0  0  152  157  3395  7533  66984  1721  
0  0  0  0  0  0  0  0  0  0  532  0  0  0  0  0  0  0  0  32  0  72  0  0  0  0  0  0  0  0  0  0  0  0  0  0  0  0  0  0  0  0  0  142  0  0  0  0  0  0  0  0  0  0  0  0  0  0  0  0  0  0  0  0  0  0  0  0  0  0  0  0  0  0  0  37754  0  0  0  0  0  0  0  0  26922  0  0  0  0  0  0  0  29710  48161  401  120052  2  0  0  0  0  0  0  0  0  0  0  0  0  0  0  0  0  0  0  0  0  48345  0  0  0  0  0  0  97747  0  0  0  0  0  29277  463  0  9  2770  0  0  0  5  0  0  0  0  0  0  0  0  0  0  0  0  0  0  0  0  0  0  0  0  0  
0  0  0  0  0  0  0  0  0  0  0  0  0  0  0  0  0  0  0  0  0  0  0  0  0  0  0  0  0  0  0  0  0  0  0  0  0  0  0  0  0  0  0  0  0  0  0  0  0  0  0  0  0  0  0  0  0  0  0  0  0  0  0  0  0  0  0  0  0  0  0  0  0  0  0  0  0  0  0  0  0  0  0  0  0  0  0  0  0  0  0  0  0  0  28  0  40507  18  0  0  0  0  0  0  0  0  0  20089  23968  0  25319  29528  0  0  0  0  0  0  0  0  0  226  0  15001  0  0  0  0  0  0  0  0  0  112  14484  0  0  0  0  0  0  0  0  0  0  16551  3632  0  0  0  0  0  0  0  22759  0  4251  0  1  0  
0  0  0  0  0  0  0  0  0  50  1181  0  0  0  0  0  0  0  0  61  0  2757  0  0  0  0  0  0  0  18  0  0  0  0  0  0  0  0  0  0  0  0  0  75  0  0  0  0  0  0  0  0  0  0  0  0  0  0  0  0  0  0  0  0  6  6  0  0  0  0  7  0  0  0  0  340  0  0  0  0  0  0  253  19377  65264  0  0  0  0  0  0  0  591  3960  1368  155720  11320  0  10  2  2  1  0  800  0  0  1  0  0  2  2  2  0  0  885  44762  0  0  1  0  0  52  19  0  1194  0  0  0  20  125  21801  7416  80  140  6606  0  0  0  61771  46  1  0  0  0  50  15  534  0  0  0  0  56  0  0  0  6  5424  265  73  5  
0  0  0  0  0  0  0  0  0  0  0  0  0  0  0  0  0  0  0  0  0  0  0  0  0  0  0  0  0  0  0  0  0  0  0  0  0  0  0  0  0  0  0  0  0  0  0  0  0  0  0  0  0  0  0  0  0  0  0  0  0  0  0  0  0  0  0  0  0  0  0  0  0  0  0  0  19706  17890  0  6  42  9442  517  46  0  334  0  2  9  1256  0  0  0  0  0  0  0  0  0  2981  35  141972  105793  8  0  0  0  0  0  0  0  0  0  8  161  0  0  2  0  44134  0  0  4952  0  0  10  3  404  2  334  0  0  0  0  0  0  0  0  10  1195  33470  25954  23426  0  471  0  1  0  0  0  0  0  0  0  2  5117  0  481  2056  665  
0  0  6  0  0  0  0  1  2  0  0  0  0  0  0  1  0  0  0  0  0  0  0  0  0  0  0  0  0  0  0  0  0  0  0  0  0  0  0  0  0  0  0  0  0  0  0  0  0  0  0  0  0  0  0  0  0  0  0  0  0  0  0  0  0  1  0  0  0  0  0  0  0  0  0  0  29100  0  0  4  10  26464  19766  12  0  1  0  0  0  4199  0  0  0  0  0  0  0  0  0  0  7707  1052  688  49740  0  0  0  0  0  0  0  0  0  0  6  0  0  1  40713  0  0  0  0  0  0  0  0  4  0  316  0  0  0  0  0  0  0  0  3  859  25198  0  62  0  26775  0  1  0  0  0  0  0  0  0  0  119  0  9  5  1  
0  0  0  0  0  0  0  0  0  0  0  0  0  0  0  0  0  0  0  0  0  0  0  0  0  0  0  0  0  0  0  0  0  0  0  0  0  0  0  0  0  0  0  0  0  0  0  0  0  0  0  0  0  0  0  0  0  0  0  0  0  0  0  0  0  0  0  0  0  0  0  0  0  0  2309  0  0  3  602  552  0  0  0  0  0  1669  3339  3267  1  23  212  25719  0  0  0  0  58  43001  0  0  0  0  1  0  0  13  2  10  26  0  0  0  10848  190  0  0  0  0  0  0  0  7  10048  0  0  7  897  2  0  0  0  0  0  0  0  0  3240  24082  0  36  0  1  0  1  0  0  0  0  0  0  0  0  0  0  1  670  0  0  80301  0  
0  0  0  0  0  0  0  0  0  0  0  0  0  0  0  0  0  0  0  0  0  0  0  0  0  0  0  0  0  0  0  0  0  0  0  0  0  0  0  0  0  0  0  0  0  0  0  0  0  0  0  0  0  0  0  0  0  0  0  0  0  0  0  0  0  0  0  0  0  0  0  0  0  0  0  15  0  161  0  0  0  0  0  0  0  278  1  0  0  0  30780  2599  3  3  1  0  2870  18  0  24  0  0  0  0  4  2  27014  17030  55550  14  21  1576  0  0  19769  0  1487  24  0  0  3  0  53  351  0  0  0  0  2  12  399  26  9  145  12  0  9  0  103  0  0  0  0  0  0  4626  84936  20680  0  0  0  0  0  0  27348  0  4906  10031  34083  4  
0  0  0  0  0  0  0  0  0  0  0  0  0  0  0  0  0  0  0  0  0  0  0  0  0  0  0  0  0  0  0  0  0  0  0  0  0  0  0  0  0  0  0  0  0  0  0  0  0  0  0  0  0  0  0  0  0  0  0  0  0  0  0  0  0  0  0  0  0  0  0  0  0  0  361  0  0  27530  386  1143  0  0  11  1  0  43506  1  14204  1  139  4986  41162  0  0  0  0  0  2  10  247  0  7  1  8  0  0  14  1  1  0  0  0  13194  24402  33469  0  0  0  11087  0  10133  44  0  0  0  52  1231  98  23  321  1  1  0  0  0  0  4  43  46  999  90  16140  69  0  47  0  402  0  0  0  0  0  0  0  1  4541  0  164  86703  175  
0  0  0  0  0  0  0  0  0  0  0  0  0  0  0  0  0  0  0  0  0  0  0  0  0  0  0  0  0  0  0  0  0  0  0  0  0  0  0  0  0  0  0  0  0  0  0  0  0  0  0  0  0  0  0  0  0  0  0  0  0  0  0  0  0  0  0  0  0  0  0  0  0  0  0  1  0  0  0  0  0  0  0  0  0  0  0  0  0  0  0  0  0  0  32219  0  122  0  0  0  0  0  0  0  0  0  0  679  346  0  60758  6496  0  0  0  0  18754  0  0  0  0  2605  0  0  0  0  0  0  0  0  1  0  0  23941  36022  0  0  0  0  0  0  0  0  0  0  79444  6752  0  0  0  0  0  0  0  65  0  18814  0  0  0  
0  0  0  0  0  0  0  0  0  0  0  0  0  0  0  0  0  0  0  0  0  0  0  0  0  0  0  0  0  0  0  0  0  0  0  0  0  0  0  0  0  0  0  0  0  0  0  0  0  0  0  0  0  0  0  0  0  0  0  0  0  0  0  0  0  0  0  0  0  0  0  0  0  0  0  29631  0  0  0  0  0  0  0  0  0  0  0  0  0  0  0  0  4770  135  31306  36742  3  0  0  0  0  0  0  0  0  0  0  0  0  0  5  0  0  0  0  94558  0  854  0  0  0  2  0  0  0  0  0  0  0  0  1570  170  50  2530  43012  0  0  0  0  0  0  0  0  0  0  8  3  0  0  0  0  0  0  0  1  0  8  1  0  0  
0  0  0  0  0  0  0  0  0  0  0  0  0  0  0  0  0  0  0  0  0  0  0  0  0  0  0  0  0  0  0  0  0  0  0  0  0  0  0  0  0  0  0  0  0  0  0  0  0  0  0  0  0  0  0  0  0  0  0  0  0  0  0  0  0  0  0  0  0  0  0  0  0  0  1  0  0  3  58  24  3  0  0  0  0  21028  886  114634  109535  8  0  0  0  0  0  0  0  1  0  10  0  102  4719  0  0  0  0  1  0  0  0  0  6  3519  0  0  0  0  46  0  2  0  59  0  0  0  135338  10357  0  0  0  0  0  0  0  14680  0  0  0  61  0  39906  1  0  0  0  0  0  0  0  0  0  0  0  0  642  0  3  495  4  
0  0  0  0  0  0  0  0  0  0  0  0  0  0  0  0  0  0  0  0  0  0  0  0  0  0  0  0  0  0  0  0  0  0  0  0  0  0  0  0  0  0  0  0  0  0  0  0  0  0  0  0  0  0  0  0  0  0  0  0  0  0  0  0  0  1  0  0  0  0  0  0  0  0  24232  0  0  0  74368  12242  3  0  0  0  0  1650  3052  29465  116645  21191  0  3  0  0  0  0  0  165  0  0  0  0  0  0  0  2  0  0  0  0  0  0  358  1407  0  0  0  0  27  0  267  0  450  0  0  118038  0  56519  0  0  0  0  0  0  0  5814  0  4907  0  456  0  835  2  0  0  0  0  0  0  0  0  0  0  0  0  1643  0  2  2781  2  
0  0  0  0  0  0  0  0  0  0  0  0  0  0  0  0  0  0  0  0  0  0  0  0  0  0  0  0  0  0  0  0  0  0  0  0  0  0  0  0  0  0  0  0  0  0  0  0  0  0  0  0  0  0  0  0  0  0  0  0  0  0  0  0  0  1  0  0  0  0  0  0  0  0  8  0  0  3  428  876  2395  44  8  0  0  383  0  8  56222  119526  0  0  0  0  0  0  0  0  0  0  0  1  19  0  0  0  0  0  0  0  0  0  0  3  3  0  0  0  1502  1  3  0  51  0  0  9370  53522  0  0  6  0  0  0  0  0  0  0  0  0  723  6  15436  50093  0  3  0  0  0  0  0  0  0  0  0  0  9636  0  94  7407  334  
0  0  0  0  0  0  0  0  0  0  0  0  0  0  0  0  0  0  0  0  0  0  0  0  0  0  0  0  0  0  0  0  0  0  0  0  0  0  0  0  0  0  0  0  0  0  0  0  0  0  0  0  0  0  0  0  0  0  0  0  0  0  0  0  0  0  0  0  0  0  0  0  0  0  0  0  0  1  0  0  0  0  11  0  0  0  0  0  0  0  2  0  0  0  0  0  0  0  29212  16631  57  0  0  2  0  0  0  0  0  6166  0  0  0  0  4719  0  0  1  0  0  0  0  64  0  0  0  0  0  0  27843  12  0  0  0  0  0  0  0  43  3  4  0  0  0  22  0  12889  0  0  0  0  0  0  0  1  2  0  60  321  30  
0  0  0  0  0  0  0  0  0  0  0  0  0  0  0  0  0  0  0  0  0  0  0  0  0  0  0  0  0  0  0  0  0  0  0  0  0  0  0  0  0  0  0  0  0  0  0  0  0  0  0  0  0  0  0  0  0  0  0  0  0  0  0  0  0  0  0  0  0  0  0  0  0  0  0  0  6  2  0  0  0  4  2619  305  0  0  0  0  0  1  0  2  6168  12678  0  0  0  0  61536  25204  146503  1238  1  776  0  0  0  0  0  459  0  0  0  0  7528  0  0  38  698  323  0  4  380  0  0  1  0  1  26929  0  336  22590  0  0  0  0  0  0  21478  2750  67778  2  7  0  26023  0  17081  0  0  0  0  0  0  0  33  1008  7  1993  4543  475  
0  0  0  0  0  0  0  0  0  0  0  0  0  0  0  0  0  0  0  0  0  0  0  0  0  0  0  0  0  0  0  0  0  0  0  0  0  0  0  0  0  0  0  0  0  0  0  0  0  0  0  0  0  0  0  0  0  0  0  0  0  0  0  0  0  0  0  0  0  0  0  0  0  0  0  6941  0  0  0  0  0  0  3  0  6  0  0  0  0  0  0  0  96101  15906  194  2083  1  0  21  4  3  0  0  4  0  0  3  0  0  0  1  1  0  0  923  29529  0  21459  0  0  0  340  45  0  1679  0  0  0  54  204  0  16395  2426  69  1122  0  0  0  1083  0  0  0  0  0  7  162  25539  2  0  0  0  0  0  0  0  0  16  55  240  10  
0  0  0  0  0  0  0  0  0  0  0  0  0  0  0  0  0  0  0  0  0  0  0  0  0  0  0  0  0  0  0  0  0  0  0  0  0  0  0  0  0  0  0  0  0  0  0  0  0  0  0  0  0  0  0  0  0  0  0  0  0  0  0  0  0  0  0  0  0  0  0  0  0  0  0  4  0  0  0  0  0  0  0  0  340  0  0  0  0  0  0  0  50421  66700  1  796  0  0  12  0  0  0  0  0  0  0  0  0  0  0  0  0  0  0  111  133  0  6385  0  0  0  1  22  0  66  0  0  0  8  27986  6621  0  5  2  35  0  0  0  7967  0  0  0  0  0  1  9  26811  0  0  0  0  0  0  0  0  0  0  1  42  2  
0  0  0  0  0  0  0  0  0  0  0  0  0  0  0  0  0  0  0  0  0  0  0  0  0  0  0  0  0  0  0  0  0  0  0  0  0  0  0  0  0  0  0  0  0  0  0  0  0  0  0  0  0  0  0  0  0  0  0  0  0  0  0  0  0  0  0  0  0  0  0  0  0  0  0  46996  0  0  0  0  0  0  0  0  0  0  0  0  0  0  0  0  25385  0  189  1  0  0  0  0  0  0  0  0  0  0  0  0  0  0  428  21186  0  0  9  0  0  232  0  0  0  6  1  0  41  0  0  0  0  0  2199  0  0  1952  46  0  0  0  0  0  0  0  0  0  0  36011  16723  0  0  0  0  0  0  0  1  0  10  1  1  0  
0  0  0  0  0  0  0  0  0  0  0  0  0  0  0  0  0  0  0  0  0  0  0  0  0  0  0  0  0  0  0  0  0  0  0  0  0  0  0  0  0  0  0  0  0  0  0  0  0  0  0  0  0  0  0  0  0  0  0  0  0  0  0  0  0  0  0  0  0  0  0  0  0  0  0  51949  0  0  0  0  0  0  0  0  0  0  0  0  0  0  0  1  243  0  89155  12  129  0  0  0  0  0  0  0  0  0  0  1  25  1  65608  83  0  0  6  71  26  174  0  0  0  17  1  20770  4410  0  0  0  0  0  29  4  966  0  19587  0  0  0  2  0  0  0  0  0  0  12799  155  0  0  0  0  0  0  0  19  0  5739  1  0  0  
0  0  0  0  0  0  0  0  0  0  0  0  0  0  0  0  0  0  0  0  0  0  0  0  0  0  0  0  0  0  0  0  0  0  0  0  0  0  0  0  0  0  0  0  0  0  0  0  0  0  0  0  0  0  0  0  0  0  0  0  0  0  0  0  0  0  0  0  0  0  0  0  0  0  0  808  0  0  0  0  0  0  0  0  1  0  0  0  0  0  0  0  111  78  165780  116196  60183  0  0  0  0  0  0  0  2  0  0  3  9  1  5016  36  0  0  37  1794  13984  9206  0  0  0  3  0  38245  48199  0  0  0  0  2  1720  98  24  26541  0  0  4  0  16  0  0  0  0  0  0  1701  575  0  0  0  0  0  0  0  1322  0  39424  8  1  3  
0  0  0  0  0  0  0  0  0  0  0  0  0  0  0  0  0  0  0  0  0  0  0  0  0  0  0  0  0  0  0  0  0  0  0  0  0  0  0  0  0  0  0  0  0  0  0  0  0  0  0  0  0  0  0  0  0  0  0  0  0  0  0  0  0  0  0  0  0  0  0  0  0  0  3127  0  0  0  0  0  0  0  0  0  0  0  24610  12418  26409  0  0  0  0  0  0  0  0  31998  0  0  0  0  0  0  0  0  0  0  0  0  0  0  9  0  0  0  0  0  0  0  0  0  0  0  0  16794  15053  0  0  0  0  0  0  0  0  0  0  641  0  0  0  0  0  0  0  0  0  0  0  0  0  0  0  0  0  0  0  0  0  0  
0  0  0  0  0  0  0  0  0  0  0  0  0  0  0  0  0  0  0  0  0  0  0  18  0  0  0  0  0  0  67  28  0  0  0  0  0  0  0  0  0  0  0  0  0  0  0  0  0  0  0  0  0  0  0  0  0  0  0  0  0  0  2  0  0  0  0  0  0  0  0  0  0  0  44  0  0  0  1  1841  0  0  0  0  0  2  54  17  0  0  1745  10494  0  0  0  1  6239  79687  0  0  0  0  0  0  61841  24568  0  0  102  0  0  0  81  0  3  0  0  0  0  0  4192  2  0  0  0  0  1  0  0  0  0  0  0  0  2  0  0  32353  0  0  0  0  0  11102  0  0  3  0  0  0  1  0  0  1  1969  1692  148  355  63177  4296  
0  0  0  0  0  0  0  0  0  0  0  0  0  0  0  0  0  0  0  0  0  0  0  0  0  0  0  0  0  0  0  0  0  0  0  0  0  0  0  0  0  0  0  0  0  0  0  0  0  0  0  0  0  0  0  0  0  0  0  0  0  0  0  0  0  0  0  0  0  0  0  0  0  0  19227  0  0  0  20  1570  0  0  0  0  0  5  13732  15348  13  8  22  115  0  0  0  0  4  181854  0  0  0  0  0  0  86  1967  0  0  1  0  0  0  25034  53  0  0  0  0  0  0  14141  0  35  0  0  0  6080  0  0  0  0  0  0  0  0  2045  26235  0  0  15  0  0  0  1805  0  0  0  0  0  0  0  0  0  0  67  26570  0  0  14158  3  
0  0  0  0  0  0  0  0  58  2  1  0  0  0  0  0  0  0  0  0  0  0  0  0  0  0  0  0  0  61  0  0  0  0  0  0  0  0  0  0  0  0  0  0  0  0  0  0  0  0  0  0  0  0  0  0  0  0  0  0  0  0  0  0  2  0  0  0  0  0  28  0  0  0  0  0  0  4  0  0  0  0  757  9980  57987  0  0  0  0  0  2  5  6  42610  0  379  2  0  527  42  24348  4  0  102101  0  1  0  0  0  58  0  0  0  0  6995  3  0  55814  2  0  0  93  861  0  1  0  0  0  446  28087  6169  5866  0  0  4  0  0  0  0  198  9  1  0  0  5137  0  4067  2  0  0  0  0  0  0  7  19  15  253  2101  79  
13  0  0  0  1  7804  686  163  2108  4537  0  0  0  0  0  1815  0  0  0  0  0  0  0  0  0  0  0  0  0  3  1  6132  0  0  0  0  0  0  0  0  2  0  0  0  1  0  0  0  23  0  0  8  88  3  0  1  0  0  0  0  0  0  0  0  0  24956  1  0  1  6  5  0  0  0  97  0  0  0  29  43855  29496  34489  52819  27641  0  207  0  165  1  296  1  3  0  0  0  12  0  17  6  0  13  59  6  76  0  19389  0  0  0  0  0  0  4  46  123  0  0  46  412  251  4  11  184  0  0  39  140  805  11  500  0  0  0  0  0  0  0  86  72  0  211  247  292  3176  528  0  29  0  0  653  0  16512  54  1  93  12159  6051  25227  1787  7  
0  0  0  0  0  0  0  0  0  0  0  0  0  0  0  0  0  0  0  0  0  0  0  0  0  0  0  0  0  0  0  0  0  0  0  0  0  0  0  0  0  0  0  0  0  0  0  0  0  0  0  0  0  0  0  0  0  0  0  0  0  0  0  0  0  0  0  0  0  0  0  0  0  0  0  0  14651  329  0  0  2  13  959  294  0  0  0  0  0  0  0  0  0  0  0  0  0  0  3  60025  38799  97793  1  69  0  0  0  1  0  3  0  0  0  0  5580  0  0  8  33161  11931  0  0  55  0  0  0  0  4  8  54615  0  0  0  0  0  0  0  0  33  1231  0  0  19  0  4775  0  10  0  0  0  0  0  0  0  6  844  0  1130  980  244  
0  0  0  0  0  0  0  0  0  0  0  0  0  0  0  0  0  0  0  0  0  0  0  0  0  0  0  0  0  0  0  0  0  0  0  0  0  0  0  0  0  0  0  0  0  0  0  0  0  0  0  0  0  0  0  0  0  0  0  0  0  0  0  0  0  2  0  0  0  0  0  0  0  0  0  0  0  19197  6  23  15  0  0  0  0  39341  0  1  22038  7  0  1  0  0  0  0  0  0  0  3  0  2  56017  0  0  0  0  0  0  0  0  0  0  948  45  0  0  0  52822  0  10  0  17420  0  0  42136  145  18007  0  0  0  0  0  0  0  0  0  0  0  170  0  0  7198  0  0  0  1  0  0  0  0  0  0  0  0  3666  0  33  6153  81  
0  0  0  0  0  0  0  0  0  0  0  0  0  0  0  0  0  0  0  0  0  0  0  0  0  0  0  0  0  0  0  0  0  0  0  0  0  0  0  0  0  0  0  0  0  0  0  0  0  0  0  0  0  0  0  0  0  0  0  0  0  0  0  0  0  0  0  0  0  0  0  0  0  0  0  0  163  2  0  9  161  14798  60  0  0  3  0  0  14599  34516  0  0  0  0  0  0  0  0  0  8  0  1  66424  0  0  0  0  0  0  0  0  0  0  0  44  0  0  0  37462  11  0  0  79  0  0  0  0  45390  0  29  0  0  0  0  0  0  0  0  0  328  27  7460  0  0  30  0  1  0  0  0  0  0  0  0  0  1682  0  18  95  32  
2  0  0  0  0  71  0  0  0  0  0  0  0  0  0  6  0  0  0  0  0  0  0  2  0  0  0  0  0  0  1843  324  0  0  0  0  0  0  0  0  0  0  0  0  0  0  0  0  0  0  0  0  0  0  0  0  0  0  0  0  0  0  0  0  0  80  0  0  0  374  0  0  0  0  9345  0  0  0  346  41786  0  0  0  0  0  0  1  0  0  22308  0  0  0  0  0  0  0  19360  0  0  0  0  0  0  38859  7249  0  0  0  0  0  0  2  0  0  0  0  0  0  0  0  0  0  0  0  0  0  0  0  0  0  0  0  0  0  0  19938  1202  0  4824  0  0  0  0  0  0  0  0  0  0  0  1  0  0  0  13925  0  0  741  1  
0  0  0  0  0  0  0  0  1337  770  0  0  0  0  0  0  0  0  0  0  0  0  0  0  0  0  1  0  0  13  0  0  0  0  0  0  0  0  0  0  0  0  0  0  0  0  0  0  0  0  0  0  0  0  0  0  0  0  0  0  0  0  0  0  0  147  0  0  0  0  63  0  0  0  0  0  135  0  0  1  1  11  39215  52  0  0  0  0  0  2  1  0  0  16  0  0  0  0  28  9  66762  171  3  97499  0  0  0  0  0  5  0  0  0  0  170  0  0  3  447  24327  0  0  14  0  0  0  0  2  55  19880  1  4  0  0  0  0  0  0  6188  672  6362  0  5  0  0  0  119  0  0  0  0  0  0  0  2  104  0  56  188  17  
0  0  0  0  0  0  0  0  0  0  0  0  0  0  0  0  0  0  0  0  0  0  0  0  0  0  0  0  0  0  0  0  0  0  0  0  0  0  0  0  0  0  0  0  0  0  0  0  0  0  0  0  0  0  0  0  0  0  0  0  0  0  0  0  0  0  0  0  0  0  0  0  0  0  0  13794  0  0  0  0  0  0  0  0  0  0  0  0  0  0  1  0  95  2  500  8  8  0  0  1  0  0  0  0  0  0  0  2390  1895  0  126279  173277  0  0  46  0  16852  315  0  0  0  8326  1  71907  35  0  0  0  0  2  191  12  38685  18483  923  0  0  0  3  0  0  0  0  0  0  0  22709  1  0  0  0  0  0  0  1410  0  19426  12  5  0  
0  0  0  0  0  0  0  0  0  0  0  0  0  0  0  0  0  0  0  0  0  0  0  0  0  0  0  0  0  0  0  0  0  0  0  0  0  0  0  0  0  0  0  0  0  0  0  0  0  0  0  0  0  0  0  0  0  0  0  0  0  0  0  0  0  0  0  0  0  0  0  0  0  0  0  999  0  6  0  0  0  0  164  6  0  0  0  0  0  0  11  6  37173  520  208  7  18  0  137646  30926  57  0  0  70  0  0  14729  110603  11725  24336  615  142204  0  1  27137  0  2165  675  0  0  0  83798  1035  14807  20  0  0  0  13836  16463  42195  17707  19797  731  447  0  0  0  3233  28  0  0  0  0  563  30645  0  18768  0  0  0  0  0  0  2226  25  11159  2026  3345  178  
0  0  0  0  0  0  0  0  0  0  0  0  0  0  0  0  0  0  0  0  0  0  0  0  0  0  0  0  0  0  0  0  0  0  0  0  0  0  0  0  0  0  0  0  0  0  0  0  0  0  0  0  0  0  0  0  0  0  0  0  0  0  0  0  0  0  0  0  0  0  0  0  0  0  0  1  0  29  0  0  0  0  0  0  0  8  0  0  0  0  0  0  0  0  0  0  4  0  0  0  0  0  0  0  0  0  39283  9307  21  21663  0  0  0  0  10779  0  0  1  0  0  0  16757  1  0  0  0  0  0  0  0  24  4  1  1  0  0  0  0  1  0  0  0  0  0  0  3  18775  0  0  0  0  0  0  0  121  0  147  745  94  1  
0  0  0  0  0  0  0  0  0  0  0  0  0  0  0  0  12112  27577  0  0  1  0  70896  516  0  0  0  0  0  0  0  160  16  50  24545  1  0  3  0  0  173  0  44596  1  0  0  0  14257  39  46  2  0  0  0  0  0  10  1  45  0  22  0  3960  1  0  0  0  0  0  1  0  0  234  1108  0  0  0  0  0  0  0  0  0  0  0  0  0  0  0  0  0  0  0  0  0  0  0  0  0  0  0  0  0  0  0  0  0  0  0  0  0  0  0  0  0  0  0  0  0  0  0  0  0  0  0  0  0  0  0  0  0  0  0  0  0  0  0  0  0  0  0  0  0  0  0  0  0  0  0  0  273011  11796  53888  1055  0  0  0  1  0  0  
61  0  0  2  35  2216  2475  26272  382  94  0  9  0  1  19  982  6  17  0  0  0  0  0  0  0  1  1  0  327  11  2  343  0  0  0  0  0  0  0  0  10  0  0  6  6020  47  0  4  523  0  0  533  227  28120  0  15  0  2  0  0  0  0  1  1  8  26981  168  617  13597  123  313  0  0  0  1  0  0  0  0  200  1  0  52  0  0  0  0  3  0  0  0  0  0  0  0  0  0  0  0  0  0  0  0  4  0  1  0  0  0  0  0  0  0  0  0  0  0  0  0  0  1  0  0  0  0  0  1  0  0  0  0  0  0  0  0  0  0  0  0  405  0  1  0  0  5  0  0  0  0  0  0  6079  2546  276  0  1754  1  347  0  0  
0  0  0  0  0  0  0  0  2  2400  0  0  0  0  0  0  240  98  4  0  9  5134  47418  0  0  1  0  0  0  6  0  183  53  71  294  6  2  83  0  0  5362  0  16343  7283  0  0  0  14215  0  18172  11  0  0  0  1  4  83  31  2296  8  39922  0  86  0  15  5  0  0  0  3  0  106  4376  4131  0  0  0  0  0  0  0  0  0  1  0  0  0  0  0  0  0  0  0  0  0  10  6  0  0  0  0  0  0  2  0  0  0  0  0  0  0  0  0  0  0  0  0  5  0  0  0  0  0  0  0  0  0  0  0  0  0  0  0  0  0  0  0  0  0  0  0  0  0  0  0  0  0  0  157818  0  0  50093  7548  1565  1  0  13  7  1  0  
42  1  0  3  28  69  1  2  173  1337  0  0  0  0  14  4  4  215  0  0  2  0  56  0  0  21  41  1  0  20  2  3702  39  0  4  0  0  0  0  0  2976  0  0  64  2312  84  0  9632  52  0  1  36  26  40  0  500  4  3  5  0  5  0  292  1  32  2815  2643  9  84  531  32  0  11  1235  0  0  0  0  0  1  0  0  13  8  0  0  0  0  0  0  0  0  0  0  0  8  11  0  0  0  0  0  0  1  0  6  0  0  0  0  0  0  0  0  1  0  0  29  0  0  0  0  0  0  0  0  0  0  0  0  0  0  0  0  0  0  1  0  0  2549  0  0  0  0  0  0  0  0  7477  4441  51864  0  76880  30990  47  0  346  3117  16  2  
7318  0  0  20  700  1667  1  6  57  14  0  193  5  116  154  2  49060  70992  0  0  0  0  197  824  0  142  57  2  20  33  939  5508  280  6  495  0  0  0  81  41  2218  0  170  10  10567  59  23503  40760  44071  0  0  1481  1239  1566  0  983  3  9  6  0  3  1  34398  5142  155  243  3258  863  4481  1629  22  0  11  804  0  0  0  0  0  18  0  0  0  0  0  0  0  0  0  0  0  0  0  0  0  0  0  0  0  0  0  0  0  0  1  0  0  0  0  0  0  0  0  0  0  0  0  0  0  0  0  0  0  0  0  0  0  0  0  0  0  0  0  0  0  0  0  0  0  23  0  0  0  0  0  0  0  0  18150  1512  2382  32813  0  168192  0  1  1  3  1  0  
703  0  0  0  11  979  0  0  1  0  0  3  1  24  1  15  0  37  0  0  0  0  400  111  0  1  0  0  1  0  239  18038  0  0  0  0  0  0  8  8  20  0  0  0  74  0  27  53  28  0  0  155  26  7  0  5  0  0  0  0  1  0  9292  457  2  128  10  4  32  8170  0  0  0  5  0  0  0  0  0  0  0  0  0  0  0  0  0  0  0  0  0  0  0  0  0  0  0  0  0  0  0  0  0  0  0  0  0  0  0  0  0  0  0  0  0  0  0  0  0  0  0  0  0  0  0  0  0  0  0  0  0  0  0  0  0  0  0  0  0  1  0  0  0  0  0  0  0  0  819  670  2004  61816  445512  0  1  0  3  12  3  1  
0  0  0  0  0  0  0  0  0  0  0  0  0  0  0  0  0  0  0  0  0  0  0  0  0  0  0  0  0  0  0  226  0  0  0  0  0  0  0  0  0  0  0  0  0  0  0  0  0  0  0  0  0  0  0  0  0  0  0  0  0  0  0  0  0  0  0  0  0  0  0  0  0  0  0  12  0  0  0  1  0  0  0  0  0  0  0  0  0  0  7042  17234  0  0  2  0  31902  185  0  2  0  0  0  0  651  335  0  11  16799  9  20  32  0  0  142  0  22528  2  0  0  0  35584  0  265  0  0  0  0  1  1  77  16  3  24  1098  0  4283  12  5  4  0  0  0  0  0  562  6697  17  0  0  0  61  3  4  0  2925  255088  12273  51989  108  
4  0  0  0  0  50  5  0  0  0  0  0  0  0  0  13  0  0  0  0  0  0  0  0  0  0  0  0  0  0  0  29  0  0  0  0  0  0  0  0  0  0  0  0  0  0  0  0  0  0  0  3  7  0  0  0  0  0  0  0  0  0  0  0  0  143  0  0  0  0  0  0  0  0  5203  0  0  16  417  27299  132  13  68  126  0  1496  18  1747  2  160  0  12  0  0  0  0  0  1001  0  96  0  383  4  1  70  3118  0  0  0  1  0  0  93  211  545  0  0  5  3403  0  50  0  585  0  0  207  998  3380  0  1907  0  0  0  0  0  0  526  11505  10  6231  3660  1601  669  2164  11  0  28  0  0  1046  0  5  3  0  1859  0  442  28269  107745  54137  
0  0  0  0  0  0  0  0  0  3069  0  0  0  0  0  0  0  0  0  0  0  1  0  0  0  0  0  0  0  0  0  204  0  0  0  0  0  0  0  0  0  0  0  0  0  0  0  0  0  0  0  0  0  0  0  0  0  0  0  0  0  0  0  0  0  854  0  0  0  0  0  0  0  0  0  290  0  0  0  1  0  0  3  2967  0  0  0  0  0  0  1  9  28  10  135  3556  46830  1  1  19  1  0  0  3  91  144  70  105  856  58  3824  406  0  0  5138  1  4545  12791  0  0  0  4001  7  21570  9  0  0  0  7  57  1730  193  78  3338  34117  0  157  0  642  1049  0  0  0  0  3  14482  11750  170  0  0  7  1134  4  0  151820  162  0  57296  5416  247  
0  0  0  0  0  1  0  0  0  765  0  0  0  0  0  0  0  0  0  0  0  0  1  0  0  0  0  0  0  0  0  511  0  0  0  0  0  0  0  0  0  0  0  0  0  0  0  0  0  0  0  0  0  3  0  0  0  0  0  0  0  0  0  0  0  151  0  0  0  1  0  0  0  0  0  29  0  12  0  2  4  1  117  116  0  2  0  0  0  2  5  29  7  0  6  59  1087  6  32  128  3  253  0  16  156  662  243  0  1  13  1  2  0  0  6603  0  0  206  611  0  0  5430  43  0  5  0  0  44  66  4305  417  25  14  12  68  0  306  0  102  8648  3423  11  71  0  50  8  2238  520  0  388  6  3173  14  5  8354  50096  63402  0  28567  24521  
0  0  0  0  0  1  0  0  0  9  0  0  0  0  0  0  0  0  0  0  0  0  0  0  0  0  0  0  0  0  0  18  0  0  0  0  0  0  0  0  0  0  0  0  0  0  0  0  0  0  0  0  0  0  0  0  0  0  0  0  0  0  0  0  0  9  0  0  0  0  0  0  0  0  2838  4  0  29  535  1586  22  1  49  13  0  918  37  1315  2  53  15993  55977  4  4  0  0  4174  8877  89  459  1  43  0  28  1664  5392  15  0  22  9  0  2  121  144  17032  0  0  16  1206  1  41777  25225  34574  0  0  97  718  1492  171  1932  151  19  1  3  1  0  30140  9197  190  346  1346  1439  178  41  130  19  1372  71  0  0  0  5  0  0  28508  72103  1970  9778  0  185565  
0  0  0  0  0  0  0  0  0  0  0  0  0  0  0  0  0  0  0  0  0  0  0  0  0  0  0  0  0  0  0  148  0  0  0  0  0  0  0  0  0  0  0  0  0  0  0  0  0  0  0  0  0  0  0  0  0  0  0  0  0  0  0  0  0  0  0  0  0  0  0  0  0  0  0  0  0  11  0  133  0  1  20  3  0  7  0  0  0  3  0  97  0  0  0  1  99  4  27  182  0  125  0  10  19  5628  0  0  0  3  0  0  0  0  1414  0  0  0  775  0  0  2  61  0  0  0  0  129  60  2152  0  0  0  0  2  0  3804  0  48  21  2183  10  177  0  56  0  217  1  0  0  1  16  0  2  574  168281  279  22470  409645  0  
