0  0  0  0  63394  2000  4  0  0  0  0  20  6  1962  14100  47  0  0  0  0  0  0  0  66217  0  0  0  0  0  0  18892  12  0  0  0  0  0  0  329  115  0  0  0  0  1  0  1242  0  1154  0  0  24793  18787  65  0  0  0  0  0  0  0  16741  1906  16674  0  105  0  2  0  31259  0  0  0  0  172  0  0  0  0  6  0  0  0  0  0  0  0  0  0  980  0  0  0  0  0  0  0  0  0  0  0  0  0  0  4  0  0  0  0  0  0  0  0  0  0  0  0  0  0  0  0  0  0  0  0  0  0  0  0  0  0  0  0  0  0  0  0  0  0  9  0  0  0  0  0  0  0  0  0  25990  0  5  32511  12  0  5  0  0  1  0  
0  0  0  0  0  0  0  0  0  0  5  0  0  0  0  0  0  0  76388  1  34681  15200  0  0  2  0  0  0  0  0  0  0  0  0  0  0  77  0  0  0  0  52296  0  7674  0  0  0  2  0  0  41199  0  0  0  0  3  28476  45  26762  13971  1059  0  0  0  9  0  0  0  0  0  0  26889  16  0  0  0  0  0  0  0  0  0  0  0  0  0  0  0  0  0  0  0  0  0  0  0  0  0  0  0  0  0  0  0  0  0  0  0  0  0  0  0  0  0  0  0  0  0  0  0  0  0  0  0  0  0  0  0  0  0  0  0  0  0  0  0  0  0  0  0  0  0  0  0  0  0  0  0  0  0  1  0  3  0  0  0  0  0  0  0  
0  0  0  0  0  0  0  121  5  0  0  0  0  0  0  41471  0  0  0  0  0  0  0  0  0  3  13721  23778  28448  14294  0  0  0  0  0  0  0  0  0  0  0  0  0  0  66875  38564  0  0  0  0  0  0  0  0  0  1  0  0  0  0  0  0  0  0  0  0  24200  1  93  0  5  0  0  0  0  0  1444  0  0  0  0  8  11  0  0  0  0  0  0  21  0  0  0  0  0  0  0  0  0  0  45  0  0  50  0  0  0  0  0  0  0  0  0  0  0  0  0  0  1  120  0  0  0  0  0  0  0  0  0  0  0  0  0  0  0  0  0  0  0  0  0  0  0  0  36  0  0  0  0  3  0  4  6  3  0  0  0  0  0  0  
1  1  0  0  2  1  1  1  5  36  0  53059  0  20  0  9  256  16  0  0  1  2  0  0  5  47803  19  27324  13464  1  0  0  1568  592  1  119  0  0  0  36  2124  0  0  240  27870  0  0  115  36994  0  0  68  4  3  0  273  3  59  2  0  4  0  0  0  591  14  12537  22122  5  0  2  0  43  37  0  0  0  0  0  0  0  0  0  0  0  0  0  0  0  0  0  0  0  0  0  0  0  0  0  0  0  0  0  0  0  0  0  0  0  0  0  0  0  0  0  0  0  0  0  0  0  0  0  0  0  0  0  0  0  0  0  0  0  0  0  0  0  0  0  0  0  0  0  0  0  0  0  0  0  18  4  54  784  24  0  0  0  0  0  0  
48436  0  0  0  0  5689  5  0  0  0  0  0  0  1  20934  43265  0  0  0  0  0  0  0  53  0  0  0  0  0  0  78  1  0  0  0  0  0  0  0  0  0  0  0  0  0  0  24  0  4  0  0  0  16950  581  0  0  0  0  0  0  0  1  69  9  0  63  0  0  0  30069  0  0  0  0  2  0  0  0  11  9  0  0  0  0  0  0  0  0  0  1005  0  0  0  0  0  0  0  0  0  0  0  0  0  0  0  0  0  0  0  0  0  0  0  0  0  0  0  0  0  0  0  0  0  0  0  0  0  0  0  0  0  0  0  0  0  0  0  0  0  3  0  0  0  0  0  0  0  0  0  4010  0  1  1216  6  0  1  0  0  0  0  
4226  0  0  0  35355  0  36281  4  390  5  0  0  0  10  6502  85228  0  0  0  0  0  0  0  65  0  0  0  0  2  0  85  6929  0  0  0  0  0  0  0  1  1  0  0  0  9  3  4  0  66  0  0  295  7629  31664  0  1  0  0  0  0  0  0  6020  77  1  34439  1  7  0  74432  1  0  0  0  0  0  0  0  0  6596  915  1  0  0  0  0  0  0  0  893  0  0  0  0  0  0  0  0  0  0  0  0  0  0  33  906  0  0  0  0  0  0  0  0  0  0  0  0  0  0  0  0  0  0  0  0  0  0  0  0  0  0  0  0  0  0  0  0  0  4215  0  0  0  24  0  0  0  0  0  19829  0  152  19269  461  0  120  0  0  2  0  
5  0  0  1  7  37286  0  42534  820  10  0  1  0  0  177  96595  0  0  0  0  0  0  0  0  0  5  3  5  75  0  0  0  0  0  0  0  0  0  0  0  5  0  0  0  156  26  0  0  8  0  0  305  121  27900  0  7  0  1  0  0  0  0  0  0  4  34798  14  324  103  1  2  0  0  0  0  0  2  0  0  43  4428  2543  1  0  0  0  0  0  0  46  0  0  0  0  0  0  0  0  0  0  0  0  0  0  0  0  0  0  0  0  0  0  0  0  0  0  0  0  0  0  0  0  0  0  0  0  0  0  0  0  0  0  0  0  0  0  0  0  0  1609  0  0  0  0  0  0  0  0  0  2404  0  66  552  192  0  49  0  0  0  0  
1  0  58  3  0  79  37960  0  47313  194  0  3  0  0  12  88119  0  0  0  0  0  0  0  0  1  37  460  134  8177  14  0  0  0  0  0  0  0  0  0  0  66  0  0  26  24452  30471  0  6  95  0  0  20  0  403  0  307  0  3  0  0  0  0  0  0  94  28637  606  312  3070  0  179  0  1  1  0  0  27  0  0  0  246  12177  2299  0  0  0  0  0  0  89  0  0  0  0  0  0  0  0  0  0  0  0  0  0  0  0  0  0  0  0  0  0  0  0  0  0  0  0  0  27  0  0  0  0  0  0  0  0  0  0  0  0  0  0  0  0  0  0  0  227  0  0  0  0  7  0  0  0  0  4340  0  1430  2040  614  0  0  0  0  0  0  
1  0  12  3  0  1063  212  14607  0  13979  1  2  0  0  12  185  0  0  0  0  0  15  0  0  0  43  918  167  383  7093  0  0  0  0  0  0  0  0  0  0  257  0  0  431  1291  24326  0  13  18  0  0  4  1  12  0  1225  2  5  1  0  0  0  0  0  10291  47074  933  264  138  0  33979  0  17  2  0  0  2  0  0  0  0  164  6106  9  33  0  0  0  0  1  0  0  0  0  0  7  0  0  0  0  0  0  0  1730  0  0  0  0  0  0  0  0  0  0  2  0  0  1  0  16  0  0  1  0  0  0  0  0  0  0  0  0  0  0  0  0  0  0  1  485  0  0  0  0  698  0  0  0  0  621  2  1867  927  561  0  0  0  0  1  0  
0  0  1  2  0  3  1  36  9600  0  0  0  0  0  6  6  0  0  0  0  0  849  6609  0  0  16  317  604  191  8156  0  0  0  0  0  0  0  0  0  0  451  0  0  31531  2050  367  0  310  28  0  0  1  0  1  0  437  1  16  3  0  12  0  0  0  2654  60515  1189  131  40  0  83  0  14  0  0  0  1  3  0  0  1  1  35  17  3  4  0  0  0  1  0  0  0  0  0  4  0  0  0  2  7  0  1  66  0  0  0  0  0  1  0  0  0  3  195  0  0  0  27  0  0  2  53  0  0  0  0  4  0  4  0  0  0  0  0  0  0  0  3  4045  9  48  1  0  4  0  0  0  0  356  10113  21489  1147  544  0  0  0  661  771  370  
0  22  0  0  0  0  0  0  2  0  0  0  0  0  0  0  0  0  414  120356  0  29176  0  0  0  0  363  0  0  4041  0  0  0  0  0  0  0  0  0  0  0  23184  0  151176  0  0  0  0  0  0  43  0  0  0  0  14  2190  12434  1  0  64  0  0  0  90585  0  0  0  0  0  0  0  0  0  0  0  0  0  0  0  0  0  0  0  10909  0  0  0  0  0  0  0  0  18329  0  3031  0  0  0  0  6  0  0  60  0  0  0  0  0  0  0  0  0  0  0  270  0  469  0  0  0  0  0  0  0  0  0  0  0  0  0  2  0  0  2  0  0  0  1  0  0  0  0  0  0  0  0  0  0  0  0  0  0  0  0  0  0  0  0  0  
55  0  0  65515  15  2  0  0  0  1  0  0  0  22776  1622  8  31  587  0  0  0  0  0  0  0  303  1  106  766  0  0  0  66  167  15  0  0  0  2  48519  31  0  1  1  9569  0  2  322  64490  0  0  48989  54  6  0  19  0  2  0  0  0  0  0  2  13  1  120  50781  1  0  0  0  1  0  0  0  0  0  0  0  0  0  0  0  0  0  0  0  0  0  0  0  0  0  0  0  0  0  0  0  0  0  0  0  0  0  0  0  0  0  0  0  0  0  0  0  0  0  0  0  0  0  0  0  0  0  0  0  0  0  0  0  0  0  0  0  0  0  0  0  0  0  0  0  0  0  0  0  0  14  0  5  887  6  0  1  0  0  0  0  
15  0  0  0  0  0  0  0  0  0  0  0  0  11751  0  0  0  118  0  0  0  0  0  52581  0  0  0  0  0  0  0  0  0  0  1  0  0  0  33175  8  0  0  0  0  0  0  16604  12  72  0  0  15  0  0  0  0  0  0  0  0  0  951  0  8179  0  0  0  0  0  1  0  0  0  0  0  0  0  0  0  0  0  0  0  0  0  0  0  0  0  0  0  0  0  0  0  0  0  0  0  0  0  0  0  0  0  0  0  0  0  0  0  0  0  0  0  0  0  0  0  0  0  0  0  0  0  0  0  0  0  0  0  0  0  0  0  0  0  0  0  0  0  0  0  0  0  0  0  0  0  3  0  0  12  0  0  0  0  0  0  0  
632  0  0  11  22  11  0  0  0  0  0  22362  5895  0  1916  8  0  213  0  0  0  0  0  4766  0  1  0  0  0  0  0  0  0  4  0  0  0  0  28845  56073  0  0  0  0  0  0  109  0  17368  0  0  95156  146  0  0  0  0  0  0  0  0  26715  0  3851  0  0  0  26  0  2  0  0  0  0  0  0  0  0  0  0  0  0  0  0  0  0  0  0  0  0  0  0  0  0  0  0  0  0  0  0  0  0  0  0  0  0  0  0  0  0  0  0  0  0  0  0  0  0  0  0  0  0  0  0  0  0  0  0  0  0  0  0  0  0  0  0  0  0  0  0  0  0  0  0  0  0  0  0  0  22  0  0  156  0  0  0  0  0  0  0  
15495  0  1  0  24390  5393  590  3  28  2  0  590  0  519  0  54705  0  1  0  0  0  0  0  10034  0  0  3  9  22891  0  0  0  0  0  0  0  0  0  3  1  1  0  0  2  585  2  3  0  84  0  0  272250  215535  198585  0  9  0  1  0  0  0  33893  0  32  3  113  10  60515  21624  3  0  0  0  0  0  0  0  0  0  1  0  0  0  0  0  0  0  0  0  3  0  0  0  0  0  0  0  0  0  0  0  0  0  0  0  0  0  0  0  0  0  0  0  0  0  0  0  0  0  0  0  0  0  0  0  0  0  0  0  0  0  0  0  0  0  0  0  0  0  6  0  0  0  0  0  0  0  0  0  1253  0  46  2703  198  0  0  0  0  0  0  
229  0  39008  3  54902  89409  74651  67372  402  17  0  5  0  0  53679  0  0  1  0  0  0  0  0  0  2  18  2  115  26581  0  3  0  0  0  0  0  0  0  0  4  10  0  0  3  9354  12027  0  0  41  0  0  194  6928  219164  0  16  0  2  0  0  0  0  0  0  10  229  118  463  33818  12887  1  0  0  0  0  0  1543  0  99  826  622  479  57  0  0  0  0  0  0  4632  0  0  0  0  0  0  0  0  0  0  0  0  0  4  0  0  0  0  0  0  0  0  0  0  0  0  0  0  0  91  0  0  0  0  0  0  0  0  0  0  0  0  0  0  0  0  0  0  0  15  0  0  0  0  1  0  0  0  0  1191  0  65  1736  159  0  5  0  0  0  0  
0  0  0  621  0  0  0  0  4  50  0  75  2  0  0  0  0  55651  0  0  1  0  8909  48  0  221  15  8  4  0  0  70  1435  178  11327  0  0  1  0  0  6364  0  1159  18  20  4  10  68377  19035  1  0  0  0  0  0  24  0  4  0  0  0  0  415  0  69  34  46  6  1  0  2  0  23  0  0  0  0  0  0  0  0  0  0  0  0  0  0  0  0  0  0  0  0  0  0  0  0  0  0  0  0  0  0  0  0  0  0  0  0  0  0  0  0  0  0  0  0  0  0  0  0  0  0  0  0  0  0  0  0  0  0  0  0  0  0  0  0  0  0  0  0  0  0  0  0  0  0  0  20457  2  400  81  104174  42  0  0  0  0  0  0  
7  0  0  38  1  1  0  0  0  0  0  837  126  276  2  1  43826  0  0  0  0  0  296  4196  0  0  1  0  0  0  0  233  39  44  298  0  0  0  109  249  6  0  24  1  1  1  38848  6081  48725  0  0  14  13  0  0  1  0  0  0  0  0  0  6213  2  1  0  0  0  0  0  0  0  0  0  0  0  0  0  0  0  0  0  0  0  0  0  0  0  0  0  0  0  0  0  0  0  0  0  0  0  0  0  0  0  0  0  0  0  0  0  0  0  0  0  0  0  0  0  0  0  0  0  0  0  0  0  0  0  0  0  0  0  0  0  0  0  0  0  0  0  0  0  0  0  0  0  0  0  4448  4  8  187  147153  2261  0  0  0  0  0  0  
0  67190  0  0  0  0  0  0  0  0  53  0  0  0  0  0  0  0  0  10253  273  2372  0  0  24438  0  81  0  0  0  0  0  1  1  0  1  80  0  0  0  33  40741  0  2086  22  0  0  68  5  0  8101  0  0  1  0  721  165903  47089  46459  128  6586  0  0  0  84  0  1  2  0  0  0  596  51709  17  0  0  0  0  0  0  0  0  0  0  0  0  0  0  0  0  0  0  0  0  0  0  0  0  0  0  0  0  0  0  0  0  0  0  0  0  0  0  0  0  0  0  0  0  0  0  0  0  0  0  0  0  0  0  0  0  0  0  0  0  0  0  0  0  0  0  0  0  0  0  0  0  0  0  0  0  10  7  33  0  0  0  0  0  0  0  
0  61  0  0  0  0  0  0  0  0  129088  0  0  0  0  0  0  0  8824  0  0  208  0  0  70  0  24523  0  0  70  0  0  0  0  0  0  0  0  0  0  0  31446  0  25062  0  0  0  0  0  0  304  0  0  0  0  8877  7961  51404  2  0  548  0  0  0  34396  0  0  0  0  0  0  0  0  0  0  0  0  0  0  0  0  0  0  0  6845  0  0  0  0  0  0  0  0  10507  0  74  0  0  0  0  99  0  0  44  0  0  0  0  0  0  0  0  0  0  0  27  0  9  0  0  0  0  0  0  0  0  0  0  0  0  0  1  0  0  0  0  0  0  0  0  0  0  0  0  0  0  0  0  0  0  0  1  1  0  0  0  0  0  0  0  
0  41711  0  0  0  0  0  0  0  0  0  0  0  0  0  0  0  0  427  0  0  1547  613  0  5  1  0  0  0  0  0  0  0  0  0  0  9858  22  0  0  0  0  18  25  0  0  0  1  0  32338  8916  0  0  0  0  25  213  98  1841  113118  108338  0  0  0  7  0  0  0  0  0  0  652  201  3  0  0  0  0  0  0  0  0  0  0  0  0  0  0  0  0  0  0  0  0  2  3  0  0  0  0  0  0  0  0  0  0  0  0  0  0  0  0  0  0  0  1  0  0  0  0  0  0  0  0  13  0  0  0  0  0  0  0  0  0  15  0  0  0  0  0  0  0  0  0  0  0  0  0  1  0  60  58  0  0  0  0  0  15  0  0  
0  17425  0  0  0  0  0  0  2  458  15663  0  0  0  0  0  0  0  1401  90  3436  0  5500  0  0  0  0  0  0  1386  0  0  0  0  0  0  0  0  0  1  18  56396  0  204701  13  0  0  27  2  0  54895  0  1  0  0  223  2881  3553  959  3  134946  0  0  0  3631  23  0  2  0  0  0  7  54  1  0  3  0  0  0  0  0  0  1  1  154  0  0  0  0  0  0  0  1  2  1  5242  0  0  0  0  0  0  0  8  0  0  0  0  0  0  0  0  0  0  0  216  0  245  0  0  0  0  0  0  34  0  0  0  0  0  0  0  0  1  92  0  0  0  0  1  0  0  0  0  0  0  0  0  0  0  28  50  30  0  0  0  0  13  0  0  
0  0  0  0  0  0  0  0  1  7579  0  0  0  0  0  0  11296  7834  3  0  845  6065  0  0  1  4  1  1  0  0  0  5  1  3  1942  3  121  2  0  0  369  0  30964  20198  0  0  0  1223  7  751  0  0  0  0  0  10  8  46  23  1  55872  0  1  0  56  48  5  3  0  0  0  0  48  6  0  0  0  0  0  0  0  0  0  0  0  0  0  0  0  0  0  0  0  0  0  0  0  0  0  0  0  0  0  0  0  0  0  0  0  0  0  0  0  0  0  0  0  0  0  0  0  0  0  0  0  0  0  0  0  0  0  0  0  0  0  0  0  0  0  0  0  0  0  0  0  0  0  0  65354  0  75526  1848  4171  2  0  1  1  9  0  0  
72058  0  0  0  101  32  0  0  0  0  0  4  41287  9177  13887  0  31  5030  0  0  0  0  1  0  0  0  0  0  0  0  40861  166  0  2  7  0  0  0  4238  39  0  0  39  0  0  0  41277  2630  273  0  0  241  4  0  0  0  0  0  0  0  0  56839  120523  181486  0  5  0  1  0  10346  0  0  0  0  1  0  0  0  0  0  0  0  0  0  0  0  0  0  0  1  0  0  0  0  0  0  0  136  0  0  0  0  0  0  409  4  0  0  0  0  0  0  0  0  0  0  0  0  0  0  0  0  0  0  0  0  0  0  0  0  0  0  0  0  0  0  3  0  0  0  0  0  0  0  0  0  0  0  721  5096  1  5  28643  200  0  0  0  2  0  0  
0  1  0  1  0  0  0  0  1  0  0  0  0  0  0  1  0  0  22444  237  6  2  2  0  0  18747  7772  0  0  0  0  0  4  8  0  7576  61  6939  0  0  3597  0  0  28  22  0  0  435  8  0  5  2  0  0  23453  85014  82  7082  237  10  103  0  0  0  55  0  12  7  0  0  0  29  187589  105  0  0  0  0  0  0  0  0  0  0  0  0  0  0  0  0  0  0  0  0  0  0  0  0  0  0  0  0  0  0  0  0  0  0  0  0  0  0  0  0  0  0  0  0  0  0  0  0  0  0  0  0  0  0  0  0  0  0  0  0  0  0  0  0  0  0  0  0  0  0  0  0  0  0  11  1  209  134  106  1  0  0  0  0  0  0  
1  0  14  54817  1  0  0  4  68  337  0  101  0  3  11  16  250  0  3  5  1  1  0  0  20173  0  1361  11465  38  4  0  0  208  10127  0  66202  0  53  0  28  66488  0  0  112  1364  25  0  140  17311  0  1  51  0  4  27504  40062  19  141  11  0  4  1  0  0  960  80  78738  645  48  0  11  0  19488  26  0  0  0  0  0  0  0  0  0  0  0  0  0  0  0  0  0  0  0  0  0  0  0  0  0  0  0  0  0  0  0  0  0  0  0  0  0  0  0  0  0  0  0  0  0  0  0  0  0  0  0  0  0  0  0  0  0  0  0  0  0  0  0  0  0  0  0  0  0  0  0  0  0  0  0  36  9  291  3096  115  0  0  0  0  0  0  
0  0  14791  0  0  3  0  21  995  245  113  0  0  0  7  4  0  0  240  25015  0  0  0  0  5755  2775  0  138  204  144958  0  0  0  0  0  0  0  0  0  0  406  0  0  40  440  12063  0  10  16  0  0  3  1  1  0  149901  0  57  0  0  1  0  0  0  36512  634  61632  120  63  0  27797  0  14  0  0  0  0  0  0  0  0  0  0  0  18  0  0  0  0  0  0  0  0  79  0  0  0  0  0  0  65  0  0  435  0  0  0  0  0  0  0  0  0  0  1  0  0  0  0  0  0  0  0  0  0  0  0  0  0  0  0  0  0  0  0  0  0  0  0  4  0  0  0  0  0  0  0  0  0  144  0  1526  849  410  0  0  0  0  2  0  
0  0  19356  38090  0  0  0  1  5  13  0  54  0  0  1  6  0  0  0  0  0  0  0  0  0  10502  19  0  18151  1  0  0  0  0  0  0  0  0  0  0  19  0  0  1  196635  10069  0  0  30  0  0  0  0  0  0  7  0  0  0  0  0  0  0  0  0  46  118028  22  51  0  0  0  0  0  0  0  0  0  0  0  0  0  0  0  0  0  0  0  0  0  0  0  0  0  0  0  0  0  0  0  0  0  0  0  0  0  0  0  0  0  0  0  0  0  1  0  0  0  0  0  0  0  0  0  0  0  0  0  0  0  0  0  0  0  0  0  0  0  0  1  0  0  0  0  0  0  0  0  0  60  0  328  187  94  0  0  0  0  0  0  
0  0  24695  14406  0  3  8  12764  225  47  0  1448  0  0  21834  24847  0  0  0  0  0  0  0  0  0  12  152  18676  0  1  0  0  0  0  0  0  0  0  0  0  23  0  0  7  198507  700  0  0  60  0  0  248  0  130  0  150  0  2  0  0  0  0  0  0  26  270  3902  94009  85836  0  13  0  0  0  0  0  8  0  0  0  0  0  0  0  0  0  0  0  0  0  0  0  0  0  0  0  0  0  0  0  0  0  0  0  0  0  0  0  0  0  0  0  0  0  1  0  0  0  0  0  0  0  0  0  0  0  0  0  0  0  0  0  0  0  0  0  0  0  0  2  0  0  0  0  0  0  0  0  0  2284  0  731  1118  217  0  0  0  0  0  0  
0  0  11024  0  0  2  1  3  8207  14859  5753  0  0  0  1  1  0  0  0  124  0  3081  0  0  0  0  158965  21  13  0  0  0  0  0  0  0  0  0  0  0  14  0  0  12176  45  54565  0  0  1  0  0  0  0  0  0  1668  0  0  0  0  0  0  0  0  85498  99  2956  12  7  0  61386  0  0  0  0  0  10  0  0  0  0  1  128  4  468  0  0  0  0  0  0  0  0  62  0  53  0  0  0  0  14144  0  0  28899  0  0  0  0  0  0  0  0  0  0  0  0  0  1  0  15  0  0  0  0  0  0  0  0  0  1  0  0  0  0  0  0  0  0  28  5  0  0  0  0  496  0  0  0  0  12  0  71  50  23  0  0  0  0  0  0  
29452  0  0  0  105  65  0  0  0  0  0  0  0  0  0  0  0  0  0  0  0  0  0  38085  0  0  0  0  0  0  0  19206  0  0  0  0  0  0  0  0  0  0  0  0  0  0  66  0  0  0  0  0  0  0  0  0  0  0  0  0  0  0  77928  328  0  0  0  0  0  48779  0  0  0  0  1042  0  0  0  0  675  0  0  0  0  0  0  0  0  0  4304  0  0  0  0  0  0  0  375  0  0  0  0  0  0  11769  399  0  0  0  0  0  0  0  0  0  0  0  0  0  0  0  0  0  0  0  0  0  0  0  0  0  0  0  0  0  0  15  1  0  0  0  0  0  1286  0  0  0  0  159  6  0  63  6733  6  0  0  1  5  0  1  
22  0  0  0  14  5359  0  0  0  0  0  0  0  0  0  0  47  498  0  0  0  0  1  130  0  0  0  0  0  0  17470  0  0  0  0  0  0  0  0  0  0  0  0  0  0  0  67  0  0  0  0  0  7  0  0  0  0  0  0  0  0  1  20296  394  0  9622  0  0  0  13880  0  0  0  0  0  0  0  0  0  38  0  0  0  0  0  0  0  0  0  26  0  0  0  0  1  0  0  0  0  0  0  0  0  0  64  888  0  0  0  0  0  0  0  0  0  0  0  0  0  0  0  0  0  0  0  0  0  0  0  0  0  0  0  0  1  0  3  0  0  34  0  0  0  5  0  0  0  0  597  25273  167  8429  26779  5582  5  124  11  250  0  7  
0  0  0  4913  0  0  0  0  1  5  0  189  0  0  0  0  942  54  2  0  0  0  0  0  0  578  2  0  0  0  0  0  0  23446  0  1207  0  0  0  0  14373  0  0  10  5  0  0  62306  240  0  0  0  0  0  0  14  0  14  0  0  0  0  0  0  34  4  3  1  0  0  0  0  7401  55625  0  0  0  0  0  0  0  0  0  0  0  0  0  0  0  0  0  0  0  0  0  0  0  0  0  0  0  0  0  0  0  0  0  0  0  0  0  0  0  0  0  0  0  0  0  0  0  0  0  0  0  0  0  0  0  0  0  0  0  0  0  0  0  0  0  0  0  0  0  0  0  0  0  0  0  1  102  272  2579  2  0  0  0  0  0  0  
0  0  0  2707  0  0  0  0  0  0  0  111  1  8  0  0  53  19  2  0  0  0  2  4  9  7254  1  0  0  0  0  0  25482  0  61263  82162  57  15312  0  1  856  0  21523  3  1  0  1  61471  35  1300  0  0  0  0  0  198  7  21  138  20  3335  0  0  0  3  0  0  0  0  0  0  77  133642  21158  0  0  0  0  0  0  0  0  0  0  0  0  0  0  0  0  0  0  0  0  0  0  0  0  0  0  0  0  0  0  0  0  0  0  0  0  0  0  0  0  0  0  0  0  0  0  0  0  0  0  0  0  0  0  0  0  0  0  0  0  0  0  0  0  0  0  0  0  0  0  0  0  0  0  91  0  3273  53  54  0  0  0  0  0  0  0  
0  0  0  4  0  0  0  0  0  1  0  2  1  0  0  0  18046  71  0  0  0  0  405  6  1  0  0  0  0  0  0  0  1  55075  0  0  2  17  0  0  2  0  27222  2  0  0  1  61325  1  9  0  0  0  0  0  4  0  3  25  3  188  0  2  0  0  0  0  0  0  0  0  3  6343  8  0  0  0  0  0  0  0  0  0  0  0  0  0  0  0  0  0  0  0  0  0  0  0  0  0  0  0  0  0  0  0  0  0  0  0  0  0  0  0  0  0  0  0  0  0  0  0  0  0  0  0  0  0  0  0  0  0  0  0  0  0  0  0  0  0  0  0  0  0  0  0  0  0  0  15395  0  1602  7  409  0  0  0  0  0  0  0  
0  0  0  216  0  0  0  0  1  0  0  0  0  0  0  0  4  0  5  0  0  1  2  0  4176  75100  0  0  0  0  0  0  1061  75194  0  0  0  1  0  0  52212  0  0  7  1  0  0  762  3  0  0  0  0  0  15761  16546  24  79  2  0  3  0  0  0  9  1  35  6  0  0  2  0  56642  21483  0  0  0  0  0  0  0  0  0  0  0  0  0  0  0  0  0  0  0  0  0  0  0  0  0  0  0  0  0  0  0  0  0  0  0  0  0  0  0  0  0  0  0  0  0  0  0  0  0  0  0  0  0  0  0  0  0  0  0  0  0  0  0  0  0  0  0  0  0  0  0  0  0  0  1  0  17  14  12  0  0  0  0  0  0  0  
0  67  0  0  0  0  0  0  0  0  0  0  0  0  0  0  0  0  59  0  6782  0  200  0  33  0  0  0  0  0  0  0  0  65  6  0  0  54142  0  0  0  0  34558  0  0  0  0  12  0  76252  4  0  0  0  0  2  0  1  43512  81200  1352  0  0  0  0  0  0  0  0  0  0  148321  1255  0  0  0  0  0  0  0  0  0  0  0  0  0  0  0  0  0  0  0  0  0  0  0  0  0  0  0  0  0  0  0  0  0  0  0  0  0  0  0  0  0  0  0  0  0  0  0  0  0  0  0  0  0  0  0  0  0  0  0  0  0  0  0  0  0  0  0  0  0  0  0  0  0  0  0  3  0  322  2  2  0  0  0  0  0  0  0  
0  0  0  0  0  0  0  0  0  0  0  0  0  0  0  0  0  0  2  0  25  0  4  0  6568  156  0  0  0  0  0  0  0  14823  41  4  38062  0  0  0  2  0  17551  3  0  0  0  87  0  684  1  0  0  0  508  24  1  9  26948  9204  2354  0  0  0  2  0  0  0  0  0  0  124695  196683  7  0  0  0  0  0  0  0  0  0  0  0  0  0  0  0  0  0  0  0  0  0  0  0  0  0  0  0  0  0  0  0  0  0  0  0  0  0  0  0  0  0  0  0  0  0  0  0  0  0  0  0  0  0  0  0  0  0  0  0  0  0  0  0  0  0  0  0  0  0  0  0  0  0  0  9  0  1256  23  10  0  0  0  0  0  0  0  
878  0  0  0  3  0  0  0  0  0  0  12  31024  35030  0  0  0  103  0  0  0  0  0  1732  0  0  0  0  0  0  0  0  0  1  0  0  0  0  0  1104  0  0  0  0  0  0  11815  0  15223  0  0  913  2  0  0  0  0  0  0  0  0  975  9  8098  1  0  0  7  0  46  0  0  0  0  0  0  0  0  0  0  0  0  0  0  0  0  0  0  0  0  0  0  0  0  0  0  0  0  0  0  0  0  0  0  0  0  0  0  0  0  0  0  0  0  0  0  0  0  0  0  0  0  0  0  0  0  0  0  0  0  0  0  0  0  0  0  0  0  0  0  0  0  0  0  0  0  0  0  0  80  0  0  54  0  0  0  0  0  0  0  
99  0  0  2  12  10  2  0  0  0  0  46227  0  61265  15  10  0  366  0  0  0  0  0  4  0  0  0  0  0  0  0  0  0  0  0  0  0  0  510  0  1  0  0  0  15  0  3  0  37406  0  0  6233  87  3  0  0  0  1  0  0  0  20  0  18  2  1  0  988  0  0  0  0  0  0  0  0  0  0  0  0  0  0  0  0  0  0  0  0  0  0  0  0  0  0  0  0  0  0  0  0  0  0  0  0  0  0  0  0  0  0  0  0  0  0  0  0  0  0  0  0  0  0  0  0  0  0  0  0  0  0  0  0  0  0  0  0  0  0  0  0  0  0  0  0  0  0  0  0  0  14  0  1  234  2  0  1  0  0  0  0  
6  3  0  828  2  1  2  13  304  959  0  112  0  22  71  27  4549  0  224  11  6  22  65  0  1594  70968  556  253  207  9  0  0  13142  1309  0  41061  0  0  0  85  0  0  0  2824  2485  104  0  22832  19006  0  20  143  10  23  9  24274  602  3869  93  2  153  0  0  0  5198  631  2086  2466  282  0  66  0  39016  12301  0  0  0  0  0  0  0  0  0  0  0  0  0  0  0  0  0  0  0  0  0  0  0  0  0  0  0  0  0  0  0  0  0  0  0  0  0  0  0  0  2  0  0  0  0  0  0  0  0  0  0  0  0  0  0  0  0  0  0  0  0  0  0  0  0  3  0  0  0  0  0  0  0  0  19  295  2927  11039  50140  2077  0  0  0  0  1  0  
0  38436  0  0  0  0  0  0  0  0  19724  0  0  0  0  0  0  0  39020  26514  0  49108  0  0  0  0  0  0  0  0  0  0  0  0  0  0  0  0  0  0  0  0  0  52192  0  0  0  0  0  0  221  0  0  0  0  0  58742  41  3  0  30  0  0  0  0  0  0  0  0  0  0  0  0  0  0  0  0  0  0  0  0  0  0  0  893  0  0  0  0  0  0  0  0  10  0  0  0  0  0  0  0  0  0  0  0  0  0  0  0  0  0  0  0  0  0  17  0  0  0  0  0  0  0  0  0  0  0  0  0  0  0  0  0  0  0  0  0  0  0  0  0  0  0  0  0  0  0  0  0  0  0  0  0  0  0  0  0  0  0  0  
0  0  0  0  0  0  0  0  1  0  0  0  0  0  0  0  323  8  0  0  2  0  26774  8  3  1  0  0  0  0  0  0  1  25278  23812  0  36781  18104  0  0  6  0  0  3  0  0  2  5015  0  19122  0  0  0  0  0  7  2  5  68  55  21444  0  0  0  4  0  0  0  0  0  0  8039  2496  11  0  0  0  0  0  0  0  0  0  0  0  0  0  0  0  0  0  0  0  0  0  0  0  0  0  0  0  0  0  0  0  0  0  0  0  0  0  0  0  0  0  0  0  0  0  0  0  0  0  0  0  0  0  0  0  0  0  0  0  0  0  0  0  0  0  0  0  0  0  0  0  0  0  0  81969  0  7228  6  17  0  0  0  0  0  0  0  
0  4828  0  8  0  2  1  6  512  27467  144037  13  0  2  5  1  0  0  11025  20090  250  186910  8597  0  47  67  563  146  52  8738  0  0  18  8  0  15  0  1  0  4  1793  33948  0  0  846  89  0  841  184  0  33571  23  2  2  0  1475  42412  27340  4699  23  32223  0  0  0  96591  242  445  219  19  0  770  8  1655  118  0  0  0  0  0  0  0  0  0  0  11  0  0  0  0  0  0  0  0  0  0  50  0  0  0  0  0  0  0  3  0  0  0  0  0  0  0  0  0  0  0  4  0  2  0  0  0  0  0  0  0  0  0  0  0  0  0  0  0  0  0  0  0  0  0  2  0  0  0  0  0  0  0  0  0  66  1915  1002  1337  190  0  0  0  0  1  0  
10  0  66489  43976  1  77  136  18997  759  494  0  5690  0  40  499  10867  2  0  9  1  0  1  0  0  13  1263  669  201093  185284  2  0  0  3  0  0  0  0  0  2  131  793  0  0  218  0  32308  0  110  13676  0  1  372  23  143  0  1333  15  145  8  0  2  0  0  0  972  1662  166899  70335  70323  0  50  0  57  8  0  0  0  0  0  0  0  0  0  0  0  0  0  0  0  0  0  0  0  0  0  0  0  0  0  0  0  0  0  0  0  0  0  0  0  0  0  0  0  0  0  0  0  0  0  0  0  0  0  0  0  0  0  0  0  0  0  0  0  0  0  0  0  0  0  3  0  0  0  0  0  0  0  0  0  3424  3  2926  5994  1159  0  0  0  0  1  0  
0  0  43071  2  0  20  26  32274  40415  243  0  0  0  0  32  22016  0  0  0  2  0  0  0  0  1  20  28784  6467  7669  48616  0  0  1  0  0  0  0  0  0  1  305  0  0  26  24075  0  0  30  25  0  0  2  0  376  0  12378  2  18  0  0  1  0  0  0  296  2528  23473  315  3360  0  34129  0  44  3  0  0  35  0  0  0  0  56  182  0  0  0  0  0  0  23  0  0  0  0  0  0  0  0  0  0  4  0  0  34  0  0  0  0  0  0  0  0  0  0  2  0  0  0  0  74  0  0  1  0  0  0  0  0  0  0  0  0  0  0  0  0  0  0  0  7  0  0  0  0  97  0  0  0  0  2080  0  2630  3725  960  0  0  0  0  1  0  
5856  0  0  0  475  6  0  0  0  0  0  4  17331  464  1  1  2  42002  0  0  0  0  0  34710  0  0  0  0  0  0  6  19  0  1  5  0  0  0  10573  23  0  0  5  0  0  0  0  2483  7614  0  0  718  33  0  0  0  0  0  0  0  0  186  409  34473  0  0  0  0  0  146  0  0  0  0  0  0  0  0  0  0  0  0  0  0  0  0  0  0  0  0  0  0  0  0  0  0  0  0  0  0  0  0  0  0  0  0  0  0  0  0  0  0  0  0  0  0  0  0  0  0  0  0  0  0  0  0  0  0  0  0  0  0  0  0  0  0  0  0  0  0  0  0  0  0  0  0  0  0  3  299  0  0  72263  0  0  0  0  0  0  0  
1  0  0  288  0  0  0  1  20  86  0  144  6  1  0  1  67053  8777  66  0  1  4  605  2379  45  130  35  20  15  0  0  0  47285  58156  57324  620  0  133  0  1  16227  0  7231  286  112  5  2374  0  428  10  1  2  0  0  0  288  197  822  93  6  171  0  495  0  593  99  136  60  7  0  9  15  102367  31492  0  0  0  0  0  0  0  0  0  0  0  0  0  0  0  0  0  0  0  0  0  0  0  0  0  0  0  0  0  0  0  0  0  0  0  0  0  0  0  0  0  0  0  0  0  0  0  0  0  0  0  0  0  0  0  0  0  0  0  0  0  0  0  0  0  0  0  0  0  0  0  0  0  0  18371  52  10179  12307  107392  415  0  0  0  0  0  0  
6781  0  0  32436  668  281  96  43  249  894  0  49444  2  17599  505  593  16039  42675  10  1  0  1  0  147  7  14758  166  175  117  4  0  0  59  24  1  2  0  0  13836  30773  24273  0  0  404  30326  42  8669  409  0  0  0  10570  2908  198  0  689  25  153  6  0  2  657  4  1070  1110  864  2666  36853  104  23  44  0  65  5  0  0  0  0  0  0  0  0  0  0  0  0  0  0  0  0  0  0  0  0  0  0  0  0  0  0  0  0  0  0  0  0  0  0  0  0  0  0  0  0  0  0  0  0  0  0  0  0  0  0  0  0  0  0  0  0  0  0  0  0  0  0  0  0  0  2  0  0  0  0  0  0  0  0  0  728  10  1009  156550  661  0  2  0  0  0  0  
0  0  0  0  0  0  0  0  0  0  0  0  0  0  0  0  0  0  1  0  27799  0  825  0  3  0  0  0  0  0  0  0  0  2213  13  0  87422  2155  0  0  2  0  18534  0  1  0  0  24  1  0  1  0  0  0  0  9  0  3  256  23568  48515  0  0  0  1  0  0  0  0  0  0  6970  1831  1  0  0  0  0  0  0  0  0  0  0  0  0  0  0  0  0  0  0  0  0  0  0  0  0  0  0  0  0  0  0  0  0  0  0  0  0  0  0  0  0  0  0  0  0  0  0  0  0  0  0  0  0  0  0  0  0  0  0  0  0  0  0  0  0  0  0  0  0  0  0  0  0  0  0  243  0  983  7  3  0  0  0  0  0  0  0  
0  42651  0  0  0  0  0  0  0  0  5  0  0  0  0  0  0  0  7804  56  10581  45281  0  0  7  3  0  0  0  0  0  0  0  0  0  2  1  0  0  0  5  1304  0  18677  4  0  0  7  1  0  0  1  0  0  0  30  7177  592  8681  1722  25374  0  0  0  62  0  0  0  0  0  0  987  209  2  0  0  0  0  0  0  0  0  0  0  0  0  0  0  0  0  0  0  0  0  0  1  0  0  0  0  0  0  0  0  0  0  0  0  0  0  0  0  0  0  0  1  0  0  0  0  0  0  0  0  0  0  0  0  0  0  0  0  0  0  0  0  0  0  0  0  0  0  0  0  0  0  0  0  0  1  0  1  8  0  0  0  0  1  0  0  
26961  0  0  5  396  1075  1474  14  79  0  0  51249  0  95370  227716  2722  0  8  1  0  0  0  0  505  0  8  4  11  242  0  0  0  0  0  0  0  0  0  1040  12900  9  0  0  7  168  3  1238  0  6917  0  0  0  62545  27603  0  8  0  1  1  0  0  13944  15  2754  18  408  9  46761  85  107  1  0  1  0  0  0  0  0  0  0  0  0  1  0  0  0  0  0  0  0  0  0  0  0  0  0  0  0  0  0  0  0  0  0  0  0  0  0  0  0  0  0  0  0  0  0  0  0  0  0  0  0  0  0  0  0  0  0  0  0  0  0  0  0  0  0  0  0  0  13  0  0  0  0  0  0  0  0  0  4425  0  147  52385  576  0  3  0  0  0  0  
23776  0  0  0  23700  4725  64  0  26  1  0  14  0  222  205012  4876  0  2  0  0  0  0  0  2  0  0  0  0  0  0  0  0  0  0  0  0  0  0  1  74  1  0  0  0  1  0  59  0  1057  0  0  60481  0  31156  0  0  0  0  0  0  0  1  2  19  0  775  0  9  0  4  0  0  0  0  0  0  0  0  0  13  0  0  0  0  0  0  0  0  0  0  0  0  0  0  0  0  0  0  0  0  0  0  0  0  0  0  0  0  0  0  0  0  0  0  0  0  0  0  0  0  0  0  0  0  0  0  0  0  0  0  0  0  0  0  0  0  0  0  0  79  0  0  0  0  0  0  0  0  0  7569  0  96  32243  401  0  64  0  0  2  0  
39  0  1  5  409  32832  33126  920  593  10  0  2  0  0  199489  283375  0  0  0  0  0  0  0  0  1  20  8  39  450  0  0  0  0  0  0  0  0  0  0  0  15  0  0  1  483  293  0  2  60  0  0  36437  29190  0  0  23  0  0  0  0  0  0  1  0  9  1682  51  13899  33629  7  0  0  1  0  0  0  0  0  0  0  0  0  1  0  0  0  0  0  0  0  0  0  0  0  0  0  0  0  0  0  0  0  0  0  0  0  0  0  0  0  0  0  0  0  0  0  0  0  0  0  0  0  0  0  0  0  0  0  0  0  0  0  0  0  0  0  0  0  0  50  0  0  0  0  0  0  0  0  0  8571  0  336  5759  1240  0  16  0  0  0  0  
0  0  0  0  0  0  0  0  0  0  0  0  0  0  0  0  0  0  0  0  0  0  0  0  20930  36620  2  0  0  0  0  0  0  0  0  15745  0  95  0  0  14  0  0  0  0  0  0  0  0  0  0  0  0  0  0  11  0  0  0  0  0  0  0  0  0  0  0  0  0  0  0  0  19681  0  0  0  0  0  0  0  0  0  0  0  0  0  0  0  0  0  0  0  0  0  0  0  0  0  0  0  0  0  0  0  0  0  0  0  0  0  0  0  0  0  0  0  0  0  0  0  0  0  0  0  0  0  0  0  0  0  0  0  0  0  0  0  0  0  0  0  0  0  0  0  0  0  0  0  0  0  0  0  0  0  0  0  0  0  0  0  
1  5  30  194  0  6  9  38  2382  809  138  23  0  3  44  23  2  0  999  19019  43  643  5  0  90867  48328  173835  111  509  1511  0  0  53  36  0  13854  0  9  0  13  30955  0  0  1179  2059  7987  0  1848  741  0  69  51  3  15  5  0  475  38354  450  21  811  0  0  0  71455  1487  58120  976  238  0  8465  3  56014  828  0  0  0  0  0  0  0  0  0  0  0  0  0  0  0  0  0  0  0  0  0  0  0  0  0  0  0  0  0  0  0  0  0  0  0  0  0  0  0  0  5  0  0  0  0  0  0  0  0  0  0  0  0  0  0  0  0  0  0  0  0  0  0  0  0  10  0  0  0  0  0  0  0  0  10  249  352  5849  4607  1290  0  0  0  0  0  0  
0  15591  0  2  0  0  0  0  0  0  998  1  0  0  0  0  0  0  142892  10056  134  4237  0  0  6  3  0  1  0  0  0  0  2  0  0  0  0  0  0  3  84  47148  0  23228  49  0  0  241  4  0  7772  3  0  0  0  80  0  15286  20019  52  7951  0  0  0  257  0  5  9  0  0  0  169  8456  90  0  0  0  0  0  0  0  0  0  0  0  0  0  0  0  0  0  0  0  0  0  0  0  0  0  0  0  0  0  0  0  0  0  0  0  0  0  0  0  0  0  0  0  0  0  0  0  0  0  0  0  0  0  0  0  0  0  0  0  0  0  0  0  0  0  0  0  0  0  0  0  0  0  0  0  1  18  12  126  0  0  0  0  0  0  0  
0  125  0  17  0  0  1  2  3  4  14991  6  0  0  1  6  0  0  46679  60397  67  11338  0  0  7398  36  73  0  2  0  0  0  21  3  0  1  0  0  0  2  801  72  0  24302  363  0  0  1412  37  0  611  19  1  3  0  43934  10411  0  1600  11  10319  0  0  1  18703  1  44  89  5  0  0  3  16386  231  0  0  0  0  0  0  0  0  0  0  0  0  0  0  0  0  0  0  0  0  0  0  0  0  0  0  0  0  0  0  0  0  0  0  0  0  0  0  0  0  0  0  0  0  0  0  0  0  0  0  0  0  0  0  0  0  0  0  0  0  0  0  0  0  0  0  0  0  0  0  0  0  0  0  0  6  51  83  1031  4  0  0  0  0  0  0  
0  18968  0  4  0  1  0  1  0  13  0  1  0  0  0  0  0  0  29343  0  4000  298  23  0  441  8  0  0  2  0  0  0  1  16  1  2  40042  20679  0  0  67  4  52  1258  36  0  0  352  5  24  7614  1  0  0  0  412  12355  3861  0  23504  18911  0  0  0  238  2  8  6  0  0  0  36347  48666  83  0  0  0  0  0  0  0  0  0  0  0  0  0  0  0  0  0  0  0  0  0  0  0  0  0  0  0  0  0  0  0  0  0  0  0  0  0  0  0  0  0  0  0  0  0  0  0  0  0  0  0  0  0  0  0  0  0  0  0  0  0  0  0  0  0  0  0  0  0  0  0  0  0  0  30  1  5762  62  82  1  0  0  0  0  0  0  
0  12083  0  0  0  0  0  0  0  0  0  0  0  0  0  0  0  0  613  0  123555  35  14  0  34  2  0  0  0  0  0  0  0  55  2  0  60441  5527  0  0  5  0  357  45  1  0  0  28  1  14240  6994  0  0  0  0  130  741  195  30386  0  47169  0  0  0  7  0  1  0  0  0  0  33493  4526  1  0  0  0  0  0  0  0  0  0  0  0  0  0  0  0  0  0  0  0  0  0  0  0  0  0  0  0  0  0  0  0  0  0  0  0  0  0  0  0  0  0  0  0  0  0  0  0  0  0  0  0  0  0  0  0  0  0  0  0  0  0  0  0  0  0  0  0  0  0  0  0  0  0  0  1  0  2022  5  6  0  0  0  0  0  0  0  
1  1930  0  1  0  0  0  0  0  30  3  1  0  0  0  0  0  0  8301  39  119033  116029  53175  0  315  22  1  0  1  0  0  0  2  2549  55  1  1999  2732  0  1  156  89  19250  23247  36  0  0  331  4  39323  35120  1  0  0  0  912  5819  3705  31894  37554  0  0  0  0  714  5  5  11  1  0  0  2058  13960  44  0  1  0  0  0  0  0  0  0  0  0  0  0  0  0  0  0  0  0  0  0  9  0  0  0  0  0  0  0  0  0  0  0  0  0  0  0  0  0  0  0  2  0  0  0  0  0  0  0  0  5  0  0  0  0  0  0  0  0  0  6  0  0  0  0  0  0  0  0  0  0  0  0  0  10409  1  86145  98  116  1  0  0  0  6  0  0  
13111  0  0  0  9  0  1  0  0  0  0  1  1075  32784  34787  0  0  0  0  0  0  0  0  43935  0  0  0  0  0  0  0  0  0  0  0  0  0  0  455  18  0  0  0  0  0  0  73  0  492  0  0  15229  4  0  0  0  0  0  0  0  0  0  1  11274  0  0  0  1  0  8  0  0  0  0  0  0  0  0  0  0  0  0  0  0  0  0  0  0  0  0  0  0  0  0  0  0  0  0  0  0  0  0  0  0  0  0  0  0  0  0  0  0  0  0  0  0  0  0  0  0  0  0  0  0  0  0  0  0  0  0  0  0  0  0  0  0  0  0  0  0  0  0  0  0  0  0  0  0  0  95  0  0  259  0  0  0  0  0  0  0  
1272  0  0  0  153  2059  0  0  0  0  0  0  0  2  1  1  1808  13449  0  0  0  0  0  101601  0  0  0  0  0  0  63683  24685  0  0  0  0  0  0  2  0  0  0  0  0  0  0  614  89  3  0  0  8  21  2  0  0  0  0  0  0  0  0  0  12066  0  147  0  0  0  42904  0  0  0  0  0  0  0  0  0  6  0  0  0  0  0  0  0  0  0  0  0  0  0  0  0  0  0  7  0  0  0  0  0  0  39  44  0  0  0  0  0  0  0  0  0  0  0  0  0  0  0  0  0  0  0  0  0  0  0  0  0  0  0  0  0  0  1  0  0  12  0  0  0  1  0  0  0  0  1100  2539  452  1216  56049  1985  0  7  0  6  1  0  
12628  0  0  0  95  101  0  0  0  0  0  8  2782  8098  1  0  0  5  0  0  0  0  0  179864  0  0  0  0  0  0  93  736  0  0  0  0  0  0  5434  147  0  0  2  0  0  0  14887  1  722  0  0  1142  14  0  0  0  0  0  0  0  0  12193  41111  0  0  16  0  2  0  3007  0  0  0  0  0  0  0  0  0  1  0  0  0  0  0  0  0  0  0  0  0  0  0  0  0  0  0  0  0  0  0  0  0  0  0  0  0  0  0  0  0  0  0  0  0  0  0  0  0  0  0  0  0  0  0  0  0  0  0  0  0  0  0  0  0  0  0  0  0  2  0  0  0  0  0  0  0  0  6  29827  0  0  23456  0  0  0  0  0  0  0  
0  9  0  35  0  6  7  13  6323  3334  70992  27  0  2  31  12  0  0  1587  44816  11  5231  0  0  106  74  56286  66  82  98662  0  0  15  1  0  0  0  0  0  13  1376  1  0  87784  1698  68  0  760  444  0  35  34  2  13  0  68568  3388  37721  162  0  701  0  0  0  0  479  622  837  94  0  10943  0  746  25  0  0  0  0  0  0  0  0  0  0  2710  0  0  0  0  0  0  0  0  1749  0  23  0  0  0  0  8  0  0  13  0  0  0  0  0  0  0  0  0  0  1  0  0  0  0  0  0  0  0  0  0  0  0  0  0  0  0  0  0  0  0  0  0  0  0  4  0  0  0  0  0  0  0  0  1  73  32  2303  3044  484  0  0  0  0  0  0  
281  0  3  2  441  42600  32862  23407  48342  69623  0  0  0  0  44  151  0  0  0  0  0  81  0  3  0  7  112  1071  941  105  1  11637  0  0  0  0  0  0  0  2  555  0  0  248  4420  917  0  571  27  0  0  62  481  124  0  163  0  1  0  0  0  0  48  2  64  0  1294  374  253  43  31  0  4  1  38  0  1  2  4  3473  1200  2478  3768  44  0  1  0  0  0  4  0  0  0  0  0  9  0  9  0  0  4  0  12  69  0  81  0  0  0  0  0  0  0  0  61  0  0  1  22  2  0  0  21  0  0  0  0  1  0  4  0  0  0  0  0  0  0  0  0  22661  4  9  0  0  4  0  1  0  0  35324  5714  18948  1718  456  0  10507  0  89  212  88  
5  1  27249  14995  1  7  10  119  1368  1059  0  112  0  11  234  112  10  1  9  1  0  1  0  0  9  91836  72877  104312  2510  4980  0  0  3  0  0  11  0  0  0  31  3089  0  0  286  122393  36668  0  109  1802  0  0  118  9  60  0  72215  14  128  10  0  7  0  0  0  1235  1969  0  3516  1305  0  305  0  78  1  0  0  0  0  0  0  0  0  0  0  0  0  0  0  0  0  0  0  0  0  0  0  0  0  0  0  0  0  0  1  0  0  0  0  0  0  0  0  0  0  0  0  0  0  1  0  0  0  1  0  0  0  0  0  0  0  0  0  0  0  0  0  0  0  0  2  0  2  0  0  0  0  0  0  0  525  0  4914  7595  2022  0  0  0  0  1  0  
15  0  0  20099  5  144  312  121  202  81  0  46326  0  104  69896  1327  0  0  5  0  0  1  0  0  3  98  48  94  86075  0  0  0  2  0  0  0  0  0  1  303  450  0  0  51  103963  35  0  39  31412  0  0  52577  53  19843  0  138  11  70  1  0  0  0  0  0  198  464  334  0  35061  0  7  0  21  0  0  0  0  0  0  0  0  0  1  0  0  0  0  0  0  0  0  0  0  0  0  0  0  0  0  0  0  0  0  0  0  0  0  0  0  0  0  0  0  0  1  0  0  0  0  0  0  0  0  0  0  0  0  0  0  0  0  0  0  0  0  0  0  0  0  3  0  0  0  0  0  0  0  0  0  1530  3  440  22984  1308  0  0  0  0  0  0  
0  0  91  17  0  96  302  6378  555  105  0  1  0  0  27422  52036  1  0  0  0  0  0  0  0  0  51  110  138  85671  1  0  0  0  0  0  0  0  0  0  2  52  0  0  10  76275  3808  0  4  55  0  0  250  1  44100  0  216  3  9  1  0  0  0  0  0  73  840  927  24487  0  0  19  0  6  0  0  0  0  0  0  0  0  0  0  0  0  0  0  0  0  0  0  0  0  0  0  0  0  0  0  0  0  0  0  0  0  0  0  0  0  0  0  0  0  0  1  0  0  0  0  0  0  0  0  0  0  0  0  0  0  0  0  0  0  0  0  0  0  0  0  0  0  0  0  0  0  0  0  0  0  3495  0  943  1953  462  0  0  0  0  0  0  
29618  0  0  0  40156  63674  0  0  0  0  0  0  0  1  23  12545  0  0  0  0  0  0  0  18471  0  0  0  0  0  0  44127  14914  0  0  0  0  0  0  0  0  0  0  0  0  0  0  2  0  1  0  0  6  48  33  0  0  0  0  0  0  0  0  58682  2996  0  159  0  0  0  0  0  0  0  0  13  0  0  0  1  2202  0  0  0  0  0  0  0  0  0  2596  0  0  0  0  0  0  0  7  0  0  0  0  0  0  309  1084  0  0  0  0  0  0  0  0  0  0  0  0  0  0  0  0  0  0  0  0  0  0  0  0  0  0  0  0  0  0  0  0  0  14  0  0  0  226  0  0  0  0  0  8116  0  1  4156  32  0  5  0  5  0  0  
0  0  14  2  0  5  2  34  45417  569  1  1  0  1  25  10  0  0  1  2  0  0  0  0  0  54  37114  168  149  50586  0  0  0  0  0  0  0  0  0  1  430  0  0  115  561  26071  0  17  15  0  0  2  0  8  0  16385  2  5  0  0  0  0  0  0  11801  831  1808  315  85  0  0  0  9  0  0  0  0  0  0  0  0  0  188  0  42  0  0  0  0  0  0  0  0  0  0  2  0  0  0  0  2  0  0  4940  0  0  0  0  0  0  0  0  0  0  1  0  0  0  0  1  0  0  0  0  0  0  0  0  0  0  0  0  0  0  0  0  0  0  1  15  0  0  0  0  511  0  0  0  0  142  1  4416  1397  1001  0  0  0  0  0  0  
0  26276  0  0  0  0  0  0  0  0  0  0  0  0  0  0  0  0  853  0  2283  14  3  0  45  1  0  0  0  0  0  0  0  2915  57  0  152148  138719  0  0  2  0  12670  6  1  0  0  52  0  2603  3892  0  0  0  0  27  376  30  53546  56458  3444  0  0  0  3  0  0  0  0  0  0  0  17019  1  0  0  0  0  0  0  0  0  0  0  0  0  0  0  0  0  0  0  0  0  0  0  0  0  0  0  0  0  0  0  0  0  0  0  0  0  0  0  0  0  0  0  0  0  0  0  0  0  0  0  0  0  0  0  0  0  0  0  0  0  0  0  0  0  0  0  0  0  0  0  0  0  0  0  7  0  1423  12  3  0  0  0  0  0  0  0  
0  30  0  28  0  0  1  1  42  13  0  13  0  5  0  8  0  0  38322  2  390  52  46  0  185087  26159  81  2  6  0  0  0  4426  147875  4535  67225  806  209857  0  8  28293  0  4351  1011  367  3  0  125677  217  1312  429  41  1  1  17166  40780  6202  15014  40659  6566  17658  0  0  0  1862  6  59  187  6  0  10  13763  0  15882  0  0  0  0  0  0  0  0  0  0  0  0  0  0  0  0  0  0  0  0  0  0  0  0  0  0  0  0  0  0  0  0  0  0  0  0  0  0  0  0  0  0  0  0  0  0  0  0  0  0  0  0  0  0  0  0  0  0  0  0  0  0  0  0  0  0  0  0  0  0  0  0  0  0  856  8  20052  3736  1975  23  0  0  0  0  0  0  
0  0  0  482  0  0  0  0  0  0  0  0  0  0  0  0  0  0  11  1  0  0  2  0  27  17  2  0  0  0  0  0  40092  23111  0  20061  0  1  0  0  10588  0  0  17  2  0  0  30703  4  0  2  1  0  0  0  115  33  83  6  0  12  0  0  0  32  0  1  0  0  0  0  0  12523  0  0  0  0  0  0  0  0  0  0  0  0  0  0  0  0  0  0  0  0  0  0  0  0  0  0  0  0  0  0  0  0  0  0  0  0  0  0  0  0  0  0  0  0  0  0  0  0  0  0  0  0  0  0  0  0  0  0  0  0  0  0  0  0  0  0  0  0  0  0  0  0  0  0  0  28  0  286  1054  517  0  0  0  0  0  0  0  
30  0  0  0  2  0  0  0  0  0  0  0  0  0  0  0  0  0  0  0  0  0  0  2  0  0  0  0  0  0  627  0  0  0  0  0  0  0  0  0  0  0  0  0  0  0  0  0  0  0  0  0  0  0  0  0  0  0  0  0  0  0  1  0  0  1  0  0  0  19  0  0  0  0  0  0  0  0  48359  10885  10  0  0  0  0  1  2  58  11791  31920  0  48  0  0  0  0  0  79808  0  0  0  0  0  0  15920  21  0  0  0  0  0  0  3352  6  0  0  0  0  0  0  16514  0  181  0  0  2054  34037  214  0  0  0  0  0  0  0  12893  1526  4579  0  88  0  10  0  434  0  0  0  0  0  0  0  0  0  0  0  326  0  0  20142  0  
0  0  0  0  0  0  0  0  0  0  0  0  0  0  0  0  0  0  0  0  1  3  0  0  0  0  0  0  0  0  0  0  0  0  0  0  0  0  0  0  0  0  0  0  0  0  0  0  0  0  0  0  0  0  0  0  0  0  0  0  2  0  0  0  0  0  0  0  0  0  0  0  0  0  0  0  0  0  0  0  0  0  0  0  33  0  0  0  0  0  11  0  88316  3726  40765  1686  158  0  1  0  0  0  0  0  0  0  0  0  0  0  20000  16  0  0  1  35525  0  1949  0  0  0  75  0  0  42653  0  0  0  0  3  44611  253  30447  15339  5180  0  0  0  25  0  0  0  0  0  0  31  145  0  0  0  0  0  0  0  23  0  348  10  2  0  
0  0  1062  0  0  0  1  29  0  0  0  0  0  0  0  782  0  0  0  0  0  0  0  0  0  0  0  0  4  4  0  0  0  0  0  0  0  0  0  0  0  0  0  0  0  14  0  0  0  0  0  0  0  0  0  0  0  0  0  0  0  0  0  0  0  0  0  0  0  0  0  0  0  0  0  0  0  0  0  0  0  1581  40  4  0  0  0  0  0  69765  0  0  0  0  0  0  0  0  0  0  16770  19498  30356  10929  0  0  0  0  0  0  0  0  0  0  0  0  0  0  74720  32209  0  0  1  0  0  0  0  0  0  5  0  0  0  0  0  0  0  0  0  17  3209  0  6725  0  4  0  1  0  0  0  0  0  0  0  0  0  0  0  72  16  
0  0  0  0  0  0  0  1  0  3  0  0  0  0  0  0  0  0  0  0  0  0  0  0  0  0  0  0  0  0  0  0  0  0  0  0  0  0  0  0  0  0  0  0  0  0  0  0  0  0  0  0  0  0  0  0  0  0  0  0  0  0  0  0  0  0  0  0  0  0  0  0  0  0  0  0  0  0  0  0  0  17  2  28  0  45215  0  10  1  7  345  9  0  0  0  0  0  0  0  52576  37  22373  26539  35  0  0  1572  571  1  96  0  0  0  7  25548  0  0  1  29212  2  0  47  33090  0  0  4  0  5  18  79  0  2  0  0  0  0  0  0  9  152  19970  30855  2  0  3  0  32  28  0  1  0  32  0  0  0  2  1  5  220  30  
0  0  0  0  33  1  0  0  0  0  0  0  0  0  0  256  0  0  0  0  0  0  0  0  0  0  0  0  0  0  1  0  0  0  0  0  0  0  0  0  0  0  0  0  0  0  0  0  0  0  0  0  0  0  0  0  0  0  0  0  0  0  0  0  0  0  0  0  0  1  0  0  0  0  27679  0  0  0  0  20316  141  0  0  0  0  10  0  38  35530  83354  0  47  0  0  0  0  0  301  0  0  0  0  0  0  0  0  0  0  0  0  0  0  178  47  0  0  0  0  2  0  1839  0  919  0  0  1380  32267  2583  0  0  0  0  0  0  0  29  3  490  0  7  0  37  0  0  0  0  0  0  0  0  0  0  0  0  0  74  0  0  7389  0  
23  0  0  0  68  6702  22  0  0  0  0  0  0  0  0  1081  0  0  0  0  0  0  0  0  0  0  0  0  0  0  573  87  0  0  0  0  0  0  0  0  0  0  0  0  0  0  0  0  0  0  0  1  28  0  0  0  0  0  0  0  0  0  3  0  0  4009  0  0  0  898  0  0  0  0  21252  0  0  0  46242  0  43967  8  0  0  0  117  0  223  1114  184658  0  1548  0  0  0  0  0  8385  0  0  0  0  0  0  941  15187  0  0  0  0  0  0  871  487  0  0  0  0  50  0  14770  0  23890  0  0  11219  655  17299  0  0  0  0  0  0  0  93  18087  2714  0  62476  0  1660  0  7114  0  0  0  0  0  89  0  0  4  1  0  22622  0  6  69345  232  
0  0  0  0  0  555  4865  171  13  0  0  0  0  0  0  472  0  0  0  0  0  0  0  0  0  0  0  0  0  0  0  0  0  0  0  0  0  0  0  0  0  0  0  0  0  0  0  0  0  0  0  0  0  0  0  0  0  0  0  0  0  0  0  0  0  1855  0  0  0  0  0  0  0  0  2  0  6  1  47  43124  0  45580  1852  307  0  6  0  0  6  85956  0  9  0  0  0  0  0  0  0  2  12  0  57  8  0  0  0  0  0  0  0  0  0  12  8  0  0  21  265  29  19  0  119  0  0  1776  4  8361  0  10  0  1  0  0  0  0  0  0  14  37892  6  1370  7  0  140  0  2  0  0  16  0  3  0  0  0  229  0  23  4385  1749  
0  0  5  0  0  3  2653  5711  236  1  0  0  0  0  0  317  0  0  0  0  0  0  0  0  0  0  0  0  0  1  0  0  0  0  0  0  0  0  0  0  0  0  0  0  0  5  0  0  0  0  0  0  0  0  0  0  0  0  0  0  0  0  0  0  0  1603  1  1  0  0  1  0  0  0  0  0  880  1  0  253  54671  0  22303  1463  0  5  0  0  1  102119  0  0  0  2  0  0  0  0  0  17  89  6  7583  96  0  0  0  0  0  3  0  0  0  5  71  0  0  165  17573  28509  0  0  292  0  0  113  0  398  4  127  0  7  0  0  0  0  0  0  116  39907  56  1078  4307  0  562  0  34  0  0  43  0  15  0  1  0  52  1  34  8399  1275  
0  0  12  0  0  0  0  1465  7652  115  0  0  0  0  0  35  0  0  0  0  0  1  0  0  0  0  0  0  0  250  0  0  0  0  0  0  0  0  0  0  0  0  0  0  0  388  0  0  0  0  0  0  0  0  0  0  0  0  0  0  0  0  0  0  0  1541  1  0  0  0  702  0  0  0  0  0  19  0  0  8  5707  20021  0  10033  3  1  0  0  0  388  1  0  0  3  0  2  0  0  1  1  184  1  99  9062  0  0  0  0  0  3  0  0  0  1  174  0  0  287  286  27867  0  6  41  0  0  3  0  8  0  187  0  19  0  0  0  1  0  0  4603  46072  22  20  4  0  62220  0  21  1  0  11  0  13  0  0  0  9  19  8  802  197  
0  0  0  0  0  0  0  0  7  59  0  0  0  0  0  0  0  0  0  0  0  1  0  0  0  0  0  0  0  4  0  0  0  0  0  0  0  0  0  0  0  0  0  1  0  0  0  0  0  0  0  0  0  0  0  0  0  0  0  0  0  0  0  0  0  103  0  0  0  0  0  0  0  0  0  1  17  6  1  1  132  425  8440  0  778  4  0  0  0  290  1  0  0  18  0  3107  10619  0  29  21  445  0  323  8620  0  0  0  2  0  51  0  0  0  4  2089  1  0  28185  1348  139  0  134  102  0  0  0  0  5  2  525  2  189  0  0  0  0  0  0  12566  26633  292  60  9  0  491  0  149  11  0  0  0  17  2  0  1  2  23411  3156  2378  546  
0  0  0  0  0  0  0  0  34  6  10321  0  0  0  0  0  0  0  0  4082  0  585  0  0  0  0  12  0  0  780  0  0  0  0  0  0  0  0  0  0  0  645  0  18  0  0  0  0  0  0  0  0  0  0  0  0  0  0  0  0  0  0  0  0  1813  1  0  0  0  0  16  0  0  0  0  213  0  0  0  0  0  0  1  552  0  0  0  0  0  0  0  0  320  73562  0  21648  0  0  0  0  1351  0  0  7187  0  0  0  0  0  0  0  0  0  0  0  50667  0  95007  0  0  0  0  0  0  150  0  0  0  0  3  46  20473  0  0  88  0  0  0  76731  0  0  0  0  0  2  0  0  0  0  0  0  0  0  0  0  0  0  0  0  0  
0  0  0  0  0  0  0  0  0  1  0  0  0  0  0  0  0  0  0  0  0  0  0  0  0  0  0  0  0  0  0  0  0  0  0  0  0  0  0  0  0  0  0  0  0  0  0  0  0  0  0  0  0  0  0  0  0  0  0  0  0  0  0  0  0  0  0  0  0  0  0  0  0  0  0  0  0  57767  8  43  11  1  1  5  0  0  0  13880  46  14  270  967  0  0  0  0  1  22  0  18  0  193  6261  2  0  0  474  193  23  3  0  0  198  46613  21  0  0  0  3161  0  32  28  71764  0  0  23357  2  63  0  4  0  0  0  0  0  0  0  0  2  20  39  55133  0  0  0  0  9  0  0  0  0  1  0  0  0  1  3  2  488  5  
0  0  0  0  0  0  0  0  0  0  0  0  0  0  0  0  0  0  0  0  0  0  0  0  0  0  0  0  0  0  0  0  0  0  0  0  0  0  0  0  0  0  0  0  0  0  0  0  0  0  0  0  0  0  0  0  0  0  0  0  0  0  0  0  0  0  0  0  0  0  0  0  0  0  67  0  0  0  3  1  0  0  0  0  0  0  0  13630  6  0  0  44  0  0  0  0  0  27956  0  0  0  0  0  0  0  0  0  0  0  0  0  0  29222  0  0  0  1  0  0  0  13488  0  61  0  0  7  2  0  0  0  0  0  0  0  0  9567  0  103  0  0  0  0  0  0  0  0  0  0  0  0  0  0  0  0  0  0  0  0  1  0  
0  0  0  0  0  0  0  0  0  0  0  0  0  0  0  0  0  0  0  0  0  0  0  0  0  0  0  0  0  0  0  0  0  0  0  0  0  0  0  0  0  0  0  0  0  0  0  0  0  0  0  0  0  0  0  0  0  0  0  0  0  0  0  0  0  0  0  0  0  0  0  0  0  0  49  0  0  2  34  375  0  0  0  0  0  16648  10589  0  232  16  0  756  0  0  0  0  0  1238  0  0  0  0  15  0  0  0  0  151  0  0  0  0  59655  30139  0  0  4  0  0  0  478  0  7001  0  0  48249  76  49  0  0  0  0  0  0  0  14970  0  892  0  2  0  10  0  0  0  0  0  0  0  0  0  0  0  0  0  0  0  0  12  0  
0  0  0  0  0  0  0  0  0  0  0  0  0  0  0  0  0  0  0  0  0  0  0  0  0  0  0  0  0  0  0  0  0  0  0  0  0  0  0  0  0  0  0  0  0  0  0  0  0  0  0  0  0  0  0  0  0  0  0  0  0  0  0  0  0  0  0  0  0  0  0  0  0  0  14332  0  0  0  41608  1301  30  0  0  0  0  142  6  386  0  22935  0  3  0  0  0  0  0  18818  0  2  0  0  23594  0  0  0  0  0  0  0  0  0  15  354  0  0  0  0  2742  0  77  0  2441  0  0  131960  244998  128497  0  4  0  0  0  0  0  15953  0  28  0  9  2  49821  14402  0  0  0  0  0  0  0  0  0  0  0  0  3  0  0  339  10  
237  0  64  0  699  1466  191  92  0  1  0  0  0  0  0  6233  0  0  0  0  0  0  0  1  0  0  0  0  2  0  4789  19  0  0  0  0  0  0  0  0  0  0  0  0  0  8  0  0  0  0  0  0  0  0  0  0  0  0  0  0  0  0  0  0  0  5  0  0  0  4064  0  0  0  0  47039  0  62051  2  93992  217460  72111  78871  65  34  0  8  0  14  19471  0  0  10  0  0  0  0  0  2166  0  24  76  5  9175  79  14652  4173  0  0  0  4  0  0  7  41  69  0  0  1  17219  12126  213  0  675  0  0  812  856  176955  2  111  0  6  0  0  0  9  5667  179  29  753  58  804  29592  40393  4  0  35  0  0  1  0  2  0  0  0  171  0  12  10058  690  
0  0  0  0  0  0  0  0  0  1  0  0  0  0  0  0  0  0  0  0  0  0  0  0  0  0  0  0  0  0  0  0  0  0  0  0  0  0  0  0  0  0  0  0  0  0  0  0  0  0  0  0  0  0  0  0  0  0  0  0  0  0  0  0  0  1  0  0  0  0  0  0  0  0  0  3  0  1107  0  0  0  0  0  2  0  936  0  1  0  1  0  44229  0  0  2  1  10167  2063  1  1099  10  0  0  9  1  0  4858  52  15283  2  0  1  0  0  9480  0  1805  0  0  0  1682  35651  11654  0  1  0  0  0  0  6  5  3  44  6  10  0  1  81  1  19  1  0  0  0  0  1  303  14  0  0  0  0  0  0  7535  0  50  0  71984  2  
0  0  0  0  0  0  0  0  0  0  0  0  0  0  0  0  0  0  0  0  0  0  0  0  0  0  0  0  0  0  0  0  0  0  0  0  0  0  0  0  0  0  0  0  0  0  0  0  0  0  0  0  0  0  0  0  0  0  0  0  0  0  0  0  0  0  0  0  0  0  0  0  0  0  148  0  0  103  598  3701  1  1  0  0  0  3026  27  1430  0  72  42646  0  0  0  0  0  28808  11641  0  0  1  0  0  1  4  2  4  7  10897  0  0  0  114  67  3  0  174  0  0  0  36448  33  51196  0  0  20  1  9  0  0  0  0  0  0  0  0  30  56  0  100  0  9  0  0  0  0  0  0  0  0  0  0  0  0  553  0  3  0  94228  3  
0  0  0  0  0  0  0  0  0  0  0  0  0  0  0  0  0  0  0  0  0  0  0  0  0  0  0  0  0  0  0  0  0  0  0  0  0  0  0  0  0  0  0  0  0  0  0  0  0  0  0  0  0  0  0  0  0  0  0  0  0  0  0  0  0  0  0  0  0  0  0  0  0  0  0  97589  0  0  0  0  0  0  1  0  109  0  0  0  0  0  2  0  0  37196  1543  54  22  0  34859  0  0  0  0  0  0  0  0  0  1  3  14  1085  0  0  2  38290  0  479  6  0  0  244  2  0  1196  0  0  0  0  3461  193080  71583  37705  116  524  0  0  0  123  0  0  2  0  0  0  296  42316  0  0  0  0  0  0  0  31  0  68  5  17  0  
0  0  0  0  0  0  0  0  0  0  16987  0  0  0  0  0  0  0  0  6685  0  0  0  0  0  0  16  0  0  16  0  0  0  0  0  0  0  0  0  0  0  14  0  0  0  0  0  0  0  0  0  0  0  0  0  0  0  1  0  0  0  0  0  0  1434  0  0  0  0  0  0  0  0  0  0  1507  0  0  0  0  0  0  1  0  71390  0  0  0  0  0  0  0  29938  0  8  151  1  0  3335  0  28382  0  0  967  0  0  0  0  0  0  0  0  0  0  2  47196  0  11098  0  0  0  96  0  0  1839  0  0  0  0  10544  4710  66650  3  1  718  0  0  0  46331  0  0  0  0  0  0  0  199  1  0  0  0  0  0  0  0  0  4  3  11  0  
0  0  0  0  0  0  0  0  0  0  0  0  0  0  0  0  0  0  0  0  1  1  0  0  0  0  0  0  0  0  0  0  0  0  0  0  0  0  0  0  0  0  0  0  0  0  0  0  0  0  0  0  0  0  0  0  0  0  0  0  2  0  0  0  0  0  0  0  0  0  0  0  0  0  0  47014  0  0  0  0  0  0  0  0  1  0  0  0  0  0  0  0  315  87  0  139  1907  0  1  0  0  0  0  0  0  4  0  0  0  0  3240  11  0  0  0  125  11397  277  0  0  0  57  0  39775  18014  0  0  0  0  11  5666  285  947  78808  129464  0  0  0  34  0  0  0  0  0  0  1  599  0  0  0  0  2  0  0  40  3  51  118  6  0  
0  1  0  0  0  0  0  0  8  28  2930  0  0  0  0  0  0  0  0  83  2  5501  0  0  0  0  0  0  0  62  0  0  0  0  0  0  0  0  0  0  0  3  0  62  0  0  0  0  0  0  0  0  0  0  0  0  0  0  0  0  7  0  0  0  20  32  0  0  0  0  0  0  0  0  0  4162  0  0  0  0  0  1  13  2326  16411  0  0  0  0  0  0  0  103  744  211  0  24788  0  34  0  1  0  0  376  0  6  0  0  0  1  1  0  0  0  14  98461  0  136396  13  0  0  39  1  0  33731  0  0  0  0  88  1926  440  6  0  83969  0  0  0  648  27  2  4  0  0  2  0  58  2  0  0  0  6  0  0  1  12  642  441  25  1  
0  0  0  0  0  1  0  0  0  0  0  0  0  0  0  0  0  0  0  0  0  0  0  0  0  0  0  0  0  0  0  7  0  0  0  0  0  0  0  0  0  0  0  0  0  0  0  0  0  0  0  0  0  0  0  0  0  0  0  0  0  0  1  0  0  0  0  0  0  0  0  0  0  0  0  233  0  3  0  4  1  5  55  11254  0  19  0  0  0  2  26069  41299  27  62  1297  6747  0  16685  338  13  11  1  4  3  4247  4947  0  5  31330  21  1  68  0  3  207  0  47328  9256  180  4  624  1415  49  13  14  1  0  1  0  981  240  766  673  562  61743  0  8793  14  1012  202  35  22  0  0  22  10  1574  10  1  2  0  30  0  3  97170  1983  86714  3285  44423  12625  
1  0  0  0  0  0  0  0  0  0  0  0  0  0  0  0  0  0  0  0  0  0  0  111  0  0  0  0  0  0  1028  1  0  0  0  0  0  0  0  0  0  0  0  0  0  0  0  0  0  0  0  0  0  0  0  0  0  0  0  0  0  0  27  0  0  1  0  0  0  25  0  0  0  0  91040  0  0  2  325  7945  0  0  0  0  0  210  31517  4288  20617  1111  297  14666  0  0  0  0  19701  0  0  0  0  0  0  0  28868  215  0  5  35  0  0  0  5339  1  0  0  130  0  0  0  48996  4  21  0  0  235  3278  8  0  0  0  0  0  0  0  47646  136841  143975  0  138  0  0  0  193  0  0  0  0  0  0  0  0  0  0  53  195  2  0  70342  1  
0  0  0  0  0  0  0  0  0  0  0  0  0  0  0  0  0  0  0  0  0  0  0  0  0  0  0  0  0  0  0  0  0  0  0  0  0  0  0  0  0  0  0  0  0  0  0  0  0  0  0  0  0  0  0  0  0  0  0  0  0  0  0  0  0  0  0  0  0  0  0  0  0  0  0  10  0  0  0  0  0  0  0  3  0  1  0  0  0  0  39  3  37085  8278  43  1  141  0  0  26046  7902  0  0  12  0  0  0  667  0  700  0  5864  0  4  325  1  2  115  67  1  0  795  30  0  10  0  2  4  33512  96522  225  7409  20  9  209  0  0  0  96  4  4  15  0  0  1  0  220029  3  0  0  0  0  0  0  460  4  519  11  162  3  
0  0  0  0  0  0  0  0  0  2  0  0  0  0  0  0  0  0  0  0  0  0  0  0  0  0  0  0  0  0  0  0  0  0  0  0  0  0  0  0  0  0  0  0  0  0  0  0  0  0  0  0  0  0  0  0  0  0  0  0  0  0  0  0  0  0  0  0  0  0  0  0  0  0  1  0  4  52816  2  7  2  10  7  69  0  67  0  0  3  10  269  1  1  0  0  0  0  0  18549  0  1207  8544  21  47  0  0  2919  6036  0  56506  0  8  0  18  49452  0  0  11  1521  3  0  182  1883  0  0  9  3  102  61418  8439  2  13  0  0  2  0  0  0  15  215  144622  285  12  0  11  0  24718  247  0  0  0  26  0  0  1  63  10  12  1330  88  
0  0  16  0  0  0  0  0  0  3  3  0  0  0  0  0  0  0  0  36  0  0  0  0  0  0  63  0  0  5944  0  0  0  0  0  0  0  0  0  0  0  0  0  0  0  29  0  0  0  0  0  0  0  0  0  0  0  0  0  0  0  0  0  0  2  5  2  0  0  0  0  0  0  0  0  0  22402  0  0  1  7  54  190  533  2897  0  0  0  4  32  0  0  0  35213  0  0  0  0  2489  1944  0  4007  514  145310  0  0  0  0  0  9  0  0  0  0  216  0  0  56  8831  34256  0  3  30  0  0  1  0  23  752  108516  0  159  0  0  0  0  0  0  15906  905  59769  27  23  0  18623  0  164  0  0  0  0  6  0  0  0  0  1  11  1116  642  
0  0  0  0  0  0  0  0  0  0  0  0  0  0  0  0  0  0  0  0  0  0  0  0  0  0  0  0  0  0  0  0  0  0  0  0  0  0  0  0  0  0  0  0  0  0  0  0  0  0  0  0  0  0  0  0  0  0  0  0  0  0  0  0  0  0  0  0  0  0  0  0  0  0  0  0  18048  25309  0  0  0  0  1  3  0  51  0  0  0  1  0  0  0  0  0  0  0  0  0  9043  4292  0  2856  251  0  0  0  0  0  5  0  0  0  1  162  0  0  1  160680  1255  0  0  119  0  0  0  0  1  23  37  0  0  0  0  0  0  0  0  0  7  106772  7  1  0  0  0  3  0  0  0  0  4  0  0  0  0  0  0  18  5  
0  0  0  0  0  0  0  0  0  0  0  0  0  0  0  0  0  0  0  0  0  0  0  0  0  0  0  0  0  0  0  0  0  0  0  0  0  0  0  0  0  0  0  0  0  0  0  0  0  0  0  0  0  0  0  0  0  0  0  0  0  0  0  0  0  0  0  0  0  0  0  0  0  0  0  0  39846  37520  0  1  8  3887  3  22  0  5335  0  32  21561  12514  0  1  0  0  0  0  0  0  0  5  75  3458  0  13  0  0  0  0  0  1  0  0  0  95  38  0  0  1  161545  825  0  1  318  0  0  451  0  19  2  79  0  0  0  0  0  0  0  0  2  170  129  98544  96827  0  4  0  7  0  0  2  0  1  0  0  0  2  0  36  3776  1067  
0  0  68  0  0  0  0  0  533  148  30  0  0  0  0  0  0  0  0  39  0  10  0  0  0  0  1010  0  0  30181  0  0  0  0  0  0  0  0  0  0  0  0  0  2  0  101  0  0  0  0  0  0  0  0  0  2  0  0  0  0  0  0  0  0  24  92  0  0  0  0  1443  0  0  0  0  0  10672  0  0  0  19  55  7813  8751  9305  0  0  0  0  27  0  0  0  783  0  386  0  0  2  0  168606  512  42  0  0  0  0  1  0  3  0  0  0  0  49  0  0  45  2212  57583  0  3  7  0  0  0  0  3  0  11978  0  22  0  0  0  0  0  0  89965  437  124  7  4  0  97675  0  54  0  0  0  0  0  0  0  0  0  0  3  181  52  
12  0  0  0  1  20  0  0  0  0  0  0  0  0  0  0  0  0  0  0  0  0  0  155  0  0  0  0  0  0  14724  133  0  0  0  0  0  0  0  0  0  0  0  0  0  0  0  0  0  0  0  0  0  0  0  0  0  0  0  0  0  0  4  0  0  0  0  0  0  597  0  0  0  0  14710  0  0  0  2  2380  0  0  0  0  0  0  0  0  0  13996  0  86  0  0  0  0  3882  22937  0  0  0  0  0  0  0  35839  0  0  3  0  0  0  0  0  0  0  0  0  0  0  32  0  0  0  0  0  0  0  0  0  0  0  0  0  0  0  65043  56  0  0  0  0  0  40907  0  0  0  0  0  0  0  6  1  0  57  32  25  42  12206  145  
0  0  0  0  0  1458  0  0  0  0  0  0  0  0  0  0  0  7  0  0  0  0  0  1  0  0  0  0  0  0  222  1259  0  0  0  0  0  0  0  0  0  0  0  0  0  0  0  0  0  0  0  0  0  0  0  0  0  0  0  0  0  0  0  0  0  479  0  0  0  1173  0  0  0  0  3  0  0  0  0  14370  0  0  0  0  0  0  0  0  0  4409  0  23  0  0  0  0  3738  68  0  0  0  0  0  0  29894  0  0  0  0  0  0  0  0  0  0  0  0  0  0  0  19  0  0  0  0  0  0  0  0  0  0  0  0  0  0  0  22964  43  0  5245  0  0  0  2675  0  0  0  0  7  120  0  97  16  50  429  5384  226  1597  23562  6784  
0  0  0  0  0  0  0  0  0  0  0  0  0  0  0  0  0  0  0  0  0  0  0  0  0  0  0  0  0  0  0  0  0  0  0  0  0  0  0  0  0  0  0  0  0  0  0  0  0  0  0  0  0  0  0  0  0  0  0  0  0  0  0  0  0  0  0  0  0  0  0  0  0  0  0  0  0  812  0  0  0  0  0  0  0  800  0  0  0  0  2555  2  0  0  0  0  0  0  0  2490  0  0  0  0  0  0  0  20730  1762  10869  0  0  0  0  12734  0  0  0  0  0  0  39481  91  0  0  0  0  0  0  0  0  0  0  0  0  0  0  0  0  0  0  0  0  0  0  0  342  42727  0  0  0  0  0  0  0  0  0  0  81  0  
0  0  0  0  0  0  0  0  0  0  0  0  0  0  0  0  0  0  0  0  0  0  0  0  0  0  0  0  0  0  0  0  0  0  0  0  0  0  0  0  0  0  0  0  0  0  0  0  0  0  0  0  0  0  0  0  0  0  0  0  0  0  0  0  0  0  0  0  0  0  0  0  0  0  0  0  0  407  0  0  1  2  1  22  0  153  1  105  0  0  20  5  0  1  0  0  0  6  307  5845  1  0  0  0  0  0  18452  0  45613  56543  1  4014  0  0  3090  0  13301  3  13  0  3  24282  5  0  0  1  0  1  0  4  0  5  0  1  0  0  0  0  3  11  1  3  0  0  0  4  106988  9729  0  0  0  0  0  0  2  0  49  58  113  3  
0  0  0  0  0  0  0  0  0  0  0  0  0  0  0  0  0  0  0  0  0  0  0  0  0  0  0  0  0  0  0  0  0  0  0  0  0  0  0  0  0  0  0  0  0  0  0  0  0  0  0  0  0  0  0  0  0  0  0  0  0  0  0  0  0  0  0  0  0  0  0  0  0  0  0  1  0  3  0  0  0  0  0  0  0  40  0  9  0  0  33373  10832  0  0  1  0  36065  222  11  0  0  0  0  0  3  0  1054  33172  0  4  2  277  0  0  0  0  29862  0  0  0  172  37052  1  28  0  0  0  0  0  1  1  1  8  223  41  0  2  32  0  0  0  0  0  0  0  331  39863  97  0  0  0  0  0  0  658  0  52  0  121  0  
0  0  0  0  0  0  0  0  0  0  0  0  0  0  0  0  0  0  0  0  0  0  0  0  0  0  0  0  0  0  0  0  0  0  0  0  0  0  0  0  0  0  0  0  1  0  0  0  0  0  0  0  0  0  0  0  0  0  0  0  0  0  0  0  0  1  0  0  0  0  0  0  0  0  0  0  1  48  0  1  2  11  18  115  0  16  0  0  0  12  6  0  0  4  0  0  0  0  396  50385  68  0  38  65  0  0  10273  56101  2  0  0  1  0  4  43154  0  0  16  476  0  0  10157  98  0  0  2  0  69  2289  2009  1  13  0  0  0  0  0  0  48  116  10965  73  4  0  22  0  22765  39377  0  0  0  1  0  0  3  8  123  49  624  12  
0  0  0  0  0  0  0  0  0  0  0  0  0  0  0  0  0  0  0  0  0  0  0  0  0  0  0  0  0  0  0  0  0  0  0  0  0  0  0  0  0  0  0  0  0  0  0  0  0  0  0  0  0  0  0  0  0  0  0  0  0  0  0  0  0  0  0  0  0  0  0  0  0  0  0  20174  0  0  0  0  0  0  0  0  0  0  0  0  0  0  0  0  449  0  1564  1  11  0  0  0  0  0  0  0  0  0  0  0  2  0  0  49687  0  0  0  0  18508  0  0  0  0  5  0  45953  0  0  0  0  0  1  9  0  17003  98300  2172  0  0  0  1  0  0  0  0  0  0  126869  118  0  0  0  0  0  0  0  4  0  28  5  0  0  
0  0  0  0  0  0  0  0  0  0  0  0  0  0  0  0  0  0  0  0  0  0  0  0  0  0  0  0  0  0  0  0  0  0  0  0  0  0  0  0  0  0  0  0  0  0  0  0  0  0  0  0  0  0  0  0  0  0  0  0  0  0  0  0  0  0  0  0  0  0  0  0  0  0  0  153  0  0  0  0  0  0  0  0  0  0  0  1  0  0  0  0  307  0  19  0  95  0  6637  2  0  0  0  0  0  0  0  3870  295  0  36345  0  0  0  0  0  40016  5  0  0  0  63  0  553  9  0  0  0  0  2  130  5  4827  6112  304  0  0  0  3  0  0  0  0  0  0  124070  160338  0  0  0  0  0  0  0  126  0  1636  1  2  0  
0  0  0  0  0  0  0  0  0  0  0  0  0  0  0  0  0  0  0  0  0  0  0  0  0  0  0  0  0  0  0  0  0  0  0  0  0  0  0  0  0  0  0  0  0  0  0  0  0  0  0  0  0  0  0  0  0  0  0  0  0  0  0  0  0  0  0  0  0  0  0  0  0  0  3538  0  0  0  2700  1790  0  0  0  0  0  160  24369  63345  15  74  0  120  0  0  0  0  0  3193  0  0  0  0  0  0  0  0  0  0  0  0  0  0  0  2223  0  0  0  0  0  0  19659  0  26526  0  0  22232  163  39  0  0  0  0  0  0  0  10046  1  3714  0  1  0  0  0  0  0  0  0  0  0  0  0  0  0  0  0  0  0  0  12  0  
0  0  0  0  0  0  0  0  0  0  0  0  0  0  0  0  0  0  0  0  0  0  0  0  0  0  0  0  0  0  0  0  0  0  0  0  0  0  0  0  0  0  0  0  0  0  0  0  0  0  0  0  0  0  0  0  0  0  0  0  0  0  0  0  0  0  0  0  0  0  0  0  0  0  5  0  0  15  32  341  5  0  0  1  0  53675  0  24665  25  37  0  75  0  0  0  0  0  0  0  0  0  0  69  0  0  0  0  0  0  0  0  0  945  0  0  0  0  1  39  0  33  0  29991  0  0  12501  20  202  0  0  0  0  0  0  0  1  0  0  0  14  0  519  0  0  0  0  0  0  0  0  0  0  0  0  0  3  0  0  646  1  
0  0  0  0  0  0  0  0  1  168  0  0  0  0  0  0  0  0  0  0  0  0  0  0  0  0  0  0  0  0  0  0  0  0  0  0  0  0  0  0  0  0  0  0  1  0  0  0  0  0  0  0  0  0  0  0  0  0  0  0  0  0  0  0  0  31  0  1  0  0  0  0  0  0  0  1  39  26378  0  16  28  117  204  3780  0  100  0  1  13  83  10208  2  2  19  2  0  18  0  22  42172  858  129  436  797  0  0  9157  2043  0  68298  0  0  0  53  0  0  0  81  5295  39  0  20779  20110  0  1  22  1  403  759  7000  7  207  5  0  1  0  0  0  422  7135  26171  841  59  0  152  0  13659  9733  0  13  0  1506  2  1  18  52  2967  4246  57680  1057  
0  1  0  0  0  0  0  0  0  0  307  0  0  0  0  0  0  0  0  48  0  473  0  0  0  0  0  0  0  0  0  0  0  0  0  0  0  0  0  0  0  39  0  8  0  0  0  0  0  0  2  0  0  0  0  0  0  0  0  0  2  0  0  0  0  0  0  0  0  0  0  0  0  0  0  36175  0  0  0  0  0  0  0  0  47357  0  0  0  0  0  0  0  34286  51147  160  113428  1  0  0  0  0  0  0  0  0  0  0  0  0  0  0  0  0  0  0  0  0  72709  0  0  0  0  0  0  69972  0  0  0  0  0  31476  645  0  0  12268  0  0  0  5  0  0  0  0  0  0  0  3  0  0  0  0  0  0  0  0  0  0  1  0  0  
0  0  0  0  0  0  0  0  0  0  0  0  0  0  0  0  0  0  0  0  0  0  0  0  0  0  0  0  0  0  0  0  0  0  0  0  0  0  0  0  0  0  0  0  0  0  0  0  0  0  0  0  0  0  0  0  0  0  0  0  0  0  0  0  0  0  0  0  0  0  0  0  0  0  0  2  0  0  0  0  0  0  0  0  0  0  1  14  0  0  197  71  0  0  13150  0  50025  51  70  0  0  0  0  0  0  0  0  16460  26588  0  16673  36473  0  0  0  0  0  7  0  0  1  657  0  14621  1  0  0  0  0  7  3  13  47  3689  21335  0  1  5  0  0  0  0  0  0  0  18919  27604  0  0  0  0  0  0  0  18833  0  369  0  64  0  
0  0  0  0  0  0  0  0  0  2  189  0  0  0  0  0  0  0  0  14  0  235  0  0  0  0  0  0  0  3  0  0  0  0  0  0  0  0  0  0  0  0  0  2  0  0  0  0  0  0  0  0  0  0  0  0  0  0  0  0  0  0  0  0  0  4  0  0  0  0  0  0  0  0  1  3407  3  0  0  3  30  97  1965  26867  100924  6  0  0  0  76  2  0  1757  19087  473  139370  22189  0  737  7  126  0  41  56  0  1  0  9  0  6  0  0  0  8  155  65172  0  0  431  30  0  1935  115  0  5192  2  1  4  0  1655  48213  28162  92  13  23704  0  0  0  77576  254  60  45  1  0  783  0  4179  16  0  1  0  8  0  0  31  15  1169  242  1071  181  
0  0  1  0  0  0  1  0  0  8  0  0  0  0  0  0  0  0  0  0  0  0  0  0  0  0  0  0  0  0  0  0  0  0  0  0  0  0  0  0  0  0  0  0  0  0  0  0  0  0  0  0  0  0  0  0  0  0  0  0  0  0  0  0  0  6  0  0  0  0  0  0  0  0  0  0  66133  32252  8  95  194  13419  70  655  0  2004  0  3  1790  12823  0  0  1  5  0  0  0  0  1  1252  2161  155027  169170  589  0  0  0  0  0  72  0  0  2  158  2090  0  0  34  0  32898  3  20  15037  0  0  70  7  1895  266  2115  0  51  0  0  0  0  0  0  137  2560  162454  50503  70288  0  45  0  240  0  0  4  0  32  0  0  0  364  4  120  18622  3310  
0  0  17  0  0  0  0  27  20  0  0  0  0  0  0  90  0  0  0  0  0  0  0  0  0  0  0  0  0  7  0  0  0  0  0  0  0  0  0  0  0  0  0  0  0  10  0  0  0  0  0  0  0  0  0  0  0  0  0  0  0  0  0  0  0  14  0  0  0  0  6  0  0  0  0  0  28617  0  0  0  1018  30614  33725  482  0  0  0  0  1  9385  0  0  0  1  0  0  0  0  0  4  37376  1162  5525  63221  0  0  0  0  0  2  0  0  0  1  107  0  0  41  49255  0  0  1  77  0  0  1  0  17  0  6057  0  4  0  0  0  0  0  0  26  2492  6368  26  468  0  22642  0  7  0  0  11  0  13  0  0  0  8  0  49  3962  2244  
0  0  0  0  0  0  0  0  0  0  0  0  0  0  0  0  0  0  0  0  0  0  0  0  0  0  0  0  0  0  0  0  0  0  0  0  0  0  0  0  0  0  0  0  0  0  0  0  0  0  0  0  0  0  0  0  0  0  0  0  0  0  0  0  0  0  0  0  0  0  0  0  0  0  9310  0  0  1  6577  9989  8  0  0  0  0  124  11176  562  4  494  159  41496  0  0  0  0  201  47820  0  0  0  0  0  0  15  16  0  3  5  0  0  0  17684  12  0  0  0  0  0  0  0  0  9795  0  0  185  52  48  0  1  0  0  0  0  0  1089  434  23784  0  118  0  5  0  0  0  0  0  0  0  0  0  0  0  0  0  1  0  0  60616  1  
0  0  0  0  0  0  0  0  0  0  0  0  0  0  0  0  0  0  0  0  0  0  0  0  0  0  0  0  0  0  0  0  0  0  0  0  0  0  0  0  0  0  0  0  0  0  0  0  0  0  0  0  0  0  0  0  0  0  0  0  0  0  0  0  0  0  0  0  0  0  0  0  0  0  0  49  0  36  0  2  0  0  5  133  0  23  0  0  0  1  38964  128  4  6  35  0  560  0  27  150  6  0  1  10  0  1  43065  17801  37213  6011  1  25  0  1  23174  0  6680  24  84  1  1  0  214  58  5  0  0  2  1  140  61  99  333  48  48  0  0  0  77  34  36  26  0  0  0  48  87396  11547  0  0  0  0  0  0  22623  1  2996  5433  58909  59  
0  0  0  0  0  0  0  0  0  26  0  0  0  0  0  0  0  0  0  0  0  0  0  0  0  0  0  0  0  0  0  0  0  0  0  0  0  0  0  0  1  0  0  0  0  0  0  1  0  0  0  0  0  0  0  0  0  0  0  0  0  0  0  0  0  10  1  0  0  0  0  0  0  0  708  0  9  24191  3322  26121  230  205  57  400  0  69674  9  7381  778  1687  8928  42184  0  2  0  0  0  2  1  290  699  373  161  644  0  0  13  0  0  18  0  0  19765  25024  15147  0  0  11  26956  16  8633  43  0  0  0  17857  329  3785  29  650  1  15  0  0  0  139  0  1  74  1914  842  41223  77  0  27  0  123  0  0  1  0  227  1  1  0  81  9  41  114943  512  
0  0  0  0  0  0  0  0  0  0  0  0  0  0  0  0  0  0  0  0  0  0  0  0  0  0  0  0  0  0  0  0  0  0  0  0  0  0  0  0  0  0  0  0  0  0  0  0  0  0  0  0  0  0  0  0  0  0  0  0  0  0  0  0  0  0  0  0  0  0  0  0  0  0  0  5  0  0  0  0  0  0  0  0  0  0  0  0  0  0  0  0  1  0  36246  0  17  0  21  0  0  0  0  0  0  0  0  2  59  0  37895  680  0  0  0  0  15226  0  0  0  0  179  0  0  0  0  0  0  0  3  3  6  23  28203  11814  0  0  0  0  0  0  0  0  0  0  12838  1580  0  0  0  0  0  0  0  224  0  128  0  0  0  
0  0  0  0  0  0  0  0  0  0  0  0  0  0  0  0  0  0  0  0  0  51  0  0  0  0  0  0  0  0  0  0  0  0  0  0  0  0  0  0  0  0  0  0  0  0  0  0  0  0  0  0  0  0  0  0  0  0  0  0  11  0  0  0  0  0  0  0  0  0  0  0  0  0  0  53661  0  0  0  0  0  0  0  0  16  0  0  0  0  0  0  0  954  1387  20196  32815  1  0  0  0  0  0  0  0  0  0  0  0  0  0  3  0  0  0  0  58258  0  2041  0  0  0  2  0  0  0  0  0  0  0  1  19795  97  1109  15  37327  0  0  0  20  0  0  0  0  0  0  0  10  0  0  0  0  1  0  0  0  0  4  3  0  0  
0  0  0  0  0  0  0  0  0  0  0  0  0  0  0  0  0  0  0  0  0  0  0  0  0  0  0  0  0  0  0  0  0  0  0  0  0  0  0  0  0  0  0  0  0  0  0  0  0  0  0  0  0  0  0  0  0  0  0  0  0  0  0  0  0  0  0  0  0  0  0  0  0  0  1176  0  0  0  5004  16704  846  4  0  0  0  12550  3  73312  120442  2829  0  6  0  0  0  0  0  13  0  0  0  0  536  1  0  0  0  0  0  0  0  0  26715  22093  0  0  0  0  60  0  405  0  11438  0  0  0  71974  55804  0  1  0  0  0  0  0  10869  0  55  0  480  1  50928  1  0  0  0  0  0  0  1  0  0  0  0  0  174  0  5  8787  166  
0  0  0  0  0  0  0  0  0  0  0  0  0  0  0  0  0  0  0  0  0  0  0  0  0  0  0  0  0  0  0  0  0  0  0  0  0  0  0  0  0  0  0  0  0  0  0  0  0  0  0  0  0  0  0  0  0  0  0  0  0  0  0  0  0  0  0  0  0  0  0  0  0  0  37572  0  0  1  58108  9997  71  1  0  0  0  130  0  286  209969  2676  0  7  0  0  0  0  0  1176  0  0  0  0  0  0  0  0  0  0  0  0  0  0  3479  820  0  0  0  0  41  0  2962  0  5689  0  0  107629  0  53044  0  0  0  0  0  0  0  17812  0  780  0  70  0  923  0  0  0  0  0  0  0  0  0  0  0  0  0  3  0  0  613  3  
0  0  0  0  0  0  0  0  0  0  0  0  0  0  0  0  0  0  0  0  0  0  0  0  0  0  0  0  0  0  0  0  0  0  0  0  0  0  0  0  0  0  0  0  0  0  0  0  0  0  0  0  0  0  0  0  0  0  0  0  0  0  0  0  0  0  0  0  0  0  0  0  0  0  745  0  3  0  5473  22685  6852  778  26  17  0  145  0  81  126281  221472  0  11  0  1  0  0  0  0  0  45  25  0  59  29  0  0  0  0  0  1  0  0  24  739  34  0  0  1  1392  2  218  1  4107  0  0  42323  47993  0  5  101  0  9  0  0  0  6  0  0  16  2049  103  30871  29310  0  10  0  16  0  0  4  0  3  0  0  0  125  0  36  12265  2818  
0  0  0  0  0  0  0  0  0  0  0  0  0  0  0  0  0  0  0  0  0  0  0  0  0  0  0  0  0  0  0  0  0  0  0  0  0  0  0  0  0  0  0  0  0  0  0  0  0  0  0  0  0  0  0  0  0  0  0  0  0  0  0  0  0  0  0  0  0  0  0  0  0  0  0  0  1  20  0  3  1  0  4  16  0  7  0  0  0  2  0  0  0  0  0  0  0  0  32820  65457  929  2  10  26  0  0  0  0  0  11942  0  0  0  13  9171  0  0  3  433  0  0  21  726  0  0  5  0  24  0  24964  0  2  0  0  0  0  0  0  4  61  17087  85  1  0  3  0  13940  0  0  0  0  5  0  0  0  30  1  4  501  13  
0  0  0  0  0  0  0  1  0  15  0  0  0  0  0  0  0  0  0  0  0  0  0  0  0  0  0  1  0  1  0  0  0  0  0  0  0  0  0  0  1  0  0  0  3  0  0  0  0  0  0  0  0  0  0  0  0  0  0  0  0  0  0  0  0  24  0  1  0  0  0  0  0  0  0  7  112  12  1  18  35  325  1502  4867  1  20  0  0  22  110  12  2  8044  18587  16  1  82  0  109375  7627  150943  13  2702  32168  0  0  0  5  0  5138  0  4  0  21  16219  0  0  1068  6729  3275  0  876  797  0  6  10  1  778  21001  0  114  22453  3  1  89  0  0  0  33272  7922  22870  565  170  0  7677  0  107284  5  0  0  0  83  2  2  129  39  202  95  7625  2202  
0  0  0  0  0  0  0  0  0  0  0  0  0  0  0  0  0  0  0  0  0  0  0  0  0  0  0  0  0  0  0  0  0  0  0  0  0  0  0  0  0  0  0  0  0  0  0  0  0  0  0  0  0  0  0  0  0  0  0  0  0  0  0  0  0  0  0  0  0  0  0  0  0  0  0  38889  0  0  0  0  0  0  0  1  38  0  0  0  0  0  5  0  175745  17851  11838  750  92  0  59  0  1  0  0  0  0  0  0  0  0  0  0  93  0  0  1  30197  0  4979  1  0  0  481  0  0  23678  0  0  0  0  13  0  19852  7036  702  11515  0  0  0  667  0  0  0  0  0  0  0  32891  1  0  0  0  0  0  0  15  0  199  6  25  0  
0  0  0  0  0  0  0  0  0  0  0  0  0  0  0  0  0  0  0  1  0  0  0  0  0  0  0  0  0  0  0  0  0  0  0  0  0  0  0  0  0  0  0  0  0  0  0  0  0  0  0  0  0  0  0  0  0  0  0  0  0  0  0  0  0  0  0  0  0  0  0  0  0  0  0  133  1  0  0  0  0  1  6  19  17397  0  0  0  0  3  12  1  81115  73021  62  364  79  0  3514  1  1509  0  0  82  0  0  0  26  0  21  0  1  0  1  38  419  0  17001  66  0  0  7301  15  0  175  0  0  3  0  23956  9516  0  31  31  1767  0  0  0  25412  1  8  14  1  0  1  1  44584  11  0  0  0  0  0  0  133  2  301  113  778  2  
0  0  0  0  0  0  0  0  0  0  0  0  0  0  0  0  0  0  0  0  0  0  0  0  0  0  0  0  0  0  0  0  0  0  0  0  0  0  0  0  0  0  0  0  0  0  0  0  0  0  0  0  0  0  0  0  0  0  0  0  0  0  0  0  0  0  0  0  0  0  0  0  0  0  0  30821  0  0  0  0  0  0  0  0  1  0  0  0  0  0  53  6  36409  104  5949  35  834  0  14  0  0  0  0  0  0  0  0  1  0  1  14647  12459  0  0  5  7  0  515  2  0  0  1258  1  0  4523  0  0  0  0  42  18393  719  0  19408  4011  0  0  0  235  1  0  0  0  0  0  20167  21416  0  0  0  0  0  0  0  428  0  4833  18  100  0  
0  0  0  0  0  0  0  0  0  0  0  0  0  0  0  0  0  0  0  0  0  0  0  0  0  0  0  0  0  0  0  0  0  0  0  0  0  0  0  0  0  0  0  0  0  0  0  0  0  0  0  0  0  0  0  0  0  0  0  0  0  0  0  0  0  0  0  0  0  0  0  0  0  0  0  24403  0  0  0  0  0  0  0  0  0  0  0  0  0  0  0  0  99  39  77389  2  182  0  68  0  0  0  0  1  0  0  0  0  158  0  78476  16665  0  0  0  2  2321  98  0  0  0  139  0  25171  150  0  0  0  0  7  2265  278  18532  0  20458  0  0  0  64  0  0  0  0  0  0  37690  12739  0  0  0  0  0  0  0  80  0  1580  1  2  0  
0  0  0  0  0  0  0  0  0  0  1  0  0  0  0  0  0  0  0  1  0  32  0  0  0  0  0  0  0  0  0  0  0  0  0  0  0  0  0  0  0  0  0  0  0  0  0  0  0  0  0  0  0  0  0  0  0  0  0  0  13  0  0  0  0  0  0  0  0  0  0  0  0  0  0  10999  0  0  0  1  0  0  0  1  38  0  0  0  0  0  5  0  1107  2213  128643  64703  59074  0  159  0  0  0  0  0  0  5  0  3  103  0  690  1674  0  0  1  12226  24498  24609  18  0  0  381  4  11537  42009  0  0  0  0  128  18981  2035  4912  42213  0  0  0  0  212  0  1  1  0  0  0  163  11322  0  0  0  0  8  0  0  1532  1  28187  132  29  0  
0  0  0  0  0  0  0  0  0  0  0  0  0  0  0  0  0  0  0  0  0  0  0  0  0  0  0  0  0  0  0  0  0  0  0  0  0  0  0  0  0  0  0  0  0  0  0  0  0  0  0  0  0  0  0  0  0  0  0  0  0  0  0  0  0  0  0  0  0  0  0  0  0  0  4190  0  0  0  1153  521  0  0  0  0  0  1  11319  24795  16555  37  0  1  0  0  0  0  0  35656  0  0  0  0  0  0  0  0  0  0  0  0  0  0  12887  7  0  0  0  0  0  0  163  0  203  0  0  11616  15500  13  0  0  0  0  0  0  0  0  0  24667  0  0  0  0  0  0  0  0  0  0  0  0  0  0  0  0  0  0  0  0  26  0  
0  0  0  0  0  0  0  0  0  0  0  0  0  0  0  0  0  0  0  0  0  0  0  0  0  0  0  0  0  0  20  5  0  0  0  0  0  0  0  0  0  0  0  0  0  0  0  0  0  0  0  0  0  0  0  0  0  0  0  0  0  0  0  0  0  0  0  0  0  0  0  0  0  0  2889  0  0  0  3  16730  0  0  0  0  0  3  0  0  0  2710  12  358  0  0  0  0  9162  121869  0  0  0  0  0  0  75982  28655  0  0  2  0  0  0  1  0  0  0  0  0  0  0  1736  0  0  0  0  0  0  0  0  0  0  0  0  0  0  1  0  12613  0  0  0  0  0  8395  0  0  0  0  0  0  0  5  0  0  37  647  18  22  66021  87  
0  0  0  0  0  0  0  0  0  0  0  0  0  0  0  0  0  0  0  0  0  0  0  0  0  0  0  0  0  0  1  0  0  0  0  0  0  0  0  0  0  0  0  0  0  0  0  0  0  0  0  0  0  0  0  0  0  0  0  0  0  0  0  0  0  1  0  0  0  0  0  0  0  0  15459  0  0  0  641  4785  0  0  0  0  0  14  205  3177  18  252  50  22  0  0  0  0  2  152884  0  0  0  0  0  0  164  361  0  1  5  0  0  0  3516  3  0  0  2  0  0  0  16923  0  46  0  0  727  719  5  0  0  0  0  0  0  0  40624  41898  0  0  21  0  0  0  2  0  0  0  0  0  0  0  0  0  0  0  107  0  0  30765  0  
0  0  0  0  0  0  0  0  5  15  4  0  0  0  0  0  0  0  0  0  0  0  0  0  0  0  0  0  0  19  0  0  0  0  0  0  0  0  0  0  0  0  0  0  1  0  0  0  0  0  0  0  0  0  0  0  0  0  0  0  0  0  0  0  4  11  0  0  0  0  0  0  0  0  0  5  8  1  1  9  28  105  3960  10949  92170  11  0  0  1  71  1  1  84  82141  12  937  98  0  306  15  26705  0  67  93390  0  0  0  42  0  46  0  0  0  8  982  12  0  76433  1078  25  0  4971  188  0  25  10  1  37  3  29041  9794  28181  2  0  313  0  0  0  0  826  88  166  8  0  29659  0  3371  62  0  0  0  21  1  0  9  19  213  198  3896  183  
45  0  0  0  80  3339  1280  181  1190  6711  0  0  0  0  16  22  0  0  0  0  0  0  0  0  0  0  1  2  2  5  0  154  0  0  0  0  0  0  0  0  2  0  0  0  11  5  0  1  3  0  0  6  157  14  0  2  0  0  0  0  0  0  6  0  1  18939  13  3  0  5  7  0  0  0  307  0  38  23  26  54162  34607  32806  44188  45905  1  57  0  0  8  768  1  14  0  2  0  3  188  177  7  76  356  0  1507  325  0  4696  0  0  0  20  0  0  1  48  6969  0  0  253  3928  308  40  91  998  0  0  289  1  545  7  432  0  118  0  0  0  0  0  21  272  0  470  1483  32  0  1891  0  114  9  0  1620  15  4165  47  11  2  74365  6375  4822  23520  2853  
0  0  0  0  0  0  0  0  0  6  0  0  0  0  0  0  0  0  0  0  0  0  0  0  0  0  0  0  0  0  0  0  0  0  0  0  0  0  0  0  0  0  0  0  1  0  0  0  0  0  0  0  0  0  0  0  0  0  0  0  0  0  0  0  0  3  0  0  0  0  0  0  0  0  0  0  2038  14660  3  21  32  133  117  1273  0  62  0  0  14  67  1  0  0  1  0  0  0  0  9  119742  55843  95672  798  489  0  0  0  0  0  9554  0  0  1  63  22050  0  0  66  175566  4830  0  40  2927  0  0  32  4  981  9977  25859  0  10  0  0  0  0  0  0  82  2274  0  955  125  0  71  0  389  0  0  0  0  55  0  1  0  149  9  97  5677  3177  
0  0  0  0  0  0  0  0  0  0  0  0  0  0  0  0  0  0  0  0  0  0  0  0  0  0  0  0  0  0  0  0  0  0  0  0  0  0  0  0  0  0  0  0  0  0  0  0  0  0  0  0  0  0  0  0  0  0  0  0  0  0  0  0  0  0  0  0  0  0  0  0  0  0  17  0  6  35787  154  1747  453  60  9  68  0  56333  0  12  54502  984  0  17  0  0  0  0  0  1  0  68  26  6  93593  29  0  0  0  0  0  3  0  0  3  1461  236  0  0  2  83108  1  11  7  32636  0  0  54219  132  45191  5  83  0  7  0  0  0  0  0  0  30  557  300  0  11318  0  3  0  23  0  0  0  0  6  0  0  0  545  3  37  30956  623  
0  0  0  0  0  0  0  0  0  0  0  0  0  0  0  0  0  0  0  0  0  0  0  0  0  0  0  0  0  0  0  0  0  0  0  0  0  0  0  0  0  0  0  0  0  0  0  0  0  0  0  0  0  0  0  0  0  0  0  0  0  0  0  0  0  0  0  0  0  0  0  0  0  0  0  0  8324  1  0  13  102  15270  22  71  0  1  0  0  23497  40559  0  0  0  1  0  0  0  0  1  137  144  5  84710  133  0  0  0  0  0  13  0  0  0  2  126  0  0  3  93513  1455  0  0  233  0  0  6  0  29677  13  388  0  12  0  0  0  0  0  0  39  347  604  7708  0  0  17  0  48  0  0  0  0  2  0  0  0  20  0  25  6772  202  
0  0  0  0  0  67  0  0  0  0  0  0  0  0  0  0  0  0  0  0  0  0  0  0  0  0  0  0  0  0  2510  14  0  0  0  0  0  0  0  0  0  0  0  0  0  0  0  0  0  0  0  0  0  0  0  0  0  0  0  0  0  0  0  0  0  0  0  0  0  931  0  0  0  0  1545  0  0  0  4  11272  0  0  0  0  0  0  0  0  0  35025  0  0  0  0  0  0  0  560  0  0  0  0  0  0  33727  2788  0  0  0  0  0  0  0  0  0  0  0  0  0  0  0  0  0  0  0  0  0  0  0  0  0  0  0  0  0  0  12715  9  0  1  0  0  0  0  0  0  0  0  0  0  0  0  0  0  0  135  0  0  1891  0  
0  0  33  0  0  0  0  5  982  35  0  0  0  0  0  1  0  0  0  0  0  0  0  0  0  0  0  0  0  776  0  0  0  0  0  0  0  0  0  0  0  0  0  0  1  179  0  0  0  0  0  0  0  0  0  0  0  0  0  0  0  0  0  0  1  17  0  0  0  0  830  0  0  0  0  0  12  1  0  2  214  245  61861  726  6  5  0  0  0  424  0  0  0  35  0  0  0  0  2  8  45035  2  248  80521  0  0  0  0  0  6  0  0  0  4  1218  0  0  208  1179  24921  0  12  114  0  0  3  0  21  0  5862  0  44  0  0  0  0  0  0  19091  2879  417  88  16  0  0  0  101  0  0  1  0  57  1  0  0  7  3  28  4646  1014  
0  0  0  0  0  0  0  0  0  0  0  0  0  0  0  0  0  0  0  0  0  0  0  0  0  0  0  0  0  0  0  0  0  0  0  0  0  0  0  0  0  0  0  0  0  0  0  0  0  0  0  0  0  0  0  0  0  0  0  0  0  0  0  0  0  0  0  0  0  0  0  0  0  0  0  505  0  0  0  0  0  0  0  0  0  0  0  0  0  0  0  0  117  0  54  1  50  0  21  0  0  0  0  0  0  0  0  7  545  0  125932  142067  0  0  0  0  28905  2  0  0  0  39  0  18514  21  0  0  0  0  2  51  7  19142  40014  227  0  0  0  1  0  0  0  0  0  0  0  14940  0  0  0  0  0  0  0  45  0  490  0  2  0  
0  0  0  0  0  0  0  0  0  2  0  0  0  0  0  0  0  0  0  0  0  0  0  0  0  0  0  0  0  0  0  0  0  0  0  0  0  0  0  0  0  0  0  0  0  0  0  0  0  0  0  0  0  0  0  0  0  0  0  0  0  0  0  0  0  2  0  0  0  0  0  0  0  0  0  717  14  40  2  33  23  34  67  622  0  48  0  0  9  29  747  49  25645  338  2192  60  3250  0  201651  30205  275  1  122  212  0  0  120  112951  31973  56936  34  184968  0  60  19405  8  32477  2225  3675  9  0  122580  1027  311  372  36  1  305  11149  60607  25984  15032  23842  7189  8908  0  0  0  1945  375  493  517  23  0  55  15826  0  3120  0  0  0  12  0  0  16948  88  47777  2586  9683  105  
0  0  0  0  0  0  0  0  0  0  0  0  0  0  0  0  0  0  0  0  0  0  0  0  0  0  0  0  0  0  0  0  0  0  0  0  0  0  0  0  0  0  0  0  0  0  0  0  0  0  0  0  0  0  0  0  0  0  0  0  0  0  0  0  0  0  0  0  0  0  0  0  0  0  0  0  0  19  0  0  0  0  1  45  0  3  0  0  0  0  5  0  0  0  0  0  2  0  1  338  0  0  0  1  0  0  46509  15767  365  39809  0  0  0  0  10118  0  0  1  12  0  0  21473  6  0  0  0  0  1  0  18  1  10  0  0  0  0  0  0  10  2  1  2  0  0  0  0  3353  0  0  0  0  0  0  0  1  0  282  182  166  0  
0  0  0  0  0  0  0  0  0  4  0  0  0  0  0  0  30443  18657  1  0  1  0  53869  651  9  0  0  0  0  0  22  1370  0  65  21141  0  0  9  0  0  1  0  62772  104  0  0  6  18650  0  282  0  0  0  0  0  23  3  5  9  0  8577  0  1166  1  2  0  0  0  0  0  0  0  296  0  0  0  0  0  0  0  0  0  0  0  0  0  0  0  0  0  0  0  0  0  0  0  0  0  0  0  0  0  0  0  0  0  0  0  0  0  0  0  0  0  0  0  0  0  0  0  0  0  0  0  0  0  0  0  0  0  0  0  0  0  0  0  0  0  0  0  0  0  0  0  0  0  0  0  0  1  255941  19750  26331  287  0  0  1  5  0  1  
17176  0  0  7  9472  6553  495  369  634  428  0  6  0  12  287  963  1  62  0  0  0  0  0  1919  0  67  71  359  3439  1  7  18464  0  0  0  0  0  0  4  7  180  0  0  16  2044  241  3  48  133  0  0  541  5852  603  0  128  1  7  0  0  0  11  1386  5350  37  17965  566  903  1121  1857  21  0  5  0  0  0  0  0  0  16  2  26  23  0  0  1  0  0  0  2  0  0  0  0  0  0  0  0  0  0  1  0  6  2  0  33  0  0  0  0  0  0  0  0  33  0  0  0  12  2  0  0  16  0  0  2  0  1  0  1  0  0  0  0  0  0  0  0  0  466  1  14  0  0  0  0  0  0  14  0  1  48894  109892  40855  0  4361  1  51  21  2  
0  2  0  1  0  0  0  1  9  13208  0  1  0  0  0  0  33  58  84  0  102  4  57906  0  529  61  30  8  3  1  4  571  30  2059  502  16  62  1892  0  1  3097  0  4020  9684  56  3  0  12485  37  301  38  2  0  0  0  1181  230  851  11740  2533  65127  0  186  0  528  4911  27  16  0  0  7  288  22654  434  0  0  0  0  0  0  0  0  0  0  0  0  0  0  0  0  0  0  0  0  0  0  0  0  0  0  0  0  0  0  0  0  0  0  0  0  0  0  0  0  0  0  0  0  0  0  0  0  0  0  0  0  0  0  0  0  0  0  0  0  0  0  0  0  0  18  0  0  0  0  0  0  0  0  138747  6  0  58619  3251  338  0  0  0  3  0  1  
1  0  5  4  0  17  23  66  655  6680  0  1  0  0  41  102  119  2341  5  0  11  5  356  2  26  39  455  541  3139  8  41  2320  38  92  0  1  0  1  0  0  1744  0  4  149  2364  226  0  6279  123  0  3  39  3  50  0  567  18  110  8  0  6  0  53  0  296  4995  2058  1055  942  2  127  0  834  198  0  0  0  5  0  2  0  2  9  3  0  6  0  0  0  9  0  0  0  0  0  2  5  0  1  6  16  0  17  11  1  35  0  0  0  0  0  0  0  4  347  0  0  0  115  2  0  0  143  0  0  0  0  8  0  7  0  0  0  0  0  0  0  0  2  1309  35  122  2  0  4  0  4  0  6828  97059  50063  0  35853  55051  14  25  14  73770  737  528  
6474  0  1  38  2486  808  145  113  484  461  0  73  7  29  206  546  52029  94013  9  1  0  1  467  12864  10  88  159  199  992  5  3170  11869  174  19  59  0  0  1  5  28  5307  0  7  150  1355  50  22413  54050  54222  0  3  3617  1762  303  0  339  18  138  8  0  0  19  39210  9324  509  990  1537  2613  389  773  44  0  176  8  0  0  0  0  0  0  0  0  0  0  0  0  0  0  0  0  0  0  0  0  0  0  0  0  0  0  0  0  0  0  0  1  0  0  0  0  0  0  0  0  1  0  0  0  0  0  0  0  0  0  0  0  0  0  0  0  0  0  0  0  0  0  0  0  0  7  0  0  0  0  0  0  0  0  18242  64930  1167  23142  0  156078  0  5  1  1  0  0  
0  0  2  2  0  5  7  21  164  45  0  0  0  0  10  56  315  5483  2  0  0  0  3  58  0  16  37  79  365  1  15  19879  0  1  1  0  0  1  0  0  126  0  1  13  269  15  0  373  37  0  0  16  3  23  0  74  2  3  2  0  0  0  9155  0  36  200  297  120  142  3  13  0  31  4  0  0  0  0  0  0  0  0  0  0  0  0  0  0  0  0  0  0  0  0  0  0  0  0  0  0  0  0  0  0  0  17  0  0  0  0  0  0  0  0  0  0  0  0  0  0  0  0  0  0  0  0  0  0  0  0  0  0  0  0  0  0  0  0  0  1  0  0  0  0  0  0  0  0  480  81396  577  106718  488975  0  5  0  1  65  0  3  
0  0  0  0  0  0  0  0  0  1  0  0  0  0  0  0  0  1  0  0  0  0  0  0  0  0  0  0  0  0  0  3  0  0  0  0  0  0  0  0  0  0  0  0  0  0  0  0  0  0  0  0  0  0  0  0  0  0  0  0  0  0  0  0  0  0  0  0  0  0  0  0  0  0  0  46  0  1  0  0  0  0  0  2  0  0  0  0  0  0  19164  3255  1  4  45  0  106153  46  20  0  0  0  0  0  7  1492  0  0  337  1  2  31  0  0  11  0  27110  17  4  0  4  23451  0  79  2  0  0  0  0  28  71  36  293  99  3773  0  9  0  9  0  0  0  0  0  0  45  8936  0  1  10  0  22  1  10  0  2753  213555  6726  52245  316  
16  0  0  0  19  70  31  0  2  0  0  0  0  0  5  7  0  0  0  0  0  0  0  0  0  0  0  0  0  0  0  24  0  0  0  0  0  0  0  0  0  0  0  0  0  0  0  0  1  0  0  1  19  2  0  0  0  0  0  0  0  0  0  0  0  4056  0  0  0  0  0  0  0  0  990  0  0  0  391  27502  172  21  16  3  0  1  0  0  0  189  0  26  0  0  0  0  160  386  0  0  0  0  0  2  2  6361  0  0  0  0  0  0  0  1  2  0  0  0  26  0  17  0  49  0  0  50  0  109  0  4  0  0  0  0  0  0  90  63  2  26416  0  110  0  3  5  0  1  0  0  5728  0  4  5  2  395  0  340  1730  152797  70615  
0  0  0  0  0  0  0  0  0  0  0  0  0  0  0  0  0  0  0  0  0  0  0  0  0  0  0  0  0  0  0  5  0  0  0  0  0  0  0  0  0  0  0  0  0  0  0  0  0  0  0  0  0  0  0  0  0  0  0  0  0  0  0  0  0  1  0  0  0  0  0  0  0  0  0  1460  0  9  0  6  0  3  47  21674  0  7  0  0  0  7  73  10  130  130  1005  147  78478  0  1103  40  25  0  6  11  0  555  0  22  82  145  10  1633  0  2  1761  0  806  3108  378  6  0  5232  103  40  119  3  0  8  0  1787  2319  1869  7699  6471  18646  0  0  0  827  3288  106  55  0  0  7  109  46828  35  1  2  0  26  2  4  144727  467  0  50593  3977  53  
0  0  0  0  0  0  0  0  0  375  0  0  0  0  0  0  0  3  0  0  2  3  1  0  0  0  0  0  0  0  1  39  0  0  0  0  0  0  0  0  0  0  0  0  0  0  0  0  0  0  0  0  0  0  0  0  0  0  0  0  0  0  0  0  0  118  0  0  0  0  0  0  0  0  0  2  9  2  0  9  9  38  24  2052  0  0  0  0  0  23  15  37  2  13  23  54  1448  1  30  13  101  0  274  99  3  1803  1  5  0  24  0  0  0  1  2106  0  0  46  900  52  0  3222  67  0  2  7  1  27  0  137  42  110  13  0  14  0  2  0  47  8149  153  30  11  0  43  0  1756  20  4  82  2  84266  8  47  5213  11241  45720  0  35304  31164  
0  0  0  0  0  1  0  0  0  12  0  0  0  0  0  0  0  0  0  0  0  0  0  0  0  0  0  0  1  0  0  3  0  0  0  0  0  0  0  0  0  0  0  0  0  0  0  0  0  0  0  0  1  0  0  0  0  0  0  0  0  0  0  0  0  3  0  0  0  0  0  0  0  0  2905  41  47  0  2152  21015  200  443  71  188  0  43  0  4  23  1491  26978  49233  4  4  33  0  27330  17201  13  46  262  0  1619  265  4203  11366  332  1  20  18  0  1  3  97  9466  0  1  17  2190  69  25949  24223  38437  0  6  2208  11  1587  4  323  65  43  216  8  6  16  26712  6646  68  1600  179  3052  103  85  41  0  2821  3  0  3  0  92  0  0  30994  76580  947  9405  0  178222  
0  0  0  0  0  1  0  0  0  14  0  0  0  0  0  0  0  4  0  0  0  0  0  0  0  0  0  0  0  0  1  16  0  0  0  0  0  0  0  0  0  0  0  0  0  0  0  0  0  0  0  0  0  0  0  0  0  0  0  0  0  0  0  0  0  24  0  0  0  1  0  0  0  0  0  0  19  0  0  720  81  89  11  36  0  1  0  0  1  238  2  170  0  1  0  0  20176  2  3  18  121  0  1379  117  17  13736  0  1  0  2  0  0  0  2  184  0  0  8  1290  51  0  384  143  0  1  55  0  350  3  110  4  8  3  0  0  0  9  0  11  415  97  311  31  0  26  0  308  0  1  59  0  183  3  7  3658  114623  233  29716  444523  0  
