0  0  0  0  49482  7813  18  18  7  0  0  453  9  3648  17358  193  0  0  0  0  0  0  0  71523  1  0  0  1  0  0  26123  113  0  0  0  0  0  0  2294  88  0  0  0  0  0  0  1427  4  8765  0  0  10072  12253  68  0  0  0  2  0  0  0  27583  401  1987  1  104  3  70  1  15236  0  0  3  0  0  0  0  0  0  0  0  0  0  0  0  0  0  0  0  2  0  0  0  0  0  0  0  0  0  0  0  0  0  0  0  0  0  0  0  0  0  0  0  0  0  0  0  0  0  0  0  0  0  0  0  0  0  0  0  0  0  0  0  0  0  0  0  0  0  7  0  0  0  1  0  0  0  0  0  2713  0  0  38562  9577  0  2  0  0  0  0  
0  0  0  0  0  0  0  0  0  0  100  0  0  0  0  0  0  0  76842  394  60378  14982  6  0  0  0  0  0  0  0  0  0  0  0  0  0  8358  1  0  0  0  82214  0  3888  0  0  0  0  0  6  49745  0  0  0  0  0  34166  96  28011  25568  4377  0  0  0  0  0  0  0  0  0  0  2035  9  0  0  44  0  0  0  0  0  0  0  0  0  0  0  0  0  0  0  0  0  0  7  9  4  0  0  0  0  0  0  0  0  0  0  0  0  0  0  0  0  0  0  1  0  0  0  0  0  0  0  0  5  0  0  0  0  0  0  0  0  0  1  0  0  0  0  0  0  0  0  0  0  0  0  0  0  0  4  10  0  0  0  0  0  7  0  0  
0  0  0  0  0  0  2  1043  86  0  0  0  0  0  0  66044  0  0  0  0  0  0  0  0  0  0  11342  28122  50061  12252  0  0  0  0  0  0  0  0  0  0  0  0  0  0  78226  49436  0  0  0  0  0  0  0  67  0  1  0  0  0  0  0  0  0  0  0  0  8211  0  2550  0  22  0  0  0  0  0  165  0  0  0  0  8  35  0  2  0  0  0  0  18  0  0  0  0  0  0  0  0  0  0  17  0  0  274  0  0  0  0  0  0  0  0  0  0  0  0  0  0  0  43  0  0  0  0  0  0  0  0  0  0  0  0  0  0  0  0  0  0  3  0  0  0  0  0  51  0  0  0  0  3  0  0  3  2  0  0  0  0  0  0  
0  0  0  0  0  0  0  0  0  0  0  54310  0  2  0  0  854  527  15  0  2  0  0  1  82  65346  7  29600  11113  0  0  0  5736  3648  382  126  0  2  0  0  7165  0  1  8  20277  0  6  1036  61027  1  0  2  0  8  56  314  6  122  0  0  6  0  0  0  44  0  2019  16577  2  0  6  0  134  258  0  0  0  0  0  0  0  0  0  0  0  0  0  0  0  0  0  0  0  0  0  0  0  0  0  0  0  0  0  0  0  0  0  0  0  0  0  0  0  0  0  0  0  0  0  0  0  0  0  0  0  0  0  0  0  0  0  0  0  0  0  0  0  0  0  0  0  0  0  0  0  0  0  0  0  2  35  7  228  0  0  0  0  0  0  0  
54146  0  0  0  0  16862  52  25  13  0  0  12  0  120  18192  41057  0  0  0  0  0  0  0  270  0  0  0  0  0  0  20987  8  0  0  0  0  0  0  31  0  0  0  0  0  0  0  40  0  1610  0  0  267  27659  336  0  0  0  0  0  0  0  12  8  35  0  162  0  10  0  22975  0  0  0  0  0  0  0  0  1  93  19  0  0  0  0  0  0  0  0  155  0  0  0  0  0  0  0  0  0  0  0  0  0  0  5  0  0  0  0  0  0  0  0  0  0  0  0  0  0  0  0  0  0  0  0  0  0  0  0  0  0  0  0  0  0  0  0  0  0  12  0  0  0  1  0  0  0  0  0  2180  0  0  12443  660  0  0  0  0  1  0  
11427  0  0  0  45791  0  40687  4519  4941  0  0  99  0  246  44013  112388  0  2  0  0  0  0  0  6409  0  0  0  2  2  0  11038  1556  0  1  0  0  0  0  19  1  0  0  0  0  23  20  6  0  1577  0  0  1751  38721  25197  0  3  0  0  0  0  0  29  2936  450  1  85392  1  86  13  87558  0  0  0  0  6  0  0  0  12  6971  2629  89  3  0  0  0  0  0  1  2265  0  0  0  0  0  0  0  1  0  0  0  0  0  0  352  103  0  0  0  0  0  0  0  0  0  0  0  0  0  0  0  0  0  0  0  1  0  2  0  0  0  0  0  0  0  0  1  0  0  12704  0  0  0  426  0  0  0  0  1  30890  0  2  20403  9147  0  45  0  0  19  0  
32  0  12  0  24  43284  0  65521  7815  0  0  26  0  20  93  84192  0  0  0  0  0  0  0  3  2  1  2  33  37  0  0  0  0  0  0  0  0  0  0  0  0  0  0  0  389  262  0  0  69  0  0  5571  1244  67004  0  8  0  1  0  0  0  2  0  1  0  66070  12  282  211  4  0  0  1  0  0  0  10  0  1  240  4764  9106  122  0  0  0  0  0  0  414  0  0  0  0  0  0  0  0  0  0  0  0  0  0  0  0  0  0  0  0  0  0  0  0  0  0  0  0  1  28  0  0  0  0  0  0  0  0  0  0  0  0  0  0  0  0  0  0  0  1645  0  0  0  0  1  0  0  0  0  29590  0  0  380  50  0  0  0  0  0  0  
26  0  998  0  11  1844  57234  0  34179  68  0  0  0  3  6  106740  2  0  0  0  0  0  0  2  4  0  54  480  17300  11  0  2  0  0  0  0  0  0  1  0  5  0  0  8  37971  40181  0  2  28  0  0  43  14  9150  0  108  0  1  0  0  0  0  0  1  10  31519  231  15  10513  38  30  0  0  0  0  0  265  0  0  8  8  15799  7648  2  1  0  0  0  0  107  0  0  0  0  0  0  0  0  0  0  0  0  0  12  0  0  0  0  0  0  0  0  0  0  0  0  0  0  0  234  0  0  0  0  0  0  0  0  0  0  0  0  0  0  0  0  0  0  0  1068  0  0  0  0  32  0  0  0  0  7248  0  12  1707  3033  0  7  0  0  1  0  
5  0  126  0  1  906  632  17643  0  15720  3  0  0  0  3  147  90  0  0  0  0  9  0  2  66  5  113  482  206  2022  0  0  0  0  0  0  0  0  0  0  408  0  0  492  3767  30479  0  59  64  0  0  6  2  205  0  263  0  20  0  0  0  0  0  0  112  48445  1359  34  1958  15  49607  0  0  0  0  0  5  0  0  0  0  51  1100  20  22  0  0  0  0  1  0  0  0  0  0  16  0  0  0  0  0  0  0  95  0  0  0  0  0  0  0  0  0  0  0  0  0  0  0  34  0  0  0  0  0  0  0  0  0  0  0  0  0  0  0  0  0  0  0  583  0  0  0  0  900  0  0  0  0  5262  143  4  1279  1457  0  3  0  0  0  0  
0  0  0  0  0  0  1  5  12497  0  2  0  0  0  3  0  221  0  0  0  0  783  18854  0  12  0  132  516  8  13876  0  0  0  0  0  0  0  0  0  0  618  0  0  32738  1783  603  0  204  57  0  1  0  0  63  1  128  1  22  0  0  0  0  0  0  1312  65271  1903  13  53  0  7264  0  7  0  0  1  0  0  0  0  0  0  20  344  1  0  0  0  0  0  0  0  0  0  1  15  1  0  0  0  0  0  0  1  0  0  0  0  0  0  0  0  0  0  2  0  0  0  0  0  0  2  0  0  0  0  0  0  0  0  0  0  0  0  0  0  0  0  0  23177  0  0  0  0  1  0  0  0  0  23  18425  5354  4439  2834  0  23  2  229  69  21  
0  202  0  0  0  0  0  0  1  1  0  0  0  0  0  0  0  0  40  155411  0  66058  0  0  0  0  6  0  0  2629  0  0  0  0  0  0  0  0  0  0  0  21852  0  108727  0  0  0  0  0  0  135  0  0  0  0  0  256  15471  1  0  191  0  0  0  68571  1  0  0  0  0  8  0  0  0  0  17  0  0  0  0  0  0  2  0  5112  0  0  0  0  0  0  0  0  56  0  16379  0  0  0  0  0  0  0  70  0  0  0  0  0  0  0  0  0  0  0  272  0  268  0  0  0  0  0  0  0  0  0  0  0  0  0  1  0  0  0  0  0  0  2  0  0  0  0  0  0  0  0  0  0  0  0  0  0  0  0  0  0  0  0  0  
133  0  0  51785  17  73  10  2  2  0  0  0  2467  60089  248  1  174  1967  21  0  1  0  1  3677  130  1353  2  1024  2100  0  0  0  1165  3653  828  32  0  11  168  56750  689  1  17  7  4424  4  1695  741  86400  0  1  72936  1046  194  72  295  6  296  0  0  9  412  0  5  62  2  1046  87240  82  0  11  0  228  2  0  0  0  0  0  0  0  0  0  0  0  0  0  0  0  0  0  0  0  0  0  0  0  0  0  0  0  0  0  0  0  0  0  0  0  0  0  0  0  0  0  0  0  0  0  0  0  0  0  0  0  0  0  0  0  0  0  0  0  0  0  0  0  0  0  0  0  0  0  0  0  0  0  0  2  1039  17  8  7699  1  0  0  0  0  0  0  
12  0  0  0  0  0  0  0  0  0  0  811  0  5895  0  0  0  49  0  0  0  0  0  31637  0  0  0  0  0  0  0  0  0  1  1  0  0  0  32555  1124  0  0  1  0  0  0  12880  0  1416  0  0  2  2  0  0  0  0  0  0  0  0  5820  11  8429  0  0  0  0  0  0  0  0  0  0  0  0  0  0  0  0  0  0  0  0  0  0  0  0  0  0  0  0  0  0  0  0  0  0  0  0  0  0  0  0  0  0  0  0  0  0  0  0  0  0  0  0  0  0  0  0  0  0  0  0  0  0  0  0  0  0  0  0  0  0  0  0  0  0  0  0  0  0  0  0  0  0  0  0  0  4  0  0  8  0  0  0  0  0  0  0  
658  0  0  2  134  190  5  0  2  0  0  63141  6255  0  1012  0  0  180  1  0  0  0  1  1496  2  0  1  3  5  0  0  0  0  64  10  0  0  0  27828  61319  1  0  14  0  20  0  552  1  16290  0  0  64162  1924  64  0  2  0  2  0  0  0  35498  8  329  2  9  6  388  0  0  0  0  4  0  0  0  0  0  0  0  0  0  0  0  0  0  0  0  0  0  0  0  0  0  0  0  0  0  0  0  0  0  0  0  0  0  0  0  0  0  0  0  0  0  0  0  0  0  0  0  0  0  0  0  0  0  0  0  0  0  0  0  0  0  0  0  0  0  0  1  0  0  0  0  0  0  0  0  0  1119  0  0  4175  6  0  0  0  0  0  0  
15477  0  1  0  16813  30013  142  27  58  0  0  302  0  3943  0  56234  14  0  1  0  0  0  0  8825  98  2  9  749  6215  0  0  0  0  0  0  0  0  0  3  1  45  0  0  1  1527  75  0  11  876  0  0  214564  165849  110213  0  260  0  109  0  0  0  44333  0  2  31  107  208  34089  53443  10  12  0  9  0  0  0  0  0  0  1  0  0  0  0  0  0  0  0  0  1  0  0  0  0  0  0  0  0  0  0  0  0  0  0  0  0  0  0  0  0  0  0  0  0  0  0  0  0  0  0  0  0  0  0  0  0  0  0  0  0  0  0  0  0  0  0  0  0  0  3  0  0  0  0  0  0  0  0  0  1937  0  0  1416  21  0  0  0  0  0  0  
110  0  93741  0  52590  118006  73177  90618  307  1  0  2  0  0  70872  0  0  0  0  0  0  0  0  10  2  0  0  84  18100  22  4629  1  0  0  0  0  0  0  0  0  0  0  0  0  7967  10021  0  0  10  0  0  61  5868  245569  0  2  0  1  0  0  0  0  0  3  0  83  25  16  36259  28800  2  0  2  0  16  0  575  0  3  4387  2648  3134  321  0  0  0  0  0  0  14129  0  0  0  0  0  0  0  0  0  0  0  0  0  15  26  0  0  0  0  0  0  0  0  0  0  0  0  0  0  646  0  0  0  0  0  0  0  0  0  0  0  0  0  0  0  0  0  0  0  113  0  0  0  5  17  0  0  0  0  1563  0  0  123  31  0  0  0  0  0  0  
0  0  0  2263  0  0  0  0  9  2  0  231  0  12  0  0  0  42211  0  0  0  0  9781  353  8  55  15  2214  0  0  0  2  622  389  11452  0  0  74  0  0  14611  0  1583  0  1861  3  867  45381  18229  19  0  0  0  6  1  124  0  2  0  0  2  0  132  0  1  0  1293  0  1  0  2  2  213  0  0  0  0  0  0  0  0  0  0  0  0  0  0  0  0  0  0  0  0  0  0  0  0  0  0  0  0  0  0  0  0  0  0  0  0  0  0  0  0  0  0  0  0  0  0  0  0  0  0  0  0  0  0  0  0  0  0  0  0  0  0  0  0  0  0  0  0  0  0  0  0  0  0  0  11221  0  18  2  118332  10  0  0  0  0  0  0  
0  0  0  559  0  4  1  0  0  0  0  5318  320  107  0  0  31166  0  0  0  0  0  9541  7395  0  1  0  0  0  0  0  536  15  491  684  0  0  0  39  47  61  0  44  0  0  0  35388  5811  54140  0  0  9  2  0  0  0  0  0  0  0  0  0  14389  0  0  7  0  2  0  2  0  0  0  1  0  0  0  0  0  0  0  0  0  0  0  0  0  0  0  0  0  0  0  0  0  0  0  0  0  0  0  0  0  0  0  0  0  0  0  0  0  0  0  0  0  0  0  0  0  0  0  0  0  0  0  0  0  0  0  0  0  0  0  0  0  0  0  0  0  0  0  0  0  0  0  0  0  0  7676  97  215  480  157435  18  0  0  0  0  0  0  
0  99586  0  0  0  0  0  1  0  0  116  1  0  0  2  0  0  0  0  18880  333  573  0  0  54176  67  9  5  64  2  0  0  0  1  0  3  727  1337  0  0  31  44576  1  281  172  2  0  7  17  67  1247  5  0  117  32  1784  180874  100110  48354  1227  3302  0  0  0  155  0  134  153  14  0  3  514  55095  0  0  0  0  0  0  0  0  0  0  0  0  0  0  0  0  0  0  0  0  0  0  0  0  0  0  0  0  0  0  0  0  0  0  0  0  0  0  0  0  0  0  0  0  0  0  0  0  0  0  0  0  0  0  0  0  0  0  0  0  0  0  0  0  0  0  0  0  0  0  0  0  0  0  0  0  16  26  0  19  1  0  0  0  0  0  0  
0  575  0  0  0  0  0  0  0  0  154196  0  0  0  0  0  0  0  17729  0  0  6640  0  0  123  0  16977  0  0  858  0  0  0  0  0  0  0  0  0  0  0  19264  0  15670  1  11  0  1  0  0  1263  0  0  0  0  5511  153  60231  0  0  1407  0  0  0  38807  0  2  0  0  0  91  0  1  0  0  0  0  0  0  0  0  0  0  0  764  0  0  0  0  0  0  0  0  52  0  113  0  0  0  0  0  0  0  14  0  0  0  0  0  0  0  0  0  0  0  4  0  50  0  0  0  0  0  0  0  0  0  0  0  0  0  0  0  0  0  0  0  0  1  0  0  0  0  0  0  0  0  0  0  0  0  0  0  0  0  0  0  0  0  0  
0  66733  0  0  0  0  0  0  0  1  0  0  0  0  0  0  0  0  319  0  0  1181  4114  0  0  0  0  0  0  0  0  0  0  0  0  0  4695  1  0  0  0  1780  175  0  0  0  0  0  0  56241  16942  0  0  0  0  0  1184  30  291  67522  109517  0  0  0  0  0  0  0  0  0  0  35  7  0  0  14  0  0  0  0  0  0  0  0  0  0  0  0  0  0  0  0  0  0  2  1  0  0  0  0  0  0  0  0  0  0  0  0  0  0  0  0  0  0  0  2  0  0  0  0  0  0  0  0  1  0  0  0  0  0  0  0  0  0  0  0  0  0  0  0  0  0  0  0  0  0  0  0  0  0  222  55  0  0  0  0  0  4  0  0  
0  9729  0  0  0  0  0  0  1  1780  34255  0  0  0  0  0  0  0  1258  4351  986  0  11361  0  0  0  0  0  0  118  0  0  0  0  0  0  3  0  0  0  0  60672  1  169068  0  0  0  0  0  13  47642  0  0  0  0  0  447  7800  68  17  107211  0  0  0  38  12  0  0  0  0  0  0  6  0  0  698  0  0  0  0  0  0  0  2  45  0  0  0  0  0  0  0  0  0  30  8572  5  0  0  0  0  0  0  0  0  0  0  0  0  0  1  0  0  0  0  1153  0  8  0  0  0  0  0  0  98  0  0  0  0  0  0  0  0  0  11  0  0  0  0  1  0  0  0  0  0  0  0  0  0  0  83  586  1  1  0  0  2  65  0  0  
0  1  0  0  0  0  0  0  3  10688  1  13  0  2  0  0  13867  12545  7  0  5805  5417  0  91  28  6  0  1  0  1  1  0  0  73  19480  1  1422  22  0  0  5  1  71813  11800  4  1  174  3423  0  27978  3  0  0  0  28  9  17  20  24  594  60483  0  3783  0  51  9  6  0  0  0  47  28  330  0  0  1  0  0  0  0  0  0  0  0  0  0  0  0  0  0  0  0  0  0  0  3  9  0  0  0  0  0  0  0  0  0  0  0  0  0  0  0  0  0  0  1  0  0  0  0  0  0  0  0  0  0  0  0  0  0  0  0  0  0  1  0  0  0  0  0  0  0  0  0  0  0  0  0  55772  0  112642  4085  88  2  1  0  42  215  0  0  
58833  0  0  0  703  2502  0  0  1  0  0  2773  34311  3372  9686  51  118  5508  0  0  0  0  142  0  0  0  0  0  0  0  23166  3163  0  266  339  0  0  0  8824  922  0  0  469  0  0  0  47085  3509  1087  0  0  394  162  3  0  0  0  0  0  0  0  44548  89774  156386  0  58  0  2  0  7193  0  0  0  0  0  0  0  0  0  1  0  0  0  0  0  0  0  0  0  1  0  0  0  0  0  0  0  0  0  0  0  0  0  0  9  5  0  0  0  0  0  0  0  0  0  0  0  0  0  0  0  0  0  0  0  0  0  0  0  0  0  0  0  0  0  0  0  0  0  1  0  0  0  1  0  0  0  0  1055  319  24  16  31997  18564  0  0  0  0  0  0  
0  1  0  7  0  1  2  2  4  1  0  15  0  1  60  2  0  0  50012  553  11  1  1  0  0  56243  1172  85  258  28  0  0  0  9127  0  556  0  1  0  0  303  0  1  52  1125  59  0  158  110  8  5  19  0  1444  104164  159695  214  8702  4  10  141  0  0  0  485  0  5592  765  123  0  1121  0  190990  33  0  0  0  0  0  0  0  0  0  0  0  0  0  0  0  0  0  0  0  0  0  0  0  0  0  0  0  0  0  0  0  0  0  0  0  0  0  0  0  0  0  0  0  0  0  0  0  0  0  0  0  0  0  0  0  0  0  0  0  0  0  0  0  0  0  0  0  0  0  0  0  0  0  0  2  101  81  5  123  4  0  0  0  0  0  0  
1  0  0  49799  0  2  0  1  21  0  0  1008  0  5  6  0  65  3  139  1  2  0  1  0  49639  0  66  10364  89  3  0  0  3194  18402  1  135336  0  0  0  0  68690  3  2  36  1697  17  0  768  13146  0  2  19  1  205  62955  22778  31  2240  1  9  39  3  0  0  688  0  108778  735  104  0  193  0  8048  428  0  0  0  0  0  0  0  0  0  0  0  0  0  0  0  0  0  0  0  0  0  0  0  0  0  0  0  0  0  0  0  0  0  0  0  0  0  0  0  0  0  0  0  0  0  0  0  0  0  0  0  0  0  0  0  0  0  0  0  0  0  0  0  0  0  0  0  0  0  0  0  0  0  0  3  69  84  24  192  2  0  0  0  0  0  0  
0  0  11214  0  0  0  0  3  114  26  4  1  0  0  4  0  9  0  17  17311  0  0  0  0  1346  311  0  799  1  222236  0  0  0  0  0  2  0  0  0  0  137  0  0  12  573  14615  0  44  8  0  0  0  0  98  8  143598  0  118  0  0  0  0  0  0  17502  12  102124  33  26  0  22703  0  2  1  0  0  1  0  0  0  0  0  0  0  2  0  0  0  0  0  0  0  0  0  0  0  0  0  0  0  0  0  0  25  0  0  0  0  0  0  0  0  0  0  0  0  0  0  0  0  0  0  0  0  0  0  0  0  0  0  0  0  0  0  0  0  0  0  0  0  0  0  0  0  9  0  0  0  0  3  0  0  407  318  0  0  0  0  0  0  
1  0  31916  27093  0  2  4  28  22  3  0  308  0  1  14  53  1384  0  11  0  3  0  0  0  153  8284  1370  0  5903  8  0  0  2  11  0  5  0  0  0  0  1609  0  0  1  232510  47541  0  153  4171  0  0  6  1  750  7  1497  5  107  0  1  3  0  0  0  33  1  224673  483  317  0  21  0  94  1  0  0  0  0  0  0  0  0  0  0  0  0  0  0  0  0  0  0  0  0  0  0  0  0  0  0  0  0  0  0  0  0  0  0  0  0  0  0  0  0  0  0  0  0  0  0  0  0  0  0  0  0  0  0  0  0  0  0  0  0  0  0  0  0  0  0  0  0  0  0  0  0  0  0  0  55  1  1  10184  112  0  0  0  0  0  0  
0  0  59352  14037  0  1  4  3977  90  1  0  1057  0  0  3459  11139  0  0  0  0  0  0  0  0  21  2  4  3878  0  0  0  0  1  29  18  1  0  1  0  0  2  0  0  0  241591  1701  0  21  198  0  0  73  0  363  1  62  0  83  0  0  0  0  0  0  31  120  82  88667  98702  0  5  0  15  0  0  0  0  0  0  0  0  0  0  0  0  0  0  0  0  0  0  0  0  0  0  0  0  0  0  0  0  0  0  0  0  0  0  0  0  0  0  0  0  0  0  0  0  0  0  0  0  0  0  0  0  0  0  0  0  0  0  0  0  0  0  0  0  0  0  1  0  0  0  0  0  0  0  0  0  192  0  1  102  20  0  0  0  0  0  0  
0  0  16810  0  0  0  0  11  2272  10572  3765  0  0  0  0  45  12  0  0  378  0  541  0  0  29  0  229193  34  1  0  0  0  0  0  0  0  0  0  0  0  61  0  0  14083  131  65799  0  3  5  0  0  0  0  17  0  63573  0  23  0  0  0  0  0  0  121836  457  6777  0  5  0  141648  0  0  0  0  0  46  0  0  0  0  0  75  8  1269  0  0  0  0  6  0  0  0  32  0  1107  0  0  0  0  6  0  0  1917  0  0  0  0  0  0  0  0  0  0  0  0  0  25  0  114  0  0  0  0  0  0  0  0  0  0  0  0  0  0  0  0  0  0  110  37  0  0  0  0  128  0  0  0  0  1  19  0  111  112  0  0  0  0  0  0  
23420  0  0  0  14946  4625  0  0  0  0  0  0  0  0  0  4183  0  5  0  0  0  0  0  29821  0  0  0  0  0  0  0  28345  0  0  0  0  0  0  0  0  0  0  0  0  0  0  0  0  0  0  0  0  0  1  0  0  0  0  0  0  0  0  73762  426  0  34  0  0  0  91626  0  0  0  0  13  0  0  0  1  548  4  0  0  0  0  0  0  0  0  466  0  0  0  0  0  0  0  2  0  0  0  0  0  0  2505  1400  0  0  0  0  0  0  0  0  0  0  0  0  0  0  0  0  0  0  0  0  0  0  0  0  0  0  0  0  0  0  10  0  0  130  0  0  0  467  0  0  0  0  4  163  0  9  1879  430  0  29  0  28  0  2  
28  0  0  0  8  1645  0  0  0  1  0  9  0  0  1  0  8  935  0  0  0  0  8  3108  0  0  0  0  0  0  23349  0  0  84  56  0  0  0  0  0  0  0  1  0  0  0  2  5  0  0  0  0  0  0  0  0  0  0  0  0  0  0  27133  1016  0  29875  0  0  0  17875  0  0  0  0  0  0  0  0  0  306  0  0  0  0  0  0  0  0  0  3  0  0  0  0  0  0  0  0  0  0  0  0  0  0  72  4741  0  0  0  0  0  0  0  0  0  0  0  0  0  0  0  0  0  0  0  0  0  0  0  0  0  0  0  0  0  0  0  0  0  427  0  0  0  31  0  0  0  0  218  2480  51  1941  38320  6617  1  139  1  164  0  5  
0  0  0  7600  0  0  0  0  0  0  0  2448  0  0  0  0  1464  63  0  0  0  0  0  0  8  4708  1  1  0  0  0  0  0  23803  7462  665  0  0  0  0  21964  0  0  1  4  0  3  60218  279  0  0  0  0  0  6  5  1  6  0  0  0  0  0  0  2  0  1  2  0  0  0  0  2936  59029  0  0  0  0  0  0  0  0  0  0  0  0  0  0  0  0  0  0  0  0  0  0  0  0  0  0  0  0  0  0  0  0  0  0  0  0  0  0  0  0  0  0  0  0  0  0  0  0  0  0  0  0  0  0  0  0  0  0  0  0  0  0  0  0  0  0  0  0  0  0  0  0  0  0  0  0  136  43  346  0  0  0  0  0  0  0  
0  0  0  4109  0  0  0  0  0  0  0  4538  1  158  0  0  71  121  6  0  0  0  15  97  8959  19638  0  2  12  0  0  8  25069  0  79726  86651  7  20237  0  1  7598  0  17865  1  6  0  106  10504  323  133  0  1  0  2  306  21  0  0  0  7  0  0  10  0  1  0  6  2  4  0  0  5704  166797  27993  0  0  0  0  0  0  0  0  0  0  0  0  0  0  0  0  0  0  0  0  0  0  0  0  0  0  0  0  0  0  0  0  0  0  0  0  0  0  0  0  0  0  0  0  0  0  0  0  0  0  0  0  0  0  0  0  0  0  0  0  0  0  0  0  0  0  0  0  0  0  0  0  0  0  61  1  189  19  44  0  0  0  0  0  0  0  
0  0  0  955  0  0  0  0  0  0  0  2972  2  140  0  0  18257  688  0  0  0  0  19504  201  2  2  0  0  9  0  0  11  5047  80112  0  3  12  5962  0  0  4  0  61182  0  1  0  134  77199  229  355  0  0  0  0  0  1  1  0  0  5  2  0  33  0  0  0  0  1  0  0  0  6904  30266  20  0  0  0  0  0  0  0  0  0  0  0  0  0  0  0  0  0  0  0  0  0  0  0  0  0  0  0  0  0  0  0  0  0  0  0  0  0  0  0  0  0  0  0  0  0  0  0  0  0  0  0  0  0  0  0  0  0  0  0  0  0  0  0  0  0  0  0  0  0  0  0  0  0  0  33794  0  1135  7  141  0  0  0  0  0  0  0  
0  0  0  18  0  0  0  1  3  0  0  42  0  0  4  0  1  0  11  0  3  0  2  0  1551  109371  32  37  21  0  0  0  1032  83535  2  0  0  111  0  1  65341  0  1  4  320  3  0  1209  268  1  0  7  0  59  14032  1899  6  76  0  4  17  1  0  0  13  0  26325  150  56  0  74  0  5180  26610  0  0  0  0  0  0  0  0  0  0  0  0  0  0  0  0  0  0  0  0  0  0  0  0  0  0  0  0  0  0  0  0  0  0  0  0  0  0  0  0  0  0  0  0  0  0  0  0  0  0  0  0  0  0  0  0  0  0  0  0  0  0  0  0  0  0  0  0  0  0  0  0  0  0  5  30  92  74  45  2  0  0  0  0  0  0  
0  10061  0  0  0  0  0  0  0  0  0  0  0  0  0  0  0  0  191  0  11965  0  352  0  0  0  0  0  0  0  0  0  0  0  3  0  0  35377  0  0  0  0  31331  0  0  0  0  50  0  75660  3  0  0  0  0  0  7  2  4526  73199  30  0  0  0  0  0  0  0  0  0  0  238636  960  0  0  0  0  0  0  0  0  0  0  0  0  0  0  0  0  0  0  0  0  0  0  0  0  0  0  0  0  0  0  0  0  0  0  0  0  0  0  0  0  0  0  0  0  0  0  0  0  0  0  0  0  0  0  0  0  0  0  0  0  0  0  0  0  0  0  0  0  0  0  0  0  0  0  0  25  0  989  0  0  0  0  0  0  0  0  0  
0  7  0  2  0  0  0  0  0  0  0  14  0  0  0  0  13  0  3818  0  11  0  2  0  0  2  1  0  1  0  0  0  0  15186  3641  4  23832  0  0  0  3  0  32760  0  2  0  0  2999  0  3621  1  0  0  1  2  3  38  1  9761  6470  51  0  0  0  0  0  0  0  0  0  0  156726  189686  1  0  0  0  0  0  0  0  0  0  0  0  0  0  0  0  0  0  0  0  0  0  0  0  0  0  0  0  0  0  0  0  0  0  0  0  0  0  0  0  0  0  0  0  0  0  0  0  0  0  0  0  0  0  0  0  0  0  0  0  0  0  0  0  0  0  0  0  0  0  0  0  0  0  0  315  0  6120  0  0  0  0  0  0  0  0  0  
1984  0  0  0  194  87  1  0  0  0  0  170  33537  23085  53  0  0  17  0  0  0  0  0  4296  0  0  0  1  0  0  0  0  0  0  0  0  0  0  0  169  0  0  0  0  1  0  20268  0  23058  0  0  709  351  7  0  0  0  0  0  0  0  9964  132  20465  0  1  1  8  0  0  0  0  1  0  0  0  0  0  0  0  0  0  0  0  0  0  0  0  0  0  0  0  0  0  0  0  0  0  0  0  0  0  0  0  0  0  0  0  0  0  0  0  0  0  0  0  0  0  0  0  0  0  0  0  0  0  0  0  0  0  0  0  0  0  0  0  0  0  0  0  0  0  0  0  0  0  0  0  0  562  0  0  1917  34  0  0  0  0  0  0  
38  0  0  0  2  3  0  0  0  0  0  78649  1715  75889  10  0  1  50  1  0  0  0  0  1623  2  2  0  24  0  0  0  0  0  0  0  1  0  0  387  0  2  0  3  1  75  0  228  7  15020  0  0  488  36  20  0  9  0  8  0  0  0  1018  1  22  1  0  28  131  9  0  0  0  3  0  0  0  0  0  0  0  0  0  0  0  0  0  0  0  0  0  0  0  0  0  0  0  0  0  0  0  0  0  0  0  0  0  0  0  0  0  0  0  0  0  0  0  0  0  0  0  0  0  0  0  0  0  0  0  0  0  0  0  0  0  0  0  0  0  0  0  0  0  0  0  0  0  0  0  0  29  0  0  73  1  0  0  0  0  0  0  
1  0  0  4342  1  3  3  6  118  41  0  1421  0  13  18  0  9672  16  194  1  8  2  4  0  1512  69900  71  4638  52  2  0  0  23826  8008  0  46742  0  1  1  3  0  0  2  83  3611  47  0  71482  43624  2  0  23  3  761  5400  4669  42  1800  0  7  129  3  0  0  455  11  22500  1967  186  0  308  0  16469  13932  0  0  0  0  0  0  0  0  0  0  0  0  0  0  0  0  0  0  0  0  0  0  0  0  0  0  0  0  0  0  0  0  0  0  0  0  0  0  0  0  0  0  0  0  0  0  0  0  0  0  0  0  0  0  0  0  0  0  0  0  0  0  0  0  0  0  0  0  0  0  0  0  0  0  17  84  1713  1020  16341  741  0  0  0  0  0  0  
0  64019  0  0  0  0  0  0  0  0  21485  0  0  0  0  0  0  0  41958  19343  4026  51724  0  0  0  0  0  0  0  0  0  0  0  0  0  0  0  0  0  0  0  0  0  53052  0  0  0  0  0  0  4334  0  0  0  0  0  46713  120  5  3  497  0  0  0  1  0  0  0  0  0  0  0  0  0  0  8  0  0  0  0  0  0  0  0  0  0  0  0  0  0  0  0  0  0  0  2  0  0  0  0  0  0  0  0  0  0  0  0  0  0  0  0  0  0  0  23  0  0  0  0  0  0  0  0  0  0  0  0  0  0  0  0  0  0  0  0  0  0  0  0  0  0  0  0  0  0  0  0  0  0  2  0  0  0  0  0  0  1  0  0  
0  0  0  0  0  0  0  0  0  0  0  11  1  15  0  0  830  5  2  0  179  0  60020  452  5  4  0  0  1  0  0  0  0  18792  35240  1  36469  38601  0  2  6  0  0  0  1  0  4  4256  0  35008  0  0  0  0  4  1  3  3  16  257  1886  0  2  3  0  0  2  1  0  0  0  16837  24616  0  0  0  0  0  0  0  0  0  0  0  0  0  0  0  0  0  0  0  0  0  0  0  0  0  0  0  0  0  0  0  0  0  0  0  0  0  0  0  0  0  0  0  0  0  0  0  0  0  0  0  0  0  0  0  0  0  0  0  0  0  0  0  0  0  0  0  0  0  0  0  0  0  0  0  51572  0  23505  1  1  0  0  0  0  0  0  0  
0  5232  0  1  0  2  0  2  489  31528  118281  4  0  0  6  0  52  0  1295  21986  10  177972  22591  0  377  31  36  150  21  10613  0  0  0  0  0  1  0  0  0  0  337  57947  0  0  464  101  0  89  33  11  8490  1  0  166  15  1292  3859  44234  24  20  22912  0  0  0  75826  362  1094  66  29  0  3639  0  991  0  0  0  0  0  0  0  0  0  0  0  2  0  0  0  0  0  0  0  0  0  0  3428  4  0  0  0  0  0  0  0  0  0  0  0  0  0  0  0  0  0  0  0  0  0  0  0  0  0  0  0  0  0  0  0  0  0  0  0  0  0  1  0  0  0  0  7  0  0  0  0  0  0  0  0  0  8  915  467  494  338  0  0  8  33  0  0  
3  0  48032  31500  0  101  140  14156  1191  35  0  3531  0  39  143  7265  503  0  54  0  2  0  0  0  828  727  379  236405  193672  3  0  0  2  3  4  45  0  0  1  2  1374  0  0  29  0  62922  0  715  14110  0  1  279  14  7586  78  4552  17  1270  1  1  9  8  0  0  422  292  92837  29159  99363  5  217  0  500  2  0  0  0  0  0  0  0  0  0  0  0  0  0  0  0  0  0  0  0  0  0  0  0  0  0  0  0  0  0  0  0  0  0  0  0  0  0  0  0  0  0  0  0  0  0  0  0  0  0  0  0  0  0  0  0  0  0  0  0  0  0  0  0  0  0  1  0  0  0  0  0  0  0  0  0  2781  8  7  15907  1543  0  0  0  0  0  0  
0  0  40460  0  0  7  12  28396  37958  224  0  0  0  0  4  7207  144  0  0  5  0  1  0  0  57  2  50046  20213  445  65554  0  0  0  0  0  1  0  0  0  0  232  0  0  48  41234  0  0  53  74  0  0  4  0  540  0  10179  1  24  0  0  0  0  0  0  43  215  62892  29  3868  0  18873  0  0  0  0  0  12  0  0  0  0  0  12  0  4  0  0  0  0  1  0  0  0  0  0  0  0  0  0  0  0  0  0  91  0  0  0  0  0  0  0  0  0  0  0  0  0  0  0  14  0  0  0  0  0  0  0  0  0  0  0  0  0  0  0  0  0  0  1  0  0  0  0  0  23  0  0  0  0  220  1  1  3676  4645  0  0  0  0  0  0  
1447  0  0  0  162  21  0  0  0  0  0  770  10392  521  18  4  47  24893  0  0  0  0  4  43343  0  0  0  0  0  0  1  16  0  58  96  0  0  0  16793  77  0  0  7  0  0  0  0  3879  12100  0  0  228  102  0  0  0  0  0  0  0  0  233  2811  16837  0  0  0  2  0  2  0  0  0  0  0  0  0  0  0  0  0  0  0  0  0  0  0  0  0  0  0  0  0  0  0  0  0  0  0  0  0  0  0  0  0  0  0  0  0  0  0  0  0  0  0  0  0  0  0  0  0  0  0  0  0  0  0  0  0  0  0  0  0  0  0  0  0  0  0  0  0  0  0  0  0  0  0  0  15  129  0  2  81426  44  0  0  0  0  0  0  
2  0  0  1056  0  1  1  1  16  47  0  568  0  8  4  0  53736  8403  63  0  0  1  3441  3946  225  178  15  226  8  4  0  5  41117  14660  82487  155  3  1175  0  0  41917  1  4102  73  704  10  3855  0  497  56  0  6  3  213  137  524  13  512  3  11  11  1  21  0  220  16  2164  180  52  0  137  1143  121161  14415  0  0  0  0  0  0  0  0  0  0  0  0  0  0  0  0  0  0  0  0  0  0  0  0  0  0  0  0  0  0  0  0  0  0  0  0  0  0  0  0  0  0  0  0  0  0  0  0  0  0  0  0  0  0  0  0  0  0  0  0  0  0  0  0  0  0  0  0  0  0  0  0  0  0  13813  18  6022  10233  111301  887  0  0  0  0  0  0  
5526  1  0  37641  2333  1398  108  50  65  4  0  94379  2313  25818  1199  20  19653  48002  80  1  1  0  0  2035  403  9980  124  13349  788  2  0  0  59  227  118  164  0  0  27339  14364  27559  0  1  18  37054  628  14742  1300  0  2  0  10245  9848  1638  287  1621  18  936  0  2  28  5015  44  960  235  58  8954  33443  702  1  55  0  631  13  0  0  0  0  0  0  0  0  0  0  0  0  0  0  0  0  0  0  0  0  0  0  0  0  0  0  0  0  0  0  0  0  0  0  0  0  0  0  0  0  0  0  0  0  0  0  0  0  0  0  0  0  0  0  0  0  0  0  0  0  0  0  0  0  0  3  0  0  0  0  0  0  0  0  0  2768  84  23  143183  79  0  0  0  0  0  0  
0  2  0  0  0  0  0  0  0  0  0  0  0  0  0  0  20  0  50  0  70138  0  26176  0  3  1  0  0  0  0  0  0  0  7  1102  0  94646  13300  0  0  0  0  52486  0  0  0  0  794  0  0  12  0  0  0  2  0  94  85  235  30694  26852  0  0  0  0  0  1  0  1  0  0  53599  13765  0  0  0  0  0  0  0  0  0  0  0  0  0  0  0  0  0  0  0  0  0  0  0  0  0  0  0  0  0  0  0  0  0  0  0  0  0  0  0  0  0  0  0  0  0  0  0  0  0  0  0  0  0  0  0  0  0  0  0  0  0  0  0  0  0  0  0  0  0  0  0  0  0  0  0  789  0  9829  0  0  0  0  0  0  0  0  0  
0  39496  0  0  0  0  0  0  0  1  98  0  0  0  0  0  0  0  795  1035  11292  55135  8  0  0  0  0  0  0  0  0  0  0  0  0  0  0  0  0  0  0  7417  0  6711  0  0  0  0  0  11  0  0  0  0  0  0  5512  270  2110  1145  44425  0  0  0  0  0  0  0  0  0  0  0  7  0  0  13  0  0  0  0  0  0  0  0  0  0  0  0  0  0  0  0  0  0  14  13  5  0  0  0  0  0  0  0  0  0  0  0  0  0  0  0  0  0  0  3  0  0  0  0  0  0  0  0  6  0  0  0  0  0  0  0  0  0  0  0  0  0  0  0  0  0  0  0  0  0  0  0  0  0  6  52  0  0  0  0  0  7  0  0  
2691  0  0  0  602  1659  4233  123  145  0  0  72728  0  114878  188255  128  2  0  3  0  0  0  0  131  35  1  1  51  328  0  0  0  0  0  0  0  0  0  232  123  9  0  0  1  273  47  151  33  11260  0  0  0  87197  80381  0  69  0  40  0  0  1  12975  3  56  14  160  56  71935  250  3  4  0  18  0  0  0  0  0  0  0  0  0  0  0  0  0  0  0  0  0  0  0  0  0  0  0  0  0  0  0  0  0  0  0  0  0  0  0  0  0  0  0  0  0  0  0  0  0  0  0  0  0  0  0  0  0  0  0  0  0  0  0  0  0  0  0  0  0  0  4  0  0  0  0  0  0  0  0  0  51228  0  4  35244  53  0  0  0  0  0  0  
10643  0  0  0  38965  37399  1100  53  60  0  0  979  0  2327  152828  4360  0  0  0  0  0  0  0  85  1  0  0  4  0  0  0  1  0  0  0  0  0  0  15  5  1  0  0  0  19  0  6  1  8552  0  0  58787  0  65889  0  4  0  2  0  0  0  9822  0  25  1  552  10  702  5  4  1  0  2  0  0  0  0  0  0  0  0  0  0  0  0  0  0  0  0  0  0  0  0  0  0  0  0  0  0  0  0  0  0  0  0  0  0  0  0  0  0  0  0  0  0  0  0  0  0  0  0  0  0  0  0  0  1  0  0  0  0  0  0  0  0  0  0  0  0  30  0  0  0  0  0  0  0  0  0  26569  0  0  21553  119  0  0  0  0  0  0  
85  0  12  0  45  22432  57895  4000  637  5  0  150  0  343  89594  249425  92  0  14  1  0  0  0  0  427  7  39  4005  1575  0  0  0  1  0  0  0  0  0  1  0  212  0  0  11  11149  1174  0  60  431  0  0  85916  69302  0  1  1364  2  435  0  0  3  2  0  0  200  335  1015  19458  39711  6  59  0  30  1  0  0  0  0  0  0  0  0  0  0  0  0  0  0  0  0  0  0  0  0  0  0  0  0  0  0  0  0  0  0  0  0  0  0  0  0  0  0  0  0  0  0  0  0  0  0  0  0  0  0  0  0  0  0  0  0  0  0  0  0  0  0  0  0  0  3  0  0  0  0  0  0  0  0  0  48185  0  2  1838  82  0  0  0  0  0  0  
0  0  0  9  0  1  1  2  17  0  0  112  0  6  22  0  0  0  97  0  7  0  8  0  101869  63789  57  136  87  0  0  0  1  352  1  13514  0  0  0  1  5638  0  3  23  1303  42  0  797  469  0  0  27  4  426  0  34830  26  180  1  14  162  1  0  0  19  0  8488  421  253  0  93  1  25817  171  0  0  0  0  0  0  0  0  0  0  0  0  0  0  0  0  0  0  0  0  0  0  0  0  0  0  0  0  0  0  0  0  0  0  0  0  0  0  0  0  0  0  0  0  0  0  0  0  0  0  0  0  0  0  0  0  0  0  0  0  0  0  0  0  0  0  0  0  0  0  0  0  0  0  11  130  341  25  134  2  0  0  0  0  0  0  
0  0  0  28  0  5  7  57  940  149  0  44  0  5  326  9  32  0  1722  12633  1  1  2  0  198135  18112  204290  1032  1032  55789  0  0  1  0  0  2583  0  0  1  0  2984  1  0  103  7929  7551  0  613  362  0  0  107  3  8890  43705  0  33  33932  0  3  41  1  0  0  36664  31  94592  3292  1866  0  46366  0  967  13  0  0  0  0  0  0  0  0  0  0  0  0  0  0  0  0  0  0  0  0  0  0  0  0  0  0  0  0  0  0  0  0  0  0  0  0  0  0  0  0  0  0  0  0  0  0  0  0  0  0  0  0  0  0  0  0  0  0  0  0  0  0  0  0  0  0  0  0  0  0  0  0  0  0  0  323  21  1  1192  403  0  0  0  0  0  0  
0  51481  0  0  0  0  0  0  0  0  46  0  0  0  0  0  0  0  173857  274  962  867  1  0  30  0  1  0  0  0  0  0  0  0  0  1  0  0  0  0  0  61812  1  2316  2  0  0  1  1  266  11469  0  0  2  0  4  0  30501  28822  7236  13403  0  0  0  10  0  1  0  0  0  0  38  15728  0  0  0  0  0  0  0  0  0  0  0  0  0  0  0  0  0  0  0  0  0  0  0  0  0  0  0  0  0  0  0  0  0  0  0  0  0  0  0  0  0  0  0  0  0  0  0  0  0  0  0  0  0  0  0  0  0  0  0  0  0  0  0  0  0  0  0  0  0  0  0  0  0  0  0  0  2  80  0  0  0  0  0  0  0  0  0  
0  128  0  12  0  0  3  1  6  0  12149  3  0  1  50  2  1  0  126581  81932  728  13511  1  0  10838  375  637  47  375  141  0  0  0  0  0  2  0  1  0  0  177  434  2  35724  1082  38  0  42  83  325  653  32  0  1207  10  33382  17387  0  1136  1895  5305  0  0  0  86484  0  916  959  96  0  398  1  18776  0  0  0  0  0  0  0  0  0  0  0  0  0  0  0  0  0  0  0  0  0  0  0  0  0  0  0  0  0  0  0  0  0  0  0  0  0  0  0  0  0  0  0  0  0  0  0  0  0  0  0  0  0  0  0  0  0  0  0  0  0  0  0  0  0  0  0  0  0  0  0  0  0  0  0  0  94  115  1  132  2  0  0  0  0  0  0  
0  24934  0  0  0  0  0  0  0  0  2  0  0  0  0  0  0  0  46821  14  3146  39  1  0  3  0  0  0  0  0  0  0  0  0  0  0  4515  9511  0  0  0  61  12  8  1  0  0  23  0  384  4116  0  0  0  0  0  24098  2670  0  14743  8848  0  0  0  2  0  0  1  0  0  0  49073  21313  0  0  0  0  0  0  0  0  0  0  0  0  0  0  0  0  0  0  0  0  0  0  0  0  0  0  0  0  0  0  0  0  0  0  0  0  0  0  0  0  0  0  0  0  0  0  0  0  0  0  0  0  0  0  0  0  0  0  0  0  0  0  0  0  0  0  0  0  0  0  0  0  0  0  0  3  0  405  0  0  0  0  0  0  0  0  0  
0  25808  0  0  0  0  0  0  0  0  0  0  0  0  0  0  0  0  4780  10  81018  18  8  0  4  0  0  0  0  0  0  0  0  0  2  0  76897  6448  0  0  0  67  65  1  0  0  0  32  0  29495  7941  0  0  0  0  0  4141  2059  16499  0  39857  0  0  0  0  0  0  0  0  0  0  72117  4945  0  0  0  0  0  0  0  0  0  0  0  0  0  0  0  0  0  0  0  0  0  0  0  0  0  0  0  0  0  0  0  0  0  0  0  0  0  0  0  0  0  0  0  0  0  0  0  0  0  0  0  0  0  0  0  0  0  0  0  0  0  0  0  0  0  0  0  0  0  0  0  0  0  0  0  4  0  4743  0  0  0  0  0  0  0  0  0  
0  4352  0  0  0  0  0  0  0  0  20  2  0  0  0  0  0  0  13169  470  107145  117812  44587  0  167  53  0  1  0  0  0  0  0  2  1  4  238  3  0  0  23  486  2531  16729  4  0  0  95  11  33889  52162  0  0  3  174  17  13136  22059  9620  10430  0  0  0  0  3  0  5  5  2  0  0  121  2828  0  0  0  0  0  0  0  0  0  0  0  0  0  0  0  0  0  0  0  0  0  0  0  1  0  0  0  0  0  0  0  0  0  0  0  0  0  0  0  0  0  0  0  0  0  0  0  0  0  0  0  0  0  0  0  0  0  0  0  0  0  0  0  0  0  0  0  0  0  0  0  0  0  0  0  3  0  20694  395  0  0  0  0  11  57  0  0  
22894  0  0  0  108  202  6  3  1  0  0  654  9111  26929  30995  1  0  0  0  0  0  0  0  42554  2  0  0  1  0  0  0  0  0  0  0  0  0  0  16035  172  0  0  0  0  5  0  395  1  2676  0  0  15097  14951  11  0  2  0  2  0  0  0  0  32  6576  0  5  3  49  2  0  0  0  0  0  0  0  0  0  0  0  0  0  0  0  0  0  0  0  0  0  0  0  0  0  0  0  0  0  0  0  0  0  0  0  0  0  0  0  0  0  0  0  0  0  0  0  0  0  0  0  0  0  0  0  0  0  0  0  0  0  0  0  0  0  0  0  0  0  0  0  0  0  0  0  0  0  0  0  0  368  0  0  1901  67  0  0  0  0  0  0  
427  0  0  0  10  3058  0  0  0  0  0  15  12  44  2  0  131  23907  0  0  0  0  4991  109434  0  0  0  0  0  0  74394  30338  0  266  180  0  0  0  256  0  0  0  4  0  0  0  5395  67  45  0  0  28  2  1  0  0  0  0  0  0  0  14  0  41487  0  346  0  0  0  17525  0  0  0  0  0  0  0  0  0  4  0  0  0  0  0  0  0  0  0  7  0  0  0  0  0  0  0  0  0  0  0  0  0  0  8  0  0  0  0  0  0  0  0  0  0  0  0  0  0  0  0  0  0  0  0  0  0  0  0  0  0  0  0  0  0  0  1  0  0  0  0  0  0  4  0  0  0  0  9556  2520  17  1539  90895  7735  0  0  0  0  0  0  
5136  0  0  0  374  817  0  0  0  0  0  126  6339  1753  71  8  0  0  0  0  0  0  0  172417  0  0  0  0  0  0  2224  2552  0  0  0  0  0  0  31428  46  0  0  1  0  0  0  10194  0  1832  0  0  655  348  1  0  1  0  0  0  0  0  3633  21305  0  0  39  1  12  0  3236  0  0  0  0  0  0  0  0  0  0  0  0  0  0  0  0  0  0  0  0  0  0  0  0  0  0  0  0  0  0  0  0  0  0  0  0  0  0  0  0  0  0  0  0  0  0  0  0  0  0  0  0  0  0  0  0  0  0  0  0  0  0  0  0  0  0  0  0  0  0  0  0  0  0  0  0  0  0  2  389  0  0  25090  15150  0  0  0  0  0  0  
0  0  0  7  0  1  1  5  60  495  78295  5  0  1  121  2  20  0  365  71840  6  205  2  0  1382  563  35162  179  453  121399  0  0  0  0  0  2  0  0  0  0  617  18  0  69094  1458  107  0  130  145  3  19  54  0  2991  15  48424  375  98464  4  4  215  0  0  0  0  43  1746  1498  171  0  19947  0  1544  0  0  0  0  0  0  0  0  0  1  0  133  0  0  0  0  0  0  0  0  18  0  185  0  0  0  0  0  0  0  13  0  0  0  0  0  0  0  0  0  0  0  0  0  1  0  0  0  0  0  0  0  0  0  0  0  0  0  0  0  0  0  0  0  0  1  1  0  0  0  0  0  0  0  0  0  122  16  1  411  250  0  0  0  0  0  0  
220  0  0  0  449  93419  52051  46180  51950  85278  0  45  0  104  691  34  17  28  0  0  0  36  2  23  3  0  28  317  200  285  1034  32948  0  1  2  0  0  0  1  0  62  0  0  1219  2215  2053  0  88  294  0  0  370  2584  439  1  51  0  6  0  0  0  5  72  14  98  0  167  44  1443  7472  241  0  3  0  0  0  0  0  8  7744  1461  2013  791  50  2  0  0  0  1  25  0  0  0  0  0  12  1  0  0  0  0  0  3  1  14  217  0  0  0  0  0  0  0  0  0  0  0  1  7  1  0  0  0  0  0  1  5  1  0  0  0  0  0  0  0  0  0  0  2  34483  1  0  1  71  10  0  0  0  5  44037  1527  669  1966  9032  0  772  2  18  70  32  
4  0  7223  529  0  8  10  118  2494  594  0  852  0  20  117  12  148  0  248  5  3  3  1  0  5200  114635  113104  239104  1141  5775  0  0  0  0  0  22244  0  0  0  2  11664  2  0  97  113681  76242  0  453  9396  2  0  111  8  2993  4283  98820  25  3182  0  2  37  1  0  0  1205  57  0  3973  4082  0  5824  0  1603  6  0  0  0  0  0  0  0  0  0  0  0  0  0  0  0  0  0  0  0  0  0  0  0  0  0  0  0  0  0  0  0  0  0  0  0  0  0  0  0  0  0  0  0  0  0  0  0  0  0  0  0  0  0  0  0  0  0  0  0  0  0  0  0  0  0  0  0  0  0  0  0  0  0  0  1  638  30  3  5256  1561  0  0  0  0  0  0  
15  0  0  20066  4  42  313  74  166  3  0  67413  0  892  22825  48  14  0  23  1  1  1  0  1  671  151  19  1311  80190  4  0  0  2  28  25  22  0  2  6  11  428  1  0  15  40138  227  0  702  17797  0  0  62936  271  15393  51  1699  12  800  0  1  6  28  0  0  415  7  2425  0  19147  1  166  0  189  3  0  0  0  0  0  0  0  0  0  0  0  0  0  0  0  0  0  0  0  0  0  0  0  0  0  0  0  0  0  0  0  0  0  0  0  0  0  0  0  0  0  0  0  0  0  0  0  0  0  0  0  0  0  0  0  0  0  0  0  0  0  0  0  0  0  0  0  0  0  0  0  0  0  0  1  17023  8  2  36113  36  0  0  0  0  0  0  
0  0  3010  0  0  61  150  17576  924  1  0  22  0  1  38793  60364  9  0  4  0  0  0  0  0  55  3  25  1108  94269  1  0  0  0  0  0  0  0  0  0  2  34  0  0  1  114240  11412  0  14  85  0  0  444  1  56644  2  277  1  120  0  0  0  1  0  0  28  112  453  19188  0  0  12  0  29  0  0  0  0  0  0  0  0  0  0  0  0  0  0  0  0  0  0  0  0  0  0  0  0  0  0  0  0  0  0  0  0  0  0  0  0  0  0  0  0  0  0  0  0  0  0  0  0  0  0  0  0  0  0  0  0  0  0  0  0  0  0  0  0  0  0  1  0  0  0  0  0  0  0  0  0  5279  0  5  1238  109  0  0  0  0  0  0  
13479  0  0  0  32037  85756  0  2  3  0  0  0  0  0  1113  30212  0  5  0  0  0  0  0  10838  0  0  0  0  0  0  100547  17561  0  0  0  0  0  0  0  0  0  0  1  0  0  0  0  0  0  0  0  2  117  21  0  0  0  0  0  0  0  0  14354  1765  0  5428  0  0  0  0  0  0  0  0  4  0  0  0  1  1119  1  0  0  0  0  0  0  0  0  426  0  0  0  0  0  0  0  0  0  0  0  0  0  0  154  27  0  0  0  0  0  0  0  0  0  0  0  0  0  0  0  0  0  0  0  0  0  0  0  0  0  0  0  0  0  0  0  0  0  139  0  0  0  505  0  0  0  0  4  133  2  40  891  7591  0  0  0  1  0  0  
0  0  136  2  0  2  5  21  57460  3218  8  4  0  0  56  8  89  0  7  369  0  1  0  0  2811  140  51449  800  78  140519  0  0  0  0  0  1  0  0  0  0  1162  0  0  401  3756  19563  0  134  188  0  0  8  0  1893  4  86935  0  535  0  0  2  0  0  0  24552  184  8302  448  192  0  0  0  22  0  0  0  17  0  0  0  0  0  43  2  202  0  0  0  0  3  0  0  0  0  0  129  0  0  0  0  0  0  0  162  0  0  0  0  0  0  0  0  0  0  0  0  0  5  0  32  0  0  0  0  0  0  0  0  0  0  0  0  0  0  0  0  0  0  0  8  0  0  0  0  50  0  0  0  0  54  0  0  1603  821  0  0  0  0  0  0  
0  879  0  0  0  0  0  0  0  0  0  0  0  0  0  0  8  0  948  1  269  1  3  0  3  4  0  0  0  0  0  0  0  341  4003  0  227747  182271  0  0  0  1  16616  1  0  0  0  1406  1  17708  14  0  0  0  3  2  420  50  47603  83003  2285  0  0  0  0  0  0  0  0  0  0  0  46626  0  0  0  0  0  0  0  0  0  0  0  0  0  0  0  0  0  0  0  0  0  0  0  0  0  0  0  0  0  0  0  0  0  0  0  0  0  0  0  0  0  0  0  0  0  0  0  0  0  0  0  0  0  0  0  0  0  0  0  0  0  0  0  0  0  0  0  0  0  0  0  0  0  0  0  189  0  3265  0  0  0  0  0  0  0  0  0  
1  8  0  59  0  0  3  6  9  0  0  134  0  9  14  1  137  2  64520  8  728  10  30  0  243313  14151  34  126  260  1  0  0  1906  172116  41643  20227  292  215513  0  0  20008  7  19823  193  1513  16  0  151080  951  2484  23  32  0  371  27894  5412  9524  20484  20134  8365  3168  1  0  0  457  0  1419  741  151  0  68  51327  0  34641  0  0  0  0  0  0  0  0  0  0  0  0  0  0  0  0  0  0  0  0  0  0  0  0  0  0  0  0  0  0  0  0  0  0  0  0  0  0  0  0  0  0  0  0  0  0  0  0  0  0  0  0  0  0  0  0  0  0  0  0  0  0  0  0  0  0  0  0  0  0  0  0  0  0  3105  158  22335  629  376  4  0  0  0  0  0  0  
0  0  0  258  0  0  0  0  0  0  0  1  0  1  0  0  3  0  0  0  0  0  0  0  67  371  1  0  1  0  0  0  42925  32183  4  26120  0  2  0  0  14554  0  1  0  13  1  0  18160  26  0  1  0  0  3  62  40  0  3  0  0  1  0  0  0  0  0  14  6  1  0  2  0  27998  0  0  0  0  0  0  0  0  0  0  0  0  0  0  0  0  0  0  0  0  0  0  0  0  0  0  0  0  0  0  0  0  0  0  0  0  0  0  0  0  0  0  0  0  0  0  0  0  0  0  0  0  0  0  0  0  0  0  0  0  0  0  0  0  0  0  0  0  0  0  0  0  0  0  0  0  2  92  103  1  0  0  0  0  0  0  0  
0  0  0  0  1  11  0  0  0  0  0  0  0  0  0  0  0  0  0  0  0  0  0  0  0  0  0  0  0  0  17  0  0  0  0  0  0  0  0  0  0  0  0  0  0  0  0  0  0  0  0  0  0  0  0  0  0  0  0  0  0  0  0  0  0  0  0  0  0  1  0  0  0  0  0  0  0  1  45950  21702  11  0  0  0  0  13  7  1192  9891  27409  0  2  0  0  0  0  0  91674  0  11  0  1  1  0  15622  6  0  0  0  2  0  0  181  0  13  0  0  0  44  0  12105  0  1350  0  0  4196  21631  73  4  6  0  4  0  0  0  33003  1304  5654  0  202  27  170  9  6919  0  0  0  0  0  0  0  0  0  0  0  8735  0  0  17404  2  
0  9  0  0  0  0  0  0  0  0  0  0  0  0  0  0  0  0  0  0  4  158  0  0  0  0  0  0  0  0  0  0  0  0  0  0  0  0  0  0  0  4  0  0  0  0  0  0  0  0  6  0  0  0  0  0  0  0  0  0  0  0  0  0  0  0  0  0  0  0  0  0  0  0  0  0  0  0  0  1  0  0  0  0  10  0  0  0  0  0  0  0  60508  290  48923  437  2  0  0  0  0  0  0  0  0  0  0  0  0  0  18347  5  0  0  0  54314  0  1009  0  0  0  0  2  2  33835  0  0  0  0  0  16866  890  54747  57996  1310  0  0  0  7  0  1  0  0  0  0  5444  0  0  0  0  0  2  0  0  0  0  2  5  0  0  
0  0  1076  0  0  0  6  220  9  0  0  0  0  0  0  295  0  0  0  0  0  0  0  0  0  0  5  0  0  84  0  0  0  0  0  0  0  0  0  0  0  0  0  0  0  16  0  0  0  0  0  0  0  0  0  0  0  0  0  0  0  0  0  0  0  0  0  0  0  0  27  0  0  0  0  0  0  0  0  0  0  704  151  0  12  0  0  0  0  59714  0  0  0  2  0  0  0  0  0  0  9167  22914  32352  24838  0  0  0  0  0  0  0  0  0  0  0  0  0  0  39427  46773  0  0  0  0  0  0  0  0  0  0  0  0  0  0  0  0  0  0  4  0  7417  0  38  0  113  0  0  0  0  0  0  0  0  0  0  0  0  0  0  0  
0  0  0  0  0  0  0  0  0  0  0  0  0  0  0  0  0  0  0  0  0  0  0  0  0  0  0  0  0  0  0  0  0  0  0  0  0  0  0  0  0  0  0  0  0  0  0  0  0  0  0  0  0  0  0  0  0  0  0  0  0  0  0  0  0  0  0  0  0  0  0  0  0  0  10  0  0  0  2  16  1  1  25  0  0  80923  0  60  13  4  116  25  38  0  0  0  0  3  82  66071  78  27990  37726  1  0  0  1129  1271  25  1307  0  0  1  1  53543  0  0  4  14780  0  3  299  48254  0  0  118  10  19  407  259  11  161  1  2  1  5  0  0  218  10  10441  26905  13  0  20  0  25  522  0  0  0  0  0  0  0  3  4  3  376  63  
0  0  0  0  0  0  0  0  0  0  0  0  0  0  0  2  0  0  0  0  0  0  0  0  0  0  0  0  0  0  1  0  0  0  0  0  0  0  0  0  0  0  0  0  0  0  0  0  0  0  0  0  0  0  0  0  0  0  0  0  0  0  0  0  0  0  0  0  0  1  0  0  0  0  38651  0  0  1  0  35748  1287  3  0  0  0  7  0  188  34141  95317  0  2  0  0  0  0  0  1663  0  2  0  0  2  0  13  0  0  0  0  0  0  0  19  0  1  0  0  0  8  0  568  1  465  0  0  2160  72248  4144  2  0  0  0  0  0  0  81  2  1248  0  206  3  177  69  540  0  0  0  0  0  0  0  0  0  0  0  1455  0  0  3327  0  
1  0  0  0  73  14980  255  3  0  0  0  0  0  0  2  2457  0  0  0  0  0  0  0  1  0  0  0  0  0  0  517  313  0  0  0  0  0  0  0  0  0  0  0  0  0  0  0  0  0  0  0  1  3  0  0  0  0  0  0  0  0  0  0  0  0  12878  0  0  0  954  0  0  0  0  28192  0  0  9  70352  0  46273  193  707  40  0  187  0  1814  12672  192610  0  10  4  0  0  0  0  14628  4  28  36  9  354  185  3856  6581  0  0  0  1  0  0  104  0  40  0  0  32  274  3  1539  2  5393  0  0  17019  13064  25982  26  110  1  14  0  0  0  617  24325  5187  35  137464  94  3271  1726  36555  133  0  0  0  0  89  0  0  1  15  0  35530  1  0  68010  50  
1  0  0  0  12  10449  8412  273  6  0  0  0  0  1  1  1082  0  0  0  0  0  0  0  0  0  0  0  0  0  0  0  0  0  0  0  0  0  0  0  0  0  0  0  0  0  0  0  0  0  0  0  0  14  1  0  0  0  0  0  0  0  0  0  0  0  6769  0  0  0  1  0  0  0  0  8  0  0  2  1419  49735  0  76292  19033  441  0  9  0  14  422  115601  0  1  2  0  0  0  0  0  10  45  441  7  3076  1641  1  0  0  0  0  5  0  0  0  0  293  0  0  336  1843  458  0  14  68  0  0  2074  347  68207  98  1101  6  32  0  0  0  0  0  0  316  34369  791  1233  19284  0  2036  0  0  0  0  3  0  0  1  0  0  4998  4  6  5321  636  
1  0  0  0  0  1733  6617  22905  193  0  0  0  0  0  1  1500  0  0  0  0  0  0  0  0  0  0  0  0  0  1  0  0  0  0  0  0  0  0  0  0  0  0  0  0  0  0  0  0  1  0  0  1  13  0  0  0  0  0  0  0  0  0  0  0  0  2696  0  0  0  0  1  0  0  0  0  0  363  0  7  197  69531  0  40842  35  0  0  0  0  1  110152  0  1  0  0  0  0  0  0  1  17  515  92  21962  148  0  0  0  0  0  1  0  0  0  0  99  0  0  17  15427  40596  0  2  41  0  0  14  2  25036  51  332  3  6  0  0  0  0  0  0  37  20559  2892  71  72343  0  2611  0  0  0  0  8  0  0  3  0  0  4349  7  6  4838  1308  
0  0  28  0  0  272  81  4703  2078  12  0  0  0  0  1  83  0  0  0  0  0  1  0  0  0  0  0  0  0  74  0  0  0  0  0  0  0  0  0  0  0  0  0  0  0  29  0  0  0  0  0  0  0  0  0  0  0  0  0  0  0  0  0  0  0  809  0  0  0  0  47  0  0  0  0  0  30  0  0  17  6898  23753  0  12825  7  0  0  2  0  4  0  0  7  6  0  31  4  0  15  40  358  3  57  12543  0  0  0  0  0  4  0  0  0  0  251  0  0  5303  202  42825  0  3  88  0  0  7  0  6  129  1004  11  70  0  1  2  0  0  0  1600  47043  768  8  77  0  59216  0  1  0  0  26  0  0  0  0  0  125  8  3  1353  327  
0  0  0  0  0  1  1  1  24  63  0  0  0  0  0  0  0  0  0  0  0  0  0  0  0  0  0  0  0  10  0  0  0  0  0  0  0  0  0  0  0  0  0  0  0  0  0  0  0  0  0  0  0  0  0  0  0  0  0  0  0  0  0  0  0  29  0  0  0  0  1  0  0  0  0  0  0  1  0  0  226  23  20832  0  31  0  0  0  0  0  0  0  0  0  0  1333  16290  0  3  9  64  0  16  14709  0  0  1  0  0  2  0  0  0  0  97  0  0  20224  55  0  0  98  11  0  0  0  1  0  22  121  1  9  0  1  0  0  0  0  742  47875  135  0  8  0  544  0  0  0  0  1  0  6  1  0  0  21  9693  245  637  103  
0  0  1  0  0  0  0  0  2  0  4091  0  0  0  0  0  0  0  0  1181  0  93  0  0  0  0  1  0  0  598  0  0  0  0  0  0  0  0  0  0  0  0  0  7  0  4  0  0  0  0  0  0  0  0  0  0  0  0  0  0  0  0  0  0  45  0  0  0  0  0  16  0  0  0  0  392  0  0  0  0  0  0  1  28  0  0  0  0  0  0  0  0  16  86349  2  39493  2  0  1  0  110  0  0  9089  0  0  0  0  0  0  0  0  0  0  0  46209  0  154340  0  0  0  0  1  0  137  0  0  0  0  22  28  15407  0  0  91  0  0  0  88327  0  0  0  0  0  18  0  0  0  0  0  0  0  0  0  0  0  0  0  0  0  
0  0  0  0  0  0  0  0  0  0  0  0  0  0  0  0  0  0  0  0  0  0  0  0  0  0  0  0  0  0  0  0  0  0  0  0  0  0  0  0  0  0  0  0  0  0  0  0  0  0  0  0  0  0  0  0  0  0  0  0  0  0  0  0  0  0  0  0  0  0  0  0  0  0  45  0  0  129724  48  410  6  0  0  0  0  0  94  107543  6524  128  61  1398  0  0  0  0  0  13  4  172  1  54  3497  0  0  0  529  1260  555  48  0  0  1081  23591  119  0  0  0  128  0  30  102  66606  0  0  84843  299  119  15  9  0  7  0  0  0  274  0  8  8  63  1911  55202  7  0  1  0  2  18  0  0  0  0  0  0  0  26  0  0  1299  4  
0  0  0  0  0  0  0  0  0  0  0  0  0  0  0  0  0  0  0  0  0  0  0  0  0  0  0  0  0  0  0  0  0  0  0  0  0  0  0  0  0  0  0  0  0  0  0  0  0  0  0  0  0  0  0  0  0  0  0  0  0  0  0  0  0  0  0  0  0  0  0  0  0  0  73  0  0  0  21  36  0  0  1  0  0  10  0  17756  12  1  1  73  0  0  0  0  0  47828  0  2  0  0  0  0  0  0  0  2  2  0  0  0  31354  146  4  0  0  0  0  0  19670  0  1702  0  0  67  27  0  0  0  0  0  0  0  0  22609  1  1760  0  3  1  13  0  0  1  0  0  0  0  0  0  0  0  0  0  1  0  0  58  0  
0  0  0  0  0  0  0  0  0  0  0  0  0  0  0  0  0  0  0  0  0  0  0  0  0  0  0  0  0  0  0  0  0  0  0  0  0  0  0  0  0  0  0  0  0  0  0  0  0  0  0  0  0  0  0  0  0  0  0  0  0  0  0  0  0  0  0  0  0  0  0  0  0  0  592  0  0  44  375  854  10  0  1  0  0  78544  17817  0  6474  175  11  199  0  0  0  0  0  2988  1  16  1  5  9  1  0  0  4  327  186  0  0  0  70216  23498  21  0  0  0  47  0  907  18  12195  0  0  86426  982  124  9  3  0  3  0  0  0  28349  1  4647  5  126  44  775  7  0  1  0  2  0  0  0  0  0  0  0  0  75  0  0  2316  0  
0  0  0  0  0  0  0  0  0  0  0  0  0  0  0  0  0  0  0  0  0  0  0  0  0  0  0  0  0  0  0  0  0  0  0  0  0  0  0  0  0  0  0  0  0  0  0  0  0  0  0  0  0  0  0  0  0  0  0  0  0  0  0  0  0  0  0  0  0  0  0  0  0  0  10145  0  0  2  48613  8392  428  6  2  0  0  10346  4  8228  0  57213  0  1  0  0  0  0  0  29686  2  29  1  4  6443  0  0  0  0  0  0  1  0  0  51  0  31  0  0  1  64  0  223  1  1510  0  0  237996  272861  204095  9  5  0  4  0  0  0  39412  0  5  5  376  37  40239  24097  0  0  0  0  0  0  0  0  0  0  0  0  1057  0  0  5559  0  
0  0  3  0  126  2898  872  640  3  0  0  0  0  0  0  13396  0  0  0  0  0  0  0  0  0  0  0  0  0  4  631  2  0  0  0  0  0  0  0  0  0  0  0  0  0  0  0  0  0  0  0  0  0  1  0  0  0  0  0  0  0  0  0  0  0  184  0  0  0  347  1  0  0  0  30583  0  54042  0  105952  183358  77399  115407  397  0  1  26  0  30  50808  0  0  0  0  0  0  0  0  4639  0  0  0  0  21574  9  27676  1  0  0  0  0  0  0  1  0  4  0  0  0  7549  12615  7  0  74  0  0  1114  6861  176964  1  1  0  0  0  0  0  5  3202  838  0  780  5  537  48862  23197  4  0  0  0  0  0  0  0  0  0  0  3626  0  0  2260  2  
0  0  0  0  0  0  0  0  0  0  0  0  0  0  0  0  0  0  0  0  0  0  0  0  0  0  0  0  0  0  0  0  0  0  0  0  0  0  0  0  0  0  0  0  0  0  0  0  0  0  0  0  0  0  0  0  0  0  0  0  0  0  0  0  0  0  0  0  0  0  0  0  0  0  0  0  0  301  0  0  0  0  0  0  0  136  0  35  0  0  0  66059  2  0  0  0  18523  3147  5  29  0  0  0  0  0  3  302  930  11948  13  0  2  0  4  10558  0  1599  0  2  0  141  53067  8586  8  0  0  0  0  6  3  0  0  0  0  15  0  48  0  0  0  1  0  0  0  0  3  131  46  0  0  0  0  0  0  4407  0  104  25  52671  0  
0  0  0  0  0  0  0  0  0  0  0  0  0  0  0  0  0  0  0  0  0  0  0  0  0  0  0  0  0  0  0  0  0  0  0  0  0  0  0  0  0  0  0  0  0  0  0  0  0  0  0  0  0  0  0  0  0  0  0  0  0  0  0  0  0  0  0  0  0  0  0  0  0  0  0  0  0  167  0  6  0  0  3  0  0  1398  96  762  0  1  54210  0  3  1  0  0  21760  11008  9  90  29  1  25  0  0  1  23  53  4178  29  0  0  29  181  449  0  27  4  898  0  33500  4659  54672  0  0  7  3  0  36  24  1  2  0  0  0  0  13  0  14  3  226  16  27  0  7  0  5  1  0  0  0  0  0  0  8251  1  286  199  46101  17  
0  0  0  0  0  0  0  0  0  0  0  0  0  0  0  0  0  0  0  0  0  0  0  0  0  0  0  0  0  0  0  0  0  0  0  0  0  0  0  0  0  0  0  0  0  0  0  0  0  0  0  0  0  0  0  0  0  0  0  0  0  0  0  0  0  0  0  0  0  0  0  0  0  0  18  53056  0  73  6  21  0  0  8  0  45  1  0  70  31  5  1  1  0  3379  4877  90  1  4  31869  59  45  23  30  1  0  0  0  0  0  8  81  113  0  0  816  58352  0  891  179  1  8  14  1022  7  1950  180  29  2  377  893  153345  92622  45290  1712  4122  17  0  0  253  10  101  216  0  0  12  61  56776  0  0  0  0  0  0  0  0  7  111  4  197  8  
0  0  0  0  0  0  0  0  0  0  18  0  0  0  0  0  0  0  0  58  0  0  0  0  0  0  0  0  0  8  0  0  0  0  0  0  0  0  0  0  0  0  0  0  0  0  0  0  0  0  0  0  0  0  0  0  0  0  0  0  0  0  0  0  0  0  0  0  0  0  0  0  0  0  0  660  0  0  0  0  0  0  4  0  113686  0  0  0  0  0  0  0  1519  0  14  1234  2  0  946  0  18625  0  1  3894  0  0  0  0  0  0  0  0  0  0  2  29873  0  20007  0  7  0  0  3  0  272  0  0  0  0  38316  155  119017  1  0  480  0  0  0  71680  0  8  1  0  0  2682  0  0  0  0  0  0  0  0  0  0  0  0  0  0  1  
0  9  0  0  0  0  0  0  0  1  0  0  0  0  0  0  0  0  0  0  4  120  0  0  0  0  0  0  0  0  0  0  0  0  0  0  0  0  0  0  0  0  0  1  0  0  0  0  0  0  14  0  0  0  0  0  0  0  0  0  0  0  0  0  0  0  0  0  0  0  0  0  0  0  0  46322  0  1  0  0  0  0  0  0  0  0  0  0  3  1  0  0  1072  24  0  3276  12154  0  0  0  0  0  1  0  0  0  0  3  0  0  9761  6  0  0  1  1317  263  58  0  0  0  0  3  48676  23821  1  0  0  1  1  4676  3170  843  99370  140133  1  0  0  37  0  0  2  0  0  0  40  13  0  0  0  0  13  0  0  4  0  131  72  0  0  
0  24  0  0  0  0  0  0  2  10  11100  0  0  0  0  0  0  0  0  98  4  7021  2  0  0  0  0  0  0  164  0  0  0  0  0  0  0  0  0  0  0  5  0  1414  0  0  0  0  0  0  7  0  0  0  0  0  0  0  0  0  0  0  0  0  21  6  0  0  0  0  11  0  0  0  0  529  0  0  0  0  0  0  15  2017  21193  0  0  1  1  0  0  0  264  1386  1277  0  25673  0  0  0  0  0  0  1338  0  0  0  0  0  0  0  0  0  0  1  87437  0  242128  1  0  0  7  4  0  9313  1  0  0  1  0  909  4424  21  13  93659  0  0  0  2369  212  0  0  0  0  15  0  3  0  0  0  1  50  0  0  0  0  3651  115  2  0  
0  0  0  0  0  0  0  0  1  0  0  0  0  0  0  0  0  0  0  0  0  0  13  0  0  0  0  0  0  0  0  0  0  0  0  0  0  0  0  0  0  0  0  0  0  0  0  0  0  0  1  0  0  0  0  0  0  0  0  0  0  0  0  0  0  0  0  0  0  0  0  0  0  0  0  7  0  0  0  0  8  1  637  19293  0  0  0  0  0  0  30018  32612  2  0  8229  16740  0  13067  11  0  1  0  1  25  10  3244  0  240  19657  0  117  8  0  0  23  0  63383  9602  2  0  39  514  8  23139  2  0  0  0  4  7  5  37  1  25  60552  0  11721  0  19  2841  4  0  1  0  61  19  182  0  0  0  17  84  0  0  85599  1475  142078  4991  38260  8999  
0  0  0  0  0  4  0  0  0  0  0  0  0  0  0  0  0  0  0  0  0  0  0  0  0  0  0  0  0  0  34  0  0  0  0  0  0  0  0  0  0  0  0  0  0  0  0  0  0  0  0  0  0  0  0  0  0  0  0  0  0  0  1  0  0  0  0  0  0  0  0  0  0  0  91245  0  0  3  436  17426  1  0  1  0  0  5  49713  4333  19458  468  2413  11358  0  0  0  0  11253  0  2  2  0  0  0  0  14720  744  0  406  4327  0  0  5  14886  0  2  0  862  0  7  0  57584  75  1093  0  0  326  445  3  2  1  0  0  0  0  0  50776  111915  177321  0  169  5  36  0  3430  2  0  0  0  0  0  0  0  0  0  4332  16812  24  4  29688  6  
0  0  0  0  0  0  0  0  0  0  0  0  0  0  0  0  0  0  0  0  0  0  0  0  0  0  0  0  0  0  0  0  0  0  0  0  0  0  0  0  0  0  0  0  0  0  0  0  0  0  0  0  0  0  0  0  0  0  0  0  0  0  0  0  0  0  0  0  0  0  0  0  0  0  5  0  0  57  1  7  1  0  23  0  0  2  0  16  9  3  12  248  40696  2080  0  0  0  0  0  11158  150  13  33  1  0  0  24  31296  0  31902  1  6763  0  0  20638  0  12  17  68  0  1  6755  783  14  0  49  10  1  52012  129709  30  10243  592  9  5782  0  0  0  109  12  181  83  1  0  33  3  206624  258  0  0  0  0  0  0  7  1  1767  653  4744  22  
0  0  0  0  0  0  0  0  0  0  0  0  0  0  0  0  0  0  0  0  0  0  0  0  0  0  0  0  0  0  0  0  0  0  0  0  0  0  0  0  0  0  0  0  0  0  0  0  0  0  0  0  0  0  0  0  0  0  0  0  0  0  0  0  0  0  0  0  0  0  0  0  0  0  80  0  0  73389  21  108  10  12  105  1  0  51  0  383  120  23  1  18  36  0  0  0  0  16  11450  0  1179  4732  266  5  0  0  732  6070  0  120000  0  0  0  0  52715  0  0  9  1671  1  26  252  6328  0  0  822  119  13  125926  14064  14  161  0  1  4  63  0  3  296  68  157834  1022  45  0  77  0  28  49  0  0  0  0  0  0  0  31  32  13  3529  719  
0  0  21  0  0  0  0  0  0  0  0  0  0  0  0  0  0  0  0  0  0  0  0  0  0  0  4  0  0  11  0  0  0  0  0  0  0  0  0  0  0  0  0  0  0  0  0  0  0  0  0  0  0  0  0  0  0  0  0  0  0  0  0  0  0  0  0  0  0  0  1  0  0  0  0  0  7550  1  0  0  4  24  102  0  65  0  0  1  0  0  0  0  0  25562  0  0  0  0  14  1196  0  2556  23  249848  0  0  0  0  0  3  0  0  0  0  63  0  0  2  216  3444  0  2  20  0  0  1  0  0  415  180676  0  1  0  0  0  0  0  0  20244  28  60632  1  16  0  12939  0  1  0  0  0  0  0  0  0  0  23  0  3  921  517  
0  0  0  0  0  0  0  0  0  0  0  0  0  0  0  0  0  0  0  0  0  0  0  0  0  0  0  0  0  0  0  0  0  0  0  0  0  0  0  0  0  0  0  0  0  0  0  0  0  0  0  0  0  0  0  0  0  0  0  0  0  0  0  0  0  0  0  0  0  0  0  0  0  0  10  0  18895  27130  7  29  6  101  31  0  1  34  0  59  25  10  0  38  9  0  1  0  0  2  67  4736  10469  0  2193  32  0  0  0  0  0  39  0  0  1  0  1757  0  0  7  174521  20867  6  14  3738  0  0  204  33  16  252  599  3  151  0  0  0  13  0  0  161  17  154418  1629  36  0  120  0  9  0  0  0  0  0  0  0  0  20  1  3  534  45  
0  0  0  0  0  0  0  0  0  0  0  0  0  0  0  0  0  0  0  0  0  0  0  0  0  0  0  0  0  0  0  0  0  0  0  0  0  0  0  0  0  0  0  0  0  0  0  0  0  0  0  0  0  0  0  0  0  0  0  0  0  0  0  0  0  0  0  0  0  0  0  0  0  0  3  0  27654  37338  0  14  214  24190  85  3  0  941  0  4  5697  15447  0  2  2  0  0  0  0  2  4  147  86  2548  0  6  0  0  0  0  0  31  0  0  0  0  254  0  0  2  212604  17843  1  8  6331  0  0  62  1  139  64  45  0  11  0  0  0  0  0  0  15  86  734  110128  135613  0  16  0  0  0  0  0  0  0  0  0  0  3600  7  11  7303  2732  
0  0  706  0  0  0  0  35  792  5  43  0  0  0  0  34  0  0  0  3  0  0  0  0  0  0  49  0  0  2974  0  0  0  0  0  0  0  0  0  0  0  0  0  0  0  230  0  0  0  0  0  0  0  0  0  0  0  0  0  0  0  0  0  0  15  7  0  0  0  0  248  0  0  0  0  0  22232  0  0  1  97  131  8460  17862  14235  0  0  0  0  29  0  1  0  13316  0  3629  1  0  2  10  283474  41  46  0  0  0  0  0  0  4  0  0  0  0  97  0  0  3536  199  37663  0  2  9  0  0  1  0  6  44  55160  1  3  0  0  0  0  0  0  124238  803  57627  1  38  0  148846  0  0  0  0  0  0  0  0  0  0  23  1  0  959  191  
1  0  0  0  14  314  0  0  0  0  0  0  0  0  0  16  0  0  0  0  0  0  0  5  0  0  0  0  0  0  3563  103  0  0  0  0  0  0  0  0  0  0  0  0  0  0  0  0  0  0  0  0  0  0  0  0  0  0  0  0  0  0  4  0  0  10  0  0  0  121  0  0  0  0  17560  0  0  0  6  6749  2  0  0  0  0  0  0  0  0  27840  0  0  0  0  0  0  7  13259  0  0  0  0  0  0  0  22146  0  0  0  0  0  0  0  0  0  0  0  0  0  0  0  0  0  0  0  0  0  0  0  0  0  0  0  0  0  0  68557  12  0  59  0  0  0  47571  0  0  0  0  0  9  1  1  0  0  53  705  32  82  6057  84  
0  0  0  0  0  274  0  0  0  0  0  0  0  0  0  0  0  4  0  0  0  0  0  0  0  0  0  0  0  0  5316  10713  0  2  0  0  0  0  0  0  0  0  0  0  0  0  0  0  0  0  0  0  0  0  0  0  0  0  0  0  0  0  11  0  0  619  0  0  0  41  0  0  0  0  6  0  0  0  0  12780  0  0  0  0  0  0  0  0  0  1  1  0  0  0  0  0  3083  911  0  0  0  0  0  0  22349  0  0  0  2  0  0  0  0  0  0  0  0  0  0  0  5  1  0  0  0  0  0  0  0  0  0  0  0  0  0  1  28586  4  0  22100  0  0  0  8209  0  0  0  0  4  470  0  19  0  7  1314  28775  38  1181  20395  2929  
0  0  0  0  0  0  0  0  0  0  0  0  0  0  0  0  0  0  0  0  0  0  0  0  0  0  0  0  0  0  0  0  0  0  0  0  0  0  0  0  0  0  0  0  0  0  0  0  0  0  0  0  0  0  0  0  0  0  0  0  0  0  0  0  0  0  0  0  0  0  0  0  0  0  0  0  0  1392  0  1  0  0  0  0  0  806  0  11  1  0  267  10  1  0  0  0  0  0  23  855  0  0  1  0  0  0  0  18735  13917  12390  0  9  0  1  17182  0  0  1  3  0  0  46936  173  0  0  1  1  0  2  1  1  1  0  0  0  0  0  0  0  12  0  1  0  0  0  0  550  70798  0  0  0  0  0  0  0  0  75  805  1343  0  
0  0  0  0  0  0  0  0  0  0  0  0  0  0  0  0  0  0  0  0  0  0  0  0  0  0  0  0  0  0  0  0  0  0  0  0  0  0  0  0  0  0  0  0  0  0  0  0  0  0  0  0  0  0  0  0  0  0  0  0  0  0  0  0  0  0  0  0  0  0  0  0  0  0  0  0  0  1911  0  0  0  0  0  0  0  2634  26  993  0  0  576  25  0  0  0  0  49  549  32831  7438  0  0  0  0  0  0  19696  0  114548  64518  27  8362  2  3  4345  0  21025  0  0  0  5  22948  12  1038  0  0  0  0  16  0  0  0  4  86  269  1  0  1  0  0  3  0  0  0  0  1899  174439  30219  0  0  0  0  0  0  27  0  121  87  6  0  
0  0  0  0  0  0  0  0  0  0  0  0  0  0  0  0  0  0  0  0  0  0  0  0  0  0  0  0  0  0  0  0  0  0  0  0  0  0  0  0  0  0  0  0  0  0  0  0  0  0  0  0  0  0  0  0  0  0  0  0  0  0  0  0  0  0  0  0  0  0  0  0  0  0  0  0  0  33  0  0  0  0  0  0  0  1256  13  770  0  0  16169  3110  0  0  0  0  18861  1562  37  0  0  1  0  0  0  1  19071  107740  0  292  0  323  4  14  17  0  39380  0  0  0  28  60210  18  23  0  0  0  0  0  0  0  1  1  5  69  0  10  2  0  0  0  0  0  0  0  87  50275  1725  0  0  0  0  0  0  30412  0  165  0  9  0  
0  0  0  0  0  0  0  0  0  0  0  0  0  0  0  0  0  0  0  0  0  0  0  0  0  0  0  0  0  0  0  0  0  0  0  0  0  0  0  0  0  0  0  0  0  0  0  0  0  0  0  0  0  0  0  0  0  0  0  0  0  0  0  0  0  0  0  0  0  0  0  0  0  0  2  0  0  790  1  3  0  1  15  0  0  10  0  6  2  0  8  13  10  0  0  0  0  0  26036  117023  82  3  22  1  0  0  5597  72655  7  0  0  18  0  0  42456  0  1  11  86  0  0  7638  996  0  0  21  1  0  12607  116  1  13  0  0  6  0  0  0  22  23  18926  36  0  0  12  0  434  47911  0  0  0  0  0  0  0  10  98  50  1256  77  
0  0  0  0  0  0  0  0  0  0  0  0  0  0  0  0  0  0  0  0  0  0  0  0  0  0  0  0  0  0  0  0  0  0  0  0  0  0  0  0  0  0  0  0  0  0  0  0  0  0  0  0  0  0  0  0  0  0  0  0  0  0  0  0  0  0  0  0  0  0  0  0  0  0  0  15199  0  0  0  0  0  0  0  0  0  0  0  0  0  0  0  0  119  0  6472  0  136  0  14  0  0  0  0  0  0  0  0  156  2  0  0  29667  0  0  0  0  16372  0  0  0  0  2  0  63171  0  0  0  0  0  0  3  0  12540  85350  207  0  0  0  0  0  0  0  0  0  0  210135  2312  0  0  0  0  0  0  0  0  0  78  0  0  0  
0  0  0  0  0  0  0  0  0  0  0  0  0  0  0  0  0  0  0  0  0  0  0  0  0  0  0  0  0  0  0  0  0  0  0  0  0  0  0  0  0  0  0  0  0  0  0  0  0  0  0  0  0  0  0  0  0  0  0  0  0  0  0  0  0  0  0  0  0  0  0  0  0  0  0  0  0  0  0  0  0  0  0  0  0  0  2  1  0  0  2  0  126  0  1  0  1  3  8558  0  0  0  0  0  0  0  9  9403  145  2  26601  0  0  0  0  0  25880  0  0  0  0  340  0  3812  0  0  0  0  0  0  6  1  10228  707  5029  0  0  0  0  0  0  0  0  0  0  198081  217473  1  0  0  0  0  0  0  1  0  4906  0  0  0  
0  0  0  0  0  0  0  0  0  0  0  0  0  0  0  0  0  0  0  0  0  0  0  0  0  0  0  0  0  0  0  0  0  0  0  0  0  0  0  0  0  0  0  0  0  0  0  0  0  0  0  0  0  0  0  0  0  0  0  0  0  0  0  0  0  0  0  0  0  0  0  0  0  0  968  0  0  1  83  141  0  0  2  0  0  1034  32410  71134  87  17  2  31  1  0  0  0  0  12443  0  8  0  1  3  0  0  0  0  0  3  2  0  0  0  1976  10  0  0  0  15  0  10610  0  21314  0  0  929  201  4  10  3  0  2  0  0  0  14498  8  13342  5  16  12  257  0  0  1  0  0  0  0  0  0  0  0  0  0  10  0  0  403  0  
0  0  0  0  0  0  0  0  0  0  0  0  0  0  0  0  0  0  0  0  0  0  0  0  0  0  0  0  0  0  0  0  0  0  0  0  0  0  0  0  0  0  0  0  0  0  0  0  0  0  0  0  0  0  0  0  0  0  0  0  0  0  0  0  0  0  0  0  0  0  0  0  0  0  0  0  0  13  1  3  0  0  0  0  0  15305  568  16704  3  1  2  241  0  0  0  0  0  9  0  4  0  3  17  0  0  0  0  4  3  0  0  0  376  0  0  0  0  0  1  0  140  0  4889  0  0  3717  1  1  0  0  0  0  0  0  0  18  0  0  0  0  53  11  0  0  0  0  1  0  0  0  0  0  0  0  0  1  0  0  8  1  
0  0  0  0  0  0  0  0  0  0  0  0  0  0  0  0  0  0  0  0  0  0  0  0  0  0  0  0  0  0  0  0  0  0  0  0  0  0  0  0  0  0  0  0  0  0  0  0  0  0  0  0  0  0  0  0  0  0  0  0  0  0  0  0  0  0  0  0  0  0  0  0  0  0  34  0  0  39759  11  64  58  41  800  23  3  21  0  167  70  13  9923  384  718  8  2  0  7  5  35321  54489  2945  202  274  47  0  0  13216  7277  0  46818  0  2  0  0  0  0  0  285  2226  7  6  34235  37106  0  1  395  68  8  28371  6563  47  1520  9  4  96  40  0  0  1965  701  18788  814  55  0  813  1  2091  12822  0  0  0  0  0  0  3  70  2744  6050  83147  1683  
0  16  0  0  0  0  0  0  0  0  204  0  0  0  0  0  0  0  0  6  2  1780  1  0  0  0  0  0  0  0  0  0  0  0  0  0  0  0  0  0  0  14  0  0  0  0  0  0  0  0  8  0  0  0  0  0  0  0  0  0  0  0  0  0  0  0  0  0  0  0  0  0  0  0  0  61426  0  0  0  0  0  0  0  0  51711  0  0  0  0  0  0  0  54481  29245  861  94801  0  0  0  0  0  0  0  0  0  0  0  0  0  0  0  0  0  0  0  0  0  77952  0  0  0  0  0  0  54957  0  0  0  0  0  30786  6186  1  2  2072  0  0  0  3  0  0  0  0  0  0  0  0  0  0  0  0  0  0  0  0  0  0  0  0  0  
0  0  0  0  0  0  0  0  0  0  0  0  0  0  0  0  0  0  0  0  0  0  0  0  0  0  0  0  0  0  0  0  0  0  0  0  0  0  0  0  0  0  0  0  0  0  0  0  0  0  0  0  0  0  0  0  0  0  0  0  0  0  0  0  0  0  0  0  0  0  0  0  0  0  0  0  0  0  0  0  0  0  0  0  0  0  0  0  0  0  1386  1  0  0  28  0  50134  650  191  0  1  0  0  0  0  0  0  15066  29089  4  11920  21938  0  0  3  0  0  0  0  0  1  2334  1  24967  0  0  0  0  3  0  0  0  8  207  883  0  1  7  0  0  0  0  0  0  0  10529  13407  0  0  0  0  0  0  0  37379  0  8437  2  5  0  
0  0  0  0  0  0  0  0  0  0  133  0  0  0  0  0  0  0  0  7  0  6  0  0  0  0  0  0  0  3  0  0  0  0  0  0  0  0  0  0  0  0  0  0  0  0  0  0  0  0  0  0  0  0  0  0  0  0  0  0  0  0  0  0  1  0  0  0  0  0  0  0  0  0  1  2484  0  5  0  0  136  13  8579  28127  133158  0  0  11  3  4  0  3  750  19162  155  202372  19412  0  116  8  60  6  20  4822  0  0  2  0  0  1  0  2  0  0  222  68162  0  0  61  0  0  76  179  0  10138  22  2  0  235  558  2012  49413  25  32  14527  0  0  0  85550  1318  156  22  8  0  3982  1  22  0  0  0  0  0  0  0  0  14  5148  11  1148  132  
0  0  0  0  0  0  0  0  0  0  0  0  0  0  0  0  0  0  0  0  0  0  0  0  0  0  0  0  0  0  0  0  0  0  0  0  0  0  0  0  0  0  0  0  0  0  0  0  0  0  0  0  0  0  0  0  0  0  0  0  0  0  0  0  0  0  0  0  0  0  0  0  0  0  138  0  40045  27512  64  385  545  6387  382  23  0  110  0  618  288  2765  0  75  51  3  0  0  0  42  168  1876  668  145005  216263  81  0  0  7  0  0  277  0  0  3  0  6022  0  0  48  0  71492  42  82  18017  0  0  1949  277  486  1323  1047  16  380  0  0  0  123  0  3  447  482  131618  17250  49890  0  464  0  30  0  0  0  0  0  0  0  0  5542  13  19  13657  3097  
0  0  104  0  0  0  3  794  242  0  0  0  0  0  0  440  0  0  0  0  0  0  0  0  0  0  1  0  0  177  0  0  0  0  0  0  0  0  0  0  0  0  0  0  0  110  0  0  0  0  0  0  0  0  0  0  0  0  0  0  0  0  0  0  1  0  0  0  0  0  71  0  0  0  0  0  47654  0  0  4  2066  46517  38211  6  6  0  0  1  0  10436  0  0  0  20  0  0  0  0  0  23  7767  4642  8612  37444  0  0  0  0  0  1  0  0  0  0  109  0  0  4  100046  0  0  8  5  0  0  0  0  241  48  1893  0  2  0  0  0  0  0  0  50  47  90872  6  2632  0  21669  0  0  0  0  0  0  0  0  0  0  1942  1  10  1358  339  
0  0  0  0  0  0  0  0  0  0  0  0  0  0  0  0  0  0  0  0  0  0  0  0  0  0  0  0  0  0  0  0  0  0  0  0  0  0  0  0  0  0  0  0  0  0  0  0  0  0  0  0  0  0  0  0  0  0  0  0  0  0  0  0  0  0  0  0  0  0  0  0  0  0  6388  0  0  0  1209  546  3  0  2  0  0  35  22866  2181  151  40  24  25549  0  0  0  0  86  49999  1  8  0  2  0  0  14  35  0  6  130  0  0  0  14685  74  15  0  6  0  16  0  0  10  9076  0  0  1076  1186  24  2  3  0  1  0  0  0  1366  1616  27668  1  42  14  202  0  0  0  0  0  0  0  0  0  0  0  0  1750  39  147  10  73226  1  
0  0  0  0  0  0  0  0  0  0  0  0  0  0  0  0  0  0  0  0  0  0  0  0  0  0  0  0  0  0  0  0  0  0  0  0  0  0  0  0  0  0  0  0  0  0  0  0  0  0  0  0  0  0  0  0  0  0  0  0  0  0  0  0  0  0  0  0  0  0  0  0  0  0  0  0  0  126  0  0  0  1  8  4  0  69  4  63  0  1  40862  12150  101  0  0  0  210  77  998  102  17  2  20  0  0  0  28612  22308  68909  5113  0  385  1  3  23452  0  3065  36  39  0  15  0  142  30  0  7  1  0  194  77  1  47  1  4  367  1  1  0  13  81  37  11  12  0  7  189  134523  11555  0  0  0  0  0  0  4185  3  5482  10536  43681  3  
0  0  0  0  0  0  0  0  0  0  0  0  0  0  0  0  0  0  0  0  0  0  0  0  0  0  0  0  0  0  0  0  0  0  0  0  0  0  0  0  0  0  0  0  0  0  0  0  0  0  0  0  0  0  0  0  0  0  0  0  0  0  0  0  0  0  0  0  0  0  0  0  0  0  1189  0  0  64958  977  3295  167  18  152  6  2  50252  1644  16917  1578  510  7543  56619  100  0  0  0  18  283  316  4228  314  3731  15273  11  0  0  70  9  11  502  0  0  14623  3777  21157  0  0  45  13939  1  11131  297  0  0  0  16443  2862  1411  1701  916  21  648  2  1  2  3644  4  765  483  377  24440  19945  794  0  157  0  57  6  0  0  0  0  0  0  492  344  9  34  70297  256  
0  0  0  0  0  0  0  0  0  0  0  0  0  0  0  0  0  0  0  0  0  0  0  0  0  0  0  0  0  0  0  0  0  0  0  0  0  0  0  0  0  0  0  0  0  0  0  0  0  0  0  0  0  0  0  0  0  0  0  0  0  0  0  0  0  0  0  0  0  0  0  0  0  0  0  21  0  0  0  0  0  0  0  0  0  0  0  0  0  0  0  0  7  0  44558  1  17481  0  163  0  0  0  0  0  0  0  0  2270  10  0  66527  4863  0  0  0  0  58931  0  0  0  0  14  0  0  2  0  0  0  0  0  26  6  71  24698  32691  0  0  0  0  0  0  0  0  0  0  23666  11840  0  0  0  0  0  0  0  27  0  10042  0  0  0  
0  8  0  0  0  0  0  0  0  0  0  0  0  0  0  0  0  0  0  0  1  73  0  0  0  0  0  0  0  0  0  0  0  0  0  0  0  0  0  0  0  0  0  0  0  0  0  0  0  0  6  0  0  0  0  0  0  0  0  0  0  0  0  0  0  0  0  0  0  0  0  0  0  0  0  42101  0  0  0  0  0  0  0  0  11  0  0  0  0  0  0  0  5035  385  29856  13171  3  0  0  0  0  0  0  0  0  0  0  0  0  0  0  0  0  0  0  69927  0  20673  0  0  0  0  0  1  0  1  0  0  0  0  5864  4296  288  1851  29126  0  0  0  8  0  0  0  0  0  0  0  1  0  0  0  0  0  0  0  0  0  2  0  0  0  
0  0  0  0  0  0  0  0  0  0  0  0  0  0  0  0  0  0  0  0  0  0  0  0  0  0  0  0  0  0  0  0  0  0  0  0  0  0  0  0  0  0  0  0  0  0  0  0  0  0  0  0  0  0  0  0  0  0  0  0  0  0  0  0  0  0  0  0  0  0  0  0  0  0  4574  0  0  350  2383  13359  3713  84  15  0  0  76711  10  161298  217858  10131  0  25  3  0  0  0  0  2751  14  271  8  74  497  1  0  0  0  0  0  20  0  0  638  8704  230  0  0  3  578  0  1392  7  23029  0  0  0  51402  71971  71  39  1  28  0  0  0  60916  1  89  25  1434  2101  111092  2686  0  4  0  2  0  0  0  0  0  0  0  0  7600  0  0  40994  13  
0  0  0  0  0  0  0  0  0  0  0  0  0  0  0  0  0  0  0  0  0  0  0  0  0  0  0  0  0  0  0  0  0  0  0  0  0  0  0  0  0  0  0  0  0  0  0  0  0  0  0  0  0  0  0  0  0  0  0  0  0  0  0  0  0  0  0  0  0  0  0  0  0  0  22506  0  0  3  118479  7495  614  6  1  0  0  153  1  1360  284982  41659  0  4  1  0  0  0  0  583  0  20  0  3  12  0  0  0  0  0  0  0  0  0  89  0  22  0  0  0  65  0  821  0  1963  0  0  71813  0  44546  8  3  0  7  0  0  0  22371  1  11  6  2463  39  1788  219  0  0  0  0  0  0  0  0  0  0  0  0  6993  0  1  22775  1  
0  0  0  0  0  0  0  0  0  0  0  0  0  0  0  0  0  0  0  0  0  0  0  0  0  0  0  0  0  0  0  0  0  0  0  0  0  0  0  0  0  0  0  0  0  0  0  0  0  0  0  0  0  0  0  0  0  0  0  0  0  0  0  0  0  0  0  0  0  0  0  0  0  0  11  0  1  2  2166  19688  36643  15504  7  0  0  3  0  6  167913  184200  0  0  0  0  0  0  0  0  0  0  1  0  854  2  0  0  0  0  0  0  0  0  0  0  0  0  0  0  1192  1  0  0  41  0  0  60387  48738  0  1  2  0  0  0  0  0  1  0  0  0  818  6  46716  49798  0  1  0  0  0  0  0  0  0  0  0  0  8617  0  0  3683  33  
0  0  0  0  0  0  0  0  0  0  0  0  0  0  0  0  0  0  0  0  0  0  0  0  0  0  0  0  0  0  0  0  0  0  0  0  0  0  0  0  0  0  0  0  0  0  0  0  0  0  0  0  0  0  0  0  0  0  0  0  0  0  0  0  0  0  0  0  0  0  0  0  0  0  27  2  0  289  5  35  4  8  182  1  0  3  0  99  40  14  9  137  615  0  4  0  1  3  66608  132485  2369  79  207  8  0  0  48  43  2  15726  0  0  2  0  20082  0  11  272  787  1  8  3315  6898  0  0  243  39  4  0  99082  86  2275  5  5  119  14  0  0  1657  68  4698  496  29  0  326  0  11460  77  0  0  0  0  0  0  3  39  1103  405  15312  2180  
0  0  0  0  0  0  0  0  0  0  0  0  0  0  0  0  0  0  0  0  0  0  0  0  0  0  0  0  0  0  0  0  0  0  0  0  0  0  0  0  0  0  0  0  0  0  0  0  0  0  0  0  0  0  0  0  0  0  0  0  0  0  0  0  0  0  0  0  0  0  0  0  0  0  37  1  0  130  6  26  136  193  6756  52  134  6  0  134  48  7  0  20  1898  54946  35  1  0  8  135425  20250  203303  941  303  38362  0  0  1  0  0  19  0  2  1  0  1169  0  0  300  3036  223  9  46  3831  0  16  269  40  7  101159  0  1051  35181  13  50  164  18  0  0  44447  657  88019  419  153  0  53490  0  6485  0  0  0  0  0  0  0  0  245  20  20  8006  2629  
0  0  0  0  0  0  0  0  0  0  0  0  0  0  0  0  0  0  0  0  0  0  0  0  0  0  0  0  0  0  0  0  0  0  0  0  0  0  0  0  0  0  0  0  0  0  0  0  0  0  0  0  0  0  0  0  0  0  0  0  0  0  0  0  0  0  0  0  0  0  0  0  0  0  0  22656  0  4  0  3  0  0  0  0  29  0  0  13  8  4  0  0  160747  178  10334  154  1  0  59  0  0  3  6  0  0  0  0  0  0  0  0  3  0  0  7  30349  0  1327  18  0  0  1  88  17  11744  12  3  0  3  11  0  25827  22999  3990  3405  1  0  0  363  0  5  19  0  0  2  17  9641  0  0  0  0  0  0  0  0  0  15  0  17  0  
0  0  0  0  0  0  0  0  0  0  0  0  0  0  0  0  0  0  0  0  0  0  0  0  0  0  0  0  0  0  0  0  0  0  0  0  0  0  0  0  0  0  0  0  0  0  0  0  0  0  0  0  0  0  0  0  0  0  0  0  0  0  0  0  0  0  0  0  0  0  0  0  0  0  58  1443  0  382  20  94  2  2  107  2  11393  7  0  284  150  33  0  12  109753  155847  1982  3209  34  15  13837  186  126  116  143  3  0  0  0  0  0  15  0  19  1  0  3575  8090  0  43686  741  2  22  25  4287  2  1699  717  137  7  1419  34931  23273  0  5926  274  4933  56  0  2  80120  37  328  829  2  0  2591  8  16499  0  0  0  0  0  0  0  0  17  250  6  993  62  
0  0  0  0  0  0  0  0  0  0  0  0  0  0  0  0  0  0  0  0  0  0  0  0  0  0  0  0  0  0  0  0  0  0  0  0  0  0  0  0  0  0  0  0  0  0  0  0  0  0  0  0  0  0  0  0  0  0  0  0  0  0  0  0  0  0  0  0  0  0  0  0  0  0  3  42523  0  6  4  4  0  0  0  0  0  0  0  15  5  1  0  0  36888  4  5113  49  3  1  774  1  1  1  2  0  0  0  0  5  0  0  16600  8232  0  0  10  6  23  624  28  0  0  0  78  123  902  15  2  0  7  14  13076  15192  0  19489  11701  2  0  0  314  0  3  19  0  0  0  26746  20386  0  0  0  0  0  0  0  0  1  74  0  18  0  
0  0  0  0  0  0  0  0  0  0  0  0  0  0  0  0  0  0  0  0  0  0  0  0  0  0  0  0  0  0  0  0  0  0  0  0  0  0  0  0  0  0  0  0  0  0  0  0  0  0  0  0  0  0  0  0  0  0  0  0  0  0  0  0  0  0  0  0  0  0  0  0  0  0  2  58119  0  3  0  2  0  0  0  0  0  1  0  5  3  1  0  0  2176  6  84102  42  5  0  102  0  0  2  2  0  0  0  0  140  1  0  75032  781  0  0  0  19  750  66  12  0  0  0  53  15580  2026  12  2  0  1  1  6359  1393  12562  0  52999  1  0  0  405  2  2  12  0  0  0  34466  1302  0  0  0  0  0  0  0  0  0  288  0  10  0  
0  3  0  0  0  0  0  0  0  0  0  0  0  0  0  0  0  0  0  0  0  80  0  0  0  0  0  0  0  0  0  0  0  0  0  0  0  0  0  0  0  0  0  0  0  0  0  0  0  0  0  0  0  0  0  0  0  0  0  0  0  0  0  0  0  0  0  0  0  0  0  0  0  0  7  7173  0  8  0  8  0  0  0  0  137  0  0  31  8  0  0  0  5289  522  130190  120920  55298  2  2500  12  5  8  7  0  0  0  1  286  0  10  92  3249  0  0  74  2936  2565  11038  39  0  1  32  145  34214  38636  52  7  0  116  33  9616  16634  5643  34888  0  4  0  1  1841  0  19  41  1  0  0  3595  13771  0  0  0  0  1  0  0  198  0  29909  10  37  0  
0  0  0  0  0  0  0  0  0  0  0  0  0  0  0  0  0  0  0  0  0  0  0  0  0  0  0  0  0  0  0  0  0  0  0  0  0  0  0  0  0  0  0  0  0  0  0  0  0  0  0  0  0  0  0  0  0  0  0  0  0  0  0  0  0  0  0  0  0  0  0  0  0  0  17434  0  0  9  213  489  1  0  0  0  0  118  24925  36438  36305  20  0  1  1  0  0  0  0  59203  6  30  1  2  7  0  0  0  0  0  0  1  0  0  13062  22  16  0  0  1  44  0  1446  0  4364  0  0  57431  24697  7  16  9  0  9  0  0  0  0  1  14491  5  107  50  810  1  0  3  0  0  0  0  0  0  0  0  0  0  186  0  0  2163  0  
0  0  0  0  0  3  0  0  0  0  0  0  0  0  0  0  0  0  0  0  0  0  0  0  0  0  0  0  0  0  19  2  0  0  0  0  0  0  0  0  0  0  0  0  0  0  0  0  0  0  0  0  0  0  0  0  0  0  0  0  0  0  0  0  0  0  0  0  0  0  0  0  0  0  1833  0  0  0  3  13442  0  0  0  0  0  0  1  2  0  659  7  16  0  0  0  0  10075  124973  0  0  0  0  0  0  61471  29788  0  0  39  0  0  0  0  0  0  0  0  0  0  0  5542  2  1  0  0  0  1  0  0  0  0  0  0  0  0  21  0  30869  0  182  0  0  0  13849  0  0  0  0  0  0  0  1  0  0  898  4672  12  21  61155  626  
0  0  0  0  0  0  0  0  0  0  0  0  0  0  0  0  0  0  0  0  0  0  0  0  0  0  0  0  0  0  0  0  0  0  0  0  0  0  0  0  0  0  0  0  0  0  0  0  0  0  0  0  0  0  0  0  0  0  0  0  0  0  0  0  0  0  0  0  0  0  0  0  0  0  14981  0  0  6  335  2860  0  0  0  0  0  40  3050  5151  68  204  0  0  0  0  0  0  4  204897  1  14  0  1  2  0  10  31  0  0  0  0  0  0  11018  3  5  0  4  1  23  0  16767  1  7035  0  0  716  224  5  4  2  0  2  0  0  0  24483  34316  0  1  66  20  78  0  318  1  0  0  0  0  0  0  0  0  0  11  23740  0  0  14269  1  
0  0  3  0  0  0  0  0  0  0  1  0  0  0  0  0  0  0  0  0  0  0  0  0  0  0  0  0  0  249  0  0  0  0  0  0  0  0  0  0  0  0  0  0  0  1  0  0  0  0  0  0  0  0  0  0  0  0  0  0  0  0  0  0  1  0  0  0  0  0  6  0  0  0  19  31  1  95  4  38  77  24  2711  496  115255  1  0  91  45  14  0  12  1546  89909  112  1484  12  1  356  35  14374  37  107  108635  0  0  1  0  0  1  0  3  2  0  833  12  0  79214  411  24  3  25  2517  0  58  182  45  3  830  53497  2584  68361  89  146  447  18  0  1  0  1177  369  295  22  0  29016  0  439  0  0  0  0  0  0  0  0  89  39  6  2461  393  
28  0  0  0  108  22352  1381  2468  443  21014  0  0  0  1  147  43  0  0  0  0  0  0  0  1  0  0  0  1  0  10  1952  1397  0  0  0  0  0  0  0  0  0  0  0  1  2  1  0  0  23  0  0  12  420  5  0  0  0  0  0  0  0  0  0  1  0  41573  1  1  3  218  1  0  0  0  682  0  0  5  2901  119464  38825  23627  63373  48194  0  5  0  77  854  1640  1  1  8  1  1  44  2289  83  14  81  543  10  1068  6261  97  22060  1  0  0  9  0  0  6  0  613  0  0  5400  1515  60  34  214  292  0  0  1194  3042  3758  188  1725  13  72  0  0  1  23  1568  20  2023  0  873  246  2506  1250  2771  0  2  0  0  8262  0  130  206  127  2  46423  803  2766  26559  2623  
0  0  0  0  0  0  0  0  0  0  0  0  0  0  0  0  0  0  0  0  0  0  0  0  0  0  0  0  0  0  0  0  0  0  0  0  0  0  0  0  0  0  0  0  0  0  0  0  0  0  0  0  0  0  0  0  0  0  0  0  0  0  0  0  0  0  0  0  0  0  0  0  0  0  141  0  7236  8074  43  228  324  1544  3081  150  0  281  0  649  255  70  0  54  15  22  0  0  0  38  107  130891  104120  123273  2160  21965  0  0  0  0  0  15496  0  1  4  2  17101  0  0  228  132971  81691  29  47  14421  0  0  1936  243  71  3220  68647  16  227  1  1  0  108  0  6  1147  1632  0  4668  1286  0  19055  1  7  0  0  0  0  0  0  0  0  1127  8  35  9613  2909  
0  0  0  0  0  1  0  0  0  0  0  0  0  0  0  0  0  0  0  0  0  0  0  0  0  0  0  0  0  0  0  0  0  0  0  0  0  0  0  0  0  0  0  0  0  0  0  0  0  0  0  0  0  0  0  0  0  0  0  0  0  0  0  0  0  0  0  0  0  0  0  0  0  0  157  0  0  28594  376  4549  1660  178  26  0  0  63144  0  3110  34504  2731  0  130  27  1  0  0  0  38  71  967  29  248  124067  1  0  0  2  0  0  44  0  0  27  21  1154  0  0  11  29703  0  125  36  19680  0  1  108323  1319  52158  282  190  6  168  0  1  0  226  0  5  148  597  3848  0  33971  0  37  0  10  0  0  0  0  0  0  0  1  2639  1  7  47635  264  
0  0  0  0  0  0  0  0  0  0  0  0  0  0  0  0  0  0  0  0  0  0  0  0  0  0  0  0  0  0  0  0  0  0  0  0  0  0  0  0  0  0  0  0  0  0  0  0  0  0  0  0  0  0  0  0  0  0  0  0  0  0  0  0  0  0  0  0  0  0  0  0  0  0  0  0  253  6  3  146  4939  66472  100  0  0  0  0  4  24488  40415  0  3  0  0  0  0  0  0  0  47  45  11  146485  0  0  0  0  0  0  16  0  0  0  0  72  0  0  2  55875  498  0  6  76  0  0  60  2  47375  26  25  0  1  0  0  0  0  0  0  0  403  363  14128  0  0  11  0  0  0  0  0  0  0  0  0  0  6847  3  6  5765  1513  
0  0  0  0  2  512  0  0  0  0  0  0  0  0  0  6  0  0  0  0  0  0  0  0  0  0  0  0  0  0  574  102  0  0  0  0  0  0  0  0  0  0  0  0  0  0  0  0  0  0  0  0  0  0  0  0  0  0  0  0  0  0  1  0  0  46  0  0  0  204  0  0  0  0  10595  0  0  0  1383  34901  1  0  0  0  0  0  0  0  0  29350  0  0  0  0  0  0  0  6589  0  0  0  0  0  0  44063  8625  0  0  0  0  0  0  0  0  0  0  0  0  0  0  0  0  0  0  0  0  1  0  0  0  0  0  0  0  0  0  19996  851  0  4300  0  0  0  0  0  0  0  0  0  0  0  0  0  0  0  2285  0  0  175  30  
0  0  58  0  0  0  0  68  1644  1  3  0  0  0  0  9  0  0  0  0  0  0  0  0  0  0  2  0  0  204  0  0  0  0  0  0  0  0  0  0  0  0  0  0  0  38  0  0  0  0  0  0  0  0  0  0  0  0  0  0  0  0  0  0  0  26  0  0  0  0  78  0  0  0  4  1  18  40  1  7  387  990  82292  99  101  0  0  19  6  11  0  4  87  5530  10  33  0  1  97  345  42205  64  381  150886  0  0  0  0  0  44  0  0  0  0  1470  0  0  268  2107  26608  2  14  926  0  4  39  11  16  966  67695  209  2599  4  11  7  2  0  0  31261  1369  23832  84  256  0  0  0  14  0  0  0  0  0  0  0  0  530  2  12  4545  1723  
0  0  0  0  0  0  0  0  0  0  0  0  0  0  0  0  0  0  0  0  0  0  0  0  0  0  0  0  0  0  0  0  0  0  0  0  0  0  0  0  0  0  0  0  0  0  0  0  0  0  0  0  0  0  0  0  0  0  0  0  0  0  0  0  0  0  0  0  0  0  0  0  0  0  0  3869  0  0  0  0  0  0  0  0  0  0  0  0  0  0  1  0  100  0  70  0  2  0  43  0  0  0  0  0  0  0  0  3258  15  0  204585  203489  0  0  0  0  9681  0  0  0  0  66  0  36147  4  0  0  0  0  0  7  1  20615  37253  6015  0  0  0  0  0  0  0  0  0  0  0  33770  0  0  0  0  0  0  0  0  0  4139  0  0  0  
0  0  0  0  0  0  0  0  0  0  0  0  0  0  0  0  0  0  0  0  0  0  0  0  0  0  0  0  0  0  0  0  0  0  0  0  0  0  0  0  0  0  0  0  0  0  0  0  0  0  0  0  0  0  0  0  0  0  0  0  0  0  0  0  0  0  0  0  0  0  0  0  0  0  9  1  0  70  0  7  1  1  20  0  0  3  0  29  9  4  305  421  87185  3  6  6  39  6  275688  608  117  8  26  0  0  0  171  181509  50584  1310  881  249858  0  0  6949  0  33679  76  85  0  2  174359  901  7316  4  57  10  3  31682  14426  7539  21434  22510  1192  57285  4  0  0  147  15  169  110  2  0  55  21587  0  2744  0  0  0  0  0  0  451  3  32577  1993  4147  24  
0  0  0  0  0  0  0  0  0  0  0  0  0  0  0  0  0  0  0  0  0  0  0  0  0  0  0  0  0  0  0  0  0  0  0  0  0  0  0  0  0  0  0  0  0  0  0  0  0  0  0  0  0  0  0  0  0  0  0  0  0  0  0  0  0  0  0  0  0  0  0  0  0  0  0  0  0  263  0  0  0  0  0  0  0  7  0  0  0  0  33  2  2  0  0  0  0  0  514  133  1  0  0  0  0  0  74292  35653  1551  59086  0  5  0  0  11986  0  0  0  0  0  0  29583  10  0  0  0  0  0  3  1  0  1  0  0  0  0  0  0  0  0  2  0  0  0  0  0  2844  0  0  0  0  0  0  0  0  0  129  463  160  0  
0  0  0  2  0  38  0  0  0  0  0  26  0  4  0  0  22020  23947  4  0  3  0  50940  556  16  7  0  2  0  0  3  173  0  219  26816  2  61  71  0  0  40  0  68217  0  1  0  67  14984  7  20  0  0  0  0  17  11  0  3  1  16  110  0  21322  0  0  163  5  2  0  23  0  31  3916  1  0  0  0  0  0  0  0  0  0  0  0  0  0  0  0  0  0  0  0  0  0  0  0  0  0  0  0  0  0  0  0  0  0  0  0  0  0  0  0  0  0  0  0  0  0  0  0  0  0  0  0  0  0  0  0  0  0  0  0  0  0  0  0  0  0  0  0  0  0  0  0  0  0  0  0  1342  309373  16189  18666  2  0  0  5  1  0  0  
1735  0  1  0  1227  8406  4345  3972  8915  43  0  109  0  107  1827  1162  4  384  0  0  0  0  0  177  12  0  23  207  143  0  0  1635  0  10  2  0  0  0  4  0  6  0  0  2  3152  1337  0  4  300  0  0  20595  10585  7556  0  52  0  13  0  0  0  17  2055  42  5  22096  106  2648  1541  576  9  0  3  0  0  0  0  0  1  35  0  1  6  0  0  0  0  0  0  0  0  0  0  0  0  0  0  0  0  0  0  0  0  2  0  256  0  0  0  0  0  0  0  0  0  0  0  2  8  0  0  0  0  0  0  0  0  1  0  0  0  0  0  0  0  0  0  0  3  3741  1  0  0  0  0  0  0  0  630  0  21  4933  39519  43703  0  697  0  124  4  1  
0  2  0  80  0  0  0  0  44  8271  0  69  0  1  0  0  4  553  43  0  198  53  58480  0  478  156  0  19  2  34  0  7  3  3  602  16  1321  208  0  0  1960  0  17083  2738  104  3  0  9264  509  7801  6  2  0  14  395  122  58  67  165  3244  19814  0  16  0  112  271  93  109  12  1  213  331  13549  33  0  1  0  0  0  0  0  0  0  0  0  0  0  0  0  0  0  0  0  0  0  0  0  0  0  0  0  0  0  0  0  0  0  0  0  0  0  0  0  0  0  0  0  0  0  0  0  0  0  0  0  0  0  0  0  0  0  0  0  0  0  0  0  0  0  0  0  0  0  0  0  0  0  0  189126  156  0  71473  5615  11  0  0  86  13  0  0  
4  0  0  11  0  114  12  29  58  10158  0  21  0  0  4  3  1  2408  2  0  1  4  135  4  11  8  2  26  37  4  4  756  2  3  2  3  0  0  0  0  467  0  0  22  285  150  0  10968  118  0  0  247  21  32  2  1  2  9  0  0  3  0  898  0  3  1831  10  96  437  66  6  0  124  19  0  0  0  0  0  0  0  0  0  5  0  0  0  0  0  0  0  0  0  0  0  4  9  0  0  0  0  0  0  0  0  91  0  0  0  0  0  0  0  0  0  0  0  0  0  0  0  0  0  0  0  0  0  0  0  0  0  0  0  0  2  0  0  0  0  137  0  0  0  0  0  0  0  0  12266  24031  64485  0  49915  42338  0  30  30  22981  1  3  
4957  0  2  300  1585  2770  143  210  137  93  0  1006  1  168  1115  48  53707  80513  6  0  0  0  125  14474  33  2  111  1939  243  4  195  9210  91  134  106  0  0  0  109  0  707  0  1  27  11124  4884  30272  53961  50759  0  0  9272  6491  1291  2  326  3  66  0  0  0  67  34827  11405  54  73  2789  6568  3441  198  82  0  60  0  0  0  0  0  0  0  0  0  0  0  0  0  0  0  0  0  0  0  0  0  0  0  0  0  0  0  0  0  0  0  0  0  0  0  0  0  0  0  0  0  0  0  0  0  0  0  0  0  0  0  0  0  0  0  0  0  0  0  0  0  0  0  0  0  0  7  0  0  0  0  0  0  0  0  19577  20478  1392  21761  0  196024  0  1  0  0  0  0  
323  0  2  0  35  1921  7  72  239  154  0  1  0  1  6  3  8  3251  0  0  0  0  1  956  4  0  16  278  85  5  6  16039  0  61  31  0  0  0  3  0  10  0  0  32  2184  1297  1  24  20  0  0  275  41  37  0  35  0  2  0  0  0  0  17851  2125  15  2686  428  55  1198  1409  21  0  1  0  0  0  0  0  0  0  0  0  0  0  0  0  0  0  0  0  0  0  0  0  0  0  0  0  0  0  0  0  0  0  0  0  0  0  0  0  0  0  0  0  0  0  0  0  0  0  0  0  0  0  0  0  1  0  0  0  0  0  0  0  0  0  0  0  0  2  0  0  0  0  0  0  0  0  273  74971  60  53659  458949  0  0  0  0  0  0  0  
0  0  0  0  0  0  0  0  0  0  0  0  0  0  0  0  0  0  0  0  0  0  0  0  0  0  0  0  0  0  2  1  0  0  0  0  0  0  0  0  0  0  0  0  0  0  0  0  0  0  0  0  0  0  0  0  0  0  0  0  0  0  0  0  0  0  0  0  0  0  0  0  0  0  0  0  0  1  0  1  1  0  0  0  0  0  0  0  0  0  6248  6989  7  0  1  0  78509  3621  387  2  1  0  0  0  35  1175  0  150  25735  3  0  254  0  0  31  0  50675  0  1  0  190  6629  38  112  0  2  0  0  46  8  0  3  8  8  685  0  545  8  0  1  4  2  0  0  1  49  3853  0  0  0  0  1  0  0  0  4445  307997  16154  22316  1416  
0  0  0  0  1  12  1  0  0  58  0  0  0  0  0  0  0  0  0  0  0  0  0  0  0  0  0  0  0  0  45  71  0  0  0  0  0  0  0  0  0  0  0  0  0  1  0  0  0  0  0  0  0  0  0  0  0  0  0  0  0  0  0  0  0  170  0  0  0  0  0  0  0  0  6310  0  1  0  2741  12724  599  278  158  24  0  0  0  17  421  1897  0  3  0  0  0  0  79  3304  0  17  41  2  4868  59  281  14686  0  0  0  4  0  0  2  0  120  0  0  28  2842  6  11  45  41  0  0  668  2175  2593  20  65  0  2  0  0  0  78  1494  4549  51  27272  138  174  9573  327  83  0  0  0  0  1111  0  9  0  13  515  0  161  26244  155289  51952  
0  0  0  0  0  0  0  0  0  2  0  0  0  0  0  0  0  0  0  0  0  0  1  0  0  0  0  0  0  0  3  2  0  0  0  0  0  0  0  0  0  0  0  0  0  0  0  0  0  0  0  0  0  0  0  0  0  0  0  0  0  0  0  0  0  0  0  0  0  0  0  0  0  0  1  8  0  10  1  1  3  2  362  4686  0  0  0  2  1  0  31  408  545  0  13  1317  71960  6  2827  69  37  3  5  25  6  27  23  206  79  26  13  1668  0  0  1639  0  14500  4797  15  0  1  15470  150  5710  5  5  3  0  494  219  18  344  86  373  28210  0  5  0  59  1080  50  15  0  0  74  1218  15857  24  0  1  54  64  0  0  188956  170  0  65677  4750  19  
0  0  0  0  0  0  0  0  0  3001  0  0  0  0  0  0  0  5  0  0  0  4  13  1  0  0  0  0  0  0  136  2829  0  0  0  0  0  0  0  0  0  0  0  0  0  0  0  0  0  0  1  0  0  0  0  0  0  0  0  0  0  0  21  0  0  18  0  0  0  0  0  0  0  0  0  0  0  0  0  0  1  5  19  62  0  0  0  0  0  0  41  1694  8  0  7  18  2633  1  745  15  92  1  46  2  5  4670  10  345  0  4  0  0  0  0  762  0  0  2  58  0  2  12937  43  0  0  0  0  1  35  62  1  4  0  0  3  0  4  0  4  4603  145  2  47  0  4  0  1432  35  8  568  15  25429  1  11  6651  66449  75984  0  38235  57253  
0  0  0  0  0  0  0  0  0  8  0  0  0  0  0  0  0  0  0  0  0  0  0  0  0  0  0  0  0  0  3  0  0  0  0  0  0  0  0  0  0  0  0  0  0  0  0  0  0  0  0  0  0  0  0  0  0  0  0  0  0  0  0  0  0  1  0  0  0  0  0  0  0  0  7602  0  0  16  2250  4954  136  54  213  12  0  11  0  130  384  402  22781  45454  30  0  0  0  19137  16490  106  577  871  11  1446  7  2782  8107  19  4  11  198  0  0  8  0  16131  0  2  61  7682  2  32778  23547  32143  0  0  2837  2480  932  770  1432  4  60  2  2  18  306  28101  4648  254  582  2473  3489  2379  70  134  0  41  2  0  0  0  0  0  0  20072  108460  4704  16301  0  193265  
0  0  0  0  0  0  0  0  0  5  0  0  0  0  0  0  0  0  0  0  0  0  0  0  0  0  0  0  0  0  5  3  0  0  0  0  0  0  0  0  0  0  0  0  0  0  0  0  0  0  0  0  0  0  0  0  0  0  0  0  0  0  0  0  0  1  0  0  0  0  0  0  0  0  0  0  0  0  0  5  2  11  18  1  0  0  0  0  0  0  3  171  1  0  0  0  17508  5  2  56  293  2  815  2  49  539  0  0  0  18  0  0  0  0  37  0  0  1  978  0  4  330  26  0  0  2  0  2  117  226  0  0  0  0  0  0  220  0  9  68  521  6  762  4  18  0  21  0  0  0  0  1  0  1  8965  183139  984  68212  377183  0  
