0  0  0  0  49514  32448  68  0  0  0  0  6  2  2  47883  7414  0  0  0  0  0  0  0  72943  0  0  0  0  0  0  12025  0  0  0  0  0  0  0  3  0  3  0  0  0  0  0  0  0  92  0  0  8169  38317  8942  0  5  0  0  0  0  0  17690  0  12040  0  2217  0  0  0  1271  0  0  0  0  59  0  0  0  2  110  2  1  0  0  0  0  0  0  5  5  0  0  0  0  0  0  0  119  0  0  0  0  0  0  0  0  0  0  0  0  0  0  0  0  0  0  0  0  0  0  0  0  0  0  0  0  55  6  0  0  0  0  0  0  0  2  0  35  0  136  0  0  0  0  0  0  0  0  0  27  0  3  575  0  0  91  0  0  0  0  
0  0  0  0  0  0  0  0  0  0  0  0  0  0  0  0  0  0  2460  0  35993  3389  7  0  6  2  0  0  0  0  0  0  0  0  0  1  263  1821  0  0  22  12922  0  7  0  0  0  5  0  7  38306  0  0  0  2  4  7901  0  20360  5180  458  0  0  0  0  0  0  0  0  0  0  25654  108  0  0  0  0  0  0  0  0  0  0  0  0  0  0  0  0  0  0  0  0  0  1  18  0  0  0  0  0  0  0  0  0  0  0  0  0  0  0  0  0  0  0  0  0  0  0  0  0  0  0  0  0  0  0  0  0  0  0  0  0  0  2  0  0  0  0  0  0  0  0  0  0  0  0  0  0  0  10  1  0  0  0  0  0  0  0  0  
0  0  0  0  0  0  15  1380  123  0  0  0  0  0  0  48457  0  0  0  0  0  0  0  0  0  0  1638  7161  23131  12116  0  0  0  0  0  0  0  0  0  0  0  0  0  0  64330  28096  0  0  0  0  0  0  0  1  0  0  0  0  0  0  0  0  0  0  0  4  8925  0  977  0  225  0  0  0  0  0  4802  0  0  5  68  8305  5961  0  0  0  0  0  0  6096  0  0  0  0  0  0  0  0  0  0  0  0  0  507  0  0  0  0  0  0  0  0  0  0  0  0  0  0  0  7358  0  0  0  0  0  0  0  0  0  0  0  0  0  0  0  0  0  0  0  37  0  0  0  0  3374  0  0  0  0  0  0  0  0  0  0  0  0  0  0  0  
0  0  0  0  0  0  1  1  0  1  0  23974  1  0  5  0  1660  6  0  0  0  0  0  1  0  41885  0  23107  28365  1  0  0  1082  4600  16  218  0  0  0  10  22148  0  0  1  41046  0  0  468  28645  0  0  113  0  17  0  4  0  0  0  0  0  0  0  0  7  0  15246  33386  3  0  0  0  1  139  0  0  0  0  0  0  0  0  2  0  0  0  0  0  0  0  0  0  0  0  0  0  0  0  1  0  0  0  0  0  0  0  0  0  0  0  0  0  0  0  2  0  0  0  0  0  0  2  0  0  0  4  0  0  0  2  0  0  0  0  0  0  0  0  5  0  0  0  0  0  1  0  0  0  0  1166  0  138  4  0  0  11  0  78  0  0  
54764  0  0  0  0  4827  7  0  0  0  0  0  0  0  746  46156  0  0  0  0  0  0  0  1216  0  0  0  0  0  0  6861  0  0  0  0  0  0  0  0  0  0  0  0  0  0  0  0  0  9  0  0  140  43126  11589  0  0  0  0  0  0  0  0  0  8  0  292  0  0  0  291  0  0  0  0  71  0  0  0  18  33  0  0  0  0  0  0  0  0  0  6  0  0  0  0  0  0  0  18  0  0  0  0  0  0  0  0  0  0  0  0  0  0  0  0  0  0  0  0  0  0  0  0  0  0  0  0  11  1  0  0  0  0  0  0  0  0  0  3  0  18  0  0  0  0  0  0  0  0  0  3  0  0  10  0  0  16  0  0  0  0  
22127  0  0  0  6806  0  37623  27  0  0  0  1  0  0  9382  98083  0  1  0  0  0  0  0  2420  0  0  0  0  0  0  9754  10164  0  0  0  0  0  0  3  0  15  0  0  0  0  0  3  0  120  0  0  8850  49321  40063  0  5  0  0  0  0  0  34  3  3108  1  60852  1  0  2  51327  0  0  0  0  196  0  0  0  86  32004  3638  0  0  0  0  0  0  0  24  6232  0  0  0  0  0  0  0  268  0  0  0  0  0  0  508  7  0  0  0  0  0  0  0  0  0  0  0  0  0  0  0  0  0  0  0  9  132  9  0  0  0  0  0  0  0  4  0  99  0  32304  0  0  0  518  0  0  0  0  0  722  0  91  10253  27  0  209  0  6  0  0  
23  0  6  25  1  25652  0  48948  10  0  0  60  0  0  1676  97367  0  0  0  0  0  0  0  17  0  28  1  31  10  0  2  0  0  0  0  0  0  0  1  0  53  0  0  0  220  64  0  2  48  0  0  9769  435  73538  0  20  0  0  0  0  0  1  0  185  11  41783  28  823  228  7  11  0  1  0  0  0  0  13  0  9673  53072  217  2  0  0  0  0  0  0  6493  0  0  0  0  0  0  0  1  0  1  0  0  0  0  0  0  0  0  0  0  0  0  0  0  60  0  0  0  3  0  0  0  0  0  0  49  0  8  1  0  0  0  0  0  0  0  0  0  0  9011  2  4  0  0  1  0  1  0  0  1586  0  45  2232  3  0  5  0  3  0  0  
0  0  173  40  1  8  27800  0  19959  4  0  1  0  0  219  94637  0  0  0  0  0  0  0  0  0  71  309  37  3161  154  0  0  0  0  0  1  0  0  0  0  66  0  0  1  10458  57678  0  0  47  0  0  2209  13  52399  0  61  0  0  0  0  0  0  0  13  70  84197  2520  426  32116  0  304  0  1  0  0  0  0  944  0  20  1153  11377  509  1  0  2  0  5  34  358  0  0  0  0  0  0  0  0  9  265  0  2  2  0  0  0  0  1  0  0  0  0  0  0  1762  0  0  0  556  59  0  5  84  0  0  4534  11  3  2  38  0  0  0  0  0  0  0  0  19  9183  379  586  27  0  412  0  20  0  0  1956  0  28  42  0  0  117  0  122  24  0  
0  0  80  1  0  0  3  21616  0  5482  40  0  0  0  2  79  0  0  0  0  0  0  0  0  0  13  32  0  0  14535  0  0  0  0  0  0  0  0  0  0  247  0  0  35  15  26473  0  0  0  0  0  3  0  21  0  1181  2  1  0  0  0  0  0  1  859  32200  167  4  86  0  66329  0  1  0  0  0  0  123  0  0  1  521  5607  31  12  0  0  0  2  0  0  0  0  0  0  19  0  0  4  12  1  0  0  50  0  0  0  1  1  0  0  0  0  0  961  0  0  18  45  8  0  0  10  0  0  441  1  0  0  72  0  0  0  0  0  0  0  0  40  8933  26  29  5  0  3310  0  18  0  0  1733  0  50  0  0  0  18  1  64  1  0  
0  0  0  0  0  0  0  0  7038  0  2  0  0  0  0  0  0  0  0  0  0  260  2003  0  51  29  6  0  0  19955  0  0  43  0  11  11  0  0  0  0  465  0  0  38078  7  3  0  719  0  0  0  0  0  2  1  828  0  3  2  0  429  0  0  0  4604  81458  41  0  10  0  6939  0  111  0  0  0  0  0  0  0  0  0  27  19  0  0  0  0  0  0  0  0  0  0  35  1028  46  0  0  0  0  0  0  16  0  0  0  0  0  0  2  0  0  0  20  0  0  153  0  0  0  0  0  1  0  14  0  0  0  1  0  0  0  0  38  0  0  0  18  85  0  0  0  0  30  0  0  0  1  28  3823  11240  8  0  0  6  15  194  1  2  
0  0  0  0  0  0  0  0  5  0  0  0  0  0  0  0  0  0  0  48050  0  25963  0  0  4  0  4623  0  0  43372  0  0  1  0  5  0  0  0  0  0  0  0  0  96346  0  0  0  42  0  0  1  0  0  0  0  3  3  31  0  0  2  0  0  0  84553  0  0  0  0  0  670  0  4  0  0  0  0  0  0  0  0  0  39  6  17218  0  0  0  0  0  0  0  0  0  0  9898  0  0  0  0  0  0  0  10066  0  0  0  0  0  0  0  0  0  0  0  0  0  707  0  0  0  0  0  0  0  0  0  0  0  0  0  0  0  0  0  0  0  0  1647  7  0  0  0  0  74  0  0  0  0  0  0  0  0  0  0  0  0  0  0  0  
2  0  0  24913  8  26  6  0  0  0  0  0  1  30920  4722  10  403  1116  0  0  0  0  0  2  0  0  0  0  5340  0  0  0  3810  6346  115  7  0  0  1  48858  29  0  0  0  38  0  20  317  51435  0  0  66861  417  3416  0  4  0  0  0  0  0  2  0  25  4  0  1  39221  4  0  0  0  0  23  0  0  0  0  0  0  0  0  0  0  0  0  0  0  0  0  0  0  0  0  0  0  0  0  0  0  0  0  0  0  0  0  0  0  0  0  0  0  0  0  0  0  0  0  0  0  0  0  0  0  0  1  0  0  0  0  0  0  0  0  0  0  0  0  0  0  0  0  0  0  0  0  0  0  1  34  0  3  223  0  0  0  0  0  0  0  
6  0  0  0  0  0  0  0  0  0  0  1  0  7763  2  0  35  1720  0  0  0  0  2  50509  0  0  0  0  0  0  0  0  1  28  24  0  0  0  32281  4  0  0  0  0  0  0  20408  5  15  0  0  0  0  0  0  0  0  0  0  0  0  13984  1  414  0  0  0  0  0  0  0  0  0  0  0  0  0  0  0  0  0  0  0  0  0  0  0  0  0  0  0  0  0  0  0  0  0  0  0  0  0  0  0  0  0  0  0  0  0  0  0  0  0  0  0  0  0  0  0  0  0  0  0  0  0  0  0  0  0  0  0  0  0  0  0  0  0  0  0  0  0  0  0  0  0  0  0  0  9  0  0  0  1  0  0  0  0  0  0  0  
19  0  0  2  2  18  0  0  0  0  0  36692  7924  0  1936  6  16  9013  0  0  0  0  4  209  0  0  0  0  145  0  1  0  0  14  8  0  0  0  24063  55806  0  0  0  0  0  0  8640  0  19453  0  0  55584  69  62  0  0  0  0  0  0  0  35099  0  226  0  1  0  151  0  1  0  0  0  0  0  0  0  0  0  0  0  0  0  0  0  0  0  0  0  0  0  0  0  0  0  0  0  0  0  0  0  0  0  0  0  0  0  0  0  0  0  0  0  0  0  0  0  0  0  0  0  0  0  0  0  0  0  0  0  0  0  0  0  0  0  0  0  0  0  0  0  0  0  0  0  0  0  0  15  1  0  0  10  0  0  0  0  0  0  0  
42752  0  0  2  604  2063  88  46  6  0  0  4106  2  1569  0  6785  0  0  0  0  0  0  0  1644  0  3  1  419  22233  0  2  0  0  0  0  0  0  0  3  463  1  0  0  0  58  12  0  0  993  0  0  222430  86573  199145  0  3  0  0  0  0  0  26610  0  280  4  24  1  27100  28014  6  2  0  0  0  1  0  0  0  0  0  0  0  1  0  0  0  0  0  0  1  0  0  0  0  0  0  0  0  0  0  0  0  0  0  0  0  0  0  0  0  0  0  0  0  0  0  0  0  0  0  0  0  0  0  0  2  0  0  0  0  0  0  0  0  0  0  0  0  3  0  0  0  0  0  2  0  0  0  0  151  0  5  2260  0  0  2  0  6  0  0  
1546  0  49180  0  35124  123874  149967  112558  37  0  0  4  0  0  4242  0  0  0  0  0  0  0  0  13  0  1  108  37  31063  308  15515  412  0  0  0  0  0  0  0  0  4  0  0  0  9641  7967  0  0  24  0  0  1078  46701  218710  0  2  0  0  0  0  0  3  0  44  2  6755  575  40  33917  5601  4  0  0  0  198  0  1  0  177  2412  2042  10742  801  0  0  0  0  0  0  31352  0  0  0  0  0  0  0  4  0  0  0  0  0  1  0  0  0  0  0  0  0  0  0  0  2  0  0  0  0  236  0  0  0  0  0  7  54  35  0  0  0  0  0  0  0  0  0  0  0  46  0  0  0  0  10  0  0  0  0  79  0  8  380  1  0  6  0  0  0  1  
0  0  0  926  0  1  1  0  0  0  0  3014  3  3  0  0  0  49486  0  0  0  0  7377  282  0  0  0  0  0  0  0  0  2937  7288  16003  7  0  0  0  1  3086  0  5  0  0  0  2220  58799  24201  1  0  6  0  298  0  6  0  0  0  0  0  0  843  4  1  1  0  1  0  1  0  0  0  42  0  0  0  0  0  0  0  0  0  0  0  0  0  0  0  0  0  0  0  0  0  0  0  0  0  0  0  0  0  0  0  0  0  0  0  0  0  0  0  0  0  0  0  0  0  0  0  0  0  0  0  0  0  0  0  0  0  0  0  0  0  0  0  0  0  0  0  0  0  0  0  0  0  0  1824  109  1  603  101824  3111  0  0  0  1  0  0  
0  0  0  3  0  1  0  0  0  0  0  2196  55  1193  0  0  39747  0  0  0  0  0  6177  4303  0  0  0  0  0  0  0  4  10  881  369  0  0  0  0  348  12  0  45  0  0  0  47366  5467  56047  0  0  0  0  25  0  0  0  0  0  0  0  0  5350  101  0  0  0  0  0  2  0  0  0  0  0  0  0  0  0  0  0  0  0  0  0  0  0  0  0  0  0  0  0  0  0  0  0  0  0  0  0  0  0  0  0  3  0  0  0  0  0  0  0  0  0  0  0  0  0  0  0  0  0  0  0  0  0  0  0  0  0  0  0  0  0  0  1  0  0  0  0  0  0  0  0  0  0  0  7523  2  7  2  80779  81  14  0  3  20  0  0  
0  1784  0  0  0  0  0  0  0  0  2  0  0  0  0  0  0  0  0  5  2  0  0  0  3938  1  2  0  0  0  0  0  39  0  0  0  0  526  0  0  86  1  0  751  0  0  0  65  0  0  606  0  0  0  0  3841  41227  24400  16040  0  26  0  0  0  303  1  0  0  0  0  0  0  25064  0  0  0  0  0  0  0  0  0  0  0  0  0  0  0  0  0  0  0  0  0  0  0  0  0  0  0  0  0  0  0  0  0  0  0  0  0  0  0  0  0  0  0  0  0  0  0  0  0  0  0  0  0  0  0  0  0  0  0  0  0  0  0  0  0  0  0  0  0  0  0  0  0  0  0  0  0  1  4  2  0  0  0  0  0  0  0  
0  0  0  0  0  0  0  0  0  0  47157  0  0  0  0  0  0  0  44  0  0  114  0  0  0  0  3219  0  0  2042  0  0  0  0  0  0  0  0  0  0  0  735  0  19291  0  0  0  5  0  0  361  0  0  0  0  735  1241  19110  0  0  773  0  0  0  28697  0  0  0  0  0  4  0  1  0  0  0  0  0  0  0  0  0  0  0  2  0  0  0  0  0  0  0  0  0  0  0  0  0  0  0  0  0  0  133  0  0  0  0  0  0  0  0  0  0  0  0  0  0  0  0  0  0  0  0  0  0  0  0  0  0  0  0  0  0  0  0  0  0  0  0  0  0  0  0  1  0  0  0  0  0  0  0  0  0  0  0  0  0  0  0  
0  29448  0  0  0  0  0  0  0  3  0  0  0  0  0  0  0  1  2  0  0  548  1691  0  0  0  0  0  0  0  0  0  1  0  1  1  11827  292  0  0  49  4  0  2  0  0  0  78  0  28593  18015  0  0  0  0  0  3  0  935  48746  85098  0  0  0  0  0  0  0  0  0  0  4787  87  4  0  0  0  0  0  0  0  0  0  0  0  0  0  0  0  0  0  0  0  0  73  144  81  0  0  0  0  0  0  0  0  0  0  0  0  0  3  0  0  0  0  0  0  8  0  0  0  0  0  10  0  0  0  0  0  0  0  0  0  0  65  0  0  0  0  0  0  0  0  0  0  0  0  0  0  0  1129  6  0  0  0  0  4  0  0  0  
0  2629  0  0  0  0  0  0  0  615  23074  0  0  0  0  0  0  0  0  35  1560  0  11427  0  8  4  0  0  0  2343  0  0  3  0  0  2  1  0  0  0  58  27974  0  204549  0  0  0  8  0  0  38702  0  0  0  0  3  205  37  11  2  135833  0  0  0  3976  41  0  0  0  0  2  0  173  2  0  1  0  0  0  0  0  0  2  2  3430  0  0  0  0  0  0  0  0  0  234  32046  17  0  0  0  0  0  0  216  0  0  0  0  0  0  10  0  0  0  0  1  0  74  0  0  0  0  0  38  2  0  0  0  0  0  0  0  0  2  113  0  0  0  32  5  0  0  0  0  0  0  0  0  0  0  235  9  0  0  0  0  5  1  2  0  
0  1  0  0  0  0  0  0  0  2105  0  1  2  5  0  0  16913  12183  0  0  2364  11609  0  168  1  0  0  0  0  0  0  3  20  28  26780  0  176  4  0  0  170  0  28539  9884  0  0  363  6354  48  27709  0  0  0  0  0  0  0  0  5  4  53894  0  105  2  0  5  0  0  0  0  0  9  44  3  0  0  0  0  0  0  0  0  0  0  0  0  0  0  0  0  0  0  0  0  87  26  320  0  0  0  0  0  0  0  0  0  0  0  0  0  1  0  0  0  0  0  0  2  0  0  0  0  0  7  0  0  0  0  0  0  0  0  0  0  143  0  0  0  0  0  0  0  0  0  0  0  0  0  50884  5  73423  298  15844  59  30  0  63  27  0  2  
70318  0  0  1  1202  4305  13  0  0  0  0  2  46575  409  2095  199  265  8018  0  0  0  0  2858  0  0  0  0  0  0  0  17712  69  0  56  8022  0  0  0  6078  0  0  0  1152  0  0  0  48654  868  165  4  0  828  1511  1550  0  2  0  0  0  0  0  20494  62226  162157  1  248  0  1  0  8196  0  0  0  0  3  0  0  0  0  12  0  0  0  0  0  0  0  0  0  0  0  0  0  0  0  0  2  72  0  0  0  0  0  0  14  23  0  0  2  0  0  0  0  0  0  0  0  0  0  0  0  0  0  0  0  2  11  2  0  0  0  0  0  0  0  0  3  6  0  6  0  0  0  0  0  0  0  0  19080  5  34  8  3211  4  465  11  22  113  0  0  
0  0  0  0  0  0  0  0  1  4  0  0  0  0  1  0  0  0  3342  0  0  11  0  0  0  19410  6155  0  0  0  0  0  154  0  0  186  0  0  0  0  6433  1  0  211  5  4  0  55  1  0  6  0  0  7  5636  122063  15  1033  91  0  293  0  0  0  83  3  194  0  8  0  1  0  55481  3  0  0  0  0  0  0  0  0  0  0  0  0  0  0  0  0  0  0  0  0  0  0  0  0  0  0  0  0  0  0  0  0  0  0  0  0  0  0  0  0  0  0  0  0  0  0  0  0  0  0  0  0  0  0  0  0  0  0  0  0  0  0  0  0  1  0  0  0  0  0  0  0  0  0  0  27  7  290  2  0  0  2  0  5  0  0  
0  0  0  43491  0  0  0  6  7  15  1  0  0  0  12  0  3  0  0  0  0  0  0  0  21681  0  69  25199  1  21  0  0  121  2414  0  39170  0  0  0  0  73773  1  0  80  2468  147  0  39  2040  0  1  227  0  55  14248  26759  1  4  0  0  11  0  0  1  271  51  137868  7  88  0  17  0  2533  243  0  0  0  0  0  0  0  0  12  3  0  0  0  0  1  0  0  0  0  0  0  0  0  0  6  0  0  0  0  1  0  0  0  0  0  0  0  0  0  0  23  0  0  0  1  0  0  0  0  0  0  28  1  0  0  15  0  0  0  0  0  0  0  0  27  3  0  0  0  0  19  0  6  0  0  6865  108  2236  0  0  0  141  1  848  0  0  
0  0  1891  0  0  0  4  60  134  7  2712  0  0  0  1  20  0  0  0  2886  0  0  0  0  569  16  0  0  72  36486  0  0  0  0  0  0  0  0  0  0  52  0  0  4  155  34705  0  0  0  0  0  1  0  7  0  136422  2  825  0  0  0  0  0  0  39547  146  66801  1  1161  0  8100  0  0  0  0  0  0  0  0  0  0  1  9  4  0  0  0  0  1  0  0  0  0  0  0  0  0  0  7  1  0  0  0  9  0  0  0  1  0  0  0  0  0  0  16  0  0  0  0  0  0  0  0  0  0  21  0  0  0  18  0  0  0  0  0  0  0  0  37  11  0  0  1  0  20  0  3  0  0  74  0  80  0  0  0  74  1  227  0  0  
0  0  7725  19036  0  0  0  0  0  0  0  0  0  0  69  52  0  0  0  0  0  0  0  0  0  15493  4  0  38250  0  0  0  0  0  0  0  0  0  0  0  372  0  0  0  199016  0  0  0  143  0  0  33  0  62  0  1  0  0  0  0  0  0  0  0  0  0  83309  4  317  0  0  0  0  0  0  0  0  0  0  0  0  0  0  0  0  0  0  0  0  0  0  0  0  0  0  0  0  0  0  0  0  0  0  0  0  0  0  0  0  0  0  0  0  0  1  0  0  0  0  0  0  0  0  0  0  0  0  0  0  0  0  0  0  0  0  0  0  0  1  0  0  0  0  0  0  0  0  0  0  206  0  40  0  0  0  1  0  17  0  0  
1  0  12748  25777  1  1  64  1119  12  1  0  4703  0  102  23947  42077  0  1  0  0  0  0  0  0  1  0  34  55007  0  4  0  0  0  0  0  0  0  0  0  1  3  0  0  0  137756  1460  0  0  2  0  0  10083  0  3517  0  2  0  0  0  0  0  0  0  0  9  73  279  90850  134199  0  5  0  0  0  0  0  0  0  0  2  27  46  0  0  0  0  0  0  0  27  0  0  0  0  0  0  0  0  0  0  0  0  0  0  0  0  0  0  0  0  0  0  0  0  2  0  0  0  0  0  0  0  0  0  0  1  0  0  0  1  0  0  0  0  0  0  0  0  2  1  0  0  0  0  0  0  0  0  0  66  0  14  2  0  0  3  0  12  0  0  
0  0  14992  0  0  0  0  127  13459  16688  21099  0  0  0  0  12  0  0  0  1419  0  2326  0  0  8  5  51189  0  10  0  0  0  0  0  0  1  0  0  0  0  61  0  0  24227  1805  61304  0  1  0  0  0  0  0  1  0  4464  0  0  0  0  2  0  0  0  96062  580  153  0  14  0  103483  0  9  0  0  0  29  1  0  0  0  428  14506  191  1360  0  0  0  0  147  0  0  0  0  1  4457  0  0  0  0  0  0  0  10592  0  0  0  0  0  0  0  0  0  0  9  0  0  1386  0  1270  0  0  0  0  0  7  0  0  0  2  0  0  0  0  2  0  0  0  53  3232  0  0  1  0  8619  0  4  0  0  20  1  891  0  0  0  4  4  115  0  0  
9452  0  0  0  8369  14863  4  0  0  0  0  0  0  0  99  9753  0  0  0  0  0  0  0  16690  0  0  0  0  0  0  0  13244  0  0  0  0  0  0  0  0  0  0  0  0  0  0  18  0  3  0  0  65  113  228  0  0  0  0  0  0  0  0  38170  1778  0  773  0  0  0  69232  0  0  0  0  165  0  0  0  21  74  0  1  0  0  0  0  0  0  1  539  0  0  0  0  0  0  0  47  0  0  0  0  0  0  429  37  0  0  0  0  0  0  0  0  0  0  0  0  0  0  0  0  0  0  0  1  13  1  0  0  0  0  0  0  0  0  1  10  0  41  0  0  0  52  0  0  0  0  89  3  1  5  201  1  9  23  0  57  0  0  
0  0  0  0  0  8333  0  0  0  0  0  0  0  0  0  108  0  1  0  0  0  0  1  373  0  0  0  0  0  0  10251  0  0  0  0  0  0  0  0  0  0  0  0  0  0  0  53  0  0  0  0  1  0  0  0  0  0  0  0  0  0  0  12965  27  0  9150  0  2  0  7879  0  0  0  0  0  0  0  0  0  408  0  0  0  0  0  0  0  0  0  44  0  0  0  0  0  0  14  9  0  0  0  0  0  0  530  1313  0  0  0  0  0  0  0  0  0  0  0  0  0  0  0  0  0  0  0  0  0  0  0  0  0  0  0  0  0  0  295  0  0  72  0  0  0  11  0  0  0  0  13966  75  129  360  10104  3843  183  1855  28  1750  61  43  
0  0  0  2154  0  0  0  0  0  69  3  2278  0  0  0  0  4578  15  7  0  4  0  1  0  787  76  0  0  1  6  0  0  0  50645  4665  3600  0  146  0  0  17746  0  0  1556  0  0  0  75013  1338  0  3  0  0  1  25  620  10  17  137  4  462  0  0  0  1256  43  6  0  0  0  0  29  2320  48821  0  0  0  0  0  0  0  0  0  0  0  0  0  0  0  0  0  0  0  0  0  0  0  0  0  0  0  0  0  0  0  0  0  0  0  0  0  0  0  0  0  0  0  0  0  0  0  0  0  0  0  0  0  0  0  0  0  0  0  0  0  0  0  0  0  0  0  0  0  0  0  0  0  0  1  3  4671  389  395  0  0  0  0  0  0  0  
0  0  0  1821  0  0  0  0  0  0  0  6177  13  8  0  0  699  174  0  0  7  0  21  37  0  2333  0  0  5  0  0  0  35624  0  48963  66207  1  2337  0  0  6085  0  11542  2  0  0  3  56802  382  876  0  0  0  0  2623  0  0  0  4  2  96  0  0  0  0  0  0  5  0  0  0  68  119829  22764  0  0  0  0  0  0  0  0  0  0  0  0  0  0  0  0  0  0  0  0  0  0  0  0  0  0  0  0  0  0  0  0  0  0  0  0  0  0  0  0  0  0  0  0  0  0  0  0  0  0  0  0  0  0  0  0  0  0  0  0  0  0  0  0  0  0  0  0  0  0  0  0  0  0  48  0  1083  0  213  0  0  0  0  0  0  0  
0  0  0  8  0  0  0  0  0  0  0  522  17  29  0  0  13394  3055  0  0  5  0  28996  733  4  2  0  0  0  0  0  0  3815  58481  0  1  3  527  0  2  21  0  19878  48  0  0  1156  61484  55  5423  0  0  0  0  1  9  0  2  5  1  27  0  2  1  80  0  0  0  0  0  0  312  13134  54  0  0  0  0  0  0  0  0  0  0  0  0  0  0  0  0  0  0  0  0  0  0  0  0  0  0  0  0  0  0  0  0  0  0  0  0  0  0  0  0  0  0  0  0  0  0  0  0  0  0  0  0  0  0  0  0  0  0  0  0  0  0  0  0  0  0  0  0  0  0  0  0  0  0  16317  0  11990  0  4432  0  0  0  0  0  0  0  
0  0  0  356  0  0  0  1  2  0  0  7  0  0  0  0  46  1  0  0  6  0  1  0  28  39763  0  0  0  0  0  0  3100  73657  5  0  0  13  0  0  50494  0  0  20  4  5  0  1501  34  1  0  0  0  2  2884  55  1  0  31  0  365  0  0  0  20  1  2828  0  3  0  0  4  39657  53565  0  0  0  0  0  0  0  0  0  0  0  0  0  0  0  0  0  0  0  0  0  0  0  0  0  0  0  0  0  0  0  0  0  0  0  0  0  0  0  0  0  0  0  0  0  0  0  0  0  0  0  0  0  0  0  0  0  0  0  0  0  0  0  0  0  0  0  0  0  0  0  0  0  0  0  14  110  69  0  0  0  1  0  8  0  0  
0  797  0  0  0  0  0  0  0  0  0  0  0  0  0  0  0  0  0  0  9032  1  242  0  0  0  0  0  0  0  0  0  0  0  7  0  0  3911  0  0  0  0  7535  0  0  0  0  13  0  47474  0  0  0  0  0  0  0  0  0  33997  904  0  0  0  0  0  0  0  0  0  0  51235  6  0  0  0  0  0  0  0  0  0  0  0  0  0  0  0  0  0  0  0  0  0  0  0  0  0  0  0  0  0  0  0  0  0  0  0  0  0  0  0  0  0  0  0  0  0  0  0  0  0  0  0  0  0  0  0  0  0  0  0  0  0  0  0  0  0  0  0  0  0  0  0  0  0  0  0  0  0  0  0  0  0  0  0  0  0  0  0  
0  2550  0  0  0  0  0  0  0  0  0  0  0  0  0  0  0  0  787  0  732  0  44  0  1  0  0  0  0  0  0  0  36  1558  1018  1  4097  0  0  0  181  0  1255  1  0  0  0  3131  0  4773  1  0  0  0  47  0  0  0  25542  2335  3165  0  0  0  0  0  0  0  0  0  0  78611  71351  931  0  0  0  0  0  0  0  0  0  0  0  0  0  0  0  0  0  0  0  0  0  0  0  0  0  0  0  0  0  0  0  0  0  0  0  0  0  0  0  0  0  0  0  0  0  0  0  0  0  0  0  0  0  0  0  0  0  0  0  0  0  0  0  0  0  0  0  0  0  0  0  0  0  0  98  0  2118  1  0  0  0  0  0  0  0  0  
52  0  0  0  0  59  1  0  0  0  0  2  27608  26399  166  5  1  26  0  0  0  0  1  13181  0  0  0  0  0  0  0  0  0  0  0  0  0  0  0  242  0  0  0  0  0  0  12920  0  21780  0  0  3688  38  93  0  0  0  0  0  0  0  11233  1  7209  0  3  0  0  0  4  0  0  0  0  0  0  0  0  0  0  0  0  0  0  0  0  0  0  0  0  0  0  0  0  0  0  0  0  0  0  0  0  0  0  0  0  0  0  0  0  0  0  0  0  0  0  0  0  0  0  0  0  0  0  0  0  0  0  0  0  0  0  0  0  0  0  0  0  0  0  0  0  0  0  0  0  0  0  1  1  0  0  17  0  0  0  0  0  0  0  
0  0  0  7  0  1  1  0  0  0  0  67746  6  59972  731  0  5  1808  0  0  0  0  1  2  0  0  0  0  2  0  0  0  0  6  1  0  0  0  221  0  0  0  0  0  2  0  304  0  26757  0  0  15254  8  153  0  0  0  0  0  0  0  1  0  3  0  0  0  1374  4  0  0  0  0  0  0  0  0  0  0  0  0  0  0  0  0  0  0  0  0  0  0  0  0  0  0  0  0  0  0  0  0  0  0  0  0  0  0  0  0  0  0  0  0  0  0  0  0  0  0  0  0  0  0  0  0  0  0  0  0  0  0  0  0  0  0  0  0  0  0  0  0  0  0  0  0  0  0  0  4  0  0  0  33  0  0  0  0  0  0  0  
1  1  0  22664  0  12  53  30  374  64  2  10  0  0  19  6  1468  0  7  0  90  14  0  1  2420  66672  6  3678  1  32  0  0  12439  2380  23  46440  0  157  0  0  0  0  0  3718  5999  259  0  20297  24279  0  10  1019  9  4245  3600  9319  45  73  829  22  7819  0  0  5  8557  370  41776  13  233  0  117  21  20489  13877  0  0  0  3  0  0  0  1  21  5  0  0  0  0  0  0  0  0  0  0  0  0  0  0  6  0  0  0  0  5  0  0  0  0  1  0  0  0  0  0  49  0  0  0  0  3  0  1  0  0  0  35  0  0  0  22  0  0  0  0  0  0  0  0  59  25  1  0  0  0  46  0  9  0  0  13666  2430  11768  2706  0  0  213  0  928  0  0  
0  14699  0  0  0  0  0  0  0  1  0  0  0  0  0  0  0  0  0  900  0  28180  0  0  5  4  0  0  0  0  0  0  2  0  0  0  0  0  0  0  32  0  0  9866  0  0  0  4  0  0  8185  0  0  0  0  3  235  0  7  0  159  0  0  0  1  0  0  0  0  0  0  0  216  0  0  0  0  0  0  0  0  0  0  0  0  0  0  0  0  0  0  0  0  0  3  74  0  0  0  0  0  0  0  0  0  0  0  0  0  0  0  0  0  0  0  0  0  0  0  0  0  0  0  0  0  0  0  0  0  0  0  0  0  0  0  0  0  0  0  0  0  0  0  0  0  0  0  0  0  0  0  1  0  0  0  0  0  0  0  0  
0  0  0  0  0  0  0  0  0  0  0  0  0  0  0  0  0  67  0  0  0  0  29319  1062  0  0  0  0  0  0  0  0  0  9435  29603  0  6809  2395  0  0  0  0  0  0  0  0  263  557  0  9883  0  0  0  0  0  0  0  0  0  0  0  0  0  4  0  0  0  0  0  0  0  4609  18803  0  0  0  0  0  0  0  0  0  0  0  0  0  0  0  0  0  0  0  0  0  0  0  1  1  0  0  0  0  0  0  0  0  0  0  0  0  0  0  0  0  0  0  0  0  0  0  0  0  0  0  0  0  0  0  0  0  0  0  0  0  0  0  0  0  0  0  0  0  0  0  0  0  0  0  28920  0  601  0  0  0  1  0  1  0  0  0  
0  9  0  0  0  0  0  0  71  26732  76864  0  0  0  0  0  0  3  382  14948  0  189569  11506  0  1450  655  0  0  0  19533  0  0  1545  1  352  390  0  1  0  0  10620  8579  0  0  0  3  0  25563  1  7  9881  1  0  14  53  3916  21706  11897  469  0  73423  0  0  0  93095  1676  38  0  2  0  16  0  10471  132  0  0  0  0  0  0  0  0  5  3  2179  0  0  0  0  0  0  0  0  0  44  3165  42  0  1  0  0  0  0  75  0  0  0  0  0  0  1  0  0  0  1  0  0  34  0  0  0  0  0  7  0  3  0  0  0  1  0  0  0  0  35  0  0  0  19  22  0  0  0  0  3  0  0  0  3  30  8010  496  146  0  0  1  16  23  0  0  
0  0  51352  38384  2  2  354  9415  221  60  0  11  0  0  256  5123  0  0  0  0  0  0  0  0  17  5266  1030  162651  155824  513  0  0  1  0  0  2  0  0  1  6  1241  0  0  21  0  13173  1  0  6505  0  0  1299  26  6099  1  813  0  0  0  0  0  1  0  24  447  582  214569  38284  71607  1  119  0  17  0  0  0  0  4  0  0  0  2  48  11  0  0  0  0  1  0  0  0  0  0  0  0  0  0  13  1  0  0  0  8  0  0  1  2  1  0  0  0  0  0  74  0  0  4  2  1  0  5  1  0  0  91  0  1  0  50  0  0  0  0  1  0  0  0  140  16  2  1  2  0  87  0  16  0  0  24097  0  4983  100  0  0  403  0  2163  0  0  
0  0  32334  1  0  0  270  47736  17100  11  0  0  0  0  33  9849  0  0  0  0  0  0  0  0  1  92  32454  1  5115  59059  0  0  0  0  0  3  0  0  0  0  1091  0  0  4  15163  0  0  0  13  0  0  109  3  1749  0  16455  0  0  0  0  0  1  0  1  906  6788  15638  109  21306  0  44239  0  8  0  0  0  2  269  0  0  0  3238  1412  3  0  0  0  1  5  3  0  0  0  0  0  0  0  0  4  38  1  1  0  76  0  0  0  1  0  0  0  0  0  0  1689  0  0  1  73  203  0  3  9  0  0  729  1  0  3  56  0  0  0  0  0  0  0  0  29  916  69  55  4  0  490  0  26  0  0  3003  0  61  4  0  0  35  0  84  1  0  
2  0  0  0  0  7  1  0  0  0  0  6  12945  7668  17  1  492  62746  0  0  0  0  327  37611  0  0  0  0  0  0  91  67  0  1  1569  0  0  0  10521  172  0  0  142  0  0  0  0  450  19918  1  0  776  9  17  0  0  0  0  0  0  0  102  4520  21752  0  6  0  0  0  1165  0  0  0  0  0  0  0  0  0  0  0  0  0  0  0  0  0  0  0  0  0  0  0  0  0  0  0  2  0  0  0  0  0  0  0  2  0  0  0  0  0  0  0  0  0  0  0  0  0  0  0  0  0  0  0  0  0  0  0  0  0  0  0  0  0  0  0  0  0  0  0  0  0  0  0  0  0  0  2807  0  4  0  26038  0  5  0  1  13  0  0  
0  0  0  46  0  2  2  0  0  57  11  416  4  3  0  0  57782  6102  7  0  196  3  7074  1039  804  103  0  0  0  0  0  0  42047  76594  79781  141  1  5193  0  1  22640  0  487  1596  0  0  909  0  8598  1790  5  3  0  346  232  1235  33  59  1290  119  3517  0  20  0  2774  26  10  0  0  0  0  652  32123  15405  0  0  0  0  0  0  0  0  0  0  0  0  0  0  0  0  0  0  0  0  0  0  0  0  0  0  0  0  0  0  0  0  0  0  0  0  0  0  0  0  0  0  0  0  0  0  0  0  0  0  0  0  0  0  0  0  0  0  0  0  0  0  0  0  0  0  0  0  0  0  0  0  0  0  2042  977  26568  11160  115021  2107  0  0  0  2  0  0  
213  0  0  39028  29  560  107  67  0  0  0  52616  1  21095  4654  113  20987  47966  0  0  0  0  0  186  1  9048  1  2281  1  0  6  0  281  247  1  16  0  0  12726  22797  36799  0  0  2  10734  11  15765  8145  0  0  0  33279  1918  63066  0  168  0  0  0  0  0  195  47  5047  80  20  6600  22686  73  64  2  0  2  19  0  0  0  0  0  0  0  0  1  0  0  0  0  0  0  0  0  0  0  0  0  0  0  0  0  0  0  0  0  0  0  0  0  0  0  0  0  0  0  0  0  0  0  0  0  0  0  0  0  0  0  0  0  0  0  0  0  0  0  0  0  0  0  0  1  1  0  0  0  0  1  0  0  0  2  5264  0  2314  91483  0  0  2  0  11  0  0  
0  9  0  0  0  0  0  0  0  1  0  0  0  0  0  0  0  15  0  0  22837  0  27653  1  0  0  0  0  0  0  0  0  0  1333  6318  0  35296  2015  0  0  9  0  6964  1  0  0  2  6484  0  0  0  0  0  0  0  0  0  0  14  4820  23314  0  0  0  0  0  0  0  0  0  0  8080  3862  29  0  0  0  0  0  0  0  0  0  0  0  0  0  0  0  0  0  0  0  0  1  0  5  0  0  0  0  0  0  0  0  0  0  0  0  0  0  0  0  0  0  0  0  0  0  0  0  0  0  0  0  0  0  0  0  0  0  0  0  0  1  0  0  0  0  0  0  0  0  0  0  0  0  0  15183  0  44011  1  0  0  0  0  1  0  0  0  
0  31149  0  0  0  0  0  0  0  0  2  0  0  0  0  0  0  0  318  33  14459  35141  0  0  28  20  0  0  0  0  0  0  6  0  0  8  0  0  0  0  180  4247  0  3831  0  0  0  39  0  0  0  0  0  0  0  29  13272  173  5500  12  33542  0  0  0  6  0  1  0  0  0  0  190  1297  9  0  0  0  0  0  0  0  0  0  0  0  0  0  0  0  0  0  0  0  0  1  11  0  0  0  0  0  0  0  0  0  0  0  0  0  0  1  0  0  0  0  0  0  0  0  0  0  0  0  2  0  0  0  0  0  0  0  0  0  0  1  0  0  0  0  0  0  0  0  0  0  0  0  0  0  1  1  2  0  0  0  0  0  0  0  0  
4068  0  0  237  54  9508  803  1406  24  0  0  89573  0  50922  190123  437  1  1  0  0  0  0  0  400  0  55  0  22  9022  3  5  0  0  0  0  0  0  0  2017  13118  219  0  0  2  2202  203  28  1  15544  0  0  0  20055  93143  0  57  0  0  0  0  0  16251  2  2344  111  343  27  40204  2064  65  65  0  1  0  0  0  0  0  0  0  0  4  2  0  0  0  0  0  0  0  0  0  0  0  0  0  0  0  0  0  0  0  0  0  0  0  0  0  0  0  0  0  0  0  18  0  0  0  5  0  0  0  0  0  0  28  2  0  1  0  0  0  0  0  0  0  0  0  5  27  0  2  0  0  4  0  2  0  0  5002  0  93  4648  1  0  16  0  27  1  0  
24213  0  0  0  30603  44286  144  7  0  0  0  62  0  7  110268  31922  0  1  0  0  0  0  0  70  0  0  0  0  0  0  8  0  0  0  0  0  0  0  4  3  2  0  0  0  2  2  2  0  1389  0  0  40642  0  85584  0  0  0  0  0  0  0  29  0  344  0  110  0  2  7  1  0  0  0  0  1  0  0  0  0  3  0  0  0  0  0  0  0  0  0  0  0  0  0  0  0  0  0  3  0  0  0  0  0  0  0  0  0  0  0  0  0  0  0  0  0  0  0  0  0  0  0  0  0  0  0  0  3  0  0  0  0  0  0  0  0  0  0  2  0  1  0  0  0  0  0  0  0  0  0  25  0  1  985  0  0  2  0  0  0  0  
530  0  0  89  15132  36036  54175  48661  105  11  0  2411  0  22  182743  232280  23  0  0  0  0  0  0  50  2  105  13  127  2248  11  4  0  0  0  0  0  0  0  6  17  784  0  0  1  1546  1431  1  34  6581  0  0  49430  103113  0  0  257  0  2  0  0  0  54  0  792  262  740  149  31559  59217  17  181  0  6  0  1  0  0  14  0  2  0  2  5  0  0  0  0  0  1  1  0  0  0  0  0  0  0  0  2  4  0  1  0  1  0  0  0  0  0  0  0  0  0  0  115  0  0  0  9  0  0  1  5  0  0  139  0  1  0  17  0  0  0  0  0  0  0  1  19  13  4  9  0  0  18  0  3  0  0  10779  0  556  16921  0  0  78  0  235  1  0  
0  0  0  0  0  0  0  0  0  0  0  0  0  0  0  0  0  0  1  0  4  0  0  0  4316  14035  0  0  0  0  0  0  2  2851  0  1888  0  4  0  0  4297  0  0  13  1  6  0  27  1  0  1  0  0  1  0  225  0  1  5  2  120  0  0  0  16  0  23  0  2  0  0  0  26148  4  0  0  0  0  0  0  0  0  0  0  0  0  0  0  0  0  0  0  0  0  0  0  0  0  0  0  0  0  0  0  0  0  0  0  0  0  0  0  0  0  0  0  0  0  0  0  0  0  0  0  0  0  0  0  0  0  0  0  0  0  0  0  0  0  0  0  0  0  0  0  0  0  0  0  0  11  40  44  0  0  0  1  0  5  0  0  
0  0  0  0  0  1  8  63  1556  234  17  0  0  0  8  1  0  0  1643  559  0  3  0  0  107549  30020  117538  0  3  597  0  0  236  0  33  297  0  0  0  0  7741  1  0  4389  262  28244  0  1921  0  0  3  19  0  167  204  0  1018  28690  93  0  206  0  0  2  64473  3082  49888  4  4403  0  19161  0  20100  5  0  0  0  11  0  0  0  1  116  16  0  0  0  0  4  0  0  0  0  0  0  0  0  0  23  2  0  0  0  14  0  0  0  1  4  0  0  0  0  0  131  0  0  1  6  3  0  4  3  0  0  154  0  1  0  77  0  0  0  0  0  0  0  0  302  47  2  9  3  0  241  0  26  0  0  2152  63  9248  51  0  0  526  4  3599  0  0  
0  5212  0  0  0  0  0  0  0  0  2  0  0  0  0  0  0  0  36609  17  5  245  0  0  117  19  0  0  0  0  0  0  20  0  0  12  0  0  0  0  364  84  0  20214  0  0  0  73  0  0  20365  0  0  0  3  1379  0  17308  6537  0  2379  0  0  0  660  0  0  0  0  0  0  3  13805  10  0  0  0  0  0  0  0  0  0  0  0  0  0  0  0  0  0  0  0  0  0  0  0  0  0  0  0  0  0  0  0  0  0  0  0  0  0  0  0  0  0  0  0  0  0  0  0  0  0  0  0  0  0  0  0  0  0  0  0  0  0  0  0  0  0  0  0  0  0  0  0  0  0  0  0  0  2  7  1  0  0  0  0  0  0  0  
0  0  0  0  0  0  0  0  0  0  66  0  0  0  0  0  0  0  20513  14690  0  398  0  0  2372  2  1069  0  0  1  0  0  54  0  4  0  0  0  0  0  81  0  0  20269  0  0  0  205  0  0  610  0  0  0  0  29813  22593  0  2  0  843  0  0  0  12024  0  0  0  1  0  0  0  1085  0  0  0  0  0  0  0  0  0  0  0  0  0  0  0  0  0  0  0  0  0  0  0  0  0  0  0  0  0  0  0  0  0  0  0  0  0  0  0  0  0  0  0  0  0  0  0  0  0  0  0  0  0  0  0  0  0  0  0  0  0  0  0  0  0  0  0  0  0  0  0  0  0  0  0  0  1  1  0  3  0  0  0  0  0  0  0  
0  15726  0  0  0  0  0  0  0  0  0  0  0  0  0  0  0  0  11161  0  2495  17  1  0  209  69  0  0  0  0  0  0  216  0  57  56  0  28260  0  0  3164  4  0  663  0  0  0  5730  0  5  4818  0  0  0  285  82  9708  0  0  198  23846  0  0  0  4  0  4  0  0  0  0  28713  40987  965  0  0  0  0  0  0  0  0  0  0  0  0  0  0  0  0  0  0  0  0  0  0  0  0  0  0  0  0  0  0  0  0  0  0  0  0  0  0  0  0  0  0  0  0  0  0  0  0  0  0  0  0  0  0  0  0  0  0  0  0  0  0  0  0  0  0  0  0  0  0  0  0  0  0  1  2  5250  8  8  0  0  0  0  0  0  0  
0  3829  0  0  0  0  0  0  0  0  0  0  0  0  0  0  0  0  0  0  46157  1  4  0  0  0  0  0  0  0  0  0  3  0  0  0  37636  4385  0  0  90  0  0  1  0  0  0  68  0  5167  549  0  0  0  5  0  0  0  159  0  6417  0  0  0  0  0  0  0  0  0  0  36652  569  33  0  0  0  0  0  0  0  0  0  0  0  0  0  0  0  0  0  0  0  0  0  0  0  0  0  0  0  0  0  0  0  0  0  0  0  0  0  0  0  0  0  0  0  0  0  0  0  0  0  0  0  0  0  0  0  0  0  0  0  0  0  0  0  0  0  0  0  0  0  0  0  0  0  0  0  0  544  0  0  0  0  0  0  0  0  0  
0  93  0  0  0  0  0  0  0  69  0  0  0  0  0  0  0  0  61  49  76461  94285  48539  0  119  162  0  0  0  0  0  0  997  0  36  102  133  1373  0  0  17114  46  0  39814  0  0  0  7598  0  13590  34734  0  0  0  354  61  3285  104  8541  2884  0  0  0  0  11  1  9  0  0  0  0  1642  8883  714  0  0  0  0  0  0  0  0  0  0  0  0  0  0  0  0  0  0  0  0  108  502  117  0  0  0  0  0  0  0  0  0  0  0  0  0  8  0  0  0  0  0  0  29  0  0  0  0  0  26  0  0  0  0  0  0  0  0  0  0  120  0  0  0  0  0  0  0  0  0  0  0  0  0  5  0  59677  36  9  5  0  0  6  1  1  0  
19699  0  0  0  2  281  13  0  0  0  0  0  10756  15562  18653  4  0  1  0  0  0  0  0  28648  0  0  0  0  0  0  15  0  0  0  0  0  0  0  11504  2  0  0  0  0  0  0  35  0  23  0  0  10336  181  479  0  0  0  0  0  0  0  0  0  14749  0  34  0  0  0  55  0  0  0  0  0  0  0  0  0  0  0  0  0  0  0  0  0  0  0  0  0  0  0  0  0  0  0  0  0  0  0  0  0  0  0  0  0  0  0  0  0  0  0  0  0  0  0  0  0  0  0  0  0  0  0  0  0  0  0  0  0  0  0  0  0  0  0  0  0  1  0  0  0  0  0  0  0  0  0  13  0  1  64  0  0  0  0  0  0  0  
1  0  0  0  0  3  0  0  0  0  0  0  0  1  0  0  125  5295  0  0  0  0  9  62251  0  0  0  0  0  0  32644  17047  0  0  10  0  0  0  2  0  0  0  0  0  0  0  9090  5  89  0  0  2  1  0  0  0  0  0  0  0  0  0  0  6014  0  0  0  0  0  9403  0  0  0  0  0  0  0  0  0  0  0  0  0  0  0  0  0  0  0  0  0  0  0  0  0  0  1  1  0  0  0  0  0  0  0  19  0  0  0  0  0  0  0  0  0  0  0  0  0  0  0  0  0  0  0  0  0  0  0  0  0  0  0  0  0  0  0  0  0  0  0  0  0  0  0  0  0  0  2807  0  0  3  15625  112  19  1  2  80  0  0  
18925  0  0  0  290  4349  42  0  0  0  0  4  116  44  2185  210  2  36  0  0  0  0  2  150131  0  0  0  0  0  0  1188  4  0  0  2  0  0  0  4672  1  0  0  14  0  0  0  25537  0  896  0  0  1238  691  2426  0  1  0  0  0  0  0  9200  4181  0  1  515  0  0  2  9309  0  0  0  0  3  0  0  0  0  21  0  0  0  0  0  0  0  0  2  0  0  0  0  0  0  0  0  21  0  0  0  0  0  0  0  1  0  0  0  0  0  0  0  0  0  0  0  0  0  0  0  0  0  0  0  0  10  0  0  0  0  0  0  0  0  1  0  5  0  17  0  0  0  0  0  0  0  0  17  26  0  1  4494  0  2  16  1  0  0  0  
0  0  0  0  0  0  1  5  574  2810  68857  0  0  0  0  0  0  3  43  19586  0  5951  0  0  290  23  39391  0  0  95887  0  0  139  0  288  13  0  1  0  0  789  0  0  77871  20  917  0  11803  0  3  1  0  0  17  0  50575  1032  12665  1  0  3  0  0  0  0  3041  246  0  101  0  6109  0  581  15  0  0  0  3  0  0  0  0  41  16  1241  0  0  0  1  0  0  0  0  0  0  3483  0  0  1  0  0  0  0  5387  0  0  0  1  0  0  0  0  0  0  27  0  0  70  0  0  0  1  0  0  0  27  0  0  0  7  0  0  0  0  0  0  0  0  67  14  0  0  0  0  71  0  1  0  4  197  156  3945  134  0  0  19  0  392  0  0  
6166  0  1  15  16  58531  44214  59356  47207  71240  0  2  0  0  1560  2957  0  0  0  0  0  28  2  313  31  59  30  11  19  1147  42  11361  1  0  3  5  0  0  1  0  781  0  0  9248  170  7870  1  217  24  0  0  4604  1082  4635  0  3146  0  2  0  0  0  9  1  484  5601  0  307  176  461  733  5490  0  33  0  362  0  0  1472  4  3735  13187  1276  430  59  0  3  0  8  135  117  0  2  0  0  2  210  5  833  42  312  3  5  1  13  13  118  0  3  4  1  1  0  0  1  5788  0  0  6  716  92  0  7  100  0  0  6522  503  61  9  274  0  1  0  0  6  4  1  280  275  49815  515  710  40  19  760  0  90  0  0  3432  16  9550  1629  252  0  1005  8  238  29  0  
0  0  11310  10682  0  0  82  1178  715  141  0  0  0  0  19  142  0  0  0  0  0  0  0  0  183  152031  76007  93660  827  637  0  0  1  0  0  1120  0  0  0  0  4710  0  0  53  196755  12391  0  4  1638  0  1  252  3  506  17  44573  1  1  0  0  4  0  0  1  2126  975  0  112  23855  0  764  0  562  0  0  0  0  9  0  0  0  1  170  32  0  0  0  0  2  0  0  0  0  0  0  0  0  0  47  1  0  1  0  14  0  0  0  4  4  0  0  0  0  0  227  0  0  3  10  4  0  9  5  0  0  238  2  1  0  176  0  1  0  0  1  0  0  0  509  72  2  1  3  0  346  0  56  0  0  17823  10  6082  1  0  0  1276  1  6245  1  0  
1  0  0  34766  1  8  290  1670  70  4  0  53009  0  66  29307  7  1  0  0  0  0  0  0  0  0  22  11  20  104434  8  1  0  0  1  0  0  0  0  1  1826  46  0  0  5  52595  894  0  2  16550  0  0  42038  79  36444  0  55  0  0  0  0  0  1  0  72  59  168  195  0  3565  1  234  0  0  0  0  0  0  2  0  0  0  0  13  2  0  0  0  0  0  0  0  0  0  0  0  0  0  0  2  1  0  0  0  1  0  0  0  0  0  0  0  0  0  0  16  0  0  0  7  2  0  0  0  0  0  37  0  0  0  11  0  0  0  0  0  0  0  0  23  10  2  1  0  0  28  0  1  0  0  4196  1  54  192  0  0  89  0  197  1  0  
2  0  111  5  0  2  238  22872  435  32  0  1  0  0  27116  35243  0  0  0  0  0  0  0  0  3  31  326  1081  129107  42  0  0  0  0  0  2  0  0  0  1  111  0  0  9  71399  7980  0  0  36  0  0  788  29  77793  0  763  0  1  0  0  0  0  0  35  451  2280  9851  398  0  0  248  0  6  0  0  0  0  5  0  0  0  0  34  5  0  0  0  0  2  0  0  0  0  0  0  0  0  0  9  1  0  0  0  4  0  0  0  1  0  0  0  0  0  0  59  0  0  0  6  4  0  1  1  0  0  48  0  0  0  29  0  0  0  0  1  0  0  0  101  41  2  3  1  0  59  0  7  0  0  1296  0  1139  109  0  0  163  1  819  0  0  
2848  0  0  0  1862  72191  10  0  0  0  0  0  0  0  76  5063  0  4  0  0  0  0  0  14204  0  0  0  0  0  0  76144  9144  0  0  0  0  0  0  1  0  2  0  0  0  0  0  194  0  25  0  0  35  24  123  0  0  0  0  0  0  0  6  9114  16027  0  1173  0  0  0  0  0  0  0  0  49  0  0  0  9  996  0  0  0  0  0  0  0  0  3  559  0  0  0  0  0  0  0  80  0  0  0  0  0  0  3806  5  0  0  0  0  0  0  0  0  0  0  0  0  0  0  0  0  0  0  0  1  10  1  0  0  0  0  0  0  0  1  0  4  0  29  0  0  0  130  0  0  0  0  33  17  0  5  7337  2  2  12  1  60  0  0  
0  0  520  0  0  0  57  946  55605  5155  394  0  0  0  4  2  0  0  0  0  0  10  0  0  1  33  8880  0  3  98804  0  0  0  0  0  1  0  0  0  0  285  0  0  46  83  58549  0  0  4  0  0  45  1  158  1  15019  0  0  0  0  0  1  0  0  14187  10509  430  15  265  0  0  0  3  0  0  0  0  100  0  0  0  61  8816  33  130  0  0  0  5  1  0  0  0  0  0  46  0  0  7  19  0  1  0  490  0  0  0  0  0  0  0  0  0  0  454  0  0  69  51  122  0  1  10  0  0  499  1  2  0  25  0  0  0  0  0  0  0  0  44  2154  39  51  2  0  2428  0  9  0  0  3209  0  944  1  0  0  32  1  195  2  0  
0  22719  0  0  0  0  0  0  0  0  0  0  0  0  0  0  0  0  1  0  5446  0  11  0  0  0  0  0  0  0  0  0  3  86  1507  1  47039  82689  0  0  137  0  2109  0  0  0  0  1702  0  22401  1570  0  0  0  8  0  1  0  38520  44114  5658  0  0  0  0  0  0  0  0  0  0  0  4098  22  0  0  0  0  0  0  0  0  0  0  0  0  0  0  0  0  0  0  0  0  0  0  0  0  0  0  0  0  0  0  0  0  0  0  0  0  0  0  0  0  0  0  0  0  0  0  0  0  0  0  0  0  0  0  0  0  0  0  0  0  0  0  0  0  0  0  0  0  0  0  0  0  0  0  14  0  2636  0  1  0  0  0  0  0  0  0  
0  3  0  0  0  0  0  1  4  13  0  0  0  0  0  0  0  2  17582  0  756  120  174  0  57366  6514  0  0  0  3  0  0  4361  104552  25686  26757  8  74926  0  0  33640  39  5376  9667  13  6  0  52626  0  9958  579  0  0  15  37704  20557  13727  175  38083  476  15541  0  0  0  642  30  250  0  24  0  3  2431  0  53783  0  0  0  0  0  0  0  0  0  0  0  0  0  0  0  0  0  0  0  0  0  0  0  0  0  0  0  0  0  0  0  0  0  0  0  0  0  0  0  0  1  0  0  0  0  0  0  0  0  0  0  0  0  0  0  0  0  0  0  0  0  0  0  0  1  0  0  0  0  0  0  0  0  0  337  44  8269  818  16  0  0  1  0  19  0  0  
0  0  0  127  0  0  0  0  0  53  3  3  0  0  0  0  41  0  1  2  146  1  10  0  86  56  0  0  0  0  0  0  40420  26177  277  33859  0  1320  0  0  13061  0  0  873  0  0  0  25620  17  28  0  0  0  0  250  120  8  15  1085  72  1529  0  0  0  715  26  3  0  0  0  0  346  48876  0  0  0  0  0  0  0  0  0  0  0  0  0  0  0  0  0  0  0  0  0  0  0  0  0  0  0  0  0  0  0  0  0  0  0  0  0  0  0  0  0  0  0  0  0  0  0  0  0  0  0  0  0  0  0  0  0  0  0  0  0  0  0  0  0  0  0  0  0  0  0  0  0  0  0  28  1  3123  78  2  0  0  0  0  0  0  0  
7  0  0  0  8  324  3  0  0  0  0  0  0  0  25  186  0  0  0  0  0  0  0  2  0  0  0  0  0  0  95  0  0  0  0  0  0  0  0  0  0  0  0  0  0  0  0  0  0  0  0  16  7  33  0  0  0  0  0  0  0  0  0  2  0  69  0  0  0  53  0  0  0  0  0  0  0  0  51315  33625  21  11  0  0  0  0  0  1  10532  18004  0  0  0  0  0  0  0  70651  0  0  0  0  0  0  6321  0  0  0  0  0  0  0  0  0  0  0  0  0  0  0  0  0  0  0  0  32  43713  401  0  0  0  0  0  0  0  84  0  1569  0  18623  0  0  0  4379  0  0  0  0  0  1  0  0  3  0  0  1327  0  0  1  0  
0  0  0  0  0  0  0  0  0  0  0  0  0  0  0  0  0  0  0  0  0  0  0  0  0  0  0  0  0  0  0  0  0  0  0  0  0  0  0  0  0  0  0  0  0  0  0  0  0  0  0  0  0  0  0  0  0  0  0  0  0  0  0  0  0  1  0  0  0  0  0  0  0  0  0  0  0  0  0  0  0  0  0  0  51  0  0  0  0  0  0  0  11998  55  46901  13  0  0  0  0  0  0  0  0  0  0  0  1  7  2  14051  4913  0  0  104  6106  0  819  0  0  0  9  0  18  24010  0  0  0  0  23  12354  338  17302  36396  15196  0  0  0  45  0  0  0  0  0  0  9169  8763  8  0  0  0  0  0  0  0  0  0  1  0  0  
0  0  6776  0  0  0  0  0  1  0  0  0  0  0  0  0  0  0  0  0  0  0  0  0  0  0  0  0  0  29  0  0  0  0  0  0  0  0  0  0  0  0  0  0  0  2  0  0  0  0  0  0  0  0  0  0  0  0  0  0  0  0  0  0  0  0  0  0  0  0  0  0  0  0  0  0  0  8  0  0  0  4172  1  0  0  0  0  2  40  62581  0  0  0  0  0  0  0  0  0  11  771  1470  16978  1666  0  0  0  0  0  0  0  0  0  0  72  0  0  0  47724  27126  0  0  1  0  0  693  0  115  2  6  0  0  0  0  0  0  0  0  6  2  3238  233  30126  0  187  0  9  0  0  8  0  0  0  0  0  6  0  12  0  0  
0  0  0  0  0  0  0  87  10  10  0  0  0  0  11  0  0  0  0  0  0  0  0  0  0  11  0  0  0  11  0  0  0  0  0  0  0  0  0  0  166  0  0  5  3  1  0  0  2  0  0  92  1  14  0  24  0  0  0  0  0  0  0  0  64  268  30  0  8  0  6  0  0  0  0  0  1  0  0  1  5  190  118  3  0  26829  0  56  52  2  2670  223  0  0  0  0  0  0  286  61651  1  17296  34816  15  0  0  572  1113  76  581  0  0  0  4  73303  0  0  0  33327  1361  0  89  18135  1  0  10167  17  6  401  164  0  0  0  0  0  0  0  3  53  596  9890  25105  119  0  985  0  1151  194  0  2288  0  1  1  0  0  2224  0  357  55  0  
1  0  0  0  19  692  0  0  0  0  0  0  0  0  1  3247  0  0  0  0  0  0  0  0  0  0  0  0  0  0  18  0  0  0  0  0  0  0  0  0  0  0  0  0  0  0  0  0  0  0  0  0  0  0  0  0  0  0  0  0  0  0  0  0  0  0  0  0  0  5  0  0  0  0  88293  0  0  0  0  14419  3  0  0  0  0  0  0  0  18  75706  0  0  0  0  0  0  0  587  0  0  0  0  0  0  1  0  0  0  0  0  0  0  0  0  0  0  0  0  0  0  0  0  0  0  0  0  83929  1970  0  0  0  0  0  0  0  0  0  85  0  109  0  0  0  0  0  0  0  0  0  0  0  0  0  0  0  11  0  0  0  0  
59  0  1  0  1  72210  9221  159  0  0  0  0  0  0  136  4402  0  0  0  0  0  0  0  43  0  0  0  0  0  0  40  2194  0  0  0  0  0  0  0  0  0  0  0  0  0  0  0  0  0  0  0  70  46  242  0  0  0  0  0  0  0  1  0  64  0  10368  0  0  0  2004  0  0  0  0  28976  0  0  0  11299  0  27498  380  0  0  0  0  0  1  2458  131492  0  0  0  0  0  0  0  7091  0  0  0  0  0  0  376  8765  0  0  0  0  0  0  2  0  0  0  0  0  0  0  5  0  27  0  0  3708  57711  8119  0  0  0  0  0  0  0  31  2156  12782  0  63203  0  0  1  13674  0  0  0  0  0  14  0  30  34  20  0  10276  0  23  11  2  
0  0  87  0  0  2549  53650  2887  0  0  0  0  0  0  1  1771  0  0  0  0  0  0  0  0  0  0  0  0  0  0  0  0  0  0  0  0  0  0  0  0  1  0  0  0  0  0  0  0  0  0  0  22  0  4  0  2  0  0  0  0  0  0  0  0  0  13927  0  2  0  0  0  0  0  0  26  0  32  0  32  36271  0  46804  0  0  0  5  0  8  5680  58645  0  0  0  0  0  0  0  16  0  1  0  0  1  0  0  0  0  0  0  0  0  0  0  0  20  0  0  0  3  1  0  1  84  0  0  10607  6799  61001  0  0  0  0  0  0  0  3  0  2  0  25333  0  37  1127  0  0  0  0  0  0  19  0  0  1  0  0  420  0  10  11  0  
0  0  21698  0  0  1  82  23010  301  0  0  0  0  0  47  8652  0  0  0  0  0  0  0  0  0  0  0  0  0  1053  0  0  0  0  0  0  0  0  1  0  4  0  0  0  2  3188  0  0  2  0  0  523  4  58  0  0  0  0  0  0  0  0  0  0  1  1502  0  13  9  0  35  0  0  0  2  0  12180  587  0  102  50015  0  17617  0  0  2  0  6  124  87552  0  1  0  0  0  0  0  2  5  309  0  3  14  94  0  0  0  0  1  0  0  0  0  0  503  0  0  0  994  41162  0  3  95  0  0  6641  95  34635  3  19  0  0  0  0  0  3  0  3  17  42910  437  1078  12600  0  1606  0  21  0  0  189  0  0  5  0  0  510  0  46  32  0  
0  0  15204  0  0  0  0  741  7012  20  30  0  0  0  0  460  0  0  0  0  0  3  0  0  0  17  1  0  0  11421  0  0  0  0  0  0  0  0  0  0  100  0  0  2  6  5578  0  0  0  0  0  1  0  2  0  63  0  0  0  0  0  0  0  1  62  735  37  0  7  0  10647  0  0  0  0  1  4  361  0  0  0  16587  0  12042  14  0  0  5  2  51  0  0  0  0  0  29  0  0  37  183  2  0  0  12140  0  0  3  26  14  0  0  0  0  0  2414  0  0  127  246  28129  0  66  7  0  1  388  1  0  3  324  0  2  0  1  4  0  0  0  2287  50666  156  49  67  0  49090  0  137  0  0  118  0  0  0  0  0  10  86  1505  0  0  
0  0  0  0  0  0  0  0  34  9  56  0  0  0  0  0  0  0  0  0  0  3  0  0  0  3  0  0  0  1827  0  0  0  0  0  0  0  0  0  0  5  0  0  8  0  1  0  0  0  0  0  0  0  0  0  9  0  0  0  0  0  0  0  0  33  22  2  0  3  0  267  0  0  0  0  0  0  0  0  0  0  0  11250  0  4  0  0  0  0  0  0  0  0  0  0  2031  1896  0  5  0  0  0  0  12354  0  0  2  235  129  1  0  0  0  0  137  0  0  22000  1  0  0  312  0  1  0  1  0  0  0  27  0  0  0  0  6  0  0  0  3826  26059  0  0  0  0  157  0  367  0  0  4  0  0  0  0  1  0  25835  8550  8  2  
0  0  0  0  0  0  0  0  0  0  8187  0  0  0  0  0  0  0  0  0  0  5688  0  0  0  0  0  0  0  2385  0  0  0  0  0  0  0  0  0  0  1  0  0  442  0  0  0  0  0  0  0  0  0  0  0  0  0  0  0  0  0  0  0  0  1020  0  0  0  0  0  25  0  0  0  0  75  0  0  0  0  0  0  28  3  0  0  0  0  0  0  0  0  6  28370  1  9188  0  0  1  0  4  0  0  13982  0  0  0  9  8  1  0  0  0  0  261  10439  0  79701  0  0  0  53  0  0  125  0  0  0  1  350  98  8601  5  2  646  0  0  0  96979  0  0  0  0  0  43  0  102  17  0  3  0  0  0  0  0  0  0  0  0  0  
0  0  0  0  0  0  0  0  0  0  0  0  0  0  0  0  0  0  0  0  0  0  0  0  0  1  1  0  0  0  0  0  0  0  0  0  0  0  0  0  0  0  0  0  0  0  0  0  0  0  0  0  0  1  0  4  0  0  0  0  0  0  0  0  0  0  1  0  0  0  0  0  0  0  0  0  0  25663  0  2  4  1  0  0  0  0  312  11186  1421  0  12999  10268  0  0  0  0  16  138  0  0  0  0  587  0  0  0  527  222  218  8  0  0  203  20640  9598  0  0  0  9  1  160  2031  51073  0  0  12822  3774  52  0  0  0  0  0  0  0  17  0  25  0  2  0  49727  3  0  1  0  0  4  0  3  0  0  0  0  126  67  0  42  5  0  
0  0  0  0  0  0  0  0  0  0  0  0  0  0  0  0  0  0  0  0  0  0  0  0  0  0  0  0  0  0  0  0  0  0  0  0  0  0  0  0  0  0  0  0  0  0  0  0  0  0  0  0  0  0  0  0  0  0  0  0  0  0  0  0  0  0  0  0  0  0  0  0  0  0  0  0  0  0  0  0  0  0  0  0  0  92  0  9967  7  0  334  12243  0  0  0  0  93  20084  0  0  0  0  0  0  2  1  7  7  394  0  0  0  18745  11  35  0  4  0  0  0  29546  91  1435  0  0  1  45  0  0  0  0  0  0  0  0  14415  3  54  0  0  0  1  0  0  0  0  0  0  0  0  0  0  0  0  230  1  0  0  6  0  
1  0  0  0  0  0  0  1  0  0  0  0  0  0  0  0  0  0  0  0  0  0  0  0  0  0  0  0  0  0  0  0  0  0  0  0  0  0  0  0  0  0  0  0  0  0  0  0  0  0  0  0  1  0  0  0  0  0  0  0  0  0  0  0  0  1  0  0  0  0  0  0  0  0  1  0  0  20  0  14  26  7  0  0  0  11725  7622  0  9047  0  12  429  0  0  0  0  1  610  0  0  0  0  121  5  0  0  0  0  1  0  0  0  59973  28118  29  0  0  0  69  6  110  3  3061  0  0  82566  5826  83  0  9  0  0  0  0  0  10067  2  125  2  2  0  673  18  0  11  0  0  0  0  1  0  0  0  0  0  170  0  12  13  0  
2  0  0  0  0  10  0  0  0  0  0  0  0  0  12  0  0  0  0  0  0  0  0  0  0  0  0  0  0  0  0  0  0  0  0  0  0  0  0  0  0  0  0  0  0  0  0  0  0  0  0  3  2  20  0  0  0  0  0  0  0  0  0  0  0  16  0  0  0  0  0  0  0  0  11859  0  0  6  5  1951  15244  555  0  0  0  275  1  3889  0  960  0  25  0  0  0  0  0  33569  0  2  0  1  2550  6  0  0  0  0  0  0  0  0  20  23  120  0  0  0  15  16  31  26  2470  0  0  156149  209554  97702  1  3  0  0  0  0  0  19290  1  137  0  1731  3  26750  55204  0  21  0  0  0  0  0  0  0  1  0  0  2280  0  276  267  0  
7  0  17818  0  2  21200  2859  315  1  0  0  0  0  0  0  61298  0  0  0  0  0  0  0  1  0  0  0  0  1  160  883  290  0  0  0  0  0  0  0  0  0  0  0  0  0  13  0  0  0  0  0  0  3  0  0  0  0  0  0  0  0  0  1  1  0  558  0  0  0  2052  0  0  0  0  19374  0  70715  3  64456  150025  48928  76044  31  0  0  2  0  3  1839  0  0  0  0  0  0  0  0  620  0  0  0  0  5098  178  9239  372  0  0  0  0  0  0  3  0  8  0  0  0  189  12275  1  0  38  0  0  2242  32042  231399  0  1  0  0  0  0  0  2  2148  1404  1  77  2  60  69931  43983  128  0  0  0  0  0  0  2  0  0  0  131  1  37  1  0  
0  0  0  0  0  0  0  0  0  0  0  0  0  0  0  0  0  0  0  0  0  0  0  0  0  0  0  0  0  0  0  0  0  0  0  0  0  0  0  0  0  0  0  0  0  0  0  0  0  0  0  0  0  0  0  0  0  0  0  0  0  0  0  0  0  0  0  0  0  0  0  0  0  0  0  0  0  2781  0  0  0  0  0  0  0  1604  1337  3  6  0  0  73104  0  0  0  0  9086  1434  0  0  0  0  0  0  1  1  1963  2468  10551  5  4  2  3  1  34239  0  157  0  0  0  194  60108  12049  223  0  135  10  0  0  1  0  0  0  0  0  0  6  10  0  0  0  0  1  0  0  11  31  1  0  0  0  0  0  0  4376  6  4255  486  36787  5  
0  0  0  0  0  0  0  0  0  0  0  0  0  0  0  0  0  0  0  0  0  0  0  0  0  0  0  0  0  0  0  0  0  0  0  0  0  0  0  0  0  0  0  0  0  0  0  0  0  0  0  0  0  0  0  0  0  0  0  0  0  0  0  0  0  0  0  0  0  0  0  0  0  0  0  0  0  193  0  3  0  0  0  0  0  3707  9683  205  15  0  57438  0  0  0  0  0  28074  21378  0  0  0  0  0  0  1  2  259  221  1248  0  0  0  2847  402  6234  0  5  0  0  0  49206  11145  70423  0  0  216  208  1  0  0  0  0  0  0  0  10  33  120  0  1  0  4  0  1  0  0  3  1  0  0  0  1  0  0  4360  466  498  1260  43680  42  
0  0  0  0  0  0  0  0  0  0  0  0  0  0  0  0  0  0  0  0  0  0  0  0  0  0  0  0  0  0  0  0  0  0  0  0  0  0  0  0  0  0  0  0  0  0  0  0  0  0  0  0  0  0  0  0  0  0  0  0  0  0  0  0  0  0  0  0  0  0  0  0  0  0  0  14990  0  0  0  0  0  0  0  0  4  0  0  0  0  0  0  0  0  222  22  1  0  0  602  1  0  0  0  0  0  0  0  4  2  0  2  0  0  0  129  3742  0  147  0  1  0  8  0  0  287  0  0  0  1  3408  39094  30582  17525  1  131  0  0  0  12  0  0  0  0  0  0  0  29881  4  0  0  0  0  0  0  0  0  0  1  0  0  
0  0  0  0  0  0  0  0  0  0  0  0  0  0  0  0  0  0  0  0  0  0  0  0  0  0  0  0  0  0  0  0  0  0  0  0  0  0  0  0  0  0  0  0  0  0  0  0  0  0  0  0  0  0  0  0  0  0  0  0  0  0  0  0  0  0  0  0  0  0  0  0  0  0  0  117  0  0  0  0  0  0  0  0  34340  0  0  0  0  0  0  0  52  0  6  4  0  0  458  0  7675  0  0  8  0  0  0  6  5  0  0  0  0  0  157  8300  0  1878  0  0  0  32  0  1  63  0  0  0  1  50372  268  43537  11  0  258  0  0  0  21726  0  0  0  0  0  2  0  66  14  0  0  0  0  0  0  0  0  1  0  0  0  
0  0  0  0  0  0  0  0  0  41  0  0  0  0  0  0  0  0  0  0  66  882  278  0  0  1  0  0  0  1  0  0  0  0  0  0  3  0  0  0  1  0  0  87  0  0  0  2  0  0  0  0  0  0  0  0  0  0  0  0  448  0  0  0  1  0  0  0  0  0  0  0  1  0  0  44239  0  0  0  0  0  0  0  0  2  0  0  0  0  0  0  0  81  3  0  14679  5116  0  0  0  0  0  0  0  0  0  0  23  19  0  12394  44  0  0  25  15147  0  176  0  0  0  13  0  45700  24366  0  0  0  0  3  744  62  25  48453  113443  0  0  0  3  1  0  0  0  0  0  246  449  3  1  0  122  29  0  1  0  0  3764  2  0  1  
0  0  0  0  0  0  0  1  6  105  4712  0  0  0  0  0  0  0  0  0  24  12503  189  0  0  0  0  0  0  1813  0  0  0  0  0  0  1  0  0  0  1  2  0  975  0  0  0  0  0  0  0  0  0  0  0  0  0  0  0  0  284  0  0  0  1690  8  0  0  0  0  39  0  0  0  0  43  0  0  0  0  0  0  15  2120  10290  0  0  0  0  0  0  0  0  18  15801  0  10349  0  2  0  0  0  0  5291  0  0  0  27  17  0  44  2  0  0  114  24541  0  162136  0  0  0  45  0  351  39565  0  0  0  0  53  7  122  4  8  98237  0  0  0  2054  110  0  0  0  0  5  1  332  2  0  3  65  12  0  0  2  0  6472  46  16  22  
0  0  0  0  0  0  0  0  0  258  0  0  0  0  0  0  0  0  0  0  36  23  189  0  1  1  0  0  0  5  0  1  1  0  0  1  0  0  0  0  9  0  0  266  0  0  0  11  0  0  0  0  0  0  0  0  0  0  0  0  86  0  0  0  2  2  0  0  0  0  0  0  0  0  0  0  0  0  0  0  0  0  0  2983  0  9  236  1  0  0  11724  31409  0  0  3680  6981  0  8566  0  0  0  0  0  0  2  2  28  26  26671  0  454  0  0  0  201  0  25779  11515  0  0  1115  591  1  31307  0  0  0  0  0  0  0  0  0  0  25378  0  3443  12  0  57  0  0  0  0  0  3  1  0  24  1  1412  277  4  3  54992  0  115705  367  16182  1607  
7  0  0  0  0  1132  2  0  0  0  0  0  0  0  38  1  0  1  0  0  0  0  0  49  0  0  0  0  0  0  10  12  0  0  0  0  0  0  0  0  0  0  0  0  0  0  0  0  0  0  0  25  16  55  0  0  0  0  0  0  0  0  0  22  0  89  0  0  0  65  0  0  0  0  59539  0  0  0  67  10214  42  10  0  0  0  15  15450  408  30421  471  517  22783  0  0  0  0  12699  0  0  0  0  0  0  0  17797  1899  10  11  5899  0  0  0  7  1  14  0  1479  0  0  0  67224  69  31  0  0  77  8783  146  0  0  0  0  0  0  0  15846  42222  147824  0  9644  0  0  0  8359  0  0  0  0  11  2  9  15  4  1  2577  2643  3  1111  20512  275  
0  0  0  0  0  0  0  0  0  1  0  0  0  0  0  0  0  0  0  0  0  0  0  0  0  1  0  0  0  1  0  0  0  0  0  0  0  0  0  0  13  0  0  0  1  0  0  0  0  0  0  0  0  0  0  6  0  0  0  0  0  0  0  0  4  3  5  0  0  0  0  0  0  0  0  1  0  32  0  0  0  0  4  0  0  0  0  0  0  0  0  0  606  326  2  0  0  0  0  39737  365  2884  0  9  0  0  4  9384  18  391  0  6096  0  0  3169  0  0  32  47  50  0  47  0  6  1  10  0  0  44644  84552  0  673  23  2  71  0  0  0  63  8  2116  2  24  0  100  1  218693  17  0  29  0  1  0  0  0  0  15  319  0  0  
0  0  0  0  0  0  0  117  19  17  0  0  0  0  4  0  0  0  0  0  0  0  0  0  0  61  1  0  0  21  0  0  0  0  0  0  0  0  0  0  454  0  0  4  9  4  0  0  1  0  0  55  0  11  0  165  0  0  0  0  0  0  0  0  170  563  97  0  24  0  20  0  0  0  0  3  0  72132  0  0  0  33  242  10  9  0  0  0  0  0  0  0  2  2  2  2  0  0  25517  0  54  13766  9  22  0  0  11  5128  36  91344  0  0  0  0  58663  0  0  89  3879  3021  0  72  1  46  7  189  0  3  31561  11315  1  58  3  15  339  0  0  0  157  832  87855  20  77  0  1413  8  10922  1047  0  3888  0  1  3  0  0  1345  73  1007  1  0  
0  0  0  0  0  0  0  2  0  0  0  0  0  0  0  0  0  0  0  0  0  0  0  0  0  6  1  0  0  0  0  0  0  0  0  0  0  0  0  0  26  0  0  0  1  0  0  0  0  0  0  0  0  0  0  7  0  0  0  0  0  0  0  0  8  16  10  0  3  0  0  0  0  0  0  0  262  28  0  0  0  8  25  0  3  0  0  0  1  0  0  0  0  7841  0  0  0  0  968  68  0  9871  0  61518  0  0  3  6  6  0  0  0  0  0  1256  0  0  2  3752  30414  0  13  1  0  0  82  2  2  13  167407  0  11  0  0  2  0  0  0  25679  121  66555  12  1032  0  787  0  105  1  0  65  0  1  0  0  0  5  1  80  0  0  
0  0  0  0  0  0  0  1  0  0  0  0  0  0  0  0  0  0  0  0  0  0  0  0  0  0  0  0  0  0  0  0  0  0  0  0  0  0  0  0  4  0  0  0  0  0  0  0  0  0  0  2  1  0  0  0  0  0  0  0  0  0  0  0  2  0  0  0  1  0  0  0  0  0  0  0  1368  19629  0  0  0  1  0  0  0  0  0  0  2  0  0  0  0  0  0  0  0  0  694  16408  1620  0  20380  1  0  0  0  0  0  0  0  0  0  0  10  0  0  0  125301  8  0  0  0  0  0  3  0  0  29  165  0  0  0  0  0  0  0  0  0  5  140030  28  15  0  6  0  1  0  0  59  0  0  0  0  0  70  0  3  0  0  
0  0  0  0  0  0  0  2  0  0  0  0  0  0  0  0  0  0  0  0  0  0  0  0  0  0  0  0  0  0  0  0  0  0  0  0  0  0  0  0  1  0  0  0  0  0  0  0  0  0  0  0  0  0  0  0  0  0  0  0  0  0  0  0  0  14  0  0  0  0  0  0  0  0  0  0  15516  30402  0  0  0  24  1  0  0  1604  1  285  2451  4307  3  3  0  0  0  0  0  0  0  12  10  25970  0  16  0  0  0  0  0  0  0  0  0  2  74  0  0  0  171513  83  0  1  14  0  0  4137  13  52  0  83  0  0  0  0  0  0  0  1  12  18  165  84988  106887  0  93  0  4  0  0  25  0  0  0  0  0  32  0  12  1  0  
0  0  3076  0  0  0  0  0  41  6  5576  0  0  0  0  0  0  0  0  0  0  286  0  0  0  3  0  0  0  12429  0  0  0  0  0  0  0  0  0  0  8  0  0  27  1  104  0  0  0  0  0  1  0  0  0  5  0  0  0  0  0  0  0  0  984  8  5  0  0  0  1115  0  0  0  0  0  4311  25  0  0  0  35  11852  10985  14682  0  0  5  4  75  0  0  0  5  0  4486  0  0  9  33  66796  1  1  0  0  0  23  127  85  0  0  0  0  1  1339  0  0  11241  323  83662  0  384  0  0  0  525  3  36  2  12099  0  7  0  0  2  0  0  0  65017  339  53  48  2891  0  122019  0  146  1  0  23  0  0  0  0  0  14  16  391  4  0  
0  0  0  0  0  1910  0  0  0  0  0  0  0  0  0  0  0  0  0  0  0  0  0  0  0  0  0  0  0  0  175  432  0  0  0  0  0  0  0  0  0  0  0  0  0  0  0  1  0  0  0  0  0  0  0  0  0  0  0  0  0  0  1  0  0  51  0  0  0  2242  0  0  0  0  5923  0  0  0  0  451  0  0  0  0  0  0  1  0  0  6306  2  0  0  0  0  0  8  15887  0  0  0  0  0  0  0  13227  0  0  13  0  0  0  0  0  0  0  0  0  0  0  2  0  0  0  0  0  0  0  0  0  0  0  0  0  0  0  50788  299  0  1  0  0  0  36334  0  0  0  0  108  52  1  214  3  439  1070  37  1  932  2432  164  
0  0  0  0  0  115  0  0  0  0  0  0  0  0  0  3  0  0  0  0  0  0  0  37  0  0  0  0  0  0  8  6725  0  0  0  0  0  0  0  0  0  0  0  0  0  0  0  0  0  0  0  0  0  0  0  0  0  0  0  0  0  0  1  0  0  1205  0  0  0  7  0  0  0  0  0  0  0  0  0  11288  0  0  0  0  0  0  1  0  0  229  0  0  0  0  0  0  2  272  0  0  0  0  0  0  11520  0  1  0  10  0  0  0  0  0  0  0  0  0  0  0  2  2  0  0  0  0  0  0  0  0  0  0  0  0  0  0  17634  278  0  3647  0  0  0  7240  0  0  0  0  85  15  4  239  19  246  455  4161  11  3913  7747  20  
0  0  0  0  0  0  0  0  0  0  0  0  0  0  0  0  0  0  0  0  0  0  0  0  0  1  0  0  0  0  0  0  0  0  0  0  0  0  0  0  7  0  0  0  0  0  0  0  0  0  0  0  0  0  0  2  0  0  0  0  0  0  0  0  3  2  1  0  1  0  1  0  0  0  0  2  0  679  0  0  0  1  53  216  42  502  2  0  0  0  961  25  2  20  2  3  1  0  4  6  1  0  1  100  0  0  0  48593  7636  7381  0  0  0  0  72213  0  0  2084  0  3  0  33672  341  13  2  1  0  0  1  359  1  140  0  0  169  0  0  0  9967  7  1  17  1  0  11  0  10494  48993  0  6  0  0  0  0  5  0  87  213  6  0  
0  0  0  0  0  0  0  0  0  0  0  0  0  0  0  0  0  0  0  0  0  0  0  0  0  0  0  0  0  0  0  0  0  0  0  0  0  0  0  0  0  0  0  0  0  0  0  0  0  0  0  0  0  0  0  0  0  0  0  0  0  0  0  0  0  0  0  0  0  0  0  0  0  0  0  57  0  762  0  0  0  0  1  12  29  215  35  0  0  0  12475  939  1  16  11  3  114  33  8550  7310  0  0  1  6  0  0  21848  0  84117  55243  3  11074  0  0  18717  0  13816  408  0  0  5  34105  339  81  83  0  0  0  2  168  11  91  48  17  601  0  0  0  552  3  0  8  0  0  1  21  125517  18497  0  0  0  0  0  0  111  0  782  20  3  0  
0  0  0  0  0  0  0  0  0  0  0  0  0  0  0  0  0  0  0  0  0  0  0  1  0  0  0  0  0  0  0  0  0  0  0  0  0  0  0  0  0  0  0  0  0  0  0  0  0  0  0  0  0  0  0  0  0  0  0  0  0  0  0  0  0  0  0  0  0  0  0  0  0  0  0  1  0  145  0  0  0  0  0  2  6  420  512  0  0  0  18015  975  0  1  0  0  19599  2481  1  0  0  0  0  2  0  3  5780  108600  0  1  7  746  0  0  3311  0  44138  74  0  0  266  94869  459  1462  0  0  0  0  0  17  0  11  1  4  22  0  7  15  85  0  0  0  0  0  0  52  9965  1  0  0  1  0  0  0  11074  0  1617  5  44  0  
0  0  0  0  0  0  0  0  0  0  0  0  0  0  0  0  0  0  0  0  0  0  0  0  0  1  0  0  0  0  0  0  0  0  0  0  0  0  0  0  16  0  0  0  0  0  0  0  0  0  0  0  0  0  0  2  0  0  0  0  0  0  0  0  4  3  2  0  0  0  0  0  0  0  0  66  0  2718  0  0  0  0  7  29  61  1  0  0  0  0  19  0  2  15  23  1  0  0  641  73351  4  1  0  12  0  0  1408  74520  132  0  0  5  0  0  57822  0  0  761  30  40  0  132  5  102  157  3  0  0  1948  1614  16  187  90  35  1623  0  0  0  472  16  1338  0  20  0  92  7  26035  22831  0  26  0  0  0  0  0  1  382  128  1  0  
0  0  0  0  0  0  0  0  0  0  0  0  0  0  0  0  0  0  0  0  1  13  4  0  0  0  0  0  0  0  0  0  0  0  0  0  0  0  0  0  0  0  0  0  0  0  0  0  0  0  0  0  0  0  0  0  0  0  0  0  3  0  0  0  0  0  0  0  0  0  0  0  0  0  0  18475  0  0  0  0  0  0  0  0  0  0  0  0  0  0  17  0  4  0  6480  71  1441  0  0  0  0  0  0  0  0  0  0  8  2  0  0  20869  0  0  3  32  21899  6  0  0  0  76  0  53154  124  0  0  0  0  0  1  4  63  89136  69  0  0  0  1  0  0  0  0  0  0  98099  762  1  0  0  0  0  0  0  0  0  31  0  0  0  
0  0  0  0  0  0  0  0  0  0  0  0  0  0  0  0  0  0  0  0  0  0  0  0  0  0  0  0  0  0  0  0  0  0  0  0  0  0  0  0  0  0  0  0  0  0  0  0  0  0  0  0  0  0  0  0  0  0  0  0  0  0  0  0  0  0  0  0  0  0  0  0  0  0  0  3288  0  0  0  0  0  0  0  0  2  0  0  0  0  0  49  1  1  1  752  5  0  0  6011  0  0  0  0  0  0  0  2  10276  1674  0  17156  0  0  0  270  0  18910  70  0  0  0  675  0  5644  45  0  0  0  0  19  5  16  749  21231  6342  0  0  0  16  0  0  0  0  0  0  97690  204397  64  0  0  0  0  0  0  4  0  257  1  3  0  
0  0  0  0  0  0  0  0  0  0  0  0  0  0  0  0  0  0  0  0  0  0  0  0  0  0  0  0  0  0  0  0  0  0  0  0  0  0  0  0  0  0  0  0  0  0  0  0  0  0  0  0  0  0  0  0  0  0  0  0  0  0  0  0  0  0  0  0  0  0  0  0  0  0  1  0  0  0  0  47  7  1  0  0  0  109  21840  52215  734  4  5  6783  0  0  0  0  0  57  0  0  0  0  0  0  0  0  0  0  0  0  0  0  0  7682  1  0  0  0  0  0  14568  1  21570  0  0  6223  4090  16  0  0  0  0  0  0  0  8587  2  320  0  0  0  1  0  0  0  0  0  0  0  0  0  0  0  0  0  31  0  1  7  0  
0  0  0  0  0  0  0  0  0  0  0  0  0  0  0  0  0  0  0  0  0  0  0  0  0  0  0  0  0  0  0  0  0  0  0  0  0  0  0  0  2  0  0  0  0  0  0  0  0  0  0  0  0  0  0  2  0  0  0  0  0  0  0  0  1  0  1  0  0  0  0  0  0  0  0  0  0  6  0  10  16  3  0  0  0  21528  15  42646  3222  2  23  822  0  0  0  0  0  9  0  0  0  0  1  4  0  1  1  1  1  0  0  0  7992  0  12  0  0  0  43  7  136  8  16859  0  0  2621  2785  36  0  1  0  0  0  0  0  24  6  141  1  1  0  141  6  0  10  0  0  0  0  1  0  0  0  0  2  164  0  13  6  0  
1  0  0  2  0  0  1  157  16  31  0  0  0  0  13  0  0  0  0  0  0  0  0  0  1  209  9  1  0  31  0  0  0  0  0  0  0  0  0  0  1478  0  0  15  61  7  0  0  4  0  0  93  0  33  0  569  0  0  0  0  0  0  0  1  377  770  442  2  108  0  24  0  1  0  0  145  3  46471  0  1  21  188  533  415  357  904  6  14  222  0  15116  2212  10  157  51  22  7  1  6446  45497  34  2  35  444  0  0  33608  5330  1815  51379  1  7  0  0  0  2  0  6851  15691  6153  0  30968  26531  320  208  29595  106  53  6190  12820  32  1051  143  78  3710  0  1  0  25038  1563  7624  2122  555  0  4251  25  33668  10483  0  3342  0  11  1  0  34  3956  1568  26051  646  14  
0  0  0  0  0  0  0  0  0  0  0  0  0  0  0  0  0  0  0  0  0  1  0  0  0  0  0  0  0  0  0  0  0  0  0  0  0  0  0  0  0  0  0  0  0  0  0  0  0  0  0  0  0  0  0  0  0  0  0  0  0  0  0  0  0  0  0  0  0  0  0  0  0  0  0  6093  0  0  0  0  0  0  0  0  7246  0  0  0  0  0  0  0  2878  6133  13857  30621  0  0  1  0  0  0  0  0  0  0  0  0  0  0  97  0  0  0  13  0  0  17693  0  0  0  3  0  2  23485  0  0  0  0  11  5511  532  6  1  390  0  0  0  99  0  0  0  0  0  0  0  27  0  0  0  0  0  0  0  0  0  0  0  0  0  
0  0  0  0  0  0  0  0  0  0  0  0  0  0  0  0  0  0  0  0  0  0  0  0  0  0  0  0  0  0  0  0  0  0  0  0  0  0  0  0  0  0  0  0  0  0  0  0  0  0  0  0  0  0  0  0  0  0  0  0  0  0  0  0  0  0  0  0  0  0  0  0  0  0  0  0  0  0  0  0  0  0  0  0  0  0  12  0  0  0  210  13  0  0  0  0  26854  1600  0  0  0  0  0  0  1  4  0  29350  44572  0  30840  17882  0  0  0  0  0  0  0  0  25  943  0  19328  0  0  0  0  0  0  0  0  0  40  3  0  3  6  0  0  0  0  0  0  0  22405  3359  0  0  0  0  0  0  0  14301  0  610  4  2  1  
0  0  0  0  0  0  0  0  10  29  1789  0  0  0  0  0  0  0  0  0  1  263  23  0  0  1  0  0  0  776  0  0  0  0  0  0  0  0  0  0  11  0  0  51  0  0  0  0  0  0  0  0  0  1  0  5  0  0  0  0  12  0  0  0  55  7  2  0  0  0  63  0  0  0  0  1102  0  0  0  0  0  0  204  19396  77352  0  0  0  0  0  0  0  82  2136  96  135144  9205  0  39  9  0  0  0  12663  0  0  97  5267  3216  7  2  42  0  0  4381  15543  0  0  3  1  0  4189  0  854  17277  3  0  0  18  2398  420  9665  84  271  40109  0  0  0  81255  75  0  0  3  0  70  46  25860  97  0  23  12  0  0  0  0  0  50324  5245  39  0  
0  0  0  0  0  0  0  149  2  4  0  0  0  0  11  0  0  0  0  0  0  0  0  0  0  5  0  0  0  3  0  0  0  0  0  0  0  0  0  0  55  0  0  0  1  3  0  0  2  0  0  112  1  20  0  8  0  0  0  0  0  0  0  2  15  200  5  1  2  0  4  0  0  0  0  0  46582  31333  0  0  7  282  122  0  0  9  0  120  210  29  0  0  0  0  0  0  0  0  639  6552  2654  124111  198356  424  0  0  3  16  3  0  0  0  0  2  11326  0  0  11  0  30507  0  30  309  1  0  18678  96  70  362  11792  0  0  0  0  5  0  1  15  396  562  102188  32325  112219  0  4027  0  1277  0  0  1275  0  1  4  0  0  1772  5  472  35  0  
0  0  16676  0  0  0  0  585  6  1  1  0  0  0  2  203  0  0  0  0  0  0  0  0  0  2  0  0  0  652  0  0  0  0  0  0  0  0  0  0  23  0  0  1  0  410  0  0  0  0  0  10  0  2  0  6  0  1  0  0  0  0  0  0  5  237  4  0  5  0  46  0  0  0  0  0  24788  401  0  2  4  35095  36217  8  2  0  0  5  282  7763  0  1  0  0  0  0  0  0  32  350  37377  6  15  59749  0  0  2  8  4  0  0  0  0  1  3202  0  0  4  38691  0  1  19  27  0  0  10973  3  147  23  2685  0  2  0  0  2  0  1  2  359  983  1613  2367  19038  0  44448  0  167  0  0  117  0  0  0  0  0  69  3  232  7  0  
0  0  0  0  0  1  0  0  0  0  0  0  0  0  0  0  0  0  0  0  0  0  0  0  0  0  0  0  0  0  0  5  0  0  0  0  0  0  0  0  0  0  0  0  0  0  0  0  0  0  0  0  0  1  0  0  0  0  0  0  0  0  0  0  0  2  0  0  0  0  0  0  0  0  2  0  0  0  0  74  5  1  0  0  0  69  26830  128  249  3  7  61336  0  0  0  0  58  55042  0  0  0  0  0  0  1  129  0  1  864  0  0  0  16169  77  1  0  7  0  0  0  0  2  13742  0  0  30  3574  5  0  0  0  0  0  0  0  7463  3060  21410  0  7  0  0  0  1  0  0  0  0  0  0  0  0  0  0  7  7324  0  0  22513  0  
0  0  0  0  0  0  0  0  0  0  0  0  0  0  0  0  0  0  0  0  0  0  0  0  0  1  0  0  0  0  0  0  0  0  0  0  0  0  0  0  7  0  0  0  0  0  0  0  0  0  0  0  0  0  0  2  0  0  0  0  0  0  0  0  1  1  3  0  2  0  0  0  0  0  0  44  0  137  0  0  0  0  153  802  502  1207  124  1  0  0  46827  5588  2  177  7  9  248  20  16  2  0  0  0  273  0  0  42183  48049  108790  1  41  161  0  0  34025  1  556  7388  0  3  4  0  1062  1935  68  6  0  0  1  1484  3  781  42  52  1359  0  0  0  19138  8  0  0  0  0  32  117  37358  8321  0  13  0  0  0  0  500  11  34884  10419  33222  265  
0  0  0  0  0  0  0  4  0  0  0  0  0  0  1  0  0  0  0  0  0  0  0  0  0  3  0  0  0  0  0  0  0  0  0  0  0  0  0  0  30  0  0  1  1  0  0  0  1  0  0  26  0  3  0  6  0  0  0  0  0  0  0  0  6  10  3  0  1  0  0  0  0  0  0  0  0  17146  0  151  427  74  3  0  0  40070  974  1823  9936  29  10849  67652  0  0  0  0  0  48  0  0  0  0  0  1  0  2  24  33  17  6  0  0  17222  7079  51020  0  0  2  79  6  12279  2628  0  0  0  41817  60058  1688  0  5  0  0  0  0  0  159  33  863  3  50  0  6355  357  1  6  0  0  2  0  76  0  1  0  0  2  3208  3  14565  32479  6  
0  0  0  0  0  0  0  0  0  0  0  0  0  0  0  0  0  0  0  0  4  49  19  0  0  0  0  0  0  0  0  0  0  0  0  0  0  0  0  0  0  0  0  4  0  0  0  0  0  0  0  0  0  0  0  0  0  0  0  0  7  0  0  0  0  0  0  0  0  0  0  0  0  0  0  17  0  0  0  0  0  0  1  2  0  0  0  0  0  0  166  0  0  0  38016  202  21546  0  0  0  0  0  0  0  0  0  0  1244  1758  0  52685  826  0  0  82  2  14253  84  0  0  0  3239  0  0  1  0  0  0  0  6  0  6  2  17922  16342  0  0  0  15  0  0  0  0  0  0  11596  10774  9  0  0  5  0  0  0  974  0  38934  1  13  0  
0  0  0  0  0  0  0  0  0  0  0  0  0  0  0  0  0  0  0  0  0  1  0  0  0  0  0  0  0  0  0  0  0  0  0  0  0  0  0  0  1  0  0  0  0  0  0  0  0  0  0  0  0  0  0  0  0  0  0  0  0  0  0  0  0  0  0  0  0  0  0  0  0  0  0  15170  0  0  0  0  0  0  0  0  361  0  0  0  0  0  0  0  106  220  25702  33715  0  0  3  0  1  0  0  1  0  0  1  10  1  2  29  11  0  0  203  19227  0  27470  0  0  0  26  0  0  0  0  0  0  0  159  1290  1947  230  51  37984  0  0  0  279  0  0  0  0  0  0  2  777  10  0  1  0  0  0  0  0  0  0  0  0  0  
0  0  0  0  0  0  0  38  0  2  0  0  0  0  5  0  0  0  0  0  0  0  0  0  0  10  1  0  0  3  0  0  0  0  0  0  0  0  0  0  87  0  0  0  4  2  0  0  1  0  0  38  0  9  0  48  0  0  0  0  0  0  0  0  16  75  17  0  5  0  4  0  0  0  122  0  1  316  0  3084  2965  903  6  0  0  27429  3  86175  133761  129  26  525  0  0  0  0  0  474  2  3  8  0  1460  46  0  0  0  1  0  0  0  0  14895  371  4077  0  0  1  2899  190  122  221  8517  0  0  0  55001  4486  0  67  0  0  0  0  0  10951  9  732  15  150  2  51894  10613  1  177  0  7  0  0  507  0  1  0  0  3  6333  0  4290  1496  0  
8  0  0  0  0  59  1  0  0  0  0  0  0  0  44  44  0  0  0  0  0  0  0  3  0  0  0  0  0  0  0  0  0  0  0  0  0  0  0  0  0  0  0  0  0  0  0  0  0  0  0  19  18  63  0  0  0  0  0  0  0  0  0  0  0  72  0  0  0  1  0  0  0  0  34906  0  0  2  43080  64365  6074  92  0  0  0  85  4  169  175198  30074  0  9  0  0  0  0  0  4251  0  0  0  0  0  0  0  0  0  0  0  0  0  0  97  4  55  0  0  0  0  0  179  19  13698  0  0  38409  0  141287  0  0  0  0  0  0  0  3015  14  1298  0  4470  0  7  6  1  0  0  0  0  0  1  0  0  2  0  0  5515  0  152  153  0  
0  0  0  0  0  0  4  3  0  0  0  0  0  0  2  48  0  0  0  0  0  0  0  0  0  1  0  0  0  1  0  0  0  0  0  0  0  0  0  0  9  0  0  0  1  0  0  0  0  0  0  11  0  1  0  9  0  0  0  0  0  0  0  0  6  6  4  1  0  0  0  0  0  0  949  0  861  34  1522  14337  85650  21729  6  0  0  7  0  29  104492  164732  0  23  0  0  0  0  0  55  3  56  0  1  68  111  0  0  1  0  0  0  0  0  2  0  258  0  0  0  317  360  8  10  1225  0  0  30137  135578  0  1  13  0  0  0  0  0  18  0  18  70  178  76  400  55831  0  792  0  26  0  0  26  0  0  0  0  0  1711  0  152  149  0  
0  0  0  0  0  0  0  0  0  2  0  0  0  0  0  0  0  0  0  0  0  0  0  0  0  4  0  0  0  0  0  0  0  0  0  0  0  0  0  0  30  0  0  0  2  0  0  0  0  0  0  0  0  0  0  8  0  0  0  0  0  0  0  0  7  4  6  0  1  0  0  0  0  0  0  0  0  68  0  0  0  3  3  3  0  0  0  0  0  0  0  0  0  1  0  0  0  0  53830  38520  7  62  0  13  0  0  5  24  9  1827  0  0  0  0  4478  0  0  24  250  107  0  37  0  10  1  12  0  0  0  34355  0  1  0  0  43  0  0  0  98  26  11944  1  64  0  272  0  11282  0  0  42  0  0  0  0  0  3  13  202  1  0  
0  0  0  0  0  0  0  43  13  35  0  0  0  0  1  0  0  0  0  0  0  0  0  0  1  212  3  0  0  70  0  0  0  0  0  1  0  0  0  0  1699  0  0  19  72  2  0  0  3  0  0  4  0  2  0  372  0  0  0  0  0  0  0  0  247  563  321  0  104  0  34  0  5  0  0  70  11  378  0  0  0  77  305  15  803  0  0  4  3  1  0  0  2270  31664  3  12  0  0  97133  7968  149059  402  0  4646  0  0  142  598  392  171  1  1  0  0  23525  1  0  2294  23252  3964  0  2926  4  38  128  413  4  11  26663  0  4  35811  5  4  2870  0  0  0  41802  1662  49368  70  10181  0  2823  2  25426  398  0  2430  0  6  0  0  0  35  68  2452  2  0  
0  0  0  0  0  0  0  0  0  0  0  0  0  0  0  0  0  0  0  0  0  0  0  0  0  0  0  0  0  0  0  0  0  0  0  0  0  0  0  0  0  0  0  0  0  0  0  0  0  0  0  0  0  0  0  0  0  0  0  0  0  0  0  0  0  0  0  0  0  0  0  0  0  0  0  16910  0  0  0  0  0  0  0  0  59  0  0  0  0  0  0  0  30227  344  520  2  0  0  0  1  0  0  0  0  0  0  0  5  2  8  2  1  0  0  458  8981  0  1128  0  0  0  13  0  0  3433  0  0  0  0  116  0  25534  11921  83  2865  0  0  0  40  0  0  0  0  0  0  1  14185  7  0  0  0  0  0  0  0  0  1  1  0  0  
0  0  0  0  0  0  0  0  0  0  0  0  0  0  0  0  0  0  0  0  0  0  0  0  0  0  0  0  0  0  0  0  0  0  0  0  0  0  0  0  5  0  0  0  0  0  0  0  0  0  0  0  0  0  0  0  0  0  0  0  0  0  0  0  2  0  1  0  0  0  0  0  0  0  0  1235  0  0  0  0  0  0  2  2  3356  0  0  0  0  0  0  0  26155  41094  31  64  0  0  1126  6  113  0  0  69  0  0  5  94  53  14  4  3  0  0  2960  613  0  4016  0  0  0  445  0  12  761  0  0  0  5  50730  17918  0  288  145  7244  0  0  0  6375  7  1  0  1  0  9  4  9955  155  0  4  0  0  0  0  0  0  12  10  0  0  
0  0  0  0  0  0  0  0  0  0  0  0  0  0  0  0  0  0  0  0  0  0  0  0  0  0  0  0  0  0  0  0  0  0  0  0  0  0  0  0  0  0  0  0  0  0  0  0  0  0  0  0  0  0  0  0  0  0  0  0  0  0  0  0  0  0  0  0  0  0  0  0  0  0  0  26737  0  0  0  0  0  0  0  0  23  0  0  0  0  0  0  0  13362  29  38  3  0  0  8  0  0  0  0  0  0  0  0  7  4  6  96  439  0  0  397  7  0  256  0  0  0  8  0  0  1148  0  0  0  0  91  4938  1628  0  97  1714  0  0  0  15  0  0  0  0  0  0  3617  49260  15  0  0  0  0  0  0  0  0  0  0  0  0  
0  0  0  0  0  0  0  0  0  0  0  0  0  0  0  0  0  0  0  0  0  0  1  0  0  0  0  0  0  0  0  0  0  0  0  0  0  0  0  0  0  0  0  0  0  0  0  0  0  0  0  0  0  0  0  0  0  0  0  0  1  0  0  0  0  0  0  0  0  0  0  0  0  0  0  40577  0  0  0  0  0  0  0  0  3  0  0  0  0  0  0  0  2  4  54909  11  0  0  0  0  0  0  0  0  0  0  3  107  58  1  81705  31244  0  0  131  4  0  101  0  0  0  68  0  27615  155  0  0  0  1  14  59  63  473  0  6219  0  0  0  8  0  1  0  0  0  0  44843  12322  17  0  1  0  0  0  0  0  0  27  0  1  0  
0  0  0  0  0  0  0  0  0  91  0  0  0  0  0  0  0  0  0  0  19  162  122  0  0  0  0  0  0  1  0  0  1  0  0  0  1  0  0  0  5  0  0  96  0  0  0  1  0  1  0  0  0  0  0  1  0  0  0  0  258  0  0  0  0  2  0  0  0  0  0  0  1  0  0  8334  0  0  0  0  0  0  0  3  373  0  0  0  0  0  0  0  39  149  95869  89945  32527  0  19  15  1  0  0  2  0  0  4  1236  814  32  91  344  0  0  6707  19  2  40919  0  0  0  883  0  22888  28855  0  0  0  7  858  408  6227  372  4352  0  0  0  0  493  5  1  0  0  0  1  756  15480  115  0  8  186  48  2  0  1  0  42418  35  13  5  
0  0  0  0  0  6  0  0  0  0  0  0  0  0  10  0  0  0  0  0  0  0  0  0  0  0  0  0  0  0  0  0  0  0  0  0  0  0  0  0  0  0  0  0  0  0  0  0  0  0  0  5  0  6  0  0  0  0  0  0  0  0  0  1  0  2  0  0  0  0  0  0  0  0  188  0  0  0  0  93  25  2  0  0  0  1  14595  11605  22041  0  1  33  0  0  0  0  0  20137  0  0  0  0  0  0  0  0  0  0  0  0  0  0  8650  0  1  0  0  0  0  0  9851  0  2206  0  0  11626  16972  65  0  0  0  0  0  0  0  0  10  935  0  98  0  0  0  0  0  0  0  0  0  0  0  0  0  0  0  645  0  0  5  0  
0  0  0  0  0  0  0  0  0  0  0  0  0  0  0  0  0  0  0  0  0  0  0  2  0  0  0  0  0  0  1  316  0  0  0  0  0  0  0  0  0  0  0  0  0  0  0  0  0  0  0  0  0  0  0  0  0  0  0  0  0  0  0  0  0  2  0  0  0  1  0  0  0  0  0  0  0  0  0  4229  0  0  0  0  0  0  6  0  0  2571  2  14  0  0  0  0  3311  39119  0  0  0  0  0  0  41103  16434  0  0  55  0  0  0  0  0  0  0  0  0  0  0  981  0  0  0  0  0  1  0  0  0  0  0  0  0  0  0  0  4289  0  1  0  0  0  4710  0  0  0  0  79  74  2  333  2  443  7815  1029  4  1500  36408  17493  
3  0  0  0  0  20  0  0  0  0  0  0  0  0  13  0  0  0  0  0  0  0  0  4  0  0  0  0  0  0  0  0  0  0  0  0  0  0  0  0  0  0  0  0  0  0  0  0  0  0  0  4  7  29  0  0  0  0  0  0  0  0  0  6  0  16  0  0  0  1  0  0  0  0  1094  0  0  0  4  16049  2  0  0  0  0  0  173  0  79  537  8  31  0  0  0  0  32  147978  0  0  0  0  0  0  566  2473  1  0  390  0  0  0  87  0  0  0  4  0  0  0  23328  1  79  0  0  13  2133  10  0  0  0  0  0  0  0  1029  11921  0  0  419  0  0  0  3752  0  0  0  0  0  0  0  0  0  0  219  14618  0  1  732  23  
0  0  0  0  0  0  0  8  4  5  728  0  0  0  0  0  0  0  0  0  0  56  0  0  0  29  1  0  0  112  0  0  0  0  0  0  0  0  0  0  179  0  0  6  1  0  0  0  0  0  0  0  0  1  0  70  0  0  0  0  0  0  0  0  83  45  43  0  11  0  6  0  0  0  0  42  0  13  0  0  0  11  1042  3067  84482  0  0  0  1  0  0  0  19  20977  5  2002  0  0  65  16  26157  0  0  67745  0  0  505  7824  5491  0  0  0  0  0  6481  172  0  84688  74  267  0  9148  1  51  110  42  1  3  2  61885  43  5408  8  6  1380  0  0  0  0  149  22  6  210  0  15993  3  16115  134  0  219  0  1  0  0  0  3  393  2616  11  0  
326  0  29  2  4  46681  9428  9705  4810  33  4  0  0  0  662  50  0  0  0  0  0  4  0  38  0  67  1  0  0  1901  5  316  0  0  0  0  0  0  1  0  224  0  0  13  23  281  1  1  9  0  0  3210  151  978  0  329  0  1  0  0  2  0  0  82  392  57946  183  74  58  23  4874  0  0  0  4518  0  0  2130  16  66514  29775  45134  64782  28267  1  2  0  12  466  74  0  0  0  0  2  17  5  3867  126  1023  13  7  2  181  0  3449  4  15  13  0  0  0  0  0  11177  0  0  41  1271  532  7  38  57  0  0  4727  6706  425  26  1566  0  0  0  0  3  22  3  1015  555  0  967  561  71  10  11155  0  382  0  0  2382  1  129  72  94  0  4540  1016  9919  48  3  
0  0  0  0  0  0  0  39  3  2  0  0  0  0  4  0  0  0  0  0  0  0  0  0  0  7  1  0  0  4  0  0  0  0  0  0  0  0  0  0  51  0  0  0  3  1  0  0  2  0  0  46  0  10  0  13  0  0  0  0  0  0  0  1  17  118  9  1  6  0  3  0  0  0  0  0  2691  4768  0  0  0  5  49  2  0  0  0  0  2  0  0  0  0  0  0  0  0  0  3415  87422  56922  128089  61  34  0  0  0  11  4  356  0  0  0  0  4722  0  0  9  116772  2971  0  19  1  1  0  53  0  0  8438  56084  0  1  0  0  7  0  0  0  56  165  0  6  325  0  445  0  1651  0  0  912  0  0  0  0  0  649  4  245  0  0  
0  0  0  0  0  0  0  45  1  0  0  0  0  0  2  0  0  0  0  0  0  0  0  0  0  11  0  0  0  4  0  0  0  0  0  0  0  0  0  0  70  0  0  1  4  1  0  0  0  0  0  17  1  2  0  17  0  0  0  0  0  0  0  1  24  92  11  1  4  0  2  0  0  0  0  0  13  16540  0  1  56  207  26  0  0  42188  8  1520  25814  0  46  57  0  0  0  0  0  4  6  12  63  3  77259  183  0  0  1  4  1  1  0  0  1  113  1782  0  0  0  46740  1573  5  18  5526  0  0  104488  976  108  3  451  0  0  0  0  0  7  1  37  63  208  18  0  32009  0  774  0  33  0  0  381  0  0  0  0  8  870  0  537  75  0  
0  0  0  0  0  0  0  159  3  0  0  0  0  0  1  0  0  0  0  0  0  0  0  0  0  3  0  0  0  0  0  0  0  0  0  0  0  0  0  0  12  0  0  0  1  3  0  0  0  0  0  13  0  2  0  8  0  0  0  0  0  0  0  0  8  31  8  0  1  0  0  0  0  0  0  0  33880  223  0  3  2608  6630  14  0  0  10  0  23  59062  66960  0  0  0  0  0  0  0  0  24  194  95  9  84677  2988  0  0  2  6  2  1  0  0  0  2  2127  0  0  1  87816  7490  1  14  228  0  0  33129  48  49767  27  802  0  0  0  0  0  2  0  2  363  242  538  27949  0  0  6298  0  119  0  0  67  0  0  0  0  0  250  0  438  33  0  
0  0  0  0  0  1852  0  0  0  0  0  0  0  0  0  0  0  0  0  0  0  0  0  0  0  0  0  0  0  0  86  63  0  0  0  0  0  0  0  0  0  0  0  0  0  0  0  0  0  0  0  0  0  0  0  0  0  0  0  0  0  0  0  0  0  60  0  0  0  260  0  0  0  0  6490  0  0  0  0  17716  0  0  0  0  0  0  0  0  1  41104  0  0  0  0  0  0  0  4199  0  0  0  0  0  0  30644  8257  0  0  0  0  0  0  0  0  0  0  0  0  0  0  1  0  0  0  0  0  2  0  0  0  0  0  0  0  0  0  9104  4480  0  13  0  0  0  0  0  0  0  0  0  0  0  0  0  0  0  18  0  14  10  0  
0  0  8042  0  0  0  0  116  3920  3  39  0  0  0  1  0  0  0  0  0  0  1  0  0  0  58  0  0  0  5154  0  0  0  0  0  1  0  0  0  0  330  0  0  2  16  585  0  0  1  0  0  5  0  5  0  143  0  0  0  0  0  0  0  0  85  162  103  0  22  0  2780  0  0  0  0  0  285  610  0  0  2  810  53263  701  22  2  0  8  68  58  0  0  0  0  0  3  0  0  162  517  329  1  6  126650  0  0  84  205  148  5  0  0  0  0  10482  0  0  62  2144  47905  0  631  44  2  1  5720  14  860  78  1748  0  10  0  0  10  0  0  2  19052  1942  588  625  15650  0  0  0  760  3  0  386  0  0  0  0  0  89  39  2222  4  0  
0  0  0  0  0  0  0  0  0  0  0  0  0  0  0  0  0  0  0  0  0  0  0  0  0  0  0  0  0  0  0  0  0  0  0  0  0  0  0  0  0  0  0  0  0  0  0  0  0  0  0  0  0  0  0  0  0  0  0  0  0  0  0  0  0  0  0  0  0  0  0  0  0  0  0  9817  0  0  0  0  0  0  0  0  0  0  0  0  0  0  29  0  0  0  413  0  0  0  0  0  0  0  0  0  0  0  0  333  146  0  90355  68019  0  0  52  0  15735  15  0  0  0  541  0  27294  31  0  0  0  0  8  9  6  6254  40582  2357  0  0  0  4  0  0  0  0  0  0  0  20070  1  0  0  0  0  0  0  2  0  321  0  3  0  
0  0  0  0  0  0  0  8  6  10  0  0  0  0  0  0  0  0  0  0  0  0  0  0  0  140  3  0  0  30  0  0  0  0  0  1  0  0  0  0  865  0  0  8  31  0  0  1  3  0  0  0  0  3  0  256  0  0  0  0  0  0  0  0  156  133  221  0  53  0  15  0  4  0  0  11832  1  87  0  0  0  4  72  174  785  2  0  0  1  0  72  5  24940  364  1093  197  2  0  201222  18677  4  0  0  86  0  0  9012  147366  13285  31045  731  151138  0  0  67437  42  1118  7795  242  247  0  58817  1  14793  3668  39  0  4  12648  44364  6129  12606  47012  10125  23427  0  0  0  10206  168  197  9  174  0  757  6936  0  29315  0  999  0  2  0  0  6  10  10862  8919  346  6  
0  0  0  0  0  0  0  0  0  0  0  0  0  0  0  0  0  0  0  0  0  0  0  0  0  1  0  0  0  0  0  0  0  0  0  0  0  0  0  0  5  0  0  0  0  0  0  0  0  0  0  0  0  0  0  1  0  0  0  0  0  0  0  0  1  2  1  0  0  0  0  0  0  0  0  48  0  1367  0  0  0  0  24  62  71  8  0  0  0  0  43  0  1  34  5  1  0  0  5  822  0  0  0  46  0  0  38081  40023  30  21939  0  1  0  0  28467  1  0  1049  0  1  0  2848  12  62  58  0  0  0  1  412  8  163  57  16  527  0  0  0  7739  5  0  0  2  0  9  0  11238  0  0  14  0  0  0  0  0  0  127  66  1  0  
0  0  0  0  0  0  0  0  0  0  0  2  12  25  0  0  972  6613  0  0  1  0  45589  14101  0  0  0  0  0  0  9  5433  0  29  21762  0  2  8  0  4  0  0  34118  2  0  0  3462  1881  9  8463  0  0  0  0  0  0  0  0  0  1  9  0  778  57  0  0  0  0  0  4  0  35  198  1  0  0  0  0  0  0  0  0  0  0  0  0  0  0  0  0  0  0  0  0  0  0  81  14  0  0  0  0  0  0  61  21  0  0  1  0  0  0  0  0  0  0  0  0  0  0  0  0  0  0  0  0  0  0  0  0  0  0  0  0  5  0  109  0  0  0  0  0  0  1  0  0  0  0  0  6  300729  1776  27606  3831  230  6  192  541  3  124  
17  0  0  1076  5  385  1298  394  1338  138  0  12  0  1  1315  29  6  0  0  0  0  0  15  1  39  3183  12  2452  33  61  0  22  1  0  0  53  0  0  1  2  19614  0  0  149  7619  1565  0  1974  1317  0  1  16551  223  21497  3  3680  2  11  0  0  1  11  0  241  3870  3444  3205  348  1841  25  716  0  151  0  1  0  0  691  0  0  6  16  193  36  0  1  0  2  51  0  0  0  0  0  0  0  2  2  69  147  1  2  0  8  2  0  1  2  5  0  0  0  0  0  8101  0  0  4  299  30  0  13  57  0  1  4040  13  10  8  489  0  1  0  0  5  0  3  3  499  940  180  233  25  0  378  0  199  0  45  0  93  242641  45723  86771  1  11106  2  8144  18  25  
0  0  0  0  0  0  0  0  0  1619  3  0  1  0  0  0  13  106  0  0  524  308  62936  23  180  137  0  0  0  1  0  53  4301  922  6048  66  0  1493  0  0  9149  0  81  13189  0  0  15  46430  0  33938  4  0  0  1  70  197  3  7  1168  171  44814  0  0  0  405  59  5  0  0  0  0  1570  3660  1098  0  0  0  0  0  0  0  0  0  0  0  0  0  0  0  0  0  0  0  0  19  0  332  17  0  0  0  0  0  0  2  2  0  0  1  0  0  0  0  0  0  0  1  1  0  0  0  0  0  0  0  0  0  0  0  0  0  0  0  0  52  0  2  0  0  0  0  0  0  0  0  0  0  0  151807  7  0  46338  4908  348  150  0  186  37  0  2  
0  0  0  895  0  41  50  35  6  5478  1  0  0  0  31  3  85  0  0  0  0  1  203  0  215  2751  5  1488  0  260  0  115  677  0  6  15  0  0  0  0  22886  0  0  2110  4119  3  0  18633  798  0  1  1657  4  1102  1  5129  0  2  0  0  14  0  0  2  4195  3635  2555  7  453  8  82  0  297  32  0  0  0  0  0  0  1  0  1  0  0  0  0  0  0  0  0  0  0  0  5  0  56  0  0  0  0  0  0  0  29  8  0  0  0  0  0  0  0  0  2  0  0  0  0  0  0  0  0  1  0  10  0  0  0  0  0  0  0  0  17  0  94  0  1  93  0  0  0  0  1  0  0  0  1113  244733  53691  0  29543  36599  73  133  1311  41888  2  1819  
34  0  0  1  1  4246  302  60  0  0  0  193  0  0  684  39  63930  39862  0  0  0  0  5210  1517  2  1  0  0  0  0  70  9590  51  2737  13068  1  0  3  4  0  16240  0  0  10  5  1  11356  102953  42394  0  0  788  240  20076  0  219  0  0  0  0  8  7  10355  9403  67  464  1  18  3  3577  0  0  22  0  0  0  0  0  0  0  0  2  0  0  0  0  0  0  0  0  0  0  0  0  0  0  1  0  0  0  0  0  0  0  1  4  0  0  0  0  0  0  0  0  0  0  0  0  0  0  0  0  0  0  0  0  1  0  0  0  0  0  0  0  1  0  1  0  0  10  0  0  0  0  0  0  0  0  15382  31328  16875  14485  0  182166  4  15  1  37  1  1  
0  0  0  0  0  46  7  1  0  0  0  0  0  0  4  0  2726  14  0  0  2  1  472  3  0  0  0  0  0  0  1  10261  1  0  0  0  0  0  0  0  0  0  0  1  0  0  0  2092  1  0  0  54  0  9  0  0  0  0  0  0  23  0  150  1  0  551  0  0  0  12  0  0  0  0  0  0  0  0  0  0  0  0  0  0  0  0  0  0  0  0  0  0  0  0  4  0  16  0  0  0  0  0  0  0  231  34  0  0  0  0  0  0  0  0  0  0  0  0  0  0  0  0  0  0  0  2  1  0  0  0  0  0  0  0  12  0  388  0  0  47  0  0  0  0  0  0  0  0  11857  202462  2144  49276  405251  0  101  303  6  481  22  765  
0  0  0  0  0  0  0  0  0  0  0  0  0  0  0  0  0  0  0  0  0  0  5  129  0  0  0  0  0  0  0  95  0  0  0  0  0  0  0  0  0  0  0  0  0  0  2  0  0  0  0  0  0  0  0  0  0  0  0  0  0  0  0  7  0  0  0  0  0  0  0  0  0  0  0  0  0  0  0  0  0  0  0  0  0  13  306  0  0  0  10208  3563  0  0  0  0  54874  972  0  0  0  0  0  0  1185  135  6  36  13235  0  1  10  0  3  61  0  16427  0  0  0  64  503  1  2815  0  0  0  0  0  0  0  0  0  0  0  0  7566  18  0  0  0  0  0  0  0  7  13  0  195  10  248  305  6  269  0  1  294266  19925  10527  31010  
2  0  0  2  0  19  6  18  0  17  0  0  0  0  33  1  0  0  0  0  0  0  0  1  0  208  7  0  0  24  0  2824  0  0  0  0  0  0  0  0  989  0  0  8  65  0  0  0  4  0  0  497  7  67  0  345  0  0  0  0  0  0  0  5  137  374  267  2  66  2  12  0  1  0  1756  0  0  617  5  13139  900  3715  5  0  0  9  0  20  964  13  4  314  0  0  0  0  0  3340  13  26  2  0  1  5  28  6093  0  0  0  0  0  0  0  0  5078  0  0  5  718  21  761  254  1221  0  0  22052  4450  716  6  58  0  0  0  0  0  239  694  17133  23  3360  42  313  69  9  45  0  75  0  8  11127  0  102  8  332  2  0  1  35116  84798  37098  
0  0  0  0  0  0  0  0  0  8  0  0  0  0  0  0  0  0  0  0  2  2  12  19  0  0  0  0  0  2  0  6  0  0  0  0  0  0  0  0  2  0  1  13  0  0  0  1  0  0  0  0  0  0  0  0  0  0  0  0  4  0  0  1  1  1  0  0  0  0  0  0  0  0  0  0  0  0  0  0  0  0  98  8490  1  0  0  0  0  0  2036  273  0  1  2383  746  52069  0  2  1  0  0  0  102  0  0  98  2864  3539  1  10  116  0  0  633  0  1258  39524  1  0  0  22693  1  28785  4  1  0  0  0  22  1  4  0  42  33852  0  5  0  335  423  0  0  0  0  7  112  8908  184  42  0  839  432  0  6  104367  0  0  73315  7122  2548  
0  0  0  5  0  2  0  7  6  38  0  0  0  0  13  0  0  0  0  0  1  2  6  10  7  841  20  43  1  63  0  61  1  0  0  0  0  0  0  0  1253  0  0  8  262  6  0  4  5  0  0  105  1  76  0  3222  0  3  0  0  3  0  0  0  2065  50  1041  1  221  0  27  0  13  0  1  0  1  523  0  11  14  3  1108  2822  0  1  0  4  89  2  6  178  0  0  4  6  114  99  204  34  4  2  0  189  88  260  10  30  20  0  0  0  0  0  20261  0  0  761  527  49  0  4812  1558  0  0  8054  46  39  11  354  0  2  0  0  19  0  139  5  949  5143  46  79  35  3  676  0  449  2  29  30729  177  34849  4  523  3538  53311  63524  0  33950  75834  
0  0  0  0  0  0  0  0  0  0  0  0  0  0  0  0  0  0  0  0  0  0  0  0  0  0  0  0  0  0  0  94  0  0  0  0  0  0  0  0  0  0  0  0  0  0  0  0  0  0  0  0  0  0  0  0  0  0  0  0  0  0  0  0  1  6  0  0  0  0  0  0  0  0  0  0  0  1  0  30  58  32  0  0  0  1  4  7  1944  1  24251  32958  0  0  0  0  7296  12498  0  0  0  0  0  0  3375  4939  0  35  126  1  1  8  1  0  3763  0  8  2  0  0  21429  32596  15829  42  0  16727  2515  391  0  0  0  0  0  4  20  1  31664  503  0  4  0  12  72  0  0  7  673  1  8  5  0  28  0  37  3288  107348  7083  47004  0  204776  
0  0  0  0  0  1  0  0  0  0  0  0  0  0  0  0  0  0  0  0  0  0  0  0  0  0  0  0  0  0  0  44  0  0  0  0  0  0  0  0  0  0  0  0  0  0  0  0  0  0  0  0  0  0  0  0  0  0  0  0  0  0  0  0  0  3  0  0  0  0  0  0  0  0  0  0  0  0  0  6  1  0  0  0  0  0  4  0  0  0  20  30  0  0  0  1  1831  119  0  0  0  0  0  0  124  52  0  0  16  0  0  0  0  0  2  0  0  0  0  0  2  26  0  0  0  2  0  0  0  0  0  0  0  0  0  0  28842  4  0  8  0  0  0  0  0  0  0  0  36  215  1  3169  2  1265  35601  92144  7156  112609  505130  0  
