0  0  0  0  28460  5580  3  0  0  0  0  0  0  0  10284  962  0  1  0  0  0  0  0  65485  0  0  0  0  0  0  19444  1  0  0  0  0  0  0  0  0  0  0  1  0  0  0  81  0  26  0  0  3  29883  321  0  0  0  0  0  0  0  633  244  5731  0  96  0  0  0  21689  0  0  0  0  1  0  0  0  0  0  0  0  0  0  0  0  0  0  0  1  0  0  0  0  0  0  0  1  0  0  0  0  0  0  5  0  0  0  0  0  0  0  0  0  0  0  0  0  0  0  0  0  0  0  0  0  0  0  0  0  0  0  0  0  0  0  0  0  0  1  0  0  0  0  0  0  0  0  0  3  0  20  2  0  0  2  0  2  0  0  
0  0  0  0  0  0  0  0  0  0  1  0  0  0  0  0  0  1  42325  0  55551  18808  866  0  0  0  0  0  0  1  0  0  0  0  0  0  3742  12  0  0  7  71810  3  4730  3  0  0  1  1  1520  39011  0  0  0  0  0  23716  35  30711  3122  2702  0  0  0  23  0  0  0  2  0  0  7929  35  1  0  0  0  0  0  0  0  0  0  0  0  0  0  0  0  0  0  0  0  0  1  9  0  0  0  0  0  0  0  0  0  0  0  0  0  0  0  0  0  0  0  0  0  0  0  0  0  0  0  0  0  0  0  0  0  0  0  0  0  0  2  0  0  0  0  0  0  0  0  0  0  0  0  0  0  0  1  45  2  1  0  0  0  2  0  0  
0  0  0  0  0  0  0  1920  2367  0  0  0  0  0  0  29567  1  0  0  0  0  0  0  0  0  0  0  0  0  634  0  0  0  0  0  0  0  0  0  0  5  0  0  11  3913  25570  0  0  2  0  0  0  0  2  0  0  0  0  1  0  2  0  0  0  2  23  352  0  0  0  72  0  3  0  0  0  11  0  0  0  3  32  34  0  0  0  0  0  0  27  0  0  0  0  0  0  0  0  0  0  0  0  0  11  0  0  0  0  0  0  0  0  0  0  1  0  0  0  0  11  0  0  0  0  0  0  0  0  0  0  0  0  0  0  0  0  0  0  0  5  0  0  0  0  2  0  0  0  0  1  1  4  7  0  0  2  0  0  0  0  
0  0  0  0  0  0  1  16  1  1  0  41611  0  0  0  0  3087  23  0  0  0  2  0  0  0  32938  0  18994  23567  0  0  0  5732  9233  186  2808  0  812  0  0  2471  0  0  36  29019  0  13  799  86891  0  1  40  0  8  0  0  0  0  1  0  30  0  0  1  20  6  6877  11922  561  0  4  0  78  364  0  0  0  0  0  0  0  0  0  0  0  0  0  0  0  0  0  0  0  0  0  0  0  0  0  0  0  0  0  0  0  0  0  0  0  0  0  0  0  0  0  0  0  0  0  0  0  0  0  0  0  0  0  0  0  0  0  0  0  0  0  0  0  0  0  0  0  0  0  0  0  0  0  0  0  34  0  519  640  34  0  1  0  5  0  0  
26120  0  0  0  0  4043  5  0  0  0  0  0  0  0  2848  29247  0  0  0  0  0  0  0  47  0  0  0  0  0  0  8997  0  0  0  0  0  0  0  0  0  0  0  0  0  0  0  5  0  0  0  0  0  12964  985  0  0  0  0  0  0  0  0  5  44  0  6  0  0  0  7991  0  0  0  0  0  0  0  0  0  1  0  0  0  0  0  0  0  0  0  0  0  0  0  0  0  0  0  0  0  0  0  0  0  0  0  0  0  0  0  0  0  0  0  0  0  0  0  0  0  0  0  0  0  0  0  0  0  0  0  0  0  0  0  0  0  0  0  0  0  0  0  0  0  0  0  0  0  0  0  1  0  2  0  0  0  0  0  0  0  0  
5229  0  0  0  2716  0  31741  14  1  0  0  0  0  0  404  106870  0  0  0  0  0  1  0  4557  0  0  0  0  0  0  771  4  0  0  0  0  0  0  0  0  1  0  0  1  0  0  906  0  717  0  0  1  7495  14893  0  1  0  0  0  0  1  3  3525  9639  0  45821  0  2  0  80846  6  0  0  0  6  0  0  0  0  17721  10  4  0  0  0  0  0  0  0  207  0  4  0  0  0  0  0  0  0  0  0  0  0  0  177  0  0  0  0  0  0  0  0  0  0  0  0  0  0  1  7  0  143  0  0  0  0  0  0  0  0  0  0  0  0  0  0  121  0  10398  0  0  2  690  0  0  0  0  0  3119  0  226  981  14  0  1013  0  100  107  0  
2  0  0  0  0  38105  0  25878  5  0  0  0  0  0  0  37085  0  0  0  0  0  0  0  21  0  0  0  0  0  0  1  0  0  0  0  0  0  0  0  0  2  0  0  1  1  10  128  0  163  0  0  1  137  377  0  0  0  0  0  0  1  0  7  118  4  72632  0  1  57  35  3  0  0  0  0  0  0  0  0  844  1002  12  1  0  0  0  0  0  0  160  0  0  0  0  0  0  0  0  0  0  0  0  0  0  0  0  0  0  0  0  0  0  0  0  0  0  0  0  0  1  0  0  0  0  0  0  0  0  0  0  0  0  0  0  0  0  0  0  0  468  0  0  0  0  0  0  0  0  0  187194  0  354  89  8  0  30  0  18  0  0  
0  0  1730  9  0  2  25761  0  28197  0  0  0  0  0  0  42866  4  0  2  0  0  2  0  1  0  3  0  0  0  13  0  0  0  0  0  0  0  0  0  0  100  0  0  70  14650  28459  25  0  205  0  0  0  1  1128  0  13  0  0  0  0  101  0  0  1  61  65369  19  0  9277  0  521  0  16  0  0  0  10  0  0  0  56  135  11  0  0  0  0  0  0  58  0  0  0  0  0  0  0  0  0  0  0  0  0  0  0  0  0  0  0  0  0  0  0  0  2  0  0  0  0  23  0  0  0  0  0  0  0  0  0  0  0  0  0  0  0  0  0  0  1  1369  0  0  1  0  1  0  1  0  0  29446  2  1145  64  8  0  108  0  34  3  0  
0  1  1649  0  0  0  7  22579  0  7984  0  0  0  0  0  2875  3  0  3  0  3  4  1  0  0  4  0  0  0  20536  0  0  0  0  0  1  1  12  0  0  142  0  0  1111  136  36668  3  3  28  0  0  0  0  5  0  27  0  1  6  7  93  0  0  0  3911  41107  42  0  21  0  62495  1  40  0  0  0  68  0  0  0  3  78  848  32  0  0  0  0  0  245  0  0  0  0  0  6  0  0  0  0  0  0  0  1013  0  0  0  0  0  0  0  0  0  0  4  0  0  45  0  203  0  0  0  0  0  0  0  0  0  0  2  0  0  0  0  0  0  0  20  2219  0  0  1  0  11335  0  3  0  0  51  7  1455  98  20  0  19  3  101  1  0  
0  0  0  2  0  0  0  18  7049  0  90  0  0  0  0  1  7  0  70  0  367  1470  13188  0  0  2  0  0  0  9679  0  7  1  0  0  0  34  454  0  0  185  0  0  55182  36  26  0  9  23  0  5  0  0  0  0  5  7  14  413  1033  1277  0  0  0  2980  81762  10  0  8  0  1243  19  926  2  0  6  0  0  0  0  0  0  410  4599  16  0  0  0  0  0  0  0  68  0  5  439  5  0  0  0  0  0  0  270  5  27  0  0  0  0  0  0  0  0  1142  0  0  2120  1  2  0  0  13  0  1  0  0  0  0  0  156  0  7  1  24  0  1  0  158  1297  1  0  3  0  2507  0  433  0  0  0  6684  4610  31  3  0  57  18169  6931  18  1  
0  0  0  0  0  0  0  0  0  140  0  0  0  0  0  0  0  0  23  32843  1  12016  0  0  0  0  2099  0  0  1484  0  0  0  1  0  0  0  0  0  0  1  251  0  153431  0  0  0  0  0  0  2  0  0  0  0  0  11  281  3  1  4  0  0  0  108486  12  0  0  0  0  0  0  1  0  0  0  0  0  0  0  0  0  0  3  15045  0  0  0  0  0  0  0  0  175  0  529  0  0  0  0  0  0  0  105  0  0  0  0  0  0  0  0  0  0  0  391  0  1772  0  0  0  0  0  0  0  0  0  0  0  0  0  0  0  0  0  0  0  0  78  0  0  0  0  0  0  0  0  0  0  0  0  1  0  0  0  0  0  0  0  0  
0  0  0  36170  0  1  0  0  0  0  0  0  123  18366  1  0  5642  8878  0  0  0  0  0  51  0  0  0  0  1858  0  0  0  184  1444  624  1  0  746  2  38074  1  0  2  0  19  0  737  1399  79152  0  0  16115  1  15  0  0  0  0  0  0  0  0  0  0  1  0  0  32585  0  0  0  0  61  0  0  0  0  0  0  0  0  0  0  0  0  0  0  0  0  0  0  0  0  0  0  0  0  0  0  0  0  0  0  0  0  0  0  0  0  0  0  0  0  0  0  0  0  0  0  0  0  0  0  0  0  0  0  0  0  0  0  0  0  0  0  0  0  0  0  0  0  0  0  0  0  0  0  0  1  0  0  34  1498  1  0  0  0  0  0  0  
0  0  0  0  0  3  0  0  0  0  0  151  0  5978  6  0  14  2073  0  0  0  0  0  38135  0  0  0  0  0  0  1  0  0  23  15  0  0  0  21018  512  0  0  2  0  0  0  12161  9  11832  0  0  53  743  0  0  0  0  0  0  0  0  2635  5  1354  0  2  0  0  0  5  0  0  2  0  0  0  0  0  0  0  0  0  0  0  0  0  0  0  0  0  0  0  0  0  0  0  0  0  0  0  0  0  0  0  0  0  0  0  0  0  0  0  0  0  0  0  0  0  0  0  0  0  0  0  0  0  0  0  0  0  0  0  0  0  0  0  0  0  0  0  0  0  0  0  0  0  0  0  2  1  0  1  3  0  0  0  0  1  0  0  
0  0  0  0  0  1  1  0  0  0  0  19055  6862  0  1191  0  15  730  0  0  0  0  0  1121  0  0  0  0  0  0  0  0  2  8  55  0  0  0  24489  45293  0  0  0  0  0  0  5137  78  19229  0  0  40303  2943  7  0  0  0  0  0  0  0  21934  0  187  0  0  0  0  0  0  0  0  2  0  0  0  0  0  0  0  0  0  0  0  0  0  0  0  0  0  0  0  0  0  0  0  0  0  0  0  0  0  0  0  0  0  0  0  0  0  0  0  0  0  0  0  0  0  0  0  0  0  0  0  0  0  0  0  0  0  0  0  0  0  0  0  0  0  0  0  0  0  0  0  0  0  0  0  0  0  0  1  4  0  0  0  0  0  0  0  
12159  0  0  0  7019  1880  0  1  0  0  0  0  9  2083  0  6831  0  0  0  0  0  0  0  7033  0  0  0  0  0  0  0  0  0  0  0  0  0  0  219  63  0  0  0  0  0  0  50  0  356  0  0  44704  77866  1606  0  0  0  0  0  0  0  22799  1  230  1  7  0  15  0  104  0  0  0  0  0  0  0  0  0  0  0  0  0  0  0  0  0  0  0  0  0  0  0  0  0  0  0  0  0  0  0  0  0  0  0  0  0  0  0  0  0  0  0  0  0  0  0  0  0  0  0  0  0  0  0  0  0  0  0  0  0  0  0  0  0  0  0  0  0  0  0  0  0  0  0  0  0  0  0  1  0  2  1  0  0  0  0  1  0  0  
2297  0  36876  0  36741  104719  34199  50660  3954  0  0  0  0  0  6182  0  0  0  0  0  0  0  0  6  0  0  0  0  0  4  674  0  0  0  0  0  0  0  0  0  2  0  0  0  12124  2420  8  0  4  0  0  0  7115  1241  0  0  0  0  0  0  2  0  1  25  1  990  168  0  222  19836  0  0  0  0  12  0  27  0  0  1330  150  1233  16  0  0  0  0  0  0  279  0  0  0  0  0  0  0  0  0  0  0  0  0  0  0  0  0  0  0  0  0  0  0  0  1  0  0  1  0  7  0  0  1  0  0  0  0  0  0  0  0  0  0  0  0  0  0  2  1  2422  0  0  0  18  0  0  0  0  0  15233  0  19  1  0  0  42  0  2  2  0  
0  0  0  652  0  0  0  41  0  0  0  7052  7  9  0  0  0  52328  0  0  0  0  8561  87  0  9  0  0  3  0  0  2  18290  1191  12560  89  0  28  0  11  20258  0  56  20  15  1  1496  56716  22825  0  0  0  0  0  0  1  0  2  0  1  1124  0  11922  466  3  0  1  2  980  0  1  1  71  72  0  0  0  0  0  0  0  0  0  0  0  0  0  0  0  0  0  0  0  0  0  0  0  0  0  0  0  0  0  0  0  0  0  0  0  0  0  0  0  0  0  0  0  0  0  0  0  0  0  0  0  0  0  0  0  0  0  0  0  0  0  0  0  0  0  0  0  0  0  0  0  0  0  0  4409  0  2690  696  77420  33  0  0  0  0  0  0  
2  0  0  67  0  1  0  0  0  0  0  7461  780  156  0  0  53398  0  0  0  0  0  1415  10110  0  0  0  0  0  0  14  7  140  1387  3412  0  0  84  79  203  82  0  10  2  1  0  62434  10171  51407  0  0  1  1  1  0  0  0  0  0  0  0  0  8475  3883  0  2  0  3  0  8  0  0  254  0  0  0  0  0  0  0  0  0  0  0  0  0  0  0  0  0  0  0  0  0  0  0  0  0  0  0  0  0  0  0  2  0  0  0  0  0  0  0  0  0  0  0  0  0  0  0  0  0  0  0  0  0  0  0  0  0  0  0  0  0  0  0  0  0  0  0  0  0  0  0  0  0  0  0  1760  8  29  192  60478  484  0  0  0  3  0  0  
0  49376  0  1  0  0  0  2  1  10  148  0  0  0  0  0  7  3  0  61  139  63  1  0  13  1  0  0  0  7  0  0  13  3  0  0  10010  3067  0  0  133  1430  0  3342  23  2  0  36  35  0  70  0  0  0  0  8  57305  27831  69145  426  2851  0  0  0  1051  16  8  0  9  0  15  651  17926  0  0  0  0  0  0  0  0  0  0  0  0  0  0  0  0  0  0  0  0  0  0  0  0  0  0  0  0  0  0  0  0  0  0  0  0  0  0  0  0  0  0  0  0  0  0  0  0  0  0  0  0  0  0  0  0  0  0  0  0  0  0  0  0  0  1  2  0  0  0  0  0  0  0  0  0  0  43  950  105  17  0  0  0  53  0  0  
0  0  0  0  0  0  0  0  0  0  27940  0  0  0  0  0  0  0  7  0  0  0  0  0  0  0  0  0  0  0  0  0  0  0  0  0  0  0  0  0  0  6076  0  10297  0  0  0  0  0  0  0  0  0  0  0  5  0  44284  1  0  0  0  0  0  14526  0  0  0  0  0  0  0  0  0  0  0  0  0  0  0  0  0  0  0  0  0  0  0  0  0  0  0  0  0  0  0  0  0  0  0  0  0  0  0  0  0  0  0  0  0  0  0  0  0  0  0  0  0  0  0  0  0  0  0  0  0  0  0  0  0  0  0  0  0  0  0  0  0  0  0  0  0  0  0  0  0  0  0  0  0  0  0  0  0  0  0  0  0  0  0  
0  67255  0  0  0  0  0  0  0  13  0  0  0  0  0  0  56  1  313  0  0  5054  8531  0  0  0  0  0  0  3  0  0  3  50  0  52  38199  986  0  0  516  2058  25  476  3  1  0  185  20  39699  54558  0  0  0  0  0  334  24  18834  107002  174392  0  0  0  139  20  0  0  2  0  3  3132  5899  171  0  0  0  0  0  0  0  0  0  0  0  0  0  0  0  0  0  0  0  0  4  30  212  0  0  0  0  0  0  0  0  0  0  0  0  0  0  0  0  0  0  9  0  0  0  0  0  0  0  0  0  0  0  0  0  0  0  0  0  0  231  0  0  0  0  1  0  0  0  0  0  0  0  0  0  0  305  427  90  0  0  0  0  3  0  0  
0  19159  0  1  0  0  0  3  6  3332  13719  0  0  0  0  0  4  0  910  0  3967  0  5426  0  0  0  0  0  0  65  2  22  1  1  0  1  456  111  0  0  104  38219  2  220406  13  4  0  8  13  400  49927  0  0  0  0  3  926  430  3069  387  180260  0  0  0  1078  286  1  0  3  3  5  55  1429  1  0  6  0  0  0  5  0  0  23  3219  7891  0  0  0  0  0  0  0  3  0  633  74928  118  0  0  0  0  0  0  15  17  57  0  0  0  0  0  0  0  0  10  5320  0  11468  0  0  0  0  0  2  18  0  0  0  0  0  4  0  0  32  9572  0  0  1  86  195  0  0  0  0  31  0  10  0  0  0  752  247  47  12  1  135  209  20  0  0  
8  99  0  0  0  0  0  0  0  11966  0  1  0  0  0  0  10326  2814  2  0  9785  7034  0  14  0  0  0  0  0  0  15  144  1  178  16337  0  439  31  0  0  59  10  38788  4743  0  0  7  2655  1  18818  117  0  0  0  0  0  0  0  10  62  68680  0  9238  4  7  167  0  0  0  10  1  28  264  1  0  0  0  0  0  0  0  0  0  3  0  0  0  0  0  0  0  0  1  0  9  83  23  1  0  0  0  0  0  0  5  3  0  0  0  0  0  0  0  0  5  4  1  1  0  0  0  0  0  1  2  0  0  0  0  0  1  0  0  5  35  0  0  0  2  8  0  0  0  1  0  0  0  0  31628  0  168959  14083  1407  156  4  4  1636  45  0  0  
65739  0  0  0  311  6040  22  0  0  1  0  198  33755  485  5182  35  143  10982  0  0  0  1  19  0  0  0  0  0  0  2  42734  464  0  130  87  0  0  6  6873  19  0  0  137  0  1  0  64791  2036  5498  0  0  625  6017  207  0  0  0  0  0  0  2  41595  101258  198517  1  661  0  1  0  23462  1  0  20  0  8  0  0  0  0  8  0  0  0  0  0  0  0  0  0  3  0  0  0  0  0  0  2  1467  0  0  0  0  0  0  2912  7  0  0  2  0  0  0  0  0  0  0  1  0  0  0  5  0  0  0  0  0  0  0  0  0  0  0  0  0  0  0  10  15  0  13  0  0  0  1  1  0  0  0  73  121  2  73  46102  2181  4  31  3  11  4  0  
0  0  0  0  0  0  0  0  0  0  0  0  0  0  0  0  0  0  74  0  0  0  0  0  0  17463  0  0  0  0  0  0  0  6173  0  9386  0  414  0  0  40  0  0  0  0  0  0  0  0  0  0  0  0  0  4540  5656  0  3132  0  0  0  0  0  0  0  0  0  0  0  0  0  0  59919  0  0  0  0  0  0  0  0  0  0  0  0  0  0  0  0  0  0  0  0  0  0  0  0  0  0  0  0  0  0  0  0  0  0  0  0  0  0  0  0  0  0  0  0  0  0  0  0  0  0  0  0  0  0  0  0  0  0  0  0  0  0  0  0  0  0  0  0  0  0  0  0  0  0  0  0  0  0  0  0  0  0  0  0  0  0  0  
0  0  0  39699  0  0  0  5  0  0  0  1  0  0  0  0  98  2  0  0  0  0  0  0  24267  0  0  4311  0  0  0  0  4809  14852  0  30243  0  571  0  0  59252  0  0  5  1295  0  0  27  4882  0  0  0  0  0  20847  318  0  0  1  0  6  0  0  0  0  0  30842  1  177  0  1  0  3604  854  0  0  0  0  0  0  0  0  0  0  0  0  0  0  0  0  0  0  0  0  0  0  0  0  0  0  0  0  0  0  0  0  0  0  0  0  0  0  0  0  0  0  0  0  0  0  0  0  0  0  0  0  0  0  0  0  0  0  0  0  0  0  0  0  0  0  0  0  0  0  0  0  0  0  0  0  0  188  114  0  0  0  0  3  0  0  
0  0  0  0  0  0  0  0  0  1  2033  0  0  0  0  0  0  0  0  0  0  0  0  0  0  0  0  0  0  16286  0  0  0  0  0  0  0  0  0  0  0  0  0  15  0  0  0  0  0  0  0  0  0  0  0  23124  0  1  0  0  0  0  0  0  23788  0  3  0  0  0  1311  0  4  0  0  0  0  0  0  0  0  0  0  0  2  0  0  0  0  0  0  0  0  0  0  0  0  0  0  0  0  0  0  4  0  0  0  0  0  0  0  0  0  0  0  0  0  0  0  0  0  0  0  0  0  0  0  0  0  0  0  0  0  0  0  0  0  0  2  0  0  0  0  0  0  0  0  0  0  0  0  0  1  0  0  0  0  0  0  0  
0  0  0  20814  0  0  0  0  0  0  0  0  0  0  0  0  0  0  0  0  0  0  0  0  0  5442  0  0  1473  0  0  0  1  0  0  0  0  0  0  0  0  0  0  0  17985  0  0  0  0  0  0  0  0  0  0  0  0  0  0  0  0  0  0  0  0  0  5478  0  0  0  0  0  0  1  0  0  0  0  0  0  0  0  0  0  0  0  0  0  0  0  0  0  0  0  0  0  0  0  0  0  0  0  0  0  0  0  0  0  0  0  0  0  0  0  0  0  0  0  0  0  0  0  0  0  0  0  0  0  0  0  0  0  0  0  0  0  0  0  0  0  0  0  0  0  0  0  0  0  0  0  0  0  0  0  0  0  0  0  0  0  
0  0  0  22410  0  0  0  0  0  0  0  2612  0  0  0  0  15  2  0  0  0  0  0  0  0  0  0  1288  0  0  0  0  6  46  0  0  0  2  0  0  0  0  0  0  18288  0  0  6  1591  0  0  85  0  6  0  0  0  0  0  0  0  0  0  0  0  0  0  31854  7  0  0  0  1  0  0  0  0  0  0  0  0  0  0  0  0  0  0  0  0  0  0  0  0  0  0  0  0  0  0  0  0  0  0  0  0  0  0  0  0  0  0  0  0  0  1  0  0  0  0  0  0  0  0  0  0  0  0  0  0  0  0  0  0  0  0  0  0  0  0  0  0  0  0  0  0  0  0  0  0  5  0  43  8  0  0  0  0  0  0  0  
0  0  226  2  0  0  0  63  16553  14089  2703  0  0  0  0  3  7  1  4  0  6  54  0  0  0  7  28785  0  0  0  0  0  2  0  0  0  2  25  0  0  180  0  0  11059  117  56073  0  3  34  0  1  0  0  0  0  3720  0  1  8  20  98  0  0  0  75090  1442  127  0  12  0  191685  2  142  0  0  0  9  0  0  0  0  3  185  42  230  0  0  0  0  13  0  0  0  0  0  78  1  0  0  0  0  0  0  12919  0  0  0  0  0  0  0  0  0  0  4  0  0  204  0  34  0  0  0  0  0  0  0  0  0  0  0  0  0  0  1  0  0  0  610  176  0  0  0  0  10787  0  2  0  0  2  6  2417  212  54  0  0  2  108  0  0  
22041  0  0  0  9218  1086  2  0  0  1  0  0  0  0  0  1352  0  15  0  0  0  0  6  51420  0  0  0  0  0  0  0  14244  0  0  0  0  0  0  0  0  0  0  0  1  0  0  196  0  27  0  0  0  266  64  0  0  0  0  0  0  0  0  82366  499  0  44  0  0  0  85318  0  0  0  0  69  0  0  0  0  3680  0  0  0  0  0  0  0  0  0  114  1  1  0  0  0  0  2  734  0  0  0  0  0  0  26881  27  0  0  1  0  0  0  0  0  0  0  3  0  0  0  2  0  0  0  0  0  0  0  0  0  0  0  0  0  0  0  118  27  0  84  0  0  0  11808  0  0  0  0  1  2  3  78  431  64  0  42  5  27  10  0  
7  0  0  0  0  9  1  0  0  15  0  0  0  0  0  2  0  18  0  0  0  1  867  285  0  0  0  0  0  0  10453  0  0  0  0  0  0  0  0  0  0  0  5  2  0  0  7  0  7  0  0  0  1  0  0  0  0  0  0  0  0  0  7141  17  0  6149  0  0  0  10984  0  0  0  0  0  0  0  0  0  516  0  0  0  0  0  0  0  0  0  0  0  0  0  0  1  0  0  9  0  0  0  0  0  0  236  22  0  0  0  0  0  0  0  0  0  0  0  0  0  0  0  0  0  0  0  0  0  0  0  0  0  0  0  0  0  0  0  1  0  30  0  0  0  3  0  0  0  0  59  1  309  9587  1742  676  0  4480  8  426  1  0  
0  0  0  5220  0  0  0  1  1  0  3  1321  0  2  0  0  23879  381  266  0  11  1  1  2  0  40  0  1  16  2  0  0  0  28895  1321  4849  0  389  0  3  27785  0  1  138  3  2  10  53431  958  1  2  0  0  0  0  22  35  38  778  6  197  0  3  0  602  9  31  1  0  0  0  30  22132  44626  0  0  0  0  0  0  0  0  0  1  0  0  0  0  0  0  0  0  0  0  0  0  0  0  0  0  0  0  0  0  0  0  0  0  0  0  0  0  0  0  0  0  0  0  0  0  0  0  0  0  0  0  0  0  0  0  0  0  0  0  0  0  0  0  0  0  0  0  0  0  0  0  0  0  0  0  1  98  3203  0  0  0  0  6  0  0  
0  0  0  5924  0  0  0  0  0  0  0  1163  117  1  0  0  1300  1021  3  0  4  0  461  189  9638  12971  0  0  18  0  0  0  19370  0  60270  83969  30  31456  1  21  5381  0  34265  1  0  0  293  24767  586  122  0  0  0  0  46  18  0  1  16  1  154  0  5  9  8  0  1  7  0  0  0  1575  165524  5827  0  0  0  0  0  0  0  0  0  0  0  0  0  0  0  0  0  0  0  0  0  0  0  0  0  0  0  0  0  0  0  0  0  0  0  0  0  0  0  0  0  0  0  0  0  0  0  0  0  0  0  0  0  0  0  0  0  0  0  0  0  0  0  0  0  0  0  0  0  0  0  0  0  0  113  0  307  15  420  0  1  0  0  0  0  0  
1  0  0  82  0  0  0  0  0  0  0  464  6  2  0  0  11864  1689  0  0  1  0  14204  17  0  0  0  0  1  0  2  2  395  48044  0  0  16  194  0  5  0  0  42243  0  0  0  48  65538  168  140  0  0  0  0  0  0  0  0  0  0  309  0  5841  1  0  0  0  0  0  0  0  60  5888  0  0  0  0  0  0  0  0  0  0  0  0  0  0  0  0  0  0  1  0  0  0  0  1  0  0  0  0  0  0  0  0  0  0  0  0  0  0  0  0  0  0  0  0  0  0  0  0  0  0  0  0  0  0  0  0  0  0  0  0  0  0  0  0  0  0  0  0  0  0  0  0  0  0  0  30324  0  2651  0  446  2  0  0  0  0  0  0  
0  0  0  1976  0  0  0  0  0  0  0  4  0  0  0  0  845  0  1  0  7  0  0  0  5782  30234  0  0  10  1  0  0  6724  91419  0  0  0  74  0  0  87254  0  0  5  4  0  0  979  132  0  0  0  0  0  7195  1953  0  0  4  0  16  0  0  0  5  1  13  0  0  0  0  0  37283  34586  0  0  0  0  0  0  0  0  0  0  0  0  0  0  0  0  0  0  0  0  0  0  0  0  0  0  0  0  0  0  0  0  0  0  0  0  0  0  0  0  0  0  0  0  0  0  0  0  0  0  0  0  0  0  0  0  0  0  0  0  0  0  0  0  0  0  0  0  0  0  0  0  0  0  0  0  0  1  18  0  0  0  0  0  0  0  
0  10693  0  0  0  0  0  0  0  12  3  0  0  0  0  0  1  0  7229  0  26733  2382  615  0  0  0  0  0  0  0  0  0  1  2  31  0  0  59490  0  0  41  714  34556  77  0  0  0  7  0  73566  2006  0  0  0  0  0  155  7  37771  63636  3410  0  0  0  69  8  0  0  1  0  0  179726  9967  1  0  0  0  0  0  0  0  0  0  0  0  0  0  0  0  0  0  0  0  0  11  9  25  0  0  0  0  0  0  0  0  0  0  0  0  0  5  0  0  0  0  6  0  0  0  0  0  0  0  3  2  0  0  0  0  0  0  0  0  9  13  0  0  0  0  0  0  0  0  0  0  0  0  0  0  0  9  40  11  1  0  0  0  0  0  0  
0  5  0  104  0  0  0  1  2  22  1  111  6  0  0  0  43  31  5780  0  1161  76  56  6  82  988  0  0  0  2  0  0  83  18550  40  2  70741  0  0  1  283  0  8240  254  2  0  14  285  18  2989  17  0  0  0  0  0  45  39  16928  1781  11678  0  0  0  284  19  1  2  3  0  2  106130  259203  25  0  0  0  0  0  0  0  0  0  0  0  0  0  0  0  0  0  0  0  0  0  0  0  0  0  0  0  0  0  0  0  0  0  0  0  0  0  0  0  0  0  0  0  0  0  0  0  0  0  0  0  0  0  0  0  0  0  0  0  0  0  0  0  0  0  0  0  0  0  0  0  0  0  0  0  0  53  228  55  0  0  0  0  8  0  0  
0  0  0  0  0  9  6  0  0  0  0  16  23937  24402  617  0  0  541  0  0  0  0  0  9034  0  0  0  0  0  0  0  0  0  0  1  0  0  0  0  219  0  0  0  0  0  0  9903  1  36173  0  0  2476  11805  13  0  0  0  0  0  0  0  3477  2  14466  0  5  0  0  0  2  0  0  0  0  0  0  0  0  0  0  0  0  0  0  0  0  0  0  0  0  0  0  0  0  0  0  0  0  0  0  0  0  0  0  0  0  0  0  0  0  0  0  0  0  0  0  0  0  0  0  0  0  0  0  0  0  0  0  0  0  0  0  0  0  0  0  0  0  0  0  0  0  0  0  0  0  0  0  0  1  0  0  3  0  0  0  0  0  0  0  
0  0  0  0  0  0  0  0  0  0  0  31048  337  42761  276  0  1  270  0  0  0  0  0  12  0  0  0  0  0  0  0  0  0  9  1  0  0  0  216  0  0  0  0  0  0  0  189  1  13512  0  0  9238  279  3  0  0  0  0  0  0  0  13  0  3  0  0  0  6  0  0  0  0  1  0  0  0  0  0  0  0  0  0  0  0  0  0  0  0  0  0  0  0  0  0  0  0  0  0  0  0  0  0  0  0  0  0  0  0  0  0  0  0  0  0  0  0  0  0  0  0  0  0  0  0  0  0  0  0  0  0  0  0  0  0  0  0  0  0  0  0  0  0  0  0  0  0  0  0  0  1  0  1  1  0  0  0  0  0  0  0  
0  2  5  1876  0  0  0  60  20  35  6  49  0  0  0  4  17214  156  506  1  45  10  8  0  208  41590  0  0  4  80  0  0  38610  4294  0  59967  3  41  0  0  0  0  0  1648  2091  150  0  24007  14921  0  6  0  0  0  1711  3486  75  101  1332  30  4275  0  0  0  1939  64  13733  0  857  0  137  34  62480  11133  0  0  0  0  0  0  0  0  0  0  0  0  0  0  0  0  0  0  0  0  0  0  0  0  0  0  0  0  0  0  0  0  0  0  0  0  0  0  0  0  7  0  0  1  0  0  0  0  1  0  0  0  0  0  0  0  0  0  0  0  0  0  0  0  1  10  0  0  0  0  0  0  0  0  0  1  64  6067  11119  112  0  0  0  238  0  0  
0  62248  0  0  0  0  0  2  1  0  270  0  0  0  0  0  0  0  756  5264  1043  43884  82  0  0  0  0  0  0  0  0  0  0  0  0  0  179  0  0  0  12  0  2  31003  6  3  0  0  0  201  13650  0  0  0  0  0  5312  4776  1252  13  2588  0  0  0  129  2  0  0  0  0  0  1  61  0  0  0  0  0  0  0  0  0  0  0  0  0  0  0  0  0  0  0  0  0  0  1  0  0  0  0  0  0  0  0  0  0  0  0  0  0  0  0  0  0  0  0  0  0  0  0  0  0  0  0  0  0  0  0  0  0  0  0  0  0  0  0  0  0  0  0  0  0  0  0  0  0  0  0  0  0  0  66  9  3  0  0  0  0  0  0  
0  2  0  0  0  0  0  0  0  0  0  1  1  0  0  0  36  23  0  0  12  2  34324  20  0  0  0  0  0  0  0  0  0  36856  40557  0  33314  8027  0  0  0  1  0  0  0  0  7  1065  1  13025  2  0  0  0  0  0  0  0  0  0  1882  0  13  18  0  0  0  0  0  0  0  27162  760  0  0  0  0  0  0  0  0  0  0  0  0  0  0  0  0  0  0  0  0  0  4  0  4  0  0  0  0  0  0  0  0  0  0  0  0  0  1  0  0  0  0  2  1  0  0  0  0  0  0  5  0  0  0  0  0  0  0  0  0  1  0  0  0  0  0  0  0  0  0  0  0  0  0  0  24184  0  8285  3  17  3  0  0  0  0  0  0  
0  747  6  5  0  1  0  103  2087  49543  144183  0  0  0  0  4  39  6  4152  9740  2671  173987  3809  0  0  23  1  0  2  7574  0  53  18  4  0  1  188  960  0  0  1348  32979  0  0  513  180  0  63  238  0  1119  0  0  0  0  47  8945  15736  9761  1752  40365  0  0  0  81172  11765  128  0  61  2  125  155  6923  52  0  1  0  0  0  10  0  0  30  4691  9988  0  0  0  0  0  0  1  11  3  7  6165  39  1  0  0  0  0  0  40  28  125  0  0  0  0  0  0  0  0  18  93  0  6733  0  1  0  0  0  0  0  0  0  0  0  0  8  0  2  0  196  0  4  0  80  312  0  0  0  2  41  0  31  1  1  1  1590  6890  1082  190  1  256  877  206  0  0  
0  0  3239  31066  0  0  0  4328  12  9  0  69  0  0  0  2367  10  0  2  0  2  2  0  1  0  1537  0  18870  22083  10  0  0  1  25  0  1  0  3  0  0  4685  0  0  127  0  1145  6  1  8621  0  0  65  0  6  0  5  0  3  7  1  214  0  0  1  125  35  15641  21555  5384  0  61  0  43  0  0  0  0  0  0  0  0  0  1  0  0  0  0  0  0  0  0  0  0  0  0  0  0  0  0  0  0  0  0  0  0  0  0  0  0  0  0  0  0  0  0  0  0  0  0  0  0  0  0  0  0  0  0  0  0  0  0  0  0  0  0  0  0  0  0  0  0  0  0  0  0  0  0  0  0  16  1  2963  307  11  0  0  0  19  0  0  
0  0  16597  1  0  0  8  39972  25721  23  0  0  0  0  0  3633  61  2  10  0  1  12  0  1  0  11  0  0  0  47480  0  0  2  0  0  0  0  5  0  0  869  0  0  776  4660  0  4  4  106  0  1  1  0  6  0  118  3  2  6  1  229  0  0  0  342  3772  12458  0  28  0  22177  0  88  0  0  0  7  0  0  0  0  2  25  2  0  0  0  0  0  26  0  0  0  0  0  0  0  0  0  0  0  0  0  404  0  0  0  0  0  0  0  0  0  0  0  0  0  0  0  19  0  0  0  0  0  0  0  0  0  0  0  0  0  0  0  0  0  0  0  17  0  0  0  0  39  0  0  0  0  41  1  376  355  14  0  2  1  42  0  0  
21  0  0  19  0  386  25  8  0  0  0  234  8552  114  8  1  262  42168  0  0  0  0  4  65629  0  0  0  0  7  0  38  5  0  95  61  0  0  8  6196  32  0  0  2  2  25  0  0  1424  28747  0  0  50  1427  132  0  1  0  0  0  0  2  630  370  28664  1  312  0  22  2  352  2  0  24  0  0  0  0  0  0  1  0  0  1  0  0  0  0  0  0  0  0  0  0  0  0  0  0  0  0  0  0  0  0  0  5  0  0  0  0  0  0  0  0  0  0  0  0  0  0  0  0  0  0  0  0  0  0  0  0  0  0  0  0  0  0  0  0  0  0  12  0  0  0  0  0  0  0  0  94  244  0  150  39624  65  1  29  3  12  0  0  
1  1  0  817  0  0  0  8  1  6  7  1383  3  3  0  0  55453  7273  879  1  139  3  5798  1873  0  0  0  0  0  5  0  1  50644  29137  68049  965  70  845  0  7  19223  2  2043  367  13  2  2620  0  2594  1418  5  0  0  0  0  56  156  186  2192  21  6745  0  697  79  2596  25  39  4  39  0  5  182  54121  8466  0  0  0  0  0  0  0  0  0  0  0  0  0  0  0  0  0  0  0  0  0  0  0  0  0  0  0  0  0  0  0  0  0  0  0  0  0  0  0  0  0  0  0  1  0  0  0  0  0  0  0  0  0  0  0  0  0  0  0  0  0  0  0  0  0  0  0  0  0  0  0  0  0  0  1303  1  22013  809  112752  30  0  0  0  18  0  0  
3  0  0  71055  0  251  58  537  14  4  1  55623  4198  8687  461  1  27557  51221  4  0  1  1  0  4528  0  3217  0  3  168  16  3  0  1301  354  82  119  0  24  26045  11659  17800  0  0  217  7054  8  43243  833  0  0  0  18901  13028  2527  1  7  2  1  5  5  1465  824  135  7374  111  163  150  15218  7118  165  19  1  129  133  0  0  0  0  0  2  4  2  0  0  0  0  0  0  0  0  0  0  0  0  0  0  0  0  0  0  0  0  0  0  0  0  0  0  0  0  0  0  0  0  1  0  0  0  0  3  0  0  0  0  0  0  0  0  0  0  0  0  0  0  0  0  0  1  0  21  0  0  0  0  0  0  0  0  1  4978  119  16659  58796  560  0  74  0  87  0  0  
0  3141  0  0  0  0  0  0  0  0  0  0  0  0  0  0  3  0  2  0  46300  339  24805  0  0  0  0  0  0  0  0  0  0  320  1103  0  61694  3655  0  0  3  267  11930  0  0  0  0  3283  2  0  1484  0  0  0  0  0  0  0  1  14901  31483  0  0  0  1  0  0  0  0  0  0  47579  6361  5  0  0  0  0  0  0  0  0  0  0  0  0  0  0  0  0  0  0  0  0  3  2  4  0  0  0  0  0  0  0  0  0  0  0  0  0  0  0  0  0  0  2  0  0  0  0  0  0  0  0  1  0  0  0  0  0  0  0  0  0  5  0  0  0  0  0  0  0  0  0  0  0  0  0  0  0  875  2  97  1  0  0  0  0  0  0  
0  30060  0  0  0  0  0  0  0  2  11  0  0  0  0  0  1  0  659  0  15007  59781  175  0  0  1  0  0  0  1  0  0  0  0  0  0  183  22  0  0  21  16878  1  1052  6  1  0  0  6  732  0  0  0  0  0  0  952  228  6427  433  36697  0  0  0  133  3  1  0  2  0  1  13  175  0  0  0  0  0  0  0  0  0  0  0  0  0  0  0  0  0  0  0  0  0  128  166  104  0  0  0  0  0  0  0  0  0  0  0  0  0  0  0  0  0  0  16  0  1  0  0  0  0  0  0  3  0  0  0  0  0  0  0  0  1  1329  0  0  0  0  0  0  0  0  0  0  0  0  0  0  0  5  132  14  7  0  0  0  2  0  0  
4  0  0  10  0  14  11  1  0  0  0  10796  43  43263  38226  0  1  1  0  0  0  0  0  1716  0  0  0  0  10  0  0  0  0  0  0  0  0  0  2418  10052  0  0  0  0  14  1  172  0  24142  0  0  0  39480  636  0  0  0  0  0  0  0  34712  1  584  0  6  0  44739  2  3  0  0  0  0  0  0  0  0  0  0  0  0  0  0  0  0  0  0  0  0  0  0  0  0  0  0  0  0  0  0  0  0  0  0  0  0  0  0  0  0  0  0  0  0  0  0  0  0  0  0  0  0  0  0  0  0  0  0  0  0  0  0  0  0  0  0  0  0  0  0  0  0  0  0  0  0  0  0  0  1888  0  45  72  0  0  0  0  0  0  0  
49979  0  0  0  18631  3544  181  3  0  0  0  0  68  135  69747  11722  0  0  0  0  0  0  0  5039  0  0  0  0  0  0  35  0  0  0  0  0  0  0  2306  73  0  0  0  1  0  0  1037  0  4531  0  0  40478  0  17538  0  1  0  0  0  0  1  6214  100  7280  1  120  0  0  1  344  0  0  1  0  0  0  0  0  0  0  0  0  0  0  0  0  0  0  0  0  0  0  0  0  0  0  0  0  0  0  0  0  0  0  0  0  0  0  0  0  0  0  0  0  0  0  0  0  0  0  0  0  0  0  0  0  0  0  0  0  0  0  0  0  0  0  0  0  0  2  0  0  0  0  0  0  0  0  0  54  0  26  6  0  0  13  0  6  0  0  
505  0  0  4  400  5268  859  1881  2  0  0  3  0  0  1317  509  2  1  1  0  0  0  0  403  0  0  0  0  0  0  30  0  0  0  0  0  0  0  5  5  0  0  0  0  7  0  349  0  4963  0  0  553  14532  0  0  0  0  0  0  0  1  4  105  1387  1  133  0  49  21917  236  3  0  1  0  0  0  0  0  0  1  0  0  1  0  0  0  0  0  0  0  0  0  0  0  0  0  0  0  0  0  0  0  0  0  0  0  0  0  0  0  0  0  0  0  0  0  0  0  0  1  0  0  0  0  0  0  0  0  0  0  0  0  0  0  0  0  0  0  0  9  0  0  0  0  0  0  0  0  0  23278  0  771  232  13  0  11  0  11  0  0  
0  0  0  0  0  0  0  0  0  0  0  0  0  0  0  0  0  0  0  0  0  0  0  0  5151  21713  0  0  0  0  0  0  0  8  0  11592  0  0  0  0  1394  0  0  0  0  0  0  0  0  0  0  0  0  0  0  5172  0  0  0  0  0  0  0  0  0  0  12  0  0  0  2  0  12807  0  0  0  0  0  0  0  0  0  0  0  0  0  0  0  0  0  0  0  0  0  0  0  0  0  0  0  0  0  0  0  0  0  0  0  0  0  0  0  0  0  0  0  0  0  0  0  0  0  0  0  0  0  0  0  0  0  0  0  0  0  0  0  0  0  0  0  0  0  0  0  0  0  0  0  0  0  0  0  0  0  0  0  0  0  0  0  
0  0  0  1  0  0  0  1  8  0  0  0  0  0  0  0  6  0  1  0  0  0  0  0  2769  250  29076  0  0  3881  0  0  1  9  0  1401  0  0  0  0  2123  0  0  46  2  66  0  6  9  0  0  0  0  0  5750  0  2  27835  6  0  8  0  0  0  20849  5  3540  0  1  0  12879  0  36939  0  0  0  0  0  0  0  0  0  0  0  0  0  0  0  0  0  0  0  0  0  0  0  0  0  0  0  0  0  0  0  0  0  0  0  0  0  0  0  0  0  0  0  0  0  0  0  0  0  0  0  0  0  0  0  0  0  0  0  0  0  0  0  0  0  0  0  0  0  0  0  0  0  0  0  0  0  0  9  14  0  0  0  0  1  0  0  
0  41543  0  0  0  0  0  0  0  4  23  0  0  0  0  0  2  0  56807  60  576  1066  0  0  0  0  0  0  0  2  0  0  2  0  0  1  1317  29  0  0  30  7218  0  15214  3  1  0  3  8  0  1171  0  0  0  0  1  0  4415  23919  79  1523  0  0  0  1261  9  2  0  2  0  0  16  220  1  0  0  0  0  0  0  0  0  0  0  0  0  0  0  0  0  0  0  0  0  0  2  0  0  0  0  0  0  0  0  0  0  0  0  0  0  0  0  0  0  0  0  0  0  0  0  0  0  0  0  0  0  0  0  0  0  0  0  0  0  0  0  0  0  0  0  0  0  0  0  0  0  0  0  0  0  6  253  13  6  0  0  0  6  0  0  
0  4  0  0  0  0  0  0  0  7  363  0  0  0  0  0  0  0  26537  37275  12  41  0  0  1436  0  1  0  0  1  0  0  1  0  0  0  1  8  0  0  30  5442  0  14836  5  0  0  6  3  0  13  0  0  0  0  30656  4462  0  1734  33  1349  0  0  0  58070  14  3  0  0  0  2  7  34705  0  0  0  0  0  0  0  0  0  0  0  0  0  0  0  0  0  0  0  0  0  0  0  0  0  0  0  0  0  0  0  0  0  0  0  0  0  0  0  0  0  0  0  0  0  0  0  0  0  0  0  0  0  0  0  0  0  0  0  0  0  0  0  0  0  0  0  0  0  0  0  0  0  0  0  0  0  11  221  16  4  0  0  0  2  0  0  
0  30680  0  1  0  0  0  7  6  39  24  0  0  0  0  0  39  0  53548  5  16258  990  2  0  0  1  0  0  0  9  0  0  81  14  0  1  28460  14693  0  0  378  328  0  2299  20  1  0  279  37  0  1442  0  0  0  0  8  9892  4261  0  14823  13538  0  0  0  810  41  7  0  9  0  21  51272  45827  6  0  0  0  0  0  0  0  0  0  0  0  0  0  0  0  0  0  0  1  0  0  0  0  0  0  0  0  0  0  0  0  0  0  0  0  0  0  0  0  0  0  0  0  0  0  0  0  0  0  0  0  0  0  0  0  0  0  0  0  0  0  0  0  0  0  6  0  0  0  0  0  0  1  0  0  0  38  1290  149  17  0  0  0  106  0  0  
0  6968  0  0  0  0  0  0  1  79  3  0  0  0  0  0  12  0  2859  0  104846  413  5  0  0  0  0  0  0  2  0  0  10  28  0  10  65059  2429  0  0  280  179  0  476  2  1  0  57  11  10853  1012  0  0  0  0  1  524  153  18845  0  34312  0  0  0  820  95  1  0  2  0  1  21910  7283  52  0  0  0  0  0  0  0  0  0  0  0  0  0  0  0  0  0  0  0  0  2  3  0  0  0  0  0  0  0  0  0  0  0  0  0  0  0  0  0  0  2  5  0  2  0  0  0  0  0  0  1  0  0  0  0  0  0  0  0  0  1  0  0  0  1  4  0  0  0  0  0  0  0  0  0  0  27  456  79  4  0  0  2  8  0  0  
0  1775  0  4  0  0  0  67  8  148  23  0  0  0  0  0  1682  25  4497  2  173003  133844  53962  0  0  7  0  0  1  17  0  0  109  67  24  21  840  4105  0  0  6978  1516  204  25312  209  19  2  3044  949  25296  94744  0  0  0  0  9  1913  1080  32108  18836  0  0  0  0  2589  186  21  0  470  0  35  5608  18374  132  0  1  0  0  0  0  0  0  0  1  37  0  0  0  0  0  0  0  0  0  169  1384  982  0  0  0  0  0  0  0  0  0  0  0  0  0  0  0  0  0  1  190  0  5  0  0  0  0  0  0  6  0  0  0  0  0  0  0  0  4  4165  0  0  0  0  5  0  0  0  0  0  0  0  0  7  1  51422  9070  2177  110  0  0  1  60  0  0  
1138  0  0  0  0  13  2  0  0  0  0  1  2591  16028  18236  0  0  0  0  0  0  0  0  54958  0  0  0  0  0  0  0  0  0  1  0  0  0  0  3118  3  0  0  0  0  0  0  525  0  605  0  0  21565  8935  49  0  0  0  0  0  0  0  0  1  3863  0  5  0  0  0  2  0  0  0  0  0  0  0  0  0  0  0  0  0  0  0  0  0  0  0  0  0  0  0  0  0  0  0  0  0  0  0  0  0  0  0  0  0  0  0  0  0  0  0  0  0  0  0  0  0  0  0  0  0  0  0  0  0  0  0  0  0  0  0  0  0  0  0  0  0  0  0  0  0  0  0  0  0  0  0  0  0  0  0  0  0  0  0  0  0  0  
73  0  0  0  0  427  5  2  0  1  0  0  0  0  1  1  13112  8045  0  0  0  0  7521  103510  0  0  0  0  0  1  69154  7695  0  3  5478  0  0  0  0  0  0  0  11  0  0  0  783  1818  272  0  0  3  429  19  0  0  0  0  0  0  0  1  0  6161  1  299  0  0  0  35738  0  0  0  0  2  0  0  0  0  2  0  0  0  0  0  0  0  0  0  6  0  0  0  0  0  0  1  12  0  0  0  0  0  0  70  0  0  0  0  0  0  0  0  0  0  0  0  0  0  0  0  0  0  0  0  0  0  0  0  0  0  0  0  0  0  0  1  1  0  6  0  0  0  2  0  0  0  0  20262  9  755  572  66935  20286  0  64  0  5  0  0  
5893  0  0  3  9  9365  93  10  1  0  0  0  1922  19  24  4  0  34  0  0  0  0  0  168390  0  0  0  0  0  3  2141  47  0  1  1  0  0  0  14243  0  1  0  28  2  3  0  41834  0  8155  0  0  99  10427  602  0  2  0  0  0  0  0  5879  10684  0  3  2612  0  3  0  13385  7  0  2  0  0  0  0  0  0  1  0  2  1  0  0  0  0  0  0  0  0  0  0  0  0  0  0  5  0  0  0  0  0  0  6  1  0  0  0  0  0  0  0  0  0  0  0  0  0  0  0  0  0  0  0  0  0  0  0  0  0  0  0  0  0  0  1  0  0  39  0  0  0  0  0  0  0  0  2  340  1  194  31987  129  0  149  0  51  0  0  
0  7  3  4  0  0  0  53  2221  1059  83942  0  0  0  0  1  21  1  1088  8790  57  683  0  0  0  14  26554  0  0  78994  0  0  28  2  0  0  10  86  0  0  519  61  0  90188  173  108  2  85  95  0  51  0  0  2  1  21469  1201  49675  1095  170  1137  0  0  0  0  1278  440  0  37  0  20359  18  14842  0  0  0  0  0  0  0  0  1  1  3  689  0  0  0  0  0  0  0  0  0  0  25  0  0  0  0  0  0  0  107  0  0  0  0  0  0  0  0  0  0  2  0  0  154  0  0  0  0  1  0  0  0  0  0  0  0  0  0  0  0  1  0  0  0  73  25  0  0  0  0  21  0  1  0  0  3  45  4793  529  103  0  0  2  71  0  0  
18  0  81  9  2  50725  53872  63982  43047  71111  16  0  0  0  0  558  7  0  68  0  195  101  214  591  0  4  0  0  0  8602  134  4259  2  0  0  0  26  230  0  0  293  0  0  13594  584  2701  501  11  824  0  6  4  577  354  0  31  8  10  302  530  1246  1  370  1688  6673  0  48  1  746  6568  7679  9  637  1  0  0  53  0  0  1421  508  122  979  1001  14  0  0  0  0  173  0  9  22  0  0  232  0  2  0  0  0  0  0  318  10  4  0  0  0  0  0  0  0  0  112  0  0  677  1  164  15  0  417  0  0  0  0  1  0  0  35  0  3  0  1  0  0  411  81  7433  0  0  1  3  2863  0  150  1  0  18804  267  3729  820  91  0  11157  8109  1146  353  0  
0  0  327  16089  0  0  0  9  22  7  0  0  0  0  0  360  166  0  2  0  2  1  0  0  0  35584  0  4704  0  27  0  0  11  2  0  6  0  1  0  0  14424  0  0  386  7218  8037  0  57  304  0  0  0  0  0  3  4852  1  2  3  1  46  0  0  0  79  42  0  0  70  0  82  0  468  0  0  0  0  0  0  0  0  0  0  0  0  0  0  0  0  0  0  0  0  0  0  0  0  0  0  0  0  0  0  0  0  0  0  0  0  0  0  0  0  0  0  0  0  0  0  0  0  0  0  0  0  0  0  0  0  0  0  0  0  0  0  0  0  0  0  0  0  0  0  0  0  0  0  0  0  1  2  218  570  13  0  0  0  11  0  0  
0  0  0  19360  0  0  1  3  0  0  0  34922  0  12  2  0  12  12  0  0  0  0  0  0  0  0  0  0  32205  0  0  0  0  15  3  0  0  23  0  109  3  0  0  0  19486  0  7  0  23016  0  0  61368  0  66  0  1  0  0  0  0  1  0  0  3  2  1  4  0  18  0  2  0  1  0  0  0  0  0  0  0  0  1  0  0  0  0  0  0  0  0  0  0  0  0  0  0  0  0  0  0  0  0  0  0  0  0  0  0  0  0  0  0  0  0  0  0  0  0  0  1  0  0  0  0  0  0  0  0  0  0  0  0  0  0  0  0  0  0  0  0  0  0  0  0  0  0  0  0  0  34  0  652  367  44  0  2  0  3  0  0  
0  0  0  70  0  0  27  4954  12  0  0  0  0  0  0  150  124  0  0  0  0  1  0  0  0  18  0  0  0  4  0  0  0  0  0  0  0  0  0  0  202  0  0  21  2634  3  1  0  1853  0  0  2  0  20513  0  0  0  0  1  0  821  0  0  0  17  101  16  10  0  0  26  0  5  0  0  0  0  0  0  0  0  1  0  0  0  0  0  0  0  0  0  0  0  0  0  0  0  0  0  0  0  0  0  0  0  0  0  0  0  0  0  0  0  0  0  0  0  0  0  0  0  0  0  0  0  0  0  1  0  0  0  0  0  0  0  0  0  0  0  1  0  0  0  0  0  0  0  0  0  84  3  2366  87  6  0  1  0  4  0  0  
7057  0  0  0  7032  52268  14  5  2  2  0  0  0  0  7  18573  0  0  0  0  0  1  25  13078  0  0  0  0  0  0  69545  12762  0  0  0  0  0  0  0  0  1  0  0  0  2  2  627  0  479  0  0  1  1509  304  0  0  0  0  0  0  0  1  26645  7280  0  5869  0  0  2  0  1  0  1  0  43  0  0  0  0  20378  1  0  0  0  0  0  0  0  0  101  0  0  0  0  0  0  0  18  0  0  0  0  0  0  670  5  0  0  0  0  0  0  0  0  0  0  0  0  0  0  0  0  1  0  0  0  0  0  0  0  0  0  0  0  0  0  4  2  0  1181  1  0  0  5101  0  0  0  0  2  20  2  210  1447  82  0  2190  0  24  3  0  
0  1  7  3  0  1  21  260  57880  1334  1  0  0  0  0  2  13  0  8  0  6  3  0  0  0  7  3954  0  0  169664  0  0  2  0  0  0  0  15  0  0  274  0  0  763  142  21779  5  18  94  0  3  1  0  4  0  7647  1  1  9  15  138  0  0  1  24791  8425  633  0  65  0  0  1  760  0  0  0  1  0  0  0  1  6  103  14  0  0  0  0  0  0  0  0  0  0  0  4  0  0  0  0  0  0  0  2336  0  0  0  0  0  0  0  0  0  0  1  0  0  13  0  13  0  0  1  0  0  0  0  0  0  0  0  0  0  0  0  0  0  0  11  315  0  0  0  0  6096  0  1  0  0  77  7  1846  261  55  0  5  1  108  0  0  
0  12238  0  1  0  0  0  1  0  9  1  0  0  0  0  0  2  0  2298  0  10071  194  103  0  0  0  0  0  0  0  0  0  3  1088  150  0  155658  106084  0  0  34  0  17190  93  1  1  0  60  1  41966  361  0  0  0  0  0  96  15  53989  20332  6832  0  0  0  173  8  0  0  0  0  0  0  42984  1  0  0  0  0  0  0  0  0  0  0  0  0  0  0  0  0  0  0  0  0  0  0  0  0  0  0  0  0  0  0  0  0  0  0  0  0  0  0  0  0  0  0  0  0  0  0  0  0  0  0  0  0  0  0  0  0  0  0  0  0  0  0  0  0  0  0  0  0  0  0  0  0  0  0  2  0  16  86  10  0  0  0  0  6  0  0  
0  35  1  24  0  0  0  22  12  54  57  58  7  1  0  2  1890  94  15990  5  8219  339  1358  8  72801  10470  0  0  0  116  0  0  12873  170678  8373  48299  2226  248952  0  4  33639  5  1219  2051  108  38  35  48052  903  9643  48  0  0  0  10250  50086  429  27051  55705  6698  55477  0  0  0  5410  154  455  0  61  0  160  42048  0  33685  0  0  0  0  0  0  0  0  1  7  0  0  0  0  0  0  0  0  0  0  0  0  0  0  0  0  0  0  0  0  0  0  0  0  0  0  0  0  0  0  4  0  0  2  0  0  1  0  0  0  0  0  0  0  0  0  0  1  0  0  0  0  0  0  0  23  0  0  0  0  1  0  1  0  2  0  1454  5017  2492  16  0  0  1  172  0  0  
0  0  0  558  0  0  0  1  0  1  0  9  0  0  0  0  1939  12  75  0  107  17  2  0  0  1350  0  1  10  3  0  0  47632  9820  0  37069  1  111  0  0  15152  0  0  85  1  1  0  6662  194  2  0  0  0  0  0  5  15  11  147  18  566  0  0  0  235  5  4  0  1  0  3  6  31107  0  0  0  0  0  0  0  0  0  0  0  0  0  0  0  0  0  0  0  0  0  0  0  0  0  0  0  0  0  0  0  0  0  0  0  0  0  0  0  0  0  0  0  0  0  0  0  0  0  0  0  0  0  0  0  0  0  0  0  0  0  0  0  0  0  0  0  0  0  0  0  0  0  0  0  0  0  24  268  513  0  0  0  0  3  0  0  
0  0  0  0  0  2  0  0  0  0  0  0  0  0  0  0  0  0  0  0  0  0  0  0  0  0  0  0  0  0  18  0  0  0  0  0  0  0  0  0  0  0  0  0  0  0  0  0  0  0  0  0  0  0  0  0  0  0  0  0  0  0  3  0  0  3  0  0  0  17  0  0  0  0  0  0  0  0  35425  842  36  5  0  0  0  0  61  0  13484  10410  0  4  0  0  0  0  2  65579  0  0  0  0  0  0  3137  1  0  0  1  0  0  0  94  0  1  0  5  0  0  0  136  0  107  0  0  17  24955  213  0  0  0  0  0  0  0  313  29  5471  0  65  0  0  1  4261  0  0  0  0  0  0  0  0  0  0  0  1335  0  4  8  0  
0  1  0  0  0  0  0  0  0  21  0  0  0  0  0  0  0  0  0  0  1  102  3  0  0  0  0  0  0  0  0  0  0  0  0  0  0  0  0  0  0  0  0  1  0  0  0  0  0  0  3  0  0  0  0  0  0  0  0  0  2  0  0  0  0  4  0  0  0  0  0  0  0  0  0  0  0  0  0  0  0  0  0  14  0  0  0  0  0  0  0  0  70783  0  69792  650  493  0  0  0  0  0  0  0  0  0  0  0  0  0  11268  88  0  0  45  37719  2  147  0  1  0  0  6  540  18184  0  0  0  0  2  29860  23  28188  65076  4047  0  0  0  28  6  0  0  1  0  0  177  2258  0  0  0  0  0  0  0  0  4  107  63  5  0  
0  0  6  0  0  0  0  11  57  2  0  0  0  0  0  5  0  0  0  0  0  0  0  0  0  0  0  0  0  7  0  0  0  0  0  0  0  0  0  0  0  0  0  0  0  3  0  0  0  0  0  0  0  0  0  0  0  0  0  0  0  0  0  0  0  4  0  0  0  0  1  0  0  0  0  0  0  0  0  0  0  3561  2706  0  0  0  0  0  0  21231  0  0  0  0  0  0  0  0  0  0  0  0  0  1803  0  0  0  0  0  0  0  0  0  0  22  0  0  3  1534  20447  0  0  2  0  0  0  0  0  0  0  0  0  0  0  0  0  0  0  3  17  228  0  7  0  33  0  0  0  0  0  0  1  0  0  0  3  1  17  2  0  
0  0  0  0  0  0  0  0  0  0  0  0  0  0  0  0  0  0  0  0  0  0  0  0  0  0  0  0  0  0  0  0  0  0  0  0  0  0  0  0  0  0  0  0  0  0  0  0  0  0  0  0  0  0  0  0  0  0  0  0  0  0  0  0  0  1  0  0  0  0  0  0  0  0  0  0  3  0  0  0  0  7  0  0  0  47661  0  0  0  0  4856  473  0  0  0  0  0  0  0  39896  0  6010  19348  0  0  0  575  1015  38  1054  0  3  0  0  32144  0  0  0  6919  5  3  5102  28765  0  0  0  0  0  0  0  0  0  0  0  0  0  0  0  0  1  13087  15397  172  0  1  0  13  417  0  0  0  0  0  0  0  118  10  1216  8  1  
0  0  0  0  0  3  0  0  0  0  0  0  0  0  0  8  0  0  0  0  0  0  0  0  0  0  0  0  0  0  1  0  0  0  0  0  0  0  0  0  0  0  0  0  0  0  0  0  0  0  0  0  0  0  0  0  0  0  0  0  0  0  0  0  0  0  0  0  0  5  0  0  0  0  39173  0  0  0  0  2186  0  0  0  0  0  0  0  0  1726  76573  0  0  0  0  0  0  0  81  0  0  0  0  0  0  10  0  0  0  0  0  0  0  0  0  0  0  0  0  1  0  0  0  0  0  0  0  60904  4  0  0  0  0  0  0  0  0  0  4  0  0  0  0  0  1566  0  0  0  0  0  0  0  0  0  0  0  12  0  0  0  0  
0  0  0  0  0  7916  206  2  0  1  0  0  0  0  0  886  0  0  0  0  0  0  0  16  0  0  0  0  0  0  2449  13  0  0  0  0  0  0  0  0  0  0  0  0  0  0  31  0  4  0  0  0  1  4  0  0  0  0  0  0  0  0  0  1  0  719  0  0  0  23615  0  0  0  0  164  0  0  0  2277  0  38366  127  0  0  0  0  67  0  37  153258  0  13  0  0  0  0  0  2971  0  0  0  0  0  0  2756  10113  0  0  0  0  0  0  10  0  16  0  0  0  0  1  224  0  541  0  0  23  5801  1105  0  0  0  0  0  0  0  32  5575  40795  0  46667  0  1  12  44636  0  0  0  0  0  18  0  54  2  0  0  15001  1  526  2758  0  
0  0  0  0  0  5  509  163  0  0  0  0  0  0  0  470  0  0  0  0  0  0  0  0  0  0  0  0  0  0  0  0  0  0  0  0  0  0  0  0  0  0  0  0  1  0  21  0  1  0  0  0  0  0  0  0  0  0  0  0  0  0  0  0  1  249  0  0  0  0  1  0  1  0  1  0  1  0  0  39525  0  34420  0  0  0  0  0  0  3  27849  0  0  0  0  0  0  0  3  0  0  0  0  0  0  2  0  0  0  0  0  0  0  0  0  6  0  0  0  2  1  6  0  104  0  0  144  5  3034  0  0  0  0  0  0  0  10  0  25  1  68205  0  58  6  2  1  0  0  0  0  199  0  4  1  0  0  4486  0  112  177  6  
0  0  37  0  0  0  29  211  125  3  0  0  0  0  0  2457  0  0  0  0  0  0  0  0  0  0  0  0  0  7  0  0  0  0  0  0  0  0  0  0  0  0  0  2  0  8  10  0  25  0  0  0  0  6  0  0  0  0  0  0  2  0  0  1  2  219  0  0  3  0  1  0  1  0  0  0  9289  3  0  3  38036  0  10037  2  0  3  0  0  0  31233  0  0  0  0  0  0  0  0  0  0  0  0  0  5  0  0  0  0  0  0  0  0  0  0  1143  0  0  30  197  41549  2  2  66  0  0  3  0  54  0  0  1  0  0  0  0  0  0  0  76  45362  6  4  186  0  42  0  14  0  0  48  0  39  8  2  0  2367  36  807  82  1  
0  0  11  0  0  0  0  7  1832  1513  1  0  0  0  0  1  0  0  1  0  1  31  2  0  0  0  0  0  0  707  0  0  0  0  0  0  0  10  0  0  9  0  0  85  2  65  0  0  5  0  0  0  0  1  0  0  1  0  1  26  13  0  0  0  390  3060  3  0  0  0  519  0  12  0  0  3  1727  0  0  0  2  9813  0  3936  1  0  0  0  0  1475  0  0  7  0  0  113  0  0  0  1  0  0  0  9010  0  0  0  0  0  0  0  0  0  0  1221  0  0  271  41  47309  8  0  48  0  25  0  0  0  0  5  18  2  4  0  14  0  0  0  1700  56023  48  0  5  0  64723  0  76  0  0  6  15  60  7  2  2  1029  140  1323  123  3  
0  0  0  0  0  0  0  0  63  6175  2  0  0  0  0  0  0  0  1  0  2  1633  87  0  0  0  0  0  0  711  0  1  0  0  0  0  0  3  0  0  1  0  0  8558  0  0  0  0  0  0  2  0  0  0  0  0  0  0  2  2  17  0  0  0  6  333  0  0  0  0  110  0  3  0  0  6  13  1  0  0  0  13  4879  0  51  0  0  0  0  1  0  0  64  0  4  1715  2910  0  0  0  0  0  0  7284  0  3  3  1  0  0  0  4  0  0  962  0  0  38402  63  267  1  0  11  0  42  0  0  0  0  3  116  6  22  4  34  0  0  0  6148  20513  16  0  3  0  636  0  2221  1  0  0  1  4  0  0  0  18  3634  361  16  1  
0  0  0  0  0  0  0  0  1  32  32067  0  0  0  0  0  0  0  0  0  0  6232  0  0  0  0  1  0  0  129  0  0  0  0  0  0  2  0  0  0  0  0  0  10943  0  0  0  0  0  0  0  0  0  0  0  0  0  0  0  0  15  0  0  0  1975  31  0  0  0  0  2  0  0  0  0  0  0  0  0  0  0  0  1  42  0  0  0  0  0  0  0  0  13  54981  0  15760  0  0  0  0  0  0  0  3280  0  0  0  0  0  0  0  0  0  0  0  32272  0  98794  0  0  0  0  0  0  0  0  0  0  0  0  8  13755  0  0  1  0  0  0  85020  2  0  0  0  0  28  0  3  0  0  0  0  0  0  0  0  0  0  1  0  0  
0  0  0  0  0  0  0  0  0  0  0  0  0  0  0  0  0  0  0  0  0  0  0  0  0  0  0  0  0  0  0  0  0  0  0  0  0  0  0  0  0  0  0  0  0  0  0  0  0  0  0  0  0  0  0  0  0  0  0  0  0  0  0  0  0  0  0  0  0  0  0  0  0  0  0  0  0  30147  0  0  1  1  0  0  0  0  13  18325  2  0  10674  6425  0  0  0  0  1  15  0  0  0  0  1466  0  0  0  1329  596  162  5  0  3  758  24683  579  0  0  0  124  0  526  7063  103701  0  0  17121  0  57  0  0  0  0  0  0  2  0  0  0  1  0  1  39315  159  0  0  0  8  243  0  0  0  0  0  0  0  118  10  4527  64  0  
0  0  0  0  0  1  0  0  0  0  0  0  0  0  0  0  0  0  0  0  0  0  0  0  0  0  0  0  0  0  0  0  0  0  0  0  0  0  0  0  0  0  0  0  0  0  0  0  0  0  0  0  0  0  0  0  0  0  0  0  0  0  0  0  0  1  0  0  0  1  0  0  0  0  3  0  0  0  0  30  1  0  0  0  0  8  0  9818  9  3  1  423  0  0  0  0  2  27845  0  0  0  0  0  0  1  1  0  4  10  0  0  0  25497  5  0  0  1  0  0  0  28801  0  2340  0  0  845  50  38  0  0  0  0  0  0  0  8873  0  2855  0  30  0  0  0  1  0  0  0  0  0  0  0  0  0  0  0  149  1  0  3  0  
0  0  0  0  0  0  0  0  0  0  0  0  0  0  0  0  0  0  0  0  0  0  0  0  0  0  0  0  0  0  0  0  0  0  0  0  0  0  0  0  0  0  0  0  0  0  0  0  0  0  0  0  0  0  0  0  0  0  0  0  0  0  0  0  0  0  0  0  0  0  0  0  0  0  0  0  0  0  0  0  0  0  0  0  0  21341  9077  0  447  0  0  49  0  0  0  0  0  15  0  0  0  0  0  0  0  0  0  0  1  0  0  0  36069  23875  0  0  0  0  0  0  212  2  2430  0  0  52532  7  50  0  0  0  0  0  0  0  4503  0  8  0  0  0  18  0  0  0  0  0  0  0  0  0  0  0  0  0  63  0  0  0  0  
0  0  0  0  0  1  0  0  0  0  0  0  0  0  0  0  0  0  0  0  0  0  0  0  0  0  0  0  0  0  0  0  0  0  0  0  0  0  0  0  0  0  0  0  0  0  0  0  0  0  0  0  0  0  0  0  0  0  0  0  0  0  0  0  0  0  0  0  0  0  0  0  0  0  15767  0  0  0  852  9  0  0  0  0  0  11  77  2103  0  72  0  0  0  0  0  0  0  14922  0  0  0  0  0  0  1  0  0  0  0  0  0  0  11  0  0  0  0  0  0  0  20  0  9  0  0  68788  50497  1888  0  0  0  0  0  0  0  30669  0  201  0  7  0  156  14  2  0  0  0  0  0  0  0  0  0  0  0  34  0  0  0  0  
0  0  6  0  0  116  368  382  142  0  0  0  0  0  0  219  0  0  0  0  0  0  0  0  0  0  0  0  0  7  51  0  0  0  0  0  0  0  0  0  0  0  0  0  0  9  3  0  1  0  0  1  0  0  0  0  0  0  0  0  0  0  3  1  0  350  0  0  1  145  0  0  0  0  19308  0  32206  0  60856  115995  31505  28267  3695  1  0  0  29  0  48  0  0  0  0  0  0  0  0  3709  0  0  0  0  0  0  14319  0  0  0  0  0  0  0  15  0  11  0  0  1  762  18734  58  0  67  0  0  15  22622  13693  0  0  0  0  0  0  0  49  43  1021  4  1632  1  0  4  30157  0  0  1  0  0  39  0  5  2  0  0  1459  0  16  5  0  
0  0  0  0  0  0  0  0  0  0  0  0  0  0  0  0  0  0  0  0  0  0  0  0  0  0  0  0  0  0  0  0  0  0  0  0  0  0  0  0  0  0  0  0  0  0  0  0  0  0  0  0  0  0  0  0  0  0  0  0  0  0  0  0  0  0  0  0  0  0  0  0  0  0  0  0  0  201  0  1  0  1  0  0  0  253  0  0  0  0  0  44847  0  0  19  0  8706  3572  0  1  0  0  0  0  12  11  8991  1625  9244  4  0  2  0  0  23215  0  846  0  9  0  9312  68116  16189  70  0  1  0  1  0  0  0  0  0  1  171  0  15  677  0  0  0  20  14  0  0  0  24  80  0  0  0  0  0  0  152  67  7060  545  30584  4  
0  0  0  0  0  0  0  0  0  0  0  0  0  0  0  0  0  0  0  0  0  0  0  3  0  0  0  0  0  0  2  0  0  0  0  0  0  0  0  0  0  0  0  0  0  0  0  0  0  0  0  0  0  0  0  0  0  0  0  0  0  0  0  0  0  0  0  0  0  1  0  0  0  0  1  0  0  269  0  33  0  0  0  0  0  6791  658  11  0  2  42544  0  0  0  1  0  12284  11889  0  0  0  0  1  0  53  36  20511  260  3281  0  0  5  1193  18  614  0  59  0  5  0  74539  4038  74031  1  0  4  1  9  0  0  0  0  0  0  12  5  65  2740  0  14  0  4  4  1  0  0  13  22  0  0  0  0  0  0  145  80  412  356  37073  2  
0  0  0  0  0  0  0  0  1  190  0  0  0  0  0  0  0  0  0  0  0  0  2  0  0  0  0  0  0  0  0  0  0  0  0  0  0  0  0  0  1  0  0  3  0  0  0  0  0  0  0  0  0  0  0  0  0  0  0  0  0  0  0  0  0  51  0  0  0  0  0  0  0  0  0  72651  0  0  0  0  0  0  1  124  4  0  0  0  0  0  0  0  0  4695  1725  477  50  0  3416  0  0  0  0  5  0  1  3  0  0  0  495  5083  0  0  176  1608  0  2340  2  32  5  1  22  33  2076  0  0  0  0  3105  105316  65494  38961  2632  3676  0  0  0  6167  104  2  0  1  0  42  194  61530  1  0  0  1  3  0  0  0  65  411  1370  41  3  
0  0  0  0  0  0  0  0  0  0  2612  0  0  0  0  0  0  0  0  0  0  0  0  0  0  0  0  0  0  0  0  0  0  0  0  0  0  0  0  0  0  0  0  27  0  0  0  0  0  0  0  0  0  0  0  0  0  0  0  0  0  0  0  0  4  0  0  0  0  0  0  0  0  0  0  2  0  0  0  0  0  0  0  0  63948  0  0  0  0  0  0  0  4452  0  0  70  0  0  0  0  8  0  0  14  0  0  0  0  0  0  0  0  0  0  1  11507  0  20324  0  1  0  0  0  0  173  0  0  0  0  211  481  83079  105  0  27  0  0  0  12244  0  0  0  0  0  31  0  119  0  0  0  0  0  0  0  0  1  0  1  0  0  
0  1  0  0  0  0  0  0  0  29  0  0  0  0  0  0  0  0  0  0  5  3407  3  0  0  0  0  0  0  0  0  0  0  0  0  0  4  0  0  0  0  0  2  15  0  0  0  0  0  3  22  0  0  0  0  0  0  0  0  0  878  0  0  0  0  7  0  0  0  0  0  0  0  0  0  45499  0  0  0  0  0  0  0  34  0  0  0  0  0  0  2  0  5009  0  0  18226  26406  0  0  0  0  0  0  1  0  0  3  0  19  0  11009  233  0  0  417  27163  91  219  2  5  3  43  51  46812  35294  0  0  0  0  19  13676  373  7323  90240  159953  0  0  0  121  14  1  0  1  0  10  745  4042  0  0  0  1  1  0  0  1  4  1728  167  85  0  
0  31  0  0  0  0  0  0  4  686  432  0  0  0  0  0  0  0  0  0  91  92681  57  0  0  0  0  0  0  82  1  4  0  0  0  0  3  0  0  0  0  1  0  20663  0  0  0  0  0  18  129  0  0  0  0  0  0  0  0  6  944  0  0  0  427  71  0  0  0  0  7  0  0  0  0  366  0  0  0  2  0  0  5  974  13396  0  0  0  0  0  0  0  1125  20  14581  0  11588  1  0  0  0  0  0  159  6  31  0  0  0  0  0  1  0  0  363  76250  0  225578  0  1  0  0  0  183  28484  0  0  0  0  6  1078  1979  1920  3984  121580  0  0  0  4625  382  1  0  4  0  16  0  1412  0  0  0  2  8  0  0  0  59  2214  52  1  0  
1  0  0  0  0  0  0  0  0  62  0  0  0  0  0  0  0  0  0  0  3  16  14  1  0  0  0  0  0  0  11  13  0  0  0  0  4  0  0  0  0  0  1  225  0  0  0  0  0  2  0  0  0  0  0  0  0  0  0  0  42  0  1  0  0  4  0  0  0  0  0  0  0  0  1  4  0  0  0  0  0  0  0  3216  0  0  0  0  0  0  6614  9470  0  0  18662  9794  0  11849  0  0  0  0  0  0  45  336  0  5  31299  0  1859  1  0  0  55  39  54633  4752  0  0  807  2294  183  29064  15  0  0  0  0  0  5  0  2  130  58184  0  2622  292  2  5  0  0  0  1  0  102  732  0  2  0  2  14  1  0  35164  53  130400  3333  31019  279  
157  0  0  0  0  25  0  0  0  0  0  0  0  0  0  0  0  0  0  0  0  1  1  656  0  0  0  0  0  0  396  4  0  0  0  0  0  0  0  0  0  0  0  0  0  0  2  0  0  0  0  0  0  0  0  0  0  0  0  0  0  0  14  6  0  7  0  0  0  22  0  0  0  0  64958  0  0  0  20  5047  19  6  0  0  0  31  31516  78  10082  3605  302  11005  0  0  0  0  14068  0  0  0  0  0  0  0  27410  312  14  293  1192  0  0  0  377  0  2  0  558  0  0  0  79317  53  10113  0  0  368  2207  429  0  0  0  0  0  0  0  36171  92424  187896  0  457  0  0  4  5768  0  0  1  0  0  0  0  1  0  0  606  1881  289  49  96002  6  
0  0  0  0  0  0  0  0  0  0  0  0  0  0  0  0  0  0  0  0  0  0  0  0  0  0  0  0  0  0  0  0  0  0  0  0  0  0  0  0  0  0  0  0  0  0  0  0  0  0  0  0  0  0  0  0  0  0  0  0  0  0  0  0  0  0  0  0  0  0  0  0  0  0  0  0  0  0  0  0  0  0  0  0  0  0  0  0  0  0  0  0  5952  0  0  0  0  0  0  737  0  0  0  1  0  0  0  122  0  16  0  70  0  0  424  0  0  0  0  5  0  0  0  0  0  0  0  0  49001  6678  0  266  0  0  0  0  0  0  4  0  9  0  0  0  6  0  81435  0  0  0  0  0  0  0  0  0  1  1  0  0  
0  0  0  0  0  0  0  0  0  0  0  0  0  0  0  0  0  0  0  0  0  0  0  0  0  0  0  0  0  0  0  0  0  0  0  0  0  0  0  0  0  0  0  0  0  0  0  0  0  0  0  0  0  0  0  0  0  0  0  0  0  0  0  0  0  0  0  0  0  0  0  0  0  0  0  0  0  39322  0  0  1  5  0  0  0  2  0  0  0  0  0  2  0  0  0  0  0  0  636  0  0  2789  0  0  0  0  193  8810  0  23215  0  23  0  0  34294  0  0  1  51  7  1  1  4  0  0  0  0  0  62204  820  0  0  0  0  0  0  0  0  2  3  32355  1  1  0  0  0  11028  11  0  0  0  0  0  0  0  6  0  8  4  0  
0  0  0  0  0  0  0  0  0  0  0  0  0  0  0  0  0  0  0  0  0  0  0  0  0  0  0  0  0  0  0  0  0  0  0  0  0  0  0  0  0  0  0  0  0  0  0  0  0  0  0  0  0  0  0  0  0  0  0  0  0  0  0  0  0  0  0  0  0  0  0  0  0  0  0  0  0  0  0  0  0  0  0  0  0  0  0  0  0  0  0  0  0  22  0  0  0  0  0  0  0  0  0  283  0  0  0  0  0  0  0  0  0  0  0  0  0  0  0  0  0  0  0  0  0  0  0  0  0  5445  0  43  0  0  0  0  0  0  346  0  0  0  0  0  278  0  0  0  0  0  0  0  0  0  0  0  0  0  0  0  
0  0  0  0  0  0  0  0  0  0  0  0  0  0  0  0  0  0  0  0  0  0  0  0  0  0  0  0  0  0  0  0  0  0  0  0  0  0  0  0  0  0  0  0  0  0  0  0  0  0  0  0  0  0  0  0  0  0  0  0  0  0  0  0  0  0  0  0  0  0  0  0  0  0  0  0  0  6555  0  0  0  0  0  0  0  0  0  0  0  0  0  0  0  0  0  0  0  0  0  2689  0  0  1  0  0  0  0  0  0  0  0  0  0  0  7  0  0  0  8927  0  0  0  0  0  0  0  0  0  0  0  0  0  0  0  0  0  0  0  0  0  18206  0  0  0  0  0  0  0  0  0  0  0  0  0  0  0  0  1  0  0  
0  0  0  0  0  0  0  0  0  0  0  0  0  0  0  0  0  0  0  0  0  0  0  0  0  0  0  0  0  0  0  0  0  0  0  0  0  0  0  0  0  0  0  0  0  0  0  0  0  0  0  0  0  0  0  0  0  0  0  0  0  0  0  0  0  0  0  0  0  0  0  0  0  0  0  0  0  16149  0  0  0  0  0  0  0  1075  0  0  0  0  1  0  0  0  0  0  0  0  0  0  0  21  0  0  0  0  1  1  0  1  0  0  0  0  3  0  0  0  34657  0  0  5  2  0  0  44  0  0  0  0  0  0  0  0  0  0  0  0  0  0  16  53759  4  0  0  0  0  0  0  0  0  0  0  0  0  0  0  2  0  0  
0  0  7  0  0  0  0  1  873  141  90  0  0  0  0  0  0  0  0  0  0  16  0  0  0  0  1  0  0  25010  0  0  0  0  0  0  0  1  0  0  2  0  0  321  1  192  0  0  0  0  0  0  0  0  0  0  0  0  1  1  0  0  0  0  376  439  0  0  0  0  6256  0  1  0  0  2  1786  0  0  0  0  68  9440  8242  2393  0  0  0  0  1  0  0  16  2  1  446  0  0  0  1  162  0  0  0  0  0  0  0  0  0  0  0  0  0  898  0  0  2079  16  66089  5  1  31  0  15  0  0  0  1  4409  11  551  4  0  6  0  0  0  83680  1468  149  0  5  0  155243  0  106  0  0  0  1  47  2  0  0  31  77  583  59  2  
624  0  0  0  0  71  0  0  0  6  0  0  0  0  0  1  0  0  0  0  0  8  3  6267  0  0  0  0  0  0  27149  141  0  0  0  0  0  0  0  0  0  0  0  2  0  0  11  0  0  0  0  0  0  0  0  0  0  0  0  0  0  0  247  23  0  23  0  0  0  706  0  0  0  0  4329  0  0  0  2  3239  6  1  0  1  0  0  5  0  4  9772  1  20  0  0  0  6  89  27802  0  0  0  0  0  0  0  16108  0  1  21  0  0  0  8  1  0  0  9  0  0  0  35  0  81  0  0  3  71  170  0  0  0  0  0  0  0  5  83235  3413  0  978  0  0  0  37900  0  0  0  0  0  0  0  39  1  0  44  1198  150  218  3874  0  
1  0  0  0  0  79  0  0  0  121  0  0  0  0  0  0  0  1  0  0  0  70  5  4  0  0  0  0  0  0  241  21  0  0  0  0  0  0  0  0  0  0  0  49  0  0  0  0  0  0  0  0  0  0  0  0  0  0  0  0  0  0  0  0  0  133  0  0  0  368  0  0  0  0  1  0  0  0  0  18739  0  0  0  4  0  0  0  0  0  0  6  61  0  0  0  46  399  170  0  0  0  0  0  0  16035  0  0  0  49  0  0  0  0  0  0  0  3  0  0  0  19  0  1  0  0  0  0  0  0  0  0  0  0  0  1  0  31014  949  0  14542  0  0  0  14728  0  0  0  0  1  0  1  313  1  0  418  21375  2881  12896  13844  505  
0  0  0  0  0  0  0  0  0  23  0  0  0  0  0  0  0  0  0  0  0  0  0  0  0  0  0  0  0  0  0  0  0  0  0  0  0  0  0  0  0  0  0  0  0  0  0  0  0  0  0  0  0  0  0  0  0  0  0  0  0  0  0  0  0  1  0  0  0  0  0  0  0  0  0  0  0  349  0  0  0  0  0  2  0  1531  0  0  0  0  9001  15734  7  0  0  0  21  25  1  3  0  0  0  0  0  0  0  19986  6280  1020  0  14  0  0  14195  0  0  380  0  1  1583  46457  3088  0  0  0  0  0  0  3  20  1  2  0  3  0  0  0  978  3  4  4  0  0  2  0  32941  51150  0  0  0  6  0  0  0  1  33  154  1  0  
0  0  0  0  0  0  0  0  0  6  0  0  0  0  0  0  0  0  0  0  0  0  0  0  0  0  0  0  0  0  0  0  0  0  0  0  0  0  0  0  0  0  0  0  0  0  0  0  0  0  0  0  0  0  0  0  0  0  0  0  0  0  0  0  0  0  0  0  0  0  0  0  0  0  0  0  0  599  0  0  0  0  0  0  0  227  3  0  0  0  3978  259  0  0  0  0  47  615  84  9794  0  0  0  0  1  3  17562  0  72220  45924  0  9395  0  0  3148  0  24400  52  3  0  109  30524  36  3  0  0  0  0  1301  0  2  0  0  0  1  0  2  35  116  1  1  0  0  0  1  0  137089  35900  0  0  0  0  0  0  0  0  12  6  4  0  
0  0  0  0  0  0  0  0  0  0  0  0  0  0  0  0  0  0  0  0  0  0  0  0  0  0  0  0  0  0  0  0  0  0  0  0  0  0  0  0  0  0  0  0  0  0  0  0  0  0  0  0  0  0  0  0  0  0  0  0  0  0  0  0  0  0  0  0  0  0  0  0  0  0  4  0  0  3  0  0  0  0  0  0  0  1065  0  0  0  0  12131  2310  0  0  62  0  33850  240  0  0  0  0  0  0  14  19  7783  78301  0  23  2  3  0  0  3  0  52323  0  0  0  316  60512  173  772  0  0  0  0  0  0  0  0  0  1  384  0  31  38  0  0  0  0  0  0  0  7  16525  355  0  0  0  0  0  0  9172  0  13557  3  1347  0  
0  0  0  0  0  0  0  0  0  5  0  0  0  0  0  0  0  0  0  0  0  0  0  0  0  0  0  0  0  0  0  0  0  0  0  0  0  0  0  0  0  0  0  0  0  0  0  0  0  0  0  0  0  0  0  0  0  0  0  0  0  0  0  0  0  0  0  0  0  0  0  0  0  0  0  0  0  2949  0  0  0  0  0  0  0  10  0  0  0  0  23  21  5  0  0  0  0  0  19  26605  0  0  0  1  0  0  11070  52739  8  0  0  18  0  0  71934  0  0  105  2  0  1  56  15  0  0  0  0  0  10743  4  17  2  1  0  0  0  0  0  380  0  2  0  0  0  1  0  25644  26563  0  0  0  1  0  0  0  3  16  38  3  0  
0  0  0  0  0  0  0  0  0  1  0  0  0  0  0  0  0  0  0  0  0  1  0  0  0  0  0  0  0  0  0  0  0  0  0  0  3  0  0  0  0  0  1  0  0  0  0  0  0  0  0  0  0  0  0  0  0  0  0  0  1  0  0  0  0  0  0  0  0  0  0  0  0  0  0  12205  0  0  0  0  0  0  0  1  0  0  0  0  0  0  0  0  678  0  7230  18  4245  0  0  0  0  0  0  0  0  0  0  1  0  0  0  29687  0  0  4  144  30242  2  0  0  0  0  0  74191  11  0  0  0  0  0  45  1  18473  102449  1033  0  0  0  1  1  0  0  0  0  0  147296  847  0  0  0  0  0  0  0  1  0  18  0  0  0  
0  0  0  0  0  0  0  0  0  27  0  0  0  0  0  0  0  0  0  0  0  0  0  0  0  0  0  0  0  0  0  0  0  0  0  0  0  0  0  0  0  0  0  0  0  0  0  0  0  0  0  0  0  0  0  0  0  0  0  0  0  0  0  0  0  10  0  0  0  0  0  0  0  0  0  92  0  0  0  0  0  0  0  21  0  0  0  0  0  0  3  1  8983  0  2300  9  46  1  17  10  0  0  0  0  0  0  2  4491  13  3  27234  0  0  0  371  0  31122  96  0  1  1  44  43  2574  6  0  0  0  7  2  1901  8  29993  13132  561  0  0  0  43  7  0  0  1  0  2  209328  288957  2  0  0  0  1  0  0  0  5  420  74  65  2  
0  0  0  0  0  12  0  0  0  0  0  0  0  0  0  0  0  0  0  0  0  0  0  0  0  0  0  0  0  0  0  0  0  0  0  0  0  0  0  0  0  0  0  0  0  0  0  0  0  0  0  0  0  0  0  0  0  0  0  0  0  0  0  0  0  8  0  0  0  0  0  0  0  0  11  0  0  0  0  53  0  1  0  0  0  1328  31389  36820  62  18  0  347  0  0  0  0  0  282  0  0  0  0  0  0  7  0  0  0  0  0  0  0  0  11425  0  0  0  0  0  0  12536  0  27466  0  0  22423  484  610  0  0  0  0  0  0  0  4967  0  994  0  107  0  1  0  3  0  0  0  0  0  0  0  0  0  0  0  719  0  0  7  0  
0  0  0  0  0  0  0  0  0  0  0  0  0  0  0  0  0  0  0  0  0  0  0  0  0  0  0  0  0  0  0  0  0  0  0  0  0  0  0  0  0  0  0  0  0  0  0  0  0  0  0  0  0  0  0  0  0  0  0  0  0  0  0  0  0  0  0  0  0  0  0  0  0  0  0  0  0  0  0  0  0  0  0  0  0  35390  4  18318  0  0  0  83  0  0  0  0  0  3  0  0  0  0  0  0  0  0  0  0  0  0  0  0  14850  0  0  0  0  0  0  0  79  0  14460  0  0  9381  3  41  0  0  0  0  0  0  0  1  0  1  0  0  0  165  3  0  0  0  0  0  0  0  0  0  0  0  0  121  0  0  18  0  
0  0  0  0  0  0  0  0  3  234  0  0  0  0  0  0  0  0  1  0  1  0  4  0  0  0  0  0  0  0  0  0  0  0  0  0  0  2  0  0  0  0  0  1  0  0  0  0  0  0  0  0  0  1  0  0  0  0  0  5  1  0  0  0  2  14  0  0  0  0  3  0  1  0  0  34  55  32601  0  0  15  599  3  50  0  973  0  0  0  7  19955  6743  185  0  227  0  0  0  301  34658  0  1  5  16  0  0  19254  3461  3  54112  0  10  0  0  0  0  0  5305  1967  1499  31  38655  36536  62  30  1  0  3  12037  85  402  22  161  698  4612  0  0  1  6810  263  5563  135  550  0  47  1  50111  6269  0  1  7  43  0  0  2  2202  2913  8613  5550  53  
0  10  0  0  0  0  0  0  0  0  1501  0  0  0  0  0  0  0  0  0  11  2331  3  0  0  0  0  0  0  0  0  0  0  0  0  0  5  0  0  0  0  0  2  13  0  0  0  0  0  7  34  0  0  0  0  0  0  0  0  0  32  0  0  0  0  0  0  0  0  0  0  0  0  0  0  25334  0  0  0  0  0  0  0  0  28923  0  0  0  0  0  0  0  2534  14013  22421  52973  107  0  0  0  0  0  0  0  0  0  0  0  0  0  100  0  0  0  2  0  0  44967  0  0  0  0  1  582  64149  0  0  0  0  0  33048  400  345  2289  1417  0  0  0  22  0  0  0  0  0  0  0  300  0  0  0  0  0  0  0  0  2  1  5  1  0  
0  0  0  0  0  0  0  0  0  0  0  0  0  0  0  0  0  0  0  0  0  0  0  0  0  0  0  0  0  0  0  0  0  0  0  0  0  0  0  0  0  0  0  0  0  0  0  0  0  0  0  0  0  0  0  0  0  0  0  0  0  0  0  0  0  0  0  0  0  0  0  0  0  0  1  0  0  0  0  0  0  0  0  0  0  1  1  0  0  0  2921  165  0  0  130  0  48740  67  0  0  0  0  0  0  2  1  0  32132  50967  0  19266  24619  0  0  0  0  0  0  0  0  39  1678  1  18450  0  0  0  0  0  0  0  0  0  1  327  0  4  14  0  0  0  0  0  0  0  11411  5473  0  0  0  0  0  0  0  386  0  7286  0  484  0  
0  1  0  0  0  0  0  0  16  2797  591  0  0  0  0  0  0  0  0  0  1  5562  51  0  0  0  0  0  0  113  0  0  0  0  0  0  0  1  0  0  0  0  0  10868  0  0  0  0  0  0  7  0  0  0  0  0  0  0  1  2  10  0  0  0  355  414  0  0  0  0  11  0  2  0  0  645  8  0  0  0  0  39  42  43306  85636  1  0  0  0  1  0  0  3238  11623  1383  211110  4568  0  0  1  0  0  0  247  0  2  20  3  0  0  3  82  0  0  3716  52370  0  0  125  534  36  3  216  21  3136  0  0  1  0  65  4109  24621  5696  978  36376  0  0  0  94078  3413  45  2  37  0  64  34  22536  7  0  0  4  24  0  0  1  558  5582  4229  428  14  
0  0  0  0  0  0  0  0  0  3  0  0  0  0  0  0  0  0  0  0  0  0  0  0  0  0  0  0  0  0  0  0  0  0  0  0  0  0  0  0  0  0  0  1  0  0  0  0  0  0  0  0  0  0  0  0  0  0  0  0  0  0  0  0  0  1  0  0  0  0  1  0  0  0  0  2  1154  11596  0  0  7  251  4  102  0  217  0  0  0  120  0  0  2  0  0  0  0  0  0  33  0  8338  30042  4  0  0  0  3  0  0  0  0  0  0  10271  1  0  95  0  4220  2  0  206  0  16  1  0  1  7  1  4  3  1  0  2  0  0  0  84  81  29176  24239  355  0  14  0  93  0  0  0  0  0  0  0  0  832  37  953  46  3  
0  0  4  0  0  0  0  9  95  19  0  0  0  0  0  0  0  0  0  0  0  0  0  0  0  0  0  0  0  127  0  0  0  0  0  0  0  0  0  0  0  0  0  0  0  30  1  0  1  0  0  0  0  1  0  0  0  0  0  0  0  0  0  0  5  71  0  0  0  0  75  0  0  0  0  2  22354  5  0  0  3  36206  28108  725  0  0  1  0  0  12236  0  0  24  0  0  0  0  0  0  2  0  0  0  61815  0  0  0  0  0  0  0  0  0  0  3138  4  0  529  5611  0  2  1  88  0  60  0  0  1  0  6568  30  26  9  0  17  0  1  0  1196  16403  4456  3  79  0  34256  0  1530  0  0  8  0  6  0  0  0  5703  87  2235  132  6  
0  0  0  0  0  30  0  0  0  0  0  0  0  0  0  0  0  0  0  0  0  0  0  2  0  0  0  0  0  0  0  0  0  0  0  0  0  0  0  0  0  0  0  0  0  0  0  0  0  0  0  0  0  0  0  0  0  0  0  0  0  0  0  0  0  15  0  0  0  0  0  0  0  0  202  0  0  0  1  283  8  1  0  0  0  55  14781  28  11  70  330  43864  0  0  0  0  896  61142  0  0  0  0  0  0  80  13  29  56  328  0  0  0  7533  0  2  0  69  0  0  0  0  34  36084  0  0  117  89  231  0  0  0  0  0  0  2  508  38  27343  0  267  0  0  3  34  0  0  0  0  0  0  0  0  0  0  2  1077  7  51  22986  0  
0  0  0  0  0  0  0  0  0  1  0  0  0  0  0  0  0  0  0  0  0  0  0  0  0  0  0  0  0  0  1  0  0  0  0  0  0  0  0  0  0  0  0  0  0  0  0  0  0  0  0  0  0  0  0  0  0  0  0  0  0  0  0  0  0  0  0  0  0  0  0  0  0  0  0  0  0  1  0  0  0  2  0  0  0  1113  1  1  0  0  52018  5221  24  0  55  1  4851  1104  0  0  0  0  0  0  3  3  35312  30597  58666  31  0  6  1  0  46625  0  1268  38  7  2  2155  0  13993  689  0  0  0  0  0  0  38  0  3  188  861  0  7  64  127  2  1  2  3  0  0  32  117114  11563  0  0  0  0  0  0  66  15  21548  250  49077  18  
0  0  0  0  0  123  0  0  2  2  0  0  0  0  0  0  0  0  0  0  0  0  0  0  0  0  0  0  0  0  0  0  0  0  0  0  0  0  0  0  0  0  0  0  0  0  0  0  0  0  0  0  0  0  0  0  0  0  0  0  0  0  0  0  0  66  0  0  0  1  0  0  0  0  11  0  34  25607  0  800  37  360  1  1  0  106454  1090  784  1  15  13489  76779  1  0  0  0  205  2552  0  1  0  0  1  5  15  0  3857  66  28  2  0  1  18817  11462  22391  0  1  13  707  614  33603  5965  0  0  4  13049  54  1189  0  0  3  0  1  0  482  50  0  3999  43  1670  20  2391  1223  5  6  0  24  32  0  1  0  3  0  0  13  14575  2483  28640  31625  742  
0  0  0  0  0  0  0  0  0  1  0  0  0  0  0  0  0  0  0  0  0  2  0  0  0  0  0  0  0  0  0  0  0  0  0  0  0  0  0  0  0  0  0  0  0  0  0  0  0  1  0  0  0  0  0  0  0  0  0  0  0  0  0  0  0  0  0  0  0  0  0  0  0  0  0  32  0  0  0  0  0  0  0  2  0  0  0  0  0  0  23  0  14  0  45007  1  30413  0  0  0  0  0  0  0  0  0  0  0  252  0  70391  3007  0  0  65  16  30068  0  0  0  0  330  4  0  1  0  0  0  0  0  19  0  2  27994  14342  0  0  0  0  0  0  0  0  0  0  44761  14986  0  0  0  0  0  0  0  2  0  9816  2  42  0  
0  0  0  0  0  0  0  0  0  14  0  0  0  0  0  0  0  0  0  0  0  47  0  0  0  0  0  0  0  0  0  0  0  0  0  0  1  0  0  0  0  0  0  1  0  0  0  0  0  0  0  0  0  0  0  0  0  0  0  0  1  0  0  0  0  2  0  0  0  0  0  0  0  0  0  10428  1  0  0  0  0  0  0  9  0  0  0  0  0  0  0  0  5493  69  34039  21587  6  0  0  0  0  0  0  1  0  0  0  0  0  0  0  0  0  0  60  73454  0  2223  3  13  2  0  12  24  0  0  0  0  0  0  15859  619  1553  863  18890  0  0  0  57  12  0  0  2  0  2  0  1180  0  0  0  0  0  0  0  0  59  49  405  19  1  
0  0  0  0  0  0  0  0  0  0  0  0  0  0  0  0  0  0  0  0  0  0  0  0  0  0  0  0  0  0  0  0  0  0  0  0  0  0  0  0  0  0  0  0  0  0  0  0  0  0  0  0  0  0  0  0  0  0  0  0  0  0  0  0  0  0  0  0  0  0  0  0  0  0  3  0  0  0  0  15  17  1  0  0  0  24398  3093  53430  62921  4  0  12  0  0  0  0  0  285  0  0  0  0  75  0  3  0  0  0  0  0  0  0  20467  10904  0  0  0  0  0  0  173  0  8245  0  0  0  6121  21817  0  0  0  0  0  0  0  28957  0  218  0  21  0  46652  2684  0  0  0  0  0  0  0  0  0  0  0  0  1947  0  16  289  4  
0  0  0  0  0  4  0  0  0  0  0  0  0  0  0  0  0  0  0  0  0  0  0  0  0  0  0  0  0  0  0  0  0  0  0  0  0  0  0  0  0  0  0  0  0  0  0  0  0  0  0  0  0  0  0  0  0  0  0  0  0  0  0  0  0  4  0  0  0  0  0  0  0  0  24082  0  0  0  56762  4179  30  6  0  0  0  0  435  0  43473  32975  0  4  0  0  0  0  0  1662  0  0  0  0  0  0  172  0  0  0  0  0  0  0  65  0  0  0  0  0  0  0  176  0  46  0  0  2135  0  58118  0  0  0  0  0  0  0  1717  3  1933  0  46  0  0  1  3004  0  0  0  0  0  1  0  0  0  0  0  1336  0  3  0  0  
0  0  0  0  0  14  0  0  0  0  0  0  0  0  0  0  0  0  0  0  0  0  0  1  0  0  0  0  0  0  0  0  0  0  0  0  0  0  0  0  0  0  0  0  0  0  0  0  0  0  0  0  0  0  0  0  0  0  0  0  0  0  0  0  0  9  0  0  0  0  0  0  0  0  86  0  0  0  0  211  1281  185  0  0  0  20  251  23  1390  12391  0  8  0  0  0  0  0  901  0  0  0  0  0  0  242  0  0  0  0  0  0  0  184  7  10  0  0  1  2  0  136  0  1092  0  0  23538  65512  0  0  0  0  0  0  0  0  348  6  2344  0  168  0  5182  16190  25  0  0  0  0  0  1  0  0  0  0  0  4436  2  76  157  1  
0  0  0  0  0  0  0  0  0  0  0  0  0  0  0  0  0  0  0  0  0  0  0  0  0  0  0  0  0  0  0  0  0  0  0  0  0  0  0  0  0  0  0  0  0  0  0  0  0  0  0  0  0  0  0  0  0  0  0  0  0  0  0  0  0  0  0  0  0  0  0  0  0  0  0  0  0  0  0  0  0  0  0  0  0  0  0  0  0  0  0  0  0  0  0  0  0  0  54181  64103  0  0  0  0  0  0  1  334  0  14349  0  13  0  0  12935  0  0  0  7  4  0  0  0  0  0  0  0  0  0  35871  0  0  0  0  0  0  0  0  2  0  2062  0  0  0  2  0  28354  4  0  0  0  0  0  0  0  1  1  0  0  0  
0  0  0  0  0  0  0  0  0  0  0  0  0  0  0  0  0  0  0  0  0  0  0  0  0  0  0  0  0  0  0  0  0  0  0  0  0  0  0  0  0  0  0  0  0  0  0  0  0  0  0  0  0  0  0  0  0  0  0  0  0  0  0  0  0  0  0  0  0  0  0  0  0  0  0  0  0  0  0  0  0  1  1  1  0  0  0  0  0  0  0  0  2441  55  0  0  0  0  4124  438  5104  0  0  3588  0  0  0  0  0  0  0  2  0  0  166  0  0  13  2  9429  0  0  1  0  0  0  0  0  27433  0  10  27707  0  0  1  0  0  0  3337  5  15166  0  0  0  13364  0  30462  0  0  0  0  0  0  0  0  2  6  25  0  0  
0  0  0  0  0  0  0  0  0  142  0  0  0  0  0  0  0  0  0  0  0  1  1  0  0  0  0  0  0  0  0  0  0  0  0  0  0  0  0  0  0  0  0  0  0  0  0  0  0  0  0  0  0  0  0  0  0  0  0  0  0  0  0  0  0  41  0  0  0  0  0  0  0  0  0  28168  0  0  0  0  0  2  1  69  1  0  0  0  0  0  0  0  116567  137  4624  206  8  0  0  0  0  0  0  7  0  0  4  1  0  2  13  6  0  0  174  35420  0  1967  3  22  0  0  21  5  20926  0  0  0  0  103  0  20640  4527  4438  3099  0  0  0  4052  47  2  0  0  0  19  9  21413  0  0  0  0  2  0  0  0  55  266  1051  30  0  
0  0  0  0  0  0  0  0  0  4  0  0  0  0  0  0  0  0  0  0  0  0  0  0  0  0  0  0  0  0  0  0  0  0  0  0  0  0  0  0  0  0  0  0  0  0  0  0  0  0  0  0  0  0  0  0  0  0  0  0  0  0  0  0  0  1  0  0  0  0  0  0  0  0  0  182  0  0  0  0  0  2  1  1  10909  0  0  0  0  0  0  0  63556  88462  395  262  0  0  48  0  3  0  0  241  0  0  0  0  0  0  0  1  0  0  56  768  0  23504  0  85  0  0  0  0  2284  0  0  0  0  24239  25572  0  566  67  794  0  0  0  74377  3  8  0  1  0  2739  0  13392  0  0  0  0  1  0  0  0  7  8  76  3  0  
0  0  0  0  0  0  0  0  0  169  0  0  0  0  0  0  0  0  0  0  0  0  1  0  0  0  0  0  0  0  0  0  0  0  0  0  0  0  0  0  0  0  0  4  0  0  0  0  0  0  0  0  0  0  0  0  0  0  0  1  0  0  0  0  1  49  0  0  0  0  0  0  1  0  0  26479  0  0  0  0  0  3  0  68  0  2  0  0  0  0  0  0  47899  3  8189  1284  14  0  0  0  0  0  0  6  0  0  5  0  0  0  26381  20702  0  0  445  15  1  1901  1  5  10  1  79  14  21  0  0  0  0  4  4080  32  0  20567  8524  0  0  0  164  90  4  0  1  0  5  19787  25300  1  0  0  1  7  0  0  0  38  493  991  80  0  
0  5  0  0  0  0  0  0  0  148  0  0  0  0  0  0  0  0  0  0  3  292  1  0  0  0  0  0  0  0  0  0  0  0  0  0  0  0  0  0  0  0  0  1  0  0  0  0  0  0  6  0  0  0  0  0  0  0  0  1  7  0  0  0  3  42  0  0  0  0  0  0  0  0  0  46547  0  0  0  0  0  0  0  72  0  0  0  0  0  0  0  0  5406  0  83918  10970  469  0  0  0  0  0  0  3  0  0  1  0  0  0  66027  1286  0  0  471  5946  3  394  2  2  7  17  75  23452  3132  0  0  0  0  16  12363  72  26061  0  6680  0  0  0  150  60  9  0  1  0  3  15413  10094  1  0  0  1  3  0  0  0  4  1150  230  88  0  
0  1  0  0  0  0  0  0  0  21  0  0  0  0  0  0  0  0  0  0  18  15610  2  0  0  0  0  0  0  0  0  0  0  0  0  0  1  0  0  0  0  0  0  1914  0  0  0  0  0  0  21  0  0  0  0  0  0  0  0  0  1985  0  0  0  3  4  0  0  0  0  0  0  1  0  0  2444  2  0  0  0  0  4  2  35  0  8  0  0  0  0  8  0  6790  9  137137  101721  50829  1  0  0  0  0  0  1  0  0  2  3  38  0  970  97  0  0  6436  2080  93  12509  19  18  168  290  1575  20953  30303  2  0  3  1  44  17730  1525  9023  21840  0  0  0  1  452  53  5  6  44  0  18  111  11127  13  0  0  0  5  0  0  96  108  79122  2091  2709  26  
0  0  0  0  0  5  0  0  0  0  0  0  0  0  0  0  0  0  0  0  0  0  0  0  0  0  0  0  0  0  0  0  0  0  0  0  0  0  0  0  0  0  0  0  0  0  0  0  0  0  0  0  0  0  0  0  0  0  0  0  0  0  0  0  0  6  0  0  0  0  0  0  0  0  690  0  0  0  0  55  4  0  0  0  0  0  12402  6699  29156  57  0  14  0  0  0  0  0  57115  0  0  0  0  0  0  5  0  0  0  0  0  0  0  6529  0  0  0  0  0  0  0  2537  0  82  0  0  33414  3406  170  0  0  0  0  0  0  0  0  0  4284  0  28  0  0  0  1  0  0  0  0  0  0  0  0  0  0  0  132  0  0  0  0  
2  0  0  0  0  0  0  0  0  3  0  0  0  0  0  0  0  0  0  0  0  13  1  7  0  0  0  0  0  0  46  1  0  0  0  0  0  0  0  0  0  0  0  1  0  0  0  0  0  0  0  0  0  0  0  0  0  0  0  0  0  0  2  1  0  1  0  0  0  10  0  0  0  0  84  0  0  0  1  5382  2  1  0  0  0  0  1  0  0  1060  23  131  0  0  0  4  2231  104778  0  0  0  0  0  0  75712  28458  0  1  145  0  0  0  1  0  0  0  47  0  0  0  55  2  33  0  0  5  48  40  0  0  0  0  0  0  2  0  0  13991  0  57  0  0  0  26117  0  0  0  0  0  0  0  3  0  0  6434  1437  1301  1474  52203  11104  
1  0  0  0  0  138  0  0  0  0  0  0  0  0  0  0  0  0  0  0  0  0  0  1  0  0  0  0  0  0  2  0  0  0  0  0  0  0  0  0  0  0  0  0  0  0  0  0  0  0  0  0  0  0  0  0  0  0  0  0  0  0  0  1  0  87  0  0  0  1  0  0  0  0  5904  0  0  0  1  30987  11  2  0  0  0  0  4312  2  492  702  7  641  0  0  0  0  87  182568  0  0  0  0  0  0  2975  113  0  20  69  0  0  0  376  0  1  0  61  0  0  0  20628  6  10312  0  0  358  2577  462  0  0  0  0  0  0  0  2918  9130  0  0  2764  0  0  3  5241  0  0  0  0  0  0  0  0  0  0  10  1729  7  36  15709  0  
0  0  0  0  0  0  0  0  3  105  53  0  0  0  0  0  0  0  0  0  1  22  2  0  0  0  2  0  0  362  0  0  0  0  0  0  0  0  0  0  0  0  0  208  2  0  0  0  0  0  0  0  0  0  0  0  0  0  0  2  0  0  0  0  102  54  0  0  0  0  14  0  1  0  0  33  22  1  0  0  2  79  2454  5960  61620  1  0  0  0  2  0  0  3017  10889  15  803  0  0  0  3  130  0  0  91806  0  0  30  8  0  3  0  18  0  0  6569  25  0  88935  123  1480  24  4  133  1  95  0  0  0  29  4065  5451  69646  84  34  100  0  0  0  0  1693  375  0  26  0  32142  12  13440  0  0  1  4  9  0  0  1  437  403  3118  260  4  
0  0  16  0  0  6841  361  826  1369  4302  3  0  0  0  0  246  1  0  1  0  14  608  6  5  0  0  0  0  0  113  54  8  0  0  0  0  2  40  0  0  9  0  0  723  2  14  125  0  43  0  1  0  4  13  0  0  1  0  8  50  44  0  1  20  437  6276  1  0  5  970  499  0  36  0  3  7  807  1  0  44426  77256  47305  46330  31379  1  4  12  0  4  487  0  1  140  0  14  1301  0  79  0  0  0  0  0  1208  122  6462  2  1  0  0  0  14  4  0  3708  3  0  5469  158  18659  61  5  618  0  42  157  27  899  1  2  263  6  37  15  45  11  24  2119  3630  0  120  47  64  49  17353  3  5550  0  0  164  22  275  19  1  2  15930  1732  5904  1706  8  
0  0  0  0  0  0  0  0  0  5  0  0  0  0  0  0  0  0  0  0  0  0  0  0  0  0  0  0  0  0  0  0  0  0  0  0  0  0  0  0  0  0  0  0  0  0  0  0  0  0  0  0  0  0  0  0  0  0  0  0  0  0  0  0  0  3  0  0  0  0  0  0  0  0  0  0  57  8794  0  0  0  40  1  13  0  2  0  0  0  0  0  0  3  0  0  0  0  0  0  34740  0  18592  2  204  0  0  0  1  0  0  0  0  0  0  34675  0  0  54  26443  5366  0  0  27  0  1  0  0  0  4829  13934  9  0  0  1  4  0  0  0  159  35  0  4  81  0  52  0  1106  0  0  0  0  1  0  0  0  264  26  285  19  0  
0  0  0  0  0  0  0  0  0  0  0  0  0  0  0  0  0  0  0  0  0  0  0  0  0  0  0  0  0  0  0  0  0  0  0  0  0  0  0  0  0  0  0  0  0  0  0  0  0  0  0  0  0  0  0  0  0  0  0  0  0  0  0  0  0  0  0  0  0  0  0  0  0  0  0  0  1  11777  0  0  19  8  0  0  0  66036  0  13  53  0  35  6  0  0  0  0  0  0  0  0  0  0  53526  0  0  0  1  0  1  0  0  0  0  39  192  0  0  1  12873  4  6  38  12482  0  0  48028  0  10272  0  0  0  0  0  0  2  0  0  1  2  10  11  0  4722  0  1  0  0  1  0  0  0  0  0  0  0  491  16  5530  277  4  
0  0  0  0  0  0  0  0  0  0  0  0  0  0  0  0  0  0  0  0  0  0  0  0  0  0  0  0  0  0  0  0  0  0  0  0  0  0  0  0  0  0  0  0  0  0  0  0  0  0  0  0  0  0  0  0  0  0  0  0  0  0  0  0  0  0  0  0  0  0  0  0  0  0  0  0  64  34  0  0  9  546  0  0  0  95  0  0  2  6  0  1  0  0  0  0  0  0  0  0  0  0  0  0  0  0  0  0  0  0  0  0  0  0  505  0  0  1  161  0  3  1  584  0  0  867  0  14906  0  0  0  0  0  0  0  0  0  0  0  8  9  2101  0  0  0  0  0  0  0  0  0  0  0  0  0  401  26  677  36  0  
0  0  0  0  0  108  0  0  0  0  0  0  0  0  0  14  0  0  0  0  0  0  2  7  0  0  0  0  0  0  14658  0  0  0  0  0  0  0  0  0  0  0  0  0  0  0  1  0  0  0  0  0  0  0  0  0  0  0  0  0  0  0  3  0  0  15  0  0  0  3530  0  0  0  0  4758  0  0  0  2674  46924  29  4  0  0  0  0  7  0  9  31592  0  0  0  0  0  1  0  7101  0  0  0  0  0  0  41312  16249  0  0  0  0  0  0  1  0  0  0  0  0  0  1  29  0  46  0  0  14  1257  219  0  0  0  0  0  0  0  4  50368  7808  0  1955  0  1  1  0  0  0  0  0  0  0  0  5  0  0  0  1653  0  51  13  0  
0  0  1  1  0  0  0  0  4427  453  5  0  0  0  0  0  0  0  0  0  2  1  1  0  0  0  0  0  0  8477  0  0  0  0  0  0  0  4  0  0  3  0  0  33  2  42  1  1  1  0  0  0  0  0  0  0  0  0  1  5  4  0  0  0  189  1547  1  0  0  0  7155  0  2  0  0  1  56  0  0  0  2  818  70970  80  21  0  0  0  0  7  0  0  72  1  0  9  0  0  0  0  17  0  0  128370  0  0  0  0  0  0  0  1  0  0  1385  1  0  246  91  59082  9  2  119  0  12  1  0  0  0  11400  25  3472  4  0  18  0  0  0  17128  13574  172  1  10  0  0  0  1424  0  0  0  5  64  7  0  0  275  270  2160  214  5  
0  0  0  0  0  0  0  0  0  37  0  0  0  0  0  0  0  0  0  0  0  0  0  0  0  0  0  0  0  0  0  0  0  0  0  0  0  0  0  0  0  0  0  0  0  0  0  0  0  0  0  0  0  0  0  0  0  0  0  1  0  0  0  0  0  10  0  0  0  0  0  0  0  0  0  86  0  0  0  0  0  0  0  12  0  0  0  0  0  0  0  0  767  0  2183  4  247  0  0  0  0  0  0  0  0  0  0  0  134  0  148866  216500  0  0  61  0  12754  55  0  0  0  55  14  45405  3  0  0  0  0  3  1207  5  23855  22499  249  0  0  0  22  6  0  0  0  0  1  0  66047  0  0  0  0  0  0  0  0  0  513  35  18  0  
0  0  0  0  0  0  0  0  1  648  0  0  0  0  0  0  0  0  0  0  0  0  8  0  0  0  0  0  0  2  0  0  0  0  0  0  0  2  0  0  1  0  0  12  0  0  0  0  0  0  0  0  0  0  0  0  0  0  1  4  3  0  0  0  3  207  0  0  0  0  0  0  2  0  0  416  1  0  0  0  0  4  10  305  1  7  0  0  0  0  26  0  71784  4  5766  291  1020  0  56739  8866  0  0  0  68  0  0  23762  157107  11903  21094  977  295393  0  0  46628  29  7303  6762  132  428  24  73132  734  16655  105  0  0  0  25729  22163  24907  8199  22593  33196  26573  0  0  0  10509  287  1979  0  14  0  475  39179  0  32719  0  0  6  30  1  0  2  115  14348  2928  2267  12  
0  0  0  0  0  0  0  0  0  7  0  0  0  0  0  0  0  0  0  0  0  0  0  0  0  0  0  0  0  0  0  0  0  0  0  0  0  0  0  0  0  0  0  0  0  0  0  0  0  0  0  0  0  0  0  0  0  0  0  0  0  0  0  0  0  0  0  0  0  0  0  0  0  0  0  1  0  350  0  0  0  0  0  3  0  323  0  0  0  0  331  96  4  0  0  2  0  0  0  5  0  0  0  1  0  0  60484  39106  65  23108  0  2  0  0  9219  0  0  337  0  1  6  8734  203  0  0  0  0  0  2  0  6  0  0  0  13  0  0  0  604  1  0  0  0  0  1  0  41871  0  0  0  1  1  0  0  0  0  26  20  2  0  
8  0  0  0  0  0  0  0  0  2  0  0  0  0  0  0  8055  1901  0  0  0  0  71780  97  0  0  0  0  0  0  22  67  0  56  36607  0  1  0  0  0  0  0  46925  1  0  0  139  4918  0  1  0  0  0  0  0  0  0  0  0  0  537  0  29342  1  0  0  0  0  0  2  0  4  13  0  0  0  0  0  0  0  0  0  0  0  0  0  0  0  0  0  0  0  0  0  0  1  0  1  0  0  0  0  0  0  1  2  0  0  0  0  0  0  0  0  0  0  0  0  0  0  0  0  0  0  0  0  0  0  0  0  0  0  0  0  0  0  0  0  0  0  0  0  0  0  0  0  0  0  0  0  351503  14504  38109  62536  6  13  2  3  0  0  
0  0  0  0  0  689  156630  33547  0  2  0  0  0  0  1  11762  2  1  0  0  0  0  0  13  0  0  0  0  0  0  0  0  0  0  0  0  0  0  0  0  1  0  0  2  3  17  717  1  1757  0  0  258  29  31929  0  1  0  0  0  0  2  0  1  69  5  9948  1  3  409  15  12  0  1  0  0  0  0  0  0  16  138  4  0  0  0  0  0  0  0  17  0  0  0  0  0  0  0  0  0  0  0  0  0  0  0  0  0  0  0  0  0  0  0  0  1  0  0  0  0  1  0  0  0  0  0  0  0  0  0  0  0  0  0  0  0  0  0  0  0  153  0  1  1  0  0  0  0  0  0  0  0  1476  1404  50  0  30  0  9  1  0  
0  1  0  0  0  0  0  1  0  8832  0  0  0  0  0  0  2560  60  75  0  433  592  166552  0  0  0  0  0  0  0  0  150  11  55  392  4  34  105  0  0  1331  0  2640  854  11  0  2  13234  1277  726  1  0  0  1  0  2  11  6  275  88  59432  0  114  1  141  250  1  0  38  2  2  33  1921  100  0  0  0  0  0  0  0  0  0  0  0  0  0  0  0  0  0  0  0  0  0  1  5  0  0  0  0  0  0  0  3  0  0  0  0  0  0  0  0  0  17  0  0  2  0  0  2  0  0  0  0  0  0  0  0  0  0  0  0  1  1  0  0  0  5  8  0  0  0  0  0  0  1  0  137220  0  0  93325  33760  21055  5  7  100  92  0  0  
0  0  3  55  0  16  12  953  106  1145  2  1  0  0  0  6  422  347  174  0  41  11  3710  6  0  33  0  0  0  340  5  1598  27  3  0  6  7  80  0  0  8111  0  20  679  994  36  225  336  26391  0  1  0  25  473  0  41  22  26  575  137  11094  0  63  47  5611  1544  40  16  1658  24  1190  0  920  144  0  0  0  0  0  9  5  15  4  1  0  0  0  0  0  1  0  0  0  0  0  1  1  1  0  0  0  0  0  2  111  13  0  0  0  0  0  0  0  0  44  0  0  5  0  8  0  0  0  0  0  0  0  1  0  0  0  0  0  0  1  0  0  0  6  105  0  0  0  6  0  0  1  0  2279  766  94445  0  23939  32965  3  8031  24  40433  1  0  
3  2  0  577  0  546  24  21  3  4  0  254  1  1  4  2  43935  41552  44  0  12  1  282  37664  0  11  0  0  66  9  171  1922  1736  529  168  58  10  25  3  0  7750  0  39  537  290  17  27865  77725  37668  24  0  136  368  236  0  16  10  8  65  2  1441  1  58814  23507  202  485  48  1509  47  515  25  2  389  38  0  0  0  0  0  5  3  3  1  0  0  0  0  0  0  0  0  0  0  0  0  0  0  0  0  0  0  0  0  0  2  0  0  0  0  0  0  0  0  0  0  0  0  0  0  1  0  0  1  0  0  0  0  0  0  0  0  0  0  0  0  0  0  2  0  26  0  0  0  0  0  0  0  0  23881  1600  47447  11951  0  238879  0  155  0  78  0  0  
1  0  0  18  0  114  6  2  0  9  0  0  0  0  2  4  10  3121  3  0  1  0  156  5133  0  2  0  0  2  9  19  1195  0  0  1  0  0  1  0  0  5424  0  8  225  20  3  1451  2  13810  0  1  3  278  42  0  3  0  0  3  3  51  0  53341  554  88  178  2  33  34  171  17  0  25  0  0  0  0  0  0  1  1  0  0  0  0  0  0  0  0  0  0  0  0  0  0  0  0  0  0  0  0  0  0  0  0  0  0  0  0  0  0  0  0  0  1  0  0  0  0  0  0  0  0  0  0  0  0  0  0  0  0  0  0  0  0  0  0  0  0  28  0  0  0  0  0  0  0  0  36796  96  63085  84456  447920  0  0  880  0  250  0  0  
5  0  0  0  0  0  0  0  0  1  0  0  0  0  0  0  0  0  0  0  0  0  4  4  0  0  0  0  0  0  15  3  0  0  0  0  0  0  0  0  0  0  0  1  0  0  0  0  0  0  0  0  0  0  0  0  0  0  0  0  0  0  5  0  0  0  0  0  0  0  0  0  0  0  1  0  0  0  0  0  0  0  0  2  0  0  0  0  0  0  618  286  0  0  28  3  86958  954  0  0  0  0  0  0  57  593  0  0  23737  0  0  0  0  0  17  0  2685  3  0  0  122  156  142  40  0  0  0  0  0  0  2  0  0  0  488  0  8238  43  9  0  0  0  6  1  0  0  2  0  2  0  2  12  1  0  0  80  348090  32733  22566  74469  
0  0  2  0  0  3963  6  16  11  11  0  0  0  0  0  24  0  0  0  0  0  0  0  2  0  0  0  0  0  1  27  259  0  0  0  0  0  0  0  0  1  0  0  0  2  1  17  0  17  0  0  0  0  5  0  0  0  0  0  0  1  0  16  5  4  5403  0  0  0  961  11  0  1  0  17  2  12  28  0  2318  3189  1664  556  98  0  40  21  2  5  117  6  758  4  0  0  0  4  410  0  0  0  0  0  15  83  12101  1  0  1  0  0  0  36  9  3093  0  0  155  274  2790  3702  61  21387  0  28  2500  86  5128  0  0  12  0  2  0  36  13  605  2109  449  10580  69  64  1041  17  90  0  49  0  0  35  0  10388  14  38  13  0  1634  74123  62590  6211  
0  0  0  0  0  0  0  0  0  6525  0  0  0  0  0  0  0  1  0  0  0  28  626  0  0  0  0  0  0  0  4  15  0  0  0  0  0  2  0  0  7  0  0  990  0  0  0  0  1  0  0  0  0  0  0  0  1  0  1  1  9  0  0  0  2  1039  0  0  0  2  0  0  2  0  0  4  0  2  0  15  0  3  1  2676  0  16  0  1  0  0  1102  44  234  0  1464  942  105300  73  0  0  0  0  0  0  49  1043  13  0  970  0  7  13  0  0  5384  0  1504  1054  18  2  568  5602  3605  13827  3  6  0  8  0  1  467  3  43  2637  79133  0  674  18  290  41  1  28  204  1  1  269  6898  8  2  0  128  238  1  0  115093  616  0  52888  31818  7411  
0  0  0  0  0  14  0  9  20  7139  0  0  0  0  1  1  0  0  0  0  1  7  44  1  0  0  0  0  0  25  16  152  0  0  0  0  0  2  0  0  17  0  0  28  6  23  10  0  9  0  0  0  0  5  0  2  0  0  2  6  8  0  0  1  129  1167  0  0  2  67  115  0  7  0  0  1  32  35  0  387  10  299  141  533  0  319  0  0  0  8  5  3  22  0  33  0  2930  1  0  0  0  0  0  320  298  8237  7  2  1  1  0  1  0  0  9328  0  0  1242  305  343  447  37  21725  1  19  27  0  20  0  4  66  9  11  1  81  0  870  8  6622  2190  43  152  1712  59  787  0  577  1  0  13  147  71052  10  1  4390  61348  38517  0  5062  28452  
0  0  0  0  0  1161  0  0  0  2  0  0  0  0  0  0  0  0  0  0  0  0  0  1  0  0  0  0  0  0  0  0  0  0  0  0  0  0  0  0  0  0  0  0  0  0  0  0  0  0  0  0  0  2  0  0  0  0  0  0  0  0  0  0  0  716  0  0  0  0  0  0  0  0  18  0  22  2  0  4895  10  161  2  7  0  16  2  0  0  2  12773  28239  12  0  10  0  21089  50760  0  2  0  0  0  2  3270  10142  0  0  101  0  0  0  0  0  1060  0  33  43  26  149  19830  34916  75418  29  15  46  1  21  0  0  30  0  3  41  876  0  44739  4979  57  8416  8  30  38  10  9  0  1733  0  0  0  1  3  1  0  8316  21742  69195  3094  0  230460  
0  0  0  0  0  5  0  0  0  2  0  0  0  0  0  0  0  0  0  0  0  0  1  0  0  0  0  0  0  0  0  0  0  0  0  0  0  0  0  0  0  0  0  0  0  0  0  0  0  0  0  0  0  0  0  0  0  0  0  0  0  0  0  0  0  7  0  0  0  0  0  0  0  0  0  0  4  0  0  0  0  9  0  2  0  6  0  0  0  0  1  8  2  0  0  0  413  292  0  0  0  0  0  1  9  496  0  0  5  0  0  0  0  0  73  0  0  50  1  10  117  12  19178  0  1  1  0  0  0  0  1  0  2  1  188  0  18861  3  31  13  0  5  7  0  3  0  33  0  0  0  0  2  0  0  46110  27779  35478  93803  429420  0  
