0  0  0  0  25865  7717  0  0  0  0  0  0  12  3681  12371  12  0  0  0  0  0  0  0  46700  0  0  0  0  0  0  34426  47  0  0  0  0  0  0  507  7  0  0  0  0  0  0  5629  0  1211  0  0  6375  9756  0  0  0  0  0  0  0  0  11658  107  3112  0  48  0  0  0  14675  0  0  0  0  4  0  0  0  0  2  0  0  0  0  0  0  0  0  0  2  0  0  0  0  0  0  0  0  0  0  0  0  0  0  4  0  0  0  0  0  0  0  0  2  0  0  0  0  0  0  0  0  0  0  0  0  0  0  0  0  0  0  0  0  0  0  0  0  0  1  0  0  0  1  0  0  0  0  0  34  0  0  6629  20  0  0  0  0  0  0  
0  0  0  0  0  0  0  0  0  0  3  0  0  0  0  0  0  0  31878  133  16280  11332  0  0  0  0  0  0  0  0  0  0  0  0  0  0  7866  1  0  0  1  53962  0  5118  0  0  0  0  0  0  24308  0  0  0  0  0  8041  1  37232  4  177  0  0  0  0  0  0  0  0  0  0  705  10  0  0  0  0  0  0  0  0  0  0  0  0  0  0  0  0  0  0  0  0  0  0  0  0  0  0  0  0  0  0  0  0  0  0  0  0  0  0  0  0  0  0  0  0  0  0  0  0  0  0  0  0  0  0  0  0  0  0  0  0  0  0  0  0  0  0  0  0  0  0  0  0  0  0  0  0  0  0  0  0  0  0  0  0  0  0  0  
0  0  0  2  0  0  0  14223  18  0  0  0  0  0  0  51039  0  0  0  0  0  0  0  0  0  1  18695  15153  26749  14322  0  0  0  0  0  0  0  0  0  0  0  0  0  0  37328  39451  0  0  0  0  0  0  0  0  0  0  0  0  0  0  0  0  0  0  0  1  22082  0  36  0  145  0  0  0  0  0  1062  0  0  0  0  4  3  0  0  0  0  0  0  22  0  0  0  0  0  0  0  0  0  0  0  0  0  85  0  0  0  0  0  0  0  0  0  0  0  0  0  0  3  106  0  0  0  0  0  0  0  0  0  0  0  0  0  0  0  0  0  0  0  0  0  0  0  0  126  0  0  0  0  0  0  2  3  0  0  0  0  0  0  0  
0  0  56  0  0  0  0  275  321  5  0  22119  0  0  0  5  9561  123  0  0  0  0  0  0  0  62379  1  28396  17886  19  0  0  7260  209  196  23  0  0  0  11  22406  0  0  4  28106  99  0  232  71484  0  0  2  0  4  1  83  0  16  0  0  1  0  0  0  25  803  2397  10151  23  0  93  0  38  58  0  0  0  0  0  0  0  1  2  0  0  0  0  0  0  0  0  0  0  0  0  0  0  0  0  0  0  0  0  0  0  0  0  0  0  0  0  0  0  0  0  0  0  0  0  0  0  0  0  0  0  0  0  0  0  0  0  0  0  0  0  0  0  0  0  6  0  0  0  0  0  0  0  0  8  61  0  993  2699  220  0  0  0  0  0  0  
26088  0  0  0  0  4259  0  0  0  0  0  0  0  13  24230  32397  0  1  0  0  0  0  0  1  0  0  0  0  0  0  22428  1  0  0  0  0  0  0  12  0  0  0  0  0  0  0  78  0  27  0  0  160  25523  0  0  0  0  0  0  0  0  0  0  2  0  9  0  0  0  7830  0  0  0  0  0  0  0  0  12  2  0  0  0  0  0  0  0  0  0  4  0  0  0  0  0  0  0  0  0  0  0  0  0  0  0  0  0  0  0  0  0  0  0  0  0  0  0  0  0  0  0  0  0  0  0  0  0  0  0  0  0  0  0  0  0  0  0  0  0  1  0  0  0  0  0  0  0  0  0  1  0  0  422  1  0  0  0  0  0  0  
6066  0  0  2  7507  0  21279  15  0  0  0  42  0  577  778  62142  0  13  0  0  0  0  0  8  0  0  0  0  0  0  2239  1516  0  0  0  0  0  0  328  78  0  0  0  0  9  0  6601  0  10124  0  0  3036  12017  5642  0  0  0  0  0  0  0  1  1911  9  0  41165  0  4  0  48353  0  0  0  0  23  0  0  0  91  2704  89  0  0  0  0  0  0  10  1  255  0  0  0  0  0  0  0  3  0  0  0  0  0  0  3  325  0  0  0  0  0  0  20  12  0  0  0  0  0  0  3  0  1  0  0  38  1  0  0  0  0  0  0  0  0  24  0  11  0  4080  0  0  0  38  0  0  0  0  0  2199  0  10  8951  25  1  448  0  0  86  0  
0  0  0  0  0  26822  0  26318  0  0  0  5  0  0  9  45772  0  0  0  0  0  0  0  0  0  0  0  0  0  0  0  0  0  0  0  0  0  0  0  0  0  0  0  0  0  0  0  0  19  0  0  484  447  9226  0  0  0  0  0  0  0  0  0  0  0  32226  0  59  150  0  0  0  0  0  0  0  0  0  0  19  1589  732  0  0  0  0  0  0  0  186  0  0  0  0  0  0  0  0  0  0  0  0  0  0  0  0  0  0  0  0  0  0  0  1  0  0  0  0  1  0  0  0  0  0  0  2  0  2  0  0  0  0  0  0  0  0  0  0  0  726  0  5  1  0  0  0  0  0  0  1617  0  0  0  0  0  1  0  0  3  0  
0  0  9970  55  0  28  25381  0  16340  0  0  1  0  0  0  40895  71  0  0  0  0  0  0  0  0  32  0  0  11760  206  0  0  0  0  0  0  0  0  0  0  55  0  0  0  14637  31720  0  8  166  0  0  9  19  651  0  8  0  1  0  0  0  0  0  0  0  20805  105  14  11698  0  10  0  0  0  0  0  6  0  0  0  224  15135  1253  0  0  0  0  0  0  378  0  0  0  0  0  0  0  0  0  0  0  0  0  1  0  0  0  0  0  0  0  0  0  0  0  0  0  0  0  1812  0  0  0  0  0  0  0  0  0  0  0  0  0  0  0  0  0  0  0  1352  1  0  0  0  5  0  0  0  0  1085  0  169  161  5  0  0  0  0  0  0  
0  0  48  1046  0  1  0  12776  0  23263  0  0  0  0  0  207  219  18  0  0  0  16  2  0  1  919  6  1  50  13321  0  0  0  1  0  313  0  0  0  0  1386  0  0  237  568  21282  0  123  482  0  0  0  0  0  110  1288  0  43  1  0  1  0  0  0  9812  36320  1460  3  6  0  43314  0  310  0  0  0  59  0  0  0  0  1881  31063  12  70  0  0  0  0  259  0  0  0  0  0  5  0  0  0  0  1  0  0  948  0  0  0  0  0  0  0  0  0  0  0  0  0  1  0  2501  0  0  0  0  0  0  0  0  0  0  0  0  0  0  0  0  0  0  179  3497  0  0  0  0  6160  0  0  0  45  12  6  1255  928  824  0  0  0  0  0  0  
0  0  0  0  0  0  0  0  17412  0  0  0  0  0  0  0  0  5  0  0  0  2008  5422  0  0  29  0  0  0  13831  0  0  0  2  0  9  1  0  0  0  106  0  0  31663  0  1  0  20  0  0  0  0  0  0  4  10  0  6  0  0  19  0  0  0  1170  53927  2  0  0  0  21  1  46  1  0  0  0  0  0  0  0  0  31  219  43  0  0  0  0  0  0  1  0  0  0  13  1  0  0  0  0  0  0  1713  0  0  0  0  0  0  0  0  0  0  11  0  0  25  0  0  0  1  1  0  0  0  0  0  0  0  0  0  0  0  0  0  0  0  33  22545  0  0  0  0  2  0  3  0  28  0  7122  542  635  635  0  0  43  1  4  0  
0  3  0  0  0  0  0  0  3  0  0  0  0  0  0  0  0  0  0  115588  0  15275  0  0  0  1  2579  0  0  436  0  0  0  0  0  2  0  0  0  0  11  17556  0  148563  0  0  0  0  0  0  0  0  0  0  0  1439  25  21459  0  0  0  0  0  0  64722  0  1  0  0  0  3  0  22  0  0  0  0  0  0  0  0  0  0  0  15078  0  0  0  0  0  0  0  0  750  0  1001  0  0  0  0  11  0  0  59  0  0  0  0  0  0  0  0  0  0  0  2263  0  21410  0  0  0  0  0  0  0  0  0  0  0  0  0  0  0  0  0  0  0  0  278  0  0  0  0  0  0  0  0  0  0  0  0  0  3  0  0  0  0  0  0  0  
0  0  0  20947  1  24  1  0  0  0  0  0  0  25370  612  1  333  1691  0  0  0  0  0  0  0  0  0  0  6746  0  0  0  0  19  6  0  0  0  26  27504  0  0  0  0  9  0  127  5  64808  0  0  43148  61  0  0  0  0  0  0  0  0  0  0  0  0  36  0  49845  0  0  0  0  0  0  0  0  0  0  0  0  0  0  0  0  0  0  0  0  0  0  0  0  0  0  0  0  0  0  0  0  0  0  0  0  0  0  0  0  0  0  0  0  0  0  0  0  0  0  0  0  0  0  0  0  0  0  0  0  0  0  0  0  0  0  0  0  0  0  0  1  0  0  0  0  0  0  0  0  0  1231  0  2  2940  4  0  0  0  0  0  0  
228  0  0  0  17  47  0  0  0  0  0  3  0  24604  1  0  0  0  0  0  0  0  0  32062  0  0  0  0  0  0  0  0  0  0  0  0  0  0  24807  2  0  0  0  0  0  0  18312  0  745  0  0  24  0  0  0  0  0  0  0  0  0  6536  0  5798  0  0  0  0  0  3  0  0  0  0  0  0  0  0  0  0  0  0  0  0  0  0  0  0  0  0  0  0  0  0  0  0  0  0  0  0  0  0  0  0  0  0  0  0  0  0  0  0  0  0  0  0  0  0  0  0  0  0  0  0  0  0  0  0  0  0  0  0  0  0  0  0  0  0  0  0  0  0  0  0  0  0  0  0  0  0  0  0  142  0  0  0  0  0  0  0  
4376  0  0  0  43  503  0  0  0  0  0  22939  18603  0  2725  3  0  40  0  0  0  0  0  2872  0  0  0  0  0  0  0  1  0  0  0  0  0  0  23744  23741  0  0  0  0  0  0  4745  0  23083  0  0  44458  40  0  0  0  0  0  0  0  0  19191  6  845  0  57  0  0  0  10  0  0  0  0  0  0  0  0  0  0  0  0  0  0  0  0  0  0  0  0  0  0  0  0  0  0  0  0  0  0  0  0  0  0  0  0  0  0  0  0  0  0  0  0  0  0  0  0  0  0  0  0  0  0  0  0  0  0  0  0  0  0  0  0  0  0  0  0  0  0  0  0  0  0  0  0  0  0  0  75  0  0  305  0  0  0  0  0  0  0  
11461  0  0  0  27230  1674  6  0  0  0  0  1078  1  3560  0  46597  0  0  0  0  0  0  0  4998  0  0  0  0  13233  0  0  0  0  0  0  0  0  0  7  4  0  0  0  0  1  0  2  0  1  0  0  112968  94184  92860  0  0  0  0  0  0  0  35632  0  2  0  4  0  34475  14748  0  0  0  0  0  0  0  0  0  0  0  0  0  0  0  0  0  0  0  0  0  0  0  0  0  0  0  0  0  0  0  0  0  0  0  0  0  0  0  0  0  0  0  0  0  0  0  0  0  0  0  0  0  0  0  0  0  0  0  0  0  0  0  0  0  0  0  0  0  0  0  0  0  0  0  0  0  0  0  0  52  0  2  7  0  0  0  0  0  0  0  
11  0  71266  0  39789  71121  44605  56012  420  0  0  0  0  0  42730  0  0  0  0  0  0  0  0  0  0  0  0  1  11748  486  6656  285  0  0  0  0  0  0  0  0  0  0  0  0  4218  10856  1  0  3  0  0  219  1350  107842  0  0  0  0  0  0  0  0  0  0  0  3706  2  6  21579  12034  32  0  0  0  0  0  690  0  89  444  864  1449  218  0  0  0  0  0  0  2101  0  0  0  0  0  0  0  0  0  0  0  0  0  0  0  169  0  0  0  0  0  0  0  0  0  0  0  0  0  799  0  0  0  0  0  0  0  0  0  0  0  0  0  0  0  0  0  0  0  383  0  0  0  2  67  0  0  0  0  2933  0  0  2  8  0  0  0  0  0  0  
0  0  64  3999  0  0  0  151  53  1  0  498  0  0  0  4  0  31535  0  0  0  0  7287  4  0  272  0  3  97  4  0  1  239  26  9748  9  0  0  0  0  2311  0  1105  0  602  329  77  41032  21841  3  0  0  0  1  1  12  0  8  0  1  3  0  765  0  17  411  1400  4  2  0  13  0  243  0  0  0  0  0  0  0  0  0  2  0  0  0  0  0  0  0  0  0  0  0  0  0  0  0  0  0  0  0  0  0  0  0  0  0  0  0  0  0  0  0  0  0  0  0  0  0  0  0  0  0  0  0  0  0  0  0  0  0  0  0  0  0  0  0  0  17  0  0  0  0  0  0  0  0  16432  12  3052  905  82917  84  0  0  0  0  0  0  
7  0  0  214  1  308  0  0  0  0  0  2744  0  132  0  0  25424  0  0  0  0  0  2613  4139  0  0  0  0  0  0  2  223  0  3  150  0  0  0  9  114  1  0  0  0  45  0  28705  1611  38783  0  0  54  6  2  0  0  0  0  1  0  0  0  10335  0  0  106  0  33  0  0  0  0  90  0  3  0  0  0  3  2  0  0  0  0  0  0  0  0  1  0  0  0  0  0  0  0  0  0  0  0  0  0  0  0  0  0  0  0  0  0  0  0  0  3  0  0  0  0  0  0  0  0  0  0  0  7  3  0  0  0  0  0  0  0  0  0  0  0  0  11  0  0  0  0  0  0  0  0  8833  183  721  2245  124600  573  0  2  0  0  1  0  
0  35364  0  0  0  0  0  0  0  0  1  0  0  0  0  0  0  0  0  11882  2  1  0  0  16612  0  0  0  0  0  0  0  0  0  0  0  1709  564  0  0  0  17651  0  424  0  0  0  0  0  0  12  0  0  0  0  56  127989  63318  22480  0  4  0  0  0  0  0  0  0  0  0  0  9  41634  0  0  0  0  0  0  0  0  0  0  0  0  0  0  0  0  0  0  0  0  0  0  0  0  0  0  0  0  0  0  0  0  0  0  0  0  0  0  0  0  0  0  0  0  0  0  0  0  0  0  0  0  0  0  0  0  0  0  0  0  0  0  0  0  0  0  0  0  0  0  0  0  0  0  0  0  0  0  0  0  0  0  0  0  0  0  0  
0  217  0  0  0  0  0  0  0  0  109149  0  0  0  0  0  0  0  10261  0  3  293  0  0  328  0  39259  0  0  15  0  0  0  0  0  0  0  0  0  0  0  21658  0  25783  0  0  0  0  0  0  38  0  0  0  0  13596  1490  53341  3  0  11  0  0  0  20408  0  0  0  0  0  1  0  4  0  0  0  0  0  0  0  0  0  0  0  870  0  0  0  0  0  0  0  0  778  0  0  0  0  0  0  4  0  0  5  0  0  0  0  0  0  0  0  0  0  0  0  0  4  0  0  0  0  0  0  0  0  0  0  0  0  0  0  0  0  0  0  0  0  17  0  0  0  0  0  0  0  0  0  0  0  0  0  0  0  0  0  0  0  0  0  
0  21595  0  0  0  0  0  0  0  0  0  0  0  0  0  0  0  0  0  5  0  1888  16253  0  0  0  0  0  0  0  0  0  0  0  0  0  5225  9  0  0  49  16  1  1602  0  0  0  2  0  12395  34445  0  0  0  0  0  3472  2  26261  75557  111976  0  0  0  1  0  0  0  0  0  0  16961  55  0  0  0  0  0  0  0  0  0  0  0  0  0  0  0  0  0  0  0  0  0  0  0  0  0  0  0  0  0  0  0  0  0  0  0  0  0  0  0  0  0  0  0  0  0  0  0  0  0  0  0  0  0  0  0  0  0  0  0  0  0  0  0  0  0  0  0  0  0  0  0  0  0  0  0  0  0  155  15  2  0  0  0  0  0  0  0  
0  8731  0  0  0  0  0  0  81  274  12085  0  0  0  0  0  0  0  3  697  1170  0  14694  0  0  0  0  0  0  3790  0  0  0  0  0  0  24  0  0  0  8  48428  0  143700  0  0  0  1  0  0  41725  0  0  0  0  0  314  3  39  7  83635  0  0  0  6120  5  0  0  0  0  0  20  5  0  0  0  0  0  0  0  0  0  0  0  113  0  0  0  0  0  0  0  0  0  0  9092  0  0  0  0  0  0  0  8  0  0  0  0  0  0  0  0  0  0  0  10116  0  6583  0  0  0  0  0  0  0  0  0  0  0  0  0  1  0  0  3  0  0  0  0  2  0  0  0  0  0  0  0  0  0  0  267  60  0  0  0  0  0  0  0  0  
0  0  0  0  0  0  0  0  0  5257  0  8  0  0  0  0  7507  4386  0  0  5987  15955  0  34  0  0  0  0  0  16  0  29  0  0  3600  0  9165  14  0  0  1  0  31942  9125  0  0  57  520  0  5705  0  0  0  0  0  0  0  0  0  15  47333  0  2934  0  4  1  0  0  0  1  0  24  41  0  0  0  0  0  0  0  0  0  0  0  0  0  0  0  0  0  0  0  0  0  0  0  0  0  0  0  0  0  0  0  0  0  0  0  0  0  0  0  0  0  0  0  0  0  0  0  0  1  0  0  0  0  0  0  0  0  0  0  0  0  0  0  0  0  0  0  0  0  0  0  0  0  0  0  27025  0  157069  1895  857  101  0  0  1  2  0  0  
61970  0  0  0  17  52  0  0  0  0  0  4  31327  4857  5887  0  7  2669  0  0  0  0  37  0  0  0  0  0  0  0  22032  566  0  0  1  0  0  0  930  0  0  0  2  0  0  0  49834  1656  7  0  0  8  0  0  0  0  0  0  0  0  0  42245  81862  129423  0  3  0  0  0  3186  0  0  0  0  0  0  0  0  0  0  0  0  0  0  0  0  0  0  0  0  0  0  0  0  0  0  0  0  0  0  0  0  0  0  109  1  0  0  0  0  0  0  0  0  0  0  0  0  0  0  0  0  0  0  0  0  0  0  0  0  0  0  0  0  0  0  0  0  0  0  0  0  0  0  0  0  0  0  18  0  6  47  19055  111  0  0  0  0  0  0  
0  0  0  1  0  0  0  0  34  1  2  0  0  0  0  0  13  0  19331  1008  0  0  0  0  0  18530  1299  0  0  20  0  0  0  5  0  137  0  83  0  0  419  0  0  7  1  0  0  15  17  0  0  0  0  0  33816  79368  0  18995  1  0  1  0  0  0  324  2  449  0  0  0  71  0  112358  0  0  0  0  0  0  0  0  0  0  0  0  0  0  0  0  0  0  0  0  0  0  0  0  0  0  0  0  0  0  0  0  0  0  0  0  0  0  0  0  0  0  0  0  0  0  0  0  0  0  0  0  0  0  0  0  0  0  0  0  0  0  0  0  0  0  0  0  0  0  0  0  0  0  0  1  0  8  19  157  33  0  0  0  0  0  0  
0  0  35  66229  0  0  0  134  471  6  2  0  0  0  2  1  120  15  0  0  1  1  1  0  17473  0  240  3341  52  90  0  0  3709  5405  0  66104  0  13  0  0  86127  0  0  12  1690  174  0  87  2066  0  0  0  0  4  38206  37937  0  64  0  0  7  0  0  0  543  343  105361  0  5  0  1180  0  10524  96  0  0  0  0  0  0  0  0  0  0  0  0  0  0  0  0  0  0  0  0  0  0  0  0  0  0  0  0  0  0  0  0  0  0  0  0  0  0  0  0  0  0  0  0  0  0  0  0  0  0  0  0  0  0  0  0  0  0  0  0  0  0  0  0  0  4  0  0  0  0  0  0  0  0  36  6  18  668  1017  712  0  0  0  0  0  0  
0  0  27020  1  0  0  0  0  5  1  1373  0  0  0  0  0  0  0  0  28903  0  0  0  0  2264  305  0  246  0  119512  0  0  0  0  0  0  0  0  0  0  1  0  0  0  0  6615  0  0  0  0  0  0  0  0  0  175390  0  61  0  0  0  0  0  0  36682  9  73586  0  0  0  1447  0  4  0  0  0  0  0  0  0  0  0  0  0  143  0  0  0  0  0  0  0  0  550  0  0  0  0  0  0  41  0  0  1453  0  0  0  0  0  0  0  0  0  0  0  0  0  0  0  0  0  0  0  0  0  0  0  0  0  0  0  0  0  0  0  0  0  0  76  0  0  0  0  0  45  0  0  0  0  0  0  4  0  0  0  0  0  0  0  0  
0  0  14039  31532  0  0  0  4  0  0  0  0  0  0  0  0  0  0  0  0  0  0  0  0  0  3645  197  0  4124  0  0  0  0  0  0  0  0  0  0  0  0  0  0  0  131232  279  0  0  38  0  0  0  0  0  0  0  0  0  0  0  0  0  0  0  0  2  103721  0  0  0  0  0  0  0  0  0  0  0  0  0  0  0  0  0  0  0  0  0  0  0  0  0  0  0  0  0  0  0  0  0  0  0  0  0  0  0  0  0  0  0  0  0  0  0  0  0  0  0  0  0  0  0  0  0  0  0  0  0  0  0  0  0  0  0  0  0  0  0  0  0  0  0  0  0  0  0  0  0  0  0  0  0  28  2  0  0  0  0  0  0  
0  0  34457  18348  0  0  0  2283  0  0  0  2407  0  0  14196  12258  0  0  0  0  0  0  0  0  0  6  0  5406  0  0  0  0  0  0  0  0  0  0  0  1  1  0  0  0  145771  7  0  0  36  0  0  745  0  119  0  0  0  0  0  0  0  0  0  0  0  4  38  91122  89056  0  0  0  0  0  0  0  2  0  0  0  0  0  0  0  0  0  0  0  0  0  0  0  0  0  0  0  0  0  0  0  0  0  0  0  0  0  0  0  0  0  0  0  0  0  0  0  0  0  0  0  0  0  0  0  0  0  0  0  0  0  0  0  0  0  0  0  0  0  0  0  0  0  0  0  0  0  0  0  0  447  0  20  60  1  0  0  0  0  0  0  
0  0  18882  5  0  0  0  660  12078  13059  1155  0  0  0  0  226  0  0  0  14  0  7932  6  0  0  18  163798  1  0  0  0  0  0  0  0  9  0  0  0  0  34  0  0  16821  6  62335  0  3  0  0  0  0  0  0  6  44722  0  7  0  0  0  0  0  0  80659  87  4366  0  0  0  109524  0  38  0  0  0  957  0  0  0  0  4  72  0  7468  0  0  0  0  58  0  0  0  80  0  850  0  0  0  0  385  0  0  40798  0  0  0  0  0  0  0  0  0  0  0  0  0  339  2  997  0  0  0  0  0  0  0  0  0  0  0  0  0  0  0  0  0  0  3501  10  0  0  0  0  5140  0  0  0  1  0  75  33  25  33  0  0  0  0  0  0  
36096  0  0  0  27834  2943  0  0  0  0  0  0  0  1  0  4828  0  5  0  0  0  0  1  27684  0  0  0  0  0  0  0  24383  0  0  0  0  0  0  0  0  0  0  0  0  0  0  2  1  4  0  0  3  0  0  0  0  0  0  0  0  0  0  67909  899  0  2  0  0  0  65974  0  0  0  0  26  0  0  0  55  118  0  0  0  0  0  0  0  0  0  136  0  0  0  0  0  0  0  28  0  0  0  0  0  0  5051  39  0  0  0  0  0  0  0  0  0  0  0  0  0  0  0  0  0  0  0  0  0  0  0  0  0  0  0  0  0  0  14  0  0  0  0  0  0  470  0  0  0  0  6  0  0  48  3684  154  0  0  0  0  0  0  
42  0  0  0  0  905  0  0  0  0  0  0  0  1  0  136  9  119  0  0  0  0  47  507  0  0  0  0  0  0  17551  0  0  0  3  0  0  0  0  0  0  0  0  0  0  0  45  11  2  0  0  0  0  0  0  0  0  0  0  0  0  0  13286  120  0  12576  0  0  0  16480  0  0  0  0  0  0  0  0  0  171  0  0  0  0  0  0  0  0  0  0  0  1  0  0  0  0  0  0  0  0  0  0  0  0  0  478  0  0  0  0  0  0  0  0  0  0  0  0  0  0  0  0  0  0  0  0  0  0  0  0  0  0  0  0  0  0  0  0  0  160  0  0  0  37  0  0  0  0  242  2  116  1938  4540  4120  0  2  0  1  0  0  
0  0  0  4519  0  0  0  0  0  1  0  0  0  0  0  0  1998  0  0  0  0  0  0  0  0  3496  0  0  0  0  0  0  0  15587  145  589  0  0  0  0  20514  0  0  0  0  0  0  42950  703  0  0  0  0  0  0  1  0  0  0  0  0  0  0  0  0  0  1  0  0  0  0  0  351  22853  0  0  0  0  0  0  0  0  0  0  0  0  0  0  0  0  0  0  0  0  0  0  0  0  0  0  0  0  0  0  0  0  0  0  0  0  0  0  0  0  0  0  0  0  0  0  0  0  0  0  0  0  0  0  0  0  0  0  0  0  0  0  0  0  0  0  0  0  0  0  0  0  0  0  1  0  151  15  461  41  0  0  0  0  0  0  
0  0  0  643  0  0  0  0  3  0  0  25  0  0  0  0  188  5  0  0  0  0  0  0  2  4882  0  0  0  2  0  0  15639  0  57946  45397  52  9975  0  0  533  0  24143  2  0  0  0  52750  54  134  0  0  0  0  0  5  0  1  0  0  9  0  0  0  12  0  0  0  0  0  6  1265  92272  17019  0  0  0  0  0  0  0  0  0  0  0  0  0  0  0  0  0  0  0  0  0  0  0  0  0  0  0  0  0  0  0  0  0  0  0  0  0  0  0  0  0  0  0  0  0  0  0  0  0  0  0  0  0  0  0  0  0  0  0  0  0  0  0  0  0  0  0  0  0  0  0  0  0  0  0  0  34  1  14  6  0  0  0  0  0  0  
0  0  0  93  0  0  0  0  0  0  0  16  0  0  0  0  13358  762  0  0  0  0  4268  0  0  0  0  0  1  0  0  1  156  51195  0  0  423  663  0  0  0  0  24168  0  0  0  2  43884  6  2965  0  0  0  0  0  0  0  0  0  1  36  0  4  0  0  0  0  0  0  0  0  789  17370  1  0  0  0  0  0  0  0  0  0  0  0  0  0  0  0  0  0  0  0  0  0  0  0  0  0  0  0  0  0  0  0  0  0  0  0  0  0  0  0  0  0  0  0  0  0  0  0  0  0  0  0  0  0  0  0  0  0  0  0  0  0  0  0  0  0  0  0  0  0  0  0  0  0  0  5737  0  445  11  127  2  0  0  0  0  0  0  
0  0  0  8  0  0  0  0  324  8  0  0  0  0  0  0  5  2  0  1  7  0  0  0  4  62294  8  0  1  93  0  0  1674  46236  0  0  1  4  0  0  37186  0  0  57  0  3  0  141  6  0  1  0  0  0  975  22190  0  87  9  1  213  0  0  0  750  30  332  0  0  0  1047  5  9902  16590  0  0  0  0  0  0  0  0  0  0  0  0  0  0  0  0  0  0  0  0  0  0  0  0  0  0  0  0  0  0  0  0  0  0  0  0  0  0  0  0  0  0  0  0  0  0  0  0  0  0  0  0  0  0  0  0  0  0  0  0  0  0  0  0  0  0  0  0  0  0  0  0  0  0  14  0  313  35  216  201  0  0  0  0  0  0  
0  8132  0  0  0  0  0  0  0  0  0  0  0  0  0  0  0  0  1582  0  11827  22  11664  0  0  0  0  0  0  0  0  0  0  88  725  0  0  17255  0  0  6  0  39226  199  0  0  0  77  0  136520  159  0  0  0  0  0  24  0  31318  47354  14316  0  0  0  0  0  0  0  0  0  0  172721  338  0  0  0  0  0  0  0  0  0  0  0  0  0  0  0  0  0  0  0  0  0  0  0  0  0  0  0  0  0  0  0  0  0  0  0  0  0  0  0  0  0  0  0  0  0  0  0  0  0  0  0  0  0  0  0  0  0  0  0  0  0  0  0  0  0  0  0  0  0  0  0  0  0  0  0  54  0  297  1  0  0  0  0  0  0  0  0  
0  0  1  0  0  0  0  0  0  0  0  0  0  0  0  0  0  0  202  0  25  2  21  0  49  26  0  0  1  0  0  0  0  9907  1329  2  17508  0  0  0  350  0  6668  111  0  0  0  1968  0  1685  0  0  0  0  2  4  1  17  24533  70  534  0  0  0  7  0  0  0  0  0  0  140173  126000  0  0  0  0  0  0  0  0  0  0  0  0  0  0  0  0  0  0  0  0  0  0  0  0  0  0  0  0  0  0  0  0  0  0  0  0  0  0  0  0  0  0  0  0  0  0  0  0  0  0  0  0  0  0  0  0  0  0  0  0  0  0  0  0  0  0  0  0  0  0  0  0  0  0  0  10  0  750  0  7  2  0  0  0  0  0  0  
1649  0  0  0  242  1678  0  0  0  0  0  29  20913  42922  0  0  0  3  0  0  0  0  0  539  0  0  0  0  0  0  3  2  0  0  0  0  0  0  0  319  0  0  0  0  0  0  12988  0  17432  0  0  1484  9  0  0  0  0  0  0  0  0  228  10  1686  0  7  0  0  0  65  0  0  0  0  0  0  0  0  0  0  0  0  0  0  0  0  0  0  0  0  0  0  0  0  0  0  0  0  0  0  0  0  0  0  0  0  0  0  0  0  0  0  0  0  0  0  0  0  0  0  0  0  0  0  0  0  0  0  0  0  0  0  0  0  0  0  0  0  0  0  0  0  0  0  0  0  0  0  0  2  0  0  1819  0  0  0  0  0  0  0  
2  0  0  0  3  56  0  0  0  0  0  30049  0  28707  1  1  0  49  0  0  0  0  0  0  0  0  0  0  0  0  0  0  0  0  0  0  0  0  240  0  0  0  0  0  2  0  49  0  35557  0  0  1666  43  0  0  0  0  0  0  0  0  0  0  0  0  57  0  67  0  0  0  0  0  0  0  0  0  0  0  0  0  0  0  0  0  0  0  0  0  0  0  0  0  0  0  0  0  0  0  0  0  0  0  0  0  0  0  0  0  0  0  0  0  0  0  0  0  0  0  0  0  0  0  0  0  0  0  0  0  0  0  0  0  0  0  0  0  0  0  0  0  0  0  0  0  0  0  0  0  131  0  0  95  0  0  0  0  0  0  0  
0  0  12  10244  0  0  0  22  755  45  3  3  0  0  0  0  4344  160  1  2  87  10  2  0  3  82182  2  0  10  153  0  0  17062  462  0  39114  7  14  0  0  0  0  0  848  522  141  0  18334  29314  1  0  0  0  0  121  1023  0  567  85  6  4495  0  0  0  1870  771  621  3  15  0  1109  36  9085  10862  0  0  0  0  0  0  0  0  2  0  0  0  0  0  0  0  0  0  0  0  0  0  0  0  0  0  0  0  0  0  0  0  0  0  0  0  0  0  0  0  0  0  0  0  0  0  0  0  0  0  0  0  0  0  0  0  0  0  0  0  0  0  0  0  0  6  0  0  0  0  0  0  0  0  561  18  3582  2562  13604  7235  0  0  0  0  0  0  
0  58976  0  0  0  0  0  0  0  0  14310  0  0  0  0  0  0  0  15040  21808  8  54692  0  0  0  0  0  0  0  0  0  0  0  0  0  0  3  0  0  0  0  0  0  49534  0  0  0  0  0  0  876  0  0  0  0  0  21592  824  116  0  139  0  0  0  1  0  0  0  0  0  0  39  1  0  0  0  0  0  0  0  0  0  0  0  0  0  0  0  0  0  0  0  0  0  0  0  0  0  0  0  0  0  0  0  0  0  0  0  0  0  0  0  0  0  0  0  0  0  0  0  0  0  0  0  0  0  0  0  0  0  0  0  0  0  0  0  0  0  0  0  0  0  0  0  0  0  0  0  0  0  0  0  0  0  0  0  0  0  0  0  
0  0  0  0  0  0  0  0  0  0  0  0  0  0  0  0  1008  0  0  0  0  0  31459  1  0  0  0  0  0  0  0  0  0  30451  19594  0  38517  6762  0  0  0  0  0  0  0  0  0  3632  0  21848  0  0  0  0  0  0  0  0  0  1  3016  0  0  0  0  0  0  0  0  0  0  8475  2694  0  0  0  0  0  0  0  0  0  0  0  0  0  0  0  0  0  0  0  0  0  0  0  0  0  0  0  0  0  0  0  0  0  0  0  0  0  0  0  0  0  0  0  0  0  0  0  0  0  0  0  0  0  0  0  0  0  0  0  0  0  0  0  0  0  0  0  0  0  0  0  0  0  0  0  36528  0  4735  0  0  0  0  0  0  0  0  0  
0  2515  0  0  0  0  0  0  1031  25576  141059  0  0  0  0  0  13  3  133  19531  673  156593  6373  0  2  62  0  0  0  19719  0  0  0  6  0  100  174  205  0  0  4977  52798  0  0  0  1  0  103  7  1  1694  0  0  0  2  756  16694  12469  4076  71  7561  0  0  0  86591  161  4  0  0  0  36  380  9212  2  0  0  0  0  0  0  0  0  0  3  25  0  0  0  0  0  0  0  0  0  0  327  0  0  0  0  0  0  0  2  0  0  0  0  0  0  0  0  0  0  0  683  0  721  0  0  0  0  0  0  0  0  0  0  0  0  0  0  0  0  0  0  0  0  0  16  0  0  0  0  0  0  0  0  9  0  3879  61  255  100  0  0  0  0  0  0  
0  0  49635  21182  0  8  1  12792  275  0  0  12  0  0  21  2241  60  1  0  0  0  0  0  0  0  1540  0  137059  144003  5  0  0  0  0  0  0  0  0  0  6  58  0  0  0  0  9833  0  2  5070  0  0  11  0  111  0  6  0  0  0  0  0  0  0  0  2  3860  45122  11886  20794  0  25  0  0  0  0  0  1  0  0  0  0  14  53  0  0  0  0  0  0  0  0  0  0  0  0  0  0  0  0  0  0  0  0  0  0  0  0  0  0  0  0  0  0  0  0  0  0  0  0  0  0  0  0  0  0  0  0  0  0  0  0  0  0  0  0  0  0  0  0  56  0  0  0  0  0  0  0  0  0  7709  0  443  5948  97  0  0  0  0  0  0  
0  0  27429  15  0  0  0  33269  28318  2  0  0  0  0  0  7615  11  0  0  0  0  0  0  0  0  53  15759  91  26  51797  0  0  0  0  0  1  0  0  0  0  39  0  0  0  15356  0  0  3  23  0  0  0  0  0  0  204  0  0  0  0  0  0  0  0  1  163  20804  0  3  0  22231  0  2  0  0  0  970  0  0  0  0  575  190  0  0  0  0  0  0  401  0  0  0  0  0  0  0  0  0  0  2  0  0  936  0  0  0  0  0  0  0  0  0  0  0  0  0  0  0  1454  0  0  0  0  0  0  0  0  0  0  0  0  0  0  0  0  0  0  0  0  0  0  0  0  339  0  0  0  3  0  0  315  79  41  0  0  0  0  0  0  
5196  0  0  1  467  4097  0  0  0  0  0  240  14042  6929  1  1  12  27033  0  0  0  0  17  41219  0  0  0  0  0  0  6  210  0  0  2  0  0  0  9807  15  0  0  0  0  0  0  0  1907  11738  0  0  646  113  0  0  0  0  0  0  0  0  60  10245  4516  0  170  0  0  0  53  0  0  0  0  0  0  0  0  2  1  0  0  0  0  0  0  0  1  0  0  0  0  0  0  0  0  0  0  0  0  0  0  0  0  0  0  0  0  0  0  0  0  0  1  0  0  0  0  0  0  0  0  0  0  0  1  0  0  0  0  0  0  0  0  0  0  0  1  0  21  0  0  0  0  0  0  0  0  5  70  1  2  48150  5  0  2  0  0  0  0  
0  0  7  238  0  0  0  38  132  4  0  22  0  0  0  1  47005  3441  0  0  18  0  721  2074  0  261  1  2  10  23  0  77  34594  46935  46161  53  82  637  0  0  18692  0  4486  9  46  106  3574  0  1045  203  1  0  0  0  11  130  0  43  21  2  175  0  2355  0  173  298  459  0  0  0  101  1206  60161  5699  0  0  0  0  0  0  0  0  0  0  0  0  0  0  0  0  0  0  0  0  0  0  0  0  0  0  0  0  0  0  0  0  0  0  0  0  0  0  0  0  0  0  0  0  0  0  0  0  0  0  0  0  0  0  0  0  0  0  0  0  0  0  0  0  0  1  0  0  0  0  0  0  0  0  9131  0  39082  2092  88946  1419  0  0  0  0  0  0  
531  0  65  56195  165  5974  1  161  76  1  0  60950  46  12918  22  14  24087  36892  0  0  0  0  0  1  0  2468  0  16  130  4  0  4  119  12  8  8  0  0  16040  23150  38221  0  0  1  23967  207  9978  1739  0  0  0  20624  378  207  2  27  0  16  0  0  0  0  0  0  14  2980  918  23372  140  56  13  0  37  0  7  0  0  0  8  13  2  0  7  0  0  0  0  4  3  0  0  0  0  0  0  0  0  0  0  0  0  0  0  0  0  0  0  0  0  0  0  0  1  21  0  0  0  0  0  0  0  0  2  0  0  19  6  0  0  0  0  0  0  0  0  2  0  0  0  178  1  0  0  0  0  0  0  0  5  13067  1  1093  103222  757  0  20  0  0  3  0  
0  0  0  0  0  0  0  0  0  0  0  0  0  0  0  0  0  0  0  0  14772  0  7831  0  0  0  0  0  0  0  0  0  0  269  4351  0  116064  1840  0  0  1  0  16156  0  0  0  0  277  0  0  0  0  0  0  0  0  0  0  0  14312  48982  0  0  0  0  0  0  0  0  0  0  26463  941  0  0  0  0  0  0  0  0  0  0  0  0  0  0  0  0  0  0  0  0  0  0  0  0  0  0  0  0  0  0  0  0  0  0  0  0  0  0  0  0  0  0  0  0  0  0  0  0  0  0  0  0  0  0  0  0  0  0  0  0  0  0  0  0  0  0  0  0  0  0  0  0  0  0  0  9  0  6320  0  0  0  0  0  0  0  0  0  
0  21993  0  0  0  0  0  0  0  0  1  0  0  0  0  0  0  0  3  33  23385  35404  1  0  0  0  0  0  0  0  0  0  0  0  0  0  83  1  0  0  1  800  0  3639  0  0  0  0  0  0  0  0  0  0  0  0  2039  1  9141  0  27595  0  0  0  0  0  0  0  0  0  0  564  9  0  0  0  0  0  0  0  0  0  0  0  0  0  0  0  0  0  0  0  0  0  0  1  0  0  0  0  0  0  0  0  0  0  0  0  0  0  0  0  0  0  0  0  0  0  0  0  0  0  0  0  0  0  0  0  0  0  0  0  0  0  0  0  0  0  0  0  0  0  0  0  0  0  0  0  0  0  0  0  0  0  0  0  0  0  0  0  
8744  0  0  0  417  6129  135  2  0  0  0  55259  2  57740  92720  515  0  2  0  0  0  0  0  2  0  0  0  0  968  0  0  0  0  0  0  0  0  0  402  671  1  0  0  0  21  0  1511  0  6339  0  0  0  19854  9255  0  1  0  0  0  0  0  7583  0  0  0  939  1  41347  3  19  0  0  0  0  0  0  0  0  2  2  0  0  0  0  0  0  0  0  1  0  0  0  0  0  0  0  0  0  0  0  0  0  0  0  0  0  0  0  0  0  0  0  1  1  0  0  0  0  0  0  0  0  0  0  0  3  0  0  0  0  0  0  0  0  0  0  0  0  0  22  0  0  0  0  0  0  0  0  0  47064  0  95  8224  5  0  3  0  0  0  0  
10323  0  0  0  31453  8277  21  1  0  0  0  17  0  139  91791  2772  0  3  0  0  0  0  0  0  0  0  0  0  0  0  0  0  0  0  0  0  0  0  7  44  0  0  0  0  1  0  722  0  1262  0  0  28296  0  27051  0  0  0  0  0  0  0  0  0  0  0  296  0  0  0  2  0  0  0  0  0  0  0  0  0  2  0  0  0  0  0  0  0  0  1  0  0  0  0  0  0  0  0  0  0  0  0  0  0  0  0  0  0  0  0  0  0  0  0  3  0  0  0  0  0  0  0  0  0  0  0  1  0  0  0  0  0  0  0  0  0  0  0  0  0  7  0  0  0  0  0  0  0  0  0  1622  0  1  351  0  0  3  0  0  1  0  
0  0  0  0  0  5780  3844  286  0  0  0  0  0  0  83316  125985  0  0  0  0  0  0  0  0  0  0  0  0  18  0  0  0  0  0  0  0  0  0  0  0  0  0  0  0  36  0  0  0  11  0  0  13665  34566  0  0  0  0  0  0  0  0  0  0  0  0  383  0  9880  23922  0  0  0  0  0  0  0  0  0  0  0  0  0  0  0  0  0  0  0  0  0  0  0  0  0  0  0  0  0  0  0  0  0  0  0  0  0  0  0  0  0  0  0  0  0  0  0  0  0  0  0  0  0  0  0  0  0  0  0  0  0  0  0  0  0  0  0  0  0  0  0  0  0  0  0  0  0  0  0  0  6749  0  0  46  0  0  0  0  0  0  0  
0  0  0  0  0  0  0  0  60  0  0  0  0  0  0  0  0  0  0  0  0  0  0  0  25861  39565  3  0  0  12  0  0  0  7  0  6668  0  6  0  0  22  0  0  0  0  0  0  0  0  0  0  0  0  0  0  23534  0  1  0  0  0  0  0  0  171  3  2  0  0  0  306  0  18849  0  0  0  0  0  0  0  0  0  0  0  0  0  0  0  0  0  0  0  0  0  0  0  0  0  0  0  0  0  0  0  0  0  0  0  0  0  0  0  0  0  0  0  0  0  0  0  0  0  0  0  0  0  0  0  0  0  0  0  0  0  0  0  0  0  0  0  0  0  0  0  0  0  0  0  0  0  0  2  9  22  0  0  0  0  0  0  
0  0  0  28  0  0  0  4  1208  28  1125  0  0  0  0  0  33  9  22  13378  2  1  0  0  85597  33807  183086  0  2  46282  0  0  0  9  0  27017  0  1  0  0  1713  0  0  292  5  21  0  90  48  0  0  0  0  0  29938  0  0  38214  1  0  25  0  0  0  30355  499  55481  0  0  0  18846  0  55213  0  0  0  0  0  0  0  0  0  0  0  0  0  0  0  0  0  0  0  0  0  0  0  0  0  0  0  0  0  0  0  0  0  0  0  0  0  0  0  0  0  0  0  0  0  0  0  0  0  0  0  0  0  0  0  0  0  0  0  0  0  0  0  0  0  0  0  0  0  0  0  0  0  0  0  29  0  39  318  650  482  0  0  0  0  0  0  
0  9143  0  0  0  0  0  0  0  0  90  0  0  0  0  0  0  0  102753  1359  401  19  0  0  0  1  0  0  0  0  0  0  0  0  0  0  4  2  0  0  0  30198  0  14343  0  0  0  0  0  0  1191  0  0  0  0  0  0  12858  18278  0  119  0  0  0  10  0  0  0  0  0  0  19  2375  0  0  0  0  0  0  0  0  0  0  0  0  0  0  0  0  0  0  0  0  0  0  0  0  0  0  0  0  0  0  0  0  0  0  0  0  0  0  0  0  0  0  0  0  0  0  0  0  0  0  0  0  0  0  0  0  0  0  0  0  0  0  0  0  0  0  0  0  0  0  0  0  0  0  0  0  0  1  0  0  1  0  0  0  0  0  0  
0  2  0  2  0  0  0  0  59  1  12016  0  0  0  0  0  29  0  69565  47727  2  0  0  0  17471  146  123  0  0  32  0  0  0  10  0  208  1  1  0  0  893  1048  0  18049  0  1  0  58  33  0  1  0  0  0  7  38966  18965  0  4359  0  35  0  0  0  14797  3  11  0  0  0  90  2  28758  0  0  0  0  0  0  0  0  0  0  0  0  0  0  0  0  0  0  0  0  0  0  0  0  0  0  0  0  0  0  0  0  0  0  0  0  0  0  0  0  0  0  0  0  0  0  0  0  0  0  0  0  0  0  0  0  0  0  0  0  0  0  0  0  0  0  0  0  0  0  0  0  0  0  0  4  0  43  33  358  77  0  0  0  0  0  0  
0  31739  0  0  0  0  0  0  0  0  1  0  0  0  0  0  1  0  19133  5  21703  77  0  0  0  2  0  0  0  0  0  0  0  0  0  2  27879  25957  0  0  149  31  0  8580  0  0  0  22  2  0  8141  0  0  0  0  3  18791  2593  0  91  444  0  0  0  4  0  0  0  0  0  0  39604  42894  0  0  0  0  0  0  0  0  0  0  0  0  0  0  0  0  0  0  0  0  0  0  0  0  0  0  0  0  0  0  0  0  0  0  0  0  0  0  0  0  0  0  0  0  0  0  0  0  0  0  0  0  0  0  0  0  0  0  0  0  0  0  0  0  0  0  0  0  0  0  0  0  0  0  0  1  0  147  0  12  1  0  0  0  0  0  0  
0  7  0  0  0  0  0  0  0  0  0  0  0  0  0  0  0  0  0  0  92764  16  254  0  0  0  0  0  0  0  0  0  0  0  0  0  41118  96  0  0  15  0  0  8  0  0  0  0  0  16084  19  0  0  0  0  0  0  0  327  0  23481  0  0  0  0  0  0  0  0  0  0  15250  8  0  0  0  0  0  0  0  0  0  0  0  0  0  0  0  0  0  0  0  0  0  0  0  0  0  0  0  0  0  0  0  0  0  0  0  0  0  0  0  0  0  0  0  0  0  0  0  0  0  0  0  0  0  0  0  0  0  0  0  0  0  0  0  0  0  0  0  0  0  0  0  0  0  0  0  0  0  4  0  0  0  0  0  0  0  0  0  
0  183  0  0  0  0  0  0  0  7  1  0  0  0  0  0  5  0  1  8  111138  80748  53315  0  0  1  0  0  0  1  0  0  0  1  68  37  8778  291  0  0  4235  44  5825  5898  0  0  0  819  0  47454  32465  0  0  0  0  10  1195  18  1777  6598  0  0  0  0  12  2  1  0  0  0  1  20966  3334  2  0  0  0  0  0  0  0  0  0  0  0  0  0  0  0  0  0  0  0  0  0  1  0  0  0  0  0  0  0  0  0  0  0  0  0  0  0  0  0  0  0  0  0  0  0  0  0  0  0  0  0  0  0  0  0  0  0  0  0  0  0  0  0  0  0  1  0  0  0  0  0  0  0  0  49  0  61665  21  16  6  0  0  0  0  0  0  
12620  0  0  0  2  6  0  0  0  0  0  0  6087  34225  22963  0  0  0  0  0  0  0  0  29794  0  0  0  0  0  0  0  0  0  0  0  0  0  0  225  0  0  0  0  0  0  0  44  0  3  0  0  5286  7  0  0  0  0  0  0  0  0  0  2  7371  0  0  0  0  0  4  0  0  0  0  0  0  0  0  0  0  0  0  0  0  0  0  0  0  0  0  0  0  0  0  0  0  0  0  0  0  0  0  0  0  0  0  0  0  0  0  0  0  0  0  0  0  0  0  0  0  0  0  0  0  0  0  0  0  0  0  0  0  0  0  0  0  0  0  0  0  0  0  0  0  0  0  0  0  0  0  0  0  51  1  0  0  0  0  0  0  
601  0  0  0  10  1626  0  0  0  0  0  11  2  97  0  0  711  8223  0  0  0  0  3229  86625  0  0  0  0  0  0  69198  13227  0  0  5  0  0  0  18  0  0  0  0  0  0  0  5043  665  12  0  0  6  0  0  0  0  0  0  0  0  0  18  0  31635  0  1  0  0  0  25297  0  0  0  0  0  0  0  0  0  0  0  0  0  0  0  0  0  0  0  0  0  0  0  0  0  0  0  0  0  0  0  0  0  0  3  0  0  0  0  0  0  0  0  0  0  0  0  0  0  0  0  0  0  0  0  0  0  0  0  0  0  0  0  0  0  0  0  0  0  0  0  0  0  0  0  0  0  0  1686  0  57  611  60070  7063  0  0  0  0  0  0  
7070  0  0  0  11  37  0  0  0  0  0  0  4811  6991  1  0  0  0  0  0  0  0  0  118401  0  0  0  0  0  0  329  99  0  0  0  0  0  0  2723  0  0  0  0  0  0  0  3893  0  2  0  0  5  0  0  0  0  0  0  0  0  0  11703  34681  0  0  4  0  0  0  410  0  0  0  0  0  0  0  0  0  0  0  0  0  0  0  0  0  0  0  0  0  0  0  0  0  0  0  0  0  0  0  0  0  0  0  0  0  0  0  0  0  0  0  0  0  0  0  0  0  0  0  0  0  0  0  0  0  0  0  0  0  0  0  0  0  0  0  0  0  0  0  0  0  0  0  0  0  0  0  0  0  0  22483  36  0  0  0  0  0  0  
0  0  1  8  0  0  0  0  6921  290  64542  0  0  0  0  0  49  10  1  18192  3  9545  1  0  27  851  44939  0  1  93525  0  0  0  19  0  844  0  0  0  0  2086  0  0  86288  0  6  0  117  55  0  0  0  0  0  481  44798  4  15491  3  0  39  0  0  0  0  87  99  0  0  0  11694  0  6736  1  0  0  0  0  0  0  0  0  0  0  2152  0  0  0  0  0  0  0  0  116  0  1689  0  0  0  0  19  0  0  107  0  0  0  0  0  0  0  0  0  0  0  2  0  801  0  0  0  0  0  0  0  0  0  0  0  0  0  0  0  0  0  0  0  0  206  0  0  0  0  0  0  0  0  0  17  0  34  127  695  359  0  0  0  0  0  0  
55  0  35  776  30  41018  30131  24692  50190  53607  1  32  0  149  2  1460  212  14  0  0  1  0  0  1  0  322  4  1  59  110  2  12976  1  0  0  47  0  0  5  54  924  0  0  309  1779  265  144  116  3982  0  0  503  358  674  26  228  0  24  0  1  3  0  0  3  241  0  820  119  367  2741  369  0  131  1  38  0  0  0  41  4370  414  5088  8784  126  0  0  0  18  3  57  0  0  0  0  0  8  1  2  0  0  0  0  0  1595  0  1426  0  0  0  1  0  0  19  25  2  0  0  7  5  0  8  3  5  0  0  74  4  2  2  0  0  0  1  0  0  12  1  5  0  28777  2  5  0  14  12  0  2  0  50  9003  1915  1145  2404  1065  0  477  9  5  81  0  
0  0  25377  2154  0  0  0  110  578  16  0  0  0  0  0  2  51  15  0  0  0  0  0  0  315  106378  70418  90550  86  6551  0  0  0  0  0  771  0  0  0  0  271  0  0  3  48789  28270  0  35  84  0  0  0  0  0  4  73915  0  1  0  0  0  0  0  0  76  864  0  0  0  0  3070  0  21  0  0  0  0  0  0  0  0  0  0  0  0  0  0  0  0  0  0  0  0  0  0  0  0  0  0  0  0  0  0  0  0  0  0  0  0  0  0  0  0  0  0  0  0  0  0  0  0  0  0  0  0  0  0  0  0  0  0  0  0  0  0  0  0  0  0  0  0  0  0  0  0  0  0  0  24  0  1  2521  709  614  0  0  0  0  0  0  
0  0  2  7960  0  4  31  8  2  0  0  39427  0  8  32465  5  1  3  0  0  0  0  0  0  0  1  0  0  80890  0  0  0  0  0  0  0  0  0  0  1013  1  0  0  0  15991  1  0  0  25694  0  0  44283  1  7657  0  0  0  0  0  0  0  0  0  0  0  195  4  0  25074  0  0  0  0  0  0  0  0  0  0  0  0  1  3  0  0  0  0  0  0  0  0  0  0  0  0  0  0  0  0  0  0  0  0  0  0  0  0  0  0  0  0  0  0  0  0  0  0  0  0  0  0  0  0  0  0  0  0  0  0  0  0  0  0  0  0  0  0  0  0  9  0  0  0  0  0  0  0  0  0  11992  0  364  12108  25  0  0  0  0  0  0  
0  0  133  10  0  0  89  2411  1  0  0  0  0  0  19666  23114  0  0  0  0  0  0  0  0  0  2  0  0  79549  0  0  0  0  0  0  1  0  0  0  0  3  0  0  0  15354  0  0  0  23  0  0  0  0  29624  0  0  0  0  0  0  0  0  0  0  0  99  1  18584  0  0  0  0  0  0  0  0  0  0  0  0  0  0  0  0  0  0  0  0  0  0  0  0  0  0  0  0  0  0  0  0  0  0  0  0  0  0  0  0  0  0  0  0  0  0  0  0  0  0  0  0  0  0  0  0  0  0  0  0  0  0  0  0  0  0  0  0  0  0  0  0  0  0  0  0  0  0  0  0  0  6467  0  13  61  0  0  0  0  0  0  0  
22646  0  0  0  17436  46439  0  0  0  0  0  0  0  10  0  11830  0  1  0  0  0  0  0  4443  0  0  0  0  0  0  59331  15360  0  0  0  0  0  0  8  0  0  0  0  0  0  0  31  0  61  0  0  8  0  0  0  0  0  0  0  0  0  0  28429  164  0  2552  0  0  0  0  0  0  0  0  2  0  0  0  18  204  0  0  0  0  0  0  0  0  0  40  0  0  0  0  0  0  0  1  0  0  0  0  0  0  388  108  0  0  0  0  0  0  0  0  0  0  0  0  0  0  0  0  0  0  0  0  0  0  0  0  0  0  0  0  0  0  0  0  0  0  0  0  0  650  0  0  0  0  0  3  2  165  4494  1507  0  0  0  0  0  0  
0  0  199  625  0  0  0  36  39983  109  0  0  0  0  0  14  71  28  0  0  0  0  2  0  0  1070  4844  0  15  113991  0  0  0  1  0  459  0  0  0  0  1054  0  0  15  200  20423  0  64  211  0  0  0  0  0  197  31197  0  54  0  0  2  0  0  0  17866  607  5418  0  1  0  0  0  586  0  0  0  285  0  0  0  0  2  3809  0  51  0  0  0  0  18  0  0  0  0  0  0  0  0  0  0  6  0  0  14677  0  0  0  0  0  0  0  0  0  0  0  0  0  0  0  148  0  0  0  0  0  0  0  0  0  0  0  0  0  0  0  0  0  0  173  7  0  0  0  0  22358  0  0  0  66  0  0  987  661  928  0  0  0  0  0  0  
0  390  0  0  0  0  0  0  5  0  0  0  0  0  0  0  2  0  4  0  23915  93  149  0  0  4  0  0  0  1  0  0  0  2403  4853  8  181058  155293  0  0  684  3  12973  1178  0  0  0  6118  0  33925  868  0  0  0  0  8  123  33  52559  18324  26919  0  0  0  13  0  0  0  0  0  4  0  17637  0  0  0  0  0  0  0  0  0  0  0  0  0  0  0  0  0  0  0  0  0  0  0  0  0  0  0  0  0  0  0  0  0  0  0  0  0  0  0  0  0  0  0  0  0  0  0  0  0  0  0  0  0  0  0  0  0  0  0  0  0  0  0  0  0  0  0  0  0  0  0  0  0  0  0  32  0  1974  1  15  0  0  0  0  0  0  0  
0  6  0  6  0  0  0  0  832  13  54  0  0  0  0  0  134  4  39503  30  441  8  33  0  83899  22130  7  0  0  288  0  0  51  112080  29115  17329  436  134745  0  0  14187  2  1405  12109  0  2  0  66361  85  1101  12  0  0  0  16732  39598  3311  42850  40587  16  9020  0  0  0  7332  36  22  0  0  0  2195  13578  0  3938  0  0  0  0  0  0  0  0  0  0  0  0  0  0  0  0  0  0  0  0  0  0  0  0  0  0  0  0  0  0  0  0  0  0  0  0  0  0  0  0  0  0  0  0  0  0  0  0  0  0  0  0  0  0  0  0  0  0  0  0  0  0  0  0  0  1  0  0  0  0  0  0  0  0  974  1  21499  357  1400  392  0  0  0  0  0  0  
0  0  0  274  0  0  0  0  0  0  0  0  0  0  0  0  3  0  0  0  2  0  0  0  0  120  0  0  0  0  0  0  25348  19365  1  14841  0  4  0  0  7661  0  0  0  0  0  0  11666  1  0  0  0  0  0  0  0  0  1  3  0  3  0  0  0  0  0  0  0  0  0  0  6  6745  0  0  0  0  0  0  0  0  0  0  0  0  0  0  0  0  0  0  0  0  0  0  0  0  0  0  0  0  0  0  0  0  0  0  0  0  0  0  0  0  0  0  0  0  0  0  0  0  0  0  0  0  0  0  0  0  0  0  0  0  0  0  0  0  0  0  0  0  0  0  0  0  0  0  0  7  0  1077  84  286  20  0  0  0  0  0  0  
5  0  0  0  0  90  0  0  0  0  0  0  0  0  0  0  0  0  0  0  0  0  0  0  0  0  0  0  0  0  59  0  0  0  0  0  0  0  0  0  0  0  0  0  0  0  1  0  10  0  0  1  0  0  0  0  0  0  0  0  0  0  0  0  0  85  0  0  0  26  0  0  0  0  0  0  0  0  46383  4165  0  0  0  0  0  4  4  31  5605  13633  0  0  0  0  0  0  0  76481  0  0  0  0  0  0  15782  29  0  0  0  0  0  0  2424  123  0  0  0  0  0  0  28  0  7  0  0  528  20048  0  0  0  0  0  0  0  0  16981  77  2273  0  395  0  0  0  4324  0  0  0  0  0  0  0  0  4  0  0  4119  0  0  3008  0  
0  0  0  0  0  0  0  0  0  0  0  0  0  0  0  0  0  0  0  0  0  0  0  0  0  0  0  0  0  0  0  0  0  0  0  0  0  0  0  0  0  0  0  0  0  0  0  0  0  0  0  0  0  0  0  0  0  0  0  0  0  0  0  0  0  0  0  0  0  0  0  0  0  0  0  0  0  0  0  0  0  0  0  0  0  0  0  0  0  0  0  0  32728  5  46240  1317  1  0  4  0  0  0  0  0  0  0  0  0  0  0  32401  12  0  0  8  23889  1  578  8  0  0  4  3  796  11072  0  0  0  0  8  10372  72  23861  46382  21918  0  0  0  62  0  0  0  0  0  0  2567  195  0  0  0  0  0  0  0  4  6  53  0  7  0  
0  0  663  0  0  0  0  68  249  0  0  0  0  0  0  1248  0  0  0  0  0  0  0  0  0  0  1  0  1  460  0  0  0  0  0  0  0  0  0  0  0  0  0  0  2  907  0  0  0  0  0  0  0  0  0  0  0  0  0  0  0  0  0  0  0  0  0  0  0  0  341  0  0  0  0  0  0  0  0  0  0  1469  172  0  0  0  0  0  0  42141  0  0  0  0  0  0  0  0  0  0  6709  7351  16554  7803  0  0  0  0  0  0  0  0  0  0  0  0  0  0  61377  28244  0  0  0  0  0  0  0  0  0  0  0  0  0  0  0  0  0  0  0  1  7707  0  1  0  256  0  0  0  0  0  0  0  0  0  0  0  0  0  0  0  
0  0  0  0  0  0  0  0  0  0  0  0  0  0  0  0  0  0  0  0  0  0  0  0  0  0  0  0  0  0  0  0  0  0  0  0  0  0  0  0  0  0  0  0  0  0  0  0  0  0  0  0  0  0  0  0  0  0  0  0  0  0  0  0  0  0  0  0  0  0  0  0  0  0  0  1  0  0  0  1  1  1  0  1  0  31282  0  0  0  5  591  145  0  0  0  0  1  0  0  57670  0  19708  19327  0  0  0  1164  32  2  25  0  0  0  0  31193  0  0  5  13953  0  0  624  33003  0  0  9  0  1  3  0  0  0  7  0  5  0  0  0  8  8  925  15308  4  0  2  5  644  163  0  0  0  0  0  0  31  523  96  49  2359  354  
0  0  0  0  23  62  0  0  0  0  0  0  0  0  0  49  0  0  0  0  0  0  0  0  0  0  0  0  0  0  88  0  0  0  0  0  0  0  0  0  0  0  0  0  0  0  0  0  1  0  0  0  0  0  0  0  0  0  0  0  0  0  0  0  0  17  0  0  0  40  0  0  0  0  43587  0  0  0  0  26402  0  0  0  0  0  1  0  6  8949  59925  0  0  0  0  0  0  0  17  0  0  0  0  0  0  5  2  0  0  0  0  0  0  19  4  0  0  0  0  0  0  5  0  1  0  0  1760  35797  0  0  0  0  0  0  0  0  129  1  27  0  148  0  0  0  1845  0  0  0  0  0  1  0  0  2  0  0  1304  0  0  649  0  
2  0  0  0  2  4195  6  0  0  0  0  0  0  6  0  187  0  0  0  0  0  0  0  0  0  0  0  0  0  0  155  157  0  0  0  0  0  0  0  1  0  0  0  0  0  0  7  0  98  0  0  9  3  0  0  0  0  0  0  0  0  0  0  0  0  3745  0  0  0  286  0  0  0  0  5688  0  0  0  54153  0  35752  0  0  0  0  33  1  188  2352  84776  0  0  0  0  0  0  0  481  0  0  0  0  0  0  906  19521  0  0  0  0  0  0  259  769  0  0  0  0  1  0  103  0  25  0  0  4590  6545  6451  0  0  0  0  0  0  0  530  3228  272  0  45519  0  72  1  40007  0  0  0  0  0  14  0  2  33  1  0  14925  0  1  2356  2  
0  0  0  0  0  130  1510  510  0  0  0  0  0  0  0  1267  0  0  0  0  0  0  0  0  0  0  0  0  0  0  0  0  0  0  0  0  0  0  0  0  0  0  0  0  1  0  0  0  7  0  0  2  1  0  0  0  0  0  0  0  0  0  0  0  0  460  0  0  0  1  0  0  0  0  0  0  0  0  0  41159  0  43912  1  0  0  0  0  0  29  69934  0  0  0  0  0  0  0  0  0  0  0  0  2  0  0  0  0  0  0  0  0  0  0  0  0  0  0  0  62  1  0  0  0  0  0  1135  89  2786  0  0  0  0  0  0  0  0  0  0  0  35852  4  132  61  0  0  0  0  0  0  66  0  0  0  0  0  158  0  1  79  12  
0  0  1  0  0  0  639  21252  2790  0  0  0  0  0  0  1317  0  0  0  0  0  0  0  0  0  0  0  0  0  36  0  0  0  0  0  0  0  0  0  0  0  0  0  0  2  304  0  0  1  0  0  0  0  0  0  0  0  0  0  0  0  0  0  0  0  7101  0  2  0  0  26  0  0  0  0  0  602  2  0  3  35292  0  11066  0  0  0  0  0  0  69692  6  7  0  0  0  0  0  0  1  41  11  89  1607  0  0  0  0  0  0  0  0  0  0  0  12  0  0  0  12779  36436  0  2  51  0  0  0  0  1380  1  33  0  0  0  0  0  0  0  0  1  27833  1264  10  2780  0  61  0  1  0  0  27  0  0  1  0  2  13  0  6  179  17  
0  0  0  0  0  0  0  433  27483  71  0  0  0  0  0  25  0  0  0  0  0  0  0  0  0  0  0  0  0  144  0  0  0  0  0  0  0  0  0  0  0  0  0  0  2  100  0  0  1  0  0  0  0  0  0  0  0  0  0  0  0  0  0  0  0  4398  0  1  0  0  3585  0  0  0  0  0  24  0  0  0  0  8835  0  7403  1  0  0  0  0  52  3  17  0  0  0  3  0  0  11  12  171  113  2  6334  0  0  0  0  0  2  0  0  0  0  14  0  0  39  117  15256  0  1  4  0  0  0  0  1  134  1473  0  2  0  0  0  0  0  0  370  35288  1213  0  9  0  43280  0  187  0  0  4  0  0  0  0  0  0  0  2  149  2  
0  0  0  0  0  0  0  0  48  171  0  0  0  0  0  0  0  0  0  0  0  0  0  0  0  0  0  0  0  1  0  0  0  0  0  0  0  0  0  0  0  0  0  4  0  0  0  0  0  0  0  0  0  0  0  0  0  0  0  0  0  0  0  0  0  186  0  0  0  0  0  0  0  0  0  3  0  0  0  0  0  1  6555  0  47  0  0  0  0  0  0  5  2  0  0  679  13763  0  2  6  0  3  0  11122  0  0  1  0  0  3  0  0  0  0  25  0  0  31204  5  0  0  13  6  0  0  0  0  0  6  9  0  1  8  0  5  0  0  0  364  41866  207  0  0  0  3  0  61  1  0  0  8  1  1  1  0  0  4992  53  30  0  
0  0  0  0  0  0  0  0  63  123  19212  0  0  0  0  0  0  0  0  622  0  172  0  0  0  0  194  0  0  10255  0  0  0  0  0  0  0  0  0  0  0  0  0  42  0  0  0  0  0  0  0  0  0  0  0  0  0  0  0  0  0  0  0  0  7212  0  0  0  0  0  14  0  0  0  0  3  0  0  0  0  0  0  0  10  0  0  0  0  0  0  0  0  36  83790  0  16756  0  0  0  0  1161  0  0  2002  0  0  0  0  0  0  1  0  0  0  1  48144  0  128260  0  0  0  0  0  0  0  0  0  0  0  16415  13  35021  8  0  0  0  0  0  67235  1  0  0  0  0  0  0  55  0  0  0  0  0  0  0  0  0  0  0  0  0  
0  0  0  0  0  0  0  0  0  0  0  0  0  0  0  0  0  0  0  0  0  0  0  0  0  0  0  0  0  0  0  0  0  0  0  0  0  0  0  0  0  0  0  0  0  0  0  0  1  0  0  0  0  0  0  0  0  0  0  0  0  0  0  0  0  0  0  0  0  0  0  0  0  0  0  0  0  41345  0  2  0  0  0  0  0  0  36  14982  2555  0  11  405  0  0  0  0  0  43  0  129  0  7  3503  0  0  0  12  52  58  0  0  0  73  19038  17  0  0  0  6  0  37  13  54257  0  0  17214  0  0  1  0  0  0  0  0  0  0  0  0  0  17  2  42796  0  0  0  0  0  0  0  0  0  0  0  0  0  1194  0  0  912  0  
0  0  0  0  0  0  0  0  0  0  0  0  0  0  0  0  0  0  0  0  0  0  0  0  0  0  0  0  0  0  0  0  0  0  0  0  0  0  0  0  0  0  0  0  0  0  0  0  0  0  0  0  0  0  0  0  0  0  0  0  0  0  0  0  0  0  0  0  0  0  0  0  0  0  3  0  0  0  2  5  0  0  0  0  0  47  0  15742  0  0  0  1  0  0  0  0  0  30186  0  0  0  0  0  0  0  0  0  0  0  0  0  0  27377  1  0  0  0  0  0  0  10850  0  196  0  0  19  4  0  0  0  0  0  0  0  0  14948  17  3052  0  0  0  0  0  0  0  0  0  0  0  0  0  0  0  0  0  2  0  0  16  0  
0  0  0  0  0  0  0  0  0  0  0  0  0  0  0  0  0  1  0  0  0  0  0  0  0  0  0  0  0  0  0  0  0  0  0  0  0  0  0  0  0  0  0  0  0  0  0  0  3  0  0  0  0  0  0  0  0  0  0  0  0  0  0  0  0  2  0  0  0  0  0  0  0  0  5  0  0  0  2  31  0  0  0  0  0  31398  14453  0  11203  0  0  54  0  0  0  0  0  35  0  0  0  0  0  0  0  0  0  0  0  0  0  0  32592  32823  0  0  0  0  0  0  306  0  10149  0  0  45072  39  0  0  0  0  0  0  0  0  8955  0  4  0  83  0  5  0  0  0  0  0  0  0  1  0  0  0  0  0  329  0  0  231  0  
0  0  0  0  0  1  0  0  0  0  0  0  0  0  0  0  0  0  0  0  0  0  0  0  0  0  0  0  0  0  0  0  0  0  0  0  0  0  0  0  0  0  0  0  0  0  0  0  3  0  0  0  0  0  0  0  0  0  0  0  0  0  0  0  0  1  0  0  0  0  0  0  0  0  4799  0  0  0  9949  2840  5  2  0  0  0  18788  2  11317  0  26821  0  0  0  0  0  0  0  11796  0  0  0  0  9889  0  0  0  0  0  0  0  0  0  20  857  0  0  0  0  1467  0  0  0  1  0  0  190843  164249  73384  0  0  0  0  0  0  0  24934  0  0  0  1088  3  34084  23600  0  0  0  0  0  0  1  0  0  0  0  0  1432  0  1  52  0  
2  0  19  0  9  426  285  3131  649  0  0  0  0  0  0  3067  0  0  0  0  0  0  0  0  0  0  0  0  0  80  203  0  0  0  0  0  0  0  0  0  0  0  0  0  0  1308  0  0  1  0  0  0  0  0  0  0  0  0  0  0  0  0  0  0  0  63  0  0  0  102  64  0  0  0  14332  0  40559  0  72746  95889  46444  45606  302  0  0  0  0  1  26501  0  2  2  0  0  0  0  0  26  0  20  0  7  11272  2  2124  0  0  0  0  0  0  0  0  0  1  0  0  0  14610  11400  0  0  21  0  0  682  4556  88065  0  0  0  0  0  0  0  0  5  0  0  591  139  24  14723  16144  128  0  0  0  0  5  0  0  0  0  1  137  0  1  68  16  
0  0  0  0  0  0  0  1  0  0  0  0  0  0  0  0  0  0  0  0  0  0  0  0  0  0  0  0  0  0  0  0  0  0  0  0  0  0  0  0  0  0  0  0  0  0  0  0  0  0  0  0  0  0  0  0  0  0  0  0  0  0  0  0  0  2  0  0  0  0  0  0  0  0  0  1  2  997  0  0  0  67  6  1  0  56  0  0  0  27  0  75010  0  0  0  0  13329  2125  1  98  0  29  20  2  0  1  37  0  14818  22  0  0  0  0  13671  0  301  0  195  3  27  51317  16281  0  0  0  0  0  41  11  0  0  0  0  0  0  4  0  16  104  2938  4  16  0  27  0  75  1  0  0  0  0  0  0  9105  0  94  1735  20167  9  
0  0  0  0  0  1  1  0  0  0  0  0  0  0  0  0  0  0  0  0  0  0  0  0  0  0  0  0  0  0  0  0  0  0  0  0  0  0  0  0  0  0  0  0  0  0  0  0  1  0  0  0  0  0  0  0  0  0  0  0  0  0  0  0  0  3  0  0  0  0  0  0  0  0  0  0  1  353  0  5  0  12  0  0  0  935  4  49  8  3  70765  0  0  0  1  0  24794  38285  0  16  0  4  15  0  1085  1845  2  0  6369  4  0  0  52  461  227  0  9  0  527  0  20651  4100  44088  0  0  130  0  2  2  1  0  0  1  0  0  0  12638  714  1  44  344  361  6  0  1  0  15  0  0  0  0  2  0  0  26573  925  198  4857  60248  748  
0  0  0  0  0  0  0  0  0  0  0  0  0  0  0  0  0  0  0  0  0  0  0  0  0  0  0  0  0  0  0  0  0  0  0  0  0  0  0  0  0  0  0  0  0  0  0  0  0  0  0  0  0  0  0  0  0  0  0  0  0  0  0  0  0  0  0  0  0  0  0  0  0  0  0  25808  0  2  0  0  0  0  1  0  2  0  0  0  0  0  0  0  0  724  24  134  0  0  36728  0  107  1  0  0  0  0  1  0  0  1  34  0  0  0  11  15724  0  730  1  0  0  6  4  0  172  0  0  0  2  6414  136012  100069  54804  17  223  0  0  0  494  0  1  0  0  0  2  2  50533  0  0  0  0  0  0  0  0  0  1  0  10  0  
0  0  0  0  0  0  0  0  0  0  1013  0  0  0  0  0  0  0  0  473  0  0  0  0  0  0  346  0  0  47  0  0  0  0  0  0  0  0  0  0  0  0  0  0  0  0  0  0  0  0  0  0  0  0  0  0  0  0  0  0  0  0  0  0  126  0  0  0  0  0  0  0  0  0  0  1  0  0  0  0  0  0  0  0  83384  0  0  0  0  0  0  0  359  0  1  426  0  0  0  0  61743  0  0  10120  0  0  0  0  0  0  0  0  0  0  0  27478  0  13320  0  0  0  0  0  0  3  0  0  0  0  14810  54  81550  3  0  42  0  0  0  11471  0  0  0  0  0  0  0  8  0  0  0  0  0  0  0  0  0  0  0  0  0  
0  0  0  0  0  0  0  0  0  0  0  0  0  0  0  0  0  0  0  0  1  0  0  0  0  0  0  0  0  0  0  0  0  0  0  0  0  0  0  0  0  0  0  0  0  0  0  0  0  0  0  0  0  0  0  0  0  0  0  0  0  0  0  0  0  0  0  0  0  0  0  0  0  0  0  46140  0  0  0  0  0  0  0  0  0  0  0  0  0  0  0  2  40  3  0  3950  8377  1  0  0  0  0  0  0  0  3  0  0  0  0  2694  0  0  0  1  8128  0  140  0  0  0  1  2  20076  42947  0  0  0  0  0  201  4  58  59810  90266  0  0  0  3  0  0  0  0  0  0  48  29  0  0  0  0  0  0  0  0  0  123  35  3  0  
0  0  0  0  0  0  0  0  3  9  597  0  0  0  0  0  0  0  0  0  0  12363  0  0  0  0  0  0  0  2037  0  0  0  0  0  0  0  0  0  0  0  0  0  247  0  0  0  0  0  0  0  0  0  0  0  0  0  0  0  0  0  0  0  0  2296  3  0  0  0  0  0  0  0  0  0  917  0  4  0  0  0  0  4  1081  17660  0  0  0  0  0  0  0  231  444  4346  0  22263  0  14  0  0  1  0  775  0  0  0  0  0  1  1  0  0  0  24  54961  0  178366  9  0  0  16  7  0  49501  0  0  0  0  30  2893  573  136  0  97516  0  0  0  1471  20  1  0  0  0  0  3  264  0  0  0  0  1  0  1  1  2  6425  63  20  1  
0  0  0  0  0  0  0  0  0  0  0  0  0  0  0  0  0  0  0  0  0  0  0  0  0  0  0  0  0  0  0  0  0  0  0  0  0  0  0  0  0  0  0  0  0  0  0  0  0  0  0  0  0  0  0  0  0  0  0  0  0  0  0  0  0  1  0  0  0  0  0  0  0  0  0  4  0  1  0  0  0  0  3  18211  0  0  0  0  0  0  13735  27827  0  0  7220  17653  0  1031  0  1  0  0  0  8  0  1  0  1  20079  1  5596  13  0  0  15  0  38711  13236  1  0  1  2060  12  12450  1  0  0  0  0  0  0  0  18  10  29872  0  0  0  5  3239  1  0  0  0  0  252  173  1  0  0  0  3  0  0  41493  5  115144  690  10  5  
1  0  0  0  0  2  0  0  0  0  0  0  0  0  0  0  0  0  0  0  0  0  1  4  0  0  0  0  0  0  41  0  0  0  0  0  0  0  0  0  0  0  0  0  0  0  0  0  0  0  0  0  0  0  0  0  0  0  0  0  0  0  0  0  0  0  0  0  0  2  0  0  0  0  63097  0  0  0  76  494  0  0  0  0  0  21  46980  38  13227  10  1833  36137  0  0  0  0  296  0  0  0  0  0  0  0  12885  501  0  4  18  0  0  0  3666  3  0  0  4  0  0  0  51218  0  2  0  0  83  1  0  0  0  0  0  0  0  0  60395  57648  114421  0  0  0  0  0  336  0  0  0  0  0  0  0  0  0  0  390  2617  3  30  40680  8  
0  0  0  0  0  0  0  0  0  0  0  0  0  0  0  0  0  0  0  0  0  0  0  0  0  0  0  0  0  0  0  0  0  0  0  0  0  0  0  0  0  0  0  0  0  0  0  0  0  0  0  0  0  0  0  0  0  0  0  0  0  0  0  0  0  0  0  0  0  0  0  0  0  0  0  1  0  0  0  0  0  0  21  0  1  0  0  0  0  0  2  1  39920  3  0  0  0  0  0  28434  4838  0  0  1  0  0  1  9231  1  1428  0  195  0  0  334  0  0  8  8  0  0  32  8  0  0  0  0  0  34205  76376  15  11341  31  0  0  0  0  0  2033  52  16  1  0  0  30  0  173827  0  0  0  0  0  0  0  2  1  27  0  27  4  
0  0  0  0  0  0  0  0  0  0  0  0  0  0  0  0  0  0  0  0  0  0  0  0  0  0  0  0  0  0  0  0  0  0  0  0  0  0  0  0  0  0  0  0  0  0  0  0  0  0  0  0  0  0  0  0  0  0  0  0  0  0  0  0  0  0  0  0  0  0  0  0  0  0  0  0  0  54844  0  0  0  31  22  4  0  53  0  0  1  115  97  191  1  0  0  0  1  0  29748  0  697  6301  68  2  0  0  4772  2957  0  32243  0  2  0  0  42042  0  0  9  2358  1  0  808  7471  0  0  2  0  2  41702  722  1  3  7  0  1  0  0  0  20  94  82533  28  53  0  26  7  14824  2055  0  1  0  0  0  0  86  85  242  117  4328  712  
0  0  2  0  0  0  0  0  0  0  3  0  0  0  0  0  0  0  0  1  0  0  0  0  0  0  40  0  0  256  0  0  0  0  0  0  0  0  0  0  0  0  0  0  0  3  0  0  0  0  0  0  0  0  0  0  0  0  0  0  0  0  0  0  19  0  0  0  0  0  82  0  0  0  0  0  8932  0  0  0  0  0  42  0  80  0  0  0  0  0  0  6  7  46164  0  0  0  0  2777  1041  0  1410  0  177000  0  0  0  0  0  0  0  0  0  0  3  0  0  0  15  27214  0  0  1  0  0  0  0  0  267  206937  0  2489  0  0  0  0  0  0  17062  44  50040  0  0  0  2744  0  1  0  0  0  0  0  0  0  1  0  0  1  33  0  
0  0  0  0  0  0  0  0  0  0  0  0  0  0  0  0  0  0  0  0  0  0  0  0  0  0  0  0  0  0  0  0  0  0  0  0  0  0  0  0  0  0  0  0  0  0  0  0  0  0  0  0  0  0  0  0  0  0  0  0  0  0  0  0  0  0  0  0  0  0  0  0  0  0  0  0  7915  21446  0  0  0  8  44  0  0  1  0  0  0  25  0  3  0  0  0  0  0  0  0  7427  635  0  4066  1  0  0  0  0  0  0  0  0  0  0  6  0  0  0  148514  7038  0  0  137  0  0  0  0  0  11  86  0  0  0  0  0  0  0  0  0  60  115577  0  10  0  4  0  4  0  0  0  0  0  0  0  0  12  0  1  145  13  
0  0  0  0  0  0  0  0  0  0  0  0  0  0  0  1  0  0  0  0  0  0  0  0  0  0  0  0  0  0  0  0  0  0  0  0  0  0  0  0  0  0  0  0  0  0  0  0  0  0  0  0  0  0  0  0  0  0  0  0  0  0  0  0  0  0  0  0  0  0  0  0  0  0  0  0  16846  19513  0  1  0  408  0  0  0  3172  0  1  10291  11662  3  35  0  0  0  0  0  0  0  12  0  6913  0  0  0  0  0  0  0  0  0  0  0  0  4  0  0  0  131063  19  0  0  102  0  0  167  0  2  0  1  0  0  0  0  0  0  0  0  0  31  54  71561  58495  0  0  0  0  0  0  1  0  0  0  0  0  343  0  6  540  67  
0  0  159  0  0  0  0  0  915  663  15  0  0  0  0  0  0  0  0  1  0  0  0  0  0  0  1179  0  0  30310  0  0  0  0  0  0  0  0  0  0  0  0  0  0  0  568  0  0  0  0  0  0  0  0  0  0  0  0  0  0  0  0  0  0  122  248  0  0  0  0  28423  0  0  0  0  0  10299  0  0  0  0  0  5516  8952  1532  0  0  0  0  1  0  1  2  4595  0  2371  3  0  4  0  178186  6  0  0  0  0  1  0  0  1  0  0  0  0  4  0  0  4114  5  38594  0  0  1  0  0  0  0  0  44  45216  0  1  0  0  0  0  0  0  95480  2169  362  0  0  0  97011  0  109  0  0  0  0  0  0  0  0  0  4  0  17  1  
0  0  0  0  0  14  0  0  0  0  0  0  0  0  0  0  0  0  0  0  0  0  0  382  0  0  0  0  0  0  6352  0  0  0  0  0  0  0  0  0  0  0  0  0  0  0  0  0  0  0  0  0  0  0  0  0  0  0  0  0  0  0  8  0  0  1  0  0  0  285  0  0  0  0  16094  0  0  0  8  1398  0  0  0  0  0  0  0  0  0  2174  2  1676  0  0  0  0  0  11081  0  0  0  0  0  0  0  32420  0  0  0  0  0  0  2  0  0  0  0  0  0  0  7  0  0  0  0  1  0  0  0  0  0  0  0  0  0  2  73965  90  0  1  0  0  0  44205  0  0  0  0  0  0  0  3  0  0  10  683  23  105  5834  98  
0  0  0  0  0  326  0  0  0  0  0  0  0  0  0  61  0  0  0  0  0  0  0  0  0  0  0  0  0  0  4  359  0  0  0  0  0  0  0  0  0  0  0  0  0  0  0  0  1  0  0  0  0  0  0  0  0  0  0  0  0  0  1  0  0  1595  0  0  0  69  0  0  0  0  12  0  0  0  2  14311  0  0  0  0  0  0  0  0  0  0  1  1083  0  0  1  0  0  521  0  0  0  0  0  0  23794  0  0  0  0  0  0  0  3  0  0  0  0  0  0  0  3  0  0  0  0  2  0  0  0  0  0  0  0  0  0  5  36566  263  0  13599  0  0  0  10165  0  0  0  0  1  2  0  69  1  13  286  14617  350  644  7936  2788  
0  0  0  0  0  0  0  0  0  0  0  0  0  0  0  0  0  0  0  0  0  0  0  0  0  0  0  0  0  0  0  0  0  0  0  0  0  0  0  0  0  0  0  0  0  0  0  0  0  0  0  0  0  0  0  0  0  0  0  0  0  0  0  0  0  0  0  0  0  0  0  0  0  0  0  0  0  950  0  0  0  0  0  0  0  16  0  0  0  0  54  6  0  0  0  0  0  0  0  3983  0  0  0  0  0  0  0  21060  7962  428  0  0  0  0  15329  0  0  1  1  0  0  20692  2  0  0  0  0  0  2  2  0  1  0  0  0  0  0  0  3  0  1  0  0  0  2  0  7202  45702  0  0  0  0  0  0  0  0  163  57  12  0  
0  0  0  0  0  0  0  0  0  0  0  0  0  0  0  0  0  0  0  0  0  0  0  0  0  0  0  0  0  0  0  0  0  0  0  0  0  0  0  0  0  0  0  0  0  0  0  0  0  0  0  0  0  0  0  0  0  0  0  0  0  0  0  0  0  0  0  0  0  0  0  0  0  0  0  2  0  77  0  0  0  0  0  0  0  54  0  0  0  0  1  1  0  0  0  0  4  1  9530  4780  0  0  0  0  0  0  14373  0  62034  40160  9  6057  0  0  15  0  18909  0  0  0  1  16206  0  30  0  0  0  0  0  0  0  0  0  0  24  0  0  0  0  0  0  0  0  0  0  133  78870  10341  0  0  0  0  0  0  1  0  26  4  0  0  
0  0  0  0  0  0  0  0  0  0  0  0  0  0  0  0  0  0  0  0  0  0  0  0  0  0  0  0  0  0  0  0  0  0  0  0  0  0  0  0  0  0  0  0  0  0  0  0  0  0  0  0  0  0  0  0  0  0  0  0  0  0  0  0  0  0  0  0  0  0  0  0  0  0  0  1  0  3  0  0  0  0  0  0  0  36  0  0  0  0  18624  7269  0  0  0  0  28484  3  0  1  0  0  0  0  0  0  6246  53137  0  36  33  427  0  0  5  0  34992  0  0  0  0  55910  0  85  0  0  0  0  0  0  0  0  0  2  45  0  0  0  0  0  0  0  0  0  0  323  41458  6  0  0  0  0  0  0  4357  0  252  12  0  0  
0  0  0  0  0  0  0  0  0  0  0  0  0  0  0  0  0  0  0  0  0  0  0  0  0  0  0  0  0  0  0  0  0  0  0  0  0  0  0  0  0  0  0  0  0  0  0  0  0  0  0  0  0  0  0  0  0  0  0  0  0  0  0  0  0  0  0  0  0  0  0  0  0  0  0  3  0  22  0  0  0  0  1  5  0  0  0  0  0  0  3  8  1  0  0  0  2  0  1102  35024  0  0  0  0  0  0  333  48032  15  0  0  0  0  0  32299  0  0  11  4  0  0  11614  35  0  0  0  0  0  72  0  0  0  9  0  3  0  0  0  11  5  595  0  0  0  4  3  11644  26786  0  0  0  0  0  0  262  1  2044  204  79  1  
0  0  0  0  0  0  0  0  0  0  0  0  0  0  0  0  0  0  0  0  0  0  0  0  0  0  0  0  0  0  0  0  0  0  0  0  0  0  0  0  0  0  0  0  0  0  0  0  0  0  0  0  0  0  0  0  0  0  0  0  0  0  0  0  0  0  0  0  0  0  0  0  0  0  0  24322  0  0  0  0  0  0  0  0  0  0  0  0  0  0  0  0  42  0  896  17  2357  0  0  0  0  0  0  0  0  0  0  0  8  0  0  70188  0  0  0  11  33666  24  0  0  0  287  0  65481  8  0  0  0  0  0  297  11  21105  90674  8219  0  0  0  4  0  0  0  0  0  0  116889  351  0  0  0  0  0  0  0  33  0  1065  0  2  0  
0  0  0  0  0  0  0  0  0  0  0  0  0  0  0  0  0  0  0  0  0  0  0  0  0  0  0  0  0  0  0  0  0  0  0  0  0  0  0  0  0  0  0  0  0  0  0  0  0  0  0  0  0  0  0  0  0  0  0  0  0  0  0  0  0  0  0  0  0  0  0  0  0  0  0  15  0  0  0  0  0  0  0  0  0  0  0  0  0  0  0  0  3  0  1  1  36  0  286  2  0  0  0  0  0  0  0  3762  169  3  55327  0  0  0  12  0  28187  13  0  0  0  2508  0  1580  1  0  0  0  0  0  1  0  10196  107  392  0  0  0  0  0  0  0  0  0  0  132424  131710  0  0  0  0  0  0  0  381  0  3308  1  1  0  
0  0  0  0  0  25  0  0  0  0  0  0  0  0  0  0  0  0  0  0  0  0  0  0  0  0  0  0  0  0  0  0  0  0  0  0  0  0  0  0  0  0  0  0  0  0  1  0  5  0  0  0  0  0  0  0  0  0  0  0  0  0  0  0  0  21  0  0  0  0  0  0  0  0  319  0  0  0  54  217  0  0  0  0  0  23  23127  52925  0  0  0  45  0  0  0  0  0  2122  0  0  0  0  0  0  0  1  0  0  0  0  0  0  0  11883  0  0  0  0  0  0  9187  0  18524  0  0  5465  250  0  0  0  0  0  0  0  0  7638  236  15368  0  66  0  2  0  0  0  0  0  0  0  0  0  0  3  0  0  395  0  0  1557  0  
0  0  0  0  0  1  0  0  0  0  0  0  0  0  0  0  0  0  0  0  0  0  0  0  0  0  0  0  0  0  0  0  0  0  0  0  0  0  0  0  0  0  0  0  0  0  0  0  4  0  0  1  0  0  0  0  0  0  0  0  0  0  0  0  0  1  0  0  0  0  0  0  0  0  2  0  0  2  4  33  0  0  0  0  0  33463  0  23852  367  0  0  39  0  0  0  0  0  0  0  3  0  0  0  0  0  0  0  0  0  0  0  0  2848  0  1  0  0  0  0  0  3  0  22059  0  0  2069  7  0  0  0  0  0  0  0  0  2  0  1  0  154  0  160  0  0  0  0  1  0  0  0  0  0  0  0  0  2687  0  0  3816  0  
0  0  0  0  0  0  0  0  0  3  0  0  0  0  0  0  0  0  0  0  0  0  0  0  0  0  0  0  0  0  0  0  0  0  0  0  0  0  0  0  0  0  0  0  0  0  0  0  0  0  0  0  0  0  0  0  0  0  0  0  0  0  0  0  0  1  0  0  0  0  0  0  0  0  0  29  1  34732  0  0  0  20  95  55  0  138  0  1  0  3  13760  1139  32  0  0  0  14  0  69  47883  2  57  9  15  0  0  16482  45  0  42107  3  0  1  12  0  0  1  137  458  5  0  39044  29436  0  1  0  0  1  1188  235  5  26  31  0  46  0  0  0  600  132  11371  258  10  0  340  24  7653  17555  1  0  0  1  0  0  495  50  4856  4133  34011  108  
0  0  0  0  0  0  0  0  0  0  3545  0  0  0  0  0  0  0  0  0  0  8221  0  0  0  0  0  0  0  0  0  0  0  0  0  0  0  0  0  0  0  0  0  387  0  0  0  0  0  0  0  0  0  0  0  0  0  0  0  0  0  0  0  0  2  0  0  0  0  0  0  0  0  0  0  24337  0  0  0  0  0  0  0  0  40648  0  0  0  0  0  0  0  13588  25966  10883  61942  1  0  1  0  0  0  0  0  0  0  0  0  0  0  0  0  0  0  2  0  0  50703  0  0  0  1  0  0  33441  0  0  0  0  1  37486  4081  101  0  538  0  0  0  14  0  0  0  0  0  0  1  17  0  0  0  0  0  0  0  0  0  0  0  0  0  
0  0  0  0  0  0  0  0  0  0  0  0  0  0  0  0  0  0  0  0  0  0  0  0  0  0  0  0  0  0  0  0  0  0  0  0  0  0  0  0  0  0  0  0  0  0  0  0  0  0  0  0  0  0  0  0  0  0  0  0  0  0  0  0  0  0  0  0  0  0  0  0  0  0  0  9  0  0  0  0  0  0  0  0  0  0  0  0  0  0  142  4  0  0  0  0  45494  1  0  0  0  0  0  0  0  0  0  22406  43821  0  35274  30512  0  0  0  0  0  0  0  0  0  4315  0  20405  0  0  0  0  0  0  0  0  0  14  440  0  0  0  0  0  0  0  0  0  0  5389  7499  0  0  0  0  0  0  0  6371  0  679  0  0  0  
0  0  0  0  0  0  0  0  0  0  18765  0  0  0  0  0  0  0  0  0  0  2354  0  0  0  0  0  0  0  187  0  0  0  0  0  0  0  0  0  0  0  0  0  368  0  0  0  0  0  0  0  0  0  0  0  0  0  0  0  0  0  0  0  0  731  0  0  0  0  0  0  0  0  0  0  1276  0  28  0  0  0  0  384  30713  131602  1  0  0  0  0  5  6  5780  17790  111  170086  15458  0  121  58  0  4  0  6111  0  0  10  0  0  31  37  0  0  1  377  62781  0  0  135  1  0  125  212  0  110  1  0  0  12  2015  2191  34553  7996  0  3149  0  0  0  61931  1425  124  9  0  0  7  47  8064  6  0  0  0  0  0  0  4  29  4914  30  344  23  
0  0  0  0  0  0  3  0  0  0  0  0  0  0  0  0  0  0  0  0  0  0  0  0  0  0  0  0  0  0  0  0  0  0  0  0  0  0  0  0  0  0  0  0  0  0  0  0  0  0  0  0  0  0  0  0  0  0  0  0  0  0  0  0  0  16  0  0  0  0  0  0  0  0  0  0  36511  20574  0  12  6  15177  51  2  0  5  0  0  741  7800  59  247  0  0  0  0  0  0  0  3153  3  141319  136665  3  0  0  0  0  0  12  0  0  0  0  165  0  0  7  0  16189  0  2  4068  0  0  24  0  392  21  9  0  0  0  0  0  0  0  0  12  922  77924  2476  27493  0  17  0  40  0  0  4  0  0  0  0  6  3475  0  152  6010  1286  
0  0  137  0  0  0  0  1059  2701  0  0  0  0  0  0  267  0  0  0  0  0  0  0  0  0  0  0  0  0  1011  0  0  0  0  0  0  0  0  0  0  0  0  0  0  0  1618  0  0  0  0  0  0  0  0  0  0  0  0  0  0  0  0  0  0  0  1  0  0  0  0  1073  0  0  0  0  0  26414  0  0  0  0  32349  29200  0  0  0  0  0  0  9029  1  7  0  0  0  0  0  0  0  5  37546  10244  21  36499  0  0  0  0  0  0  0  0  0  0  6  0  0  0  22169  0  0  1  8  0  0  0  0  0  1  215  0  0  0  0  0  0  0  0  2  93  31130  1  3  0  27800  0  3  0  0  0  0  0  0  0  1  0  0  2  86  3  
0  0  0  0  0  3  0  0  0  0  0  0  0  0  0  0  0  0  0  0  0  0  0  0  0  0  0  0  0  0  0  0  0  0  0  0  0  0  0  0  0  0  0  0  0  0  0  0  10  0  0  0  0  0  0  0  0  0  0  0  0  0  0  0  0  9  0  0  0  0  0  0  0  0  147  0  0  0  99  603  0  0  0  0  0  289  12976  1173  2  0  9  20762  0  0  0  0  2  35463  0  0  0  0  0  0  8  11  0  0  0  0  0  0  12635  516  0  0  0  0  0  0  0  0  11708  0  0  2033  72  0  0  0  0  0  0  0  0  143  767  4281  0  237  0  0  0  0  0  0  0  0  0  0  0  0  1  0  0  342  1  3  58061  5  
0  0  0  0  0  0  0  0  0  0  0  0  0  0  0  0  0  0  0  0  0  0  0  0  0  0  0  0  0  0  0  0  0  0  0  0  0  0  0  0  0  0  0  0  0  0  0  0  0  0  0  0  0  0  0  0  0  0  0  0  0  0  0  0  0  0  0  0  0  0  0  0  0  0  0  17  0  354  0  0  0  0  19  2  0  12  0  0  0  0  53508  6845  3  0  0  0  1046  0  3  104  0  4  0  3  0  0  16254  20063  50190  4458  74  739  0  0  21439  0  7101  9  9  1  0  0  123  91  0  0  0  0  45  20  1  4  42  4  113  0  0  0  66  6  432  1  0  0  41  960  66417  11658  0  0  0  1  0  0  18857  4  12353  13993  25073  238  
0  0  0  0  0  3  1  0  0  0  0  0  0  1  0  0  0  0  0  0  0  0  0  0  0  0  0  0  0  0  0  0  0  0  0  0  0  0  0  1  0  0  0  0  0  0  0  0  8  0  0  0  0  0  0  0  0  0  0  0  0  0  0  0  0  10  0  0  0  0  0  0  0  0  8  3  2  46529  11  124  7  263  16  7  0  55224  40  7984  386  120  22434  44731  3  0  0  0  22  6  2  3125  0  124  210  0  0  0  2  0  1  86  0  0  14510  31892  17990  0  0  16  7714  4  10155  365  0  0  0  18086  31  17  98  17  0  1  4  0  3  13  7  4  35  929  9853  27098  71  0  27  1  634  6  0  7  0  0  0  0  159  2237  24  243  49767  328  
0  0  0  0  0  0  0  0  0  0  0  0  0  0  0  0  0  0  0  0  0  0  0  0  0  0  0  0  0  0  0  0  0  0  0  0  0  0  0  0  0  0  0  0  0  0  0  0  0  0  0  0  0  0  0  0  0  0  0  0  0  0  0  0  0  0  0  0  0  0  0  0  0  0  0  98  0  0  0  0  0  0  0  0  0  0  0  0  0  0  0  0  0  0  20168  0  17385  0  0  0  0  0  0  0  0  0  0  5  183  0  57065  638  0  0  0  0  23074  0  0  0  0  176  0  0  0  0  0  0  0  0  0  0  0  12263  37954  0  0  0  0  0  0  0  0  0  0  11177  1102  0  0  0  0  0  0  0  2  0  1328  1  0  0  
0  0  0  0  0  0  0  0  0  0  0  0  0  0  0  0  0  0  0  0  0  0  0  0  0  0  0  0  0  0  0  0  0  0  0  0  0  0  0  0  0  0  0  0  0  0  0  0  0  0  0  0  0  0  0  0  0  0  0  0  0  0  0  0  0  0  0  0  0  0  0  0  0  0  0  18816  0  2  0  0  0  0  0  1  1  0  0  0  0  0  0  0  437  26  53865  45099  12  0  1  1  0  0  1  0  0  0  0  0  0  0  2  0  0  0  9  35867  0  689  5  0  0  3  10  0  0  0  0  0  0  5  3071  24  168  16  32742  0  0  0  11  0  1  1  0  0  0  9  86  0  0  0  0  0  0  0  0  4  29  0  8  1  
0  0  0  0  0  38  0  0  0  0  0  0  0  1  0  0  0  0  0  0  0  0  0  0  0  0  0  0  0  0  0  0  0  0  0  0  0  0  0  0  0  0  0  0  0  0  0  0  19  0  0  2  0  0  0  0  0  0  0  0  0  0  0  0  0  35  0  0  0  0  0  0  0  0  175  0  0  1  1502  3118  267  0  0  0  0  35543  26  50411  171514  90  0  8  0  0  0  0  0  28  0  1  0  0  254  0  0  0  0  0  0  0  0  0  3160  5979  0  0  0  0  11  0  146  0  1666  0  0  0  55480  30592  0  0  0  0  0  0  0  15350  15  15  0  2071  3  42158  4  0  0  0  0  0  0  26  0  0  2  0  0  23008  0  0  12421  18  
0  0  0  0  0  3  0  0  0  0  0  0  0  0  0  0  0  0  0  0  0  0  0  0  0  0  0  0  0  0  0  0  0  0  0  0  0  0  0  0  0  0  0  0  0  0  0  0  4  0  0  0  0  0  0  0  0  0  0  0  0  0  0  0  0  5  0  0  0  0  0  0  0  0  17711  0  0  0  43166  5454  63  0  0  0  0  8  2  284  153588  4938  0  0  0  0  0  0  0  1  0  0  0  0  0  0  0  0  0  0  0  0  0  0  1211  263  0  0  0  0  0  0  3  0  2  0  0  80392  0  37268  0  0  0  0  0  0  0  10031  0  0  0  471  0  6  0  0  0  0  0  0  0  1  0  0  0  0  0  102  0  0  93  1  
0  0  0  0  0  0  1  1  0  0  0  0  0  0  0  0  0  0  0  0  0  0  0  0  0  0  0  0  0  0  0  0  0  0  0  0  0  0  0  0  0  0  0  0  0  0  0  0  0  0  0  0  0  0  0  0  0  0  0  0  0  0  0  0  0  21  0  0  0  0  0  0  0  0  0  0  0  2  2  5801  2334  555  0  0  0  0  0  0  65179  93557  0  7  0  0  0  0  0  0  0  1  0  0  10  0  0  0  0  0  0  0  0  0  0  1  0  0  0  0  1291  0  0  0  11  0  0  44260  45081  0  0  0  0  0  0  0  0  0  0  0  0  1051  19  18556  26482  0  0  0  0  0  0  18  0  0  0  0  0  462  0  3  146  19  
0  0  0  0  0  0  0  0  0  0  0  0  0  0  0  0  0  0  0  0  0  0  0  0  0  0  0  0  0  0  0  0  0  0  0  0  0  0  0  0  0  0  0  0  0  0  0  0  0  0  0  0  0  0  0  0  0  0  0  0  0  0  0  0  0  0  0  0  0  0  0  0  0  0  0  0  0  6  0  0  0  0  171  7  0  0  0  0  0  0  4  20  0  0  0  0  0  0  41454  45086  133  32  0  16  0  0  1  0  0  323  0  0  0  0  634  0  0  6  28  1  0  51  61  0  0  0  0  0  0  31460  0  0  0  0  0  0  0  0  75  665  11597  0  0  0  83  0  9307  3  0  0  0  0  0  0  3  2  18  6  401  6  
0  0  0  0  0  0  0  0  0  0  0  0  0  0  0  0  0  0  0  0  0  0  0  0  0  0  0  0  0  0  0  0  0  0  0  0  0  0  0  0  0  0  0  0  0  0  0  0  0  0  0  0  0  0  0  0  0  0  0  0  0  0  0  0  0  0  0  0  0  0  0  0  0  0  0  23  0  8  0  0  0  7  3267  13  15583  0  0  0  0  2  10  42  3327  17134  2  0  0  0  86959  1933  230447  397  1  61127  0  0  4  0  0  21  0  0  0  0  168  0  0  1531  102  111  0  26  61  0  0  0  0  0  30062  0  8  40612  9  0  4  0  0  0  84010  6729  39305  0  3  0  39978  1  22677  1  0  0  0  0  0  0  1  6  5  7  464  11  
0  0  0  0  0  0  0  0  0  0  0  0  0  0  0  0  0  0  0  0  0  0  0  0  0  0  0  0  0  0  0  0  0  0  0  0  0  0  0  0  0  0  0  0  0  0  0  0  0  0  0  0  0  0  0  0  0  0  0  0  0  0  0  0  0  0  0  0  0  0  0  0  0  0  0  8047  0  0  0  0  0  0  0  0  1  0  0  0  0  0  0  0  118569  292  133  7487  2  0  9  2  0  0  0  0  0  0  1  0  0  3  13  0  0  0  6  37419  0  840  1  0  0  3  4  0  1096  0  0  0  0  6  0  3887  24199  1  3121  0  0  0  59  0  0  0  0  0  0  6  234  1  0  0  0  0  0  0  0  1  6  1  6  0  
0  0  0  0  0  0  0  0  0  0  0  0  0  0  0  0  0  0  0  0  0  0  0  0  0  0  0  0  0  0  0  0  0  0  0  0  0  0  0  0  0  0  0  0  0  0  0  0  0  0  0  0  0  0  0  0  0  0  0  0  0  0  0  0  0  0  0  0  0  0  0  0  0  0  0  349  0  1  0  0  0  0  0  0  43709  0  0  0  0  0  1  0  79867  90353  31  517  0  0  3245  3  2150  0  0  0  0  0  0  0  0  1  0  0  0  0  18  4459  0  30895  3  0  0  2  7  0  21  0  0  0  1  49018  4598  0  7399  0  105  0  0  0  7116  0  3  0  0  0  1  2  20441  0  0  0  0  0  0  0  0  1  0  1  4  0  
0  0  0  0  0  0  0  0  0  0  0  0  0  0  0  0  0  0  0  0  0  0  0  0  0  0  0  0  0  0  0  0  0  0  0  0  0  0  0  0  0  0  0  0  0  0  0  0  0  0  0  0  0  0  0  0  0  0  0  0  0  0  0  0  0  0  0  0  0  0  0  0  0  0  0  27347  0  3  0  0  0  0  0  0  0  0  0  0  0  0  2  1  51210  17  59  257  0  0  141  3  0  0  0  0  0  0  0  0  0  1  19435  8688  0  0  19  131  0  3195  8  0  0  219  17  0  109  0  0  0  0  26  19397  4477  0  109  2855  0  0  0  1377  0  4  0  0  0  0  24564  30322  0  0  0  0  0  0  0  127  3  212  1  27  0  
0  0  0  0  0  0  0  0  0  0  0  0  0  0  0  0  0  0  0  0  0  0  0  0  0  0  0  0  0  0  0  0  0  0  0  0  0  0  0  0  0  0  0  0  0  0  0  0  0  0  0  0  0  0  0  0  0  0  0  0  0  0  0  0  0  0  0  0  0  0  0  0  0  0  0  41152  0  0  0  0  0  0  0  0  0  0  0  0  0  0  0  0  12  1  59231  3  0  0  1  0  0  0  0  0  0  0  0  0  0  0  72403  21  0  0  0  1  2  0  0  0  0  0  0  14305  1  0  0  0  0  1  214  2  29  0  25176  0  0  0  1  0  0  0  0  0  0  4347  4  0  0  0  0  0  0  0  0  0  114  0  0  0  
0  0  0  0  0  0  0  0  0  0  0  0  0  0  0  0  0  0  0  0  0  4  0  0  0  0  0  0  0  0  0  0  0  0  0  0  0  0  0  0  0  0  0  0  0  0  0  0  0  0  0  0  0  0  0  0  0  0  0  0  0  0  0  0  0  0  0  0  0  0  0  0  0  0  0  24492  0  2  0  0  0  0  0  3  0  0  0  0  0  0  0  2  669  14  72625  80908  33014  0  6  8  0  2  1  0  0  0  1  2  84  10  6401  155  0  0  31  225  971  4296  10  0  0  287  34  28692  22226  0  0  0  2  10  2393  109  1934  11987  0  0  0  0  43  0  3  0  0  0  0  20226  925  2  0  0  0  0  0  0  45  3  35068  10  40  2  
0  0  0  0  0  16  0  0  0  0  0  0  0  0  0  0  0  0  0  0  0  0  0  0  0  0  0  0  0  0  0  0  0  0  0  0  0  0  0  0  0  0  0  0  0  0  0  0  0  0  0  0  0  0  0  0  0  0  0  0  0  0  0  0  0  10  0  0  0  0  0  0  0  0  4074  0  0  0  182  341  0  0  0  0  0  0  19511  10606  19915  0  0  0  0  0  0  0  0  35244  0  0  0  0  0  0  0  0  0  0  0  0  0  0  15462  26  0  0  0  0  0  0  17  0  0  0  0  15419  11453  0  0  0  0  0  0  0  0  0  6  12972  0  58  0  0  0  0  0  0  0  0  0  0  0  0  0  0  0  347  0  0  683  0  
0  0  0  0  0  0  0  0  0  0  0  0  0  0  0  0  0  0  0  0  0  0  0  1  0  0  0  0  0  0  17  0  0  0  0  0  0  0  0  0  0  0  0  0  0  0  0  0  0  0  0  0  0  0  0  0  0  0  0  0  0  0  0  0  0  1  0  0  0  0  0  0  0  0  216  0  0  0  7  5495  0  0  0  0  0  0  15  6  0  0  14  15281  0  0  0  0  2  61947  0  0  0  0  0  0  68492  49859  0  0  1  0  0  0  293  4  0  0  0  0  0  0  757  0  6  0  0  63  0  0  0  0  0  0  0  0  0  148  0  11580  0  1  0  0  0  16487  0  0  0  0  0  0  0  1  0  0  13  4515  37  250  43551  157  
0  0  0  0  0  29  0  0  0  0  0  0  0  0  0  0  0  0  0  0  0  0  0  0  0  0  0  0  0  0  0  0  0  0  0  0  0  0  0  0  0  0  0  0  0  0  0  0  4  0  0  1  0  0  0  0  0  0  0  0  0  0  0  0  0  20  0  0  0  0  0  0  0  0  2405  0  0  0  150  732  0  0  0  0  0  0  5485  40  0  3  0  792  0  0  0  0  0  123647  0  0  0  0  0  0  10  896  0  0  0  0  0  0  37916  2  0  0  0  0  0  0  7146  0  0  0  0  63  4  0  0  0  0  0  0  0  0  24711  19517  0  0  32  0  0  0  146  0  0  0  0  0  0  0  0  1  0  0  8477  1  2  10465  1  
0  0  0  0  0  0  0  0  308  269  169  0  0  0  0  0  0  0  0  4  0  0  0  0  0  0  70  0  0  4820  0  0  0  0  0  0  0  0  0  0  0  0  0  0  0  0  0  0  0  0  0  0  0  0  0  0  0  0  0  0  0  0  0  0  211  0  0  0  0  0  280  0  0  0  0  177  0  53  0  0  0  0  1315  93  70527  1  0  0  0  0  21  61  4213  11812  12  210  1  0  1472  316  35463  4  3  115782  0  0  40  0  0  99  3  0  0  0  1144  7  0  51150  305  0  0  244  467  0  16  1  0  0  429  69590  260  7674  2610  0  32  0  0  0  0  795  215  9  1  0  33705  4  24875  4  0  0  0  0  0  0  2  64  30  35  931  63  
2  0  0  1  4  4897  504  1943  4467  25578  0  1  0  25  0  104  2  1  0  0  0  0  0  0  0  3  0  0  0  5  0  166  0  0  0  0  0  0  0  2  7  0  0  26  58  1  19  0  443  0  0  39  8  3  0  0  0  0  0  0  0  0  0  0  0  34407  3  19  8  2  5  0  0  0  197  4  5  2  377  43828  37122  24692  35209  40406  0  35  1  163  377  1775  9  48  4  0  0  16  2072  10  6  33  53  103  97  1799  0  15637  8  0  0  18  0  0  60  1225  156  1  0  2061  1127  64  39  31  85  0  0  2723  215  2336  111  906  1  1  7  0  9  114  0  22  179  0  2777  369  915  1522  1108  0  168  2  1  781  259  136  156  48  6  1356  1868  382  1094  69  
0  0  0  0  0  0  0  0  1  0  0  0  0  0  0  0  0  0  0  0  0  0  0  0  0  0  0  0  0  0  0  0  0  0  0  0  0  0  0  0  0  0  0  0  0  0  0  0  0  0  0  0  0  0  0  0  0  0  0  0  0  0  0  0  0  1  0  0  0  0  0  0  0  0  0  0  8999  1477  0  0  0  253  2114  21  0  2  0  0  2  219  75  262  0  0  0  0  4  0  9  81108  37614  119675  118  219  0  0  0  0  0  932  0  0  0  0  3034  0  0  13  67000  34097  0  42  935  0  0  0  0  2  11653  39358  0  0  0  0  0  0  0  0  42  3663  0  14  134  0  2523  0  184  0  0  1  0  0  0  0  30  17  1  74  3879  289  
0  0  0  0  0  0  3  0  0  0  0  0  0  0  0  0  0  0  0  0  0  0  0  0  0  0  0  0  0  0  0  0  0  0  0  0  0  0  0  0  0  0  0  0  0  0  0  0  0  0  0  0  0  0  0  0  0  0  0  0  0  0  0  0  0  15  0  0  0  0  0  0  0  0  0  0  0  19921  0  222  61  13  0  0  0  31290  0  13  28271  48  8  57  0  0  0  0  0  0  0  64  0  5  75980  0  0  0  0  0  0  1  0  0  10  212  30  0  0  0  12734  0  1  1  15348  0  0  43087  3  5309  1  0  0  0  0  0  0  0  0  0  1  254  51  0  3189  0  0  0  5  0  0  11  0  0  0  0  1  7807  0  21  15843  302  
0  0  0  0  0  0  0  3  0  0  0  0  0  0  0  0  0  0  0  0  0  0  0  0  0  0  0  0  0  0  0  0  0  0  0  0  0  0  0  0  0  0  0  0  0  0  0  0  0  0  0  0  0  0  0  0  0  0  0  0  0  0  0  0  0  19  0  0  0  0  0  0  0  0  0  0  2  0  0  23  14  1997  3  0  0  0  0  0  32065  16534  5  24  0  0  0  0  0  0  0  70  0  22  64759  0  0  0  0  0  0  0  0  0  0  0  21  0  0  0  34164  8  0  0  127  0  0  32  0  25638  1  1  0  0  0  0  0  0  0  0  0  767  1062  8167  0  0  0  0  0  0  0  10  0  0  0  0  6  199  0  15  380  96  
0  0  0  0  0  36  0  0  0  0  0  0  0  0  0  0  0  0  0  0  0  0  0  0  0  0  0  0  0  0  246  5  0  0  0  0  0  0  0  0  0  0  0  0  0  0  0  0  0  0  0  0  0  0  0  0  0  0  0  0  0  0  0  0  0  10  0  0  0  498  0  0  0  0  9713  0  0  0  7666  37942  0  0  0  0  0  0  0  0  0  15201  0  5  0  0  0  0  0  528  0  0  0  0  0  0  44746  14169  0  0  0  0  0  0  0  0  0  0  0  0  0  0  0  0  0  0  0  0  0  0  0  0  0  0  0  0  0  0  21719  21  0  1952  0  0  0  0  0  0  0  0  0  0  0  4  0  1  2  2371  7  7  36  2  
0  0  4  0  0  0  0  2  6272  15  0  0  0  0  0  1  0  0  0  0  0  0  0  0  0  0  14  0  0  8061  0  0  0  0  0  0  0  0  0  0  0  0  0  0  0  109  0  0  0  0  0  0  0  0  0  0  0  0  0  0  0  0  0  0  0  25  0  0  0  0  38681  0  0  0  0  0  115  2  0  0  0  21  51998  2  0  0  0  0  0  40  2  11  1  0  0  0  0  0  35  24  6499  36  0  88220  0  0  0  0  0  5  0  0  0  0  41  0  0  3  29  23059  0  3  16  0  0  0  0  0  296  38658  0  3  0  0  0  0  0  0  29695  2312  2521  0  0  0  0  0  627  0  0  0  0  0  0  0  0  1  0  2  158  1  
0  0  0  0  0  0  0  0  0  0  0  0  0  0  0  0  0  0  0  0  0  0  0  0  0  0  0  0  0  0  0  0  0  0  0  0  0  0  0  0  0  0  0  0  0  0  0  0  0  0  0  0  0  0  0  0  0  0  0  0  0  0  0  0  0  0  0  0  0  0  0  0  0  0  0  8546  0  2  0  0  0  0  0  0  0  0  0  0  0  0  1  1  177  3  53  22  144  0  1  2  0  0  0  0  0  0  0  14  248  5  98693  131651  0  0  14  8  8717  180  1  0  0  3892  6  5069  10  0  0  0  0  2  360  52  30736  11450  20888  0  0  0  17  0  0  0  0  0  0  0  12345  0  0  0  0  0  0  0  810  1  6616  4  8  0  
0  0  0  0  0  0  0  0  0  0  0  0  0  0  0  0  0  0  0  0  0  0  0  0  0  0  0  0  0  0  0  0  0  0  0  0  0  0  0  0  0  0  0  0  0  0  0  0  0  0  0  0  0  0  0  0  0  0  0  0  0  0  0  0  0  1  0  0  0  0  0  0  0  0  0  2793  0  1035  0  1  0  1  193  21  10  44  0  0  0  0  60  167  68666  1  156  103  240  0  166153  21943  5  17  10  34  0  0  5371  96696  50645  13046  992  152427  0  1  16013  47  9522  8518  940  1  0  88473  5129  2204  111  5  0  0  11535  21655  1453  20060  28823  108  3451  0  0  0  23945  175  831  37  0  0  1112  16689  0  752  0  0  0  0  0  0  8146  180  36103  310  3216  229  
0  0  0  0  0  0  0  0  0  0  0  0  0  0  0  0  0  0  0  0  0  0  0  0  0  0  0  0  0  0  0  0  0  0  0  0  0  0  0  0  0  0  0  0  0  0  0  0  0  0  0  0  0  0  0  0  0  0  0  0  0  0  0  0  0  0  0  0  0  0  0  0  0  0  0  4  0  156  0  0  0  0  0  1  0  1  0  0  0  0  0  2  3  0  0  0  0  0  3  973  0  0  0  0  0  0  33284  14378  6  31960  0  0  0  0  16110  0  0  10  3  0  0  20077  41  0  0  0  0  0  0  13  0  3  2  0  3  0  0  0  52  1  3  0  0  0  0  0  1025  0  0  0  0  0  0  0  8  1  585  160  9  0  
0  0  0  0  0  0  0  0  0  0  0  2  0  0  0  0  33029  27944  0  0  1  0  48924  63  0  0  0  0  0  0  2  543  0  0  11688  0  112  60  0  0  1  0  56273  0  0  0  40  42583  0  116  0  0  0  0  0  0  0  0  1  2  31  0  1965  0  0  0  0  0  0  1  0  268  1221  1  0  0  0  0  0  0  0  0  0  0  0  0  0  0  0  0  0  0  0  0  0  0  0  0  0  0  0  0  0  0  0  0  0  0  0  0  0  0  0  0  0  0  0  0  0  0  0  0  0  0  0  0  0  0  0  0  0  0  0  0  0  0  0  0  0  0  0  0  0  0  0  0  0  0  0  0  272274  25549  7688  1188  0  0  0  0  0  0  
28  0  14  50  12  3505  2627  2360  31  2  0  1206  0  209  111  4537  3  6  0  0  0  0  0  0  0  10  0  3  55  0  0  1  0  0  0  0  0  0  1  224  23  0  0  0  5248  5  50  0  10969  0  0  25034  742  17529  0  2  0  1  0  0  0  0  0  0  1  9929  12  5984  15894  6  1  0  0  0  2  0  0  0  2  5  12  8  23  0  0  1  0  1  3  3  0  0  0  0  0  0  0  0  0  0  0  0  0  0  0  1  0  0  0  0  0  0  0  3  0  0  0  0  2  0  0  0  0  0  0  18  1  0  0  0  0  0  0  0  0  1  0  0  0  245  0  17  0  0  0  0  0  0  0  0  0  4028  49188  2094  0  76  0  1  5  0  
0  0  0  0  0  0  0  0  5  1708  0  0  0  0  0  0  2306  782  1  0  344  444  135848  1  0  21  0  0  0  20  0  40  8  4  364  47  950  368  0  0  1607  0  8520  2364  0  0  0  25225  0  5043  6  0  0  0  2  54  0  100  138  37  47462  0  15  0  23  573  1  0  0  0  3  5599  13227  105  0  0  0  0  0  0  0  0  0  4  0  0  0  0  0  0  0  0  0  0  0  0  0  0  0  0  0  0  0  0  0  0  0  0  0  0  0  0  0  0  0  0  0  2  0  0  0  1  0  0  0  0  0  0  0  0  0  0  0  0  0  0  0  0  0  47  1  0  0  0  0  0  1  0  114532  0  0  45768  11108  1291  0  0  5  10  0  0  
0  0  38  57  0  3  0  74  159  171  0  0  0  0  1  5  601  9742  0  1  0  21  1000  24  0  275  1  2  57  33  7  460  1  0  0  36  0  0  0  0  531  0  0  41  414  670  1  939  206  0  0  27  0  5  9  103  0  12  0  0  6  0  414  0  54  400  3356  174  2  89  108  0  417  9  0  0  0  0  0  0  0  0  0  1  0  0  0  0  0  0  0  1  0  0  0  1  2  0  0  0  0  0  0  0  0  77  0  0  0  0  0  0  0  0  0  0  0  0  0  0  0  3  0  0  0  0  0  0  0  0  0  0  0  0  0  0  0  0  0  104  1  0  0  2  0  0  0  0  13629  3160  51735  0  35169  48275  5  9  8  834  1  4  
8141  0  63  690  308  2988  0  131  68  13  2  629  26  773  10  10  39776  99155  0  0  0  0  539  14103  0  229  0  1  101  9  2411  3044  97  0  32  18  0  0  545  143  1115  0  0  4  2344  353  24360  51979  48022  0  0  6410  29  83  5  49  0  17  1  0  0  88  51272  14247  52  655  1339  2666  38  2209  34  0  545  19  1  0  0  0  0  1  0  0  3  0  0  0  0  0  0  0  0  0  0  0  0  0  0  0  0  0  0  0  0  0  0  0  0  0  0  0  0  0  0  3  0  0  0  0  0  0  0  0  0  0  0  3  0  0  0  0  0  0  0  0  0  0  0  0  0  49  0  0  0  0  0  0  0  0  5920  26981  9242  15505  0  160058  0  6  0  1  2  0  
59  0  0  10  1  36  0  4  61  22  0  0  0  1  1  1  159  5440  0  0  0  0  320  154  0  105  0  0  1  5  192  6213  1  0  0  34  0  0  1  2  220  0  0  2  98  70  6  162  701  0  0  6  0  2  7  39  0  4  0  0  0  0  13004  29  40  233  424  56  4  3252  30  0  45  1  0  0  0  0  0  3  0  0  0  0  0  0  0  0  0  0  0  0  0  0  0  0  0  0  0  0  0  0  0  0  1  9  0  0  0  0  0  0  0  0  0  0  0  0  0  0  0  0  0  0  0  0  0  0  0  0  0  0  0  0  0  0  0  0  0  4  0  0  0  0  0  0  0  0  1640  5846  883  71101  382921  0  0  0  0  2  0  0  
0  0  0  0  0  0  0  0  0  0  0  0  0  0  0  0  0  0  0  0  0  0  0  0  0  0  0  0  0  0  0  0  0  0  0  0  0  0  0  0  0  0  0  0  0  0  0  0  0  0  0  0  0  0  0  0  0  0  0  0  0  0  0  0  0  0  0  0  0  0  0  0  0  0  0  5  0  0  0  0  0  1  0  0  0  0  0  0  0  0  12092  42018  0  0  0  1  59569  523  0  9  0  0  0  0  5  398  0  3  5316  49  80  1  0  0  481  0  11520  1  2  0  0  47209  7  2  0  0  0  0  0  0  2  0  32  0  74  0  14  0  1  0  8  0  0  0  0  53  1423  1  0  0  0  1  0  0  0  3570  280741  8922  358  249  
2  0  0  0  0  214  1  0  0  0  0  0  0  1  0  0  0  1  0  0  0  0  0  0  0  0  0  0  0  0  0  3  0  0  0  0  0  0  0  0  0  0  0  0  0  0  3  0  30  0  0  0  0  0  0  0  0  0  0  0  0  0  0  0  0  501  0  0  0  0  0  0  0  0  880  0  3  121  469  5521  90  54  1  0  0  722  1  726  1881  92  11  2498  0  0  0  0  9  884  0  44  0  5  40  0  32  15500  0  0  0  0  0  0  725  4222  11  0  0  0  4361  1  111  16  226  0  0  12703  330  304  1  1  0  0  0  0  0  1276  906  2928  0  1100  393  2746  209  209  1  0  0  0  0  110  0  4  11  0  682  0  395  9404  132424  64601  
0  0  0  0  0  0  0  0  0  1  0  0  0  0  0  0  0  0  0  0  0  0  0  0  0  0  0  0  0  0  0  0  0  0  0  0  0  0  0  0  0  0  0  0  0  0  0  0  0  0  0  0  0  0  0  0  0  0  0  0  0  0  0  0  0  2  0  0  0  0  0  0  0  0  0  310  0  10  0  0  0  0  1  5350  0  0  0  0  0  0  108  735  1  0  17  2078  99633  14  3  65  0  0  0  2  3  185  51  57  207  763  943  58  0  0  2141  1  2083  6720  5  0  1  17425  40  635  2  0  0  0  4  9  4  2  181  131  32699  0  14  0  29  3204  9  0  0  0  1  3117  9390  318  0  0  4  4  0  0  133754  642  0  30153  327  94  
0  0  0  0  0  0  0  0  0  7  0  0  0  0  0  0  0  0  0  0  0  0  0  0  0  0  0  0  0  0  0  3  0  0  0  0  0  0  0  0  0  0  0  0  0  0  0  0  0  0  0  0  0  0  0  0  0  0  0  0  0  0  0  0  0  2  0  0  0  0  0  0  0  0  0  0  0  8  0  5  0  64  2  33  0  0  0  0  0  7  314  16129  0  0  51  22  543  20  0  65  0  6  11  0  9  824  40  9  3  167  0  0  0  0  4389  0  0  7  239  0  1  16150  42  0  0  1  0  2  10  2  0  1  6  0  9  0  21  0  4  280  447  6  26  0  2  0  105  161  0  8  6  824  1  4  5672  30858  30383  0  23150  29542  
0  0  0  0  0  4  0  0  0  0  0  0  0  1  0  0  0  0  0  0  0  0  0  0  0  0  0  0  0  0  0  0  0  0  0  0  0  0  0  0  0  0  0  0  0  0  0  0  6  0  0  1  0  0  0  0  0  0  0  0  0  0  0  0  0  16  0  0  0  0  0  0  0  0  564  2  15  594  285  695  53  1156  21  1  0  909  7  514  605  168  11861  52656  1  0  0  0  60  29882  2  818  1  156  322  2  4951  9299  1  0  0  63  0  0  1542  3102  4540  0  0  1  5947  20  38593  13834  20428  0  0  16480  186  46  144  34  0  0  1  0  1  1654  47102  5080  27  1029  11129  7363  415  18  67  0  214  0  0  6  0  0  0  0  316  84122  100  8968  0  191269  
0  0  0  0  0  0  0  0  0  0  0  0  0  0  0  0  0  0  0  0  0  0  0  0  0  0  0  0  0  0  0  0  0  0  0  0  0  0  0  0  0  0  0  0  0  0  0  0  0  0  0  0  0  0  0  0  0  0  0  0  0  0  0  0  0  2  0  0  0  0  0  0  0  0  0  0  11  123  0  21  3  843  5  0  0  0  0  0  1  80  33  21525  0  0  1  1  17  62  0  438  0  59  89  0  207  4047  0  0  0  11  0  0  0  0  268  0  0  1  2663  3  150  106  357  0  0  30  0  8  19  3  0  0  0  0  0  0  176  10  10  203  4284  206  254  2  9  0  101  0  0  1  0  1  0  0  1276  180157  389  32412  384667  0  
