0  0  0  0  37571  163  0  0  0  0  0  35  0  10736  13826  9  0  1  0  0  0  0  0  61012  0  0  0  0  0  0  18279  1  0  0  0  0  0  0  287  241  0  0  0  0  0  0  713  0  627  0  0  13425  22135  0  0  0  0  0  0  0  0  3705  32  6096  0  0  0  0  0  15997  0  0  0  0  0  0  0  0  0  0  0  0  0  0  0  0  0  0  0  0  0  0  0  0  0  0  0  5  0  0  0  0  0  0  4  0  0  0  0  0  0  0  0  0  0  0  0  0  0  0  0  0  0  0  0  0  0  0  0  0  0  0  0  0  0  0  0  0  0  0  0  0  0  0  0  0  0  0  0  9298  0  0  9908  14  0  0  0  0  0  0  
0  0  0  0  0  0  0  0  0  0  0  0  0  0  0  0  0  0  31305  0  42124  3431  1  0  0  0  0  0  0  0  0  0  0  0  0  0  12870  4060  0  0  2  52884  0  112  0  0  0  0  0  0  41394  0  0  0  0  0  24022  0  24572  11095  7222  0  0  0  0  1  0  0  0  0  0  73  12  0  0  0  0  0  0  0  0  0  0  0  0  0  0  0  0  0  0  0  0  0  0  2  0  0  0  0  0  0  0  0  0  0  0  0  0  0  0  0  0  0  0  0  0  0  0  0  0  0  0  0  0  0  0  0  0  0  0  0  0  0  0  0  0  0  0  0  0  0  0  0  0  0  0  0  0  0  0  0  2  0  0  0  0  0  0  0  
0  0  0  0  0  0  0  5667  46  0  0  0  0  0  0  52591  0  0  0  0  0  0  0  0  0  1  20553  25942  19410  11273  0  0  0  0  0  0  0  0  0  0  0  0  0  0  77366  38416  0  0  0  0  0  0  0  10  0  3  0  0  0  0  0  0  0  0  1  4  23051  1  1138  0  27  0  0  0  0  0  3140  0  0  0  0  831  4  0  0  0  0  0  0  1475  0  0  0  0  0  0  0  0  0  0  0  0  0  342  0  0  0  0  0  0  0  0  0  0  0  0  0  0  0  4057  0  0  0  0  0  0  0  0  0  0  0  0  0  0  0  0  0  0  0  0  0  0  0  0  6  0  0  0  0  0  0  2  3  0  0  0  0  0  0  0  
0  0  0  0  0  0  0  0  11  11  0  37025  0  0  0  0  2573  70  0  0  0  0  0  0  0  26641  0  17800  13675  2  0  0  93  27  7  11  0  0  0  5  5672  0  0  2  15522  11  0  23  64969  0  0  5  0  3  0  20  0  11  0  0  0  0  0  0  413  190  13194  14862  12  0  2  0  27  11  0  0  0  0  0  0  0  0  0  0  0  0  0  0  0  0  0  0  0  0  0  0  0  0  0  0  0  0  0  0  0  0  0  0  0  0  0  0  0  0  0  0  0  0  0  0  0  0  0  0  0  0  0  0  0  0  0  0  0  0  0  0  0  0  0  0  0  0  0  0  0  0  0  0  0  33  0  235  2355  202  0  0  0  0  0  0  
40650  0  0  0  0  2535  0  0  0  0  0  3  0  26  10514  27887  0  0  0  0  0  0  0  147  0  0  0  0  0  0  6777  0  0  0  0  0  0  0  18  2  0  0  0  0  0  0  49  0  37  0  0  3  17500  0  0  0  0  0  0  0  0  0  2  35  0  1  0  0  0  11742  0  0  0  0  0  0  0  0  3  7  0  0  0  0  0  0  0  0  0  18  0  0  0  0  0  0  0  0  0  0  0  0  0  0  0  0  0  0  0  0  0  0  0  0  0  0  0  0  0  0  0  0  0  0  0  0  0  0  0  0  0  0  0  0  0  0  0  0  0  0  0  0  0  4  0  0  0  0  0  3244  0  0  1503  2  0  0  0  0  0  0  
427  0  0  0  13652  0  34638  0  0  0  0  74  0  55  2459  63440  0  0  0  0  0  0  0  42  0  0  0  0  0  0  9702  7393  0  0  0  0  0  0  14  485  0  0  0  0  0  0  141  0  4692  0  0  122  12922  37624  0  0  0  0  0  0  0  0  1832  24  0  42809  0  0  0  60912  0  0  0  0  0  0  0  0  0  7431  1779  0  0  0  0  0  0  0  0  222  0  1  0  0  0  0  0  0  0  0  0  0  0  0  324  158  0  0  0  0  0  0  0  0  0  0  0  0  0  0  0  0  1  0  0  164  3  1  0  0  0  0  0  0  0  0  3  0  0  4088  0  5  0  2094  0  0  0  0  0  62345  0  0  11384  117  0  301  0  0  111  0  
0  0  0  0  0  34091  0  32585  0  0  0  0  0  0  52  53504  0  0  0  0  0  0  0  0  0  0  0  0  0  0  0  0  0  0  0  0  0  0  0  0  0  0  0  0  1  0  0  0  1  0  0  69  3  35577  0  0  0  0  0  0  0  0  0  0  0  55322  0  79  194  0  0  0  0  0  0  0  0  0  0  600  13323  2147  0  0  0  0  0  0  0  192  0  0  0  0  0  0  0  0  0  0  0  0  0  0  0  0  0  0  0  0  0  0  0  0  0  0  0  0  0  0  0  0  0  0  0  123  1  2  0  0  0  0  0  0  0  0  0  0  0  2474  0  1  0  0  0  0  0  0  0  1380  0  0  1  0  0  176  0  0  94  0  
0  0  1620  2  0  0  34688  0  19622  2  0  0  0  0  15  42717  1  0  0  0  0  0  0  0  0  6  0  0  53  11  0  0  0  0  0  0  0  0  0  0  5  0  0  0  21298  27153  0  0  117  0  0  16  0  7118  0  6  0  4  0  0  0  0  0  0  58  23554  13  532  30871  0  2  0  4  0  0  0  1  0  0  0  646  20499  1621  0  0  0  0  0  0  196  0  0  0  0  0  0  0  0  0  0  0  0  0  0  0  0  0  0  0  0  0  0  0  0  0  0  0  0  0  455  0  0  0  0  0  0  0  0  0  0  0  0  0  0  0  0  0  0  0  1852  0  0  1  0  6  0  0  0  0  127  0  29  272  1  0  0  0  0  0  0  
0  0  20  0  0  0  0  15632  0  5650  0  0  0  0  0  8  2  0  0  2  0  28  0  0  0  11  2  0  0  9834  0  0  0  0  0  3  0  0  0  0  779  0  0  466  268  18749  0  9  13  0  0  0  0  0  0  473  0  20  0  0  0  0  0  0  946  32579  969  1  8  0  42447  0  75  0  0  0  0  0  0  0  0  450  2829  18  0  0  0  0  0  2  0  0  0  0  0  9  0  0  0  0  0  0  0  266  0  0  0  0  0  0  0  0  0  0  0  0  0  1  1  614  0  0  0  0  0  0  0  0  0  0  0  0  0  0  0  0  0  0  0  155  0  0  0  0  1251  0  0  0  2  1  1  187  228  199  0  0  0  0  0  0  
0  0  0  0  0  0  0  0  8242  0  4  0  0  0  0  0  10  0  0  0  0  472  2457  0  0  16  0  0  0  24153  0  0  0  6  0  76  0  0  0  0  1400  0  0  24923  6  1  0  20  11  0  0  0  0  0  0  29  0  15  1  0  5  0  0  0  629  75255  9  2  1  0  5  0  39  1  0  0  0  0  0  0  3  0  44  4965  2  0  0  0  3  0  0  0  0  1  0  52  0  0  21  66  0  0  1  145  0  0  0  2  0  2  0  0  0  0  275  0  0  9  50  2  0  20  21  0  0  0  0  21  0  97  0  0  0  0  0  0  0  0  15  12752  285  21  16  0  2  0  116  0  4  1  10306  3913  903  45  0  61  920  393  162  3  
0  0  0  0  0  0  0  0  0  24  0  0  0  0  0  0  0  0  0  74611  0  5851  0  0  0  0  23  0  0  3364  0  0  0  0  0  0  0  0  0  0  2  17212  0  65190  0  0  0  0  0  0  39  0  0  0  0  0  29  1229  0  0  1  0  0  0  78191  18  0  0  0  0  1  0  0  0  0  0  0  0  0  0  0  0  0  0  18204  0  0  0  0  0  0  0  0  1988  0  14874  0  0  0  0  10  0  0  1907  0  0  0  0  0  0  0  0  0  0  0  14  0  479  0  0  0  0  0  0  0  0  0  0  0  2  0  0  0  0  0  0  0  0  685  0  0  0  0  0  3  0  0  0  0  0  0  0  0  0  0  0  0  0  0  0  
4  0  0  38213  2  13  0  0  0  0  0  0  0  13313  83  0  261  1233  0  0  0  0  0  4  0  8  0  0  108  0  0  0  19  12  10  0  0  0  4  21202  2  0  0  0  10  0  154  9  51592  0  0  38667  94  3  0  0  0  0  0  0  0  0  0  0  0  0  0  19736  0  0  0  0  0  1  0  0  0  0  0  0  0  0  0  0  0  0  0  0  0  0  0  0  0  0  0  0  0  0  0  0  0  0  0  0  0  0  0  0  0  0  0  0  0  0  0  0  0  0  0  0  0  0  0  0  0  0  0  0  0  0  0  0  0  0  0  0  0  0  0  0  0  0  0  0  0  0  0  0  0  1051  0  6  783  1  0  0  0  0  0  0  
81  0  0  0  10  0  0  0  0  0  0  1  0  6538  0  0  0  0  0  0  0  0  0  39431  0  0  0  0  0  0  0  0  0  0  0  0  0  0  21359  0  0  0  0  0  0  0  9845  0  5  0  0  2  0  0  0  0  0  0  0  0  0  1267  0  783  0  0  0  0  0  0  0  0  0  0  0  0  0  0  0  0  0  0  0  0  0  0  0  0  0  0  0  0  0  0  0  0  0  0  0  0  0  0  0  0  0  0  0  0  0  0  0  0  0  0  0  0  0  0  0  0  0  0  0  0  0  0  0  0  0  0  0  0  0  0  0  0  0  0  0  0  0  0  0  0  0  0  0  0  0  0  0  0  12  0  0  0  0  0  0  0  
8182  0  0  0  134  33  0  0  0  0  0  13846  7621  0  12413  0  0  0  0  0  0  0  0  9336  0  0  0  0  0  0  0  0  0  0  0  0  0  0  28416  17805  0  0  0  0  0  0  3486  0  15648  0  0  55834  762  0  0  0  0  0  0  0  0  26593  2  5864  0  0  0  0  0  1  0  0  0  0  0  0  0  0  0  0  0  0  0  0  0  0  0  0  0  0  0  0  0  0  0  0  0  0  0  0  0  0  0  0  0  0  0  0  0  0  0  0  0  0  0  0  0  0  0  0  0  0  0  0  0  0  0  0  0  0  0  0  0  0  0  0  0  0  0  0  0  0  0  0  0  0  0  0  0  383  0  0  1320  0  0  0  0  0  0  0  
16687  0  0  0  11973  3713  7  1  0  0  0  200  0  11699  0  40088  0  0  0  0  0  0  0  3987  0  0  0  0  11934  0  0  0  0  0  0  0  0  0  0  25  0  0  0  0  378  1  0  0  8  0  0  152067  108015  95627  0  0  0  0  0  0  0  9982  0  14  0  24  0  28406  6384  0  0  0  0  0  0  0  0  0  0  0  0  0  0  0  0  0  0  0  0  0  0  0  0  0  0  0  0  0  0  0  0  0  0  0  0  0  0  0  0  0  0  0  0  0  0  0  0  0  0  0  0  0  0  0  0  0  0  0  0  0  0  0  0  0  0  0  0  0  0  0  0  0  0  0  0  0  0  0  0  263  0  1  4  0  0  0  0  0  0  0  
13  0  46636  1  37627  57406  43315  38907  55  0  0  2  0  1  36569  0  0  0  0  0  0  0  0  0  0  0  0  0  9400  5  2520  0  0  0  0  0  0  0  0  11  0  0  0  0  5189  2771  0  0  39  0  0  6  6847  123559  0  0  0  0  0  0  0  0  0  0  0  484  1  29  28742  14544  0  0  0  0  0  0  127  0  16  8183  1123  10923  0  0  0  0  0  0  0  9006  0  0  0  0  0  0  0  0  0  0  0  0  0  0  0  0  0  0  0  0  0  0  0  0  0  0  0  0  0  159  0  0  0  0  0  0  0  0  0  0  0  0  0  0  0  0  0  0  0  5  0  0  0  0  1  0  0  0  0  508  0  2  45  0  0  0  0  0  0  0  
0  0  0  680  0  0  0  0  140  82  0  778  0  0  0  0  0  25974  0  0  0  0  7495  366  0  725  0  0  0  41  0  333  853  0  15899  7  2  6  0  0  4422  0  4  13  125  12  204  34998  18631  0  0  0  0  0  0  195  1  50  1  2  8  0  6900  0  2143  1057  41  1  2  0  12  3  206  5  0  0  0  0  0  0  0  0  0  0  0  0  0  0  0  0  0  0  0  0  0  0  0  0  0  0  0  0  0  0  0  0  0  0  0  0  0  0  0  0  0  0  0  0  0  0  0  0  0  0  0  0  0  0  0  0  0  0  0  0  0  0  0  0  0  1  0  0  0  0  0  0  0  0  3554  1  1963  327  75794  797  0  0  0  0  0  0  
3  0  0  51  4  0  0  0  0  0  0  5674  1  5  0  0  21980  0  0  0  0  0  2914  7901  0  0  0  0  0  0  1  562  0  2  242  0  0  0  1  42  0  0  0  0  2  0  29628  2379  37115  0  0  346  2  0  0  0  0  0  0  1  2  0  15923  0  0  0  0  1  0  0  0  0  15  0  0  0  0  0  0  0  0  0  0  0  0  0  0  0  0  0  0  0  0  0  0  0  0  0  0  0  0  0  0  0  0  1  0  0  0  0  0  0  0  0  0  0  0  0  0  0  0  0  0  0  0  0  0  0  0  0  0  0  0  0  0  0  0  0  0  0  0  0  0  0  0  0  0  0  1842  77  318  172  115952  1429  0  0  0  0  0  0  
0  34391  0  0  0  0  0  0  0  0  3  0  0  0  0  0  0  0  0  642  0  51  0  0  20174  1  149  0  0  0  0  0  0  0  0  0  2  399  0  0  3  1168  0  91  1  0  0  0  0  0  0  0  0  0  90  25  89115  47316  38556  0  5  0  0  0  7  1  0  0  0  0  0  1  47021  0  0  0  0  0  0  0  0  0  0  0  0  0  0  0  0  0  0  0  0  0  0  0  0  0  0  0  0  0  0  9  0  0  0  0  0  0  0  0  0  0  0  0  0  0  0  0  0  0  0  0  0  0  0  0  0  0  0  0  0  0  0  0  0  0  0  0  0  0  0  0  0  0  0  0  0  0  0  0  2  0  0  0  0  0  0  0  
0  0  0  0  0  0  0  0  3  0  74121  0  0  0  0  0  0  0  662  0  0  764  0  0  20  0  15526  0  0  1433  0  0  0  0  0  0  0  0  0  0  0  19724  0  3851  1  0  0  0  0  0  93  0  0  0  0  9444  79  29145  0  0  4  0  0  0  25423  1  0  0  0  0  165  0  1  0  0  0  0  0  0  0  0  0  0  0  89  0  0  0  0  0  0  0  0  25  0  0  0  0  0  0  2  0  0  265  0  0  0  0  0  0  0  0  0  0  0  0  0  0  0  0  0  0  0  0  0  0  0  0  0  1  0  0  0  0  0  0  0  0  3  0  0  0  0  0  0  0  0  0  0  0  0  0  0  0  0  0  0  0  0  0  
0  45179  0  0  0  0  0  0  0  0  0  0  0  0  0  0  0  0  0  0  0  3619  15062  0  0  1  0  0  0  0  0  0  0  0  2  0  18128  18  0  0  5  9  940  8  0  0  0  1  0  26962  9502  0  0  0  0  0  9  1  532  72142  115976  0  0  0  0  0  0  0  0  0  0  84  33  0  0  0  0  0  0  0  0  0  0  0  0  0  0  0  0  0  0  0  0  0  0  0  2  0  0  0  0  0  0  0  0  0  0  0  0  0  0  0  0  0  0  0  0  0  0  0  0  0  0  0  0  0  0  0  0  0  0  0  0  0  0  0  0  0  0  0  0  0  0  0  0  0  0  0  6  0  1913  1  0  0  0  0  1  0  0  0  
0  3638  0  0  0  0  0  0  20  948  7795  0  0  0  0  0  0  0  36  597  4307  0  6702  0  0  1  0  0  0  3463  0  0  0  0  0  0  0  0  0  0  2  57783  0  144606  0  0  0  0  0  0  39297  0  0  0  0  0  4983  2288  689  0  75760  0  0  0  502  240  0  0  0  0  1  0  4  0  0  1  0  0  0  0  0  0  0  48  1467  0  0  0  0  0  0  0  0  0  0  9853  1  0  0  0  0  0  0  43  0  0  0  0  0  0  0  0  0  0  0  244  0  30  0  0  0  0  0  0  12  0  0  0  0  0  0  0  0  0  2  0  0  0  14  5  0  0  0  0  0  0  0  0  0  0  23  6  3  0  0  0  3  0  0  0  
0  0  0  0  0  0  0  0  0  2307  0  1  0  0  0  0  7375  6681  0  0  12436  4757  0  5  0  1  0  0  0  0  0  19  0  0  11561  2  585  44  0  0  18  0  31174  8811  0  0  17  4452  0  22097  1  0  0  0  0  0  1  0  0  322  43769  0  8272  0  1  0  0  0  0  0  0  18  158  0  0  1  0  0  0  0  0  0  0  0  0  0  0  0  0  0  0  0  0  0  0  0  3  0  0  0  0  0  0  0  0  0  0  0  0  0  0  0  0  0  0  0  0  0  0  0  0  0  0  0  0  0  0  0  0  0  0  0  0  0  0  0  0  0  0  0  0  0  0  0  0  0  0  0  8194  0  87024  311  550  1  0  0  4  4  0  0  
63830  0  0  0  316  207  0  0  0  0  0  9  38586  10252  3013  0  213  7110  0  0  0  0  1  0  0  0  0  0  0  0  53146  110  0  0  5  0  0  0  18918  7  0  0  0  0  0  0  29549  2313  15  0  0  57  11  0  0  0  0  0  0  0  0  27190  61025  107872  0  0  0  0  0  4472  0  0  0  0  1  0  0  0  0  0  0  0  0  0  0  0  0  0  0  1  0  0  0  0  0  0  0  355  0  0  0  0  0  0  2345  0  0  0  0  0  0  0  0  0  0  0  0  0  0  0  0  0  0  0  0  0  0  0  0  0  0  0  0  0  0  0  126  0  0  0  0  0  0  44  0  0  0  0  0  3187  1  5  30843  219  0  0  0  1  0  0  
0  0  0  0  0  0  0  0  1  0  0  0  0  0  0  0  0  0  22183  21  0  0  0  0  0  16877  14655  9  0  1  0  0  0  375  0  8249  0  9  0  0  16  0  0  0  0  0  0  0  0  0  0  0  0  0  40349  79106  1  5589  3  0  0  0  0  0  98  2  6920  0  0  0  1  0  116742  0  0  0  0  0  0  0  0  0  0  0  0  0  0  0  0  0  0  0  0  0  0  0  0  0  0  0  0  0  0  6  0  0  0  0  0  0  0  0  0  0  0  0  0  0  0  0  0  0  0  0  0  0  0  0  0  0  0  0  0  0  0  0  0  0  0  0  0  0  0  0  0  0  0  0  0  0  0  0  0  0  0  0  0  0  0  0  
0  0  0  25840  0  0  0  10  38  41  0  7  0  0  0  0  432  3  0  0  0  1  0  0  17987  0  974  2414  1  17  0  0  100  6452  0  58959  0  0  0  0  54629  0  0  26  443  49  0  119  6999  0  0  1  0  5  31477  1914  5  65  1  0  13  0  0  0  1442  753  89140  36  14  0  23  0  7023  16  0  0  0  0  0  0  0  0  1  0  0  0  0  0  0  0  0  0  0  0  0  0  0  0  0  0  0  0  0  0  0  0  0  0  0  0  0  0  0  0  0  0  0  0  0  0  0  0  0  0  0  0  0  0  0  0  0  0  0  0  0  0  0  0  0  8  0  0  0  0  0  0  0  0  2  8  16  822  4442  456  0  0  0  0  0  0  
0  0  18774  0  0  0  0  0  1  2  43  0  0  0  0  0  0  0  423  15407  0  0  0  0  10459  1011  0  23365  3  141349  0  0  0  0  0  0  0  0  0  0  7  0  0  0  1  5192  0  0  0  0  0  0  0  0  0  129188  0  57  0  0  0  0  0  0  17486  14  66802  0  0  0  2411  0  0  0  0  0  4  0  0  0  0  0  0  0  0  0  0  0  0  0  0  0  0  3  0  0  0  0  0  0  91  0  0  18274  0  0  0  0  0  0  0  0  0  0  0  0  0  0  0  0  0  0  0  0  0  0  0  0  0  0  0  0  0  0  0  0  0  0  3  0  0  0  0  0  0  0  0  0  0  0  0  1  1  0  0  0  0  0  0  0  
0  0  28485  19221  0  0  0  0  0  0  0  0  0  0  0  0  0  0  0  0  0  0  0  0  5  1757  16803  0  13599  7  0  0  0  0  0  0  0  0  0  0  1  0  0  0  127430  10  0  0  0  0  0  0  0  1  0  6  0  0  0  0  0  0  0  0  6  3  89828  0  0  0  0  0  1  0  0  0  0  0  0  0  0  0  0  0  0  0  0  0  0  0  0  0  0  0  0  0  0  0  0  0  0  0  0  0  0  0  0  0  0  0  0  0  0  0  0  0  0  0  0  0  0  0  0  0  0  0  0  0  0  0  0  0  0  0  0  0  0  0  0  0  0  0  0  0  0  0  0  0  0  0  0  3  13  1  0  0  0  0  0  0  
0  0  18461  14228  0  0  0  5  1  0  0  124  0  0  13648  7521  0  0  0  0  0  0  0  0  0  0  0  13832  0  2  0  0  0  0  0  0  0  0  0  0  0  0  0  0  155394  15  0  0  1  0  0  5329  0  4  0  0  0  0  0  0  0  0  0  0  0  4  2  59079  68713  0  0  0  0  0  0  0  0  0  0  0  0  0  0  0  0  0  0  0  0  0  0  0  0  0  0  0  0  0  0  0  0  0  0  0  0  0  0  0  0  0  0  0  0  0  0  0  0  0  0  0  0  0  0  0  0  0  0  0  0  0  0  0  0  0  0  0  0  0  0  0  0  0  0  0  0  0  0  0  0  1  0  3  8  1  0  0  0  0  0  0  
0  0  8022  0  0  0  0  7  10317  19253  4500  0  0  0  0  0  1  0  1  2942  0  5246  1  0  4  7  128090  13  31  0  0  0  0  0  0  2  0  0  0  0  393  0  0  5798  69  45341  0  5  3  0  0  0  0  0  0  48090  0  5  0  0  0  0  0  0  88235  3659  1783  0  1  0  92054  0  14  0  0  0  7642  0  0  0  0  0  102  75  69  0  0  0  0  0  0  0  0  87  0  98  0  0  0  0  377  1  0  58901  0  0  0  0  0  0  0  0  0  0  0  0  0  1  0  4592  0  0  0  0  0  0  0  0  0  0  0  0  0  0  0  0  0  0  147  4  0  0  0  0  6275  0  0  0  3  0  49  83  98  118  0  0  1  0  0  0  
16975  0  0  0  8749  6556  0  0  0  0  0  0  0  0  0  2896  0  0  0  0  0  0  0  54538  0  0  0  0  0  0  0  20687  0  0  0  0  0  0  0  0  0  0  0  0  0  0  0  0  0  0  0  0  0  0  0  0  0  0  0  0  0  0  53615  25  0  1  0  0  0  54050  0  0  0  0  27  0  0  0  2  275  0  0  0  0  0  0  0  0  0  599  0  0  0  0  0  0  0  1042  0  0  0  0  0  0  14501  986  0  0  0  0  0  0  0  0  0  0  0  0  0  0  0  0  0  0  0  0  0  0  0  0  0  0  0  0  0  0  423  0  0  0  0  0  0  8374  0  0  0  0  2  35  2  36  8741  27  0  0  0  2  15  0  
4  0  0  0  0  7832  0  0  0  0  0  0  0  0  0  0  229  1064  0  0  0  0  52  100  0  0  0  0  0  0  18737  0  0  0  14  0  0  0  0  0  0  0  0  0  0  0  21  10  0  0  0  0  0  0  0  0  0  0  0  0  0  0  23152  3  0  7889  0  0  0  11594  0  0  0  0  0  0  0  0  0  301  0  0  0  0  0  0  0  0  0  0  0  0  0  0  0  0  0  0  0  0  0  0  0  0  9  640  1  0  0  0  0  0  0  0  0  0  0  0  0  0  0  1  0  0  0  0  0  0  0  0  0  0  0  0  0  0  4  0  0  824  0  0  0  214  0  0  0  0  223  2748  81  3603  19003  22166  8  332  12  17  1  1  
0  0  0  178  0  0  0  0  0  0  0  16  0  0  0  0  511  0  0  0  0  0  0  0  0  143  0  0  0  0  0  0  0  15751  5  40  0  0  0  0  9903  0  0  1  0  0  0  42627  434  0  0  0  0  1  0  2  0  0  0  0  0  0  0  0  0  9  0  0  0  0  0  0  29  33414  0  0  0  0  0  0  0  0  0  0  0  0  0  0  0  0  0  0  0  0  0  0  0  0  0  0  0  0  0  0  0  0  0  0  0  0  0  0  0  0  0  0  0  0  0  0  0  0  0  0  0  0  0  0  0  0  0  0  0  0  0  0  0  0  0  0  0  0  0  0  0  0  0  0  0  0  0  2  1042  36  0  0  0  0  0  0  
0  0  0  41  0  0  0  0  0  0  0  6  0  0  0  0  0  1  0  0  0  0  0  0  98  5246  0  0  0  1  0  0  17186  0  34608  37225  0  3357  0  0  872  0  27814  1  0  0  0  40470  3  1  0  0  0  0  0  10  0  0  0  0  0  0  0  0  24  13  0  0  0  0  0  0  84475  18836  0  0  0  0  0  0  0  0  0  0  0  0  0  0  0  0  0  0  0  0  0  0  0  0  0  0  0  0  0  0  0  0  0  0  0  0  0  0  0  0  0  0  0  0  0  0  0  0  0  0  0  0  0  0  0  0  0  0  0  0  0  0  0  0  0  0  0  0  0  0  0  0  0  0  0  0  88  5  18  0  0  0  0  0  0  0  
0  0  0  0  0  0  0  0  0  0  0  3  0  0  0  0  13301  552  0  0  0  0  11265  8  0  0  0  0  0  0  0  24  0  30181  0  0  147  1512  0  0  0  0  28385  0  0  0  11  47748  0  378  0  0  0  0  0  0  0  0  0  25  22  0  220  0  0  0  0  0  0  0  0  526  23253  0  0  0  0  0  0  0  0  0  0  0  0  0  0  0  0  0  0  0  0  0  0  0  0  0  0  0  0  0  0  0  0  0  0  0  0  0  0  0  0  0  0  0  0  0  0  0  0  0  0  0  0  0  0  0  0  0  0  0  0  0  0  0  0  0  0  0  0  0  0  0  0  0  0  0  3380  0  172  1  46  0  0  0  0  0  0  0  
0  0  0  0  0  0  0  0  12  18  0  0  0  0  0  0  2  0  0  0  0  0  0  0  4164  47337  0  0  0  4  0  0  56  38715  0  0  0  1  0  0  44024  0  0  33  1  0  0  73  1  0  0  0  0  0  1070  1375  0  22  2  0  20  0  0  0  337  231  12021  0  0  0  2  0  9615  14790  0  0  0  0  0  0  0  0  0  0  0  0  0  0  0  0  0  0  0  0  0  0  0  0  0  0  0  0  0  0  0  0  0  0  0  0  0  0  0  0  0  0  0  0  0  0  0  0  0  0  0  0  0  0  0  0  0  0  0  0  0  0  0  0  0  2  0  0  0  0  0  0  0  0  0  1  1071  34  253  11  0  0  0  0  0  0  
0  5470  0  0  0  0  0  0  0  0  0  0  0  0  0  0  1  0  0  0  5335  0  424  0  0  0  0  0  0  0  0  0  0  0  179  0  0  59013  0  0  0  0  43219  0  0  0  0  135  0  71476  0  0  0  0  0  0  0  0  14449  61160  2355  0  0  0  0  0  0  0  0  0  0  68051  800  0  0  0  0  0  0  0  0  0  0  0  0  0  0  0  0  0  0  0  0  0  0  0  0  0  0  0  0  0  0  0  0  0  0  0  0  0  0  0  0  0  0  0  0  0  0  0  0  0  0  0  0  0  0  0  0  0  0  0  0  0  0  0  0  0  0  0  0  0  0  0  0  0  0  0  10  0  183  3  0  0  0  0  0  0  0  0  
0  3811  0  0  0  0  0  0  0  0  0  0  0  0  0  0  6  2  177  0  50  0  234  0  6  0  0  0  0  0  0  0  0  2746  1859  0  62626  0  0  0  0  0  25150  4  0  0  0  2694  0  7339  0  0  0  0  1  0  0  5  14307  3154  16772  0  0  0  10  0  0  0  0  0  0  78484  166049  0  0  0  0  0  0  0  0  0  0  0  0  0  0  0  0  0  0  0  0  0  0  0  0  0  0  0  0  0  0  0  0  0  0  0  0  0  0  0  0  0  0  0  0  0  0  0  0  0  0  0  0  0  0  0  0  0  0  0  0  0  0  0  0  0  0  0  0  0  0  0  0  0  0  0  81  0  350  56  9  0  0  0  0  0  0  0  
3797  0  0  0  793  95  0  0  0  0  0  8  16046  45143  0  2  0  0  0  0  0  0  0  14393  0  0  0  0  0  0  0  0  0  0  0  0  0  0  0  1176  0  0  0  0  0  0  7934  0  14710  0  0  54  234  0  0  0  0  0  0  0  0  55  8  9349  0  0  0  0  0  10  0  0  0  0  0  0  0  0  0  0  0  0  0  0  0  0  0  0  0  0  0  0  0  0  0  0  0  0  0  0  0  0  0  0  0  0  0  0  0  0  0  0  0  0  0  0  0  0  0  0  0  0  0  0  0  0  0  0  0  0  0  0  0  0  0  0  0  0  0  0  0  0  0  0  0  0  0  0  0  164  0  0  1473  0  0  0  0  0  0  0  
118  0  0  17  47  180  0  0  0  0  0  26511  0  16268  5  12  0  6  0  0  0  0  0  1  0  0  0  0  0  0  0  0  0  0  0  0  0  0  42  0  0  0  0  0  0  0  61  0  38205  0  0  1340  475  1  0  0  0  0  0  0  0  1  0  4  0  0  0  205  0  0  0  0  0  0  0  0  0  0  0  0  0  0  0  0  0  0  0  0  0  0  0  0  0  0  0  0  0  0  0  0  0  0  0  0  0  0  0  0  0  0  0  0  0  0  0  0  0  0  0  0  0  0  0  0  0  0  0  0  0  0  0  0  0  0  0  0  0  0  0  0  0  0  0  0  0  0  0  0  0  1013  0  0  717  0  0  0  0  0  0  0  
0  0  0  1905  0  0  1  2  586  645  1  1  0  0  0  2  6081  3  0  0  0  0  6  0  17  49062  11  0  0  241  0  0  11049  1285  0  46273  0  7  0  0  0  0  0  329  739  20  0  15901  30767  0  0  3  0  29  4  6434  29  382  30  0  636  0  0  0  10606  9489  13928  28  141  0  135  0  2914  14021  0  0  0  0  0  0  2  1  8  0  0  0  0  0  0  0  0  0  0  0  0  0  0  0  0  1  0  0  0  0  0  0  0  0  0  0  0  0  0  0  0  0  0  0  2  0  0  0  1  0  0  1  0  0  0  0  0  0  0  0  0  0  0  0  0  65  4  0  1  0  0  0  0  0  21  63  2623  2672  13111  1685  0  2  0  0  0  0  
0  55006  0  0  0  0  0  0  0  0  19537  0  0  0  0  0  0  0  725  16331  19  53430  0  0  0  0  0  0  0  0  0  0  0  1  0  1  0  0  0  0  8  0  0  8720  0  0  0  1  0  0  20723  0  0  0  0  0  35455  7880  85  0  53  0  0  0  1  0  0  0  0  0  0  1  21  0  0  0  0  0  0  0  0  0  0  0  173  0  0  0  0  0  0  0  0  0  0  25  0  0  0  0  0  0  0  0  0  0  0  0  0  0  0  0  0  0  0  25  0  0  0  0  0  0  0  0  0  0  0  0  0  0  0  0  0  0  0  0  0  0  0  0  0  0  0  0  0  0  0  0  0  0  0  0  1  0  0  0  0  0  0  0  
0  0  0  0  0  0  0  0  0  0  0  0  0  0  0  0  2  1  0  0  977  0  29429  2  0  0  0  0  0  0  0  0  0  23150  33308  0  26834  19078  0  0  0  0  0  0  0  0  0  6136  0  33139  0  0  0  0  0  0  0  0  0  594  210  0  0  0  0  0  0  0  0  0  0  2853  1818  0  0  0  0  0  0  0  0  0  0  0  0  0  0  0  0  0  0  0  0  0  0  0  0  0  0  0  0  0  0  0  0  0  0  0  0  0  0  0  0  0  0  0  0  0  0  0  0  0  0  0  0  0  0  0  0  0  0  0  0  0  0  0  0  0  0  0  0  0  0  0  0  0  0  0  83  0  103  0  2  0  0  0  0  0  0  0  
0  217  0  1  0  0  0  0  1944  18556  62868  0  0  0  1  0  4  0  40  6207  1  147414  10916  0  0  87  0  0  0  7240  0  0  0  5  0  25  0  8  0  0  2122  15025  0  0  15  1  0  12  7  0  3097  0  0  1  0  20  7403  8113  6238  1  11069  0  0  0  63874  1715  17  1  5  0  42  12  2512  0  0  0  0  0  0  0  0  0  0  1  686  0  0  0  0  0  0  0  0  0  0  4815  0  0  0  0  0  0  0  23  0  0  0  0  0  0  0  0  0  0  0  27  0  40  0  0  0  0  0  0  2  0  0  0  0  0  0  0  0  0  0  0  0  0  16  2  0  0  0  0  0  0  0  0  2  0  8251  61  280  23  0  0  4  0  0  0  
0  0  61752  16449  0  0  0  4538  226  7  0  2  0  0  576  5436  6  0  0  1  0  0  0  0  0  393  2  117340  140331  27  0  0  0  0  0  0  0  0  0  1  112  0  0  2  0  26057  0  22  1753  0  0  16  0  316  0  741  1  13  0  0  0  0  0  0  319  1077  73938  18883  35907  0  181  0  15  0  0  0  2  0  0  0  4  1  7  0  0  0  0  0  0  0  0  0  0  0  0  0  0  0  0  0  0  0  0  0  0  0  0  0  0  0  0  0  0  0  0  0  0  0  1  0  0  0  0  0  0  0  0  1  0  1  0  0  0  0  0  0  0  0  0  65  4  0  0  0  0  0  0  0  1  96  0  746  3069  175  0  3  0  0  0  0  
0  0  36589  1  0  0  0  24991  20025  1  0  0  0  0  0  2740  2  0  0  0  0  0  0  0  0  12  4008  14  7  45373  0  0  0  0  0  0  0  0  0  0  10  0  0  1  29549  0  0  0  6  0  0  0  0  18  0  604  0  0  0  0  0  0  0  0  39  1834  29543  30  106  0  16786  0  1  0  0  0  3951  0  0  0  0  108  96  0  0  0  0  0  0  2  0  0  0  0  0  0  0  0  0  0  0  0  0  2056  0  0  0  0  0  0  0  0  0  0  0  0  0  0  0  5173  0  0  0  0  0  0  0  0  0  0  0  0  0  0  0  0  0  0  0  3  0  0  0  0  358  0  0  0  0  3  0  45  79  14  0  0  0  0  0  0  
4399  0  0  0  1239  234  0  0  0  0  0  418  7196  3317  1  3  18  24700  0  0  0  0  1  33011  0  0  0  0  0  0  1  7  0  0  1  0  0  0  9184  199  0  0  0  0  0  0  0  2267  10501  0  0  158  224  0  0  0  0  0  0  0  0  2  1170  4177  0  0  0  0  0  9  0  0  0  0  0  0  0  0  0  0  0  0  0  0  0  0  0  0  0  0  0  0  0  0  0  0  0  0  0  0  0  0  0  0  0  0  0  0  0  0  0  0  0  0  0  0  0  0  0  0  0  0  0  0  0  0  0  0  0  0  0  0  0  0  0  0  0  0  0  0  0  0  0  0  0  0  0  0  0  216  0  0  56727  91  0  0  0  0  0  0  
0  0  1  30  0  0  0  0  114  100  0  73  0  0  0  0  39718  5202  0  0  0  0  3073  2253  0  185  2  0  0  28  0  16  33247  34779  48893  40  74  2637  0  0  16635  0  6657  23  95  4  2423  0  159  253  0  0  0  2  0  294  2  26  5  61  119  0  100  0  1582  1545  71  5  7  1  27  598  93719  10330  0  0  0  0  0  0  0  0  0  0  0  0  0  0  0  0  0  0  0  0  0  0  0  0  0  0  0  0  0  0  0  0  0  0  0  0  0  0  0  0  0  0  0  0  0  0  0  0  0  0  0  0  0  0  0  1  0  0  0  0  0  0  0  0  0  10  1  0  0  0  0  0  1  0  12078  0  13901  1806  95909  1849  0  0  0  0  0  0  
1043  0  1  45820  544  2761  1  2  83  56  0  51936  2  12134  29  143  16219  28287  0  0  0  0  0  21  0  4153  0  1  2  15  0  0  101  1  0  5  0  0  11667  30778  41205  0  0  10  3279  26  8490  67  0  0  0  5076  2996  82  0  84  2  56  0  0  1  0  2  40  1200  686  95  3589  266  2  7  0  73  7  0  0  0  0  0  0  3  4  0  0  0  0  0  0  0  0  0  0  0  0  0  0  0  0  0  0  0  0  0  0  0  0  0  0  0  0  0  0  0  0  0  0  0  0  1  0  0  0  0  0  0  0  0  2  0  0  0  0  0  0  0  0  0  0  0  67  0  1  3  0  0  0  1  0  1  16118  1  816  98437  217  0  2  0  0  0  0  
0  0  0  0  0  0  0  0  0  0  0  0  0  0  0  0  1  0  0  0  31784  0  19274  0  0  0  0  0  0  0  0  0  0  0  413  0  59415  6674  0  0  0  0  46610  0  0  0  0  757  0  0  0  0  0  0  0  0  0  0  0  21897  7328  0  0  0  0  0  0  0  0  0  0  4865  1624  0  0  0  0  0  0  0  0  0  0  0  0  0  0  0  0  0  0  0  0  0  0  0  0  0  0  0  0  0  0  0  0  0  0  0  0  0  0  0  0  0  0  0  0  0  0  0  0  0  0  0  0  0  0  0  0  0  0  0  0  0  0  0  0  0  0  0  0  0  0  0  0  0  0  0  17  0  4960  0  0  0  0  0  0  0  0  0  
0  39396  0  0  0  0  0  0  0  0  27  0  0  0  0  0  0  0  0  30  6464  49718  0  0  0  0  0  0  0  0  0  0  0  0  0  0  0  0  0  0  3  31805  0  1910  0  0  0  0  0  0  0  0  0  0  0  0  2116  117  3455  10  37444  0  0  0  0  0  0  0  0  0  0  0  4  0  0  0  0  0  0  0  0  0  0  0  0  0  0  0  0  0  0  0  0  0  0  0  0  0  0  0  0  0  0  0  0  0  0  0  0  0  0  0  0  0  0  0  0  0  0  0  0  0  0  0  0  0  0  0  0  0  0  0  0  0  0  0  0  0  0  0  0  0  0  0  0  0  0  0  0  0  0  0  0  0  0  0  0  0  0  0  
18748  0  0  4  53  188  64  9  0  0  0  58756  0  46863  145038  27  0  0  0  0  0  0  0  13  0  0  0  0  6577  0  0  0  0  0  0  0  0  0  12  2420  2  0  0  0  13  0  71  0  404  0  0  0  60430  21178  0  0  0  0  0  0  0  1028  0  7  2  481  1  44705  12  1  0  0  0  0  0  0  0  0  0  0  16  1  0  0  0  0  0  0  0  0  0  0  0  0  0  0  0  0  0  0  0  0  0  0  0  0  0  0  0  0  0  0  0  0  0  0  0  0  1  0  0  0  0  0  0  0  0  0  0  0  0  0  0  0  0  0  0  0  0  41  0  2  0  0  0  0  0  0  0  53326  0  18  3982  3  0  5  0  0  0  0  
22723  0  0  0  19409  11177  8  0  0  0  0  906  0  1659  95876  8841  0  1  0  0  0  0  0  14  0  0  0  0  0  0  0  0  0  0  0  0  0  0  65  2627  0  0  0  0  0  0  214  0  4296  0  0  39422  0  24717  0  0  0  0  0  0  0  6  0  4  0  224  0  0  0  739  0  0  0  0  0  0  0  0  0  0  0  0  0  0  0  0  0  0  0  0  0  0  0  0  0  0  0  0  0  0  0  0  0  0  0  0  0  0  0  0  0  0  0  0  0  0  0  0  0  0  0  0  0  0  0  0  0  0  0  0  0  0  0  0  0  0  0  0  0  0  0  0  0  0  0  0  0  0  0  29531  0  0  5943  2  0  0  0  0  0  0  
0  0  4  7  0  23884  12887  1699  2  0  0  3  0  0  83449  133024  0  0  0  0  0  0  0  0  0  54  0  2  9  1  0  0  0  0  0  0  0  0  0  1  24  0  0  0  585  44  0  0  193  0  0  22335  28558  0  0  5  0  3  0  0  0  0  0  0  12  10531  69  7569  24697  0  1  0  0  0  0  0  0  0  0  0  47  21  4  0  0  0  0  0  0  1  0  0  0  0  0  0  0  0  0  0  0  0  0  0  0  0  0  0  0  0  0  0  0  0  0  0  0  0  0  0  0  0  0  0  0  0  0  2  0  0  0  0  0  0  0  0  0  0  0  524  0  1  3  0  0  0  0  0  0  18396  0  11  380  2  0  7  0  0  1  0  
0  0  0  0  0  0  0  0  0  0  0  0  0  0  0  0  0  0  84  0  0  0  0  0  42598  28969  0  0  0  0  0  0  0  1  0  2305  0  3  0  0  4  0  0  0  0  0  0  0  0  0  0  0  0  0  0  189  0  0  1  0  0  0  0  0  0  0  540  0  0  0  0  0  8172  0  0  0  0  0  0  0  0  0  0  0  0  0  0  0  0  0  0  0  0  0  0  0  0  0  0  0  0  0  0  0  0  0  0  0  0  0  0  0  0  0  0  0  0  0  0  0  0  0  0  0  0  0  0  0  0  0  0  0  0  0  0  0  0  0  0  0  0  0  0  0  0  0  0  0  0  0  0  0  0  0  0  0  0  0  0  0  
0  0  3  1  0  0  0  4  403  117  0  0  0  0  0  0  16  2  89  12266  0  0  0  0  90126  2346  124812  37  1  38082  0  0  0  14  0  4304  0  0  0  0  8005  0  0  13  959  1143  0  36  18  0  0  0  0  4  205  0  0  20641  0  0  1  0  0  0  18385  1970  73310  8  4  0  45686  0  23480  0  0  0  0  0  0  0  0  0  2  0  0  0  0  0  0  0  0  0  0  0  0  0  0  0  0  0  0  0  0  9  0  0  0  0  0  0  0  0  0  0  0  0  0  0  0  1  0  0  0  0  0  0  0  0  0  0  0  0  0  0  0  0  0  0  0  19  2  0  0  0  0  0  0  0  6  3  1  513  602  504  0  1  0  0  1  0  
0  21180  0  0  0  0  0  0  0  1  73  0  0  0  0  0  0  0  109479  80  55  5164  1  0  0  58  0  0  0  0  0  0  0  1  0  17  0  13  0  0  430  38704  0  9634  2  0  0  5  7  0  1356  0  0  1  0  1  0  30211  36993  0  399  0  0  0  278  7  0  0  2  0  0  3  20420  0  0  0  0  0  0  0  0  0  0  0  0  0  0  0  0  0  0  0  0  0  0  0  0  0  0  0  0  0  0  0  0  0  0  0  0  0  0  0  0  0  0  0  0  0  0  0  0  0  0  0  0  0  0  0  0  0  0  0  0  0  0  0  0  0  0  2  0  0  0  0  0  0  0  0  2  0  13  9  75  2  0  0  0  0  0  0  
0  0  0  2  0  0  0  0  6  4  1211  0  0  0  0  0  1  0  45745  30461  0  5818  0  0  6188  62  112  0  0  6  0  0  0  1  0  9  0  9  0  0  530  12556  0  7162  14  1  0  7  11  0  1308  0  0  2  0  21674  15461  0  1455  0  197  0  0  0  32489  42  2  0  8  0  13  0  27371  0  0  0  0  0  0  0  0  0  0  0  0  0  0  0  0  0  0  0  0  0  0  0  0  0  0  0  0  0  0  1  0  0  0  0  0  0  0  0  0  0  0  0  0  0  0  0  0  0  0  0  0  0  0  0  0  0  0  0  0  0  0  0  0  0  0  1  0  0  0  0  0  0  0  0  0  4  7  20  141  10  0  0  0  0  0  0  
0  24727  0  0  0  0  0  0  2  1  1  0  0  0  0  0  0  0  34467  0  487  104  0  0  3  45  0  0  0  1  0  0  0  1  0  18  15226  14446  0  0  407  27  0  1811  1  0  0  8  4  0  586  0  0  0  1  0  28509  2729  0  10257  15049  0  0  0  310  7  1  2  3  0  0  14787  24366  0  0  0  0  0  0  0  1  0  0  0  0  0  0  0  0  0  0  0  0  0  0  0  0  0  0  0  0  0  0  0  0  0  0  0  0  0  0  0  0  0  0  0  0  0  0  0  0  0  0  0  0  0  0  0  0  0  0  0  0  0  0  0  0  0  0  1  0  0  0  0  0  0  0  0  0  1  20  11  78  0  0  0  0  0  0  0  
0  10006  0  0  0  0  0  0  0  0  0  0  0  0  0  0  1  0  0  0  68295  3  116  0  0  1  0  0  0  0  0  0  0  0  23  1  81350  5788  0  0  13  0  300  24  0  0  0  304  0  6134  62  0  0  0  0  0  3  0  10841  0  44314  0  0  0  2  0  0  0  0  0  0  24484  574  0  0  0  0  0  0  0  0  0  0  0  0  0  0  0  0  0  0  0  0  0  0  0  0  0  0  0  0  0  0  0  0  0  0  0  0  0  0  0  0  0  0  0  0  0  0  0  0  0  0  0  0  0  0  0  0  0  0  0  0  0  0  0  0  0  0  0  0  0  0  0  0  0  0  0  13  0  510  6  3  0  0  0  0  0  0  0  
0  8388  0  1  0  0  0  0  2  6  1  0  0  0  0  0  3  0  0  1  114342  69845  44806  0  0  47  0  0  0  0  0  0  0  2  6  20  872  1796  0  0  1232  87  218  3443  4  0  0  183  3  4347  24352  0  0  0  0  2  398  146  21713  36346  0  0  0  0  708  18  1  0  4  0  0  3694  16238  0  0  0  0  0  0  0  0  0  0  0  0  0  0  0  0  0  0  0  0  0  0  0  3  0  0  0  0  0  0  0  0  0  0  0  0  0  0  0  0  0  0  0  0  0  0  0  0  0  0  0  0  0  0  0  0  0  0  0  0  0  0  0  0  0  0  1  0  0  0  0  0  0  0  0  37  0  27003  107  137  4  0  0  1  0  0  0  
3633  0  0  0  0  0  0  0  0  0  0  0  1644  25112  8885  0  0  0  0  0  0  0  0  25109  0  0  0  0  0  0  0  0  0  0  0  0  0  0  46  0  0  0  0  0  0  0  0  0  0  0  0  1968  0  0  0  0  0  0  0  0  0  0  0  238  0  0  0  0  0  0  0  0  0  0  0  0  0  0  0  0  0  0  0  0  0  0  0  0  0  0  0  0  0  0  0  0  0  0  0  0  0  0  0  0  0  0  0  0  0  0  0  0  0  0  0  0  0  0  0  0  0  0  0  0  0  0  0  0  0  0  0  0  0  0  0  0  0  0  0  0  0  0  0  0  0  0  0  0  0  0  0  0  1  0  0  0  0  0  0  0  
587  0  0  0  25  2773  0  0  0  0  0  4  0  9  0  0  4864  17931  0  0  0  0  10697  73690  0  0  0  0  0  0  54454  19335  0  0  426  0  0  0  0  1  0  0  0  0  0  0  896  240  3  0  0  2  0  0  0  0  0  0  0  0  0  0  0  20059  0  0  0  0  0  17189  0  0  0  0  0  0  0  0  0  0  0  0  0  0  0  0  0  0  0  0  0  0  0  0  0  0  0  1  0  0  0  0  0  0  74  11  0  0  0  0  0  0  0  0  0  0  0  0  0  0  0  0  0  0  0  0  0  0  0  0  0  0  0  0  0  0  2  0  0  0  0  0  0  9  0  0  0  0  3135  126  28  652  66590  3553  0  0  0  4  0  0  
11198  0  0  0  187  334  0  0  0  0  0  2  416  16905  29  0  0  0  0  0  0  0  0  120078  0  0  0  0  0  0  64  23  0  0  0  0  0  0  19709  29  0  0  0  0  0  0  4274  0  28  0  0  27  6  0  0  0  0  0  0  0  0  566  23701  0  0  0  0  0  0  437  0  0  0  0  0  0  0  0  0  0  0  0  0  0  0  0  0  0  0  0  0  0  0  0  0  0  0  0  0  0  0  0  0  0  2  0  0  0  0  0  0  0  0  0  0  0  0  0  0  0  0  0  0  0  0  0  0  0  0  0  0  0  0  0  0  0  0  0  0  0  0  0  0  0  0  0  0  0  0  2365  0  0  17325  7  0  0  0  0  0  0  
0  1  0  21  0  0  0  3  1239  782  60910  0  0  0  0  0  47  4  4  31610  0  1586  0  0  30  492  19302  0  0  88993  0  0  1  13  0  164  0  11  0  0  8707  1  0  81494  258  24  0  90  242  0  0  0  0  23  0  27508  202  25024  103  0  150  0  0  0  0  2853  273  6  64  0  7951  1  12869  0  0  0  0  0  0  0  0  2  2  2  602  0  0  0  0  0  0  0  0  7  0  16  0  0  0  0  0  0  0  1219  0  0  0  0  0  0  0  0  0  0  0  0  0  2  0  0  0  0  0  0  0  0  0  0  0  0  0  0  0  0  0  0  0  0  115  30  1  0  1  0  3  0  0  0  13  14  50  935  2208  937  0  1  0  0  0  0  
6  0  9  11  10  47664  45470  22558  45548  64146  4  0  0  0  75  496  60  3  0  1  0  153  1  0  0  154  4  0  1  1587  1  8408  0  4  0  67  0  0  0  2  4278  0  0  962  2811  756  0  122  202  0  0  543  236  16719  0  1612  0  74  0  0  3  0  0  0  1947  0  2113  1097  534  6  2667  0  295  0  7  0  0  0  5  820  3195  3389  6344  2730  1  1  0  14  0  7  0  0  0  0  0  111  1  0  8  5  0  0  0  173  0  46  0  1  0  0  0  0  2  1  76  0  0  33  21  9  1  30  20  0  0  306  160  18  0  8  0  0  0  0  1  1  0  0  8  35490  67  20  36  52  13  0  19  0  17  57735  1299  4842  3828  1344  1  9666  1344  9  226  2  
0  0  12202  13945  0  0  0  13  1898  6  0  0  0  0  0  0  4  0  0  0  0  0  0  0  6585  98534  72154  88547  3  4588  0  0  0  2  0  16439  0  0  0  0  10698  0  0  4  55598  33257  0  14  8  0  0  2  0  8  422  73007  0  2  0  0  0  0  0  0  158  1069  0  90  8  0  818  0  776  0  0  0  0  0  0  0  0  0  4  0  0  0  0  0  0  0  0  0  0  0  0  0  0  0  0  0  0  0  0  0  0  0  0  0  0  0  0  0  0  0  0  0  0  1  1  0  0  0  0  0  0  0  0  0  0  0  0  0  0  0  0  0  0  0  0  12  2  1  0  0  0  0  0  0  1  16  1  413  280  164  0  0  0  0  3  0  
0  0  0  18108  0  0  40  46  4  0  0  20260  0  0  30817  47  0  0  0  0  0  0  0  0  0  43  0  1  53849  0  0  0  0  0  0  0  0  0  0  72  10  0  0  0  21785  20  0  0  1474  0  0  49417  0  4660  0  7  0  0  0  0  0  0  0  0  19  497  49  0  2170  0  1  0  3  0  0  0  0  0  0  0  26  3  1  0  0  0  0  0  0  0  0  0  0  0  0  0  0  0  0  0  0  0  0  0  0  0  0  0  0  0  0  0  0  0  0  0  0  0  0  0  0  0  0  0  0  1  0  0  0  0  0  0  0  0  0  0  0  0  0  59  0  0  1  0  0  0  0  0  0  10745  0  224  3672  48  0  1  0  0  1  0  
0  0  597  13  0  1  44  9049  4  0  0  1  0  0  9703  22993  1  0  0  0  0  0  0  0  0  46  0  2  66447  0  0  0  0  0  0  0  0  0  0  0  63  0  0  0  40718  177  0  0  570  0  0  17  0  24799  0  11  0  4  0  0  0  0  0  0  34  339  45  1809  0  0  3  0  4  0  0  0  0  0  0  0  3  1  3  0  0  0  0  0  0  0  0  0  0  0  0  0  0  0  0  0  0  0  0  0  0  0  0  0  0  0  0  0  0  0  0  0  0  0  0  0  0  0  0  0  0  0  0  0  0  0  0  0  0  0  0  0  0  0  0  15  0  0  0  0  0  0  0  0  0  135  0  9  929  8  0  0  0  0  0  0  
13198  0  0  0  26056  52380  0  0  0  0  0  0  0  0  0  14472  0  0  0  0  0  0  0  10091  0  0  0  0  0  0  51503  15254  0  0  0  0  0  0  2  0  0  0  0  0  0  0  10  0  1  0  0  0  291  0  0  0  0  0  0  0  0  0  15895  149  0  4  0  0  0  0  0  0  0  0  2  0  0  0  2  1391  0  0  0  0  0  0  0  0  0  791  0  0  0  0  0  0  0  2  0  0  0  0  0  0  1872  63  0  0  0  0  0  0  0  0  0  0  0  0  0  0  0  0  0  0  0  0  0  0  0  0  0  0  0  0  0  0  2  0  0  8  0  0  0  4667  0  0  0  0  2  17694  4  205  3748  1013  0  1  0  2  0  0  
0  0  15  1  0  0  0  1  44096  29  3  0  0  0  0  0  9  4  0  190  0  0  0  0  0  27  9654  0  1  89464  0  0  0  0  0  4  0  0  0  0  1995  0  0  28  348  26853  0  37  9  0  0  0  0  0  0  41971  0  4  0  0  1  0  0  0  11994  2749  1466  0  3  0  0  0  71  0  0  0  13  0  0  0  0  0  147  1  4  0  0  0  0  0  0  0  0  0  0  1  0  0  0  0  3  0  0  2075  0  0  0  0  0  0  0  0  0  0  0  0  0  0  0  777  0  0  0  0  0  0  0  0  0  0  0  0  0  0  0  0  0  0  2  3  0  0  0  0  1411  0  0  0  10  0  1  405  567  619  0  0  0  0  0  0  
0  150  0  0  0  0  0  0  0  0  0  0  0  0  0  0  5  1  0  0  106  0  361  0  0  0  0  0  0  0  0  0  0  0  262  0  61485  76311  0  0  0  0  7767  5  0  0  0  851  0  11426  0  0  0  0  0  0  1  0  24747  25233  16628  0  0  0  5  0  0  0  0  0  0  0  9274  0  0  0  0  0  0  0  0  0  0  0  0  0  0  0  0  0  0  0  0  0  0  0  0  0  0  0  0  0  0  0  0  0  0  0  0  0  0  0  0  0  0  0  0  0  0  0  0  0  0  0  0  0  0  0  0  0  0  0  0  0  0  0  0  0  0  0  0  0  0  0  0  0  0  0  54  0  308  38  5  0  0  0  0  0  0  0  
0  2  0  8  0  0  1  1  262  121  0  0  0  0  0  0  84  11  41342  1  7  11  722  0  114777  4694  0  0  0  117  0  1  3  86931  26733  13270  2432  184114  0  0  3568  9  6369  1542  37  4  0  87523  30  1612  1  0  0  2  4195  20516  20119  24614  17839  885  31627  0  0  0  15706  1460  371  2  12  0  76  7686  0  4282  0  0  0  0  0  0  0  0  0  0  0  0  0  0  0  0  0  0  0  0  0  0  0  0  0  0  0  0  0  0  0  0  0  0  0  0  0  0  0  0  0  0  0  0  0  0  0  0  0  0  0  0  0  0  0  0  0  0  0  0  0  0  0  0  0  7  0  0  0  0  0  0  0  0  1488  3  8812  4428  2215  76  0  2  0  2  0  0  
0  0  0  10  0  0  0  0  0  0  0  0  0  0  0  0  5  0  0  0  0  0  0  0  0  35  0  0  0  0  0  0  26721  19096  0  14547  0  0  0  0  12065  0  0  0  0  0  0  22252  4  0  0  0  0  0  0  0  1  0  1  0  0  0  0  0  3  4  0  0  0  0  0  0  2575  0  0  0  0  0  0  0  0  0  0  0  0  0  0  0  0  0  0  0  0  0  0  0  0  0  0  0  0  0  0  0  0  0  0  0  0  0  0  0  0  0  0  0  0  0  0  0  0  0  0  0  0  0  0  0  0  0  0  0  0  0  0  0  0  0  0  0  0  0  0  0  0  0  0  0  0  0  32  32  255  12  0  0  0  0  0  0  
0  0  0  0  0  0  0  0  0  0  0  0  0  0  0  0  0  0  0  0  0  0  0  0  0  0  0  0  0  0  76  0  0  0  0  0  0  0  0  0  0  0  0  0  0  0  0  0  0  0  0  0  0  0  0  0  0  0  0  0  0  0  0  0  0  15  0  0  0  8  0  0  0  0  0  0  0  0  36780  13676  0  0  0  0  0  2  89  1200  5722  11901  0  0  0  0  0  0  0  45619  0  0  0  0  0  0  9882  0  0  0  0  0  0  0  2664  2  0  0  0  0  0  0  7  0  7  0  0  4130  24387  0  0  0  0  0  0  0  0  12326  99  2417  0  1658  0  0  0  21187  0  0  0  0  0  24  0  0  0  0  0  3592  0  0  2567  0  
0  0  0  0  0  0  0  0  0  0  0  0  0  0  0  0  0  0  0  0  0  0  0  0  0  0  0  0  0  0  0  0  0  0  0  0  0  0  0  0  0  0  0  0  0  0  0  0  0  0  0  0  0  0  0  0  0  0  0  0  0  0  0  0  0  0  0  0  0  0  0  0  0  0  0  0  0  0  0  0  0  0  0  0  0  0  0  0  0  0  0  0  35558  8  72227  64  0  0  3  2  0  0  0  0  0  0  5  3  0  1  22883  491  0  0  76  27824  0  31  0  0  0  47  0  1  18775  0  0  0  0  2  6555  69  21550  26385  14715  0  0  0  8  1  1  0  0  0  0  129  612  1  0  0  0  0  0  0  0  0  8  3  1  0  
0  0  5583  0  0  0  0  0  0  0  0  0  0  0  0  679  0  0  0  0  0  0  0  0  0  0  11  0  0  4140  0  0  0  0  0  0  0  0  0  0  0  0  0  0  1  1974  0  0  0  0  0  0  0  0  0  0  0  0  0  0  0  0  0  0  0  0  0  0  0  0  22  0  0  0  0  0  0  0  0  0  0  1068  0  0  0  0  0  0  0  24971  0  0  0  0  0  0  0  0  0  0  9913  20183  29948  13049  0  0  0  0  0  0  0  0  0  0  0  0  0  0  52090  22917  0  0  0  0  0  0  0  0  0  0  0  0  0  0  0  0  0  0  0  0  9053  0  0  0  1  0  0  0  0  0  0  0  0  0  0  0  0  0  4  0  
0  0  0  0  0  0  0  0  0  0  0  0  0  0  0  0  0  0  0  0  0  0  0  0  0  0  0  0  0  0  0  0  0  0  0  0  0  0  0  0  0  0  0  0  0  0  0  0  0  0  0  0  0  0  0  0  0  0  0  0  0  0  0  0  0  0  0  0  0  0  0  0  0  0  0  0  0  0  0  0  0  0  2  15  0  39949  0  0  0  0  3098  946  0  0  0  0  0  0  0  56396  0  19633  24299  0  0  0  520  287  123  79  0  0  0  22  23117  0  0  2  27134  0  0  397  42066  0  0  0  0  0  0  2  0  0  0  0  0  0  0  0  3  38  263  11088  0  0  0  0  3  124  0  0  0  0  0  0  0  1  0  1  102  0  
0  0  0  0  1  2  0  0  0  0  0  0  0  0  0  41  0  0  0  0  0  0  0  0  0  0  0  0  0  0  1  0  0  0  0  0  0  0  0  0  0  0  0  0  0  0  0  0  0  0  0  0  0  0  0  0  0  0  0  0  0  0  0  0  0  9  0  0  0  3  0  0  0  0  30811  0  0  0  0  17903  1  0  0  0  0  3  0  167  17949  78556  0  0  0  0  0  0  0  35  0  0  0  0  0  0  264  0  0  0  0  0  0  0  3  12  0  0  0  0  0  0  0  0  14  0  0  325  44133  1  0  0  0  0  0  0  0  1  0  47  0  797  0  0  0  6480  0  0  0  0  0  21  0  0  0  0  0  181  0  0  138  0  
0  0  0  0  1  8085  291  0  0  0  0  0  0  0  0  5583  0  0  0  0  0  0  0  0  0  0  0  0  0  0  580  165  0  0  0  0  0  0  0  0  0  0  0  0  0  0  0  0  0  0  0  0  0  1  0  0  0  0  0  0  0  0  0  0  0  1901  0  0  0  1861  0  0  0  0  11427  0  0  0  37025  0  25870  0  0  0  0  35  0  973  4475  97795  0  1  0  0  0  0  0  1046  0  0  0  0  0  0  600  7211  0  0  0  0  0  0  135  109  1  0  0  0  8  0  13  0  180  0  0  4519  18828  2805  0  0  0  0  0  0  0  104  6850  1973  0  60443  0  46  0  27023  0  0  0  0  0  1173  0  0  0  0  0  46090  0  1  11345  16  
0  0  0  0  0  2189  13146  703  0  1  0  0  0  0  0  1334  0  0  0  0  0  0  0  0  0  0  0  0  0  0  0  0  0  0  0  0  0  0  0  0  0  0  0  0  0  0  0  0  0  0  0  11  0  32  0  0  0  0  0  0  0  0  0  0  0  1353  0  13  0  0  0  0  0  0  1  0  0  0  0  27104  0  36948  1  3  0  0  0  0  5  95088  0  0  0  0  0  0  0  0  0  8  0  0  1  0  0  0  0  0  0  0  0  0  0  0  13  0  0  2  885  0  0  0  9  0  0  552  42  36611  0  17  0  0  0  0  0  0  0  0  8  29307  47  998  323  0  0  0  1  0  0  33  0  2  3  0  0  607  0  23  706  24  
0  0  60  0  0  0  1385  22877  1266  1  0  0  0  0  1  2534  0  0  0  0  0  0  0  0  0  0  0  0  0  0  0  0  0  0  0  0  0  0  0  0  1  0  0  0  0  137  0  0  1  0  0  1  0  9  0  0  0  0  0  0  0  0  0  0  0  4425  0  7  0  0  0  0  0  0  0  0  6262  0  0  0  34040  0  5884  0  0  0  0  0  0  56554  0  0  0  0  0  0  0  0  0  2  1  2  892  0  0  0  0  0  0  1  0  0  0  0  20  0  0  0  23859  39238  0  18  3  0  0  0  0  2037  0  65  0  0  0  0  0  0  0  0  1  24892  1219  9  9587  0  0  0  1  0  0  19  0  1  2  0  0  274  0  267  942  6  
0  0  6  0  0  0  0  4197  7487  157  0  0  0  0  0  1  0  0  0  0  0  0  0  0  0  1  0  0  0  72  0  0  0  0  0  0  0  0  0  0  4  0  0  1  6  58  0  0  1  0  0  0  0  0  0  1  0  0  0  0  0  0  0  0  4  7428  3  1  0  0  307  0  0  0  0  0  0  0  0  0  0  5731  0  4245  0  0  0  0  0  4  0  0  0  15  0  0  0  0  3  6  17  0  0  8839  0  0  0  0  0  0  0  0  0  0  230  0  0  2683  40  29119  0  3  7  0  0  0  0  1  1  598  1  24  4  0  1  0  0  0  4240  38079  545  1  4  0  46217  0  85  0  0  21  0  143  2  0  1  11  0  8  65  4  
0  0  0  0  0  0  0  0  2  2383  0  0  0  0  0  0  0  0  0  0  0  18  0  0  0  0  0  0  0  10  0  0  0  0  0  0  0  0  0  0  4  0  0  0  0  0  0  0  0  0  0  0  0  0  0  0  0  0  0  0  0  0  0  0  0  1572  0  0  0  0  0  0  0  0  0  0  0  1  0  0  0  0  4625  0  197  4  0  0  0  0  1  0  1  4  0  1282  3469  0  21  24  0  0  0  11217  0  0  0  8  0  0  0  1  0  2  896  0  0  23528  54  1  0  58  96  0  1  0  0  1  0  56  0  10  4  0  24  0  0  0  9898  19036  50  7  1  0  1  0  386  0  0  0  3  25  3  0  3  6  6820  21  103  1  
0  0  0  0  0  0  0  0  0  10  26282  0  0  0  0  0  0  0  0  108  0  1367  0  0  0  0  1  0  0  166  0  0  0  0  0  0  0  0  0  0  0  376  0  421  0  0  0  0  0  0  0  0  0  0  0  0  0  0  0  0  0  0  0  0  1444  10  0  0  0  0  2  0  0  0  0  0  0  0  0  0  0  0  0  647  0  0  0  0  0  0  0  0  7  76483  0  18115  0  0  0  0  1  0  0  2512  0  0  0  0  0  0  0  0  0  0  0  23303  0  70357  0  0  0  0  0  0  1804  0  0  0  0  0  8  6499  1  0  6568  0  0  0  60521  0  0  0  0  0  0  0  1  0  0  0  0  0  0  0  0  0  1  0  0  0  
0  0  0  0  0  0  0  0  0  0  0  0  0  0  0  0  0  0  0  0  0  0  0  0  0  0  0  0  0  0  0  0  0  0  0  0  0  0  0  0  0  0  0  0  0  0  0  0  0  0  0  0  0  0  0  0  0  0  0  0  0  0  0  0  0  0  0  0  0  0  0  0  0  0  2  0  0  57492  8  30  0  0  0  1  0  0  9  11498  2577  7  24  635  0  0  0  0  0  7  0  15  0  16  795  0  0  0  33  697  105  0  0  0  337  34469  151  0  0  0  993  0  61  7  46225  0  0  31856  112  9  0  0  0  0  0  0  0  0  0  6  0  78  0  67751  0  0  0  0  1  1  0  2  0  0  0  0  0  86  0  0  1877  0  
0  0  0  0  0  0  0  0  0  0  0  0  0  0  0  0  0  0  0  0  0  0  0  0  0  0  0  0  0  0  0  0  0  0  0  0  0  0  0  0  0  0  0  0  0  0  0  0  0  0  0  0  0  0  0  0  0  0  0  0  0  0  0  0  0  0  0  0  0  0  0  0  0  0  131  0  0  0  0  0  0  0  0  0  0  21  0  23765  6  0  0  11  0  0  0  0  0  40810  0  0  0  0  0  0  0  0  0  3  1  0  0  0  20083  14  0  0  1  0  0  0  5924  0  2  0  0  22  7  0  0  0  0  0  0  0  0  10859  0  23829  0  0  0  0  0  0  0  0  0  0  0  0  0  0  0  0  0  4  0  0  3  0  
0  0  0  0  0  0  0  0  0  0  0  0  0  0  0  0  0  0  0  0  0  0  0  0  0  0  0  0  0  0  0  0  0  0  0  0  0  0  0  0  0  0  0  0  0  0  0  0  0  0  0  0  0  0  0  0  0  0  0  0  0  0  0  0  0  7  0  0  0  0  0  0  0  0  466  0  0  0  101  819  2  0  0  0  0  12073  15930  0  679  23  0  71  0  0  0  0  0  1813  0  0  0  0  8  0  0  0  0  0  0  0  0  0  31183  20490  0  0  0  0  0  0  1076  0  3238  0  0  57831  1709  10  0  0  0  0  0  0  0  21104  3  745  0  657  0  5  0  0  0  0  0  0  0  26  0  0  0  0  0  501  0  0  514  0  
0  0  0  0  0  0  0  0  0  2  0  0  0  0  0  0  0  0  0  0  0  0  0  0  0  0  0  0  0  0  0  0  0  0  0  0  0  0  0  0  0  0  0  0  0  0  0  0  0  0  0  0  0  1  0  0  0  0  0  0  0  0  0  0  0  1  0  0  0  0  0  0  0  0  5967  0  0  0  16053  1312  8  0  0  1  0  5435  13  3381  0  23979  0  0  0  1  0  0  0  6851  0  12  0  0  8995  0  0  0  0  0  0  0  0  0  0  2  23  0  0  2  1436  1  0  0  14  0  0  111185  178535  90384  0  12  0  0  0  0  0  23362  0  0  2  143  23  34368  12449  0  1  0  2  0  0  5  0  0  0  1  0  129  0  4  308  4  
0  0  1098  0  19  421  389  978  3  0  0  0  0  0  0  15616  0  0  0  0  0  0  0  0  0  0  0  0  0  0  2620  0  0  0  0  0  0  0  0  0  0  0  0  0  0  10  0  0  0  0  0  0  0  0  0  0  0  0  0  0  0  0  0  0  0  0  0  0  0  1658  0  0  0  0  19537  0  29577  0  85537  96364  81729  46800  0  0  0  1  0  13  25896  0  0  2  0  0  0  0  0  1162  0  1  0  0  15059  0  2022  1  0  0  0  0  0  0  0  1  2  0  0  0  8845  3853  2  1  50  0  0  727  9832  114636  0  2  0  0  0  0  0  0  51  179  0  345  187  145  19804  28614  0  0  0  0  0  36  0  1  0  0  0  2128  0  34  2573  27  
0  0  0  0  0  0  0  0  0  0  0  0  0  0  0  0  0  0  0  0  0  0  0  0  0  0  0  0  0  0  0  0  0  0  0  0  0  0  0  0  0  0  0  0  0  0  0  0  0  0  0  0  0  0  0  0  0  0  0  0  0  0  0  0  0  1  0  0  0  0  0  0  0  0  0  1  0  5003  0  0  0  0  0  0  0  42  2  0  0  0  0  59212  0  0  0  0  15259  83  0  63  0  0  0  0  0  0  51  23  26794  3  0  0  0  0  6229  0  17  0  1  0  131  56898  14666  0  0  0  0  1  0  0  0  0  0  0  0  0  0  0  0  25  0  0  0  0  0  0  43  6  0  0  0  1  0  0  4844  1  113  828  4725  1  
0  0  0  0  0  0  0  0  0  0  0  0  0  0  0  0  0  0  0  0  0  0  0  0  0  0  0  0  0  0  0  0  0  0  0  0  0  0  0  0  0  0  0  0  0  0  0  0  0  0  0  0  0  0  0  0  0  0  0  0  0  0  0  0  0  1  0  0  0  0  0  0  0  0  1  0  0  1004  4  11  1  0  0  0  0  1179  18  58  0  1  45364  0  0  0  0  0  27409  17027  0  11  0  0  0  0  0  0  3  72  9971  0  0  0  8  383  18  0  14  0  1  0  32989  1341  39686  0  0  52  43  10  0  1  0  0  0  0  0  0  20  0  0  36  1  1  1  0  0  0  1  0  0  1  0  0  0  0  6273  35  9  173  17097  0  
0  0  0  0  0  0  0  0  0  0  0  0  0  0  0  0  0  0  0  0  0  0  0  0  0  0  0  0  0  0  0  0  0  0  0  0  0  0  0  0  0  0  0  0  0  0  0  0  0  0  0  0  0  0  0  0  0  0  0  0  0  0  0  0  0  0  0  0  0  0  0  0  0  0  0  28679  0  0  0  0  0  0  0  0  9  0  0  0  0  0  0  0  0  15397  0  727  0  0  24683  0  0  0  0  0  0  0  0  0  0  0  915  1065  0  0  6  28662  0  122  0  0  0  0  0  0  2248  0  0  0  0  77  104515  71875  19803  0  763  0  0  0  20  0  0  0  0  0  0  99  60955  0  0  0  0  0  0  0  0  0  0  0  0  0  
0  0  0  0  0  0  0  0  0  3  2906  0  0  0  0  0  0  0  0  52  0  2  0  0  0  0  0  0  0  140  0  0  0  0  0  0  0  0  0  0  1  0  0  0  0  2  0  0  0  0  0  0  0  0  0  0  0  0  0  0  0  0  0  0  14  2  0  0  0  0  0  0  0  0  0  2  0  0  0  0  0  0  13  0  79928  0  0  0  0  0  0  0  11061  0  0  2134  0  0  708  11  11994  0  0  231  0  0  0  0  0  0  0  0  0  0  24  29026  0  1766  5  4  0  2  0  0  2146  0  0  3  0  13825  1987  66720  1  0  1433  0  0  0  28437  52  296  3  0  0  2665  0  95  0  0  0  0  7  1  0  0  4  1  3  55  0  
0  0  0  0  0  0  0  0  0  0  0  0  0  0  0  0  0  0  0  0  0  0  0  0  0  0  0  0  0  0  0  0  0  0  0  0  0  0  0  0  0  0  0  0  0  0  0  0  0  0  0  0  0  0  0  0  0  0  0  0  0  0  0  0  0  0  0  0  0  0  0  0  0  0  0  83900  0  0  0  0  0  0  0  0  0  0  0  0  0  0  0  0  7  0  0  10630  4679  0  1  0  0  0  0  0  0  1  0  1  100  0  17750  109  0  0  9  47  183  81  0  0  0  51  0  50193  28271  0  0  0  0  2  8  602  2773  70352  93736  0  0  0  16  0  0  0  0  0  0  11  2679  0  0  0  0  0  0  0  6  0  133  6  1  1  
0  0  0  0  0  0  0  0  14  152  12291  0  0  0  0  0  0  0  0  2  0  10197  0  0  0  0  0  0  0  39  0  0  0  0  0  0  0  0  0  0  2  48  0  2682  0  0  0  0  0  0  0  0  0  0  0  0  0  0  0  0  0  0  0  0  19  106  0  0  0  0  0  0  0  0  0  249  0  0  0  0  0  0  1  2707  18478  0  0  0  0  0  0  0  2424  7989  6468  0  19083  0  1  0  0  0  0  1966  0  0  9  1  0  1  0  0  0  0  174  72924  0  125153  0  0  0  70  0  0  46381  0  0  0  0  2  405  697  168  0  106704  0  0  0  349  11  0  0  0  0  0  0  427  4  0  0  0  0  0  1  1  0  7349  21  0  0  
0  0  0  0  0  0  0  0  0  1  0  0  0  0  0  0  0  0  0  0  0  0  1  0  0  0  0  0  0  0  0  0  0  0  0  0  0  0  0  0  0  0  0  0  0  0  0  0  0  0  0  0  0  0  0  0  0  0  0  0  0  0  0  0  0  1  0  0  0  0  0  0  0  0  0  2  0  0  0  0  0  0  0  2473  0  0  0  0  0  0  12274  36487  0  0  4017  18142  0  18065  1  0  0  0  0  0  6935  265  0  6  20471  0  1829  1  0  0  143  1  57353  13625  0  0  821  3880  11  27469  0  0  0  0  0  1  0  1  3  1  36071  0  5535  0  23  1  0  0  0  0  0  36  122  0  1  0  0  0  0  0  50003  1  73155  243  25520  7456  
0  0  0  0  0  0  0  0  0  0  0  0  0  0  0  0  0  0  0  0  0  0  0  483  0  0  0  0  0  0  1002  0  0  0  0  0  0  0  0  0  0  0  0  0  0  0  0  0  0  0  0  0  0  0  0  0  0  0  0  0  0  0  3  0  0  0  0  0  0  3  0  0  0  0  50541  0  0  0  433  1378  0  0  0  0  0  7  59841  6651  6888  1246  86  22366  0  0  0  0  19566  0  0  0  0  0  0  0  32794  45  0  13  37  0  0  0  2825  27  0  0  6  0  0  0  52911  0  18  0  0  570  9  1  0  0  0  0  0  0  0  36221  82580  126678  0  10  0  2  0  8380  0  0  0  0  0  0  0  0  0  0  757  4284  0  4  22172  0  
0  0  0  0  0  0  0  0  0  2  0  0  0  0  0  0  0  0  0  0  0  0  0  0  0  0  0  0  0  0  0  0  0  0  0  0  0  0  0  0  0  0  0  0  0  0  0  0  0  0  0  0  0  0  0  0  0  0  0  0  0  0  0  0  0  4  0  0  0  0  0  0  0  0  0  0  0  0  0  0  1  0  1  11  0  0  0  0  1  0  0  0  25509  3438  0  0  0  0  0  56556  516  1155  0  0  0  0  0  11484  0  4862  0  1  0  0  2714  0  0  2  33  1  0  33  22  0  0  0  0  14  28278  91256  1  5849  0  0  4  0  0  0  22  91  4414  17  5  0  1  0  121944  0  0  0  0  1  0  0  0  29  23  16  92  3  
0  0  0  0  0  0  0  0  0  18  0  0  0  0  0  0  0  0  0  0  0  0  0  0  0  0  0  0  0  0  0  0  0  0  0  1  0  0  0  0  6  0  0  0  0  0  0  0  0  0  0  0  0  0  0  0  0  0  0  0  0  0  0  0  0  11  1  0  0  0  0  0  0  0  0  0  0  41832  0  0  12  3  10  62  0  19  0  0  9  1  131  42  0  2  0  0  1  0  55747  0  0  9653  0  1  0  0  127  2680  0  63807  0  0  0  4  46800  0  0  14  7753  1  0  309  3940  0  0  4  1  67  16580  519  0  4  1  0  1  0  0  0  27  522  67406  150  44  0  3  0  5062  16  0  1  0  4  3  0  1  151  0  66  3331  36  
0  0  2  0  0  0  0  0  0  3  50  0  0  0  0  0  0  0  0  7  0  0  0  0  0  0  267  0  0  2780  0  0  0  0  0  0  0  0  0  0  0  0  0  0  0  0  0  0  0  0  0  0  0  0  0  0  0  0  0  0  0  0  0  0  1  2  0  0  0  0  72  0  0  0  0  0  10704  0  0  0  1  1  16  0  0  0  0  0  0  0  0  0  0  14762  0  0  0  0  434  5  0  1251  0  166988  0  0  0  0  0  0  0  0  0  0  9  0  0  1  7  36655  0  0  0  0  0  0  0  1  1  96645  0  12  0  0  0  0  0  0  21135  34  49805  4  1  0  14185  0  20  0  0  0  0  3  0  0  0  3  0  1  28  0  
0  0  0  0  0  0  0  0  0  0  0  0  0  0  0  0  0  0  0  0  0  0  0  0  0  0  0  0  0  1  0  0  0  0  0  0  0  0  0  0  0  0  0  0  0  0  0  0  0  0  0  0  0  0  0  0  0  0  0  0  0  0  0  0  0  0  0  0  0  0  0  0  0  0  0  0  18228  23422  0  0  0  11  0  0  0  8  0  0  0  2  0  0  0  0  0  0  0  0  1750  10517  433  0  15775  79  0  0  0  0  0  0  0  0  0  0  3  0  0  0  140165  897  0  0  13  0  0  0  0  1  4  5  0  0  0  0  0  0  0  0  0  0  98069  5  0  0  0  0  0  0  0  0  0  0  0  0  0  0  0  0  1  0  
0  0  1  0  0  0  0  0  0  0  0  0  0  0  0  0  0  0  0  0  0  0  0  0  0  0  0  0  0  0  0  0  0  0  0  0  0  0  0  0  0  0  0  0  1  0  0  0  0  0  0  0  0  0  0  0  0  0  0  0  0  0  0  0  0  1  0  0  0  0  0  0  0  0  0  0  23347  25983  0  0  0  387  0  0  0  968  0  0  10192  18961  0  0  0  0  0  0  0  0  0  1  0  10592  0  0  0  0  0  0  0  0  0  0  0  0  1  0  0  0  130330  2  0  1  29  0  0  103  0  87  0  4  0  0  0  0  0  0  0  0  2  5  34  61892  61361  0  0  0  1  0  0  1  0  0  0  0  0  27  0  7  79  5  
0  0  44  0  0  0  0  1  320  263  1292  0  0  0  0  0  0  0  1  187  0  16  0  0  3  0  11782  0  0  52085  0  0  0  0  0  0  0  0  0  0  3  0  0  7  0  801  0  0  0  0  0  0  0  0  0  6  0  0  0  0  0  0  0  0  827  174  0  0  0  0  3187  0  0  0  0  2  16380  0  0  0  1  1  5741  13831  677  0  0  0  0  0  0  0  0  1787  0  1420  0  0  1  2  191388  29  0  0  0  0  0  0  0  0  0  0  0  0  48  0  0  1021  3  26993  0  0  1  0  0  0  0  2  0  16235  0  4  2  0  0  0  0  0  66094  604  637  1  0  0  67948  0  20  0  0  0  0  0  0  0  0  1  0  5  12  0  
0  0  0  0  0  300  0  0  0  0  0  0  0  0  0  0  0  0  0  0  0  0  0  2031  0  0  0  0  0  0  12544  9  0  0  0  0  0  0  0  0  0  0  0  0  0  0  0  0  0  0  0  0  0  0  0  0  0  0  0  0  0  0  26  1  0  0  0  0  0  2081  0  0  0  0  7901  0  0  0  131  227  0  0  0  0  0  0  0  0  0  1894  0  9  0  0  0  0  9867  26122  0  0  0  0  0  0  0  18873  0  0  0  0  0  0  0  0  0  0  0  0  0  0  0  0  0  0  0  0  0  0  0  0  0  0  0  0  0  0  71551  40  0  0  0  0  0  50215  0  0  0  0  0  0  0  1  0  0  32  20  117  731  14426  14681  
0  0  0  0  0  65  0  0  0  0  0  0  0  0  0  0  0  1  0  0  0  0  0  0  0  0  0  0  0  0  3306  480  0  0  0  0  0  0  0  0  0  0  0  0  0  0  0  0  0  0  0  0  0  0  0  0  0  0  0  0  0  0  7  0  0  29  0  0  0  54  0  0  0  0  1  0  0  0  0  4344  0  0  0  0  0  0  0  0  0  0  0  0  0  0  0  0  253  72  0  0  0  0  0  0  15723  0  0  0  0  0  0  0  0  0  0  0  0  0  0  0  0  1  0  0  0  0  0  0  0  0  0  0  0  0  0  0  14671  12  0  3721  0  0  0  5570  0  0  0  0  1  26  2  46  4  16  340  10952  452  1850  14830  10436  
0  0  0  0  0  0  0  0  0  0  0  0  0  0  0  0  0  0  0  0  0  0  0  0  0  0  0  0  0  0  0  0  0  0  0  0  0  0  0  0  0  0  0  0  0  0  0  0  0  0  0  0  0  0  0  0  0  0  0  0  0  0  0  0  0  0  0  0  0  0  0  0  0  0  0  3  0  1111  0  0  0  0  1  0  0  8  0  0  0  0  31  3  0  0  0  0  0  0  28  249  0  0  0  0  0  0  0  4552  9560  1682  0  0  0  0  11801  0  0  17  1  0  0  44153  18  0  0  0  0  0  0  4  0  12  9  0  2  0  0  0  18  1  1  0  0  0  0  0  558  24279  0  0  1  0  0  0  24  1  554  621  8  0  
0  0  0  0  0  0  0  0  0  3  0  0  0  0  0  0  0  0  0  0  0  0  0  0  0  0  0  0  0  0  0  0  0  0  0  0  0  0  0  0  0  0  0  0  0  0  0  0  0  0  0  0  0  0  0  0  0  0  0  0  0  0  0  0  0  1  0  0  0  0  0  0  0  0  0  2  0  114  0  0  4  0  0  9  0  407  2  0  2  0  7  13  1  0  0  1  0  2  10452  2410  0  0  0  0  0  0  3745  0  62546  44548  0  2308  0  0  3957  0  18903  12  32  0  1  9223  23  22  1  0  0  14  0  15  0  14  4  4  14  0  0  0  28  48  9  11  5  0  1  3  99185  21475  0  0  0  1  1  0  68  14  476  104  70  3  
0  0  0  0  0  0  0  0  0  0  0  0  0  0  0  0  0  0  0  0  0  0  0  0  0  0  0  0  0  0  0  0  0  0  0  0  0  0  0  0  0  0  0  0  0  0  0  0  0  0  0  0  0  0  0  0  0  0  0  0  0  0  0  0  0  0  0  0  0  0  0  0  0  0  0  2  0  58  0  0  0  0  0  0  0  83  0  0  0  0  20633  7123  0  0  4  0  22347  5  0  0  0  0  0  0  0  0  7853  52816  0  6  0  2594  0  0  1  0  38736  1  0  0  0  49204  16  1342  0  0  0  0  0  0  0  0  0  295  238  0  0  0  0  0  0  0  0  0  0  1692  22148  3565  0  0  0  0  0  0  24840  0  3667  39  66  0  
0  0  0  0  0  0  0  0  0  1  0  0  0  0  0  0  0  0  0  0  0  0  0  0  0  0  0  0  0  0  0  0  0  0  0  0  0  0  0  0  0  0  0  0  0  0  0  0  0  0  0  0  0  0  0  0  0  0  0  0  0  0  0  0  0  0  0  0  0  0  0  0  0  0  0  1  0  105  0  0  1  0  1  0  0  0  0  0  0  0  0  1  0  0  0  0  0  0  5120  68223  0  0  0  1  0  0  3792  51050  0  0  0  0  0  0  30678  0  0  6  12  0  0  608  6  0  0  0  0  3  0  10  0  9  4  0  4  0  0  0  14  8  607  7  4  0  0  0  4736  24934  0  0  1  0  0  0  49  12  308  101  47  0  
0  0  0  0  0  0  0  0  0  0  0  0  0  0  0  0  0  0  0  0  0  0  0  0  0  0  0  0  0  0  0  0  0  0  0  0  0  0  0  0  0  0  0  0  0  0  0  0  0  0  0  0  0  0  0  0  0  0  0  0  0  0  0  0  0  0  0  0  0  0  0  0  0  0  0  15570  0  0  0  0  0  0  0  0  0  0  0  0  0  0  0  0  831  0  6689  0  762  0  0  0  0  0  0  0  0  0  0  0  2  0  0  36687  0  0  0  0  17714  0  0  0  0  1  0  39412  0  0  0  0  0  0  0  0  8840  55015  598  0  0  0  0  0  0  0  0  0  0  143305  369  0  0  0  0  0  0  0  5  0  60  1  0  0  
0  0  0  0  0  0  0  0  0  0  0  0  0  0  0  0  0  0  0  0  0  0  0  0  0  0  0  0  0  0  0  0  0  0  0  0  0  0  0  0  0  0  0  0  0  0  0  0  0  0  0  0  0  0  0  0  0  0  0  0  0  0  0  0  0  0  0  0  0  0  0  0  0  0  0  513  0  0  0  0  0  0  0  0  0  0  0  0  0  0  0  0  994  0  237  1  6  0  1  0  0  0  0  0  0  0  0  2660  810  0  35747  0  0  0  5  0  27073  1  0  0  0  573  0  13640  0  0  0  0  0  1  0  0  10838  20787  3653  0  0  0  3  0  0  0  0  0  0  156904  168294  0  0  0  0  0  0  0  6  0  1610  0  0  0  
0  0  0  0  0  0  0  0  0  0  0  0  0  0  0  0  0  0  0  0  0  0  0  0  0  0  0  0  0  0  0  0  0  0  0  0  0  0  0  0  0  0  0  0  0  0  0  0  0  0  0  0  0  0  0  0  0  0  0  0  0  0  0  0  0  6  0  0  0  0  0  0  0  0  454  0  0  0  58  584  0  0  0  0  0  263  14854  52902  0  0  0  7  0  0  0  0  0  87  0  0  0  0  0  0  0  0  0  0  0  0  0  0  0  8894  0  0  0  0  0  0  8170  0  27146  0  0  1731  252  0  0  0  0  0  0  0  0  358  21  24536  0  620  0  7  0  0  0  0  0  0  0  12  0  0  0  0  0  1214  0  0  1443  0  
0  0  0  0  0  0  0  0  0  0  0  0  0  0  0  0  0  0  0  0  0  0  0  0  0  0  0  0  0  0  0  0  0  0  0  0  0  0  0  0  0  0  0  0  0  0  0  0  0  0  0  0  0  0  0  0  0  0  0  0  0  0  0  0  0  0  0  0  0  0  0  0  0  0  7  0  0  0  7  63  1  0  0  0  0  38075  20  19276  0  3  0  214  0  0  0  0  0  1  0  1  0  0  1  0  0  0  0  0  0  0  0  0  7658  0  3  0  0  0  21  0  239  0  20554  0  0  1470  201  2  0  0  0  0  0  0  0  0  1  45  0  148  0  490  0  0  0  0  1  0  0  8  0  0  0  0  0  78  0  0  259  0  
0  0  0  0  0  0  0  0  0  139  0  0  0  0  0  0  0  0  0  0  0  0  0  0  0  0  0  0  0  0  0  0  0  0  0  1  0  0  0  0  18  0  0  2  0  0  0  0  0  0  0  0  0  0  0  0  0  0  0  0  0  0  0  0  1  122  1  1  0  0  0  0  0  0  0  12  0  18980  0  1  41  3  75  625  0  328  0  0  34  3  6305  322  3  30  1  3  10  0  10738  65211  7  3  3  7  0  0  11825  7240  2  32118  0  2  0  98  0  5  0  514  2588  4  1  36153  31292  0  13  13  5  216  1  1056  5  116  54  0  151  0  0  0  535  2466  2987  600  149  0  11  1  19409  6963  0  2  6  36  7  2  25  458  3890  5948  34530  80  
0  0  0  0  0  0  0  0  0  0  30  0  0  0  0  0  0  0  0  1  0  118  0  0  0  0  0  0  0  0  0  0  0  0  0  0  0  0  0  0  0  17  0  13  0  0  0  0  0  0  0  0  0  0  0  0  0  0  0  0  0  0  0  0  0  0  0  0  0  0  0  0  0  0  0  28426  0  0  0  0  0  0  0  0  26989  0  0  0  0  0  0  0  29402  27562  55  92212  0  0  0  0  0  0  0  0  0  0  0  0  0  0  0  0  0  0  1  0  0  13885  0  0  0  0  0  0  75476  0  0  0  0  0  1422  80  141  0  4006  0  0  0  0  0  0  0  0  0  0  0  3  0  0  0  0  0  0  0  0  0  0  0  0  0  
0  0  0  0  0  0  0  0  0  0  0  0  0  0  0  0  0  0  0  0  0  0  0  0  0  0  0  0  0  0  0  0  0  0  0  0  0  0  0  0  0  0  0  0  0  0  0  0  0  0  0  0  0  0  0  0  0  0  0  0  0  0  0  0  0  0  0  0  0  0  0  0  0  0  0  0  0  0  0  0  0  0  0  0  0  0  0  0  0  0  0  3  0  0  13  4  54715  0  0  0  0  0  0  0  0  0  0  20628  38159  0  15162  27391  0  0  1  0  0  7  0  0  0  2486  0  16418  0  0  0  0  0  2  0  0  0  536  1251  0  0  0  0  0  0  0  0  0  0  9083  13202  0  0  0  0  0  0  0  40203  0  15281  0  0  0  
0  0  0  0  0  0  0  0  0  2  822  0  0  0  0  0  0  0  0  0  0  15  0  0  0  0  0  0  0  1  0  0  0  0  0  0  0  0  0  0  0  0  0  13  1  0  0  0  0  0  0  0  0  0  0  0  0  0  0  0  0  0  0  0  52  8  0  0  0  0  0  0  0  0  0  55  0  0  0  0  0  1  1457  22475  66386  0  0  0  1  0  0  0  127  3142  0  127705  11579  0  37  20  1  0  0  2480  0  0  86  33  0  9  0  3  0  1  4485  13258  0  0  13  7  0  651  24  0  132  0  0  1  0  87  371  15762  3885  0  4612  0  0  0  41633  2182  446  2  1  0  1  0  4084  10  0  0  0  2  0  0  10  5  7199  51  65  0  
0  0  0  0  0  1  3  0  0  22  0  0  0  0  0  0  0  0  0  0  0  0  0  0  0  0  0  0  0  0  0  0  0  0  0  0  0  0  0  0  5  0  0  1  1  0  0  0  1  0  0  1  0  1  0  0  0  0  0  0  0  0  0  0  1  26  2  5  0  0  0  0  0  0  0  0  27417  27023  0  1  221  9634  36  13  0  131  0  0  734  4196  0  7  0  5  0  0  1  0  1  5229  2  135594  114515  5  0  0  0  0  0  2  0  0  0  6  470  0  0  13  0  22217  1  39  16112  0  0  99  3  1101  0  458  0  1  0  0  0  0  0  0  71  1204  87488  33991  28135  0  7  0  22  0  0  31  0  24  3  0  5  2474  1  746  11455  386  
0  0  1494  0  0  0  0  1021  1750  1  0  0  0  0  0  286  0  0  0  0  0  0  0  0  0  0  0  0  0  2261  0  0  0  0  0  0  0  0  0  0  0  0  0  0  0  3880  0  0  0  0  0  0  0  0  0  0  0  0  0  0  0  0  0  0  0  136  0  0  0  0  892  0  0  0  0  0  21685  0  0  0  0  34479  28254  0  0  0  0  0  0  2475  0  0  0  13  0  0  0  0  10  7  43966  420  3  28201  0  0  0  0  0  0  0  0  0  0  8  0  0  7  27427  0  0  1  0  0  0  0  0  3  0  17453  0  0  0  0  0  0  0  0  48  1330  65060  0  55  0  32419  0  16  0  0  0  0  11  0  0  0  50  0  59  305  2  
0  0  0  0  0  0  0  0  0  0  0  0  0  0  0  0  0  0  0  0  0  0  0  0  0  0  0  0  0  0  0  0  0  0  0  0  0  0  0  0  0  0  0  0  0  0  0  0  0  0  0  0  0  0  0  0  0  0  0  0  0  0  0  0  0  2  0  0  0  0  0  0  0  0  228  0  0  0  55  270  0  0  0  0  0  95  5829  1435  0  7  4  31036  0  0  0  0  1597  55525  0  0  0  0  0  0  0  0  0  2  0  0  0  0  7155  192  0  0  0  0  0  0  0  0  5937  0  0  509  129  10  0  0  0  0  0  0  0  18  2549  21553  0  240  0  3  0  0  0  0  0  0  0  7  0  0  0  0  56  556  0  0  45389  0  
0  0  0  0  0  0  0  0  1  9  0  0  0  0  0  0  0  0  0  0  0  0  0  0  0  0  0  0  0  0  0  0  0  0  0  0  0  0  0  0  2  0  0  0  0  0  0  1  0  0  0  0  0  0  0  0  0  0  0  0  0  0  0  0  0  10  0  0  0  0  0  0  0  0  0  9  0  636  0  0  2  0  18  24  0  3  0  0  0  0  47285  12157  0  13  4  1  5578  1  82  114  1  0  0  3  0  1  33431  9783  51400  271  0  2561  0  0  22435  0  3811  54  23  0  15  0  4416  780  5  1  0  3  0  126  1  50  14  248  141  0  0  0  117  83  17  7  4  0  1  384  72483  11596  0  0  6  3  1  0  9673  6  7084  14063  23660  135  
0  0  0  0  0  1  2  0  2  59  0  0  0  0  0  0  0  0  0  0  0  0  0  0  0  0  0  0  0  1  0  0  0  0  0  2  0  0  0  0  14  0  0  1  0  0  0  1  0  0  0  0  0  0  0  2  0  0  0  0  0  0  0  0  2  46  0  0  0  0  0  0  1  0  274  0  0  31166  133  889  15  4  2  31  0  49387  5  5243  29  130  11841  41563  0  4  0  0  126  13  16  1729  0  8  30  1  0  0  9  28  14  2  0  0  16222  22392  22748  0  0  21  41532  0  7891  4111  0  0  0  2271  2750  279  0  196  0  1  1  0  0  45  8  62  79  4249  262  23258  47  0  3  0  60  1  0  172  1  8  6  3  696  2781  11  110  73695  55  
0  0  0  0  0  0  0  0  0  0  0  0  0  0  0  0  0  0  0  0  0  0  0  0  0  0  0  0  0  0  0  0  0  0  0  0  0  0  0  0  0  0  0  0  0  0  0  0  0  0  0  0  0  0  0  0  0  0  0  0  0  0  0  0  0  0  0  0  0  0  0  0  0  0  0  21  0  0  0  0  0  0  0  0  0  0  0  0  0  0  0  0  0  0  53890  23  18330  0  0  0  0  0  0  0  0  0  0  3  1665  0  42328  6442  0  0  7  0  17832  30  0  0  0  555  0  0  0  0  0  0  0  0  0  0  1  37403  17915  0  0  0  0  0  0  0  0  0  0  38120  5788  0  0  0  0  0  0  0  110  0  9504  0  0  0  
0  0  0  0  0  0  0  0  0  0  0  0  0  0  0  0  0  0  0  0  0  3  0  0  0  0  0  0  0  0  0  0  0  0  0  0  0  0  0  0  0  0  0  1  0  0  0  0  0  0  0  0  0  0  0  0  0  0  0  0  0  0  0  0  0  0  0  0  0  0  0  0  0  0  0  20759  0  0  0  0  0  0  0  0  397  0  0  0  0  0  0  0  974  749  26357  39892  0  0  0  0  0  0  0  0  0  0  1  0  0  0  0  0  0  0  2  85940  0  14  0  0  0  1  0  0  0  0  0  0  0  0  680  136  264  0  36213  0  0  0  0  0  0  0  0  0  0  0  12  0  0  0  0  0  0  0  0  0  1  0  0  0  
0  0  0  0  0  23  46  0  0  1  0  0  0  0  0  0  0  0  0  0  0  0  0  0  0  0  0  0  0  0  0  0  0  0  0  0  0  0  0  0  0  0  0  0  0  0  0  0  0  0  0  0  0  0  0  0  0  0  0  0  0  0  0  0  0  55  0  0  0  0  0  0  0  0  1669  0  0  0  461  4122  264  0  0  0  0  42716  15  92227  105801  975  0  13  0  0  0  0  0  60  0  2  0  0  150  0  0  0  0  0  0  0  0  0  5375  3110  3  0  0  0  130  0  44  0  1145  0  0  0  57733  46793  0  2  0  0  0  0  0  18210  19  3066  0  4697  2  74880  0  0  1  0  0  0  0  160  0  1  0  0  1  7965  0  47  21856  94  
0  0  0  0  0  0  0  0  0  0  0  0  0  0  0  0  0  0  0  0  0  0  0  0  0  0  0  0  0  0  0  0  0  0  0  0  0  0  0  0  0  0  0  0  0  0  0  0  0  0  0  0  0  1  0  0  0  0  0  0  0  0  0  0  0  115  0  0  0  0  0  0  0  0  17368  0  0  0  31310  8357  22  0  0  0  0  155  14  1713  187411  8782  0  11  0  0  0  0  0  14  0  0  0  0  0  0  0  0  0  0  0  0  0  0  1975  202  0  0  0  0  7  0  26  0  692  0  0  81553  0  63477  0  0  0  0  0  0  0  14801  0  36  0  8500  1  141  0  0  0  0  0  0  0  848  0  0  0  0  0  6148  0  0  4660  0  
0  0  0  0  0  2  5  0  0  8  0  0  0  0  0  0  0  0  0  0  0  0  0  0  0  0  0  0  0  0  0  0  0  0  0  1  0  0  0  0  5  0  0  0  0  0  0  0  0  0  0  1  0  5  0  1  0  0  0  0  0  0  0  0  1  19  0  2  0  0  0  0  0  0  0  0  0  0  0  1457  33627  572  0  5  0  6  0  4  77111  122853  0  2  0  0  0  0  0  0  3  46  0  0  193  0  0  0  0  0  0  0  0  0  0  2  63  0  0  5  4174  0  4  1  128  0  0  44168  49301  0  0  75  0  1  0  0  0  0  0  0  9  2679  89  11638  28212  0  0  0  8  0  0  62  0  2  1  0  0  3316  1  193  5710  208  
0  0  0  0  0  0  0  0  0  0  0  0  0  0  0  0  0  0  0  0  0  0  0  0  0  0  0  0  0  0  0  0  0  0  0  0  0  0  0  0  0  0  0  0  0  0  0  0  0  0  0  0  0  0  0  0  0  0  0  0  0  0  0  0  0  0  0  0  0  0  0  0  0  0  0  0  0  0  0  0  0  0  0  0  0  0  0  0  0  0  0  0  0  2  0  0  0  0  30718  27464  0  29  0  0  0  0  0  0  0  0  0  0  0  0  6  0  0  2  0  1  0  0  2  0  0  0  0  1  0  19804  0  0  0  0  0  0  0  0  10  3  9436  0  1  0  5  0  9322  0  0  0  0  0  0  0  0  0  0  0  1  0  
0  0  0  0  0  0  1  0  1  22  10  0  0  0  0  0  0  0  0  2  0  0  0  0  0  1  0  0  0  0  0  0  0  0  0  0  0  0  0  0  14  0  0  0  5  0  0  1  0  0  0  0  0  0  0  2  0  0  0  0  0  0  0  0  2  25  1  0  0  0  0  0  0  0  0  0  1  0  0  0  0  42  300  34  0  0  0  0  1  21  0  0  15  18247  0  0  0  0  112835  2265  93843  20  8  14697  0  0  1  6  0  5  0  0  0  0  297  0  0  151  829  25231  0  25  37  0  0  2  0  21  30613  0  1  26946  15  0  6  0  0  0  5493  1989  52098  22  86  0  19873  0  44124  0  0  1  0  71  5  1  0  99  4  67  847  8  
0  0  0  0  0  0  0  0  0  0  0  0  0  0  0  0  0  0  0  0  0  0  0  0  0  0  0  0  0  0  0  0  0  0  0  0  0  0  0  0  0  0  0  0  0  0  0  0  0  0  0  0  0  0  0  0  0  0  0  0  0  0  0  0  0  0  0  0  0  0  0  0  0  0  0  6315  0  0  0  0  0  0  0  0  12  0  0  0  0  0  0  0  101594  2768  0  239  0  0  0  0  0  0  0  0  0  0  0  0  0  0  0  0  0  0  1  1850  0  140  0  0  0  1  0  0  2541  0  0  0  0  1  0  9614  13119  0  2536  0  0  0  7  0  0  1  0  0  0  0  5998  0  0  0  0  0  0  0  0  0  0  0  0  0  
0  0  0  0  0  0  0  0  0  1  0  0  0  0  0  0  0  0  0  0  0  0  0  0  0  0  0  0  0  0  0  0  0  0  0  0  0  0  0  0  0  0  0  0  0  0  0  0  0  0  0  0  0  0  0  0  0  0  0  0  0  0  0  0  0  0  0  0  0  0  0  0  0  0  0  10  0  0  0  0  0  0  20  2  7894  0  0  0  0  0  1  0  67114  87132  2  1386  1  0  6446  7  65  0  0  4  0  0  9  4  0  3  0  3  0  0  182  440  0  10320  1  2  0  143  3  0  1231  0  0  1  0  40546  11084  0  9081  0  10505  0  0  0  23541  26  16  1  0  0  1  0  33895  2  0  0  0  0  0  0  1  0  11  9  8  0  
0  0  0  0  0  0  0  0  0  0  0  0  0  0  0  0  0  0  0  0  0  0  0  0  0  0  0  0  0  0  0  0  0  0  0  0  0  0  0  0  0  0  0  0  0  0  0  0  0  0  0  0  0  0  0  0  0  0  0  0  0  0  0  0  0  0  0  0  0  0  0  0  0  0  0  27932  0  0  0  0  0  0  0  0  0  0  0  0  0  0  0  0  16387  6  6822  21  1  0  10  5  0  0  0  0  0  0  14  4  0  3  8351  13519  0  0  273  437  1  1863  3  0  0  129  3  0  2713  0  0  0  0  10  11243  6147  0  653  15614  0  0  0  638  3  1  1  0  0  0  20702  40881  4  0  0  0  0  0  0  2  1  23  6  9  0  
0  0  0  0  0  0  0  0  0  0  0  0  0  0  0  0  0  0  0  0  0  0  0  0  0  0  0  0  0  0  0  0  0  0  0  0  0  0  0  0  0  0  0  0  0  0  0  0  0  0  0  0  0  0  0  0  0  0  0  0  0  0  0  0  0  0  0  0  0  0  0  0  0  0  0  36410  0  0  0  0  0  0  0  0  0  0  0  0  0  0  0  0  0  0  58884  0  1  0  0  0  0  0  0  0  0  0  0  1  471  0  56816  18508  0  0  0  0  1026  1  0  0  0  263  0  25196  0  0  0  0  0  0  0  0  1499  0  23347  0  0  0  0  0  0  0  0  0  0  40084  14798  0  0  0  0  0  0  0  1  0  492  0  0  0  
0  0  0  0  0  0  0  0  0  0  0  0  0  0  0  0  0  0  0  0  0  0  0  0  0  0  0  0  0  0  0  0  0  0  0  0  0  0  0  0  0  0  0  0  0  0  0  0  0  0  0  0  0  0  0  0  0  0  0  0  0  0  0  0  0  0  0  0  0  0  0  0  0  0  0  34418  0  0  0  0  0  0  1  13  7226  0  0  0  0  0  0  0  769  2829  85669  101798  31287  0  23  9  0  0  0  1  0  1  19  19  776  2  181  2063  0  0  790  2464  1383  9409  1  0  0  559  5  22735  29846  0  0  0  0  33  2132  3809  10920  18657  0  0  0  0  175  47  0  2  0  0  1  115  15701  2  0  0  0  0  0  0  36  0  20939  16  20  0  
0  0  0  0  0  0  0  0  0  0  0  0  0  0  0  0  0  0  0  0  0  0  0  0  0  0  0  0  0  0  0  0  0  0  0  0  0  0  0  0  0  0  0  0  0  0  0  0  0  0  0  0  0  0  0  0  0  0  0  0  0  0  0  0  0  0  0  0  0  0  0  0  0  0  12016  0  0  0  0  65  0  0  0  0  0  0  13229  40212  25458  0  0  0  0  0  0  0  0  30733  0  0  0  0  0  0  0  0  0  0  0  0  0  0  3503  0  0  0  0  0  0  0  0  0  2  0  0  24817  23760  0  0  0  0  0  0  0  0  0  0  446  0  19  0  0  0  0  0  0  0  0  0  0  0  0  0  0  0  126  0  0  75  0  
0  0  0  0  0  1  0  0  0  0  0  0  0  0  0  0  0  0  0  0  0  0  0  24  0  0  0  0  0  0  868  1  0  0  0  0  0  0  0  0  0  0  0  0  0  0  0  0  0  0  0  0  0  0  0  0  0  0  0  0  0  0  0  0  0  0  0  0  0  5  0  0  0  0  269  0  0  0  1  6622  0  0  0  0  0  3  0  293  0  133  0  2  0  0  0  0  6013  74979  0  0  0  0  0  0  60694  14028  0  0  1  0  0  0  45  9  0  0  0  0  0  0  927  1  15  0  0  385  3  0  0  0  0  0  0  0  0  10  0  11882  0  2  0  1  0  21981  0  0  0  0  0  0  0  1  0  0  12  8979  27  399  65629  1767  
0  0  0  0  0  0  0  0  0  0  0  0  0  0  0  0  0  0  0  0  0  0  0  0  0  0  0  0  0  0  0  0  0  0  0  0  0  0  0  0  0  0  0  0  0  0  0  0  0  0  0  0  0  0  0  0  0  0  0  0  0  0  0  0  0  0  0  0  0  0  0  0  0  0  6111  0  0  0  540  3894  0  0  0  0  0  9  17316  7423  0  378  0  0  0  0  0  0  0  118851  0  0  0  0  0  0  60  62  0  0  0  0  0  0  33705  50  0  0  0  0  0  0  15451  0  100  0  0  4066  17  0  0  0  0  0  0  0  0  439  29458  0  0  56  0  5  0  1071  0  0  0  0  0  4  0  0  0  0  0  11743  0  0  15493  1  
0  0  0  0  0  0  0  0  0  8  980  0  0  0  0  0  0  0  0  11  0  22  0  0  0  0  3  0  0  285  0  0  0  0  0  1  0  0  0  0  3  0  0  6  1  0  0  0  0  0  0  0  0  0  0  1  0  0  0  0  0  0  0  0  235  9  0  0  0  0  2  0  0  0  0  18  0  0  0  0  0  1  5911  10628  60688  0  0  0  1  0  0  0  26  47844  0  278  59  0  50  122  34898  0  1  68006  0  0  54  36  0  6  0  3  0  1  3730  5  1  39888  65  23  0  753  56  0  23  0  0  11  0  10323  18  48914  601  0  187  0  0  0  0  1854  1071  12  12  0  25965  0  5958  7  0  0  0  8  0  0  4  48  107  71  252  4  
0  0  0  3  0  5596  1969  2436  193  22568  0  1  0  0  3  5  2  0  0  0  0  0  0  0  0  13  0  0  0  7  3  851  0  0  0  6  0  0  0  0  180  0  0  9  136  11  0  3  56  0  0  47  0  339  0  41  2  1  0  0  0  0  0  0  26  36283  39  153  6  7  13  0  6  0  650  0  1  2  309  52115  27262  24517  43979  17849  0  51  0  523  70  1143  3  4  0  54  0  5  0  0  201  299  20  0  23  661  1  3304  0  36  0  7  0  1  25  194  1670  0  1  6202  2635  736  10  84  930  0  1  7447  4556  5193  2  1224  0  55  8  0  26  165  0  13  2379  0  5912  773  5726  1147  5146  0  816  1  2  5235  2  3688  168  32  4  34789  536  2423  9637  90  
0  0  0  0  0  0  1  0  0  90  0  0  0  0  0  0  0  0  0  0  0  0  0  0  0  0  0  0  0  0  0  0  0  0  0  0  0  0  0  0  23  0  0  0  15  2  0  0  0  0  0  0  0  0  0  6  0  1  0  0  1  0  0  0  2  77  2  0  0  0  0  0  1  0  0  0  7297  139  0  0  19  570  298  20  0  1  0  0  15  100  1  3  0  36  0  0  0  0  2154  82557  43412  89232  49  339  0  0  0  0  0  328  0  0  0  1  1046  0  0  82  59417  62881  0  32  300  0  0  0  0  127  9371  37951  0  13  2  0  0  0  0  0  463  2260  0  222  1391  0  204  0  2162  0  0  11  0  217  14  4  0  550  0  579  10014  62  
0  0  0  0  0  4  6  0  0  4  0  0  0  0  0  0  0  0  0  0  0  0  0  0  0  0  0  0  0  0  0  0  0  0  0  0  0  0  0  0  1  0  0  0  0  0  0  0  0  0  0  0  0  0  0  0  0  0  0  0  0  0  0  0  0  15  0  0  0  0  0  0  0  0  0  0  0  20419  1  14  781  3  1  1  0  36406  0  10  31671  69  0  2  0  0  0  0  0  0  2  46  0  50  60518  0  0  0  0  0  0  0  0  0  24  287  96  0  0  2  71723  0  0  1  10693  0  0  75277  98  14350  0  29  0  0  0  0  0  0  0  0  8  641  58  0  2387  0  1  0  4  0  0  34  0  9  0  0  4  8031  1  250  16739  508  
0  0  0  0  0  0  0  0  0  10  0  0  0  0  0  0  0  0  0  0  0  0  0  0  0  0  0  0  0  0  0  0  0  0  0  0  0  0  0  0  6  0  0  0  0  0  0  0  0  0  0  0  0  0  0  0  0  0  0  0  0  0  0  0  1  14  0  2  0  0  0  0  0  0  0  0  1  0  0  0  284  3528  0  4  0  0  0  0  16292  28769  0  0  0  2  0  0  0  0  0  54  1  0  67119  0  0  0  0  0  0  0  0  0  0  0  41  0  0  7  43671  6  0  5  45  0  0  0  0  30679  0  170  0  0  0  0  0  0  0  0  35  1260  815  4470  0  0  3  0  8  0  0  5  0  3  1  0  0  322  0  89  697  42  
0  0  0  0  0  1142  0  0  0  0  0  0  0  0  0  1  0  0  0  0  0  0  0  38  0  0  0  0  0  0  9480  144  0  0  0  0  0  0  0  0  0  0  0  0  0  0  0  0  0  0  0  0  0  0  0  0  0  0  0  0  0  0  2  0  0  44  0  0  0  4823  0  0  0  0  21655  0  0  0  9055  25528  0  0  0  0  0  0  0  0  0  29066  0  0  0  0  0  0  0  3192  0  0  0  0  0  0  48976  4584  0  0  0  0  0  0  0  0  0  0  0  0  0  0  0  0  0  0  0  0  0  0  0  0  0  0  0  0  0  0  29134  164  0  1825  0  0  0  0  0  0  0  0  0  17  0  3  0  2  0  2599  0  0  2041  73  
0  0  1  0  0  0  0  96  1455  3  0  0  0  0  0  0  0  0  0  0  0  0  0  0  0  0  0  0  0  3397  0  0  0  0  0  0  0  0  0  0  4  0  0  0  2  88  0  0  0  0  0  0  0  0  0  1  0  0  0  0  0  0  0  0  0  134  0  0  0  0  2688  0  0  0  0  0  0  0  0  0  1  5  40496  3  0  0  0  0  1  1  0  0  0  4655  0  0  0  0  4  13  31057  0  0  74184  0  0  0  0  0  1  0  0  0  0  51  0  0  9  35  27630  0  2  4  0  0  0  0  3  3  30040  0  7  1  0  0  0  0  0  33165  4826  1740  0  3  0  0  0  64  0  0  0  0  29  1  0  0  17  0  15  355  0  
0  0  0  0  0  0  0  0  0  0  0  0  0  0  0  0  0  0  0  0  0  0  0  0  0  0  0  0  0  0  0  0  0  0  0  0  0  0  0  0  0  0  0  0  0  0  0  0  0  0  0  0  0  0  0  0  0  0  0  0  0  0  0  0  0  0  0  0  0  0  0  0  0  0  0  637  0  0  0  0  0  0  0  0  0  0  0  0  0  0  0  0  90  0  33  0  36  0  0  0  0  0  0  0  0  0  0  0  657  0  119462  179198  0  0  0  0  11848  1  0  0  0  97  0  33381  0  0  0  0  0  0  0  0  19067  38276  233  0  0  0  0  0  0  0  0  0  0  0  8115  0  0  0  0  0  0  0  4  0  2901  0  0  0  
0  0  0  0  0  0  0  0  0  34  0  0  0  0  0  0  0  0  0  0  0  0  0  0  0  0  0  0  0  0  0  0  0  0  0  0  0  0  0  0  2  0  0  0  1  0  0  0  0  0  0  0  0  0  0  1  0  0  0  0  0  0  0  0  0  23  0  0  0  0  0  0  0  0  0  2096  0  1  0  0  18  2  173  445  0  2  0  0  19  0  25  11  61626  597  3187  43  52  0  134122  4569  40  0  0  21  0  0  362  123049  31101  4442  259  212079  0  0  17940  79  11082  2782  332  6  0  74067  229  25720  396  1  0  92  7176  33471  2732  21408  44719  44723  31951  0  0  0  5321  2269  1421  171  52  0  36  7882  0  3100  0  1  1  9  0  1  3008  131  9935  649  1076  18  
0  0  0  0  0  0  0  0  0  0  0  0  0  0  0  0  0  0  0  0  0  0  0  0  0  0  0  0  0  0  0  0  0  0  0  0  0  0  0  0  0  0  0  0  0  0  0  0  0  0  0  0  0  0  0  0  0  0  0  0  0  0  0  0  0  0  0  0  0  0  0  0  0  0  0  3  0  101  0  0  0  0  0  2  0  0  0  0  0  0  0  0  1  0  0  0  0  0  32  23  0  0  0  0  0  0  31403  27431  3349  24717  0  0  0  0  7710  1  0  13  0  0  0  26085  1  0  2  0  0  0  0  4  0  12  3  0  4  0  0  0  12  1  1  0  0  0  0  0  5455  0  0  0  0  0  0  0  62  0  454  188  4  0  
0  0  0  0  0  0  0  0  0  0  0  0  0  0  0  0  13847  40634  0  0  15  0  23437  4  0  0  0  0  0  0  2  371  0  0  11076  0  12  118  0  0  2  0  803  0  0  0  3  49189  0  19  0  0  0  0  0  0  1  0  0  12  85  0  2260  0  1  0  0  0  0  5  0  45  1568  0  0  0  0  0  0  0  0  0  0  0  0  0  0  0  0  0  0  0  0  0  0  0  0  0  0  0  0  0  0  0  0  1  0  0  0  0  0  0  0  0  0  0  0  0  0  0  0  0  0  0  0  0  0  0  0  0  0  0  0  0  0  0  0  0  0  0  0  0  0  0  0  0  0  0  0  0  21200  26168  26415  85  0  0  0  2  0  0  
3920  0  0  3  2105  34550  585  7  0  0  0  594  0  57  266  423  0  1  0  0  0  0  0  1527  0  1  0  0  0  0  16  1863  0  0  0  0  0  0  3  649  1  0  0  0  67  8  19  0  3294  0  0  28184  5926  18534  0  0  0  1  0  0  0  0  6  477  3  36127  2  9260  60  1970  1  0  0  0  9  0  0  0  13  176  29  6  14  0  0  6  0  35  4  19  0  0  0  0  0  0  0  0  0  0  0  0  0  0  0  16  0  0  0  0  0  0  0  19  0  0  0  0  7  0  0  0  39  0  0  742  449  16  0  0  0  0  0  0  0  2  0  0  0  2175  2  162  6  3  0  0  0  0  0  0  0  1292  41619  1489  0  33550  1  16  464  2  
0  0  0  0  0  0  0  0  17  8815  0  0  0  0  0  0  645  115  0  0  1656  74  117840  0  0  101  0  0  0  150  0  15  0  77  196  478  186  383  0  0  10397  2  1309  16074  2  1  0  15862  7  4054  3  0  0  1  0  8  29  107  124  1652  38626  0  9  0  740  495  3  1  1  2  1  650  14042  31  0  0  0  0  0  0  0  0  0  1  0  0  0  0  0  0  0  0  0  0  0  0  2  0  1  0  0  0  0  0  0  0  2  0  0  0  0  0  0  0  5  0  0  0  0  0  0  9  0  0  0  0  0  0  0  0  0  0  0  0  0  0  0  0  0  0  0  0  0  0  0  0  1  0  7662  0  0  10208  26265  42  0  0  36  89  0  0  
0  0  0  10  0  0  0  2  85  1156  0  1  0  0  0  0  86  3801  0  0  0  2  191  9  0  145  1  0  0  27  26  3033  1  5  0  39  0  5  0  0  2203  0  0  36  1591  140  0  818  203  0  0  33  0  6  0  1238  0  17  2  1  15  0  782  0  1759  3970  948  357  8  300  123  4  1849  6  0  0  0  0  0  0  2  2  114  11  0  0  0  0  1  0  0  0  0  0  0  1  1  0  4  8  0  0  0  2  0  140  0  1  0  1  0  0  0  0  64  0  0  0  18  5  0  23  4  0  0  1  0  3  0  20  0  0  0  0  0  0  0  0  4  870  260  8  8  2  1  0  27  0  22026  1445  16221  0  49063  32296  4  778  5129  53424  39  9  
5805  0  4  378  987  5986  0  7  101  113  0  564  0  93  9  21  49027  79356  0  0  0  0  177  13366  1  447  3  4  2  30  2764  9296  693  8  64  56  0  3  8  338  1999  0  0  15  3189  87  21104  55133  42951  0  0  4400  553  54  0  543  2  105  0  0  25  0  34815  5216  3171  2058  274  1259  69  1263  57  2  1256  24  0  0  0  0  0  0  1  2  6  0  0  0  0  0  0  0  0  0  0  0  0  0  0  0  0  0  0  0  0  0  2  8  0  0  0  0  0  0  0  0  0  0  0  0  1  0  0  0  0  0  0  0  0  0  0  0  0  0  0  0  0  0  0  0  0  31  2  0  1  1  0  0  0  0  10803  21531  14648  16446  0  153185  0  16  0  5  1  0  
1  0  0  7  0  207  0  3  30  54  0  0  0  0  0  0  998  3176  0  0  0  0  16  714  0  106  1  0  0  12  14  27402  1  0  0  5  0  0  0  0  1294  0  0  5  782  46  406  2275  63  0  0  9  0  1  0  468  0  13  0  0  0  0  9179  0  1343  1438  317  105  1  1012  51  0  58  0  0  0  0  0  0  0  0  0  2  0  0  0  0  0  0  0  0  0  0  0  0  0  0  0  0  0  0  0  0  0  0  29  0  0  0  0  0  0  0  0  0  0  0  0  1  0  0  0  0  0  0  0  0  1  0  0  0  0  0  0  0  0  0  0  0  14  2  0  0  0  1  0  0  0  809  4782  16  45830  461357  0  5  53  14  43  1  4  
0  0  0  0  0  0  0  0  0  0  0  0  0  0  0  0  0  0  0  0  0  0  0  0  0  0  0  0  0  0  1  2  0  0  0  0  0  0  0  0  0  0  0  0  0  0  0  0  0  0  0  0  0  0  0  0  0  0  0  0  0  0  0  0  0  0  0  0  0  0  0  0  0  0  0  0  0  0  0  2  0  0  0  0  0  0  0  0  0  0  4958  19164  0  0  10  0  64891  290  3  0  0  0  0  0  384  808  7  11  35374  3  11  8  0  0  26  0  61912  0  0  0  515  17100  105  516  0  0  0  0  0  0  0  2  0  9  501  0  271  0  1  6  0  0  0  0  0  29  3011  3  0  0  0  2  0  0  0  6295  176255  9271  29053  585  
0  0  0  0  0  167  205  0  1  12  0  0  0  0  0  0  0  1  0  0  0  0  0  0  0  0  0  0  0  0  0  80  0  0  0  0  0  0  0  0  10  0  0  0  4  0  0  0  0  0  0  1  0  6  0  1  0  0  0  0  0  0  0  0  2  2641  0  4  0  1  0  0  0  0  1052  0  0  0  323  30183  81  87  4  4  0  37  0  884  21  229  0  4  0  3  0  0  0  977  1  53  0  0  22  1  34  11981  0  1  0  1  0  0  160  108  66  0  0  12  2734  6  26  12  336  0  0  10075  3975  350  0  188  0  1  0  0  0  634  1893  2801  48  23005  533  5901  758  527  4  0  13  0  0  40724  0  744  63  63  1593  0  842  8714  98728  29753  
0  0  0  0  0  0  0  0  0  1030  0  0  0  0  0  0  0  0  0  0  0  0  0  0  0  1  0  0  0  1  1  8  0  0  0  0  0  0  0  0  10  0  0  2  0  0  0  1  0  0  0  0  0  0  0  2  0  0  0  0  0  0  0  0  2  2984  0  0  0  1  0  0  0  0  0  111  0  0  0  1  0  0  14  3181  0  0  0  0  1  0  158  101  4  2  103  3330  56111  0  119  6  1  0  0  5  78  429  1281  340  2096  97  18  533  0  0  9226  0  8356  18152  10  0  0  13847  23  10266  6  0  0  1  0  38  1  103  58  601  25076  0  64  0  162  141  6  2  0  0  1  211  11474  235  0  0  6  3460  66  6  92030  627  0  46069  726  14  
0  0  0  0  0  0  0  0  0  1456  0  0  0  0  0  0  0  8  0  0  0  0  0  0  0  0  0  0  0  0  5  31  0  0  0  0  0  0  0  0  8  0  0  0  0  0  0  1  0  0  0  0  0  0  0  0  0  0  0  0  0  0  2  0  0  19  0  0  0  1  0  0  0  0  0  2  0  0  0  7  1  20  3  5  0  0  0  0  0  14  652  530  0  1  0  1  312  0  27  35  0  0  10  0  59  1560  813  115  273  26  0  0  0  0  4769  0  0  13  555  16  0  11609  35  0  0  11  0  11  0  102  0  1  2  0  3  0  56  0  28  1482  961  183  206  0  0  0  419  140  2  44  111  51821  45  28  11562  14769  45433  0  49153  6757  
0  0  0  0  0  8  10  0  0  57  0  0  0  0  0  0  0  0  0  0  0  0  0  0  0  0  0  0  0  0  68  0  0  0  0  3  0  0  0  0  28  0  0  1  0  1  0  1  0  0  0  0  0  0  0  4  0  0  0  0  0  0  0  0  1  50  1  0  0  0  0  0  1  0  710  0  0  3  255  1718  42  99  7  18  0  273  0  2159  27  220  4300  25218  0  10  0  0  16608  18810  26  485  1  0  45  1  7944  8055  11  12  1030  3  0  0  294  157  6708  0  0  38  7389  30  25677  25624  34295  0  0  9550  2339  428  0  760  0  8  1  0  0  520  57327  3089  186  3072  3977  5336  785  1403  14  0  116  2  0  90  1  17  10  0  10958  76988  661  26491  0  137662  
0  0  0  0  0  0  0  0  0  11  0  0  0  0  0  0  0  0  0  0  0  0  0  0  0  0  0  0  0  0  4  2  0  0  0  0  0  0  0  0  5  0  0  0  0  0  0  0  0  0  0  0  0  0  0  1  0  0  0  0  0  0  0  0  1  10  0  0  0  0  0  0  0  0  0  0  0  0  0  30  7  13  0  0  0  0  0  0  1  7  0  61  0  2  0  0  22860  5  1  48  1  0  3  0  24093  24016  0  0  0  0  0  0  0  0  37  0  0  12  1109  0  2  120  63  0  0  99  2  31  0  142  0  0  0  0  0  0  5569  1  25  326  304  806  101  160  0  0  7  0  0  1  0  5  2  1  5509  122648  264  21080  417999  0  
