0  0  0  0  49126  7491  1  0  0  0  0  1  2  4617  22619  428  0  0  0  0  0  0  0  62038  0  0  0  0  0  0  18792  36  0  0  0  0  0  0  400  13  0  0  0  0  0  0  990  0  641  0  0  2701  23425  119  0  0  0  0  0  0  0  34590  24  3274  0  1642  0  0  0  9517  0  0  0  0  49  0  0  0  131  51  1  0  0  0  0  0  0  8  17  0  0  0  0  0  0  0  0  0  0  0  0  0  0  0  13  0  0  0  0  0  0  0  0  17  0  0  0  0  0  0  2  0  4  0  0  47  42  1  0  0  0  0  0  0  0  6  0  0  0  157  0  2  0  1  0  0  0  0  0  126  0  1  13225  12  0  317  0  0  17  0  
0  0  0  0  0  0  0  0  0  0  0  0  0  0  0  0  0  0  51478  0  40757  5074  1  0  0  0  0  0  0  0  0  0  0  0  0  0  2816  4298  0  0  6  45791  0  130  0  0  0  1  0  0  44872  0  0  0  0  0  19854  1  29154  5810  1844  0  0  0  3  0  0  0  0  0  1  1659  132  0  0  0  0  0  0  0  0  0  0  0  0  0  0  0  0  0  0  0  0  0  0  0  0  0  0  0  0  0  0  0  0  0  0  0  0  0  0  0  0  0  0  0  0  0  0  0  0  0  0  0  0  0  0  0  0  0  0  0  0  0  0  0  0  0  0  0  0  0  0  0  0  0  0  0  0  0  4  0  6  0  0  0  0  0  0  0  
0  0  0  0  0  0  0  3  6  0  0  0  0  0  0  47659  0  0  0  0  0  0  0  0  0  0  25089  24348  23688  17001  0  0  0  0  0  0  0  0  0  0  0  0  0  0  59911  48178  0  0  0  0  0  0  0  0  0  0  0  0  0  0  0  0  0  0  0  0  11355  0  975  0  144  0  0  0  0  0  705  0  0  0  0  0  0  0  0  0  0  0  0  6  0  0  0  0  0  0  0  0  0  0  25  0  0  406  0  0  0  0  0  0  0  0  0  0  0  0  0  0  0  43  0  0  0  0  0  0  0  0  0  0  0  0  0  0  0  0  0  0  0  0  0  0  0  0  46  0  0  0  0  0  0  0  0  0  0  0  0  0  0  0  
0  0  0  0  0  0  0  0  18  21  0  42839  0  0  0  0  2865  2009  1  0  0  0  0  0  5  43677  0  17181  11569  1  0  0  196  199  43  3  0  0  0  4  5074  0  0  14  25513  0  2  288  58066  0  0  0  0  0  13  92  0  3  0  0  0  0  0  0  9  32  800  8801  4  0  18  0  49  0  0  0  0  0  0  0  0  0  0  0  0  0  0  0  0  0  0  0  0  0  0  0  0  0  0  0  0  0  0  0  0  0  0  0  0  0  0  0  0  0  0  0  0  0  0  0  0  0  0  0  0  0  0  0  0  0  0  0  0  0  0  0  0  0  0  0  0  0  0  0  0  0  1  0  1  9  3  142  3594  38  0  0  0  0  0  0  
44933  0  0  0  0  2367  2  0  0  0  0  0  0  241  20769  37891  0  0  0  0  0  0  0  605  0  0  0  0  0  0  9063  1  0  0  0  0  0  0  8  1  0  0  0  0  0  0  14  0  4  0  0  122  19731  123  0  0  0  0  0  0  0  164  0  153  0  39  0  0  0  4337  0  0  0  0  3  0  0  0  4  6  0  0  0  0  0  0  0  1  0  0  0  0  0  0  0  0  0  0  0  0  0  0  0  0  0  0  0  0  0  0  0  0  0  0  0  0  0  0  0  0  0  0  0  0  0  0  3  0  0  0  0  0  0  0  0  0  0  0  0  2  0  0  0  1  0  0  0  0  0  2  0  0  250  0  0  7  0  0  0  0  
8858  0  0  0  6075  0  37831  8  8  0  0  10  6  3165  14004  70838  0  0  0  0  0  0  0  414  0  0  0  1  1  0  158  9541  0  0  0  0  0  0  239  44  0  0  0  2  0  0  455  0  213  0  0  10527  14801  36495  0  0  0  0  0  0  0  3823  219  877  0  32305  0  15  19  56101  0  0  0  0  18  0  0  1  160  5131  911  0  0  0  0  3  0  2  29  257  0  0  0  0  0  0  0  0  0  0  0  0  0  0  48  98  0  0  0  0  0  0  0  38  0  0  0  0  0  0  2  0  10  0  0  66  46  2  0  0  0  0  0  0  0  4  0  0  0  3312  1  12  0  107  0  0  0  0  1  3547  0  8  8549  52  0  1127  0  0  97  0  
1  0  0  0  0  34315  0  26146  32  0  0  1  0  0  12  60779  0  0  0  0  0  0  0  0  0  0  0  0  0  1  0  3  0  0  0  0  0  0  0  0  0  0  0  1  3  0  0  0  0  0  0  483  79  67362  0  0  0  0  0  0  0  1  0  0  0  32804  1  11  57  0  2  0  0  0  0  0  0  0  0  226  8599  3832  0  0  0  0  0  0  0  24  0  0  0  0  0  0  0  0  0  0  0  0  1  0  0  0  0  0  0  0  0  0  0  0  0  0  0  0  89  0  0  0  0  0  0  0  0  1  0  0  0  0  0  0  0  0  0  0  0  2388  19  4  3  0  0  0  0  0  0  4013  0  0  45  0  0  50  0  0  9  0  
0  0  0  0  0  13  24170  0  28423  8  0  0  0  0  0  54655  0  0  0  0  0  0  0  0  1  3  16  18  2804  6  0  0  0  0  0  0  0  0  0  0  2  0  0  10  4940  19897  0  1  3  0  0  0  0  4671  5  48  0  2  0  0  0  0  0  0  1  27675  210  0  52170  0  35  0  2  0  0  0  2  0  0  1  50  4636  2176  0  0  0  0  0  5  24  0  0  0  0  0  0  0  0  0  0  0  0  2  0  0  0  0  0  0  0  0  0  0  0  0  0  0  0  20  331  0  0  0  0  0  0  0  9  0  1  0  0  0  0  0  0  0  0  0  802  9  7  8  0  113  0  0  0  0  4878  0  13  23  7  0  27  0  0  8  0  
0  0  1  0  0  3  3  25568  0  12659  0  0  0  0  0  41  1  7  1  1  0  2  1  0  89  115  291  51  50  4330  0  0  0  0  0  19  0  0  0  0  397  0  0  330  428  19782  0  7  38  0  1  0  0  0  91  1782  2  32  0  0  9  0  0  0  50  48700  1271  1  136  0  66248  0  315  0  0  0  0  0  0  0  0  52  17002  44  83  0  0  0  0  0  0  0  0  0  0  194  0  0  0  0  0  0  0  405  0  0  0  0  0  0  0  0  0  0  0  0  0  3  0  635  0  0  0  0  0  0  0  0  0  2  0  0  0  0  0  0  0  0  9  367  0  0  0  0  4682  0  1  0  10  157  1  228  467  99  0  0  0  0  2  0  
0  3  0  0  0  1  0  4  12046  0  0  0  0  0  0  0  0  3  0  0  0  3739  21043  0  11  150  10  1  4  12873  0  0  0  0  0  17  0  0  0  0  1281  0  0  34595  31  0  0  13  24  0  5  0  0  0  43  227  13  45  2  0  24  0  0  0  61  61171  389  1  7  0  4176  0  1638  2  0  0  0  0  0  0  0  0  147  11718  0  0  0  0  0  0  0  0  0  0  0  170  0  0  3  0  0  0  0  15  0  0  0  0  0  0  0  0  0  0  16  0  0  15  0  0  0  2  4  0  0  0  0  0  0  5  2  3  0  0  0  0  0  0  12  14125  0  0  0  0  1  0  30  0  15  7  12949  1104  688  173  0  0  58  110  21  0  
0  0  0  0  0  0  0  0  0  0  0  0  0  0  0  0  0  0  58  88761  0  1268  0  0  0  0  52  0  0  1392  0  0  0  0  0  0  0  0  0  0  0  17033  0  70863  0  0  0  0  0  0  0  0  0  0  0  7  224  20527  0  0  0  0  0  0  51276  0  0  0  0  0  1  0  0  0  0  0  0  0  0  0  0  0  0  0  11260  0  0  0  0  0  0  0  0  720  0  242  0  0  0  0  0  0  0  46  0  0  0  0  0  0  0  0  0  0  0  1548  0  54  0  0  0  0  0  0  0  0  0  0  0  0  0  0  0  0  0  0  0  0  149  0  0  0  0  0  0  0  0  0  0  0  0  0  0  0  0  0  0  0  0  0  
7  0  0  60684  0  8  0  0  0  0  0  0  23  12841  46  0  377  2977  0  0  0  0  0  59  0  0  0  0  3860  0  0  0  1  20  44  0  0  0  4  22155  0  0  0  0  206  0  2160  13  42317  0  0  26748  4  0  0  0  0  0  0  0  0  0  0  0  0  6  0  33328  0  0  0  0  0  0  0  0  0  0  0  1  1  0  0  0  0  0  0  0  1  0  0  0  0  0  0  0  0  0  0  0  0  0  0  0  0  0  0  0  0  0  0  0  0  0  0  0  0  0  0  0  0  0  0  0  0  0  0  0  0  0  0  0  0  0  0  0  0  0  0  1  0  0  0  0  0  0  0  0  0  86  0  0  12119  6  0  7  0  0  1  0  
17  0  0  0  0  11  0  0  0  0  0  28  0  7850  0  0  0  8  0  0  0  0  0  28242  0  0  0  0  0  0  0  1  0  0  0  0  0  0  10310  0  0  0  0  0  0  0  5180  0  184  0  0  0  0  0  0  0  0  0  0  0  0  4588  8  2475  0  1  0  1  0  15  0  0  0  0  0  0  0  0  0  0  0  0  0  0  0  0  0  0  0  0  0  0  0  0  0  0  0  0  0  0  0  0  0  0  0  0  0  0  0  0  0  0  0  0  0  0  0  0  0  0  0  0  0  0  0  0  0  0  0  0  0  0  0  0  0  0  0  0  0  0  0  0  0  0  0  0  0  0  0  0  0  0  34  0  0  0  0  0  0  0  
2497  0  0  0  54  1530  0  0  0  0  0  11955  9566  0  2160  0  0  17  0  0  0  0  0  368  0  0  0  0  2  0  0  13  0  0  0  0  0  0  18859  20690  0  0  0  0  0  0  588  0  20593  0  0  39414  471  1  0  0  0  0  0  0  0  30248  0  928  0  607  0  3  0  12  0  0  0  0  12  0  0  0  26  30  0  0  0  0  0  0  0  1  7  0  0  0  0  0  0  0  0  0  0  0  0  0  0  0  0  0  0  0  0  0  0  0  0  5  0  0  0  0  0  0  1  0  0  0  0  13  11  0  0  0  0  0  0  0  0  1  0  0  0  25  0  1  0  0  0  0  0  0  0  160  0  0  1209  3  0  73  0  0  8  0  
21029  0  0  0  16625  5865  6  0  0  0  0  185  0  3076  0  29678  0  0  0  0  0  0  0  15743  0  0  0  0  21330  0  0  0  0  0  0  0  0  0  5  0  0  0  0  0  187  0  1  0  1  0  0  104300  138647  106016  0  0  0  0  0  0  0  18612  0  1  0  28  0  35803  15420  112  0  0  0  0  1  0  0  0  2  1  0  0  0  0  0  0  0  0  0  0  0  0  0  0  0  0  0  0  0  0  0  0  0  0  0  0  0  0  0  0  0  0  0  0  0  0  0  0  0  0  0  0  0  0  0  0  0  0  0  0  0  0  0  0  0  0  0  0  0  0  1  0  0  0  0  0  0  0  0  3490  0  1  58  1  0  5  0  0  1  0  
1442  0  44324  0  55564  80201  51363  48513  107  0  0  0  0  2  41709  0  0  0  0  0  0  0  0  974  0  0  0  28  27889  66  5960  2  0  0  0  0  0  0  4  0  0  0  0  0  4528  4813  2  0  0  0  0  9  1973  139287  0  0  0  0  0  0  0  7  0  149  0  243  0  0  48140  23843  12  0  0  0  1  0  27  0  26  403  358  100  11  0  0  0  0  0  0  995  0  0  0  0  0  0  0  0  0  0  0  0  1  3  4  0  0  0  0  0  0  0  0  0  0  0  0  0  1  87  0  0  0  0  0  0  0  0  0  1  0  0  0  0  0  0  0  0  0  7  11  0  0  154  7  0  0  0  0  739  0  0  26  0  0  1  0  0  0  0  
0  0  0  2585  0  0  0  0  7  8  0  515  0  0  0  0  0  37766  0  0  0  0  6163  53  0  738  0  5  7  2  0  1461  418  14  16992  6  0  2  0  0  6621  0  3353  8  51  0  15  46003  17629  1  0  0  0  0  3  34  0  0  0  0  2  0  172  0  4  17  247  0  1  0  3  0  193  9  0  0  0  0  0  0  0  0  0  0  0  0  0  0  0  0  0  0  0  0  0  0  0  0  0  0  0  0  0  0  0  0  0  0  0  0  0  0  0  0  0  0  0  0  0  0  0  0  0  0  0  0  0  0  0  0  0  0  0  0  0  0  0  0  0  2  0  0  0  0  0  0  0  0  4421  3  581  132  83318  21  0  0  0  0  0  0  
0  0  0  4987  0  0  0  0  0  0  0  11086  50  68  0  0  42128  0  0  0  0  0  6011  3527  0  1  0  0  0  0  0  6146  29  76  2618  0  1  0  11  32  4  0  867  0  9  0  30159  2700  42009  0  0  3  1  0  0  0  0  0  3  0  0  1  14081  0  0  0  1  1  0  0  0  1  59  7  0  0  0  0  0  0  0  0  0  0  0  0  0  0  0  0  0  0  0  0  0  0  0  0  0  0  0  0  0  0  0  0  0  0  0  0  0  0  0  0  0  0  0  0  0  0  0  0  0  0  0  0  0  0  0  0  0  0  0  0  0  0  0  0  0  0  0  0  0  0  0  0  0  0  10647  1  412  1066  67221  31  0  0  0  1  0  0  
0  52406  0  0  0  0  0  0  6  2  181  0  0  0  0  0  0  0  0  10438  9  236  5  0  37006  14  18  0  0  6  0  0  0  0  0  4  17  1004  0  0  111  16381  0  3958  2  0  0  16  1  0  1757  0  0  0  7  507  127962  58565  48820  2  884  0  0  0  52  2  0  0  0  0  14  8  36672  1  0  0  0  0  0  0  0  0  0  0  0  0  0  0  0  0  0  0  0  0  0  0  0  0  0  0  0  0  0  0  0  0  0  0  0  0  0  0  0  0  0  0  0  0  0  0  0  0  0  0  0  0  0  0  0  0  0  0  0  0  0  0  0  0  0  0  0  0  0  0  0  0  0  0  3  1  13  2  20  0  0  0  0  0  0  0  
0  0  0  0  0  0  0  0  7  0  94066  0  0  0  0  0  0  0  12723  0  0  5  0  0  1121  0  17037  0  0  258  0  0  0  0  0  0  0  0  0  0  0  23512  0  954  0  0  0  0  0  0  1  0  0  0  0  9930  203  40863  0  0  3  0  0  0  33839  1  1  0  0  0  174  0  20  0  0  0  0  0  0  0  0  0  0  0  488  0  0  0  0  0  0  0  0  6  0  0  0  0  0  0  0  0  0  9  0  0  0  0  0  0  0  0  0  0  0  507  0  0  0  0  0  0  0  0  0  0  0  0  0  0  0  0  0  0  0  0  0  0  0  0  0  0  0  0  0  0  0  0  0  0  0  1  1  0  0  0  0  0  0  0  
0  39287  0  0  0  0  0  0  0  2  0  0  0  0  0  0  0  0  30  0  0  5624  12722  0  1  0  0  0  0  0  0  8  0  25  25  0  8649  467  0  0  18  1  917  4  0  0  0  39  0  46307  14663  0  0  0  0  0  42  0  8322  94131  138875  0  4  0  0  0  0  0  0  2  1  5260  454  2  0  0  0  0  0  0  0  0  0  0  0  0  0  0  0  0  0  0  0  0  1  8  1  0  0  0  0  0  0  0  0  0  0  0  0  0  0  0  0  0  0  0  0  0  0  0  0  0  0  0  3  0  0  0  0  0  0  0  0  0  0  0  0  0  0  0  0  0  0  0  0  0  0  0  2  0  259  114  2  0  0  0  0  9  0  0  
0  8714  0  0  0  0  0  0  0  5875  2885  0  0  0  0  0  0  0  358  5  5414  0  23532  0  0  0  0  0  0  1344  0  1  0  0  0  0  0  3  0  0  16  39584  0  119076  0  0  0  11  0  0  33135  0  0  0  0  1  5144  2197  1325  0  77500  0  1  0  285  1  0  0  0  0  1  0  64  1  0  0  0  0  0  0  0  0  0  4  67  0  0  0  0  0  0  0  0  0  0  8265  0  0  0  0  0  0  0  0  0  0  0  0  0  0  0  0  0  0  0  346  0  57  0  0  0  0  0  0  0  0  0  0  0  0  0  0  0  1  0  0  0  0  0  0  0  0  0  0  0  0  0  0  0  0  3806  73  1  1  0  0  0  2  0  0  
0  45  0  0  0  0  0  0  1  19669  0  8  0  0  0  0  6526  19083  10  0  9431  8839  0  11  3  0  0  0  0  4  4  7150  0  5  16987  0  209  16  0  0  205  1  46769  20238  3  0  4  1759  1  11435  26  0  0  0  11  10  67  0  72  17  61811  0  21  0  4  2  2  0  0  12  3  6  286  1  0  0  0  0  0  0  0  0  0  0  0  0  0  0  0  0  0  0  0  0  0  0  3  0  0  0  0  0  0  0  0  0  0  0  0  0  0  0  0  0  0  0  0  0  0  0  0  0  0  0  0  0  0  0  0  0  0  0  0  0  0  0  0  0  0  0  0  0  0  0  0  0  0  0  37033  1  79376  6229  620  6  0  0  0  36  0  0  
73623  0  0  1  1104  412  0  0  0  0  0  214  32495  494  11124  536  17  3094  0  0  0  0  20  0  0  0  0  0  0  0  14401  767  0  12  23  0  0  0  595  0  0  0  18  0  0  0  43234  2  27  0  0  23  34  0  0  0  0  0  0  0  0  50176  82584  129395  0  16  0  0  0  7841  0  0  0  0  2  0  0  0  0  2  0  0  0  0  0  0  0  0  0  0  0  0  0  0  0  0  0  36  0  0  0  0  0  0  1078  0  0  0  0  0  0  0  0  0  0  0  0  0  0  0  0  0  0  0  0  0  0  0  0  0  0  0  0  0  0  0  11  0  0  1  0  0  0  9  0  0  0  0  32  0  2  0  17060  1  0  0  0  0  0  0  
0  1  1  0  0  0  0  1  80  46  0  0  0  0  0  0  0  4  29330  1915  0  0  4  0  0  17664  7074  422  1  25  0  0  0  18  0  11  0  49  0  0  214  0  0  35  6  0  0  13  7  0  2  0  0  0  64437  95392  24  5632  7  0  71  0  0  0  418  45  1015  4  4  0  674  0  96883  1  0  0  0  0  0  0  0  0  0  0  0  0  0  0  0  0  0  0  0  0  0  0  0  0  0  0  0  0  0  0  0  0  0  0  0  0  0  0  0  0  0  0  0  0  0  0  0  0  0  0  0  0  0  0  0  0  0  0  0  0  0  0  0  0  0  1  0  0  0  0  0  0  0  0  4  2  6  34  94  10  0  0  0  0  0  0  
0  0  2  34480  0  0  0  3  215  187  0  0  0  0  0  0  177  16  3  0  0  0  1  0  15025  0  662  7583  18  43  0  1  704  8242  0  33058  0  0  0  7  67090  0  0  160  1300  1  0  99  13491  0  0  0  0  1  49723  6067  1  31  1  0  7  0  0  0  100  791  83323  76  23  0  109  0  14255  2  0  0  0  0  0  0  0  0  3  0  0  0  0  0  0  0  0  0  0  0  0  0  0  0  0  0  0  0  0  0  0  0  0  0  0  0  0  0  0  0  0  0  0  0  1  0  0  0  0  0  0  0  0  0  2  3  0  1  0  0  0  0  0  0  0  7  2  0  0  0  0  0  0  0  23  66  5  810  6083  415  0  0  0  0  0  0  
0  0  22026  0  0  0  0  1  107  5  83  0  0  0  0  1  0  2  22  14938  0  0  0  0  8262  2926  0  514  0  101597  0  0  0  0  0  0  0  0  0  0  13  0  0  7  21  22477  0  1  0  0  0  0  0  0  4  112781  0  70  0  0  0  0  0  0  20406  111  40326  0  1  0  8048  0  1  0  0  0  0  0  0  0  0  0  1  0  85  0  0  0  0  0  0  0  0  4  0  0  0  0  0  0  1  0  0  155  0  0  0  0  0  0  0  0  0  0  0  0  0  0  0  0  0  0  0  0  0  0  0  0  0  1  0  0  0  0  0  0  0  0  3  4  0  0  0  0  4  0  0  0  2  0  0  75  41  19  0  0  0  0  0  0  
0  0  30726  21672  0  0  0  1  17  6  0  0  0  0  0  70  1  1  0  0  0  0  0  0  135  12331  406  0  17279  3  0  0  0  0  0  0  0  0  0  0  32  0  0  4  160583  8357  0  5  134  0  0  1  0  1  7  98  0  1  0  0  1  0  0  0  3  14  91959  15  16  0  4  0  25  0  0  0  0  0  0  0  0  0  0  0  0  0  0  0  0  0  0  0  0  0  0  0  0  0  0  0  0  0  0  0  0  0  0  0  0  0  0  0  0  0  0  0  0  0  0  0  0  0  0  0  0  0  0  0  0  0  0  0  0  0  0  0  0  0  0  0  0  0  0  0  0  0  0  0  0  64  0  47  998  31  0  0  0  0  0  0  
11  0  23518  14637  1  14  0  6086  59  5  0  4053  0  4  11809  27627  0  2  0  0  0  0  0  0  1  4  0  19520  0  0  0  0  0  0  0  0  0  0  0  16  38  0  0  31  152787  5201  0  53  3636  0  0  3713  4  1823  2  10  0  0  0  0  0  1  0  0  0  552  836  91243  91640  0  5  0  1  0  0  0  1  0  1  0  0  0  2  0  0  0  0  0  0  0  0  0  0  0  0  0  0  0  0  0  0  0  0  1  0  0  0  0  0  0  0  0  0  0  1  0  0  0  0  1  0  0  0  0  0  0  0  0  0  9  0  0  0  0  0  1  0  0  0  14  2  0  0  0  0  0  2  0  2  146  0  317  2488  38  0  0  0  1  0  0  
0  0  20225  0  0  0  0  9  5694  12986  1049  0  0  0  0  72  0  0  4  419  0  1186  2  0  7  29  98876  0  3  0  0  0  0  0  0  7  0  0  0  0  213  0  0  9378  23  40306  0  4  4  0  0  0  0  0  16  23900  19  90  7  0  11  0  0  0  62609  1816  381  0  2  0  78598  0  2221  3  0  0  25  0  0  0  0  0  61  11  6169  0  0  0  0  1  0  0  0  94  0  858  0  0  0  0  127  0  0  11549  0  0  0  0  0  0  0  0  0  0  0  0  0  42  0  48  0  0  0  0  0  0  0  0  0  0  0  0  0  0  0  0  0  0  234  9  0  0  0  0  5981  0  0  0  3  7  7  32  102  12  0  0  0  0  0  0  
20687  0  0  0  14069  77  0  0  0  0  0  0  0  0  0  5818  0  0  0  0  0  0  1  27196  0  0  0  0  0  0  0  8060  0  0  0  0  0  0  1  0  0  0  0  0  0  0  1  0  0  0  0  0  0  0  0  0  0  0  0  0  0  1  54698  235  0  0  0  0  0  42050  0  0  0  0  44  0  0  0  10  2112  0  0  0  0  0  0  0  0  0  4  0  0  0  0  0  0  0  2  0  0  0  0  0  0  6518  76  0  0  0  0  0  0  0  0  0  0  0  0  0  0  0  0  0  0  0  0  0  0  0  0  0  0  0  0  0  0  0  0  0  0  0  0  0  2578  0  0  0  0  0  0  0  9  658  1  0  0  0  1  0  0  
13  0  0  0  0  7354  0  0  0  0  0  1  1  3  0  0  1250  15209  0  0  2  0  8245  203  0  0  0  0  0  0  7225  0  0  0  2  0  0  0  10  0  0  0  0  0  0  0  293  1  1  0  0  3  0  0  0  0  0  0  0  0  0  5  30535  87  0  8217  1  0  0  24373  0  0  0  0  0  0  0  0  0  375  0  0  0  0  0  0  0  0  0  0  0  1  0  0  0  0  1  0  0  0  0  0  0  0  427  4930  0  0  0  0  0  0  0  0  0  0  0  0  0  0  0  0  0  0  0  0  0  0  0  0  0  0  0  0  0  0  3  0  0  861  0  0  0  48  0  0  0  0  9278  144  810  3245  48613  9003  1  2256  25  253  4  4  
0  0  0  339  0  0  0  0  0  0  0  0  0  0  0  0  52  6  0  0  0  0  0  0  0  1067  0  0  0  0  0  0  0  28864  6852  10647  0  0  0  0  10483  0  0  0  0  0  0  44308  44  0  0  0  0  0  0  0  0  0  0  0  0  0  0  0  0  0  0  0  0  0  0  0  501  51459  0  0  0  0  0  0  0  0  0  0  0  0  0  0  0  0  0  0  0  0  0  0  0  0  0  0  0  0  0  0  0  0  0  0  0  0  0  0  0  0  0  0  0  0  0  0  0  0  0  0  0  0  0  0  0  0  0  0  0  0  0  0  0  0  0  0  0  0  0  0  0  0  0  0  2  0  8  4  452  0  0  0  0  0  0  0  
0  0  0  214  0  0  0  0  0  1  0  66  0  0  0  0  24  30  0  0  123  0  0  6  8  5853  0  0  0  1  0  0  38600  0  88362  65707  695  10155  0  0  321  0  25542  0  0  0  6  30479  1  859  0  0  0  0  195  0  0  0  0  340  59  0  0  0  0  1  0  0  0  0  0  1370  99389  22869  0  0  0  0  0  0  0  0  0  0  0  0  0  0  0  0  0  0  0  0  0  0  0  0  0  0  0  0  0  0  0  0  0  0  0  0  0  0  0  0  0  0  0  0  0  0  0  0  0  0  0  0  0  0  0  0  0  0  0  0  0  0  0  0  0  0  0  0  0  0  0  0  0  0  0  0  9  5  2  0  0  0  0  0  0  0  
0  0  0  8  0  0  0  0  0  0  0  131  1  0  0  0  18566  13254  0  0  38  0  18167  46  0  0  0  0  0  0  0  3  5352  71488  0  0  175  131  0  0  0  0  41887  0  0  0  12  55010  0  76  0  0  0  0  0  0  0  0  1  137  55  0  2  0  0  0  0  0  0  0  0  641  19609  127  0  0  0  0  0  0  0  0  0  0  0  0  0  0  0  0  0  0  0  0  0  0  0  0  0  0  0  0  0  0  0  0  0  0  0  0  0  0  0  0  0  0  0  0  0  0  0  0  0  0  0  0  0  0  0  0  0  0  0  0  0  0  0  0  0  0  0  0  0  0  0  0  0  0  7523  0  55  0  49  0  0  0  0  0  0  0  
0  0  0  1  0  0  0  1  164  96  0  0  0  0  0  0  0  0  0  0  0  0  0  0  19  43934  0  0  0  20  0  0  8383  60886  0  0  0  3  0  0  41980  0  0  110  6  0  0  118  4  0  1  0  0  0  10712  390  2  23  0  0  7  0  0  0  91  445  184  0  1  0  38  0  22701  29971  0  0  0  0  0  0  0  0  0  0  0  0  0  0  0  0  0  0  0  0  0  0  0  0  0  0  0  0  0  0  0  0  0  0  0  0  0  0  0  0  1  0  0  0  0  0  0  0  0  0  0  0  0  0  0  0  0  0  0  0  0  0  0  0  0  0  0  0  0  0  0  0  0  0  9  2  161  52  136  5  0  0  0  0  0  0  
0  2679  0  0  0  0  0  0  0  0  0  0  0  0  0  0  0  0  0  0  10381  0  36  0  0  0  0  0  0  0  0  0  0  346  159  0  0  28869  0  0  0  0  27264  0  0  0  0  346  0  71131  0  0  0  0  0  0  0  0  1262  97960  1110  0  0  0  0  0  0  0  0  0  0  135681  1681  0  0  0  0  0  0  0  0  0  0  0  0  0  0  0  0  0  0  0  0  0  0  0  0  0  0  0  0  0  0  0  0  0  0  0  0  0  0  0  0  0  0  0  0  0  0  0  0  0  0  0  0  0  0  0  0  0  0  0  0  0  0  0  0  0  0  0  0  0  0  0  0  0  0  0  0  0  7  0  0  0  0  0  0  0  0  0  
0  2842  0  0  0  0  0  0  0  0  0  0  0  0  0  0  1  3  724  0  2127  3  31  0  35  1  0  0  0  0  0  0  0  12485  89  3  26814  0  0  0  32  0  28776  4  1  0  0  1001  1  15124  9  0  0  0  2  0  53  7  33202  8368  20753  0  0  0  1  0  0  0  0  0  0  131262  157660  29  0  0  0  0  0  0  0  0  0  0  0  0  0  0  0  0  0  0  0  0  0  0  0  0  0  0  0  0  0  0  0  0  0  0  0  0  0  0  0  0  0  0  0  0  0  0  0  0  0  0  0  0  0  0  0  0  0  0  0  0  0  0  0  0  0  0  0  0  0  0  0  0  0  0  26  0  2290  33  62  0  0  0  0  0  0  0  
2694  0  0  0  12  800  0  0  0  0  0  10  10666  29098  2  1  0  7  0  0  0  0  0  514  0  0  0  0  0  0  0  62  0  0  0  0  0  0  0  112  0  0  0  0  0  0  8394  0  17056  0  0  148  13  0  0  0  0  0  0  0  0  4076  56  4944  0  170  0  0  0  201  0  0  0  0  1  0  0  0  0  0  0  0  0  0  0  0  0  0  0  0  0  0  0  0  0  0  0  0  0  0  0  0  0  0  0  0  0  0  0  0  0  0  0  0  0  0  0  0  0  0  0  0  0  0  0  2  1  0  0  0  0  0  0  0  0  0  0  0  0  11  0  0  0  0  0  0  0  0  0  9  0  0  1270  0  0  6  0  0  0  0  
45  0  0  0  1  70  0  0  0  0  0  37222  0  20676  3  0  0  7  0  0  0  0  0  0  0  0  0  0  15  0  0  0  0  0  0  0  0  0  33  0  2  0  0  0  5  0  1  0  31040  0  0  1919  27  0  0  0  0  0  0  0  0  18  0  0  0  71  0  85  0  0  0  0  0  0  0  0  0  0  1  4  0  0  0  0  0  0  0  0  0  0  0  0  0  0  0  0  0  0  0  0  0  0  0  0  0  0  0  0  0  0  0  0  0  1  0  0  0  0  0  0  0  0  1  0  0  4  1  0  0  0  0  0  0  0  0  0  0  0  0  3  0  0  0  0  0  0  0  0  0  330  0  3  9640  6  0  25  0  0  1  0  
0  17  0  1109  0  2  0  3  1121  736  0  10  0  1  0  0  3496  46  10  0  4  2  14  0  114  62379  4  12  86  152  0  3  9924  365  0  46452  0  12  0  64  0  0  0  634  2337  2  0  26110  21631  0  28  3  0  1  3781  2000  23  118  29  0  593  1  0  0  613  1810  1409  912  17  0  445  0  14949  10952  0  0  0  0  0  0  0  0  0  4  0  0  0  0  0  0  0  0  0  0  0  0  0  0  1  0  0  0  0  0  0  0  0  0  0  0  0  0  0  0  0  0  0  0  0  0  0  0  0  0  0  0  0  0  1  1  0  0  0  0  0  0  0  0  0  3  0  0  0  0  0  0  0  0  261  71  7206  4705  66954  1317  0  0  1  0  1  0  
0  35911  0  0  0  0  0  0  0  0  18349  0  0  0  0  0  0  0  18143  26070  9  55920  0  0  0  0  0  0  0  0  0  0  0  0  0  0  0  0  0  0  0  0  0  25404  0  0  0  0  0  0  6878  0  0  0  0  0  29741  533  3  0  251  0  0  0  0  0  0  0  0  0  0  0  1  0  0  0  0  0  0  0  0  0  0  0  17  0  0  0  0  0  0  0  0  0  0  3  0  0  0  0  0  0  0  0  0  0  0  0  0  0  0  0  0  0  0  84  0  0  0  0  0  0  0  0  0  0  0  0  0  0  0  0  0  0  0  0  0  0  0  0  0  0  0  0  0  0  0  0  0  0  0  0  0  0  0  0  0  0  0  0  
0  0  0  0  0  0  0  0  0  0  0  0  0  0  0  0  1225  510  0  0  592  0  40630  20  0  0  0  0  0  0  0  0  0  23181  30735  0  20310  25747  0  0  0  0  0  0  0  0  0  22514  0  26473  0  0  0  0  0  0  0  0  2  1252  957  0  1  1  0  0  0  0  0  0  0  4849  6916  0  0  0  0  0  0  0  0  0  0  0  0  0  0  0  0  0  0  0  0  0  0  0  0  0  0  0  0  0  0  0  0  0  0  0  0  0  0  0  0  0  0  0  0  0  0  0  0  0  0  0  0  0  0  0  0  0  0  0  0  0  0  0  0  0  0  0  0  0  0  0  0  0  0  0  16503  0  1766  0  1  0  0  0  0  0  0  0  
0  777  0  1  0  0  1  16  730  28632  78149  0  0  0  0  0  1  5  1507  747  11  97600  13911  0  7  131  14  1  15  11449  0  0  0  0  0  8  0  12  0  0  785  14755  0  0  66  1  0  34  26  0  3034  0  0  0  41  303  19641  27601  1275  0  2631  0  0  0  37858  5313  669  4  6  0  868  0  4503  2  0  0  0  0  0  0  0  0  1  31  89  0  0  0  0  0  0  0  0  0  0  762  2  0  0  0  0  0  0  0  0  0  0  0  0  0  0  0  0  0  0  198  0  43  0  0  0  0  0  0  1  0  0  0  0  0  0  0  0  0  0  0  0  0  0  1  0  0  0  0  0  0  1  0  6  20  3329  132  367  50  0  0  0  7  0  0  
4  2  65967  22880  0  16  2  6560  1216  115  0  36  0  2  207  6239  7  33  0  0  0  0  1  0  42  680  16  208631  142073  22  0  1  0  0  0  3  0  0  0  53  1436  0  0  159  0  85836  0  339  32877  0  0  15  6  4667  89  527  1  12  0  0  9  1  0  0  51  3994  32120  6920  24280  0  145  0  152  0  0  0  0  0  1  0  0  0  4  0  0  0  0  0  0  1  0  0  0  0  0  0  0  0  0  2  0  0  0  0  0  0  0  0  0  0  0  0  0  0  1  0  0  0  2  1  0  0  0  0  0  0  0  0  0  17  0  0  0  0  0  0  0  0  0  37  10  0  0  0  1  0  3  0  36  24055  3  3033  19231  1339  0  2  0  0  0  0  
0  0  34309  0  0  0  1  19562  24612  24  0  0  0  0  0  4036  0  1  0  0  0  0  0  0  5  6  25920  3596  1469  34223  0  0  0  0  0  1  0  0  0  0  13  0  0  25  31392  0  0  5  14  0  0  0  0  0  13  322  0  2  0  0  0  0  0  0  4  215  50950  1  634  0  20842  0  8  0  0  0  18  0  0  0  0  4  4  0  0  0  0  0  0  4  0  0  0  0  0  0  0  0  0  0  3  0  0  437  0  0  0  0  0  0  0  0  0  0  0  0  0  0  0  48  0  0  0  0  0  0  0  0  0  1  0  0  0  0  0  0  0  0  0  8  0  0  0  0  964  0  0  0  4  52  0  53  125  38  0  0  0  0  0  0  
2881  0  0  0  18  879  3  0  0  0  0  2572  4305  463  2  0  8  22887  0  0  0  0  11  47823  0  0  0  0  0  0  0  160  0  4  7  0  0  0  8969  2  0  0  0  0  0  0  0  1  8314  0  0  234  9  0  0  0  0  0  0  0  0  1644  2382  5466  0  140  0  0  0  526  0  0  0  0  0  0  0  0  1  0  0  0  0  0  0  0  0  0  0  0  0  0  0  0  0  0  0  0  0  0  0  0  0  0  0  0  0  0  0  0  0  0  0  0  0  0  0  0  0  0  0  0  0  0  0  0  1  0  0  0  0  0  0  0  0  0  0  0  0  4  0  0  0  0  0  0  0  0  16  1  0  9  51079  1  0  2  0  0  0  0  
0  0  0  136  0  0  0  0  8  10  0  22  0  0  0  0  37025  8200  1  0  43  0  1702  10  2  323  0  0  40  2  0  0  32157  23572  52495  43  188  348  0  0  25937  0  26053  9  271  0  3  0  282  220  2  0  0  0  10  47  0  1  37  143  314  0  0  0  8  17  206  0  0  0  10  648  91641  38789  0  0  0  0  0  0  0  0  1  0  0  0  0  0  0  0  0  0  0  0  0  0  0  0  0  0  0  0  0  0  0  0  0  0  0  0  0  0  0  0  0  0  0  0  0  0  0  0  0  0  0  0  0  0  0  0  0  0  0  0  0  0  0  0  0  1  0  0  0  0  0  0  1  0  11635  10  14816  5314  98055  166  0  0  0  0  1  0  
1819  1  0  54614  15  679  1  1  26  68  0  38427  66  18898  26  0  17103  38119  0  0  0  0  1  83  8  9362  0  55  3217  16  0  3  40  0  1  4  0  0  12391  32015  27662  0  0  50  30028  1  7534  340  0  0  1  5445  158  28  34  244  2  7  1  0  3  3091  0  9  32  383  2145  21363  16  10  55  0  108  0  5  0  0  0  25  14  0  0  0  0  0  0  0  0  4  0  0  0  0  0  0  0  0  0  0  0  0  0  0  0  0  0  0  0  0  0  0  0  0  1  0  0  0  0  0  0  0  0  0  0  0  9  7  0  1  0  0  0  0  0  0  0  0  0  0  13  0  1  0  0  0  0  0  0  11  633  7  556  122765  171  0  78  0  0  5  0  
0  0  0  0  0  0  0  0  0  0  0  0  0  0  0  0  6  2  0  0  34566  0  8151  0  0  0  0  0  0  0  0  0  0  993  76  0  58316  12745  0  0  0  0  45107  0  0  0  0  427  0  0  0  0  0  0  0  0  0  0  1  11841  26377  0  0  0  0  0  0  0  0  0  0  21730  5771  0  0  0  0  0  0  0  0  0  0  0  0  0  0  0  0  0  0  0  0  0  0  0  0  0  0  0  0  0  0  0  0  0  0  0  0  0  0  0  0  0  0  0  0  0  0  0  0  0  0  0  0  0  0  0  0  0  0  0  0  0  0  0  0  0  0  0  0  0  0  0  0  0  0  0  5  0  4253  0  0  0  0  0  0  0  0  0  
0  40766  0  0  0  0  0  0  1  0  1  0  0  0  0  0  0  0  1801  0  11588  37618  5  0  0  0  0  0  0  0  0  0  0  0  0  0  1  0  0  0  20  10808  0  3328  2  0  0  5  0  0  0  0  0  0  0  0  14038  13  4027  24  35005  0  0  0  3  0  0  1  0  0  1  5  256  1  0  0  0  0  0  0  0  0  0  0  0  0  0  0  0  0  0  0  0  0  0  0  0  0  0  0  0  0  0  0  0  0  0  0  0  0  0  0  0  0  0  0  0  0  0  0  0  0  0  0  0  0  0  0  0  0  0  0  0  0  0  0  0  0  0  0  0  0  0  0  0  0  0  0  0  0  7  1  15  0  0  0  0  0  0  0  
1652  0  0  0  134  7002  695  2  2  0  0  27477  0  56686  106948  9  0  0  0  0  0  0  0  13  0  0  0  2  343  0  0  35  0  0  0  0  0  0  65  2257  0  0  0  1  3  0  43  1  558  0  0  0  40348  4735  0  0  0  0  0  0  0  5567  0  2  0  4697  2  42188  12  1  0  0  0  0  14  0  0  0  228  192  11  0  0  0  0  4  0  3  53  2  0  0  0  0  0  0  0  0  0  0  0  0  1  0  0  0  0  0  0  0  0  0  2  58  0  0  0  0  4  0  1  0  8  0  0  114  62  3  0  0  0  0  0  0  0  6  0  0  0  122  1  11  0  0  0  0  0  0  0  24129  0  17  26326  84  0  1336  0  0  62  0  
22016  0  0  0  15497  11112  341  2  0  0  0  8  0  1704  144905  3966  0  1  0  0  0  0  0  37  0  0  0  0  0  0  0  15  0  0  0  0  0  0  15  15  0  0  0  0  3  0  36  0  48  0  0  62258  0  29902  0  0  0  0  0  0  0  12024  0  4  0  1370  0  4  2  5  0  0  0  0  5  0  0  0  60  83  4  0  0  0  0  1  0  0  13  0  0  0  0  0  0  0  0  0  0  0  0  0  0  0  0  0  0  0  0  0  0  0  0  12  0  0  0  0  0  0  0  0  5  0  0  34  19  2  0  0  0  0  0  0  0  0  0  0  0  55  1  6  0  0  0  0  0  0  0  1998  0  8  3701  79  0  699  0  0  33  0  
70  0  0  0  245  36957  53441  1701  7  1  0  6  0  0  101580  152322  0  0  0  0  0  0  0  1  0  0  0  0  8878  0  0  0  0  0  0  0  0  0  1  0  0  0  0  0  4069  0  0  0  2  0  0  7563  29167  0  0  0  0  0  0  0  0  1  0  2  0  5164  2  6922  33484  6  1  0  1  0  0  0  12  0  0  0  2  2  0  0  0  0  0  0  0  0  0  0  0  0  0  0  0  0  0  1  0  0  3  0  0  0  0  0  0  0  0  0  0  0  1  0  0  0  31  1  0  0  0  0  0  0  0  0  0  3  0  0  0  0  0  0  0  0  0  21  109  0  5  0  0  0  0  0  0  46715  0  20  805  42  0  47  0  1  8  0  
0  0  0  3  0  1  0  1  968  510  0  0  0  0  0  0  1  4  4  1  0  0  13  0  53697  58475  2  5  1  116  0  0  0  329  0  9784  0  3  0  0  8263  0  0  549  153  0  0  35  67  0  1  1  0  1  0  26113  5  80  5  0  440  0  0  0  442  2000  1700  54  5  0  329  0  44112  2  0  0  0  0  0  0  0  0  0  0  0  0  0  0  0  0  0  0  0  0  0  0  0  0  0  0  0  0  0  0  0  0  0  0  0  0  0  0  0  0  1  0  0  0  0  0  0  0  0  0  0  0  0  0  0  1  0  0  0  0  0  0  0  0  0  0  1  0  0  0  0  0  0  0  7  20  72  69  779  32  0  0  0  0  0  0  
1  4  0  4  0  0  0  9  4835  1677  17  0  0  0  0  0  1  23  295  14920  1  7  6  0  93830  4083  133427  333  11  13403  0  2  0  0  0  98  0  2  0  0  2675  1  0  1409  410  239  0  40  141  0  6  0  0  1  35457  0  114  24800  34  0  213  0  0  0  31576  5689  44699  23  19  0  52725  0  6595  2  0  0  0  0  0  0  0  0  11  1  0  0  0  0  0  0  0  0  0  0  0  0  0  0  1  0  0  0  0  0  0  0  0  0  0  0  0  0  0  0  0  0  0  0  0  0  0  0  0  0  0  0  0  0  1  6  0  0  0  0  0  0  0  0  1  42  6  0  0  0  0  0  3  0  33  15  20  849  1758  298  0  0  0  0  0  0  
0  14353  0  0  0  0  0  0  15  14  340  0  0  0  0  0  0  0  123484  483  17  5398  25  0  17  0  0  0  0  35  0  0  0  0  0  0  1  19  0  0  92  25531  0  14323  2  0  0  18  0  0  8905  0  0  0  1  12  0  9821  15594  2  3656  0  0  0  260  9  0  0  0  0  48  0  19376  3  0  0  0  0  0  0  0  0  0  0  0  0  0  0  0  0  0  0  0  0  0  0  0  0  0  0  0  0  0  0  0  0  0  0  0  0  0  0  0  0  0  0  0  0  0  0  0  0  0  0  0  0  0  0  0  0  0  0  0  0  0  0  0  0  0  0  0  0  0  0  0  0  0  0  2  0  33  0  19  0  0  0  0  0  0  0  
0  10  0  2  0  0  0  1  34  189  19259  0  0  0  0  0  0  0  67769  42239  0  3754  4  0  5679  146  139  1  0  315  0  0  0  0  0  32  0  1  0  0  1017  1132  0  25118  50  0  0  22  16  0  22  0  0  0  74  25082  18976  0  56  0  341  0  0  0  38647  37  14  16  1  0  1086  0  15313  4  0  0  0  0  0  0  0  0  0  0  0  0  0  0  0  0  0  0  0  0  0  0  0  0  0  0  0  0  0  0  0  0  0  0  0  0  0  0  0  0  0  0  0  0  0  0  0  0  0  0  0  0  0  0  0  0  0  0  0  0  0  0  0  0  0  0  0  0  0  0  0  0  0  0  2  16  9  28  274  9  0  0  0  0  0  0  
0  27031  0  0  0  0  0  0  6  5  0  0  0  0  0  0  2  1  47329  0  9680  382  125  0  3  0  0  0  0  10  0  0  0  0  0  3  427  36705  0  0  300  5  0  653  2  0  0  369  0  0  12600  0  0  0  12  9  24867  62  0  16303  42998  0  0  0  50  5  1  3  0  0  12  18197  12093  53  0  0  0  0  0  0  0  0  0  0  0  0  0  0  0  0  0  0  0  0  0  0  0  0  0  0  0  0  0  0  0  0  0  0  0  0  0  0  0  0  0  0  0  0  0  0  0  0  0  0  0  0  0  0  0  0  0  0  0  0  0  0  0  0  0  0  0  0  0  0  0  0  0  0  17  0  340  41  115  0  0  0  0  0  0  0  
0  6946  0  0  0  0  0  0  0  1  0  0  0  0  0  0  0  0  9  0  102389  0  9  0  1  0  0  0  0  0  0  0  0  44  55  0  65915  3184  0  0  19  0  1086  4  0  0  0  95  0  3998  478  0  0  0  2  1  23  0  22866  0  32445  0  0  0  0  0  0  0  0  0  0  39809  1362  0  0  0  0  0  0  0  0  0  0  0  0  0  0  0  0  0  0  0  0  0  0  0  0  0  0  0  0  0  0  0  0  0  0  0  0  0  0  0  0  0  0  0  0  0  0  0  0  0  0  0  0  0  0  0  0  0  0  0  0  0  0  0  0  0  0  0  0  0  0  0  0  0  0  0  0  0  97  0  2  0  0  0  0  0  0  0  
0  12131  0  0  0  0  0  0  4  18  0  0  0  0  0  0  29  16  1345  0  120892  75531  54123  0  33  7  0  2  0  2  0  0  0  33  26  4  369  10383  0  0  1939  130  2611  3466  39  0  0  182  8  23593  28183  0  0  1  258  104  2121  180  18379  16614  0  0  0  0  22  4  0  8  0  0  8  17452  16553  6  0  0  0  0  0  0  0  0  0  0  0  0  0  0  0  0  0  0  0  0  0  4  0  0  0  0  0  0  0  0  0  0  0  0  0  0  0  0  0  0  0  0  0  0  0  0  0  0  0  0  0  0  0  0  0  0  0  0  0  0  0  0  0  0  0  0  0  0  0  0  0  0  0  0  64  1  38318  42  174  1  0  0  0  1  0  0  
20425  0  0  0  83  1436  0  0  0  0  0  0  5802  44287  18945  2  0  0  0  0  0  0  0  44274  0  0  0  0  0  0  0  9  0  0  0  0  0  0  3378  13  0  0  0  0  0  0  254  0  65  0  0  5509  3128  0  0  0  0  0  0  0  0  0  2  21430  0  253  0  0  0  18  0  0  0  0  3  0  0  0  10  7  0  0  0  0  0  1  0  1  3  0  0  0  0  0  0  0  0  0  0  0  0  0  0  0  0  0  0  0  0  0  0  0  0  3  0  0  0  0  1  0  0  0  1  0  0  5  5  0  0  0  0  0  0  0  0  0  0  0  0  15  0  0  0  0  0  0  0  0  0  7  0  0  890  1  0  29  0  0  3  0  
28  0  0  0  0  208  0  0  0  0  0  38  4  4  0  1  155  15750  0  0  1  0  83  95000  0  0  0  0  0  0  49747  26231  0  2  2  0  0  0  50  0  0  0  0  0  0  0  4612  0  0  0  0  0  0  0  0  0  0  0  0  0  0  4  0  8749  0  0  0  0  0  19000  0  0  0  0  2  0  0  0  0  0  0  0  0  0  0  0  0  0  0  0  0  0  0  0  0  0  0  0  0  0  0  0  0  0  420  0  0  0  0  0  0  0  0  0  0  0  0  0  0  0  0  0  0  0  0  0  0  0  0  0  0  0  0  0  0  0  0  0  0  0  0  0  0  5  0  0  0  0  472  0  257  220  52044  154  0  0  0  1  0  0  
9315  0  0  0  440  3105  0  0  0  0  0  0  4516  4533  15  53  0  2  0  0  0  0  0  136980  0  0  0  0  0  0  67  194  0  0  0  0  0  0  9685  0  0  0  0  0  0  0  4780  0  46  0  0  4  1  1  0  0  0  0  0  0  0  28543  5187  0  0  151  0  0  0  4050  0  0  0  0  0  0  0  0  0  0  0  0  0  0  0  0  0  0  0  0  0  0  0  0  0  0  0  0  0  0  0  0  0  0  2  0  0  0  0  0  0  0  0  0  0  0  0  0  0  0  0  0  0  0  0  0  0  0  0  0  0  0  0  0  0  0  0  0  0  0  0  0  0  0  0  0  0  0  0  0  0  0  3161  0  0  2  0  0  0  0  
0  15  0  0  0  0  0  0  202  166  53537  0  0  0  0  0  0  1  81  47949  0  671  4  0  26  94  23730  0  0  91268  0  0  0  0  0  17  0  5  0  0  552  0  0  39923  24  0  0  28  14  0  29  0  0  0  51  37850  1015  33373  138  0  249  0  0  0  0  96  34  2  1  0  9726  0  8624  4  0  0  0  0  0  0  0  0  0  0  2131  0  0  0  0  0  0  0  0  70  0  42  0  0  0  0  0  0  0  114  0  0  0  0  0  0  0  0  0  0  0  0  0  0  0  0  0  0  0  0  0  0  0  0  0  0  0  1  0  0  0  0  0  0  154  0  0  0  0  0  1  0  0  0  2  3  30  32  196  8  0  0  0  0  0  0  
926  1  0  5  25  34347  34137  23874  50659  60493  0  16  0  802  20  67  2  25  1  0  0  10  1  27  22  698  33  14  1061  1848  0  12167  0  0  0  12  0  0  58  35  1149  0  0  5993  3268  4  83  62  231  0  0  4668  190  1429  79  1018  1  20  0  0  5  420  0  15  75  0  7644  10  238  3  770  0  308  0  93  0  23  1  340  2928  385  4241  9001  13283  0  5  1  20  103  15  0  0  0  0  0  161  0  0  25  2  0  2  13  31  4  31  0  0  0  1  0  0  0  76  23  0  0  16  605  154  8  1  32  0  0  195  125  88  7  243  0  16  0  0  1  9  0  0  29  33458  451  108  99  1  760  0  106  0  49  26570  1088  2636  11191  744  0  6041  66  100  475  4  
0  0  9988  573  0  1  0  26  1124  559  0  0  0  0  0  0  14  44  3  0  0  1  1  0  1047  102692  36011  83372  1225  153  0  2  0  0  0  86  0  0  0  0  931  0  0  799  32818  52180  0  105  751  0  2  0  0  3  2405  58066  6  87  1  0  23  0  0  0  183  12543  0  11  299  0  1057  0  891  1  0  0  1  0  0  0  0  3  101  2  0  0  0  0  0  0  0  0  0  0  0  0  0  0  1  0  0  0  0  0  0  0  0  0  0  0  0  0  0  0  0  0  0  0  0  2  0  0  1  0  0  0  0  0  2  29  0  2  0  0  0  0  0  0  1  316  22  0  0  0  4  0  11  0  90  309  1  4021  6783  1438  0  0  0  0  2  0  
67  0  0  16904  2  123  12  0  2  1  0  41124  0  27  43407  2  0  3  0  0  0  0  0  0  0  4  0  3  101356  0  0  0  0  0  0  0  0  0  0  233  13  0  0  0  10173  0  3  1  18246  0  0  60480  31  12173  0  1  0  0  0  0  1  10  0  0  0  215  2  0  4652  0  0  0  0  0  0  0  0  0  1  0  0  0  0  0  0  0  0  0  0  0  0  0  0  0  0  0  0  0  0  0  0  0  0  0  0  0  0  0  0  0  0  0  0  0  0  0  0  0  3  0  0  0  0  0  0  2  1  0  0  0  0  0  0  0  0  0  0  0  0  2  0  0  0  0  0  0  0  0  0  30898  0  274  36947  417  0  8  0  0  1  0  
0  0  1315  0  0  49  29  51600  271  7  0  0  0  0  16877  44103  0  0  0  0  0  0  0  0  2  19  3  27  114635  2  0  0  0  0  0  2  0  0  0  0  10  0  0  13  26596  2177  0  3  6  0  0  1  0  33391  4  23  0  1  0  0  0  0  0  0  6  3743  687  5510  0  0  22  0  5  0  0  0  11  0  0  0  0  5  0  0  0  0  0  0  0  0  0  0  0  0  0  0  0  0  0  0  0  0  3  0  0  0  0  0  0  0  0  0  0  0  0  0  0  0  6  6  0  0  0  0  0  0  0  0  1  2  0  0  0  0  0  0  0  0  0  40  92  0  0  0  0  0  0  0  0  49423  0  29  88  14  0  0  0  1  3  0  
11353  0  0  0  12270  54872  1  0  0  0  0  0  0  48  780  24384  0  2  0  0  0  0  6  16887  0  0  0  0  0  0  41187  20451  0  0  0  0  0  0  130  0  0  0  0  0  0  0  55  0  14  0  0  2  6  37  0  0  0  0  0  0  0  101  12207  3766  0  28  0  0  0  0  0  0  0  0  9  0  0  0  5  5574  0  0  0  0  0  0  0  0  0  35  0  0  0  0  0  0  0  0  0  0  0  0  0  0  873  457  0  0  0  0  0  0  0  0  0  0  0  0  0  0  0  0  0  0  0  0  0  0  0  0  0  0  0  0  0  0  0  0  0  11  0  0  0  999  0  0  0  0  5  0  43  905  9584  20  0  1  0  2  0  0  
0  1  23  1  0  0  0  47  74503  4841  1  0  0  0  0  8  1  11  9  461  0  7  0  0  189  162  6417  11  30  73978  0  1  0  0  0  20  0  1  0  0  463  0  0  388  240  19985  0  28  31  0  3  0  0  0  121  57590  70  455  17  0  73  0  0  0  4751  1144  2767  3  14  0  0  0  3382  0  0  0  5  0  0  0  0  0  2141  0  235  0  0  0  0  0  0  0  0  0  0  23  0  0  1  0  1  0  0  9422  0  0  0  0  0  0  0  0  0  0  0  0  0  2  0  23  0  0  0  0  0  0  0  0  0  4  0  0  0  0  0  0  0  0  14  8  0  0  0  0  16021  0  1  0  15  14  7  416  496  130  0  0  0  0  0  0  
0  1211  0  0  0  0  0  0  0  0  0  0  0  0  0  0  7  5  0  0  10536  0  33  0  0  0  0  0  0  0  0  0  0  1172  503  0  136560  124431  0  0  1  0  9725  0  0  0  0  1687  0  18014  1  0  0  0  0  0  1  0  20279  47039  26356  0  0  0  0  0  0  0  0  0  0  0  14555  1  0  0  0  0  0  0  0  0  0  0  0  0  0  0  0  0  0  0  0  0  0  0  0  0  0  0  0  0  0  0  0  0  0  0  0  0  0  0  0  0  0  0  0  0  0  0  0  0  0  0  0  0  0  0  0  0  0  0  0  0  0  0  0  0  0  0  0  0  0  0  0  0  0  0  13  0  2929  0  0  0  0  0  0  0  0  0  
0  805  0  5  0  0  0  2  848  699  2  0  0  0  0  0  145  130  36599  2  310  313  562  0  103228  26047  2  4  1  776  0  0  1088  94609  16529  22316  4787  174644  0  0  21836  49  9969  2372  450  1  0  98126  135  15627  2798  1  0  3  44922  6385  21473  7603  16594  750  52071  0  0  0  5116  1018  113  137  6  0  1724  14065  0  26139  0  0  0  0  0  0  0  0  0  0  0  0  0  0  0  0  0  0  0  0  0  0  0  0  0  0  0  0  0  0  0  0  0  0  0  0  0  0  0  0  0  0  0  0  0  0  0  0  0  0  0  0  0  0  0  2  0  0  0  0  0  0  0  0  0  0  0  0  0  0  0  0  0  0  855  45  25620  1332  5526  56  0  0  0  0  0  0  
0  0  0  0  0  0  0  0  2  1  0  0  0  0  0  0  10  29  1  0  1  0  0  0  0  3  0  0  0  0  0  0  47592  26211  14  31849  0  2  0  0  9704  0  2  0  1  0  0  42835  0  0  0  0  0  0  1  1  3  0  8  0  7  0  0  0  1  0  0  0  0  0  3  0  31461  0  0  0  0  0  0  0  0  0  0  0  0  0  0  0  0  0  0  0  0  0  0  0  0  0  0  0  0  0  0  0  0  0  0  0  0  0  0  0  0  0  0  0  0  0  0  0  0  0  0  0  0  0  0  0  0  0  0  0  0  0  0  0  0  0  0  0  0  0  0  0  0  0  0  0  402  0  605  1149  806  0  0  0  0  0  0  0  
13  0  0  0  3  9  0  0  0  0  0  0  0  3  0  14  0  0  0  0  0  0  0  6  0  0  0  0  0  0  186  0  0  0  0  0  0  0  1  0  0  0  0  0  0  0  0  0  1  0  0  3  0  0  0  0  0  0  0  0  0  4  5  0  0  32  0  0  0  177  0  0  0  0  0  0  0  0  47234  12869  1  0  0  0  0  8  6  690  6850  389  0  0  0  0  0  0  1  62126  0  0  0  0  0  0  16191  25  0  0  0  0  0  0  66  1070  0  0  0  0  10  0  236  0  81  0  0  105  19666  0  0  0  0  0  0  0  0  9801  356  3218  0  488  0  15  0  20703  0  0  0  0  0  0  0  0  13  0  0  5367  0  0  2039  0  
0  0  0  0  0  0  0  0  0  0  0  0  0  0  0  0  0  0  0  0  0  1  0  0  0  0  0  0  0  0  0  0  0  0  0  0  0  0  0  0  0  0  0  0  0  0  0  0  0  0  0  0  0  0  0  0  0  0  0  0  0  0  0  0  0  0  0  0  0  0  0  0  0  0  0  0  0  2  0  0  0  0  0  8  4  0  0  0  0  0  3  0  33553  0  12822  2980  15  0  1  6  0  0  0  0  0  0  0  0  0  2  27604  7  0  0  21  35087  0  856  16  0  0  33  14  0  32117  0  0  0  0  0  15278  117  35366  28687  13569  0  0  0  19  1  8  0  0  0  0  1292  1564  0  0  0  0  1  0  0  0  60  21  34  141  5  
0  0  279  0  0  0  0  5  5  0  0  0  0  0  0  62  0  0  0  0  0  0  0  0  0  0  0  0  0  319  0  0  0  0  0  0  0  0  0  0  0  0  0  0  0  55  0  0  0  0  0  0  0  0  0  0  0  0  0  0  0  0  0  0  0  4  0  0  0  0  125  0  0  0  0  0  0  0  0  0  0  2294  13  0  0  0  0  0  0  23637  0  0  0  0  0  0  0  0  1  0  9187  21920  15781  14490  0  0  0  0  0  0  0  0  0  0  11  0  0  0  18460  51328  0  0  0  0  0  0  0  0  3  159  0  1  0  0  0  0  0  0  0  152  10806  0  248  0  100  0  4  0  0  42  0  0  0  0  0  119  1  29  271  5  
0  0  0  0  0  0  0  0  0  0  0  0  0  0  0  0  0  0  0  0  0  0  0  0  0  0  0  0  0  0  0  0  0  0  0  0  0  0  0  0  0  0  0  0  0  0  0  0  0  0  0  0  0  0  0  0  0  0  0  0  0  0  0  0  0  2  1  0  0  0  0  0  0  0  0  0  1  0  0  1  1  0  3  3  0  26594  0  0  1  2  526  464  0  0  0  0  0  0  6  55140  0  17930  18842  0  0  0  581  131  49  80  0  0  0  0  33583  0  0  0  27615  0  0  64  27897  0  0  11  3  1  75  64  0  2  0  0  0  0  0  0  10  26  4303  16936  1  0  0  0  122  150  0  7  0  0  0  1  0  101  1  24  627  11  
5  0  0  0  0  22  0  0  0  0  0  0  0  1  0  129  0  0  0  0  0  0  0  1  0  0  0  0  0  0  24  0  0  0  0  0  0  0  0  0  0  0  0  0  0  0  0  0  1  0  0  14  1  0  0  0  0  0  0  0  0  1  0  0  0  39  0  0  0  31  0  0  0  0  38418  0  0  1  0  23098  20  0  0  0  0  22  0  173  9686  58908  0  0  0  0  0  0  0  1022  0  0  0  0  0  0  499  2  0  0  0  0  0  0  9  805  0  0  0  0  9  0  46  0  64  0  0  507  49000  38  0  0  0  0  0  0  0  300  6  254  0  64  0  31  0  23271  0  0  0  0  0  3  0  0  15  1  0  952  0  0  994  0  
31  0  0  0  12  6111  112  0  0  0  0  0  0  53  1  532  0  0  0  0  0  0  0  2  0  0  0  0  0  0  6554  774  0  0  0  0  0  0  0  3  0  0  0  0  1  0  1  0  3  0  0  269  11  0  0  0  0  0  0  0  0  21  1  0  0  2745  0  0  0  9776  0  0  0  0  17637  0  0  21  39598  0  34586  0  0  0  0  447  1  710  14477  95160  0  1  0  0  0  0  0  8622  0  0  0  0  31  0  12145  14142  0  0  0  0  0  0  111  2343  0  0  0  0  341  0  485  0  820  0  0  7122  7026  13784  0  0  0  0  0  0  0  2698  9265  10413  0  50799  1  2291  1  44223  0  0  0  0  0  51  0  0  159  3  0  32497  1  0  10951  41  
0  0  0  0  0  1410  12284  29  0  0  0  0  0  0  0  526  0  0  0  0  0  0  0  0  0  0  0  0  0  0  0  0  0  0  0  0  0  0  0  0  0  0  0  0  0  0  0  0  0  0  0  41  1  0  0  0  0  0  0  0  0  0  0  0  0  737  0  0  0  0  0  0  0  0  16  0  0  4  18  34064  0  27201  0  0  0  0  0  0  76  55649  0  1  0  0  0  0  0  0  0  3  0  0  83  0  0  0  0  0  0  1  0  0  1  18  2  0  0  0  2377  0  0  0  78  0  0  2034  40  8056  2  1  0  0  0  0  0  0  0  0  0  34294  233  1482  142  0  0  0  2  0  0  341  0  1  4  0  0  2055  0  3  1996  8  
0  0  0  0  0  1  5637  4459  85  1  0  0  0  0  0  188  0  0  0  0  0  0  0  0  0  0  0  0  4  0  0  0  0  0  0  0  0  0  0  0  0  0  0  0  6  21  0  0  0  0  0  0  0  1  0  0  0  0  0  0  0  0  0  0  0  7668  12  0  2  0  0  0  0  0  0  0  2274  2  0  0  31045  0  21608  0  0  0  0  0  1  99711  0  0  0  0  0  0  0  0  1  13  0  2  37  42  0  0  0  0  0  0  0  0  0  0  32  0  0  0  2894  38881  0  1  25  0  0  1  0  1458  13  83  1  0  0  0  0  0  0  0  1  27061  8194  10  170  0  212  0  27  0  0  702  0  1  0  0  0  255  0  77  625  15  
0  0  0  0  0  0  7  1433  8557  37  0  0  0  0  0  1  0  0  0  0  0  0  0  0  0  1  0  0  11  23  0  0  0  0  0  0  0  0  0  0  1  0  0  0  15  3  0  1  1  0  0  0  0  0  1  2  0  0  0  0  0  0  0  0  0  10252  104  0  0  0  1063  0  0  0  0  1  73  0  0  0  1  20830  0  5564  18  0  0  0  0  2591  0  0  4  1  0  431  0  0  5  5  0  17  1  7452  0  0  0  0  0  2  0  0  0  0  25  0  0  401  104  26168  0  1  9  0  0  0  0  0  29  821  12  240  0  0  0  0  0  0  8417  46269  580  0  5  0  48038  0  229  0  0  11  0  3  14  2  0  34  7  24  257  5  
0  0  0  0  0  0  0  0  12  2654  0  0  0  0  0  0  0  3  0  0  0  0  0  0  0  3  0  0  3  4  0  0  0  0  0  0  0  0  0  0  20  0  0  1  1  0  0  0  0  0  0  0  0  0  0  0  0  0  0  0  0  0  0  0  0  4138  7  0  0  0  0  0  0  0  0  3  14  6  0  0  0  5  7086  0  2  0  0  0  0  0  1  0  4  0  1  1037  6154  0  83  12  0  4  0  6125  0  0  0  0  0  3  0  0  0  0  97  1  0  29099  19  20  0  3  12  0  1  0  0  1  22  1352  18  79  1  0  4  0  0  0  2949  32754  75  1  0  0  39  0  622  0  3  1  8  462  115  53  1  14  8939  481  125  5  
0  0  0  0  0  0  0  0  84  5  20445  0  0  0  0  0  0  0  0  179  0  27  0  0  0  0  58  0  0  5466  0  0  0  0  0  0  0  0  0  0  0  5  0  27  0  0  0  0  0  0  0  0  0  0  0  0  0  0  0  0  0  0  0  0  918  7  0  0  0  0  1337  0  0  0  0  4  0  0  0  0  0  0  17  5  0  0  0  0  0  0  0  0  76  60962  0  5546  0  0  0  0  0  0  0  1885  0  0  0  0  0  0  0  0  0  0  0  38542  0  56858  0  0  0  0  0  0  136  0  0  0  0  0  178  21162  1  0  18  0  0  0  63720  6  0  0  0  0  15  0  13  0  0  0  0  0  0  0  0  0  0  0  1  0  
0  0  0  0  0  1  0  0  0  0  0  0  0  0  0  0  0  0  0  0  0  0  0  0  0  0  0  0  0  0  0  0  0  0  0  0  0  0  0  0  0  0  0  0  0  0  0  0  0  0  0  1  0  0  0  0  0  0  0  0  0  0  0  0  0  8  0  0  0  0  0  0  0  0  7  0  0  36694  93  494  15  0  0  0  0  0  1  20117  177  2  26  965  0  0  0  0  1  4  0  0  0  0  3629  0  0  0  0  145  72  0  0  0  274  22535  0  0  0  0  856  0  209  0  44647  0  0  16543  698  50  0  0  0  0  0  0  0  6  0  0  0  199  0  54494  0  0  0  0  0  0  0  0  0  0  1  1  0  240  0  0  403  0  
0  0  0  0  0  0  0  0  0  0  0  0  0  0  0  0  0  0  0  0  0  0  0  0  0  0  0  0  0  0  0  0  0  0  0  0  0  0  0  0  0  0  0  0  0  0  0  0  0  0  0  0  0  0  0  0  0  0  0  0  0  0  0  0  0  0  0  0  0  0  0  0  0  0  37  0  0  0  2  21  0  0  0  0  0  4  0  12814  14  0  1  2  0  0  0  0  0  43871  0  0  0  0  0  0  0  12  0  114  46  0  0  0  30381  1  0  0  5  0  0  0  8118  3  79  0  0  0  1  0  0  0  0  0  0  0  0  15083  16  9006  0  0  0  0  0  1  0  0  0  0  0  0  0  0  0  0  0  3  0  0  18  0  
2  0  0  0  0  1  0  0  0  0  0  0  0  1  0  0  0  0  0  0  0  0  0  0  0  0  0  0  0  0  0  0  0  0  0  0  0  0  0  0  0  0  0  0  0  0  0  0  0  0  0  2  0  0  0  0  0  0  0  0  0  0  0  0  0  8  0  0  0  0  0  0  0  0  148  0  0  1  306  1080  0  0  0  0  0  25940  14825  0  2176  0  1  2  0  0  0  0  0  11  0  0  0  0  4  0  0  0  0  82  65  0  0  0  27467  17047  0  0  0  0  1  0  51  1  63  0  0  63075  777  1  0  0  0  0  0  0  0  25789  0  5  0  26  0  10  0  0  0  0  0  0  0  0  0  0  1  0  0  99  0  0  113  0  
1  0  0  0  0  2  0  0  0  0  0  0  0  2  0  0  0  0  0  0  0  0  0  0  0  0  0  0  0  0  0  0  0  0  0  0  0  0  0  0  0  0  0  0  0  0  0  0  0  0  0  5  1  0  0  0  0  0  0  0  0  0  0  0  0  11  0  0  0  0  0  0  0  0  11405  0  0  4  9855  5280  289  4  0  0  0  329  68  4183  0  26347  0  0  0  0  0  0  0  20230  0  1  0  0  23520  0  0  0  0  0  0  0  0  0  2  356  0  0  0  0  503  0  12  0  23  0  0  151314  188094  123730  0  0  0  0  0  0  0  30474  0  13  0  194  5  45899  41151  0  0  0  0  0  0  29  0  0  1  0  0  216  0  0  281  1  
0  0  29  0  12  480  79  67  10  0  0  0  0  0  0  2876  0  0  0  0  0  0  0  0  0  0  0  0  0  0  53  0  0  0  0  0  0  0  0  0  0  0  0  0  0  6  0  0  0  0  0  0  0  1  0  0  0  0  0  0  0  0  0  0  0  93  0  0  1  137  0  0  0  0  1514  0  25322  4  63059  89688  57425  59015  157  0  0  3  0  0  40493  0  0  0  0  0  0  0  0  3  2  15  0  0  7799  1  2  0  0  0  0  1  0  0  0  9  37  0  0  0  1275  2228  0  0  39  0  0  37  1718  138629  16  21  0  0  0  0  0  0  0  9  2  1981  12217  58  39123  15681  7  0  30  0  0  520  0  0  0  0  0  234  1  16  387  18  
0  0  0  0  0  0  0  0  0  0  0  0  0  0  0  0  0  0  0  0  0  0  0  0  0  0  0  0  0  0  0  0  0  0  0  0  0  0  0  0  0  0  0  0  0  0  0  0  0  0  0  0  0  0  0  0  0  0  0  0  0  0  0  0  0  0  0  0  0  0  0  0  0  0  0  1  0  1195  0  0  0  0  0  0  0  27  2  1  0  0  0  42271  0  0  0  0  14806  179  0  3  0  0  0  0  0  0  969  30  18429  6  4  0  1  0  13874  1  2666  1  1  0  24  38245  11448  11  0  0  0  0  0  0  0  5  0  0  0  0  38  1  0  0  6  0  0  0  0  0  135  19  0  0  0  0  0  0  8501  0  89  160  15744  0  
0  0  0  0  0  0  0  0  0  0  0  0  0  0  0  0  0  0  0  0  0  0  0  0  0  0  0  0  0  0  0  0  0  0  0  0  0  0  0  0  0  0  0  0  0  0  0  0  0  0  0  0  0  0  0  0  0  0  0  0  0  0  0  0  0  0  0  0  0  0  0  0  0  0  1  0  0  1896  0  2  0  0  0  0  0  3265  8  6  3  0  40401  0  0  0  0  0  37514  12142  0  0  0  0  0  0  0  10  65  78  6474  6  3  0  3  45  62  0  426  0  1  0  33434  2004  37855  3  0  15  6  0  0  0  1  1  0  0  0  0  437  0  1  3  0  6  0  0  0  0  63  0  0  0  0  0  0  0  11877  24  70  148  26868  1  
0  0  0  0  0  0  0  0  0  0  0  0  0  0  0  0  0  0  0  0  0  0  0  0  0  0  0  0  0  0  0  0  0  0  0  0  0  0  0  0  0  0  0  0  0  0  0  0  0  0  0  0  0  0  0  0  0  0  0  0  0  0  0  0  0  0  0  0  0  0  0  0  0  0  0  39689  0  0  0  0  0  0  1  9  74  0  0  0  0  0  1  1  0  11826  49  819  5  0  38133  2  0  0  0  0  0  0  0  0  0  2  226  6  0  0  11  37485  0  4532  9  0  0  51  17  0  589  0  0  0  1  522  140380  70637  52564  25  919  0  0  0  2175  4  3  0  0  0  0  6  55173  0  0  0  0  0  0  0  3  46  11  15  131  6  
0  0  0  0  0  0  0  0  0  1  1635  0  0  0  0  0  0  0  0  22  0  0  0  0  0  0  4  0  0  71  0  0  0  0  0  0  0  0  0  0  0  0  0  0  0  0  0  0  0  0  0  0  0  0  0  0  0  0  0  0  0  0  0  0  57  2  0  0  0  0  1  0  0  0  0  0  0  0  0  0  0  0  47  8  66232  0  0  0  0  0  0  0  6483  0  0  202  0  0  64  0  18682  0  0  4136  0  0  0  0  0  0  0  0  0  0  0  24009  0  1439  1  1  0  0  1  0  191  0  0  0  0  15396  336  66860  0  0  6  0  0  0  32696  136  0  0  0  0  1143  0  42  0  0  0  0  0  0  0  0  4  0  0  7  0  
0  0  0  0  0  0  0  0  0  0  0  0  0  0  0  0  0  0  0  0  1  0  1  0  0  0  0  0  0  0  0  1  0  0  0  0  0  0  0  0  0  0  0  0  0  0  0  0  0  0  0  0  0  0  0  0  0  0  0  0  0  0  0  0  0  0  0  0  0  0  0  0  0  0  0  23779  0  0  0  0  0  0  0  0  1  0  0  0  0  0  0  0  131  0  0  118  7896  0  0  0  0  0  0  0  3  41  0  0  0  0  4828  10  0  0  2  18  3  31  0  0  0  5  0  21773  15032  0  0  0  0  0  373  10  971  58952  115016  0  0  0  1  0  0  0  0  0  0  133  642  0  0  0  1  4  0  0  0  32  701  1094  24  8  
0  2  0  0  0  0  0  0  48  98  602  0  0  0  0  0  0  0  0  0  3  5287  0  0  0  0  0  0  0  867  0  1  0  0  0  0  0  0  0  0  0  9  0  803  0  0  0  0  0  0  0  0  0  0  0  0  0  0  0  0  5  0  0  0  12  233  0  0  0  0  6  0  0  0  0  3795  0  0  0  0  0  0  66  1036  6587  0  0  0  0  0  0  0  807  147  195  0  15665  0  0  1  0  0  0  94  0  3  0  0  0  0  2  0  0  0  20  80367  0  96348  2  0  0  1  0  0  71788  0  0  0  0  5  4453  3877  123  87  83608  0  1  0  454  115  3  0  0  0  17  0  291  0  0  0  0  11  0  1  1  5  2912  203  18  0  
0  0  0  0  0  0  0  0  0  1  0  0  0  0  0  0  0  0  0  0  0  0  0  0  0  0  0  0  0  0  0  0  0  0  0  0  0  0  0  0  0  0  0  0  0  0  0  0  0  0  0  0  0  0  0  0  0  0  0  0  0  0  0  0  0  1  0  0  0  0  0  0  0  0  0  21  1  1  0  0  0  0  14  6677  0  1  1  0  0  0  16847  44867  6  0  10081  8443  0  7819  1  1  0  0  1  1  146  1596  0  13  28743  0  15  0  0  0  66  2  52163  13922  6  1  9271  505  88  13623  10  0  0  0  0  12  28  28  4  0  37027  0  7514  1  27  17  3  0  0  0  0  0  570  0  0  0  4  67  0  0  68516  70  66780  3173  20014  6  
0  0  0  0  0  0  0  0  0  0  0  0  0  0  0  0  0  0  0  0  0  0  0  107  0  0  0  0  0  0  4  1  0  0  0  0  0  0  0  0  0  0  0  0  0  0  0  0  0  0  0  0  0  0  0  0  0  0  0  0  0  0  4  0  0  0  0  0  0  1  0  0  0  0  67656  0  0  0  697  5155  0  0  0  0  0  6  59173  41  15969  8  154  14032  0  0  0  0  9922  0  0  0  0  0  0  0  34104  195  0  332  269  0  0  0  6617  11  0  0  144  0  0  0  53634  7  14  0  0  2  2  0  0  0  0  0  0  0  0  20313  63874  120959  0  0  0  0  0  3171  0  0  0  0  0  0  0  0  0  0  135  1115  1  0  5064  0  
0  0  0  0  0  0  0  0  0  4  0  0  0  0  0  0  0  0  0  0  0  0  0  0  0  0  0  0  1  0  0  0  0  0  0  0  0  0  0  0  0  0  0  0  3  0  0  0  0  0  0  0  0  0  1  0  0  0  0  0  0  0  0  0  0  17  4  0  0  0  0  0  0  0  0  2  0  0  0  0  0  1  13  19  0  0  0  0  0  0  0  1  42148  699  0  0  0  0  0  16153  2104  115  0  2  0  0  0  0  0  4  0  0  0  0  64  0  0  5  5  3  0  2  11  0  0  0  0  0  57869  79747  13  19460  0  0  0  0  0  0  723  513  131  0  0  0  8  0  121557  0  0  2  0  3  0  0  0  15  0  37  298  3  
0  0  0  0  0  0  0  0  0  0  0  0  0  0  0  0  0  0  0  0  0  0  0  0  0  0  0  0  0  0  0  0  0  0  0  0  0  0  0  0  0  0  0  0  1  0  0  0  0  0  0  0  0  0  0  0  0  0  0  0  0  0  0  0  0  3  0  0  0  0  0  0  0  0  0  1  1  49717  0  1  0  3  9  13  0  0  0  0  0  1  0  1  0  0  0  0  0  0  15371  0  1100  22538  1  0  0  0  677  3309  0  38008  0  0  0  0  47917  0  0  4  255  6  0  29  477  0  0  0  0  0  29498  7824  1  18  0  0  1  0  0  0  61  99  67713  13  0  0  3  0  15881  899  0  3  0  0  0  1  1  177  6  178  2464  29  
0  0  1  0  0  0  0  0  0  0  0  0  0  0  0  0  0  0  0  0  0  0  0  0  0  0  3  0  0  283  0  0  0  0  0  0  0  0  0  0  0  0  0  0  0  1  0  0  0  0  0  0  0  0  0  0  0  0  0  0  0  0  0  0  2  0  0  0  0  0  1  0  0  0  0  0  9786  0  0  0  0  0  3  0  1  0  0  0  0  0  0  0  0  15571  0  0  0  0  4437  2534  0  2299  0  104585  0  0  0  0  0  0  0  0  0  0  0  0  0  0  0  73  0  0  0  0  0  0  0  0  227  138249  1  2  0  0  0  0  0  0  4396  18  35656  0  0  0  10746  0  12  0  0  0  0  0  0  0  0  0  0  0  1  0  
0  0  0  0  0  0  0  0  0  0  0  0  0  0  0  0  0  0  0  0  0  0  0  0  0  0  0  0  0  0  0  0  0  0  0  0  0  0  0  0  0  0  0  0  0  0  0  0  0  0  0  0  0  0  0  0  0  0  0  0  0  0  0  0  0  0  0  0  0  0  0  0  0  0  0  0  15511  21479  0  0  0  0  0  0  0  0  0  0  1  0  0  0  0  0  0  0  0  0  260  27930  1969  0  6429  48  0  0  0  0  0  0  0  0  0  0  152  0  0  0  152196  373  0  0  139  0  0  0  0  0  1  139  1  0  0  0  0  0  0  0  0  9  88510  0  0  0  4  0  0  0  0  0  0  0  0  0  0  12  0  2  17  0  
0  0  0  0  0  0  0  0  0  0  0  0  0  0  0  0  0  0  0  0  0  0  0  0  0  0  0  0  0  0  0  0  0  0  0  0  0  0  0  0  0  0  0  0  0  0  0  0  0  0  0  1  0  1  0  0  0  0  0  0  0  0  0  0  0  11  0  0  0  0  0  0  0  0  0  0  17547  24493  0  70  218  21  4  0  0  4190  0  0  29199  8256  0  1  0  0  0  0  0  0  1  0  0  5601  0  0  0  0  0  0  0  0  0  0  0  0  0  0  0  0  147665  394  0  0  14  0  0  514  0  385  0  7  0  0  0  0  0  0  0  0  0  275  1573  64112  75300  0  0  0  1  0  0  117  0  0  0  0  0  84  1  0  120  1  
0  0  267  0  0  0  0  0  980  40  33  0  0  0  0  3  0  0  0  3  0  0  0  0  0  0  55  0  0  12036  0  0  0  0  0  0  0  0  0  0  0  0  0  0  0  1356  0  0  0  0  0  0  0  0  0  0  0  0  0  0  0  0  0  0  87  130  3  0  0  0  9716  0  0  0  0  0  14625  0  0  0  0  2  8332  8095  2131  0  0  0  0  0  0  0  0  3313  0  1454  0  0  0  0  101309  128  0  0  0  0  0  0  0  1  0  0  0  0  1  0  0  1158  37  46810  0  0  0  0  0  0  0  0  6  3623  0  21  0  0  0  0  0  0  96141  252  6048  0  0  0  97379  0  6  0  0  0  0  0  0  0  0  0  0  5  14  0  
0  0  0  0  0  13  0  0  0  0  0  0  0  0  0  18  0  0  0  0  0  0  1  1414  0  0  0  0  0  0  6271  387  0  0  0  0  0  0  0  0  0  0  0  0  0  0  0  0  0  0  0  0  0  0  0  0  0  0  0  0  0  0  330  1  0  0  0  0  0  1606  0  0  0  0  12147  0  0  0  907  10245  0  0  0  0  0  0  0  0  0  4  0  2  0  0  0  0  108  23718  0  0  0  0  0  0  0  26217  0  0  0  0  0  0  0  0  0  0  0  0  0  0  6  0  0  0  0  0  0  0  0  0  0  0  0  0  0  2  64242  532  0  6  0  0  0  32434  0  0  0  0  0  0  2  15  0  2  41  84  28  639  14097  60  
0  0  0  0  0  34  0  0  0  0  0  0  0  0  0  0  0  0  0  0  0  0  0  0  0  0  0  0  0  0  51  4716  0  0  0  0  0  0  0  0  0  0  0  0  0  0  0  0  0  0  0  0  0  0  0  0  0  0  0  0  0  0  0  0  0  13  0  0  0  489  0  0  0  0  33  0  0  0  1  10746  0  0  0  0  0  0  0  0  0  0  0  467  0  0  1  0  1797  90  0  0  0  0  0  0  23497  0  0  0  0  0  0  0  0  0  0  0  0  0  0  0  227  0  0  0  0  0  0  0  0  0  0  0  0  0  0  3  34644  246  0  5911  0  0  0  1697  0  0  0  0  0  2  1  20  8  10  638  8665  2845  3152  33017  7629  
0  0  0  0  0  0  0  0  0  0  0  0  0  0  0  0  0  0  0  0  0  0  0  0  0  0  0  0  0  0  0  0  0  0  0  0  0  0  0  0  0  0  0  0  0  0  0  0  0  0  0  0  0  0  0  0  0  0  0  0  0  0  0  0  0  0  0  0  0  0  0  0  0  0  0  0  0  692  0  0  0  0  0  0  0  22  0  0  0  0  204  39  0  0  0  0  0  0  0  528  0  0  0  0  0  0  0  17070  10222  201  0  0  0  0  18692  0  0  0  0  0  0  38381  11  0  0  0  0  0  0  0  0  0  0  0  0  0  0  0  0  0  0  0  0  0  0  0  7995  36340  0  0  0  0  0  0  2  0  1  199  293  0  
0  0  0  0  0  0  0  0  0  0  0  0  0  0  0  0  0  0  0  0  0  0  0  0  0  0  0  0  0  0  0  0  0  0  0  0  0  0  0  0  0  0  0  0  0  0  0  0  0  0  0  0  0  0  0  0  0  0  0  0  0  0  0  0  0  0  0  0  0  0  0  0  0  0  0  0  0  334  0  0  0  0  0  1  0  227  25  36  0  0  38  35  0  0  1  1  5  111  0  4026  0  0  0  0  0  0  11955  0  62555  48545  27  11660  3  0  3129  0  31072  1  1  0  0  22775  13  285  0  0  0  0  0  0  3  2  10  290  60  0  0  1  0  0  1  0  0  0  0  193  100396  27440  0  0  0  0  0  0  12  1  155  148  467  1  
0  0  0  0  0  0  0  0  0  0  0  0  0  0  0  0  0  0  0  0  0  0  0  0  0  0  0  0  0  0  0  0  0  0  0  0  0  0  0  0  0  0  0  0  0  0  0  0  0  0  0  0  0  0  0  0  0  0  0  0  0  0  0  0  0  0  0  0  0  0  0  0  0  0  0  0  0  89  0  0  0  0  0  0  0  116  13  38  0  0  18070  6638  0  0  0  0  32435  173  0  0  0  0  0  0  0  0  5807  54743  0  0  27  95  6  0  4  0  38228  0  0  0  0  43292  18  91  0  0  0  0  0  0  0  0  1  46  25  0  0  2  0  0  0  0  0  0  0  44  17788  33  0  0  0  0  0  0  3638  0  564  3  134  0  
0  0  0  0  0  0  0  0  0  0  0  0  0  0  0  0  0  0  0  0  0  0  0  0  0  0  0  0  0  0  0  0  0  0  0  0  0  0  0  0  0  0  0  0  0  0  0  0  0  0  0  0  0  0  0  0  0  0  0  0  0  0  0  0  0  1  0  0  0  0  0  0  0  0  0  0  0  62  0  0  0  0  4  7  0  0  0  0  0  0  23  35  0  0  0  0  2  0  0  39258  0  0  0  0  0  0  397  61688  2  0  0  5  0  0  38828  0  0  2  8  0  0  175  19  0  0  0  0  0  184  71  1  6  0  0  0  0  0  0  10  24  4494  0  0  0  0  0  2878  20576  0  0  0  0  0  0  4  7  29  199  696  0  
0  0  0  0  0  0  0  0  0  0  0  0  0  0  0  0  0  0  0  0  0  0  0  0  0  0  0  0  0  0  0  0  0  0  0  0  0  0  0  0  0  0  0  0  0  0  0  0  0  0  0  0  0  0  0  0  0  0  0  0  0  0  0  0  0  0  0  0  0  0  0  0  0  0  0  24344  0  0  0  0  0  0  0  0  0  0  0  0  0  0  0  0  225  0  5465  0  95  0  0  0  0  0  0  0  0  0  0  42  20  0  0  51364  0  0  0  0  24452  0  0  0  0  123  0  50209  110  0  0  0  0  0  0  0  34510  81644  759  0  0  0  0  0  0  0  0  0  0  224361  7241  0  0  0  0  0  0  0  1  0  189  8  0  0  
0  0  0  0  0  0  0  0  0  0  0  0  0  0  0  0  0  0  0  0  0  0  0  0  0  0  0  0  0  0  0  0  0  0  0  0  0  0  0  0  0  0  0  0  0  0  0  0  0  0  0  0  0  0  0  0  0  0  0  0  0  0  0  0  0  0  0  0  0  0  0  0  0  0  0  11  0  0  0  0  0  0  0  0  0  0  0  0  0  0  0  0  14  0  13  1  0  0  0  0  0  0  0  0  0  0  0  6865  110  1  45857  0  0  0  0  0  22600  0  0  0  0  1188  0  2145  0  0  0  0  0  0  1  0  2058  12716  2298  0  0  0  0  0  0  0  0  0  0  189878  144776  0  0  0  0  0  0  0  8  0  6587  1  1  0  
0  0  0  0  0  2  0  0  0  0  0  0  0  4  0  0  0  0  0  0  0  0  0  0  0  0  0  0  0  0  0  0  0  0  0  0  0  0  0  0  0  0  0  0  0  0  0  0  1  0  0  6  1  0  0  0  0  0  0  0  0  1  0  0  0  8  0  0  0  0  0  0  0  0  617  0  0  0  721  1300  2  0  0  0  0  536  27772  26045  32  3  0  2  0  0  0  0  0  4358  0  0  0  0  0  0  0  16  0  6  9  0  0  0  0  13545  0  0  0  0  2  0  10183  0  21485  0  0  233  276  6  0  0  0  0  0  0  0  16178  79  7155  0  121  0  8  0  1  0  0  0  0  0  1  0  0  5  0  0  184  0  0  290  0  
2  0  0  0  0  10  0  0  0  0  0  0  0  3  0  0  0  0  0  0  0  0  0  0  0  0  0  0  0  0  0  0  0  0  0  0  0  0  0  0  0  0  0  0  0  0  0  0  1  0  0  18  2  0  0  0  0  0  0  0  0  0  0  0  0  25  0  0  0  0  0  0  0  0  111  0  0  10  983  1947  21  0  0  0  0  30777  0  14187  309  5  0  22  0  0  0  0  0  0  0  0  0  0  1  0  0  0  0  0  0  0  0  0  8622  0  0  0  0  0  26  0  104  0  17372  0  0  8857  1531  23  0  0  0  0  0  0  0  62  0  1  0  764  0  663  0  0  0  0  0  0  0  4  0  0  14  0  0  710  0  0  865  0  
0  0  0  0  0  0  0  0  0  0  0  0  0  0  0  0  0  0  0  0  0  0  0  0  0  0  0  0  1  0  0  0  0  0  0  0  0  0  0  0  0  0  0  0  1  0  0  0  0  0  0  0  0  0  0  0  0  0  0  0  0  0  0  0  0  24  3  0  1  0  0  0  0  0  0  9  50  37410  1  1  4  9  36  88  0  7  0  0  1  8  8170  461  5  0  0  3  76  0  81  42688  0  103  13  2  0  0  18361  4195  12  30138  0  0  0  0  0  1  0  88  6076  65  0  14482  18906  0  1  9  2  7  1481  1960  30  135  1  0  34  0  0  0  242  497  12822  103  5  0  6  0  9884  10984  0  20  0  3  5  0  79  803  327  8981  96937  96  
0  0  0  0  0  0  0  0  0  0  2737  0  0  0  0  0  0  0  0  313  0  607  0  0  0  0  0  0  0  0  0  0  0  0  0  0  0  0  0  0  0  104  0  536  0  0  0  0  0  0  0  0  0  0  0  0  0  0  0  0  0  0  0  0  0  0  0  0  0  0  0  0  0  0  0  30565  0  0  0  0  0  0  0  1  42038  0  0  0  0  0  0  0  38751  26442  2  82591  2  0  0  0  0  0  0  0  0  0  0  0  0  2  1  0  0  0  0  0  0  46674  2  0  0  11  3  0  25911  0  0  0  0  0  22067  1343  82  1  2301  0  0  0  251  1  0  0  0  0  0  0  325  0  0  0  0  0  0  0  1  10  2  0  24  3  
0  0  0  0  0  0  0  0  0  0  0  0  0  0  0  0  0  0  0  0  0  0  0  0  0  0  0  0  0  0  0  0  0  0  0  0  0  0  0  0  0  0  0  0  0  0  0  0  0  0  0  0  0  0  0  0  0  0  0  0  0  0  0  0  0  0  0  0  0  0  0  0  0  0  0  0  0  0  0  0  0  0  0  0  0  0  0  0  0  0  430  18  0  0  8  1  46279  74  0  0  0  0  0  0  0  0  0  30561  27969  0  18924  19784  0  0  0  0  0  0  0  0  0  6387  0  9143  0  0  0  0  0  0  1  0  41  1282  504  0  0  1  0  0  0  0  0  0  0  5770  6851  0  0  0  0  0  0  0  11964  0  3149  0  13  0  
0  0  0  0  0  0  0  0  2  32  151  0  0  0  0  0  0  0  0  0  0  60  0  0  0  0  0  0  0  12  0  0  0  0  0  0  0  0  0  0  0  0  0  144  0  0  0  0  0  0  0  0  0  0  0  0  0  0  0  0  0  0  0  0  0  62  0  0  0  0  4  0  0  0  0  695  4  13  0  1  0  1  2681  32503  58801  0  0  0  1  0  3  2  2020  569  0  87398  10852  0  66  19  0  3  0  1150  0  0  0  4  0  8  0  0  0  0  262  36047  0  0  95  20  0  38  115  0  3427  1  0  0  6  904  11149  23917  75  0  8080  0  0  0  43342  523  62  4  1  0  35  0  4641  0  0  1  0  45  2  0  3  328  6273  339  891  42  
0  0  0  0  0  0  12  0  0  0  0  0  0  0  0  0  0  0  0  0  0  0  0  0  0  0  0  0  1  0  0  0  0  0  0  0  0  0  0  0  0  0  0  0  4  0  0  0  0  0  0  1  0  0  0  0  0  0  0  0  0  0  0  0  0  366  3  1  1  0  0  0  0  0  0  0  26251  30603  3  185  455  309  28  12  0  92  0  0  86  453  0  0  0  0  0  0  0  0  0  201  0  179026  147024  6  0  0  0  0  0  2  0  0  0  6  2474  0  0  0  0  21280  1  2  20252  0  0  58  11  310  38  640  2  3  0  0  0  0  0  0  10  7873  66581  5744  49754  0  13  0  102  0  0  1478  0  1  2  0  6  11015  28  310  18391  367  
0  0  42  0  0  0  0  431  605  0  0  0  0  0  0  39  0  0  0  0  0  0  0  0  0  0  0  0  2  145  0  0  0  0  0  0  0  0  0  0  1  0  0  0  3  24  0  0  0  0  0  0  0  0  0  0  0  0  0  0  0  0  0  0  0  100  3  0  0  0  296  0  0  0  0  0  43125  0  0  0  1  33904  23792  2  0  0  0  0  0  3041  0  0  0  0  0  0  0  0  7  28  267  2106  217  47047  0  0  0  0  0  17  0  0  0  0  68  0  0  0  24152  0  0  2  0  0  0  0  0  0  71  4078  0  0  0  0  0  0  0  0  5  1264  19480  1  12  0  33538  0  105  0  0  41  0  2  0  0  0  172  4  183  1436  12  
1  0  0  0  0  1  0  0  0  0  0  0  0  0  0  0  0  0  0  0  0  0  0  0  0  0  0  0  0  0  0  0  0  0  0  0  0  0  0  0  0  0  0  0  0  0  0  0  0  0  0  9  0  0  0  0  0  0  0  0  0  0  0  0  0  7  0  0  0  0  0  0  0  0  2938  0  0  1  497  2118  4  0  0  0  0  504  12293  313  16  5  6  27161  0  0  0  0  5430  38749  0  0  0  0  0  0  42  263  0  2  5  0  0  0  9372  237  0  0  0  0  6  0  0  0  10364  0  0  858  250  15  0  0  0  0  0  0  0  2079  4902  11630  0  85  0  54  0  2  0  0  0  0  0  1  0  0  2  0  370  527  0  0  57171  2  
0  0  0  0  0  0  0  0  0  0  0  0  0  0  0  0  0  0  0  0  0  0  0  0  0  0  0  0  0  0  0  0  0  0  0  0  0  0  0  0  0  0  0  0  0  0  0  0  0  0  0  0  0  0  0  0  0  0  0  0  0  0  0  0  0  0  0  0  0  0  0  0  0  0  0  3  0  84  0  0  0  0  2  2  0  1  1  0  0  0  40239  7966  8  0  1  0  1733  1  1  29  0  0  0  0  0  0  28525  18184  47366  103  172  343  1  0  15630  2  22076  3  0  0  0  0  2544  324  0  0  0  0  0  10  13  22  7  200  92  0  0  0  5  4  9  0  0  0  0  204  98973  2215  0  0  0  0  0  0  14185  3  11332  3072  12775  2  
2  0  0  0  0  7  1  0  0  0  0  0  0  5  0  0  0  0  0  0  0  0  0  0  0  0  0  0  0  0  0  0  0  0  0  0  0  0  0  0  0  0  0  0  0  0  0  0  0  0  0  44  1  0  0  0  0  0  0  0  0  2  0  0  0  65  0  0  0  0  0  0  0  0  482  1  1  49661  1752  2648  172  1  12  23  0  49209  48  996  340  35  9219  33644  0  0  0  0  791  4  13  272  0  238  107  0  0  0  5  9  57  6  0  0  13787  19778  12355  1  18  10  44729  0  10843  1474  0  0  0  4968  1558  395  129  182  3  14  0  0  0  535  1  0  33  1217  6558  21120  35  0  2  0  433  1  0  59  0  1  23  2  914  1474  22  201  90207  74  
0  0  0  0  0  0  0  0  0  0  0  0  0  0  0  0  0  0  0  0  0  0  0  0  0  0  0  0  0  0  0  0  0  0  0  0  0  0  0  0  0  0  0  0  0  0  0  0  0  0  0  0  0  0  0  0  0  0  0  0  0  0  0  0  0  0  0  0  0  0  0  0  0  0  0  0  0  0  0  0  0  0  0  0  0  0  0  0  0  0  1  0  0  0  20213  0  11169  0  0  0  0  0  0  0  0  0  0  178  70  0  52571  1068  0  0  0  0  13036  0  0  0  0  201  0  0  0  0  0  0  0  0  0  0  13  9596  22469  0  0  0  0  0  0  0  0  0  0  17660  790  0  0  0  0  0  0  0  1861  0  3260  0  0  0  
0  0  0  0  0  0  0  0  0  0  0  0  0  0  0  0  0  0  0  0  1  2  3  0  0  0  0  0  0  0  0  0  0  0  0  0  0  0  0  0  0  0  0  0  0  0  0  0  0  0  0  0  0  0  0  0  0  0  0  0  0  0  0  0  0  0  0  0  0  0  0  0  0  0  0  41212  0  2  0  0  0  0  0  3  43  0  0  0  0  0  0  1  1072  39  23449  52695  28  0  0  1  0  0  0  0  1  1  0  0  0  2  40  0  0  0  17  35226  0  2285  21  0  0  45  22  0  0  0  0  0  0  1  4373  773  57  6265  65125  0  0  0  131  2  2  1  0  0  0  0  1776  0  0  0  0  1  0  0  3  81  10  64  173  9  
13  0  0  0  1  37  0  0  0  0  0  0  0  10  0  0  0  0  0  0  0  0  0  0  0  0  0  0  0  0  0  0  0  0  0  0  0  0  0  1  0  0  0  0  0  0  0  0  1  0  0  51  5  0  0  0  0  0  0  0  0  6  0  0  0  161  0  0  0  0  0  0  0  0  147  0  0  14  4168  8044  1289  0  0  0  0  30578  7  68688  134127  64  0  3  0  0  0  0  0  0  0  1  0  0  778  0  0  0  0  0  0  0  0  0  29  21259  0  0  0  0  207  0  60  0  470  0  0  0  125615  23563  0  0  0  0  0  0  0  26981  0  0  0  3784  0  76430  0  0  0  0  0  0  0  39  0  0  40  0  0  2431  0  0  10739  5  
5  0  0  0  0  46  0  0  0  0  0  0  0  24  0  0  0  0  0  0  0  0  0  0  0  0  0  0  0  0  0  0  0  0  0  0  0  0  1  1  0  0  0  0  0  0  0  0  0  0  0  87  3  0  0  0  0  0  0  0  0  8  0  1  0  186  0  0  0  0  0  0  0  0  20739  0  0  20  65177  8407  132  0  0  0  0  3056  0  2284  187393  770  0  0  0  0  0  0  0  1  0  0  0  0  9  0  0  0  0  0  0  0  0  0  54  8339  1  0  0  0  377  0  144  0  1367  0  0  154200  0  68270  0  0  0  0  0  0  0  24927  0  5  0  701  1  2088  1  2  0  0  0  0  0  18  0  0  55  0  0  5511  0  0  10659  8  
0  0  0  0  0  0  24  0  0  0  0  0  0  0  0  0  0  0  0  0  0  0  0  0  0  0  0  0  0  0  0  0  0  0  0  0  0  0  0  0  0  0  0  0  0  0  0  0  0  0  0  6  0  0  0  0  0  0  0  0  0  0  0  0  0  205  0  0  0  0  0  0  0  0  1  0  2  3  50  17351  8206  552  0  1  0  54  0  1  105315  122906  0  0  0  0  0  0  0  0  0  13  0  0  868  0  0  0  0  0  0  0  0  0  0  4  8  0  0  0  3784  1  4  0  149  0  0  26136  50904  0  5  2  0  0  0  0  0  0  0  0  0  2790  531  32187  22063  0  0  0  9  0  0  768  0  0  1  0  0  625  0  2  1983  14  
0  0  0  0  0  0  0  0  1  0  0  0  0  0  0  0  0  0  0  0  0  0  0  0  0  0  0  0  3  0  0  0  0  0  0  0  0  0  0  0  0  0  0  0  7  0  0  0  0  0  0  0  0  0  0  0  0  0  0  0  0  0  0  0  0  6  8  0  0  0  0  0  0  0  0  0  5  7  0  0  0  0  11  4  0  0  0  0  0  1  0  1  0  0  1  0  0  0  42676  41295  176  0  0  1  0  0  0  6  0  944  0  0  0  0  1342  0  0  2  16  7  0  12  41  0  0  0  0  0  0  37971  0  3  0  0  0  0  0  0  9  379  7225  1  1  0  6  0  20831  0  0  3  0  3  1  1  0  23  4  77  785  10  
0  0  0  0  0  0  0  0  1  16  0  0  0  0  0  0  0  0  0  0  0  0  0  0  0  7  0  0  27  1  0  0  0  0  0  0  0  0  0  0  11  0  0  0  74  0  0  1  2  0  0  0  0  0  0  3  0  0  0  0  0  0  0  0  0  349  100  0  0  0  2  0  0  0  0  1  104  14  1  1  0  15  896  373  0  0  0  0  0  7  4  2  173  18150  0  0  1  0  96648  8203  142777  400  1  8422  0  0  0  12  0  121  0  0  0  0  617  1  0  108  495  2770  0  25  96  0  0  0  0  0  39183  0  16  22513  1  0  14  0  0  0  19349  12325  54385  3  0  0  46798  0  15671  0  0  53  0  76  63  23  3  211  26  493  9041  24  
0  0  0  0  0  0  0  0  0  0  1  0  0  0  0  0  0  0  0  0  0  0  0  0  0  0  0  0  0  0  0  0  0  0  0  0  0  0  0  0  0  0  0  0  0  0  0  0  0  0  0  0  0  0  0  0  0  0  0  0  0  0  0  0  0  0  0  0  0  0  0  0  0  0  0  14457  2  6  0  0  0  0  1  27  78  0  0  0  0  0  3  4  159322  387  54  4116  26  0  5  13  0  0  0  0  0  0  0  7  0  5  0  0  0  0  58  29172  0  6231  29  2  0  118  97  0  4007  0  0  0  1  20  0  7907  5659  15  10386  0  0  0  3483  17  15  1  0  0  0  0  18492  0  0  1  0  0  0  0  4  175  78  58  534  29  
0  0  0  0  0  0  1  0  0  0  0  0  0  0  0  0  0  0  0  0  0  0  0  0  0  0  0  0  0  0  0  0  0  0  0  0  0  0  0  0  0  0  0  0  0  0  0  0  0  0  0  0  0  0  0  0  0  0  0  0  0  0  0  0  0  6  1  0  0  0  0  0  0  0  0  158  0  3  0  0  0  0  50  44  21308  0  0  0  0  0  17  3  75407  71322  3  3551  6  0  13182  26  46  0  0  56  0  0  0  11  1  12  0  0  0  0  126  1120  0  25106  21  0  0  353  70  0  623  0  0  0  7  21917  7914  0  32  3  217  0  0  0  78147  369  23  0  0  0  606  0  44879  0  0  0  0  2  1  0  13  106  63  81  717  22  
0  0  0  0  0  0  0  0  0  0  0  0  0  0  0  0  0  0  0  0  0  0  0  0  0  0  0  0  0  0  0  0  0  0  0  0  0  0  0  0  0  0  0  0  0  0  0  0  0  0  0  0  0  0  0  0  0  0  0  0  0  0  0  0  0  0  0  0  0  0  0  0  0  0  0  39241  0  0  0  0  0  0  0  7  0  1  0  0  0  0  0  0  58126  0  2525  162  9  0  0  0  0  0  0  0  0  0  0  0  2  0  31320  1337  0  0  9  797  4  274  9  0  0  23  4  1  792  0  0  0  0  1  11268  95  0  14830  24364  0  0  0  11  0  4  0  0  0  0  30838  40367  0  0  0  0  0  0  0  0  25  252  7  90  1  
0  0  0  0  0  0  0  0  0  0  0  0  0  0  0  0  0  0  0  0  0  0  0  0  0  0  0  0  0  0  0  0  0  0  0  0  0  0  0  0  0  0  0  0  0  0  0  0  0  0  0  0  0  0  0  0  0  0  0  0  0  0  0  0  0  0  0  0  0  0  0  0  0  0  0  41920  0  0  0  0  0  0  0  0  0  0  0  0  0  0  0  0  118  0  60948  75  16  0  0  0  0  0  0  0  0  0  0  119  11  0  68657  5480  0  0  1  25  638  9  0  0  0  86  0  6883  4738  0  0  0  0  0  210  1  12564  0  32813  0  0  0  0  0  0  0  0  0  0  39113  5834  0  0  0  0  0  0  0  2  2  1959  4  1  0  
0  0  0  0  0  0  0  0  0  0  0  0  0  0  0  0  0  0  0  0  0  1  1  0  0  0  0  0  0  0  0  0  0  0  0  0  0  0  0  0  0  0  0  0  0  0  0  0  0  0  0  0  0  0  0  0  0  0  0  0  0  0  0  0  0  0  0  0  0  0  0  0  0  0  0  22463  0  1  0  0  0  0  2  19  4  0  0  0  0  0  2  0  1748  1  100695  72521  39552  0  9  5  0  0  0  0  0  1  0  153  29  0  809  1919  0  0  45  2735  1839  8844  6  0  0  162  8  18548  55979  0  0  0  0  7  15075  420  10248  32655  0  0  0  0  48  8  5  0  0  0  0  4337  20605  0  0  0  0  0  0  0  565  27  56158  118  74  2  
0  0  0  0  0  0  0  0  0  0  0  0  0  0  0  0  0  0  0  0  0  0  0  0  0  0  0  0  0  0  0  0  0  0  0  0  0  0  0  0  0  0  0  0  0  0  0  0  0  0  0  1  0  0  0  0  0  0  0  0  0  0  0  0  0  2  0  0  0  0  0  0  0  0  8721  0  0  2  547  3377  0  0  0  0  0  6  16910  33341  18196  3  0  0  0  0  0  0  0  21435  0  0  0  0  0  0  0  11  0  0  0  0  0  0  14164  220  0  0  0  0  1  0  103  0  35  0  0  9498  4846  0  0  0  0  0  0  0  0  0  30  25852  0  39  0  4  0  0  0  0  0  0  0  0  0  0  1  0  0  290  0  0  387  0  
0  0  0  0  0  0  0  0  0  0  0  0  0  0  0  0  0  0  0  0  0  0  0  10  0  0  0  0  0  0  2  37  0  0  0  0  0  0  0  0  0  0  0  0  0  0  0  0  0  0  0  0  0  0  0  0  0  0  0  0  0  0  0  0  0  0  0  0  0  0  0  0  0  0  671  0  0  0  37  7719  0  0  0  0  0  0  4  3  0  0  7  935  0  0  1  0  8142  61926  0  0  0  0  0  0  59938  41453  0  0  3  0  0  0  2  6  0  0  1  0  0  0  9668  0  0  0  0  1  1  0  0  0  0  0  0  0  0  26  0  16549  0  1  0  0  0  6541  0  0  0  0  0  0  2  6  0  1  1232  200  753  1025  43699  311  
1  0  0  0  0  0  0  0  0  0  0  0  0  0  0  0  0  0  0  0  0  0  0  0  0  0  0  0  0  0  0  0  0  0  0  0  0  0  0  0  0  0  0  0  0  0  0  0  0  0  0  1  0  0  0  0  0  0  0  0  0  0  0  0  0  0  0  0  0  0  0  0  0  0  5258  0  0  0  877  5674  1  0  0  0  0  1  8490  111  8  53  0  1  0  0  0  0  2  125600  0  0  0  0  0  0  106  669  0  1  0  0  0  0  6354  152  0  0  0  0  0  0  10311  0  4  0  0  4  65  0  0  0  0  0  0  0  0  27718  14427  0  0  25  0  2  0  1384  0  0  0  0  0  0  0  0  0  0  0  2592  0  0  4866  0  
0  0  0  0  0  0  0  0  5  4  418  0  0  0  0  0  0  0  0  0  0  0  0  0  0  0  2  0  0  154  0  0  0  0  0  0  0  0  0  0  0  0  0  0  1  1  0  0  0  0  0  0  0  0  0  0  0  0  0  0  0  0  0  0  36  23  2  0  0  0  245  0  0  0  0  65  5  3  0  0  0  0  12851  4920  60622  0  0  0  0  1  9  3  1633  33823  1  518  10  0  257  21  5351  2  0  77792  0  0  0  1  0  13  0  0  0  0  139  105  0  44534  43  14  0  69  163  0  74  0  0  0  9  17938  6519  64469  25  1  33  0  0  0  0  3093  56  1  0  0  31414  0  7343  0  0  1  0  4  3  1  0  252  58  76  947  47  
156  0  0  0  3  9727  3240  392  419  7783  0  1  0  47  1  1  1  10  0  0  0  1  1  5  0  34  0  1  120  4  0  1756  0  0  0  0  0  0  3  1  92  0  0  6  271  0  5  2  20  0  0  263  14  1  5  20  0  1  0  0  0  30  0  0  1  45320  621  0  6  27  5  0  4  0  997  2  856  18  925  48950  28372  24969  51096  34694  2  85  0  75  364  1176  1  1  5  0  0  205  5  1  441  123  1  47  250  328  12  7289  0  1  0  23  0  0  8  658  474  1  1  660  8557  2053  28  14  306  0  0  1557  458  518  213  4758  17  412  0  0  8  121  0  5  1974  0  9389  894  761  878  4295  0  2572  0  27  1738  11  4470  965  251  2  42398  4631  1949  5589  52  
0  0  0  0  0  0  1  0  0  0  0  0  0  0  0  0  0  0  0  0  0  0  0  0  0  1  0  0  6  0  0  0  0  0  0  0  0  0  0  0  1  0  0  0  17  0  0  2  0  0  0  0  0  0  0  1  0  0  0  0  0  0  0  0  0  112  29  0  0  0  0  0  0  0  0  0  10588  2579  0  1  1  60  64  11  0  1  0  0  1  514  0  2  0  0  0  0  0  0  175  87429  37181  104043  109  11912  0  0  0  0  0  4135  0  0  0  0  7053  0  0  3  43771  9524  0  8  2374  0  0  0  2  14  6351  69715  0  15  0  0  2  0  0  0  25  1982  0  18  258  0  891  0  685  0  0  776  0  2  3  3  5  3913  33  1176  20203  597  
1  0  0  0  0  2  2  1  0  0  0  0  0  1  0  0  0  0  0  0  0  0  0  0  0  0  0  0  0  0  0  0  0  0  0  0  0  0  0  0  0  0  0  0  0  0  0  0  0  0  0  5  0  0  0  0  0  0  0  0  0  0  0  0  0  43  0  0  0  0  0  0  0  0  32  0  0  39408  209  2686  3693  2  0  0  0  42210  0  17  36942  99  0  13  0  0  0  0  0  0  0  0  0  0  88750  0  0  0  0  0  0  0  0  0  1  166  2  0  0  0  20869  0  21  0  9991  0  0  69539  987  28483  0  2  0  0  0  0  0  19  0  0  0  2356  6  0  49  0  0  0  2  0  0  147  0  0  3  0  0  1714  0  1  21744  16  
0  0  0  0  0  0  22  0  0  0  0  0  0  0  0  0  0  0  0  0  0  0  0  0  0  0  0  0  0  0  0  0  0  0  0  0  0  0  0  0  1  0  0  0  0  0  0  0  0  0  0  0  0  0  0  0  0  0  0  0  0  0  0  0  0  249  0  0  3  0  0  0  0  0  0  0  642  9  0  13  120  234  7  1  0  0  0  0  49192  40897  0  0  0  0  0  0  0  0  1  35  0  1  82195  0  0  0  0  1  0  0  0  0  0  0  46  0  0  1  75138  33  0  0  123  0  0  4  0  27184  22  16  0  0  0  0  0  0  0  0  0  4476  8822  380  0  0  0  0  32  0  0  1156  0  0  0  0  0  353  0  40  392  35  
0  0  0  0  8  73  0  0  0  0  0  0  0  0  0  718  0  0  0  0  0  0  0  4  0  0  0  0  0  0  7851  64  0  0  0  0  0  0  0  0  0  0  0  0  0  0  0  0  0  0  0  0  0  0  0  0  0  0  0  0  0  0  2  0  0  2  0  0  0  3757  0  0  0  0  19698  0  0  0  25728  46640  0  0  0  0  0  1  0  0  0  13231  0  0  0  0  0  0  0  4402  0  0  0  0  0  0  39013  2085  0  0  0  0  0  0  0  1  0  0  0  0  0  0  2  0  0  0  0  0  0  0  0  0  0  0  0  0  0  1  11895  2369  0  971  0  0  0  0  0  0  0  0  0  0  0  0  3  2  0  578  6  0  23  1  
0  0  7  0  0  0  0  49  7429  3  0  0  0  0  0  2  0  0  0  0  0  0  0  0  0  2  0  0  4  1470  0  0  0  0  0  0  0  0  0  0  1  0  0  0  11  1704  0  0  0  0  0  0  0  0  0  0  0  0  0  0  0  0  0  0  0  2272  19  0  1  0  15065  0  1  0  0  0  777  0  0  1  0  181  53565  93  17  0  0  0  0  187  0  0  1  907  0  175  0  0  77  31  37236  169  0  91651  0  0  0  0  0  8  0  0  0  0  78  0  0  28  374  33222  0  1  23  0  0  0  0  0  141  42395  12  812  0  0  1  0  0  0  27185  8145  1557  0  1  0  0  0  808  0  0  2  0  11  13  3  1  42  3  28  527  9  
0  0  0  0  0  0  0  0  0  0  0  0  0  0  0  0  0  0  0  0  0  0  0  0  0  0  0  0  0  0  0  0  0  0  0  0  0  0  0  0  0  0  0  0  0  0  0  0  0  0  0  0  0  0  0  0  0  0  0  0  0  0  0  0  0  0  0  0  0  0  0  0  0  0  0  1188  0  0  0  0  0  0  0  0  0  0  0  0  0  0  0  0  34  0  361  3  1  0  0  0  0  0  0  0  0  0  0  393  62  0  166064  188201  0  0  0  4  14433  1  0  0  0  662  0  8843  3  0  0  0  0  0  34  1  30696  50099  4904  0  0  0  0  0  0  0  0  0  0  0  28620  0  0  0  0  0  0  0  7  1  5131  0  0  0  
0  0  0  0  0  0  1  0  0  9  0  0  0  0  0  0  0  2  0  0  0  0  0  0  0  2  0  0  1  0  0  0  0  0  0  0  0  0  0  0  4  0  0  0  10  0  0  2  0  0  0  0  0  0  0  0  0  0  0  0  0  0  0  0  0  109  24  0  0  0  0  0  1  0  0  3945  20  62  1  4  2  3  212  430  0  2  0  0  0  4  753  512  48841  5  1009  312  659  0  111466  23483  2  1  1  8  0  0  4984  115687  22260  5165  9553  167269  0  2  10952  667  13459  5212  382  42  0  112047  1165  1478  1330  1  1  6  18695  8350  22443  49023  39316  15383  66579  0  0  0  5798  3878  488  20  1  0  58  21228  0  23101  1  6  0  24  25  9  3167  1345  55407  4875  19730  216  
0  0  0  0  0  0  0  0  0  0  0  0  0  0  0  0  0  0  0  0  0  0  0  0  0  0  0  0  0  0  0  0  0  0  0  0  0  0  0  0  0  0  0  0  0  0  0  0  0  0  0  0  0  0  0  0  0  0  0  0  0  0  0  0  0  0  0  0  0  0  0  0  0  0  0  0  0  131  0  0  0  0  0  0  0  0  0  0  0  0  26  30  0  0  0  0  5  0  0  450  0  0  0  0  0  0  35859  34742  19  19701  0  0  0  0  12422  0  0  2  0  0  0  5189  13  0  0  0  0  0  0  0  0  1  0  0  1  0  0  0  0  0  0  0  0  0  0  0  17565  0  0  0  0  0  0  0  2  0  7  351  562  0  
0  0  0  0  0  0  0  0  0  0  0  2  0  0  0  0  10470  43097  0  0  0  0  77803  77  0  1  0  0  0  0  3  13889  9  0  8936  0  0  7  0  0  30  0  37043  0  1  0  43  41839  1  62  0  0  0  0  0  4  0  0  8  0  622  0  384  1  0  2  16  0  0  34  0  0  715  228  0  0  0  0  0  0  0  0  0  0  0  0  0  0  0  0  0  0  0  0  0  0  1  0  0  0  0  0  0  0  1  0  0  0  0  0  0  0  0  0  0  0  0  0  0  0  0  0  0  0  0  0  0  0  0  0  0  0  0  0  0  0  0  0  0  0  0  0  0  0  0  0  0  0  0  12  303985  13488  17822  216  0  0  1  0  0  0  
151  0  0  7  8  2638  348  495  294  10  0  59  0  112  1348  213  0  62  0  0  0  0  1  2  1  158  0  70  94  7  0  24  0  0  0  0  0  0  1  60  32  0  0  29  17471  7  0  23  83  0  0  9748  486  12395  6  25  0  1  0  0  0  35  0  0  10  19637  681  12079  23356  0  15  0  35  0  2  0  55  1  13  35  41  20  2  0  0  2  0  0  12  23  0  0  0  0  0  0  0  0  1  9  0  0  35  1  0  5  0  0  0  1  0  0  0  2  12  0  0  0  1802  46  0  0  26  0  0  11  4  46  12  74  0  0  0  0  0  0  0  0  0  444  1026  102  79  0  0  0  15  0  26  0  0  5461  33881  24479  0  7096  0  57  378  2  
0  47  0  0  0  0  0  0  6  5477  0  0  0  0  0  0  394  957  19  0  132  1752  93763  1  17  7  0  0  0  7  1  422  57  1  141  80  7  2947  0  0  6886  0  8541  11655  13  0  3  15014  10  2298  65  0  0  0  80  61  48  16  336  627  37653  0  105  0  32  329  1  1  1  69  15  2952  23245  1382  0  0  0  0  0  0  0  0  0  51  0  0  0  0  0  0  0  0  0  0  0  0  4  0  0  0  0  0  0  0  2  1  0  0  0  0  0  0  0  0  0  0  0  1  0  0  0  0  0  0  0  0  0  0  0  0  0  0  0  0  0  0  0  0  0  13  0  0  0  0  0  0  0  0  118720  0  0  63606  3174  50  0  1  8  54  2  0  
1  1  0  3  0  1  0  1  132  216  0  0  0  2  0  0  6  9959  0  0  35  6  797  0  36  370  1  19  512  19  31  1994  1  1  1  23  0  4  0  0  4547  0  0  95  3876  1  19  5105  321  0  2  10  0  11  95  416  3  20  16  0  21  0  67  0  75  639  8635  80  45  207  94  0  581  1478  0  0  0  0  0  0  0  0  1  695  0  0  0  0  0  0  0  0  0  0  0  2  39  0  0  2  0  0  0  0  11  25  0  0  0  1  0  0  0  0  11  0  0  3  0  2  0  0  0  0  0  0  0  0  2  25  1  4  0  0  0  0  0  0  2  2544  1  0  0  0  0  0  25  0  12778  3120  64038  0  39578  30277  0  18  206  8103  25  0  
3892  0  0  141  62  3188  2  2  82  83  0  572  11  1015  57  6  37726  52558  1  0  1  0  841  9551  13  593  1  61  437  12  68  19483  212  1  43  5  0  4  697  986  8130  0  3  32  5046  1  28007  63324  55580  0  0  4628  311  216  72  310  1  18  22  0  16  1696  34521  1134  49  3317  3304  5704  76  6604  79  0  676  599  8  0  0  0  23  10  2  0  0  1  0  0  0  0  3  0  0  0  0  0  0  0  0  0  0  1  0  0  0  0  1  2  0  0  0  0  0  0  0  1  0  0  0  0  0  0  0  0  0  0  0  5  8  0  0  5  0  0  0  0  0  1  0  0  0  52  0  0  0  1  0  0  2  0  12664  14481  2036  17117  0  141444  0  492  1  2  5  0  
13  0  0  7  1  28  1  0  103  66  0  1  0  7  7  0  1  3341  0  0  0  0  88  0  19  306  2  23  145  13  6  8129  0  0  0  3  0  0  0  2  894  0  0  72  1987  1  9  266  203  0  0  89  15  61  85  358  0  7  0  0  2  3  539  0  51  472  4385  292  31  75  82  0  78  0  0  0  0  0  0  1  0  0  0  1  0  0  0  0  1  0  0  0  0  0  0  0  0  0  0  0  0  0  0  0  2  13  0  0  0  0  0  0  0  0  0  0  0  0  0  0  0  0  0  0  0  0  0  0  1  5  0  0  0  0  0  0  0  0  0  5  0  0  0  0  0  0  2  0  1842  30660  613  56403  426792  0  0  170  0  53  0  1  
0  0  0  0  0  0  0  0  0  0  0  0  0  0  0  0  0  0  0  0  0  0  0  0  0  0  0  0  0  0  0  0  0  0  0  0  0  0  0  0  0  0  0  0  0  0  0  0  0  0  0  0  0  0  0  0  0  0  0  0  0  0  0  0  0  0  0  0  0  0  0  0  0  0  0  1  0  0  0  0  0  0  0  1  0  0  0  0  0  0  8663  25629  3  0  2  0  91181  76  1  12  0  0  0  0  181  2430  0  13  2103  14  1  0  0  0  68  0  36676  4  3  0  789  12127  426  2825  1  0  0  0  0  3  12  6  0  0  297  0  1536  0  1  10  3  1  0  3  0  0  724  0  0  0  0  0  0  0  0  8505  247237  1235  42593  536  
78  0  0  0  1  257  10  1  0  0  0  7  0  57  12  3  0  0  0  0  0  0  0  2  0  0  0  0  0  0  0  596  0  0  0  0  0  0  5  18  0  0  0  0  3  0  1  0  8  0  0  1176  92  5  0  0  0  0  0  0  0  29  0  1  0  1730  2  0  0  0  0  0  0  0  6060  0  150  16  2480  18779  450  32  9  7  0  97  0  286  386  69  1  65  1  0  0  0  0  571  1  49  0  0  81  1  6  8772  0  5  0  7  0  0  9  767  179  0  0  3  4739  150  94  42  205  0  0  2222  2617  232  48  221  3  10  0  0  1  553  106  1798  10  13664  8383  380  120  113  0  0  225  0  0  5746  0  17  792  21  1899  0  4800  15472  153425  42140  
0  0  0  0  0  0  0  0  0  68  0  0  0  0  0  0  0  0  0  0  0  0  0  0  0  0  0  0  0  0  0  14  0  0  0  0  0  0  0  0  3  0  0  0  0  0  0  0  0  0  0  0  0  0  0  0  0  0  0  0  0  0  0  0  0  184  0  0  0  0  0  0  0  0  0  116  1  19  0  4  0  0  58  9152  0  1  0  0  0  0  64  181  46  0  60  945  36811  1  18  138  0  0  0  0  143  2097  1  177  252  114  286  2963  0  0  1934  17  6974  9436  78  0  0  5731  88  3064  19  0  2  4  3  165  207  371  251  1419  47934  1  285  0  114  2512  75  1  1  2  4  2715  41745  3  0  1  7  324  7  1  133704  5085  0  34926  5503  342  
0  0  0  0  0  0  0  0  1  224  0  0  0  0  0  0  0  0  0  0  0  0  2  0  0  0  0  0  1  0  1  990  0  0  0  0  0  0  0  0  0  0  0  0  0  0  0  0  0  0  0  0  0  0  0  0  0  0  0  0  0  0  2  0  0  280  0  0  0  0  0  0  0  0  0  8  71  10  0  0  0  10  13  83  0  0  0  0  0  6  157  236  5  0  59  29  890  4  9  200  0  3  5  8  400  2677  18  212  1  218  1  0  0  0  5559  4  1  94  304  128  0  2998  112  0  6  0  0  0  116  1529  43  129  0  1  22  0  237  0  55  1380  2817  0  3  21  9  0  4977  28  1  74  18  4746  9  61  939  52055  62273  0  29675  6972  
2  0  0  0  0  5  1  0  0  1  0  0  0  2  0  0  0  0  0  0  0  0  0  0  0  0  0  0  0  0  0  14  0  0  0  0  0  0  0  0  0  0  0  0  0  0  0  0  0  0  0  12  0  0  0  0  0  0  0  0  0  0  0  0  0  48  0  0  0  0  0  0  0  0  3903  11  144  111  1311  3380  287  46  30  38  0  101  7  228  170  49  10221  20074  9  1  3  0  11055  1009  22  326  0  2  152  3  6891  28955  25  139  137  176  0  0  12  326  20554  1  71  26  6436  176  39696  13707  36813  0  5  3425  1387  502  237  1847  45  113  3  0  21  492  25607  1248  90  1285  13373  2143  89  1  1  0  3567  22  0  85  2  6  8  1  18504  117412  2318  14553  0  153939  
0  0  0  0  0  0  1  0  0  0  0  0  0  0  0  0  0  0  0  0  0  0  0  0  0  0  0  0  0  0  0  7  0  0  0  0  0  0  0  0  0  0  0  0  0  0  0  0  0  0  0  0  0  0  0  0  0  0  0  0  0  0  0  0  0  1  1  0  0  0  0  0  0  0  0  0  77  10  0  10  3  14  7  25  0  0  0  0  0  13  3  382  3  0  0  0  230  0  14  72  0  2  17  0  546  21733  0  4  0  6  0  0  0  0  248  1  0  8  759  61  104  73  48  0  1  4  2  8  78  241  11  27  0  0  3  0  786  0  31  143  4796  21  7  7  2  0  451  0  0  14  1  0  0  0  2301  171702  2511  10661  441979  0  
