0  0  0  0  23518  28346  0  0  0  0  0  1  0  1150  11613  1189  0  0  0  0  0  0  0  54299  0  0  0  0  0  0  14886  2  0  0  0  0  0  0  495  0  0  0  0  0  0  0  32  0  45  0  0  5129  27986  0  0  0  0  0  0  0  0  4970  87  2120  0  5  0  0  0  13642  0  0  0  0  0  0  0  0  0  0  0  0  0  0  0  0  0  0  0  4  0  0  0  0  0  0  0  0  0  0  0  0  0  0  0  0  0  0  0  0  0  0  0  0  0  0  0  0  0  0  0  0  0  0  0  0  0  0  0  0  0  0  0  0  0  0  0  0  0  0  0  0  0  2  0  0  0  0  0  330  0  0  335  0  0  0  0  0  0  0  
0  0  0  0  0  0  0  0  0  0  0  0  0  0  0  0  0  0  43826  0  65791  13935  0  0  0  0  0  0  0  0  0  0  0  0  0  0  262  927  0  0  0  45418  0  27  0  0  0  0  0  70  30423  0  0  0  0  0  13845  89  28553  16627  10526  0  0  0  0  0  0  0  0  0  0  7430  0  0  0  0  0  0  0  0  0  0  0  0  0  0  0  0  0  0  0  0  0  0  0  0  0  0  0  0  0  0  0  0  0  0  0  0  0  0  0  0  0  0  0  0  0  0  0  0  0  0  0  0  0  0  0  0  0  0  0  0  0  0  0  0  0  0  0  0  0  0  0  0  0  0  0  0  0  0  0  0  0  0  0  0  0  0  0  0  
0  0  0  0  0  1  136  947  1  0  0  0  0  0  0  32205  0  0  0  0  0  0  0  0  0  0  25692  22638  50667  5129  0  0  0  0  0  0  0  0  0  0  0  0  0  0  47172  52012  0  0  0  0  0  0  0  39  0  0  0  0  0  0  0  0  0  0  0  0  12037  0  1809  0  100  0  0  0  0  0  4476  0  0  0  0  36  0  0  0  0  0  0  0  1133  0  0  0  0  0  0  0  0  0  0  0  31  1  344  0  0  0  0  0  0  0  0  0  0  0  0  0  0  31  342  0  0  0  0  0  0  0  0  0  0  0  0  0  0  0  0  0  0  0  0  0  0  0  0  4  0  0  0  0  0  0  0  0  0  0  0  0  0  0  0  
0  0  0  0  0  0  0  0  0  0  0  24376  0  0  3  0  41  4  0  0  0  0  0  0  3  34038  0  20368  18798  0  0  0  132  20  0  3  0  0  0  0  447  0  0  0  32192  0  0  29  30615  0  0  0  0  1  0  16  0  0  0  0  0  0  0  0  1  0  19431  24797  6  0  1  0  1  0  0  0  0  0  0  0  0  0  0  0  0  0  0  0  0  0  0  0  0  0  0  0  0  0  0  0  0  0  0  0  0  0  0  0  0  0  0  0  0  0  0  0  0  0  0  0  0  0  0  0  0  0  0  0  0  0  0  0  0  0  0  0  0  0  0  0  0  0  0  0  0  0  0  0  4  12  2  2  22  0  0  0  0  0  0  0  
24530  0  0  0  0  5009  0  0  0  0  0  0  0  0  9630  24428  0  0  0  0  0  0  0  6  0  0  0  0  0  0  5804  0  0  0  0  0  0  0  0  0  0  0  0  0  0  0  0  0  0  0  0  0  21931  2  0  0  0  0  0  0  0  0  0  0  0  0  0  0  0  6438  0  0  0  0  0  0  0  0  25  34  0  0  0  0  0  0  0  0  0  1854  0  0  0  0  0  0  0  0  0  0  0  0  0  0  4  0  0  0  0  0  0  0  0  0  0  0  0  0  0  0  0  0  0  0  0  0  0  0  0  0  0  0  0  0  0  0  0  0  0  0  0  0  0  479  0  0  0  0  0  1  0  0  0  0  0  0  0  0  0  0  
18562  0  0  0  12591  0  72820  300  80  0  0  0  0  7  9366  70435  0  1  0  0  0  0  0  13241  0  0  0  0  0  0  93  11071  0  0  0  0  0  0  47  0  0  0  0  0  0  0  3  0  195  0  0  3387  25997  33319  0  0  0  0  0  0  0  0  1162  11391  0  83309  0  1  0  43274  0  0  0  0  0  0  0  0  0  6270  277  2  3  0  0  0  0  0  0  1787  0  0  0  0  0  0  0  0  0  0  0  0  0  0  61  191  0  0  0  0  0  0  0  0  0  0  0  0  0  0  0  0  0  0  0  0  0  0  0  0  0  0  0  0  0  0  0  0  0  4866  0  0  0  328  0  0  0  0  0  19937  0  0  316  0  0  25  0  0  1  0  
0  0  9  0  4  66013  0  39672  1403  0  0  0  0  0  682  66906  0  1  0  0  0  0  0  0  0  0  0  0  34  0  0  0  0  0  0  0  0  0  0  0  1  0  0  0  235  9  0  0  28  0  0  1989  91  77384  0  1  0  0  0  0  0  0  0  0  0  52425  4  127  624  0  32  0  0  0  0  0  0  0  0  336  2981  801  33  0  0  0  0  0  0  248  0  0  0  0  0  0  0  0  0  0  0  0  0  0  0  0  0  0  0  0  0  0  0  0  0  0  0  0  0  1  0  0  0  0  0  0  0  0  0  0  0  0  0  0  0  0  0  0  0  604  0  0  0  0  0  0  0  0  0  226  0  0  71  0  0  0  0  0  0  0  
0  0  205  0  1  987  44512  0  20269  0  0  0  0  0  112  48409  1  0  0  0  0  0  0  0  0  0  18  169  3461  0  0  0  0  0  0  0  0  0  0  0  6  0  0  0  26484  37362  0  3  4  0  0  46  12  12802  0  120  0  0  0  0  0  0  0  0  0  31112  235  36  11138  0  377  0  1  1  0  0  5  0  0  0  42  4872  2240  0  0  0  0  0  0  26  0  0  0  0  0  0  0  0  0  0  0  0  0  0  0  0  0  0  0  0  0  0  0  0  0  0  0  0  0  54  0  0  0  0  0  0  0  0  0  0  0  0  0  0  0  0  0  0  0  380  0  0  0  0  3  0  0  0  0  47  0  0  12  0  0  0  0  0  0  0  
0  0  0  0  0  49  1917  14210  0  15985  0  0  0  0  9  0  0  0  0  0  0  0  0  0  4  0  25  12  10  3953  0  0  0  0  0  0  0  0  0  0  1  0  0  2325  376  15227  0  11  2  0  0  14  0  34  0  152  0  0  0  0  0  0  0  0  22  41819  36  4  32  0  35829  0  6  0  0  0  0  0  0  0  0  66  2289  1  0  0  0  0  0  0  0  0  0  0  0  0  0  0  0  0  0  0  0  27  0  0  0  0  0  0  0  0  0  0  0  0  0  0  0  43  0  0  0  0  0  0  0  0  0  0  0  0  0  0  0  0  0  0  0  344  0  0  0  0  728  0  0  0  3  19  1  15  15  0  0  0  0  1  0  0  
0  0  0  0  0  0  0  1  11030  0  4  0  0  0  0  0  0  0  0  0  0  184  6708  0  0  0  0  0  0  17506  0  50  0  0  0  0  0  0  0  0  4  0  0  33453  1  0  0  23  0  0  0  0  0  0  0  4  0  0  0  0  0  0  0  0  1783  57033  0  0  0  0  372  0  0  0  0  0  0  0  0  0  0  0  107  14  0  0  0  0  0  0  0  0  0  0  0  0  1  0  0  0  0  0  0  23  0  11  0  0  0  0  0  0  0  0  0  0  0  0  0  0  0  2  0  0  0  0  0  0  0  0  0  0  0  0  0  0  0  0  0  23998  0  0  0  0  35  0  0  0  1  11  3977  9415  1058  7  0  4  3  7257  46  1  
0  0  0  0  0  0  0  0  0  2  0  0  0  0  0  0  0  0  101  66529  0  3600  0  0  1  0  1761  0  0  1881  0  0  0  0  0  0  0  0  0  0  0  28105  0  89369  0  0  0  0  0  0  0  0  0  0  0  0  258  121  0  0  1  0  0  0  84046  0  0  0  0  0  0  0  0  0  0  0  0  0  0  0  0  0  0  0  59184  0  0  0  0  0  0  0  0  178  0  77  0  0  0  0  1463  0  0  137  0  0  0  0  0  0  0  0  0  0  0  276  0  58  0  0  0  0  0  0  0  0  0  0  0  0  0  0  0  0  0  0  0  0  2030  0  0  0  0  0  0  0  0  0  0  0  0  0  0  0  0  0  0  0  0  0  
2  0  0  30295  0  3  0  0  0  0  0  0  146  28982  62  0  434  230  0  0  0  0  0  59  0  516  0  2  2536  0  0  0  96  72  28  3  0  0  24  69498  80  0  0  0  2177  0  2  100  68170  0  0  48055  0  1  0  2  0  0  0  0  0  0  0  0  0  0  543  64345  0  0  0  0  1  1  0  0  0  0  0  0  0  0  0  0  0  0  0  0  0  0  0  0  0  0  0  0  0  0  0  0  0  0  0  0  0  0  0  0  0  0  0  0  0  0  0  0  0  0  0  0  0  0  0  0  0  0  0  0  0  0  0  0  0  0  0  0  0  0  0  0  0  0  0  0  0  0  0  0  2  115  1  12  3820  0  0  0  0  0  0  0  
84  0  0  0  0  0  0  0  0  0  0  66  0  11628  0  0  1  62  0  0  0  0  0  61929  0  0  0  0  0  0  0  1  0  0  0  0  0  0  25891  29  0  0  0  0  0  0  7760  0  62  0  0  3  0  0  0  0  0  0  0  0  0  4134  197  8132  0  0  0  0  0  0  0  0  0  0  0  0  0  0  0  0  0  0  0  0  0  0  0  0  0  0  0  0  0  0  0  0  0  0  0  0  0  0  0  0  0  0  0  0  0  0  0  0  0  0  0  0  0  0  0  0  0  0  0  0  0  0  0  0  0  0  0  0  0  0  0  0  0  0  0  0  0  0  0  0  0  0  0  0  0  3  0  0  2  0  0  0  0  0  0  0  
171  0  0  0  0  2  0  0  0  0  0  35491  12294  0  30  0  0  23  0  0  0  0  0  2706  0  0  0  0  0  0  0  0  0  0  0  0  0  0  40827  33283  0  0  0  0  0  0  111  0  10072  0  0  42356  0  0  0  0  0  0  0  0  0  16570  1  60  0  0  0  17  0  0  0  0  0  0  0  0  0  0  0  0  0  0  0  0  0  0  0  0  0  0  0  0  0  0  0  0  0  0  0  0  0  0  0  0  0  0  0  0  0  0  0  0  0  0  0  0  0  0  0  0  0  0  0  0  0  0  0  0  0  0  0  0  0  0  0  0  0  0  0  0  0  0  0  0  0  0  0  0  0  2  0  0  6  0  0  0  0  0  0  0  
11847  0  0  0  10672  6919  2911  23  7  0  0  53  0  73  0  35955  0  0  0  0  0  0  0  19685  0  0  1  6  9005  0  0  0  0  0  0  0  0  0  0  0  0  0  0  0  1122  0  0  0  27  0  0  127702  132477  101059  0  4  0  0  0  0  0  27224  0  0  0  21  6  31396  8395  0  2  0  0  0  0  0  0  0  0  0  0  0  0  0  0  0  0  0  0  0  0  0  0  0  0  0  0  0  0  0  0  0  0  0  0  0  0  0  0  0  0  0  0  0  0  0  0  0  0  0  0  0  0  0  0  0  0  0  0  0  0  0  0  0  0  0  0  0  0  0  0  0  0  0  0  0  0  0  0  388  0  0  20  0  0  0  0  0  0  0  
2359  0  36026  0  25759  77361  67000  46877  3  0  0  0  0  0  39133  0  0  0  0  0  0  0  0  0  0  0  0  43  12403  0  10  17  0  0  0  0  0  0  0  0  0  0  0  0  8830  8298  0  0  0  0  0  0  1341  122886  0  0  0  0  0  0  0  0  0  0  0  2857  15  0  40360  9326  2  0  0  0  0  0  698  0  5  1249  585  3822  1  0  0  0  0  0  0  10935  0  0  0  0  0  0  0  0  0  0  0  1  0  0  108  16  0  0  0  0  0  0  0  0  0  0  0  0  4  500  0  0  0  0  0  0  0  0  0  0  0  0  0  0  0  0  0  0  0  1026  0  0  0  4213  0  0  0  0  0  193  0  0  0  1  0  89  0  0  0  0  
0  0  0  44  0  0  1  4  3  0  0  255  0  0  1  0  0  36271  0  0  0  0  8327  36  4  4  22  7  0  0  0  0  86  346  9865  8  0  1  0  0  12046  0  3089  0  775  15  20  50011  29047  4  0  0  0  0  7  125  0  0  4  0  1  0  2  0  0  0  9885  4  22  0  10  4  88  4  0  0  0  0  0  0  0  0  0  0  0  0  0  0  0  0  0  0  0  0  0  0  0  0  0  0  0  0  0  0  0  0  0  0  0  0  0  0  0  0  0  0  0  0  0  0  0  0  0  0  0  0  0  0  0  0  0  0  0  0  0  0  0  0  0  0  0  0  0  0  0  0  0  0  3307  64  41  57  108338  469  0  0  0  0  0  0  
0  0  0  13  0  12  1  0  0  0  0  455  130  39  7  0  28144  0  0  0  0  0  14717  9892  0  0  0  0  0  0  2  8  2  54  599  1  0  0  12  9  2  0  420  0  1  0  31657  2208  32230  0  0  192  1  1  0  0  0  0  2  0  0  0  1018  0  0  0  1  0  0  0  0  1  13  2  0  0  0  0  0  0  0  0  0  0  0  0  0  0  0  0  0  0  0  0  0  0  0  0  0  0  0  0  0  0  0  0  0  0  0  0  0  0  0  0  0  0  0  0  0  0  0  0  0  0  0  0  0  0  0  0  0  0  0  0  0  0  0  0  0  0  0  0  0  0  0  0  0  0  12160  10  251  1346  145252  2022  0  0  0  0  0  0  
0  43612  0  0  0  0  0  0  0  0  260  0  0  0  0  0  0  0  0  21150  373  436  0  0  26536  0  0  0  0  0  0  0  0  6  8  0  2  12614  0  0  0  50993  26  7895  0  0  0  33  0  80  745  0  0  0  0  209  117943  55581  30974  1238  4005  0  0  0  21  0  0  0  0  0  0  108  28185  0  0  0  0  0  0  0  0  0  0  0  0  0  0  0  0  0  0  0  0  0  0  0  0  0  0  0  0  0  0  0  0  0  0  0  0  0  0  0  0  0  0  0  0  0  0  0  0  0  0  0  0  0  0  0  0  0  0  0  0  0  0  0  0  0  0  0  0  0  0  0  0  0  0  0  2  0  43  0  0  0  0  0  0  0  0  0  
0  0  0  0  0  0  0  0  0  0  67574  0  0  0  0  0  0  0  19264  0  0  22  0  0  3629  0  9307  0  0  0  0  0  0  0  0  0  0  0  0  0  0  19018  0  9152  0  0  0  0  0  0  0  0  0  0  0  5102  514  38527  0  0  8  0  0  0  24737  0  0  0  0  0  0  0  0  0  0  0  0  0  0  0  0  0  0  0  223  0  0  0  0  0  0  0  0  8  0  0  0  0  0  0  0  0  0  0  0  0  0  0  0  0  0  0  0  0  0  85  0  0  0  0  0  0  0  0  0  0  0  0  0  0  0  0  0  0  0  0  0  0  0  0  0  0  0  0  0  0  0  0  0  0  0  0  0  0  0  0  0  0  0  0  
0  59823  0  0  0  0  0  0  0  0  0  0  0  0  0  0  0  0  314  0  0  1015  3022  0  5  0  0  0  0  0  0  0  0  0  0  0  5564  55  0  0  0  0  0  0  0  0  0  1  0  21528  19207  0  0  0  0  0  1705  153  3733  50942  82844  0  0  0  0  0  0  0  0  0  0  144  4  0  0  0  0  0  0  0  0  0  0  0  0  0  0  0  0  0  0  0  0  0  1  6  0  0  0  0  0  0  0  0  0  0  0  0  0  0  0  0  0  0  0  0  0  0  0  0  0  0  0  0  0  0  0  0  0  0  0  0  0  0  0  0  0  0  0  0  0  0  0  0  0  0  0  0  0  0  42  0  0  0  0  0  0  0  0  0  
0  15342  0  0  0  0  0  0  0  354  1777  0  0  0  0  0  0  0  679  30  1542  0  8336  0  0  0  0  0  0  12  0  0  0  0  0  0  0  3  0  0  0  43161  0  134709  0  0  0  0  0  0  42328  0  0  0  0  0  2163  794  150  2  95908  0  0  0  63  0  0  0  0  0  0  0  0  0  0  7  0  0  0  0  0  0  0  0  209  0  0  0  0  0  0  0  0  0  20  8828  0  0  0  0  0  0  0  12  0  0  0  0  0  0  0  0  0  0  0  138  0  92  0  0  0  0  0  0  9  0  0  0  0  0  0  0  0  0  6  0  0  0  7  0  0  0  0  0  0  0  0  0  0  0  1169  3  0  1  0  0  0  0  0  0  
0  0  0  0  0  0  0  0  0  5787  0  0  0  0  0  0  8299  24606  3  0  5030  6879  0  7  0  0  0  0  0  2  0  0  0  103  14112  0  510  0  0  0  3  0  37051  8906  0  0  6  3243  0  18123  0  0  0  0  0  0  1  2  2  2  49665  0  0  0  1  0  0  0  0  0  0  3  6  0  0  0  0  0  0  0  0  0  0  0  0  0  0  0  0  0  0  0  0  0  3  0  5  0  0  0  0  0  0  0  0  0  0  0  0  0  0  0  0  0  0  0  0  0  0  0  0  1  0  0  0  0  0  0  0  0  0  0  0  0  1  0  0  0  0  0  0  0  0  0  0  0  0  0  45510  0  84844  144  1589  37  0  0  29  1  0  0  
56516  0  0  0  9  11046  0  0  0  0  0  39  61547  3177  17826  0  13  14220  0  0  0  0  4  0  0  0  0  0  0  0  30837  648  0  0  23  0  0  0  20467  14  0  0  23  0  0  0  50064  2  17  0  0  1374  53  0  0  0  0  0  0  0  0  40216  101371  127642  0  0  0  0  0  20802  0  0  0  0  0  0  0  0  0  0  0  0  0  0  0  0  0  0  0  0  0  0  0  0  0  0  0  67  0  0  0  0  0  0  76  1  0  0  0  0  0  0  0  0  0  0  0  0  0  0  0  0  0  0  0  0  0  0  0  0  0  0  0  0  0  0  6  0  0  0  0  0  0  1  0  0  0  0  1  3370  3  0  15525  0  0  0  0  0  0  0  
0  0  0  0  0  0  0  0  0  0  4  1  0  0  0  0  8  0  36468  7803  3  0  0  0  0  11034  20365  0  0  1  0  0  2  3  4  2209  0  291  0  0  2008  0  13  0  2  5  0  234  24  3  0  1  0  0  33469  92002  49  8345  54  96  440  0  0  0  281  0  846  1  0  0  27  14  124145  13  0  0  0  0  0  0  0  0  0  0  0  0  0  0  0  0  0  0  0  0  0  0  0  0  0  0  0  0  0  0  0  0  0  0  0  0  0  0  0  0  0  0  0  0  0  0  0  0  0  0  0  0  0  0  0  0  0  0  0  0  0  0  0  0  0  0  0  0  0  0  0  0  0  0  22  0  47  65  26  0  0  0  0  0  0  0  
0  0  0  33642  0  0  0  0  0  1  0  406  0  0  1  0  49  1  1  0  0  0  0  0  13457  0  192  43  10  0  0  0  168  10733  0  62339  0  23  0  1  47166  0  4  0  708  0  0  635  15962  0  0  50  0  0  37763  18164  0  2  0  0  0  0  0  0  2  0  73218  2905  1  0  1  0  13000  48  0  0  0  0  0  0  0  0  0  0  0  0  0  0  0  0  0  0  0  0  0  0  0  0  0  0  0  0  0  0  0  0  0  0  0  0  0  0  0  0  0  0  0  0  0  0  0  0  0  0  0  0  0  0  0  0  0  0  0  0  0  0  0  0  0  0  0  0  0  0  0  0  0  0  33  23  47  108  453  0  0  0  0  0  0  0  
0  0  22211  0  0  0  0  71  17  0  1625  0  0  0  2  0  2  0  2  8564  0  0  0  0  15922  196  0  39  21  133772  0  0  0  0  0  0  0  0  0  0  66  0  0  0  350  26916  0  79  6  0  0  0  0  1  0  160385  0  8  0  0  0  0  0  0  26919  0  69515  1  7  0  10916  0  12  1  0  0  2  0  0  0  0  0  0  0  7  0  0  0  0  0  0  0  0  11  0  0  0  0  0  0  17  0  0  500  0  0  0  0  0  0  0  0  0  0  0  0  0  0  0  0  0  0  0  0  0  0  0  0  0  0  0  0  0  0  0  0  0  0  0  0  0  0  0  0  0  0  0  0  1  52  1  2  423  0  0  0  0  0  0  0  
0  0  18537  19723  0  0  0  64  21  0  0  0  0  0  1  33  1  0  0  0  0  0  0  0  0  40  32  0  3024  0  0  0  0  0  0  0  0  0  0  0  1  0  0  0  142627  4739  0  23  84  0  0  1  0  2  0  26  0  0  0  0  0  0  0  0  0  0  111397  20  16  0  53  0  0  0  0  0  0  0  0  0  0  0  0  0  0  0  0  0  0  0  0  0  0  0  0  0  0  0  0  0  0  0  0  0  0  0  0  0  0  0  0  0  0  0  0  0  0  0  0  0  0  0  0  0  0  0  0  0  0  0  0  0  0  0  0  0  0  0  0  0  0  0  0  0  0  0  0  0  0  122  0  0  228  0  0  0  0  0  0  0  
0  0  45748  16966  0  5  271  6522  79  0  0  3940  0  0  9155  12499  0  0  0  0  0  0  0  0  0  5  20  4368  0  0  0  0  0  0  0  0  0  0  0  1  8  0  0  0  129731  302  0  4  77  0  0  249  0  418  0  178  0  0  0  0  0  0  0  0  0  0  79  67444  81892  0  44  0  0  0  0  0  0  0  0  0  0  0  0  0  0  0  0  0  0  0  0  0  0  0  0  0  0  0  0  0  0  0  0  0  0  0  0  0  0  0  0  0  0  0  0  0  0  0  0  0  0  0  0  0  0  0  0  0  0  0  0  0  0  0  0  0  0  0  0  0  0  0  0  0  0  0  0  0  0  62  0  0  19  0  0  0  0  0  0  0  
0  0  6081  0  0  0  0  0  3190  16363  974  0  0  0  0  0  0  0  0  0  0  40  1  0  0  0  151714  1  0  0  0  0  0  0  0  0  0  0  0  0  2  0  0  8550  2  30299  0  1  0  0  0  0  0  0  0  14714  0  0  0  0  0  0  0  0  85947  17  10  0  0  0  67757  0  2  2  0  0  8  0  0  0  0  0  1  6  56  0  0  0  0  0  0  0  0  48  0  0  0  0  0  0  94  0  0  83295  0  0  0  0  0  0  0  0  0  0  0  0  0  0  0  243  0  0  0  0  0  0  0  0  0  0  0  0  0  0  0  0  0  0  231  6  0  0  0  0  1660  0  0  0  0  0  8  35  2  0  0  0  0  0  0  0  
17849  0  0  0  6014  113  0  0  0  0  0  0  0  0  0  20  0  31  0  0  0  0  1  37073  0  0  0  0  0  0  0  20385  0  0  0  0  0  0  4  0  0  0  0  0  0  0  739  0  0  0  0  0  0  0  0  0  0  0  0  0  0  0  75162  35  0  2  0  0  0  56811  0  0  0  0  1  0  0  0  2  35  0  0  0  0  0  0  0  0  0  761  0  0  0  0  0  0  0  664  0  0  0  0  0  0  14592  179  0  0  0  0  0  0  0  0  0  0  0  0  0  0  0  0  0  0  0  0  0  0  0  0  0  0  0  0  0  0  70  0  0  4  0  0  0  554  0  0  0  0  0  146  3  4  1136  534  0  0  0  0  1  0  
25  0  0  0  0  8847  0  0  0  3  0  0  0  0  0  14  2  89  0  0  0  0  1  418  0  0  0  0  0  0  19706  0  0  0  0  0  0  0  2  0  0  0  0  0  0  0  1438  1  0  0  0  0  0  0  0  0  0  0  0  0  0  0  16260  210  0  22101  0  0  0  3625  0  0  0  0  0  0  0  0  0  6  0  0  0  0  0  0  0  0  0  0  0  0  0  0  0  0  3  0  0  0  0  0  0  0  7  2370  0  0  0  0  0  0  0  0  0  0  0  0  0  0  0  0  0  0  0  0  0  0  0  0  0  0  0  0  0  0  2  0  0  95  0  0  0  0  0  0  0  0  2  11732  3  488  6108  2555  0  552  1  2  1  2487  
0  0  0  183  0  0  0  0  0  1  0  92  0  0  0  0  77  2  0  0  0  0  0  0  0  167  0  0  0  0  0  0  0  15172  8598  1540  0  0  0  0  11469  0  0  0  0  0  0  52294  2  0  0  0  0  0  0  1  0  0  0  0  0  0  0  0  1  0  0  0  0  0  0  0  26  46720  0  0  0  0  0  0  0  0  0  0  0  0  0  0  0  0  0  0  0  0  0  0  0  0  0  0  0  0  0  0  0  0  0  0  0  0  0  0  0  0  0  0  0  0  0  0  0  0  0  0  0  0  0  0  0  0  0  0  0  0  0  0  0  0  0  0  0  0  0  0  0  0  0  0  26  0  64  261  95  0  0  0  0  0  0  0  
0  0  0  51  0  0  0  0  0  0  0  41  0  0  0  0  19  6  3  0  0  0  1  0  2  9541  0  0  0  0  0  0  17459  0  69144  60791  19  17419  0  0  2586  0  37915  0  0  0  0  20818  16  1281  0  1  0  0  50  63  1  1  151  10  11  0  0  0  0  0  8  0  0  0  0  5012  129224  10378  0  0  0  0  0  0  0  0  0  0  0  0  0  0  0  0  0  0  0  0  0  0  0  0  0  0  0  0  0  0  0  0  0  0  0  0  0  0  0  0  0  0  0  0  0  0  0  0  0  0  0  0  0  0  0  0  0  0  0  0  0  0  0  0  0  0  0  0  0  0  0  0  0  0  12  0  49  87  10  0  0  0  0  0  0  0  
0  0  0  4  0  0  0  0  0  0  0  33  0  0  0  0  9384  1910  37  0  0  0  17524  10  7  0  0  0  0  0  0  0  5689  64554  0  262  2  127  0  0  1  0  38436  0  0  0  3  69970  1  700  0  0  0  0  0  0  2  7  720  106  60  0  0  0  0  0  0  0  0  0  0  844  41892  612  0  0  0  0  0  0  0  0  0  0  0  0  0  0  0  0  0  0  0  0  0  0  0  0  0  0  0  0  0  0  0  0  0  0  0  0  0  0  0  0  0  0  0  0  0  0  0  0  0  0  0  0  0  0  0  0  0  0  0  0  0  0  0  0  0  0  0  0  0  0  0  0  0  0  19849  0  102  0  95  0  0  0  0  0  0  0  
0  0  0  1  0  0  0  0  0  0  0  7  0  0  1  0  11  2  8  0  0  0  0  0  182  61348  0  0  0  0  0  0  936  71241  232  0  0  145  0  0  42039  0  60  0  59  0  0  4977  562  12  0  7  0  0  7153  1465  0  3  0  0  0  0  0  0  4  0  18050  77  1  0  3  2  3689  26799  0  0  0  0  0  0  0  0  0  0  0  0  0  0  0  0  0  0  0  0  0  0  0  0  0  0  0  0  0  0  0  0  0  0  0  0  0  0  0  0  0  0  0  0  0  0  0  0  0  0  0  0  0  0  0  0  0  0  0  0  0  0  0  0  0  0  0  0  0  0  0  0  0  0  248  2  524  340  152  0  0  0  0  0  0  0  
0  155  0  0  0  0  0  0  0  0  0  0  0  0  0  0  0  0  5  0  2499  0  203  0  0  0  0  0  0  0  0  0  0  28  13  0  0  20365  0  0  0  0  25452  0  0  0  0  6  0  53238  0  0  0  0  0  0  0  2  160  50147  89  0  0  0  0  0  0  0  0  0  0  145096  121  0  0  0  0  0  0  0  0  0  0  0  0  0  0  0  0  0  0  0  0  0  0  0  0  0  0  0  0  0  0  0  0  0  0  0  0  0  0  0  0  0  0  0  0  0  0  0  0  0  0  0  0  0  0  0  0  0  0  0  0  0  0  0  0  0  0  0  0  0  0  0  0  0  0  0  0  0  15  0  0  0  0  0  0  0  0  0  
0  1888  0  0  0  0  0  0  0  0  0  0  0  0  0  0  10  3  13693  0  13  1  0  0  160  56  0  0  0  0  0  0  0  15136  800  10  16691  0  0  0  10  0  3025  0  0  0  0  305  0  11239  0  0  0  0  6  1  317  195  19039  993  405  0  0  0  5  0  0  0  0  0  0  103002  149717  0  0  0  0  0  0  0  0  0  0  0  0  0  0  0  0  0  0  0  0  0  0  0  0  0  0  0  0  0  0  0  0  0  0  0  0  0  0  0  0  0  0  0  0  0  0  0  0  0  0  0  0  0  0  0  0  0  0  0  0  0  0  0  0  0  0  0  0  0  0  0  0  0  0  0  18  0  111  1  0  0  0  0  0  0  0  0  
1562  0  0  0  0  84  0  0  0  0  0  163  25139  46778  0  0  0  17  0  0  0  0  0  18366  0  0  0  0  0  0  10  8  0  0  0  0  0  0  0  710  0  0  0  0  0  0  5229  0  12885  0  0  17186  0  0  0  0  0  0  0  0  0  18  1199  26697  0  0  0  1  0  2  0  0  0  0  0  0  0  0  0  0  0  0  0  0  0  0  0  0  0  0  0  0  0  0  0  0  0  0  0  0  0  0  0  0  0  0  0  0  0  0  0  0  0  0  0  0  0  0  0  0  0  0  0  0  0  0  0  0  0  0  0  0  0  0  0  0  0  0  0  0  0  0  0  0  0  0  0  0  0  82  0  0  171  0  0  0  0  0  0  0  
0  0  0  0  0  0  0  0  0  0  0  76085  94  40477  0  0  0  6  0  0  0  0  0  41  0  0  0  0  1  0  0  0  0  0  0  0  0  0  1834  0  0  0  0  0  3  0  12  0  15265  0  0  1023  0  0  0  0  0  0  0  0  0  0  0  0  0  0  3  79  0  0  0  0  0  0  0  0  0  0  0  0  0  0  0  0  0  0  0  0  0  0  0  0  0  0  0  0  0  0  0  0  0  0  0  0  0  0  0  0  0  0  0  0  0  0  0  0  0  0  0  0  0  0  0  0  0  0  0  0  0  0  0  0  0  0  0  0  0  0  0  0  0  0  0  0  0  0  0  0  0  2  0  0  31  0  0  0  0  0  0  0  
0  0  0  361  0  0  1  5  4  44  0  308  0  0  5  0  16060  20  16  0  0  0  0  0  174  47106  415  4  1  1  0  0  9957  3720  4  41293  0  3  0  5  0  0  136  2  1067  8  0  56496  41740  21  0  56  0  0  654  3713  0  9  2  0  0  0  0  0  47  2  30956  1282  26  0  40  1  12837  9289  0  0  0  0  0  0  0  0  0  0  0  0  0  0  0  0  0  0  0  0  0  0  0  0  0  0  0  0  0  0  0  0  0  0  0  0  0  0  0  0  0  0  0  0  0  0  0  0  0  0  0  0  0  0  0  0  0  0  0  0  0  0  0  0  0  0  0  0  0  0  0  0  0  0  1169  43  2885  5903  16646  0  0  0  0  0  0  0  
0  39940  0  0  0  0  0  0  0  0  25779  0  0  0  0  0  0  0  40414  16731  0  39748  0  0  0  0  0  0  0  0  0  0  0  0  0  0  0  0  0  0  0  0  0  40783  0  0  0  0  0  0  1822  0  0  0  0  0  36840  50  0  0  16  0  0  0  0  0  0  0  0  0  0  0  0  0  0  0  0  0  0  0  0  0  0  0  3  0  0  0  0  0  0  0  0  0  0  0  0  0  0  0  0  0  0  0  0  0  0  0  0  0  0  0  0  0  0  74  0  1  0  0  0  0  0  0  0  0  0  0  0  0  0  0  0  0  0  0  0  0  0  0  0  0  0  0  0  0  0  0  0  0  0  0  0  0  0  0  0  0  0  0  
0  0  0  0  0  0  0  0  0  0  0  0  0  0  0  0  202  44  49  0  2  0  33282  10  10  0  0  0  0  0  0  0  0  36941  29806  1  24577  2686  0  0  42  0  0  0  0  0  1  1234  1  26541  0  0  0  0  0  0  7  9  1165  326  445  0  1  0  0  0  1  0  0  0  0  15937  4133  0  0  0  0  0  0  0  0  0  0  0  0  0  0  0  0  0  0  0  0  0  0  0  0  0  0  0  0  0  0  0  0  0  0  0  0  0  0  0  0  0  0  0  0  0  0  0  0  0  0  0  0  0  0  0  0  0  0  0  0  0  0  0  0  0  0  0  0  0  0  0  0  0  0  0  44924  0  5013  2  4  0  0  0  0  0  0  0  
0  763  0  0  0  0  0  0  308  35498  84826  0  0  0  0  0  0  0  6605  7199  0  143064  6849  0  3  0  0  0  0  12773  0  0  0  0  0  0  0  0  0  0  3  52717  1  0  0  0  0  41  0  0  83  0  0  0  0  39  8781  34962  32  0  9328  0  0  0  90036  3  1  0  0  0  1717  0  89  2  0  0  0  0  0  0  0  0  0  1  380  0  0  0  0  0  0  0  0  0  0  817  0  0  0  0  0  0  0  0  0  0  0  0  0  0  0  0  0  0  0  8  0  10  0  0  0  0  0  0  0  0  0  0  0  0  0  0  0  0  0  0  0  0  35  1  0  0  0  0  0  0  0  0  4  0  5794  68  6  0  0  0  0  4  0  0  
0  0  42542  27935  0  8  619  32495  1072  0  0  710  0  0  2174  5412  257  1  0  0  0  0  1  0  17  600  653  162379  122992  2  0  0  3  2  0  14  0  0  0  2  1087  0  0  0  0  33041  0  1382  13233  0  0  86  0  602  17  3300  0  0  0  0  0  0  0  0  2  4  103999  78242  51368  0  1592  0  57  7  0  0  0  0  0  0  0  0  0  0  0  0  0  0  0  0  0  0  0  0  0  0  0  0  0  0  0  0  0  0  0  0  0  0  0  0  0  0  0  0  0  0  0  0  0  0  0  0  0  0  0  0  0  0  0  0  0  0  0  0  0  0  0  0  0  0  0  0  0  0  0  0  0  0  18  4686  33  74  13692  4  0  0  0  0  0  0  
0  0  44261  0  0  0  63  32804  20055  0  0  0  0  0  8  3618  5  2  0  0  0  0  0  0  16  0  35811  4780  1302  24501  0  0  0  0  0  0  0  0  0  0  6  0  0  0  24349  0  0  37  5  0  0  1  0  96  2  7627  0  1  0  0  0  0  0  0  5  1  48009  5  371  0  40997  0  72  0  0  0  179  0  0  0  0  28  51  0  0  0  0  0  0  39  0  0  0  0  0  0  0  0  0  0  0  0  0  429  0  0  0  0  0  0  0  0  0  0  0  0  0  0  0  230  0  0  0  0  0  0  0  0  0  0  0  0  0  0  0  0  0  0  0  0  0  0  0  0  181  0  0  0  3  33  1  9  40  0  0  0  0  0  0  0  
731  0  0  0  0  77  0  0  0  0  0  4  8827  97  0  0  18  28169  0  0  0  0  6  39784  0  0  0  0  0  0  82  700  0  0  11  0  0  0  5091  3  0  0  1  0  0  0  0  1  7958  0  0  180  1  0  0  0  0  0  0  0  0  0  5791  11872  0  0  0  0  0  2  0  0  0  0  0  0  0  0  0  0  0  0  0  0  0  0  0  0  0  0  0  0  0  0  0  0  0  0  0  0  0  0  0  0  0  0  0  0  0  0  0  0  0  0  0  0  0  0  0  0  0  0  0  0  0  0  0  0  0  0  0  0  0  0  0  0  0  0  0  0  0  0  0  0  0  0  0  0  2  131  0  0  52182  0  0  0  0  0  0  0  
0  0  0  0  0  0  0  3  7  22  0  11  0  0  0  0  51267  6867  30  0  0  0  4386  9  18  36  375  13  0  1  0  0  37552  17914  83184  1222  3  140  0  0  30626  0  9172  4  1039  24  3  0  36  1146  0  0  0  1  16  2313  0  4  131  8  10  0  1  0  10  1  11039  4  2  0  20  163  108991  28893  0  0  0  0  0  0  0  0  0  0  0  0  0  0  0  0  0  0  0  0  0  0  0  0  0  0  0  0  0  0  0  0  0  0  0  0  0  0  0  0  0  0  0  0  0  0  0  0  0  0  0  0  0  0  0  0  0  0  0  0  0  0  0  0  0  0  0  0  0  0  0  0  0  0  5314  346  2656  6586  133900  2891  0  0  0  0  0  0  
705  0  0  31853  0  951  152  67  8  0  0  64302  49  8584  253  0  28945  30754  0  0  0  0  0  65  63  10863  36  48  90  0  1  0  29  10  2  64  0  0  12267  12129  22299  0  1  0  19422  29  9113  4573  0  0  0  36587  73  77  99  463  0  0  0  0  0  0  70  49  11  0  18019  55294  748  1  18  0  199  50  0  0  0  0  0  0  0  0  0  0  0  0  0  0  0  0  0  0  0  0  0  0  0  0  0  0  0  0  0  0  0  0  0  0  0  0  0  0  0  0  0  0  0  0  0  0  0  0  0  0  0  0  0  0  0  0  0  0  0  0  0  0  0  0  0  0  0  0  0  0  0  0  0  0  85  1663  140  523  116095  275  0  0  0  0  0  0  
0  48  0  0  0  0  0  0  0  0  0  0  0  0  0  0  6  1  374  0  26405  1  25500  0  46  0  0  0  0  0  0  0  0  4067  1089  1  54437  8130  0  0  109  0  48952  0  0  0  0  1045  2  0  2  0  0  0  2  1  81  112  6398  24194  30285  0  0  0  2  0  0  0  0  0  0  55958  7149  1  0  0  0  0  0  0  0  0  0  0  0  0  0  0  0  0  0  0  0  0  0  0  0  0  0  0  0  0  0  0  0  0  0  0  0  0  0  0  0  0  0  0  0  0  0  0  0  0  0  0  0  0  0  0  0  0  0  0  0  0  0  0  0  0  0  0  0  0  0  0  0  0  0  0  242  0  16553  5  0  0  0  0  0  0  0  0  
0  36412  0  0  0  0  0  0  0  0  0  0  0  0  0  0  0  0  1871  0  21563  44538  0  0  0  0  0  0  0  0  0  0  0  0  0  0  0  1  0  0  0  2627  0  30  0  0  0  0  0  1  0  0  0  0  0  0  23472  105  1226  1  39897  0  0  0  0  0  0  0  0  0  0  0  0  0  0  0  0  0  0  0  0  0  0  0  0  0  0  0  0  0  0  0  0  0  0  11  0  0  0  0  0  0  0  0  0  0  0  0  0  0  0  0  0  0  0  0  0  0  0  0  0  0  0  0  0  0  0  0  0  0  0  0  0  0  0  0  0  0  0  0  0  0  0  0  0  0  0  0  0  0  0  0  0  0  0  0  0  0  0  0  
2798  0  0  0  8  6453  7390  34  17  0  0  45982  0  44615  130951  1  0  14  0  0  0  0  0  363  0  0  0  0  423  0  0  0  0  0  0  0  0  0  17683  1387  2  0  0  0  82  1  9  2  34054  0  0  0  14210  18902  0  0  0  0  0  0  0  18549  3  76  0  81  31  46024  16  0  0  0  1  0  0  0  0  0  0  0  0  0  0  0  0  0  0  0  0  0  0  0  0  0  0  0  0  0  0  0  0  0  0  0  0  0  0  0  0  0  0  0  0  0  0  0  0  0  0  0  0  0  0  0  0  0  0  0  0  0  0  0  0  0  0  0  0  0  0  1  0  0  0  0  0  0  0  0  0  35279  0  1  25091  0  0  0  0  0  0  0  
29624  0  0  0  20920  26617  19  0  0  0  0  0  0  8  114993  1514  0  0  0  0  0  0  0  248  0  0  0  0  0  0  0  0  0  0  0  0  0  0  0  0  0  0  0  0  0  0  0  0  52  0  0  21415  0  25369  0  0  0  0  0  0  0  226  0  3  0  118  0  1  0  40  0  0  0  0  0  0  0  0  0  0  0  0  0  0  0  0  0  0  0  0  0  0  0  0  0  0  0  0  0  0  0  0  0  0  0  0  0  0  0  0  0  0  0  0  0  0  0  0  0  0  0  0  0  0  0  0  0  0  0  0  0  0  0  0  0  0  0  0  0  1  0  0  0  0  0  0  0  0  0  123  0  0  51  0  0  0  0  0  0  0  
1  0  0  0  103  33414  74515  6321  234  0  0  0  0  0  102482  125759  0  1  0  0  0  0  0  1  0  0  1  4  45  0  0  0  0  0  0  0  0  0  0  0  0  0  0  0  359  28  0  1  118  0  0  16066  24661  0  0  11  0  0  0  0  0  0  0  0  0  9  14  2205  26096  0  26  0  0  0  0  0  0  0  0  0  0  0  0  0  0  0  0  0  0  0  0  0  0  0  0  0  0  0  0  0  0  0  0  0  0  0  0  0  0  0  0  0  0  0  0  0  0  0  0  0  0  0  0  0  0  0  0  0  0  0  0  0  0  0  0  0  0  0  0  0  0  0  0  0  0  0  0  0  0  700  0  0  40  0  0  0  0  0  0  0  
0  0  0  1  0  0  0  0  0  0  0  4  0  0  1  0  23  5  28  0  0  0  0  0  33627  39557  1  0  0  0  0  0  18  354  32  12452  0  16  0  0  1800  0  117  0  60  0  0  2227  327  10  0  16  0  0  0  7155  0  9  4  0  0  0  0  0  11  0  1036  86  1  0  15  4  39429  30  0  0  0  0  0  0  0  0  0  0  0  0  0  0  0  0  0  0  0  0  0  0  0  0  0  0  0  0  0  0  0  0  0  0  0  0  0  0  0  0  0  0  0  0  0  0  0  0  0  0  0  0  0  0  0  0  0  0  0  0  0  0  0  0  0  0  0  0  0  0  0  0  0  0  224  3  516  364  201  0  0  0  0  0  0  0  
0  0  0  0  0  0  4  229  99  0  0  3  0  0  7  0  51  21  496  8711  0  3  0  0  100106  16540  146071  89  73  10497  0  0  25  18  0  6112  0  0  0  0  4977  0  8  119  2125  5529  0  5715  106  1  0  1  0  7  1204  0  116  32387  2  0  5  0  0  0  68074  0  59685  21  74  0  37063  0  67023  340  0  0  0  0  0  0  0  0  0  0  0  0  0  0  0  0  0  0  0  0  0  0  0  0  0  0  0  0  0  0  0  0  0  0  0  0  0  0  0  0  0  0  0  0  0  0  0  0  0  0  0  0  0  0  0  0  0  0  0  0  0  0  0  0  0  0  0  0  0  0  0  0  0  0  507  837  319  1290  2973  0  0  0  0  0  0  0  
0  17804  0  0  0  0  0  0  0  0  282  0  0  0  0  0  0  0  128191  273  509  1972  0  0  53  0  0  0  0  0  0  0  0  8  6  0  0  3661  0  0  0  41878  13  11245  0  0  0  9  0  63  10645  0  0  0  0  2  0  17592  4891  759  12701  0  0  0  9  0  0  0  0  0  0  122  6401  0  0  0  0  0  0  0  0  0  0  0  0  0  0  0  0  0  0  0  0  0  0  0  0  0  0  0  0  0  0  0  0  0  0  0  0  0  0  0  0  0  0  0  0  0  0  0  0  0  0  0  0  0  0  0  0  0  0  0  0  0  0  0  0  0  0  0  0  0  0  0  0  0  0  0  2  0  10  0  0  0  0  0  0  0  0  0  
0  401  0  0  0  0  0  0  0  0  487  0  0  0  0  0  0  0  70281  50485  109  1304  0  0  9737  0  1  0  0  0  0  0  0  1  4  0  0  480  0  0  1  56  10  33240  0  0  0  40  0  27  34  0  0  0  0  28794  12044  0  275  293  2058  0  0  0  28873  0  0  0  0  0  4  48  13038  1  0  0  0  0  0  0  0  0  0  0  0  0  0  0  0  0  0  0  0  0  0  0  0  0  0  0  0  0  0  0  0  0  0  0  0  0  0  0  0  0  0  0  0  0  0  0  0  0  0  0  0  0  0  0  0  0  0  0  0  0  0  0  0  0  0  0  0  0  0  0  0  0  0  0  5  0  31  3  0  0  0  0  0  0  0  0  
0  27233  0  0  0  0  0  0  0  0  0  0  0  0  0  0  19  4  38161  0  14446  54  3  0  772  0  0  0  0  0  0  0  0  1278  1433  0  101  26718  0  0  1  0  3906  1  0  0  0  173  0  3901  687  0  0  0  0  3  7368  3435  0  17415  30979  0  0  0  17  0  0  0  0  0  0  46196  2411  0  0  0  0  0  0  0  0  0  0  0  0  0  0  0  0  0  0  0  0  0  0  0  0  0  0  0  0  0  0  0  0  0  0  0  0  0  0  0  0  0  0  0  0  0  0  0  0  0  0  0  0  0  0  0  0  0  0  0  0  0  0  0  0  0  0  0  0  0  0  0  0  0  0  0  47  0  152  0  0  0  0  0  0  0  0  0  
0  24380  0  0  0  0  0  0  0  0  0  0  0  0  0  0  0  0  1483  0  51107  0  0  0  103  0  0  0  0  0  0  0  0  26  17  0  39045  919  0  0  0  0  142  0  0  0  0  1  0  22014  9  0  0  0  0  0  436  507  13484  0  19203  0  0  0  0  0  0  0  0  0  0  32005  144  0  0  0  0  0  0  0  0  0  0  0  0  0  0  0  0  0  0  0  0  0  0  0  0  0  0  0  0  0  0  0  0  0  0  0  0  0  0  0  0  0  0  0  0  0  0  0  0  0  0  0  0  0  0  0  0  0  0  0  0  0  0  0  0  0  0  0  0  0  0  0  0  0  0  0  1  0  2  0  0  0  0  0  0  0  0  0  
0  4872  0  0  0  0  0  0  0  0  0  0  0  0  0  0  0  0  8817  4  85346  98358  48290  0  431  0  0  0  0  0  0  0  0  78  21  0  372  1774  0  0  1  2  1535  2235  0  0  0  4  0  25230  32419  0  0  0  0  0  16417  5287  20799  15179  0  0  0  0  17  0  0  0  0  0  0  4368  771  0  0  0  0  0  0  0  0  0  0  0  0  0  0  0  0  0  0  0  0  0  3  9  0  0  0  0  0  0  0  0  0  0  0  0  0  0  0  0  0  0  0  0  0  0  0  0  0  0  0  0  1  0  0  0  0  0  0  0  0  0  0  0  0  0  0  0  0  0  0  0  0  0  0  0  40  0  35922  0  0  1  0  0  0  0  0  0  
5933  0  0  0  0  0  0  0  0  0  0  0  2851  25360  25267  0  0  0  0  0  0  0  0  37749  0  0  0  0  0  0  0  0  0  0  0  0  0  0  6  0  0  0  0  0  0  0  0  0  0  0  0  24762  412  0  0  0  0  0  0  0  0  0  0  176  0  0  0  0  0  0  0  0  0  0  0  0  0  0  0  0  0  0  0  0  0  0  0  0  0  0  0  0  0  0  0  0  0  0  0  0  0  0  0  0  0  0  0  0  0  0  0  0  0  0  0  0  0  0  0  0  0  0  0  0  0  0  0  0  0  0  0  0  0  0  0  0  0  0  0  0  0  0  0  0  0  0  0  0  0  0  0  0  1  0  0  0  0  0  0  0  
1178  0  0  0  0  1413  0  0  0  0  0  0  26  34  0  0  0  1687  0  0  0  0  0  115786  0  0  0  0  0  0  78632  17031  0  0  4  0  0  0  689  0  0  0  2  0  0  0  15585  0  3  0  0  14  0  0  0  0  0  0  0  0  0  0  0  19801  0  0  0  0  0  20733  0  0  0  0  0  0  0  0  0  0  0  0  0  0  0  0  0  0  0  0  0  0  0  0  0  0  0  64  0  0  0  0  0  0  77  1  0  0  0  0  0  0  0  0  0  0  0  0  0  0  0  0  0  0  0  0  0  0  0  0  0  0  0  0  0  0  4  0  0  0  0  0  0  0  0  0  0  0  0  1345  0  2  13228  66  0  0  0  0  0  0  
3652  0  0  0  0  9330  0  0  0  0  0  0  9030  831  0  0  0  0  0  0  0  0  0  123034  0  0  0  0  0  0  93  642  0  0  0  0  0  0  40057  0  0  0  0  0  0  0  7719  0  15  0  0  560  0  0  0  0  0  0  0  0  0  122  23821  0  0  0  0  0  0  1691  0  0  0  0  0  0  0  0  0  0  0  0  0  0  0  0  0  0  0  0  0  0  0  0  0  0  0  0  0  0  0  0  0  0  0  0  0  0  0  0  0  0  0  0  0  0  0  0  0  0  0  0  0  0  0  0  0  0  0  0  0  0  0  0  0  0  0  0  0  0  0  0  0  0  0  0  0  0  0  15829  0  0  2261  8  0  0  0  0  0  0  
0  1  0  0  0  0  0  1  13  201  66944  0  0  0  0  0  4  2  142  53015  0  270  1  0  915  0  42099  0  0  81569  0  0  3  2  0  3  0  4  0  0  111  0  2  85342  2  5  0  1145  2  0  0  0  0  0  3  52271  296  20336  2  0  155  0  0  0  0  0  2  0  0  0  15753  1  10457  60  0  0  0  0  0  0  0  0  0  0  235  0  0  0  0  0  0  0  0  56  0  0  0  0  0  0  828  0  0  3141  0  0  0  0  0  0  0  0  0  0  0  1  0  0  0  0  0  0  0  0  0  0  0  0  0  0  0  0  0  0  0  0  0  0  944  0  0  0  0  0  0  0  0  0  91  0  85  277  47  0  0  0  0  1  0  0  
0  0  0  0  0  81190  52492  30096  44130  64384  0  0  0  0  102  1776  0  0  0  0  0  0  0  0  0  0  0  0  0  124  1  22390  0  0  0  0  0  0  0  0  1  0  0  195  2  0  0  0  11  0  0  417  324  4  0  0  0  0  0  0  0  0  0  0  1  0  0  0  2  29  34  0  0  0  0  0  0  0  0  2029  689  3158  2978  13  0  0  0  0  0  0  0  0  0  0  0  0  0  0  0  0  0  0  0  4  0  427  0  0  0  0  0  0  0  0  0  0  0  0  0  6  0  0  0  0  0  2  0  0  0  0  0  0  0  0  0  0  0  1  0  17442  0  0  0  0  80  0  0  0  0  3245  14  2425  1119  10  0  646  0  1251  6  1  
0  0  11823  21181  0  0  5  495  336  0  0  340  0  0  47  5  2242  0  0  0  0  0  0  0  682  84057  88455  109804  276  0  0  0  5  5  0  8739  0  0  0  3  21153  0  1  0  109585  68433  0  6956  17139  0  0  135  0  12  1955  63895  0  0  0  0  0  0  0  0  13  1  0  5627  252  0  1242  0  282  27  0  0  0  0  0  0  0  0  0  0  0  0  0  0  0  0  0  0  0  0  0  0  0  0  0  0  0  0  0  0  0  0  0  0  0  0  0  0  0  0  0  0  0  0  0  0  0  0  0  0  0  0  0  0  0  0  0  0  0  0  0  0  0  0  0  0  0  0  0  0  0  0  0  0  36  1578  33  153  15293  4  0  0  0  0  0  0  
0  0  0  15146  0  86  807  24  8  0  0  55037  0  2  47970  0  4  1  1  0  0  0  0  0  1  1140  7  34  61152  0  0  0  4  5  0  26  0  0  0  38  548  0  0  0  106817  6  0  636  50593  0  0  41176  0  9042  23  31  0  0  0  0  0  0  0  0  0  1  2324  0  2873  0  6  0  38  11  0  0  0  0  0  0  0  0  0  0  0  0  0  0  0  0  0  0  0  0  0  0  0  0  0  0  0  0  0  0  0  0  0  0  0  0  0  0  0  0  0  0  0  0  0  0  0  0  0  0  0  0  0  0  0  0  0  0  0  0  0  0  0  0  0  0  0  0  0  0  0  0  0  0  16  15353  31  98  35342  11  0  0  0  0  0  0  
0  0  2052  0  0  53  4238  18239  157  0  0  0  0  0  11522  37000  2  0  0  0  0  0  0  0  2  1  30  57  76873  0  0  0  0  0  0  0  0  0  0  0  65  0  0  0  42698  703  0  14  50  0  0  18  2  28387  0  191  0  0  0  0  0  0  0  0  0  2  663  2067  0  0  58  0  1  0  0  0  0  0  0  0  0  0  0  0  0  0  0  0  0  0  0  0  0  0  0  0  0  0  0  0  0  0  0  0  0  0  0  0  0  0  0  0  0  0  0  0  0  0  0  0  0  0  0  0  0  0  0  0  0  0  0  0  0  0  0  0  0  0  0  0  0  0  0  0  0  0  0  0  0  625  0  1  281  1  0  0  0  0  0  0  
16652  0  0  0  5776  46279  0  0  0  0  0  0  0  2  0  9713  0  0  0  0  0  0  0  26958  0  0  0  0  0  0  60181  4057  0  0  0  0  0  0  5  0  0  0  0  0  0  0  0  0  0  0  0  1  31  0  0  0  0  0  0  0  0  0  14841  1989  0  14  0  0  0  0  0  0  0  0  4  0  0  0  0  435  0  0  0  0  0  0  0  0  0  1930  0  0  0  0  0  0  0  3  0  0  0  0  0  0  10802  304  0  0  0  0  0  0  0  0  0  0  0  0  0  0  0  0  0  0  0  0  0  0  0  0  0  0  0  0  0  0  0  0  0  36  0  0  0  4639  0  0  0  0  0  1913  0  0  3  2  0  0  0  0  0  0  
0  0  229  0  0  0  7  37  36963  247  0  0  0  0  1  0  13  4  4  0  0  0  0  0  213  1  20039  63  8  74874  0  0  9  1  0  3  0  0  0  0  150  0  4  450  608  33105  0  1210  1  0  0  0  0  1  5  36113  3  30  0  0  0  0  0  0  12964  21  1046  1  15  0  0  0  688  79  0  0  1  0  0  0  0  0  380  0  0  0  0  0  0  0  0  0  0  0  0  0  0  0  0  0  0  0  0  2453  0  0  0  0  0  0  0  0  0  0  0  0  0  0  0  68  0  0  0  0  0  0  0  0  0  0  0  0  0  0  0  0  0  0  0  2  0  0  0  0  1603  0  0  0  130  24  67  333  62  0  0  0  0  0  0  0  
0  7224  0  0  0  0  0  0  0  0  0  0  0  0  0  0  4  1  453  0  2139  0  1  0  93  0  0  0  0  0  0  0  0  3706  602  0  124601  117115  0  0  2  0  15086  0  0  0  0  128  0  41044  0  0  0  0  0  0  54  134  44182  39912  7394  0  0  0  1  0  0  0  0  0  0  0  7872  0  0  0  0  0  0  0  0  0  0  0  0  0  0  0  0  0  0  0  0  0  0  0  0  0  0  0  0  0  0  0  0  0  0  0  0  0  0  0  0  0  0  0  0  0  0  0  0  0  0  0  0  0  0  0  0  0  0  0  0  0  0  0  0  0  0  0  0  0  0  0  0  0  0  0  19  0  67  0  0  0  0  0  0  0  0  0  
0  0  0  2  0  0  0  1  3  0  0  22  0  0  1  0  183  38  30864  0  4  0  5  0  104163  28015  45  0  0  1  0  0  63  151524  56522  6067  32  200922  0  0  19166  0  15912  22  121  10  0  133499  877  18311  0  10  0  0  53365  65285  7183  8320  1544  157  1420  0  0  0  5741  0  707  156  3  0  363  9878  0  8044  0  0  0  0  0  0  0  0  0  0  0  0  0  0  0  0  0  0  0  0  0  0  0  0  0  0  0  0  0  0  0  0  0  0  0  0  0  0  0  0  0  0  0  0  0  0  0  0  0  0  0  0  0  0  0  0  0  0  0  0  0  0  0  0  0  0  0  0  0  0  0  0  0  0  1681  7  5694  2521  665  0  0  0  0  0  0  0  
0  0  0  5  0  0  0  0  0  0  0  0  0  0  0  0  15  2  0  0  0  0  0  0  3  155  2  0  0  0  0  0  35174  15042  362  26058  0  0  0  0  11004  0  10  1  0  0  0  43627  22  3  0  0  0  0  23  51  0  0  0  0  0  0  0  0  0  0  10  3  0  0  0  0  7488  0  0  0  0  0  0  0  0  0  0  0  0  0  0  0  0  0  0  0  0  0  0  0  0  0  0  0  0  0  0  0  0  0  0  0  0  0  0  0  0  0  0  0  0  0  0  0  0  0  0  0  0  0  0  0  0  0  0  0  0  0  0  0  0  0  0  0  0  0  0  0  0  0  0  0  211  0  207  1020  41  0  0  0  0  0  0  0  
0  0  0  0  0  0  0  0  0  0  0  0  0  0  0  0  0  0  0  0  0  0  0  3  0  0  0  0  0  0  63  0  0  0  0  0  0  0  0  0  0  0  0  0  0  0  0  0  0  0  0  0  0  0  0  0  0  0  0  0  0  0  0  0  0  1  0  0  0  49  0  0  0  0  0  0  0  0  30745  12374  0  0  0  0  0  0  0  531  12888  8685  0  0  0  0  0  0  0  62852  0  0  0  0  0  0  15847  59  0  0  0  0  0  0  25  6  0  0  0  0  0  0  6  0  2  0  0  493  25503  0  0  0  0  0  0  0  0  13579  9  5387  0  83  0  0  0  7173  0  0  0  0  0  0  0  0  0  0  0  509  0  0  264  0  
0  2  0  0  0  0  0  0  0  0  0  0  0  0  0  0  0  0  0  0  0  11  0  0  0  0  0  0  0  0  0  0  0  0  0  0  0  0  0  0  0  0  0  0  0  0  0  0  0  0  0  0  0  0  0  0  0  0  0  0  0  0  0  0  0  0  0  0  0  0  0  0  0  0  0  0  0  0  0  0  0  0  0  0  4  0  0  0  0  0  0  0  38592  66  70738  483  0  0  2  0  0  0  0  0  0  0  0  0  0  0  29341  3198  0  0  0  33960  0  251  0  0  0  0  0  0  42537  0  0  0  0  0  301  117  49577  26790  25530  0  0  0  3  0  0  0  0  0  0  8385  836  0  1  0  0  0  0  0  0  0  10  0  0  0  
0  0  6156  0  0  0  0  42  1  0  0  0  0  0  0  1262  0  0  0  0  0  0  0  0  0  0  0  0  0  5  0  0  0  0  0  0  0  0  0  0  0  0  0  0  0  252  0  0  0  0  0  0  0  0  0  0  0  0  0  0  0  0  0  0  0  0  0  0  0  0  3  0  0  0  0  0  0  0  0  0  1  543  0  0  0  0  0  0  0  33408  0  0  0  0  0  0  0  0  0  0  6559  29872  20392  12392  0  0  0  0  0  0  0  0  0  0  0  0  0  0  30521  43847  0  0  0  0  0  0  0  0  0  15  0  0  0  0  0  0  0  0  0  0  12517  0  818  0  1  0  0  0  0  0  0  0  0  0  0  0  0  0  0  0  
0  0  0  0  0  0  0  0  0  0  0  0  0  0  0  0  0  0  0  0  0  0  0  0  0  0  0  0  0  0  0  0  0  0  0  0  0  0  0  0  0  0  0  0  0  0  0  0  0  0  0  0  0  0  0  0  0  0  0  0  0  0  0  0  0  0  0  0  0  0  0  0  0  0  0  0  0  0  0  0  0  0  0  0  0  36335  0  1  6  0  38  361  0  0  0  1  0  0  33  56236  0  24107  36241  0  0  0  36  47  12  141  0  0  0  1  18886  0  0  3  26826  0  0  84  44106  0  0  13  0  0  384  71  0  0  0  0  1  0  0  0  4  0  3318  24027  34  0  0  0  126  3  0  0  0  0  0  0  1  18  2  5  263  2  
0  0  0  0  141  0  0  0  0  0  0  0  0  0  0  32  0  0  0  0  0  0  0  0  0  0  0  0  0  0  1  0  0  0  0  0  0  0  0  0  0  0  0  0  0  0  0  0  0  0  0  0  0  0  0  0  0  0  0  0  0  0  0  0  0  0  0  0  0  3  0  0  0  0  27124  0  0  0  0  11226  0  0  0  0  0  0  0  3  1166  62682  0  0  0  0  0  0  0  19  0  0  0  0  0  0  1  1  0  0  0  0  0  0  0  0  0  0  0  0  0  0  0  0  0  0  0  8  23737  1860  0  0  0  0  0  0  0  0  0  28  0  0  0  0  0  2224  0  0  0  0  0  0  0  0  0  0  0  2  0  0  1  0  
0  0  0  0  69  3218  549  0  0  0  0  0  0  0  0  877  0  0  0  0  0  0  0  0  0  0  0  0  0  0  65  38  0  0  0  0  0  0  0  0  0  0  0  0  0  0  0  0  0  0  0  0  0  0  0  0  0  0  0  0  0  0  0  0  0  2952  0  0  0  509  0  0  0  0  11958  0  0  0  11631  0  35604  0  0  0  0  0  1  332  1613  108290  0  0  0  0  0  0  0  380  0  0  0  0  0  0  72  23378  0  0  0  0  0  0  11  4  0  0  0  0  0  0  19  0  17  0  0  11846  41686  51679  0  0  0  0  0  0  0  41  2168  2378  0  69850  0  3  0  7226  0  0  0  0  0  0  0  0  0  0  0  7289  0  0  1982  0  
0  0  0  0  0  305  1730  10  0  0  0  0  0  0  0  481  0  0  0  0  0  0  0  0  0  0  0  0  0  0  0  0  0  0  0  0  0  0  0  0  0  0  0  0  0  0  0  0  0  0  0  0  0  0  0  0  0  0  0  0  0  0  0  0  0  390  0  0  0  0  0  0  0  0  0  0  0  0  0  31552  0  37837  277  35  0  0  0  0  1675  68231  0  0  0  0  0  0  0  0  0  1  0  3  5  0  0  0  0  0  0  0  0  0  0  0  0  0  0  30  40  193  0  0  3  0  0  4874  85  104062  0  7  0  0  0  0  0  0  0  0  287  38704  20  903  5091  0  1502  0  0  0  0  0  0  0  0  0  0  503  0  0  19  0  
0  0  103  0  0  6  579  3512  95  0  0  0  0  0  0  1474  0  0  0  0  0  0  0  0  0  0  0  0  0  0  0  0  0  0  0  0  0  0  0  0  0  0  0  0  0  11  0  0  0  0  0  0  0  0  0  0  0  0  0  0  0  0  0  0  0  2636  0  0  0  0  0  0  0  0  0  0  406  0  0  1  55380  0  15849  2562  0  0  0  0  33  79439  0  0  0  0  0  0  0  0  0  0  13  89  4051  14  0  0  0  0  0  0  0  0  0  0  1  0  0  185  10287  32916  0  0  0  0  0  111  0  22821  0  122  0  0  0  0  0  0  0  0  2655  34149  184  39  23845  0  4476  0  0  0  0  0  0  0  0  0  0  28  0  0  6  0  
0  0  1  0  0  3  31  1408  3582  186  0  0  0  0  0  7  0  0  0  0  0  0  0  0  0  0  0  0  0  16  0  0  0  0  0  0  0  0  0  0  0  0  0  0  0  60  0  0  0  0  0  0  0  0  0  0  0  0  0  0  0  0  0  0  0  2521  0  0  0  0  188  0  0  0  0  0  0  0  0  0  2918  25799  0  21715  0  0  0  0  3  0  0  0  0  0  0  0  0  0  0  0  7  1  3  4045  0  0  0  0  0  0  0  0  0  0  0  0  0  98  3  12489  0  0  0  0  0  2  0  3  0  39  0  0  0  0  0  0  0  0  9661  38276  67  0  10  0  53130  0  0  0  0  0  0  0  1  0  0  1  0  68  6  0  
0  0  0  0  0  0  0  0  0  25  0  0  0  0  0  0  0  0  0  0  0  0  0  0  0  0  0  0  0  7  0  0  0  0  0  0  0  0  0  0  0  0  0  0  0  0  0  0  0  0  0  0  0  0  0  0  0  0  0  0  0  0  0  0  0  29  0  0  0  0  0  0  0  0  0  0  0  0  0  0  1388  2581  15442  0  4  0  0  0  0  0  0  0  0  0  0  59  4501  0  0  0  0  0  0  11097  0  0  0  0  0  0  0  0  0  0  25  0  0  19550  0  1  0  12  0  0  0  0  0  0  0  1  0  0  0  0  0  0  0  0  17322  19057  6  0  0  0  492  0  1  0  0  0  1  6  1  0  1  0  4503  7246  1175  0  
0  0  0  0  0  0  0  0  0  0  72284  0  0  0  0  0  0  0  0  319  0  280  0  0  0  0  18  0  0  109  0  0  0  0  0  0  0  0  0  0  0  2  0  171  0  0  0  0  0  0  0  0  0  0  0  0  0  0  0  0  0  0  0  0  516  0  0  0  0  0  0  0  0  0  0  0  0  0  0  0  0  0  0  0  0  0  0  0  0  0  0  0  44  93485  0  13466  0  0  4  0  2628  0  0  621  0  0  0  0  0  0  0  0  0  0  0  33384  0  105251  0  0  0  0  0  0  89  0  0  0  0  0  9  824  0  0  10  0  0  0  96365  0  0  0  0  0  0  0  32  0  0  0  0  0  0  0  0  0  0  0  0  0  
0  0  0  0  0  0  0  0  0  0  0  0  0  0  0  0  0  0  0  0  0  0  0  0  0  0  0  0  0  0  0  0  0  0  0  0  0  0  0  0  0  0  0  0  0  0  0  0  0  0  0  0  0  0  0  0  0  0  0  0  0  0  0  0  0  0  0  0  0  0  0  0  0  0  0  0  0  40265  0  0  1  0  0  0  0  0  92  9875  112  0  2  362  0  0  0  0  0  147  0  19  0  5  1529  0  0  0  2  25  27  4  0  0  180  44492  6  0  0  0  31  0  316  5  55890  0  0  47035  1  5  9  0  0  0  0  0  0  0  0  0  0  0  1  58356  1  0  0  0  10  0  0  0  0  0  0  0  0  3  0  0  214  0  
0  0  0  0  0  0  0  0  0  0  0  0  0  0  0  0  0  0  0  0  0  0  0  0  0  0  0  0  0  0  0  0  0  0  0  0  0  0  0  0  0  0  0  0  0  0  0  0  0  0  0  0  0  0  0  0  0  0  0  0  0  0  0  0  0  0  0  0  0  0  0  0  0  0  2  0  0  0  0  0  0  0  0  0  0  86  0  14866  35  0  0  0  0  0  0  0  0  50630  0  0  0  0  0  0  0  5  0  0  0  0  0  0  28307  46  0  0  0  0  0  0  7600  0  68  0  0  26  3  0  0  0  0  0  0  0  0  9184  329  5608  0  0  0  0  0  0  0  0  0  0  0  0  0  0  0  0  0  2  0  1  22  0  
0  0  0  0  0  0  0  0  0  0  0  0  0  0  0  0  0  0  0  0  0  0  0  0  0  0  0  0  0  0  0  0  0  0  0  0  0  0  0  0  0  0  0  0  0  0  0  0  0  0  0  0  0  0  0  0  0  0  0  0  0  0  0  0  0  0  0  0  0  0  0  0  0  0  8  0  0  0  6  4  0  0  0  0  0  12473  13079  0  12568  0  0  0  0  0  0  0  0  439  0  0  0  0  0  0  0  0  0  0  0  2  0  0  38553  13825  1  0  0  0  1  0  47  0  4360  0  0  58827  347  0  0  0  0  0  0  0  0  17971  0  348  0  4  0  24  0  0  0  0  1  0  0  0  0  0  0  0  0  16  0  0  88  0  
0  0  0  0  0  0  0  0  0  0  0  0  0  0  0  0  0  0  0  0  0  0  0  0  0  0  0  0  0  0  0  0  0  0  0  0  0  0  0  0  0  0  0  0  0  0  0  0  0  0  0  0  0  0  0  0  0  0  0  0  0  0  0  0  0  0  0  0  0  0  0  0  0  0  6881  0  0  0  353  248  332  8  0  0  0  94  44  21208  0  1822  0  3  0  0  0  0  0  7685  1  0  0  1  18763  0  0  0  0  0  0  0  0  0  0  0  0  0  0  0  790  3  3  0  81  0  0  166681  150660  85492  0  1  0  0  0  0  0  30371  0  0  0  427  4  24209  12926  0  2  0  0  0  0  0  0  0  0  0  0  483  0  0  496  0  
1  0  2836  0  1594  1129  214  43  0  0  0  0  0  0  0  11771  0  0  0  0  0  0  0  3  0  0  0  0  0  0  983  0  0  0  0  0  0  0  0  0  0  0  0  0  0  144  0  0  0  0  0  0  0  0  0  0  0  0  0  0  0  0  0  0  0  0  0  0  0  2543  0  0  0  0  11464  0  37802  0  66843  124185  61122  70313  1  0  0  0  0  0  2479  0  0  0  0  0  0  0  0  53  0  0  1  110  18709  2  15606  5604  0  0  0  0  0  0  0  0  0  0  0  0  1508  14746  0  0  0  0  0  24  33885  140542  0  3  0  0  0  0  0  0  6874  59  0  146  92  3  32905  50321  5  0  0  0  0  0  0  0  0  0  0  161  0  0  12  0  
0  0  0  0  0  0  0  0  0  0  0  0  0  0  0  0  0  0  0  0  0  0  0  0  0  0  0  0  0  0  0  0  0  0  0  0  0  0  0  0  0  0  0  0  0  0  0  0  0  0  0  0  0  0  0  0  0  0  0  0  0  0  0  0  0  0  0  0  0  0  0  0  0  0  0  0  0  42  0  0  0  0  0  0  0  1  0  0  2  0  0  40193  0  0  0  0  7735  517  0  358  0  0  0  0  1  0  213  6  16262  5  1  24  0  0  9447  0  4130  0  439  0  17  60200  11810  19  0  0  0  1  3  2  0  0  4  0  0  0  56  0  0  0  15  29  41  0  0  35  774  3  0  0  0  0  0  0  3085  2  2588  56  32227  4  
0  0  0  0  0  0  0  0  0  0  0  0  0  0  0  0  0  0  0  0  0  0  0  0  0  0  0  0  0  0  0  0  0  0  0  0  0  0  0  0  0  0  0  0  0  0  0  0  0  0  0  0  0  0  0  0  0  0  0  0  0  0  0  0  0  0  0  0  0  0  0  0  0  0  0  0  0  271  0  1  0  0  0  0  0  1036  5  0  17  0  35254  0  0  0  0  0  26226  11483  2  4  0  0  0  0  17  89  6  20  8114  3  0  22  1  8  293  0  271  0  56  0  26186  4336  47588  4  0  178  1  5  0  0  0  0  0  0  1  0  62  0  0  0  3  3  0  0  0  6  421  0  0  0  0  2  0  0  1577  2  1143  341  45262  79  
0  0  0  0  0  0  0  0  0  0  0  0  0  0  0  0  0  0  0  0  0  0  0  0  0  0  0  0  0  0  0  0  0  0  0  0  0  0  0  0  0  0  0  0  0  0  0  0  0  0  0  0  0  0  0  0  0  0  0  0  0  0  0  0  0  0  0  0  0  0  0  0  0  0  0  43090  0  0  0  0  0  0  0  0  2  0  0  0  0  0  0  0  0  19966  905  861  0  0  18032  1  28  0  0  0  0  0  0  0  0  0  1  14  0  0  0  39640  0  444  1  0  0  1  0  0  4959  0  0  0  0  6492  102621  93728  31874  7  6175  0  0  0  21  0  2  0  0  0  0  1  46061  0  0  0  0  0  0  0  0  0  0  0  1  0  
0  0  0  0  0  0  0  0  0  0  49  0  0  0  0  0  0  0  0  3  0  0  0  0  0  0  3  0  0  26  0  0  0  0  0  0  0  0  0  0  0  0  0  0  0  0  0  0  0  0  0  0  0  0  0  0  0  0  0  0  0  0  0  0  14  0  0  0  0  0  0  0  0  0  0  10  0  0  0  0  0  0  0  0  89193  0  0  0  0  0  0  0  16560  0  0  2724  0  0  15  0  22596  0  0  3355  0  0  0  0  0  0  0  0  0  0  0  30917  0  16482  0  0  0  0  0  0  1521  0  0  0  0  6704  4898  53376  0  0  132  0  0  0  60683  0  0  0  0  0  1  0  5  0  0  0  0  0  0  0  0  0  0  0  0  0  
0  0  0  0  0  0  0  0  0  0  0  0  0  0  0  0  0  0  0  0  1  11  8  0  0  0  0  0  0  0  0  0  0  0  0  0  0  0  0  0  0  0  0  0  0  0  0  0  0  0  1  0  0  0  0  0  0  0  0  0  1  0  0  0  0  0  0  0  0  0  0  0  0  0  0  64576  0  0  0  0  0  0  0  0  0  0  0  0  0  0  0  0  537  2  0  2588  2433  0  0  0  0  0  0  0  0  0  0  0  0  0  8853  1  0  0  0  6  0  0  0  0  0  0  0  22909  22088  0  0  0  0  0  129  9  14692  85455  73677  0  0  0  0  0  0  0  0  0  0  366  371  0  0  0  3  0  0  0  0  0  29  0  0  0  
0  0  0  0  0  0  0  0  0  0  196  0  0  0  0  0  0  0  0  0  1  6585  2  0  0  0  0  0  0  0  0  0  0  0  0  0  0  0  0  0  0  1  0  337  0  0  0  0  0  0  0  0  0  0  0  0  0  0  0  0  3  0  0  0  0  0  0  0  0  0  0  0  0  0  0  404  0  0  0  0  0  0  0  55  5964  0  0  0  0  0  0  0  1636  847  2297  0  10586  0  66  0  0  0  0  166  0  0  0  0  0  0  0  181  0  0  1  64831  0  141726  2  0  0  1  0  0  38759  0  0  0  0  0  1580  2314  450  3  113831  0  0  0  2333  0  0  0  0  0  1  48  1100  0  0  0  0  1  0  0  0  0  3251  21  1  0  
0  0  0  0  0  0  0  0  0  0  0  0  0  0  0  0  0  0  0  0  0  0  1  0  0  0  0  0  0  0  2  1  0  0  0  0  0  0  0  0  0  0  0  0  0  0  0  0  0  0  0  0  0  0  0  0  0  0  0  0  0  0  0  0  0  0  0  0  0  0  0  0  0  0  0  1  0  0  0  0  0  0  0  4573  0  0  0  0  0  0  10357  51118  0  0  3809  7723  0  15903  0  0  0  0  0  0  3309  9454  0  0  18789  0  2150  9  0  0  27  0  35941  7822  1  0  3674  189  0  13602  0  0  0  0  0  0  0  0  19  7  52440  0  12300  2  221  0  0  0  0  0  0  219  63  0  0  1  0  2  0  0  42899  1  96278  1767  24352  957  
0  0  0  0  0  0  0  0  0  0  0  0  0  0  0  0  0  0  0  0  0  0  0  43  0  0  0  0  0  0  496  0  0  0  0  0  0  0  0  0  0  0  0  0  0  0  0  0  0  0  0  0  0  0  0  0  0  0  0  0  0  0  40  0  0  0  0  0  0  38  0  0  0  0  60323  0  0  0  6  458  0  0  0  0  0  126  61893  2059  10523  20  96  13896  0  0  0  0  19436  0  0  0  0  0  0  0  31511  2264  0  105  657  0  0  0  6778  1  0  0  150  0  0  0  62856  46  8  0  0  17  27  0  0  0  0  0  0  0  0  45582  82333  117845  0  42  0  0  0  1800  0  0  0  0  0  0  0  0  0  0  23  1778  2  3  7707  0  
0  0  0  0  0  0  0  0  0  0  0  0  0  0  0  0  0  0  0  0  0  0  0  0  0  0  0  0  0  0  0  0  0  0  0  0  0  0  0  0  0  0  0  0  0  0  0  0  0  0  0  0  0  0  0  0  0  0  0  0  0  0  0  0  0  0  0  0  0  0  0  0  0  0  0  9  0  113  0  0  0  1  0  0  45  6  0  1  41  0  1  0  17958  19  0  127  1  0  0  27805  31731  0  3  55  0  0  19  16107  0  8651  0  96  0  1  1468  0  0  4670  1885  0  0  61  544  0  11  9  0  2  70827  95070  8  12074  6  0  56  0  0  0  944  0  130  144  123  0  34  8  176509  98  0  0  0  0  0  0  4  187  10  7  2461  19  
0  0  0  0  0  0  0  0  0  0  0  0  0  0  0  0  0  0  0  0  0  0  0  0  0  0  0  0  0  0  0  0  0  0  0  0  0  0  0  0  0  0  0  0  0  0  0  0  0  0  0  0  0  0  0  0  0  0  0  0  0  0  0  0  0  0  0  0  0  0  0  0  0  0  0  0  0  55513  0  0  1  4  0  0  0  50  0  2  36  0  160  6  2  0  0  6  0  0  23801  0  2  4126  0  0  0  0  1013  227  0  86654  0  28  1  1  66236  0  0  60  4850  0  0  321  7271  0  0  63  0  1  95310  2401  0  4  0  0  1  0  0  0  22  0  104097  572  214  0  8  2  9016  819  0  0  0  1  0  0  29  160  37  28  2866  11  
0  0  0  0  0  0  0  0  0  0  89  0  0  0  0  0  0  0  0  0  0  0  0  0  0  0  7  0  0  26  0  0  0  0  0  0  0  0  0  0  0  0  0  0  0  0  0  0  0  0  0  0  0  0  0  0  0  0  0  0  0  0  0  0  70  0  0  0  0  0  0  0  0  0  0  0  9160  0  0  0  16  15  10  0  328  0  0  0  2  0  0  0  12  21441  0  0  0  0  16360  79  0  51  28  149738  0  0  0  0  0  2  0  0  0  0  15  0  0  2  159  21671  0  0  5  0  0  1  0  0  103  170589  0  4  0  0  0  0  0  0  15165  0  39691  1  37  0  14608  0  6  0  0  0  0  0  0  0  0  0  0  0  12  0  
0  0  13  0  0  0  0  0  0  0  0  0  0  0  0  0  0  0  0  0  0  0  0  0  0  0  0  0  0  0  0  0  0  0  0  0  0  0  0  0  0  0  0  0  0  0  0  0  0  0  0  0  0  0  0  0  0  0  0  0  0  0  0  0  0  0  0  0  0  0  0  0  0  0  0  0  20221  24082  0  0  7  96  2  0  0  7  0  0  0  331  0  0  0  0  0  0  0  0  3  3983  102  0  6162  0  0  0  0  0  0  2  0  0  0  0  47  0  0  0  167558  7838  0  5  310  0  0  13  0  5  19  235  0  0  0  0  0  0  0  0  0  0  110399  111  156  0  28  0  17  0  0  0  0  0  0  0  0  18  0  0  60  0  
0  0  1  0  0  0  0  0  0  0  0  0  0  0  0  0  0  0  0  0  0  0  0  0  0  0  0  0  0  0  0  0  0  0  0  0  0  0  0  0  0  0  0  0  0  0  0  0  0  0  0  0  0  0  0  0  0  0  0  0  0  0  0  0  0  0  0  0  0  0  0  0  0  0  0  0  31037  38045  0  0  95  5800  13  1  0  3407  0  0  21366  19579  0  0  0  0  0  0  0  0  1  1  39  7401  0  1  0  0  0  0  0  0  0  0  0  0  5  0  0  0  108538  2346  0  0  1  0  0  235  0  137  1  400  0  0  0  0  0  0  0  0  10  1  545  104470  81394  0  134  0  3  0  0  0  0  0  0  0  0  25  0  0  33  0  
0  0  117  0  0  0  0  1  7  12  157  0  0  0  0  5  0  0  0  0  0  18  0  0  0  0  195  0  0  65751  0  0  0  0  0  0  0  0  0  0  0  0  0  4  0  372  0  0  0  0  0  0  0  0  0  0  0  0  0  0  0  0  0  0  2944  8  0  0  0  0  2073  0  0  0  0  0  19887  0  0  0  88  19  4296  7503  906  0  0  0  0  1  0  0  0  5657  0  360  0  0  330  0  170459  1  0  0  0  0  0  0  0  0  0  0  0  0  0  0  0  35  0  48483  0  0  0  0  0  0  0  0  1  28679  0  0  0  0  0  0  0  0  92555  26  311  0  0  0  98844  0  0  0  0  0  0  0  0  0  0  0  0  20  1  0  
0  0  0  0  0  29  0  0  0  0  0  0  0  0  0  98  0  0  0  0  0  0  0  138  0  0  0  0  0  0  12567  5  0  0  0  0  0  0  0  0  0  0  0  0  0  0  0  0  0  0  0  0  0  0  0  0  0  0  0  0  0  0  118  0  0  0  0  0  0  7577  0  0  0  0  11278  0  0  0  1  219  0  0  0  0  0  0  0  0  0  16674  2  695  0  0  0  0  7120  23761  0  0  0  0  0  0  0  45880  0  0  25  0  0  0  0  0  0  0  8  0  0  0  145  0  0  0  0  0  0  0  0  0  0  0  0  0  0  0  91246  16  0  0  0  0  0  33190  0  0  0  0  0  0  0  0  0  0  29  65  92  77  5818  17  
0  0  0  0  0  124  0  0  0  0  0  0  0  0  0  17  0  0  0  0  0  0  0  0  0  0  0  0  0  0  149  2807  0  0  0  0  0  0  0  0  0  0  0  0  0  0  0  0  0  0  0  0  0  0  0  0  0  0  0  0  0  0  1  0  0  283  0  0  0  133  0  0  0  0  6  0  0  0  0  15146  0  0  0  0  0  0  9  0  0  4600  1  1322  0  0  0  0  11918  311  0  0  0  0  0  0  39128  0  0  0  44  0  0  1  16  0  0  0  27  0  0  0  250  3  0  0  0  0  0  0  0  0  0  0  0  0  0  0  37049  493  0  5396  0  0  0  25  0  0  0  0  0  8  0  3  6  25  566  20667  1088  1485  5636  2668  
0  0  0  0  0  0  0  0  0  0  0  0  0  0  0  0  0  0  0  0  0  0  0  0  0  0  0  0  0  0  0  0  0  0  0  0  0  0  0  0  0  0  0  0  0  0  0  0  0  0  0  0  0  0  0  0  0  0  0  0  0  0  0  0  0  0  0  0  0  0  0  0  0  0  0  0  0  34  0  0  0  0  0  0  0  2  0  0  0  0  412  14  0  0  0  0  0  0  205  584  0  0  0  0  0  0  0  18130  3260  1010  0  0  0  0  19611  0  0  0  0  0  0  29136  19  0  0  0  0  0  0  0  0  0  0  0  0  0  0  0  0  0  0  1  0  0  0  0  9055  54674  0  0  0  0  0  0  0  0  1  1  28  0  
0  0  0  0  0  0  0  0  0  0  0  0  0  0  0  0  0  0  0  0  0  0  0  0  0  0  0  0  0  0  0  0  0  0  0  0  0  0  0  0  0  0  0  0  0  0  0  0  0  0  0  0  0  0  0  0  0  0  0  0  0  0  0  0  0  0  0  0  0  0  0  0  0  0  0  0  0  38  0  0  0  0  0  0  0  22  0  0  0  0  2  6  0  0  0  0  0  96  19856  123  0  0  0  0  0  0  20278  0  72898  31923  2  3069  0  0  459  0  16493  0  5  0  2  37305  24  47  0  3  0  0  0  0  0  0  0  0  0  0  0  0  0  0  1  3  0  0  0  51  113744  13427  0  0  0  0  0  0  4  0  13  11  18  0  
0  0  0  0  0  0  0  0  0  0  0  0  0  0  0  0  0  0  0  0  0  0  0  0  0  0  0  0  0  0  0  0  0  0  0  0  0  0  0  0  0  0  0  0  0  0  0  0  0  0  0  0  0  0  0  0  0  0  0  0  0  0  0  0  0  0  0  0  0  0  0  0  0  0  0  0  0  0  0  0  0  0  0  0  0  9  0  0  0  0  18357  9145  0  0  0  0  17972  381  0  0  0  0  0  0  2  1  3602  73414  0  16  148  994  0  0  0  0  39112  0  0  0  2  47346  2  852  0  0  0  0  0  0  0  0  0  63  9  0  7  0  0  0  0  0  0  0  0  1586  21140  12  0  0  0  0  0  0  24628  0  256  1  0  0  
0  0  0  0  0  0  0  0  0  0  0  0  0  0  0  0  0  0  0  0  0  0  0  0  0  0  0  0  0  0  0  0  0  0  0  0  0  0  0  0  0  0  0  0  0  0  0  0  0  0  0  0  0  0  0  0  0  0  0  0  0  0  0  0  0  0  0  0  0  0  0  0  0  0  0  0  0  42  0  0  0  0  0  0  0  63  0  4  17  0  1  31  0  0  0  1  2  0  9249  84554  0  1  1  0  0  0  3121  41387  0  0  0  76  0  5  44077  0  1  9  846  0  1  4129  753  0  0  93  0  0  1704  153  0  0  1  0  0  0  0  0  3  0  23  291  44  0  3  18  5475  49454  0  0  0  1  0  0  170  45  282  405  1031  5  
0  0  0  0  0  0  0  0  0  0  0  0  0  0  0  0  0  0  0  0  0  0  0  0  0  0  0  0  0  0  0  0  0  0  0  0  0  0  0  0  0  0  0  0  0  0  0  0  0  0  0  0  0  0  0  0  0  0  0  0  0  0  0  0  0  0  0  0  0  0  0  0  0  0  0  28927  0  0  0  0  0  0  0  0  0  0  0  0  0  0  0  0  0  0  12864  0  1386  0  0  0  0  0  0  0  0  0  0  1  20  0  0  26927  0  0  0  0  17775  0  0  0  0  0  0  52730  0  0  0  0  0  0  0  0  7249  68218  11052  0  0  0  0  0  0  0  0  0  0  117671  19  0  0  0  0  0  0  0  1  0  187  0  0  0  
0  0  0  0  0  0  0  0  0  0  0  0  0  0  0  0  0  0  0  0  0  0  0  0  0  0  0  0  0  0  0  0  0  0  0  0  0  0  0  0  0  0  0  0  0  0  0  0  0  0  0  0  0  0  0  0  0  0  0  0  0  0  0  0  0  0  0  0  0  0  0  0  0  0  0  1114  0  0  0  0  0  0  0  0  0  0  0  0  0  0  12  5  7  0  1  362  1  0  52  13  0  0  0  0  0  0  0  5106  1032  1  24435  0  0  0  1  0  27971  48  0  0  0  573  0  15018  0  0  0  0  0  0  0  1  15336  875  2197  0  0  0  0  0  0  0  0  0  0  144146  189767  0  0  0  0  0  0  0  99  0  1220  5  0  0  
0  0  0  0  0  0  0  0  0  0  0  0  0  0  0  0  0  0  0  0  0  0  0  0  0  0  0  0  0  0  0  0  0  0  0  0  0  0  0  0  0  0  0  0  0  0  0  0  0  0  0  0  0  0  0  0  0  0  0  0  0  0  0  0  0  0  0  0  0  0  0  0  0  0  59  0  0  0  0  43  0  0  0  0  0  144  26755  49943  5  0  0  0  0  0  0  0  0  6702  0  0  0  0  0  0  0  42  0  0  0  0  0  0  0  9409  0  0  0  0  0  0  6665  0  24844  0  0  13859  25  2  0  0  0  0  0  0  0  3235  909  24862  0  27  0  0  0  0  0  0  0  0  0  0  0  0  0  0  0  106  0  0  387  0  
0  0  0  0  0  0  0  0  0  0  0  0  0  0  0  0  0  0  0  0  0  0  0  0  0  0  0  0  0  0  0  0  0  0  0  0  0  0  0  0  0  0  0  0  0  0  0  0  0  0  0  0  0  0  0  0  0  0  0  0  0  0  0  0  0  0  0  0  0  0  0  0  0  0  0  0  0  0  0  0  0  0  0  0  0  50550  224  18590  2  0  0  1  0  0  0  0  0  12  0  0  0  0  0  0  0  0  0  0  0  1  0  0  7187  0  2  0  0  0  1  0  127  1  30372  0  0  1527  1  1  1  0  0  0  0  0  0  0  0  0  0  0  0  12  0  0  0  0  0  0  0  0  0  0  0  0  0  0  0  0  25  0  
0  0  0  0  0  0  0  0  0  0  0  0  0  0  0  0  0  0  0  0  0  0  0  0  0  0  0  0  0  0  0  0  0  0  0  0  0  0  0  0  0  0  0  0  0  0  0  0  0  0  0  0  0  0  0  0  0  0  0  0  0  0  0  0  0  0  0  0  0  0  0  0  0  0  0  0  0  20784  0  0  3  7  0  4  0  410  0  30  100  0  10562  71  0  0  0  16  7  0  1324  79758  2  18  4  0  0  0  17659  926  0  50310  0  46  0  24  0  0  0  108  10966  2  3  42748  36006  0  1  554  0  2  3443  643  0  7  1  0  3  0  0  0  60  3  5617  2339  769  0  6  4  22559  9625  0  0  0  0  0  0  300  246  1288  3298  55412  21  
0  3  0  0  0  0  0  0  0  0  226  0  0  0  0  0  0  0  0  60  0  377  0  0  0  0  0  0  0  0  0  0  0  0  0  0  0  0  0  0  0  94  0  6  0  0  0  0  0  0  0  0  0  0  0  0  0  0  0  0  0  0  0  0  0  0  0  0  0  0  0  0  0  0  0  43056  0  0  0  0  0  0  0  0  29836  0  0  0  0  0  0  0  37689  34010  6  74859  0  0  1  0  0  0  0  0  0  0  0  0  0  0  0  0  0  0  0  0  0  36189  0  0  0  0  0  0  39753  0  0  0  0  0  11357  4356  59  0  75  0  0  0  8  0  0  0  0  0  0  0  2  0  0  0  0  0  0  0  0  0  0  0  0  0  
0  0  0  0  0  0  0  0  0  0  0  0  0  0  0  0  0  0  0  0  0  0  0  0  0  0  0  0  0  0  0  0  0  0  0  0  0  0  0  0  0  0  0  0  0  0  0  0  0  0  0  0  0  0  0  0  0  0  0  0  0  0  0  0  0  0  0  0  0  0  0  0  0  0  0  0  0  0  0  0  0  0  0  0  0  0  0  0  0  0  224  31  0  0  0  0  29147  153  0  0  0  0  0  0  0  1  0  17192  45774  0  17920  29922  0  0  0  0  0  0  0  0  0  3684  0  21182  0  0  0  0  0  0  0  0  0  77  7  0  6  0  0  0  0  0  0  0  0  9926  9626  0  0  0  0  0  0  0  16421  0  1852  0  0  0  
0  0  0  0  0  0  0  0  0  0  207  0  0  0  0  0  0  0  0  0  0  67  0  0  0  0  0  0  0  0  0  0  0  0  0  0  0  0  0  0  0  0  0  17  0  0  0  0  0  0  0  0  0  0  0  0  0  0  0  0  0  0  0  0  0  0  0  0  0  0  0  0  0  0  0  233  0  0  0  0  225  62  126  18884  76071  0  0  0  0  0  0  0  1654  15017  4  168576  6446  0  1866  23  0  1  0  49  0  0  0  0  0  1  0  206  0  0  17  31490  0  0  32  0  0  14  4  0  3329  0  0  0  23  104  672  33470  58  0  9739  0  0  0  118816  5  19  7  11  0  264  44  7034  0  0  0  0  2  0  0  0  0  3531  619  77  0  
0  0  20  0  0  0  0  0  0  0  0  0  0  0  0  1  0  0  0  0  0  0  0  0  0  0  0  0  0  0  0  0  0  0  0  0  0  0  0  0  0  0  0  0  0  0  0  0  0  0  0  0  0  0  0  0  0  0  0  0  0  0  0  0  0  0  0  0  0  0  0  0  0  0  0  0  29645  27333  0  0  496  21347  149  5  0  107  0  6  2802  4142  20  1  0  0  0  5  0  0  143  4267  231  182299  131243  2  0  0  0  0  0  189  0  2  0  8  3070  0  0  69  0  44896  0  118  6139  0  2  720  0  120  853  3024  0  10  0  0  1  0  0  0  126  4  117528  90851  42369  0  921  0  431  0  0  0  0  0  0  0  1  1828  2  4  12648  138  
0  0  351  0  0  0  0  71  82  0  0  0  0  0  0  574  0  0  0  0  0  0  0  0  0  0  0  0  0  147  0  0  0  0  0  0  0  0  0  0  0  0  0  0  0  232  0  0  0  0  0  0  0  0  0  0  0  0  0  0  0  0  0  0  0  0  0  0  0  0  147  0  0  0  0  0  43438  0  0  0  920  35105  14111  3  0  0  0  0  54  9976  0  0  0  0  0  0  0  0  14  27  16600  5794  3604  43537  0  0  0  0  0  5  0  0  0  0  15  0  0  2  32133  0  0  0  3  0  0  83  0  409  14  24911  0  6  0  0  1  0  0  0  32  5  34037  38  4404  0  23123  0  6  0  0  0  0  0  0  0  0  18  0  0  21  0  
0  0  0  0  0  0  0  0  0  0  0  0  0  0  0  0  0  0  0  0  0  0  0  0  0  0  0  0  0  0  0  0  0  0  0  0  0  0  0  0  0  0  0  0  0  0  0  0  0  0  0  0  0  0  0  0  0  0  0  0  0  0  0  0  0  0  0  0  0  0  0  0  0  0  175  0  0  0  0  131  4  0  0  0  0  287  9037  380  173  0  14  24523  0  0  0  0  1025  53387  0  0  0  0  0  0  87  1040  0  13  36  0  0  0  7597  111  0  0  0  0  0  0  0  8  11220  0  0  3607  89  50  0  0  0  0  0  0  0  39  4175  9016  0  36  0  0  0  0  0  0  0  0  0  0  0  0  0  0  1  103  0  2  58777  1  
0  0  0  0  0  0  0  0  0  0  0  0  0  0  0  0  0  0  0  0  0  0  0  0  0  0  0  0  0  0  0  0  0  0  0  0  0  0  0  0  0  0  0  0  0  0  0  0  0  0  0  0  0  0  0  0  0  0  0  0  0  0  0  0  0  0  0  0  0  0  0  0  0  0  0  0  0  3  0  0  1  0  0  2  0  1  1  0  2  0  49248  12188  0  0  0  0  221  78  8  89  0  0  0  0  0  2  25715  35846  53156  229  9  303  0  0  24240  0  7292  0  192  0  1  0  224  220  0  1  0  0  2  1  0  0  9  8  2  0  2  0  4  2  23  16  40  0  1  394  154137  10145  0  0  2  17  0  0  6612  4  7195  7118  52792  213  
0  0  0  0  0  0  0  0  0  0  0  0  0  0  0  0  0  0  0  0  0  0  0  0  0  0  0  0  0  0  0  0  0  0  0  0  0  0  0  0  0  0  0  0  0  0  0  0  0  0  0  0  0  0  0  0  0  0  0  0  0  0  0  0  0  0  0  0  0  0  0  0  0  0  17  0  0  35436  0  68  53  3  0  0  0  50958  73  9682  1892  0  10856  44162  0  0  0  4  0  14  100  2044  0  50  4  0  0  4  4  7  2  287  0  1  21839  24454  31379  0  0  14  14535  0  11167  1288  0  0  0  35483  49  621  517  69  0  1  0  0  1  6  57  92  8  101  1533  55324  446  0  2  2  963  0  0  0  0  0  0  0  16  368  23  99  98458  34  
0  0  0  0  0  0  0  0  0  0  0  0  0  0  0  0  0  0  0  0  0  0  0  0  0  0  0  0  0  0  0  0  0  0  0  0  0  0  0  0  0  0  0  0  0  0  0  0  0  0  0  0  0  0  0  0  0  0  0  0  0  0  0  0  0  0  0  0  0  0  0  0  0  0  0  0  0  0  0  0  0  0  0  0  0  0  0  0  0  0  6  0  0  0  22319  1  16326  0  0  0  0  0  0  0  0  0  0  89  1346  0  53745  14842  0  0  0  0  44375  0  0  0  0  57  0  0  0  0  0  0  0  0  0  0  22  27075  14259  0  0  0  0  0  0  0  0  0  0  46182  2661  0  0  0  0  0  0  0  358  0  9504  0  0  0  
0  0  0  0  0  0  0  0  0  0  0  0  0  0  0  0  0  0  0  0  0  8  0  0  0  0  0  0  0  0  0  0  0  0  0  0  0  0  0  0  0  0  0  0  0  0  0  0  0  0  0  0  0  0  0  0  0  0  0  0  0  0  0  0  0  0  0  0  0  0  0  0  0  0  0  48705  0  0  0  0  0  0  0  0  41  0  0  0  0  0  0  0  19851  4067  21312  43374  0  0  1  0  0  0  0  0  0  0  0  0  0  0  0  0  0  0  0  36870  0  3857  0  0  0  0  0  0  0  0  0  0  0  0  7387  3181  949  25  26396  0  0  0  109  0  0  0  0  0  0  0  62  0  0  0  0  0  0  0  0  0  0  0  0  0  
0  0  0  0  0  0  0  0  0  0  0  0  0  0  0  0  0  0  0  0  0  0  0  0  0  0  0  0  0  0  0  0  0  0  0  0  0  0  0  0  0  0  0  0  0  0  0  0  0  0  0  0  0  0  0  0  0  0  0  0  0  0  0  0  0  0  0  0  0  0  0  0  0  0  65  0  0  3  11  1569  1878  4  1  0  0  35057  17  84641  176361  9  1  43  0  0  0  0  0  9  1  2  0  1  640  0  0  3  0  0  0  15  0  0  14478  2170  19  0  0  0  193  2  1392  8  31225  0  0  0  66137  16004  33  2  0  0  0  0  0  100  19  252  0  869  1  65867  95  0  3  0  27  0  0  0  0  1  0  0  0  28318  0  0  28526  13  
0  0  0  0  0  0  0  0  0  0  0  0  0  0  0  0  0  0  0  0  0  0  0  0  0  0  0  0  0  0  0  0  0  0  0  0  0  0  0  0  0  0  0  0  0  0  0  0  0  0  0  0  0  0  0  0  0  0  0  0  0  0  0  0  0  0  0  0  0  0  0  0  0  0  19889  0  0  0  25694  40400  241  0  0  0  0  1  1  3331  167827  22378  0  0  0  0  0  0  0  42  0  0  0  0  0  0  0  0  0  0  0  0  0  0  27  8  0  0  0  0  0  0  4  0  8  0  0  77438  0  65445  0  1  0  0  0  0  0  13531  0  17  0  844  0  0  0  0  0  0  0  0  0  0  0  0  0  0  0  92  0  0  77  0  
0  0  0  0  0  0  0  0  0  0  0  0  0  0  0  0  0  0  0  0  0  0  0  0  0  0  0  0  0  0  0  0  0  0  0  0  0  0  0  0  0  0  0  0  0  0  0  0  0  0  0  0  0  0  0  0  0  0  0  0  0  0  0  0  0  0  0  0  0  0  0  0  0  0  1  0  0  0  1742  48076  95330  9438  21  0  0  0  0  0  104482  141003  0  0  0  0  0  0  0  0  0  0  1  4  121  0  0  0  0  0  0  0  0  0  0  0  0  0  0  0  92  553  1  0  11  0  0  21560  47853  0  0  1  0  0  0  0  0  0  0  0  0  933  12  1639  26074  0  77  0  0  0  0  0  0  0  0  0  0  1306  0  0  56  0  
0  0  0  0  0  0  0  0  0  0  0  0  0  0  0  0  0  0  0  0  0  0  0  0  0  0  0  0  0  0  0  0  0  0  0  0  0  0  0  0  0  0  0  0  0  0  0  0  0  0  0  0  0  0  0  0  0  0  0  0  0  0  0  0  0  0  0  0  0  0  0  0  0  0  0  2  0  80  0  0  0  2  1  0  1  17  0  3  25  0  1  9  1  0  0  0  2  0  70599  92851  17  22  1  0  0  0  0  11  0  9120  0  13  0  2  1457  0  0  31  2085  0  0  275  712  0  0  51  0  0  0  43660  0  0  0  0  0  0  0  0  32  0  22528  334  95  0  32  1  42169  0  0  0  0  0  0  0  24  141  30  51  2443  19  
0  0  0  0  0  0  0  0  0  0  0  0  0  0  0  0  0  0  0  0  0  0  0  0  0  0  0  0  0  0  0  0  0  0  0  0  0  0  0  0  0  0  0  0  0  0  0  0  0  0  0  0  0  0  0  0  0  0  0  0  0  0  0  0  0  0  0  0  0  0  0  0  0  0  0  1  0  174  0  0  100  188  74  2  18  9  0  0  48  1  2  0  7604  8139  0  16  0  0  127826  5130  222410  563  333  28501  0  0  0  0  0  283  0  1  0  0  2128  0  0  1005  4175  16410  0  18  683  0  1  8  0  4  36782  0  4  23723  4  0  11  0  0  0  64008  1  47770  229  555  0  56861  0  9988  0  0  0  0  0  0  0  0  307  1  3  3381  17  
0  0  0  0  0  0  0  0  0  0  0  0  0  0  0  0  0  0  0  0  0  0  0  0  0  0  0  0  0  0  0  0  0  0  0  0  0  0  0  0  0  0  0  0  0  0  0  0  0  0  0  0  0  0  0  0  0  0  0  0  0  0  0  0  0  0  0  0  0  0  0  0  0  0  0  893  0  0  0  0  0  0  0  0  7  0  0  0  0  0  0  0  100197  5128  327  1505  0  0  21  0  0  0  0  0  0  0  0  0  0  0  0  3  0  0  0  14938  0  668  0  0  0  0  0  0  5315  0  0  0  0  0  0  8614  207  7  7143  0  0  0  11  0  0  0  0  0  0  0  8233  0  0  0  0  0  0  0  0  0  0  0  0  0  
0  0  0  0  0  0  0  0  0  0  0  0  0  0  0  0  0  0  0  0  0  0  0  0  0  0  0  0  0  0  0  0  0  0  0  0  0  0  0  0  0  0  0  0  0  0  0  0  0  0  0  0  0  0  0  0  0  0  0  0  0  0  0  0  0  0  0  0  0  0  0  0  0  0  0  97  0  0  0  0  0  0  0  0  1436  0  0  0  0  0  0  0  104210  71726  64  4800  0  0  7515  5  0  0  0  0  0  0  0  0  0  0  0  35  0  0  0  1208  0  39742  1  0  0  0  0  0  3677  0  0  0  2  21207  6777  0  11  1  3407  0  0  0  32137  0  2  1  0  0  0  12  24019  0  0  0  0  0  0  0  0  0  1  0  2  0  
0  0  0  0  0  0  0  0  0  0  0  0  0  0  0  0  0  0  0  0  0  0  0  0  0  0  0  0  0  0  0  0  0  0  0  0  0  0  0  0  0  0  0  0  0  0  0  0  0  0  0  0  0  0  0  0  0  0  0  0  0  0  0  0  0  0  0  0  0  0  0  0  0  0  0  53930  0  0  0  0  0  0  0  0  0  0  0  0  0  0  2  0  25383  1  9296  257  7  0  0  0  0  0  0  0  0  0  0  0  0  0  6122  24193  0  0  0  0  4  12  0  0  0  33  0  1  719  0  0  0  0  0  95  6  0  5195  50599  0  0  0  0  0  0  0  0  0  0  33149  22588  0  0  0  0  0  0  0  2  0  388  0  0  0  
0  0  0  0  0  0  0  0  0  0  0  0  0  0  0  0  0  0  0  0  0  0  1  0  0  0  0  0  0  0  0  0  0  0  0  0  0  0  0  0  0  0  0  0  0  0  0  0  0  0  0  0  0  0  0  0  0  0  0  0  0  0  0  0  0  0  0  0  0  0  0  0  0  0  0  32525  0  0  0  0  0  0  0  0  0  0  0  0  0  0  0  0  30  0  98844  2  1  0  0  0  0  0  0  0  0  1  0  3  48  0  77867  372  0  0  0  0  140  1  0  0  0  0  0  22132  87  0  0  0  0  0  4  6  8182  0  32938  0  0  0  0  0  0  0  0  0  0  10598  111  0  0  0  0  0  0  0  5  0  223  0  0  0  
0  1  0  0  0  0  0  0  0  0  0  0  0  0  0  0  0  0  0  0  0  0  0  0  0  0  0  0  0  0  0  0  0  0  0  0  0  0  0  0  0  0  0  0  0  0  0  0  0  0  0  0  0  0  0  0  0  0  0  0  0  0  0  0  0  0  0  0  0  0  0  0  0  0  0  19335  0  0  0  0  0  0  0  0  7  0  0  0  0  0  0  0  6698  588  70287  116331  47463  0  169  0  0  0  0  0  0  0  0  0  0  0  5775  1120  0  0  0  36  22  6881  2  0  0  3  0  21922  20485  0  0  0  0  0  9133  4078  37866  16930  0  0  0  0  32  0  0  0  0  0  0  14687  7065  0  0  0  1  0  0  0  11  0  34252  0  0  0  
0  0  0  0  0  0  0  0  0  0  0  0  0  0  0  0  0  0  0  0  0  0  0  0  0  0  0  0  0  0  0  0  0  0  0  0  0  0  0  0  0  0  0  0  0  0  0  0  0  0  0  0  0  0  0  0  0  0  0  0  0  0  0  0  0  0  0  0  0  0  0  0  0  0  2015  0  0  0  0  33  0  0  0  0  0  0  13319  41053  32166  0  0  0  0  0  0  0  0  24587  0  0  0  0  0  0  0  0  0  0  0  0  0  0  6341  0  0  0  0  0  0  0  0  0  0  0  0  192  17031  0  0  0  0  0  0  0  0  0  0  4531  0  2  0  0  0  0  0  0  0  0  0  0  0  0  0  0  0  30  0  0  45  0  
0  0  0  0  0  0  0  0  0  0  0  0  0  0  0  0  0  0  0  0  0  0  0  4  0  0  0  0  0  0  135  3  0  0  0  0  0  0  0  0  0  0  0  0  0  0  0  0  0  0  0  0  0  0  0  0  0  0  0  0  0  0  4  0  0  0  0  0  0  0  0  0  0  0  9  0  0  0  0  1910  0  0  0  0  0  0  231  6  0  4803  41  576  0  0  0  0  17495  95644  0  0  0  0  0  0  83475  55195  0  0  111  0  0  0  598  0  0  0  57  0  0  0  10168  3  0  0  0  2  1  0  0  0  0  0  0  0  0  1  0  30144  0  0  0  0  0  15208  0  0  0  0  0  0  0  0  0  0  30  1003  42  66  23377  17  
0  0  0  0  0  0  0  0  0  0  0  0  0  0  0  0  0  0  0  0  0  0  0  0  0  0  0  0  0  0  0  0  0  0  0  0  0  0  0  0  0  0  0  0  0  0  0  0  0  0  0  0  0  0  0  0  0  0  0  0  0  0  0  0  0  1  0  0  0  0  0  0  0  0  6422  0  0  0  16  2304  0  0  0  0  0  1  8376  4304  0  4  0  1  0  0  0  0  2  124700  0  0  0  0  0  0  10  2759  0  0  0  0  0  0  31749  0  0  0  0  0  0  0  6086  0  9  0  0  243  4  0  0  0  0  0  0  0  0  6429  27225  0  0  311  0  0  0  62  0  0  0  0  0  0  0  0  0  0  0  5899  0  0  7332  7  
0  0  0  0  0  0  0  0  0  0  828  0  0  0  0  0  0  0  0  0  0  0  0  0  0  0  4  0  0  72  0  0  0  0  0  0  0  0  0  0  0  0  0  2  0  0  0  0  0  0  0  0  0  0  0  0  0  0  0  0  0  0  0  0  263  1  0  0  0  0  0  0  0  0  0  2  0  3  0  0  1049  430  6980  12372  94738  0  0  0  2  0  0  0  172  92786  0  2288  13  0  2111  133  36517  0  0  81189  0  0  0  0  0  8  0  2  0  0  42  2  0  114857  209  0  0  1  16  0  88  3  0  0  130  40796  24  36118  0  0  88  0  0  0  0  44  94  20  34  0  24942  0  9105  0  0  0  0  0  0  0  0  16  41  308  280  1  
0  0  0  0  0  2913  333  206  329  27296  0  0  0  0  0  899  0  0  0  0  0  0  0  0  0  0  0  0  0  3  5  112  0  0  0  0  0  0  0  0  0  0  0  0  0  0  0  0  0  0  0  1  2  0  0  0  0  0  0  0  0  0  0  0  0  18618  0  0  0  37  0  0  0  0  28  0  0  0  0  51290  58049  48863  39931  36749  0  0  0  53  1252  87  0  0  0  0  0  0  0  6  0  0  0  0  1  39  4  5135  0  0  0  0  0  0  11  0  16  0  0  362  4  1  7  15  2  0  0  2903  106  1089  0  0  0  0  0  0  0  10  0  180  2660  0  11  59  11  1  2293  0  0  0  0  44  0  418  13  0  0  7097  0  22054  2908  1  
0  0  0  0  0  0  0  0  0  0  0  0  0  0  0  0  0  0  0  0  0  0  0  0  0  0  0  0  0  0  0  0  0  0  0  0  0  0  0  0  0  0  0  0  0  0  0  0  0  0  0  0  0  0  0  0  0  0  0  0  0  0  0  0  0  0  0  0  0  0  0  0  0  0  0  0  20280  3206  0  0  158  377  129  6  0  74  0  4  37  324  7  1  1  0  0  0  0  0  83  120615  44233  125961  869  83  0  0  0  2  0  118  0  0  0  3  2785  0  0  16  129042  45486  0  76  4885  0  0  134  0  16  25191  47799  0  3  0  0  0  0  0  0  65  0  0  685  793  0  3351  0  288  0  0  0  0  0  0  0  2  1046  4  11  8343  73  
0  0  0  0  0  0  0  0  0  0  0  0  0  0  0  0  0  0  0  0  0  0  0  0  0  0  0  0  0  0  0  0  0  0  0  0  0  0  0  0  0  0  0  0  0  0  0  0  0  0  0  0  0  0  0  0  0  0  0  0  0  0  0  0  0  0  0  0  0  0  0  0  0  0  0  0  0  29255  0  0  1422  44  4  1  0  50865  0  15  30966  6  0  5  1  0  0  0  0  0  42  397  0  38  105200  0  0  0  0  3  0  397  0  0  0  17  630  0  0  6  109635  12  7  45  54970  0  0  75910  0  859  1228  66  0  0  0  0  0  0  0  0  7  8  610  0  7559  0  20  0  358  0  0  0  0  0  0  0  2  18347  4  10  32318  369  
0  0  0  0  0  0  0  0  0  0  0  0  0  0  0  0  0  0  0  0  0  0  0  0  0  0  0  0  0  0  0  0  0  0  0  0  0  0  0  0  0  0  0  0  0  0  0  0  0  0  0  0  0  0  0  0  0  0  0  0  0  0  0  0  0  0  0  0  0  0  0  0  0  0  0  0  1238  1  0  0  3114  26073  54  2  0  0  0  0  19424  33508  0  0  0  0  0  1  0  0  7  10  41  265  89283  0  0  0  0  0  0  1  0  0  0  0  19  0  0  2  50370  3239  0  0  8  0  0  1078  0  26121  5  392  0  1  0  0  0  0  0  0  15  15  988  6516  0  0  472  0  3  0  0  0  0  0  0  0  0  274  0  0  136  0  
0  0  0  0  212  157  0  0  0  0  0  0  0  0  0  1423  0  0  0  0  0  0  0  5  0  0  0  0  0  0  442  0  0  0  0  0  0  0  0  0  0  0  0  0  0  0  0  0  0  0  0  0  0  0  0  0  0  0  0  0  0  0  2  0  0  0  0  0  0  5486  0  0  0  0  7942  0  0  0  1539  10529  0  0  0  0  0  0  0  0  0  48527  0  0  0  0  0  0  0  6882  0  0  0  0  0  0  32867  508  0  0  0  0  0  0  0  0  0  0  0  0  0  0  0  0  0  0  0  0  0  0  0  0  0  0  0  0  0  0  19775  293  0  2  0  0  0  0  0  0  0  0  0  0  0  0  0  0  0  589  0  0  23  0  
0  0  5  0  0  0  0  6  1071  7  2  0  0  0  0  0  0  0  0  0  0  0  0  0  0  0  0  0  0  1320  0  0  0  0  0  0  0  0  0  0  0  0  0  0  0  74  0  0  0  0  0  0  0  0  0  0  0  0  0  0  0  0  0  0  1  29  0  0  0  0  1578  0  0  0  0  0  1  4  0  0  4786  1947  45196  113  0  0  0  0  10  1  0  0  0  0  0  0  0  0  93  130  26881  108  30  89005  0  0  0  0  0  14  0  0  0  0  80  0  0  67  309  23012  0  0  27  0  0  8  0  11  72  33466  0  17  0  0  0  0  0  0  27953  184  4285  11  48  0  0  0  37  0  0  0  0  0  0  0  0  8  0  0  115  0  
0  0  0  0  0  0  0  0  0  0  0  0  0  0  0  0  0  0  0  0  0  0  0  0  0  0  0  0  0  0  0  0  0  0  0  0  0  0  0  0  0  0  0  0  0  0  0  0  0  0  0  0  0  0  0  0  0  0  0  0  0  0  0  0  0  0  0  0  0  0  0  0  0  0  0  5800  0  0  0  0  0  0  0  0  0  0  0  0  0  0  26  5  2  0  102  537  8  0  0  0  0  0  0  0  0  0  0  82  770  1  103762  166187  0  0  1  0  12551  40  0  0  0  1089  0  40164  0  0  0  0  0  0  2  1  33329  10904  14715  0  0  0  0  0  0  0  0  0  0  0  7830  0  0  0  0  0  0  0  109  0  5436  5  0  0  
0  0  0  0  0  0  0  0  0  0  0  0  0  0  0  0  0  0  0  0  0  0  0  0  0  0  0  0  0  0  0  0  0  0  0  0  0  0  0  0  0  0  0  0  0  0  0  0  0  0  0  0  0  0  0  0  0  0  0  0  0  0  0  0  0  0  0  0  0  0  0  0  0  0  0  168  0  70  0  0  2  0  0  0  172  343  0  21  50  0  239  327  52834  11  1257  3724  20  0  175448  5807  2  3  2  0  0  0  8353  129260  27864  11576  95  251332  0  23  27225  0  22177  14466  2275  0  0  188468  4666  9124  69  526  0  1  47443  9499  3335  31660  14206  61  13896  0  0  0  6704  0  84  939  170  0  5  16095  0  6214  0  0  0  4  0  0  2541  224  23499  1700  3031  35  
0  0  0  0  0  0  0  0  0  0  0  0  0  0  0  0  0  0  0  0  0  0  0  0  0  0  0  0  0  0  0  0  0  0  0  0  0  0  0  0  0  0  0  0  0  0  0  0  0  0  0  0  0  0  0  0  0  0  0  0  0  0  0  0  0  0  0  0  0  0  0  0  0  0  0  0  0  1  0  0  0  0  0  0  0  0  0  0  0  0  2  0  0  0  0  0  0  0  972  110  0  0  0  0  0  0  52671  22815  4  31684  0  0  0  0  10013  0  0  0  0  0  0  14840  9  0  0  5  0  0  0  0  0  0  0  0  0  0  0  0  0  0  0  3  0  0  0  1  7728  0  0  0  0  0  0  0  3  0  14  18  79  0  
0  0  0  0  0  0  0  0  0  0  0  1  0  0  0  0  7195  26116  13  0  0  0  57658  3  3  2  0  0  0  0  1  6  4  84  28157  0  1  3  0  0  232  0  55464  0  1  0  0  6015  5  151  0  0  0  0  1  3  1  9  24  10  10  0  3  0  0  0  1  0  0  0  0  34  808  60  0  0  0  0  0  0  0  0  0  0  0  0  0  0  0  0  0  0  0  0  0  0  0  0  0  0  0  0  0  0  0  2  0  0  0  0  0  0  0  0  0  0  0  0  0  0  0  0  0  0  0  0  0  0  0  0  0  0  0  0  0  0  0  0  0  0  0  0  0  0  0  0  0  0  0  0  260439  16835  22219  3009  0  0  0  0  0  2  
1175  0  0  0  0  7222  823  212  38  7  0  4  0  28  1061  55  24  2  0  0  0  0  0  892  2  0  128  678  549  0  75  7736  0  0  0  0  0  0  43  0  14  0  0  0  12103  175  44  395  389  0  0  29381  203  742  0  998  0  0  0  0  0  0  887  6669  0  1748  2660  7868  3979  14  170  0  10  1  0  0  0  0  0  0  0  0  0  0  0  0  0  0  0  0  0  0  0  0  0  0  0  0  0  0  0  0  0  0  0  7  0  0  0  0  0  0  0  0  0  0  0  0  0  0  0  0  0  0  0  0  0  0  0  0  0  0  0  0  0  0  0  0  0  13  0  0  0  0  0  0  0  0  0  0  1  11189  144821  52942  0  17  0  0  0  16  
0  0  0  0  0  0  0  0  4  9140  0  2  0  0  0  0  69  252  1121  0  45  722  55318  0  235  5  1  0  0  241  0  1  8  279  279  14  19  387  0  0  1167  0  10293  8663  3  0  0  5952  27  16066  0  1  0  0  1  11  68  289  1091  29  36856  0  1  0  52  5  7  4  0  0  6  180  2685  120  0  0  0  0  0  0  0  0  0  0  0  0  0  0  0  0  0  0  0  0  0  0  0  0  0  0  0  0  0  0  0  0  0  0  0  0  0  0  0  0  0  0  0  1  0  0  0  3  0  0  0  0  0  0  0  0  0  0  0  0  0  0  0  0  0  0  0  0  0  0  0  0  0  0  110425  0  0  29428  6505  1876  0  0  1  9  0  0  
0  0  0  0  0  0  0  0  1  6982  0  0  0  0  0  0  33  379  3  0  0  1  35  1  0  7  6  2  0  6  0  351  46  11  1  4  0  0  0  0  787  0  21  0  14  0  0  9199  10  1  0  0  0  0  0  45  0  1  0  0  0  0  3  0  2  1797  101  1  0  0  1  0  509  259  0  0  0  0  0  0  0  0  0  1  0  0  0  0  0  0  0  0  0  0  0  0  2  0  0  0  0  0  0  0  0  2  0  0  0  0  0  0  0  0  2  0  0  0  0  0  0  18  0  0  0  0  0  0  0  0  0  0  0  0  0  0  0  0  0  140  0  0  0  0  0  0  3  0  8526  56708  27300  0  62874  75047  2  1  5  2960  0  15  
2385  0  0  2  0  739  118  24  15  29  0  213  1  47  130  0  54335  97914  0  0  0  0  191  3760  10  9  110  62  35  0  1263  5128  16  3  29  10  0  0  107  2  732  0  0  0  8617  54  27119  71925  38267  0  0  6859  65  25  7  633  0  0  0  0  0  5  8420  2167  1  9  6408  6846  594  21  43  0  147  70  0  0  0  0  0  0  0  0  0  0  0  0  0  0  0  0  0  0  0  0  0  0  0  0  0  0  0  0  0  0  0  0  0  0  0  0  0  0  0  0  0  0  0  0  0  0  0  0  0  0  0  0  0  0  0  0  0  0  0  0  0  0  0  0  0  0  0  0  0  0  0  0  0  0  10293  82847  1082  24880  0  190090  0  0  0  0  0  2  
0  0  0  0  0  1  0  0  0  0  0  0  0  0  0  0  54  2762  0  0  0  2  16  0  0  0  0  0  0  0  192  1616  0  0  0  0  0  0  0  0  1  0  0  0  5  0  0  4024  330  0  0  34  0  0  0  0  0  0  0  0  0  0  44  7  0  0  5  28  0  1  0  0  0  0  0  0  0  0  0  0  0  0  0  0  0  0  0  0  0  0  0  0  0  0  0  0  0  0  0  0  0  0  0  0  1  15  0  0  0  0  0  0  0  0  0  0  0  0  0  0  0  0  0  0  0  0  0  0  0  0  0  0  0  0  0  0  0  0  0  0  0  0  0  0  0  0  0  0  307  126209  3934  98563  481603  0  0  1  1  4  0  19  
0  0  0  0  0  0  0  0  0  1  0  0  0  0  0  0  0  0  0  0  0  0  0  0  0  0  0  0  0  0  0  8  0  0  0  0  0  0  0  0  0  0  0  0  0  0  0  0  0  0  0  0  0  0  0  0  0  0  0  0  0  0  0  0  0  0  0  0  0  0  0  0  0  0  0  0  0  0  0  0  0  0  0  2  0  0  0  0  0  0  5175  8724  0  0  0  0  44619  17  1  0  0  0  0  0  74  1042  0  1  24935  22  18  46  0  0  72  0  29914  1  2  0  1  21098  3  348  0  0  0  0  0  0  0  0  4  2  7  0  39  0  0  0  0  1  0  0  0  151  2016  0  0  0  0  7  0  0  0  4  209981  23136  6354  434  
0  0  0  0  0  4  0  0  0  1  0  0  0  0  0  32  0  0  0  0  0  0  0  0  0  0  0  0  0  0  0  280  0  0  0  0  0  0  0  0  0  0  0  0  0  0  0  0  0  0  0  0  0  0  0  0  0  0  0  0  0  0  0  0  0  322  0  0  0  0  0  0  0  0  130  1  0  2  1  3853  1142  202  0  0  0  0  0  627  880  9  0  3  0  0  0  0  3  190  19  43  1  49  52  0  0  24812  0  0  0  1  0  0  139  0  218  0  0  7  1550  33  42  31  30  0  0  10213  47  1213  32  589  0  0  1  0  0  107  122  3247  23  2276  1751  10050  2010  6  12  0  23  0  0  13  0  7  0  1  1  0  2  3695  136924  44066  
0  0  0  0  0  0  0  0  0  0  0  0  0  0  0  0  0  0  0  0  0  0  1  0  0  0  0  0  0  0  0  1  0  0  0  0  0  0  0  0  0  0  0  0  0  0  0  0  0  0  0  0  0  0  0  0  0  0  0  0  0  0  0  0  0  0  0  0  0  0  0  0  0  0  0  5  0  0  0  0  1  0  1  2707  0  3  0  0  1  0  176  204  1  0  8  2844  61813  0  11  0  0  0  0  1  47  783  0  4  112  205  1095  933  0  0  1850  0  4594  7030  25  0  0  12574  28  12953  0  4  0  0  0  0  0  1  788  408  36038  0  28  0  1769  2  0  8  2  0  6  13681  10897  0  0  0  4  11  0  0  90237  1  0  29473  4122  380  
0  0  0  0  0  0  0  0  0  4369  0  0  0  0  0  0  0  0  0  0  0  0  0  0  0  0  0  0  0  0  1  72  0  0  0  0  0  0  0  0  0  0  0  0  0  0  0  0  0  0  0  0  0  0  0  0  0  0  0  0  0  0  0  0  1  1270  0  0  0  0  0  0  0  0  0  0  0  3  0  0  3  3  49  2594  0  2  0  0  2  0  1  1210  0  0  1  3  1283  0  2  9  0  0  0  6  54  1109  0  2  1  224  0  6  0  0  1549  0  0  79  29  0  0  12360  32  0  0  4  0  0  5  5  0  0  0  0  0  0  21  0  62  3678  52  8  4  0  7  0  1591  1  0  2  14  3479  14  1  9995  11555  31026  0  52948  52391  
0  0  0  0  0  0  0  0  0  1  0  0  0  0  0  0  0  0  0  0  0  0  0  0  0  0  0  0  0  0  0  0  0  0  0  0  0  0  0  0  0  0  0  0  0  0  0  0  0  0  0  0  0  0  0  0  0  0  0  0  0  0  0  0  0  0  0  0  0  0  0  0  0  0  108  0  0  18  0  119  20  20  1  92  1  0  23  872  826  0  18299  31563  0  0  0  1  12370  4503  43  293  0  6  8  0  1735  6988  21  0  0  27  0  6  221  0  9816  0  0  39  4571  6  32921  41290  42948  0  0  12126  62  216  87  98  0  2  0  0  0  147  12209  2798  27  109  1038  9374  835  0  3  1  167  0  0  0  0  4  0  0  6581  109108  864  18361  0  163986  
0  0  0  0  0  0  0  0  0  0  0  0  0  0  0  0  0  0  0  0  0  0  0  0  0  0  0  0  0  0  0  553  0  0  0  0  0  0  0  0  0  0  0  0  0  0  0  0  0  0  0  0  0  0  0  0  0  0  0  0  0  0  0  0  0  0  0  0  0  0  0  0  0  0  0  0  0  0  0  0  1  4  0  0  0  0  0  0  0  0  7  2672  0  0  0  0  2912  2  0  5  0  0  1  0  115  4807  0  0  1  0  0  0  0  0  38  0  0  0  67  1  2  394  4  0  0  7  0  0  2  8  0  0  0  0  0  0  74  3  0  1  81  163  49  0  0  0  5  0  0  12  0  22  1  6  801  171274  1020  73888  396315  0  
