0  0  0  0  51122  19429  8  0  0  0  0  4  75  4258  22824  5381  0  0  0  0  0  0  0  72174  0  0  0  1  0  0  15792  81  0  0  0  0  0  0  176  57  0  0  0  0  16  0  10279  0  7328  0  0  16963  16712  569  0  0  0  0  0  0  0  27279  1738  10043  0  33  0  32  0  14882  0  0  0  0  0  0  0  0  0  0  0  0  0  0  0  0  0  0  0  2  0  0  0  0  0  0  0  1  0  0  0  0  0  0  0  0  0  0  0  0  0  0  0  0  0  0  0  0  0  0  0  0  0  0  0  0  0  0  0  0  0  0  0  0  0  0  0  0  0  1  0  0  0  0  0  0  0  0  0  464  0  0  27450  3  0  0  0  0  0  0  
0  0  0  0  0  0  0  0  1  0  0  0  0  0  0  0  0  0  64594  0  59602  15121  20  0  33  0  1  0  0  0  0  0  0  31  5  2  3963  30  0  0  2  31692  14  2750  11  0  0  45  2  8  43464  1  0  1  1  11  22322  337  31397  9868  20758  0  0  0  34  0  2  1  0  0  1  24008  1420  0  0  0  0  0  0  0  0  0  0  0  0  0  0  0  0  0  0  0  0  0  0  8  0  0  0  0  0  0  0  0  0  0  0  0  0  0  0  0  0  0  0  1  0  0  0  0  0  0  0  0  1  0  0  0  0  0  0  0  0  0  2  0  0  0  0  0  0  0  0  0  0  0  0  0  1  0  486  0  1  0  0  0  0  0  0  0  
0  0  0  0  0  1  2  1436  8  2  0  0  0  0  0  33310  0  0  0  0  0  0  0  0  0  0  20784  21424  42381  7197  0  0  0  0  0  0  0  0  0  0  0  0  0  0  54210  47232  0  0  0  0  0  0  0  42  0  5  0  0  0  0  0  0  0  0  0  10  5406  0  1686  0  27  0  0  0  0  0  453  0  0  0  0  3  0  0  0  0  0  0  0  90  0  0  0  0  0  0  0  0  0  0  0  1  0  179  0  0  0  0  0  0  0  0  0  0  0  0  0  0  36  11  0  0  0  0  0  0  0  0  0  0  0  0  0  0  0  0  0  0  0  0  0  0  0  0  2  0  0  0  0  21  0  0  4  2  0  0  0  0  0  0  
1  4  0  0  0  1  0  0  2  0  0  22776  0  2  7  0  19  14  0  0  0  4  4  0  43  60161  10  28518  26120  2  0  0  3475  247  4  236  0  0  0  13  5848  1  32  3  49233  5  0  792  51263  0  0  105  1  31  17  114  0  28  1  0  318  0  0  0  6  2  2089  16742  85  0  24  1  467  430  0  0  0  0  0  0  0  0  0  0  0  0  0  0  0  0  0  0  0  0  0  0  0  0  0  0  0  0  0  0  0  0  0  0  0  0  0  0  0  0  0  0  0  0  0  0  0  0  0  0  0  0  0  0  0  0  0  0  0  0  0  0  0  0  0  0  0  0  0  0  0  0  0  0  73  26  267  155  178  2  0  0  0  0  0  0  
50675  0  0  0  0  11258  3  0  0  0  0  0  3  44  13727  62272  0  0  0  0  0  0  0  186  0  0  0  0  0  0  8679  4  0  0  0  0  0  0  20  3  0  0  0  0  1  0  2229  0  1059  0  0  1314  27509  41  0  0  0  0  0  0  0  5  112  259  0  7  0  2  0  2830  0  0  0  0  40  0  0  0  17  6  0  0  0  0  0  0  0  0  0  616  0  0  0  0  0  0  0  0  0  0  0  0  0  0  0  0  0  0  0  0  0  0  0  0  0  0  0  0  0  0  0  0  0  0  0  0  0  0  0  0  0  0  0  0  0  0  0  0  0  0  0  0  0  0  0  0  0  0  0  26  0  0  6137  1  0  0  0  0  0  0  
19811  0  0  0  20775  0  36375  22  16  0  0  5  2  40  12209  127611  0  0  0  0  0  0  0  11224  0  0  0  0  1  0  586  17431  0  0  0  0  0  0  6  44  0  0  0  0  9  0  1280  0  1392  0  0  732  1539  12284  0  0  0  0  0  0  0  19  1698  2284  0  24666  5  14  2  34477  7  0  1  0  0  0  0  0  1  1786  188  3  0  0  0  0  0  0  0  85  0  0  0  0  0  0  0  0  0  0  0  0  0  0  6  152  0  0  0  0  0  0  0  0  0  0  0  0  0  0  0  0  0  0  0  0  0  0  0  0  0  0  0  0  0  0  0  0  0  2774  0  0  0  10  0  0  0  0  0  26320  1  2  78420  1867  0  26  0  0  0  0  
8  0  0  0  8  48039  0  41018  9662  80  0  0  0  1  30  133926  0  0  0  0  0  0  0  0  3  4  268  9  249  2  0  2  0  0  0  3  0  0  0  0  8  0  0  27  137  113  3  2  9  0  0  5  14  28864  0  263  0  3  0  0  4  0  1  0  13  20508  790  31  604  3  1921  0  9  0  0  0  0  0  0  10  1289  164  0  0  0  0  0  0  0  200  0  0  0  0  0  0  0  0  0  0  0  0  0  0  0  0  0  0  0  0  0  0  0  0  0  0  0  0  0  0  0  0  0  0  0  0  0  0  0  0  0  0  0  0  0  0  0  0  0  3671  0  0  0  0  0  0  0  0  0  28020  0  0  802  23  0  0  0  0  0  0  
0  0  984  0  0  60  44835  0  41093  45  0  0  0  0  0  29958  0  0  0  0  0  0  0  0  0  0  68  131  8705  142  0  0  0  0  0  1  0  0  0  0  17  0  0  15  29156  24064  0  9  5  0  0  0  0  24161  0  70  0  1  0  0  1  0  0  0  2  21149  599  3  29936  0  441  0  0  0  0  0  0  0  0  0  728  5471  87  0  0  0  0  0  0  6  0  0  0  0  0  0  0  0  0  0  0  0  0  1  0  0  0  0  0  0  0  0  0  0  0  0  0  0  0  1  0  0  0  0  0  0  0  0  0  0  0  0  0  0  0  0  0  0  0  4675  0  0  0  0  2  0  0  0  0  7657  0  1  309  83  0  0  0  0  0  0  
0  0  2  1  0  7  4592  22098  0  27135  12  0  0  0  0  89  0  0  0  4  0  2  0  0  3  11  983  53  307  13749  0  0  0  0  0  24  0  0  0  0  49  0  0  2546  275  11693  0  18  7  0  0  2  0  20  4  1159  3  18  0  0  0  0  0  0  302  36114  3853  1  217  0  34874  0  15  0  0  0  0  0  0  0  0  1337  5144  48  6  0  0  0  0  0  0  0  0  0  0  17  0  0  0  0  0  0  0  107  0  0  0  0  0  0  0  0  0  0  0  0  0  0  0  0  0  0  0  0  0  0  0  0  0  0  0  0  0  0  0  0  0  0  0  1996  0  0  0  0  875  0  0  0  0  291  4  9  187  19  0  0  8  0  0  0  
0  0  0  0  0  1  172  6  26485  0  4  0  0  0  0  0  0  0  0  21  0  49  3681  0  2  0  120  0  16  13695  0  0  0  0  0  1  0  0  0  0  18  0  0  25268  14  19  0  361  0  0  0  0  0  0  4  448  0  6  0  0  3  0  0  0  2481  48057  247  3  11  0  597  0  3  0  0  0  0  0  0  0  0  9  77  243  0  0  0  0  0  0  0  0  0  0  0  3  0  0  0  0  0  0  0  4  0  0  0  0  0  0  0  0  0  0  0  0  0  1  0  0  0  0  0  0  0  0  0  0  0  0  0  0  0  0  0  0  0  0  0  510  0  1  0  0  0  0  0  0  0  6  4284  3888  2045  4  0  0  1554  27  1  0  
0  1  0  0  0  0  0  0  4  2  0  0  0  0  0  0  0  0  212  109160  3  16730  0  0  0  0  6  0  0  2488  0  0  0  0  0  0  0  0  0  0  0  20309  0  91320  0  0  0  0  0  0  7  0  0  0  0  0  1334  3978  0  0  0  0  0  0  51280  0  0  0  0  0  1  0  0  0  0  0  0  0  0  0  0  0  6  0  8091  0  0  0  0  0  0  0  0  100  0  6296  0  0  0  0  0  0  0  89  0  0  0  0  0  0  0  0  0  0  0  149  0  79  0  0  0  0  0  0  0  0  0  0  0  0  0  0  0  0  0  0  0  0  28  0  0  0  0  0  2  0  0  0  0  0  0  0  0  0  0  0  0  0  0  0  
114  0  0  27031  19  930  2  0  0  0  0  0  11  26914  227  188  13  197  0  0  0  0  0  29  2  113  0  26  5110  0  0  0  403  568  347  19  0  0  2  33922  363  0  7  0  2516  1  28  159  38630  0  0  26735  522  54  1  13  0  3  0  0  86  2  1  0  2  1  196  64736  0  0  3  1  51  42  0  0  0  0  0  0  0  0  0  0  0  0  0  0  0  0  0  0  0  0  0  0  0  0  0  0  0  0  0  0  0  0  0  0  0  0  0  0  0  0  0  0  0  0  0  0  0  0  0  0  0  0  0  0  0  0  0  0  0  0  0  0  0  0  0  1  0  0  0  0  0  0  0  0  6  77  26  21  208  0  0  0  0  0  0  0  
341  0  0  0  30  8  0  0  0  0  0  7  0  20791  34  1  0  19  0  0  0  0  0  47387  0  0  0  0  0  0  0  0  0  30  102  0  0  0  27724  9  0  0  1  0  0  0  12141  0  546  0  0  230  11  0  0  0  0  0  0  0  0  13176  105  5545  0  0  0  0  0  0  0  0  0  0  0  0  0  0  0  0  0  0  0  0  0  0  0  0  0  0  0  0  0  0  0  0  0  0  0  0  0  0  0  0  0  0  0  0  0  0  0  0  0  0  0  0  0  0  0  0  0  0  0  0  0  0  0  0  0  0  0  0  0  0  0  0  0  0  0  0  0  0  0  0  0  0  0  0  0  2  0  0  91  0  0  0  0  0  0  0  
1156  0  0  1  48  398  1  0  0  0  0  18491  16722  0  320  99  0  25  0  0  0  0  0  3335  0  0  0  0  0  0  0  0  0  40  6  0  0  0  30198  29175  0  0  0  0  4  0  94  0  22607  0  0  50055  398  20  0  0  0  0  0  0  0  31919  54  3756  0  3  0  6  0  0  0  0  0  0  0  0  0  0  0  0  0  0  0  0  0  0  0  0  0  0  0  0  0  0  0  0  0  0  0  0  0  0  0  0  0  0  0  0  0  0  0  0  0  0  0  0  0  0  0  0  0  0  0  0  0  0  0  0  0  0  0  0  0  0  0  0  0  0  0  0  0  0  0  0  0  0  0  0  0  23  0  0  223  0  0  0  0  0  0  0  
22557  0  0  0  17083  2871  20  0  0  0  0  105  47  699  0  56197  0  0  0  0  0  0  0  5175  3  0  1  12  19288  0  0  0  0  0  0  1  0  0  3  14  1  0  0  0  1306  2  317  2  821  0  0  150235  181506  130838  0  4  0  2  0  0  0  20506  1  17  0  78  68  47885  9859  1  1  0  2  0  0  0  0  0  0  5  0  0  0  0  0  0  0  0  0  0  0  0  0  0  0  0  0  0  0  0  0  0  0  0  0  0  0  0  0  0  0  0  0  0  0  0  0  0  0  0  0  0  0  0  0  0  0  0  0  0  0  0  0  0  0  0  0  0  0  6  0  0  0  0  0  0  0  0  0  2701  0  0  5265  2  0  4  0  0  0  0  
8199  0  29880  0  73604  119496  118103  43978  27  0  0  0  0  5  59413  0  0  0  0  0  0  0  0  924  0  0  0  101  12915  1  4850  6  0  0  0  0  0  0  0  9  0  0  0  0  9822  3077  310  0  385  0  0  142  10529  142825  0  0  0  0  0  0  0  0  240  623  0  77  1  7  43101  22795  1  0  0  0  2  0  230  0  26  639  472  114  2  0  0  0  0  0  0  4183  0  0  0  0  0  0  0  0  0  0  0  0  0  0  7  2  0  0  0  0  0  0  0  0  0  0  0  0  4  62  0  0  0  0  0  0  0  0  0  0  0  0  0  0  0  0  0  0  0  13  0  0  0  78  0  0  0  0  0  5472  0  0  4880  3  0  5  0  0  0  0  
0  0  0  31  0  0  0  1  8  0  0  12  1  0  0  0  0  53533  0  0  0  0  8113  102  0  21  109  177  191  1  0  0  858  3  18019  0  0  1  0  0  6306  0  1043  0  1795  31  18  45369  19272  0  0  0  0  3  0  202  0  0  0  0  0  0  1937  0  0  8  1245  3  536  0  5  0  0  2  0  0  0  0  0  0  0  0  0  0  0  0  0  0  0  0  0  0  0  0  0  0  0  0  0  0  0  0  0  0  0  0  0  0  0  0  0  0  0  0  0  0  0  0  0  0  0  0  0  0  0  0  0  0  0  0  0  0  0  0  0  0  0  0  0  0  0  0  0  0  0  0  0  0  5306  31  2  0  88318  122  0  0  0  0  0  0  
2  0  0  2  0  6  0  0  0  0  0  330  150  62  0  2  32722  0  0  0  0  0  7696  4786  0  0  0  2  0  0  0  58  29  12  2637  0  0  0  18  13  1  0  148  0  16  0  30852  833  49441  0  0  3  11  2  0  0  0  0  0  0  0  0  28636  0  0  0  3  0  0  3  0  0  0  0  0  0  0  0  0  0  0  0  0  0  0  0  0  0  0  0  0  0  0  0  0  0  0  0  0  0  0  0  0  0  0  0  0  0  0  0  0  0  0  0  0  0  0  0  0  0  0  0  0  0  0  0  0  0  0  0  0  0  0  0  0  0  0  0  0  0  0  0  0  0  0  0  0  0  9625  4  6  29  58985  4  0  0  0  0  0  0  
0  62719  0  0  0  0  0  0  0  0  353  0  0  0  0  0  0  0  0  8574  488  237  3  0  20328  0  0  0  0  1  0  0  0  1  0  1  1595  73  0  0  4  31714  0  5911  2  0  0  4  3  0  1505  0  0  0  0  0  127523  49986  44671  185  1389  0  0  0  1924  0  1  1  0  0  2  7650  41678  1  0  0  0  0  0  0  0  0  0  0  0  0  0  0  0  0  0  0  0  0  0  0  0  0  0  0  0  0  0  0  0  0  0  0  0  0  0  0  0  0  0  0  0  0  0  0  0  0  0  0  0  0  0  0  0  0  0  0  0  0  0  0  0  0  0  0  0  0  0  0  0  0  0  0  0  0  26  1  0  0  0  0  0  0  0  0  
0  0  0  0  0  0  0  0  15  0  107895  0  0  0  0  0  0  0  9223  0  0  4  0  0  4199  0  8553  0  0  29  0  0  0  0  0  4  0  0  0  0  3  33414  0  15019  1  0  0  0  0  0  1  0  0  0  0  10007  4000  40780  0  0  1  0  0  0  24792  0  18  0  0  0  170  0  2  0  0  0  0  0  0  0  0  0  0  0  364  0  0  0  0  0  0  0  0  218  0  20  0  0  0  0  0  0  0  0  0  0  0  0  0  0  0  0  0  0  0  0  0  0  0  0  0  0  0  0  0  0  0  0  0  0  0  0  0  0  0  0  0  0  2  0  0  0  0  0  0  0  0  0  0  0  0  0  0  0  0  0  0  0  0  0  
0  62335  0  0  0  0  0  0  0  1  0  0  0  0  0  0  0  0  1255  0  0  650  3368  0  1  0  0  0  0  0  0  0  0  2  0  0  4510  5  0  0  0  3  1  106  1  0  0  5  0  14627  11518  0  0  0  0  1  679  22  15060  73015  84948  0  0  0  3  0  1  0  0  0  0  1321  676  0  0  0  0  0  0  0  0  0  0  0  0  0  0  0  0  0  0  0  0  0  72  251  0  0  0  0  0  0  0  0  0  0  0  0  0  0  0  0  0  0  0  11  0  0  0  0  0  0  0  0  27  0  0  0  0  0  0  0  0  0  92  0  0  0  0  0  0  0  0  0  0  0  0  0  0  0  191  42  0  0  0  0  0  3  0  0  
0  13134  0  0  0  0  0  0  1  177  20262  0  0  0  0  0  0  0  819  16  1006  0  14836  0  2  0  0  0  0  532  0  0  0  0  0  0  0  0  0  0  1  32383  0  139682  2  0  0  1  0  0  52851  1  0  0  0  1  8679  941  31  0  89303  0  0  0  883  0  0  2  0  0  0  1  91  0  0  0  0  0  0  0  0  0  3  3  8  0  0  0  0  0  0  0  0  0  66  4969  0  0  0  0  0  0  0  8  0  0  0  0  0  0  0  0  0  0  0  5  0  1  0  0  0  0  0  0  16  0  0  0  0  0  0  0  0  0  169  0  0  0  1  0  0  0  0  0  0  0  0  0  0  0  1770  298  1  0  0  0  0  3  0  0  
0  12  0  0  0  0  1  0  5  4447  0  1  0  0  0  0  12316  17245  6  0  6986  7783  0  87  4  1  1  0  0  7  0  0  0  7  20273  1  640  0  0  1  10  0  50333  16952  6  0  9  7051  105  24574  0  0  0  1  0  73  1  1  10  21  49936  0  6735  0  171  1  18  4  0  0  19  19  193  2  0  0  0  0  0  0  0  0  0  0  0  0  0  0  0  0  0  0  0  0  4  34  0  0  0  0  0  0  0  0  0  0  0  0  0  0  0  0  0  0  0  0  0  0  0  0  0  0  0  0  0  0  0  0  0  0  0  0  0  0  2  0  0  0  0  0  0  0  0  0  0  0  0  0  32280  0  79978  750  515  0  0  0  1  4  0  0  
69508  0  0  0  270  3122  0  0  0  0  0  11  48022  7584  5616  779  139  6543  0  0  0  0  206  0  0  0  0  0  0  0  17048  432  0  484  993  0  0  0  6092  12  0  0  354  0  1  0  55536  48  408  0  0  276  17  1  0  0  0  0  0  0  0  53076  78883  160366  0  0  0  0  0  7825  0  0  0  0  0  0  0  0  0  0  0  0  0  0  0  0  0  0  0  1  0  0  0  0  0  0  0  13  0  0  0  0  0  0  36  1  0  0  0  0  0  0  0  0  0  0  0  0  0  0  0  0  0  0  0  0  0  0  0  0  0  0  0  0  0  0  0  0  0  0  0  0  0  1  0  0  0  0  168  1  1  0  2623  0  0  0  0  0  0  0  
1  9  0  6  0  0  5  1  19  3  0  3  0  0  2  2  3  0  17939  4337  0  4  0  0  0  30812  396  4  3  8  0  0  1  14  1  1093  0  34  0  0  950  0  4  10  591  0  1  80  126  0  4  42  0  7  48670  88743  33  17085  2  0  367  0  0  0  141  5  421  826  4  0  110  0  146410  14  0  0  0  0  0  0  0  0  0  0  0  0  0  0  0  0  0  0  0  0  0  0  0  0  0  0  0  0  0  0  0  0  0  0  0  0  0  0  0  0  0  0  0  0  0  0  0  0  0  0  0  0  0  0  0  0  0  0  0  0  0  0  0  0  0  0  0  0  0  0  0  0  0  0  2  35  17  20  138  1  0  1  0  0  0  0  
1  0  0  52198  0  0  0  0  18  0  0  69  0  3  4  1  7  1  0  0  0  0  0  0  35313  0  550  11334  5  2  0  0  153  10050  0  90371  0  39  0  12  49134  0  6  3  1831  2  0  1289  14573  0  0  119  4  6  39369  8649  0  23  0  0  69  0  0  0  9  4  111940  541  21  0  38  3  15707  108  0  0  0  0  0  0  0  0  0  0  0  0  0  0  0  0  0  0  0  0  0  0  0  0  0  0  0  0  0  0  0  0  0  0  0  0  0  0  0  0  0  0  0  0  0  0  0  0  0  0  0  0  0  0  0  0  0  0  0  0  0  0  0  0  0  0  0  0  0  0  0  0  0  0  10  23  52  55  596  0  0  0  0  0  0  0  
0  0  18337  0  0  0  121  29  1922  340  3  0  0  0  0  0  4  0  0  7928  0  0  0  0  665  914  0  197  843  152121  0  0  0  0  0  2  0  0  0  0  81  0  0  20  396  38714  0  15  20  0  0  1  0  3  0  153702  0  101  0  0  1  0  0  0  13095  590  96665  12  1333  0  32507  0  1  0  0  0  2  0  0  0  0  0  0  0  1  0  0  0  0  0  0  0  0  1  0  0  0  0  0  0  0  0  0  51  0  0  0  0  0  0  0  0  0  0  0  0  0  0  0  8  0  0  0  0  0  0  0  0  0  0  0  0  0  0  0  0  0  0  10  0  0  0  0  0  0  0  0  0  0  189  0  1  170  11  0  0  0  0  0  0  
0  0  18494  38645  0  0  7  39  243  10  0  2  0  0  1  19  30  0  0  0  0  0  0  0  2  12980  125  0  3539  0  0  0  0  0  0  0  0  0  0  0  78  0  0  4  163105  4075  0  18  215  0  0  14  0  36  0  39  0  3  0  0  1  0  0  0  1  553  142774  284  95  0  95  0  3  0  0  0  0  0  0  0  0  0  0  0  0  0  0  0  0  0  0  0  0  0  0  0  0  0  0  0  0  0  0  0  0  0  0  0  0  0  0  0  0  0  0  0  0  0  0  0  0  0  0  0  0  0  0  0  0  0  0  0  0  0  0  0  0  0  0  0  0  0  0  0  0  0  0  0  0  51  3  1  337  18  0  0  0  0  0  0  
0  0  36910  29120  0  4  59  18091  63  4  0  4880  0  0  15098  18938  16  0  0  0  0  0  0  0  1  0  325  11991  0  0  0  0  0  0  0  0  0  0  0  0  9  0  0  0  133602  200  0  19  165  0  0  34  0  374  0  469  0  0  0  0  1  0  0  0  0  189  867  95433  128127  0  36  0  2  0  0  0  1  0  0  0  0  0  0  0  0  0  0  0  0  0  0  0  0  0  0  0  0  0  0  0  0  0  0  0  0  0  0  0  0  0  0  0  0  0  0  0  0  0  0  0  0  0  0  0  0  0  0  0  0  0  0  0  0  0  0  0  0  0  0  0  0  0  0  0  0  0  0  0  0  13086  0  0  1830  175  0  0  0  0  0  0  
0  0  7046  0  0  0  5  61  11470  12446  2977  0  0  0  0  2  0  0  4  121  0  511  0  0  27  2  187632  2  0  0  0  0  0  1  0  3  0  0  0  0  29  0  0  15242  17  47983  0  6  4  0  0  2  0  0  1  25175  2  179  0  0  4  0  0  0  87004  72  102  14  1  0  100308  0  25  0  0  0  7  0  0  0  0  19  892  6  920  0  0  0  0  0  0  0  0  18  0  22  0  0  0  0  0  0  0  16013  0  0  0  0  0  0  0  0  0  0  0  0  0  1  0  58  0  0  0  0  0  0  0  0  0  0  0  0  0  0  0  0  0  0  525  9  0  0  0  0  915  0  0  0  0  0  8  7  10  0  0  0  0  0  0  0  
20148  0  0  0  13936  581  0  0  0  0  0  0  0  0  0  5594  0  1  0  0  0  0  0  15370  0  0  0  0  0  0  0  8534  0  0  0  0  0  0  0  0  0  0  0  0  0  0  0  0  0  0  0  0  0  0  0  0  0  0  0  0  0  0  48924  16  0  0  0  0  0  46991  0  0  0  0  90  0  0  0  13  56  0  0  0  0  0  0  0  0  0  1394  0  0  0  0  0  0  0  547  0  0  0  0  0  0  6884  59  0  0  0  0  0  0  0  0  0  0  0  0  0  0  0  0  0  0  0  0  0  0  0  0  0  0  0  0  0  0  0  0  0  0  0  0  0  438  0  0  0  0  0  0  0  0  15  0  0  0  0  0  0  1  
23  0  0  0  1  18949  0  0  0  0  0  0  0  0  0  0  0  187  0  0  1  0  1  205  0  0  0  0  0  0  6668  0  0  0  0  0  0  0  0  0  0  0  0  0  0  0  311  0  1  0  0  3  1  0  0  0  0  0  0  0  0  0  28627  31  0  5381  0  0  0  10240  0  0  0  0  0  0  0  0  0  24  0  0  0  0  0  0  0  0  0  6  0  0  0  0  0  0  1  0  0  0  0  0  0  0  12  2424  0  0  0  0  0  0  0  0  0  0  0  0  0  0  0  0  0  0  0  0  0  0  0  0  0  0  0  0  0  0  0  0  0  531  0  0  0  2  0  0  0  0  102  45  89  2888  11483  4345  3  70  1  5  0  0  
0  0  0  2354  0  0  0  0  0  0  0  320  0  0  0  0  186  51  0  0  0  0  0  0  0  181  0  0  0  0  0  0  0  24822  96  7214  0  0  0  0  14945  0  2  1  0  0  0  52906  256  0  0  1  0  0  0  0  0  0  1  0  0  0  0  0  0  0  0  1  0  0  0  0  9386  50816  0  0  0  0  0  0  0  0  0  0  0  0  0  0  0  0  0  0  0  0  0  0  0  0  0  0  0  0  0  0  0  0  0  0  0  0  0  0  0  0  0  0  0  0  0  0  0  0  0  0  0  0  0  0  0  0  0  0  0  0  0  0  0  0  0  0  0  0  0  0  0  0  0  0  28  0  26  424  261  0  0  0  0  0  0  0  
0  394  0  352  0  0  0  0  0  0  0  422  43  51  0  0  2  5  131  0  50  0  2  155  13  8847  0  0  1  0  0  0  23135  0  81166  95217  130  32817  0  0  1886  0  33257  0  13  0  0  23362  81  3305  0  0  0  1  4  9  0  3  92  566  170  0  0  0  2  0  13  17  0  0  4  1876  102453  17723  0  0  0  0  0  0  0  0  0  0  0  0  0  0  0  0  0  0  0  0  0  0  0  0  0  0  0  0  0  0  0  0  0  0  0  0  0  0  0  0  0  0  0  0  0  0  0  0  0  0  0  0  0  0  0  0  0  0  0  0  0  0  0  0  0  0  0  0  0  0  0  0  0  0  35  0  1965  32  17  1  0  0  0  0  0  0  
0  324  0  1  0  0  0  0  0  0  0  150  90  12  0  0  16467  10594  83  0  30  0  18640  561  3  1  0  0  0  0  0  0  30  62405  0  5  74  346  0  1  58  0  37258  0  3  0  10  70942  19  137  0  0  0  0  0  4  0  1  64  202  68  0  44  0  0  0  1  2  0  0  2  496  14743  6  0  0  0  0  0  0  0  0  0  0  0  0  0  0  0  0  0  0  0  0  0  0  0  0  0  0  0  0  0  0  0  0  0  0  0  0  0  0  0  0  0  0  0  0  0  0  0  0  0  0  0  0  0  0  0  0  0  0  0  0  0  0  0  0  0  0  0  0  0  0  0  0  0  0  12696  0  1197  1  292  0  0  0  0  0  0  0  
0  3  0  158  0  0  1  0  2  0  0  28  0  0  1  0  0  0  2  0  0  0  4  0  65  41395  0  8  3  3  0  0  8803  98316  3  0  0  8  0  0  36821  0  69  2  134  0  0  881  1078  1  0  19  3  3  994  846  2  96  3  1  69  0  0  0  28  2  19609  79  1  0  121  3  32487  23538  0  0  0  0  0  0  0  0  0  0  0  0  0  0  0  0  0  0  0  0  0  0  0  0  0  0  0  0  0  0  0  0  0  0  0  0  0  0  0  0  0  0  0  0  0  0  0  0  0  0  0  0  0  0  0  0  0  0  0  0  0  0  0  0  0  0  0  0  0  0  0  0  0  0  88  3  162  215  158  0  0  0  0  0  0  0  
0  885  0  0  0  0  0  0  0  0  0  0  0  0  0  0  0  0  583  0  5346  0  1280  0  0  0  0  0  0  0  0  0  0  16  2  0  0  65574  0  0  1  0  23164  0  0  0  0  11  0  75202  0  0  0  0  0  0  0  0  23360  49800  602  0  0  0  0  0  0  0  0  0  0  164173  173  0  0  0  0  0  0  0  0  0  0  0  0  0  0  0  0  0  0  0  0  0  0  0  0  0  0  0  0  0  0  0  0  0  0  0  0  0  0  0  0  0  0  0  0  0  0  0  0  0  0  0  0  0  0  0  0  0  0  0  0  0  0  0  0  0  0  0  0  0  0  0  0  0  0  0  0  0  792  0  0  0  0  0  0  0  0  0  
0  303  0  0  0  0  0  0  0  0  0  0  0  0  0  0  1  0  123  0  58  0  6  0  35  59  0  0  0  0  0  0  0  32909  216  1  52991  0  0  0  15  0  9613  0  1  0  0  2756  1  8631  0  0  0  0  0  2  0  0  10033  13529  2140  0  0  0  0  0  2  1  0  0  0  150736  178426  6  0  0  0  0  0  0  0  0  0  0  0  0  0  0  0  0  0  0  0  0  0  0  0  0  0  0  0  0  0  0  0  0  0  0  0  0  0  0  0  0  0  0  0  0  0  0  0  0  0  0  0  0  0  0  0  0  0  0  0  0  0  0  0  0  0  0  0  0  0  0  0  0  0  0  3  0  881  1  2  0  0  0  0  0  0  0  
1318  0  0  0  139  45  0  0  0  0  0  8  27345  38759  5  5  0  10  0  0  0  0  0  3245  0  0  0  0  0  0  0  1  0  0  1  0  0  0  0  90  0  0  0  0  0  0  4153  0  16087  0  0  501  79  26  0  0  0  0  0  0  0  2369  472  6163  0  0  1  2  0  1  0  0  0  0  0  0  0  0  0  0  0  0  0  0  0  0  0  0  0  0  0  0  0  0  0  0  0  0  0  0  0  0  0  0  0  0  0  0  0  0  0  0  0  0  0  0  0  0  0  0  0  0  0  0  0  0  0  0  0  0  0  0  0  0  0  0  0  0  0  0  0  0  0  0  0  0  0  0  0  15  0  0  272  0  0  0  0  0  0  0  
170  0  0  0  33  1008  0  0  0  0  0  38292  0  28250  189  215  0  15  0  0  0  0  0  1  0  0  0  0  0  0  0  0  0  0  1  0  0  0  14  0  0  0  0  0  15  0  35  0  23037  0  0  2120  678  72  0  0  0  1  0  0  0  1  8  7  0  2  6  3484  0  0  0  0  0  0  0  0  0  0  0  0  0  0  0  0  0  0  0  0  0  0  0  0  0  0  0  0  0  0  0  0  0  0  0  0  0  0  0  0  0  0  0  0  0  0  0  0  0  0  0  0  0  0  0  0  0  0  0  0  0  0  0  0  0  0  0  0  0  0  0  0  0  0  0  0  0  0  0  0  0  55  0  0  279  0  0  0  0  0  0  0  
0  18  0  3685  0  6  2  11  47  5  0  202  0  1  4  2  7064  0  4  1  3  4  35  0  279  48518  99  601  89  12  0  0  12536  2741  16  35525  0  16  0  15  0  0  470  50  7733  48  0  52245  23096  4  5  101  1  12  271  1621  7  262  15  2  488  0  0  0  95  55  29140  1191  171  0  297  10  14892  18116  0  0  0  0  0  0  0  0  0  0  0  0  0  0  0  0  0  0  0  0  0  0  0  0  0  0  0  0  0  0  0  0  0  0  0  0  0  0  0  0  0  0  0  0  0  0  0  0  0  0  0  0  0  0  0  0  0  0  0  0  0  0  0  0  0  0  0  0  0  0  0  0  0  0  1289  26  5170  7194  9334  15  0  0  0  0  0  0  
0  38411  0  0  0  0  0  0  0  0  21305  0  0  0  0  0  0  0  27959  25074  1  38001  0  0  0  0  0  0  0  0  0  0  0  0  0  0  0  0  0  0  0  0  0  31574  0  0  0  0  0  0  2402  0  0  0  0  0  33018  33  8  0  68  0  0  0  2  0  0  0  0  0  0  0  12  0  0  0  0  0  0  0  0  0  0  0  1  0  0  0  0  0  0  0  0  0  0  1  0  0  0  0  0  0  0  0  0  0  0  0  0  0  0  0  0  0  0  0  0  0  0  0  0  0  0  0  0  0  0  0  0  0  0  0  0  0  0  0  0  0  0  0  0  0  0  0  0  0  0  0  0  0  0  0  0  0  0  0  0  0  0  0  
0  155  0  0  0  0  0  0  0  0  0  0  0  0  0  0  775  238  57  0  9  0  38764  146  1  1  0  0  0  0  0  0  1  35612  29740  0  24487  10100  0  0  27  0  0  0  1  0  0  6589  4  13897  0  0  0  1  0  1  0  2  35  230  82  0  6  0  0  0  2  0  0  0  0  6716  1140  2  0  0  0  0  0  0  0  0  0  0  0  0  0  0  0  0  0  0  0  0  0  0  0  0  0  0  0  0  0  0  0  0  0  0  0  0  0  0  0  0  0  0  0  0  0  0  0  0  0  0  0  0  0  0  0  0  0  0  0  0  0  0  0  0  0  0  0  0  0  0  0  0  0  0  41305  0  12879  7  13  0  0  0  0  0  0  0  
0  8920  0  0  0  0  42  0  2749  17374  105779  0  0  0  0  0  0  0  4871  14842  9  145626  16350  0  22  1  19  1  1  11753  0  0  0  0  0  11  0  0  0  0  58  26426  1  0  17  8  0  26  14  0  13247  5  0  0  1  1767  41240  15546  82  0  13629  0  0  0  55481  54  83  15  0  0  1434  0  302  0  0  0  0  0  0  0  0  0  0  0  7  0  0  0  0  0  0  0  0  0  0  36  0  0  0  0  0  0  0  0  0  0  0  0  0  0  0  0  0  0  0  0  0  0  0  0  0  0  0  0  0  0  0  0  0  0  0  0  0  0  0  0  0  0  1  0  0  0  0  0  0  0  0  0  0  4  4218  1210  31  1  0  0  1  1  0  0  
33  0  46872  55648  2  64  169  31643  1268  58  0  710  0  20  320  7456  323  0  1  0  0  0  1  0  146  5660  1451  167717  144414  14  0  0  5  2  0  139  0  0  0  64  1796  0  8  16  0  28458  9  471  13328  0  0  771  38  3055  17  1813  0  252  0  0  131  0  0  0  92  3026  139246  34069  70568  0  684  1  394  30  0  0  0  0  0  0  0  0  0  0  0  0  0  0  0  0  0  0  0  0  0  0  0  0  0  0  0  0  0  0  0  0  0  0  0  0  0  0  0  0  0  0  0  0  0  0  0  0  0  0  0  0  0  0  0  0  0  0  0  0  0  0  0  0  0  0  0  0  0  0  0  0  0  0  3  19906  26  29  18349  861  0  0  0  0  0  0  
0  0  40723  0  0  0  273  25189  21641  69  0  0  0  0  2  2509  1  0  0  8  0  0  0  0  17  4  52158  11105  2240  45735  0  0  0  0  0  19  0  0  0  0  63  0  0  44  35923  0  0  18  15  0  0  0  0  108  0  4447  0  78  0  0  5  0  0  0  447  1525  18554  8  1392  0  18560  0  31  0  0  0  3  0  0  0  0  26  209  0  0  0  0  0  0  1  0  0  0  0  0  0  0  0  0  0  0  0  0  850  0  0  0  0  0  0  0  0  0  0  0  0  0  0  0  4  0  0  0  0  0  0  0  0  0  0  0  0  0  0  0  0  0  0  0  3  0  0  0  0  126  0  0  0  0  1659  0  0  518  134  0  0  0  0  0  0  
9436  0  0  0  1817  1132  5  0  0  0  0  10  10805  2618  261  278  54  25569  0  0  0  0  63  42365  0  0  0  0  0  0  1  234  0  3  44  0  0  0  3181  24  0  0  4  0  0  0  0  25  17503  0  0  1069  2275  105  0  0  0  0  0  0  0  1077  6799  24679  0  7  0  5  0  6  0  0  0  0  0  0  0  0  0  0  0  0  0  0  0  0  0  0  0  0  0  0  0  0  0  0  0  0  0  0  0  0  0  0  0  0  0  0  0  0  0  0  0  0  0  0  0  0  0  0  0  0  0  0  0  0  0  0  0  0  0  0  0  0  0  0  0  0  0  0  0  0  0  0  0  0  0  0  29  82  0  0  54101  0  0  0  0  0  0  0  
0  812  0  32  0  0  2  2  17  18  0  44  0  0  1  1  55576  7601  247  0  89  0  8771  48  22  224  187  65  195  0  0  0  42367  25496  84549  291  110  683  0  0  29721  0  16396  7  951  59  4  0  317  361  0  10  0  1  13  601  2  9  247  326  160  0  4  0  2  23  9639  34  343  0  34  1128  81721  14289  0  0  0  0  0  0  0  0  0  0  0  0  0  0  0  0  0  0  0  0  0  0  0  0  0  0  0  0  0  0  0  0  0  0  0  0  0  0  0  0  0  0  0  0  0  0  0  0  0  0  0  0  0  0  0  0  0  0  0  0  0  0  0  0  0  0  0  0  0  0  0  0  0  0  10317  16  4700  14882  111015  108  0  0  0  0  0  0  
5943  1  1  30991  1007  3371  167  10  33  2  0  33139  343  21232  1569  1251  21058  38819  0  0  0  0  31  136  99  9969  227  1973  998  5  0  2  339  44  8  160  0  3  14167  21747  20402  0  18  10  33504  113  14736  1464  0  0  1  16898  6875  3841  23  510  0  156  0  0  385  1257  535  1955  42  173  8453  36372  8514  0  81  0  558  165  0  0  0  0  0  1  0  0  0  0  0  0  0  0  0  0  0  0  0  0  0  0  0  0  0  0  0  0  0  0  0  0  0  0  0  0  0  0  0  0  0  0  0  0  0  0  0  0  0  0  0  0  0  0  0  0  0  0  0  0  0  0  0  0  0  5  0  0  0  0  0  0  0  0  135  4070  471  249  126551  36  0  0  0  0  0  0  
0  195  0  0  0  0  0  0  0  0  0  0  0  0  0  0  0  0  56  0  12823  0  20530  0  0  0  0  0  0  0  0  0  0  3634  153  0  72767  6541  0  0  2  0  25524  0  0  0  0  1857  0  0  0  0  0  0  0  1  1  0  76  15715  26833  0  0  0  0  0  0  0  0  0  0  29777  1626  0  0  0  0  0  0  0  0  0  0  0  0  0  0  0  0  0  0  0  0  0  0  0  0  0  0  0  0  0  0  0  0  0  0  0  0  0  0  0  0  0  0  0  0  0  0  0  0  0  0  0  0  0  0  0  0  0  0  0  0  0  0  0  0  0  0  0  0  0  0  0  0  0  0  0  32  0  46424  0  0  0  0  0  0  0  0  0  
0  34097  0  0  0  0  0  0  0  0  0  0  0  0  0  0  0  0  426  1  9758  48689  0  0  36  0  0  0  0  2  0  0  0  0  0  0  0  0  0  0  2  984  0  9222  5  0  0  1  0  0  0  2  0  0  0  6  11633  338  187  0  24630  0  0  0  21  0  4  3  0  0  1  0  641  0  0  0  0  0  0  0  0  0  0  0  0  0  0  0  0  0  0  0  0  0  0  8  0  0  0  0  0  0  0  0  0  0  0  0  0  0  0  0  0  0  0  0  0  0  0  0  0  0  0  0  0  0  0  0  0  0  0  0  0  0  2  0  0  0  0  0  0  0  0  0  0  0  0  0  0  0  0  0  0  0  0  0  0  0  0  0  
20705  0  0  3  2135  9583  703  0  1  0  0  34483  45  61663  133307  1946  0  1  0  0  0  0  0  87  8  3  1  34  31  0  0  14  0  0  0  2  0  0  145  5152  5  0  0  0  679  0  5692  5  21759  0  0  0  56259  74832  1  9  0  11  0  0  0  11589  284  554  1  726  253  41709  19  2  5  0  10  0  0  0  0  0  0  6  0  0  0  0  0  0  0  0  0  0  0  0  0  0  0  0  0  0  0  0  0  0  0  0  0  0  0  0  0  0  0  0  0  0  0  0  0  0  0  0  0  0  0  0  0  0  0  0  0  0  0  0  0  0  0  0  0  0  0  10  0  0  0  0  0  0  0  0  0  8702  0  0  19441  40  0  3  0  0  0  0  
22008  0  0  0  27654  7731  50  0  0  0  0  19  4  111  184602  14543  0  2  0  0  0  0  0  0  0  0  0  0  0  0  0  1  0  0  0  0  0  0  18  91  1  0  0  0  19  0  2822  0  6153  0  0  55854  0  23654  0  1  0  0  0  0  0  7  4  44  0  703  4  70  1  3  0  0  0  0  0  0  0  0  0  60  0  0  0  0  0  0  0  0  0  0  0  0  0  0  0  0  0  0  0  0  0  0  0  0  0  0  0  0  0  0  0  0  0  0  0  0  0  0  0  0  0  0  0  0  0  0  0  0  0  0  0  0  0  0  0  0  0  0  0  97  0  0  0  0  0  0  0  0  0  13049  0  0  43704  3  0  22  0  0  0  0  
323  0  30  0  105  18258  30750  17530  114  0  0  7  0  4  97470  177662  0  0  0  0  0  0  0  0  1  2  5  27  1090  0  0  0  0  0  0  1  0  0  4  8  1  0  0  0  1473  100  258  0  2685  0  0  49162  24260  0  0  9  0  0  0  0  0  1  0  4  0  2413  146  26361  40024  1  15  0  1  0  0  0  0  0  0  0  0  0  0  0  0  0  0  0  0  0  0  0  0  0  0  0  0  0  0  0  0  0  0  0  0  0  0  0  0  0  0  0  0  0  0  0  0  0  0  0  0  0  0  0  0  0  0  0  0  0  0  0  0  0  0  0  0  0  0  6  0  0  0  0  0  0  0  0  0  136400  0  0  21381  33  0  0  0  0  0  0  
0  0  0  9  0  0  0  0  1  0  0  1  0  0  0  0  0  0  0  0  0  0  0  0  28701  44641  0  0  0  0  0  0  1  5  0  8732  0  0  0  0  262  0  3  0  4  0  0  36  36  0  0  2  0  0  0  8878  0  6  0  0  1  0  0  0  9  0  10684  3  0  0  19  0  13401  1  0  0  0  0  0  0  0  0  0  0  0  0  0  0  0  0  0  0  0  0  0  0  0  0  0  0  0  0  0  0  0  0  0  0  0  0  0  0  0  0  0  0  0  0  0  0  0  0  0  0  0  0  0  0  0  0  0  0  0  0  0  0  0  0  0  0  0  0  0  0  0  0  0  0  0  1  5  5  15  0  0  0  0  0  0  0  
2  15  0  66  0  8  371  28  9303  1404  0  10  0  4  13  4  15  0  20  15115  1  3  2  0  102096  10283  160391  45  717  20901  0  0  8  53  0  8735  2  2  0  9  6737  1  26  854  2295  6705  1  530  623  0  15  127  3  32  10725  0  117  45607  2  3  1873  0  0  0  32671  967  57548  2091  615  0  100928  2  38038  62  0  0  0  0  0  0  0  0  0  0  0  0  0  0  0  0  0  0  0  0  0  0  0  0  0  0  0  0  0  0  0  0  0  0  0  0  0  0  0  0  0  0  0  0  0  0  0  0  0  0  0  0  0  0  0  0  0  0  0  0  0  0  0  0  0  0  0  0  0  0  0  0  0  0  11  795  64  99  877  92  0  0  0  0  0  0  
0  19358  0  0  0  0  0  0  2  0  1626  0  0  0  0  0  0  0  132145  3676  275  12473  0  0  28  0  0  0  0  3  0  0  0  0  0  3  0  0  0  0  11  30113  1  50088  4  0  0  9  1  0  10008  1  0  0  1  7  0  7733  859  0  1378  0  0  0  5124  0  1  8  0  0  5  0  15351  2  0  0  0  0  0  0  0  0  0  0  0  0  0  0  0  0  0  0  0  0  0  0  0  0  0  0  0  0  0  0  0  0  0  0  0  0  0  0  0  0  0  0  0  0  0  0  0  0  0  0  0  0  0  0  0  0  0  0  0  0  0  0  0  0  0  0  0  0  0  0  0  0  0  0  0  1  4  5  0  0  0  0  0  0  0  0  
0  216  0  0  0  1  0  1  44  2  6071  4  0  1  2  0  5  0  60363  51366  13  231  2  0  14941  42  493  2  5  114  0  0  0  4  0  156  0  0  0  0  827  76  0  24982  500  7  0  56  197  0  133  51  0  6  25  31745  13668  0  26  0  1882  0  0  0  43867  11  431  1188  1  0  619  1  7601  6  0  0  0  0  0  0  0  0  0  0  0  0  0  0  0  0  0  0  0  0  0  0  0  0  0  0  0  0  0  0  0  0  0  0  0  0  0  0  0  0  0  0  0  0  0  0  0  0  0  0  0  0  0  0  0  0  0  0  0  0  0  0  0  0  0  0  0  0  0  0  0  0  0  0  0  26  10  11  160  0  0  0  0  0  0  0  
0  29454  0  0  0  0  0  0  0  0  0  0  0  0  0  0  1  1  55662  0  15608  172  7  0  8  0  0  0  0  0  0  0  0  106  10  2  26651  9196  0  0  16  22  89  85  1  0  0  416  1  39  524  2  0  0  0  5  1917  66  0  15206  17012  0  0  0  8  0  1  0  0  0  0  41742  29124  78  0  0  0  0  0  0  0  0  0  0  0  0  0  0  0  0  0  0  0  0  0  0  0  0  0  0  0  0  0  0  0  0  0  0  0  0  0  0  0  0  0  0  0  0  0  0  0  0  0  0  1  0  0  0  0  0  0  0  0  0  0  0  0  0  0  0  0  0  0  0  0  0  0  0  12  0  362  2  4  0  0  0  0  0  0  0  
0  9394  0  0  0  0  0  0  0  0  0  0  0  0  0  0  0  0  1314  0  57223  0  16  0  0  0  0  0  0  0  0  0  0  196  17  0  49297  9011  0  0  0  0  141  0  0  0  0  241  1  11568  0  0  0  0  0  1  0  0  18351  0  28819  0  0  0  0  0  0  0  0  0  0  23896  413  0  0  0  0  0  0  0  0  0  0  0  0  0  0  0  0  0  0  0  0  0  0  0  0  0  0  0  0  0  0  0  0  0  0  0  0  0  0  0  0  0  0  0  0  0  0  0  0  0  0  0  0  0  0  0  0  0  0  0  0  0  0  0  0  0  0  0  0  0  0  0  0  0  0  0  1  0  4649  0  0  0  0  0  0  0  0  0  
4  21883  0  10  1  13  3  0  26  1  1  12  0  7  13  8  0  0  4084  2  95848  94371  43600  0  526  39  4  19  4  4  0  0  2  679  41  26  934  394  0  12  192  81  558  11732  385  10  0  908  2306  32281  27939  212  10  20  1  1161  2394  1026  21432  35061  0  0  0  0  48  3  365  195  4  0  141  5667  25393  9  0  0  0  0  0  0  0  0  0  0  0  0  0  0  0  0  0  0  0  0  19  304  0  0  0  0  0  0  0  0  0  0  0  0  0  0  0  0  0  0  0  2  0  0  0  0  0  0  0  0  6  0  0  0  0  0  0  0  0  0  42  0  0  0  0  0  0  0  0  0  0  0  0  0  96  23  42239  86  98  1  0  0  0  1  0  0  
11320  0  0  0  11  22  0  0  0  0  0  2  10943  34304  15732  1  0  0  0  0  0  0  0  31639  0  0  0  0  0  0  0  1  0  0  0  0  0  0  1182  22  0  0  0  0  0  0  69  0  404  0  0  9831  9  0  0  0  0  0  0  0  0  0  23  10733  0  0  0  0  0  0  0  0  0  0  0  0  0  0  0  0  0  0  0  0  0  0  0  0  0  0  0  0  0  0  0  0  0  0  0  0  0  0  0  0  0  0  0  0  0  0  0  0  0  0  0  0  0  0  0  0  0  0  0  0  0  0  0  0  0  0  0  0  0  0  0  0  0  0  0  0  0  0  0  0  0  0  0  0  0  1  0  0  165  0  0  0  0  0  0  0  
2774  0  0  0  174  739  0  0  0  0  0  0  20  79  3  105  1369  30875  0  0  0  0  6816  84993  0  0  0  0  0  0  48906  27548  0  0  136  0  0  0  13  3  0  0  21  0  0  0  10058  35  288  0  0  113  8  2  0  0  0  0  0  0  0  72  0  15234  0  6  0  0  0  23770  0  0  0  0  0  0  0  0  0  0  0  0  0  0  0  0  0  0  0  0  0  0  0  0  0  0  0  2  0  0  0  0  0  0  12  7  0  0  0  0  0  0  0  0  0  0  0  0  0  0  0  0  0  0  0  0  0  0  0  0  0  0  0  0  0  0  0  0  0  3  0  0  0  0  0  0  0  0  6138  2  75  3388  47015  73  0  1  0  2  0  0  
18529  0  0  0  1167  2924  0  0  0  0  0  13  1918  8426  25  714  0  0  0  0  0  0  0  159442  0  0  0  0  0  0  11  162  0  0  0  0  0  0  1849  242  0  0  0  0  1  0  19933  0  4655  0  0  2846  120  7  0  0  0  0  0  0  0  24991  22240  0  0  0  0  2  0  3644  0  0  0  0  0  0  0  0  0  0  0  0  0  0  0  0  0  0  0  0  0  0  0  0  0  0  0  0  0  0  0  0  0  0  0  0  0  0  0  0  0  0  0  0  0  0  0  0  0  0  0  0  0  0  0  0  0  0  0  0  0  0  0  0  0  0  0  0  0  0  0  0  0  0  0  0  0  0  1  15  0  0  6613  3  0  0  0  0  0  0  
0  17  0  3  0  0  12  0  385  449  45734  1  0  0  0  0  3  0  1132  36463  1  2974  0  0  283  15  27550  1  4  92781  0  0  1  0  0  72  0  0  0  0  278  4  0  58307  81  36  0  30  51  0  17  13  0  3  9  38575  3001  32292  0  0  90  0  0  0  0  15  324  167  2  0  6831  0  943  1  0  0  0  0  0  0  0  0  0  0  146  0  0  0  0  0  0  0  0  30  0  1  0  0  0  0  0  0  0  985  0  0  0  0  0  0  0  0  0  0  0  0  0  0  0  0  0  0  0  0  0  0  0  0  0  0  0  0  0  0  0  0  0  0  615  0  0  0  0  0  1  0  0  0  0  7  3  3  70  2  0  0  0  0  0  0  
196  0  0  1  141  29267  24462  21344  61023  56881  2  0  0  2  122  174  0  0  0  2  0  1  2  1  4  10  165  57  673  169  0  9965  0  0  0  19  0  0  0  1  59  0  0  447  546  60  10  305  24  0  0  56  230  60  1  575  0  4  0  0  2  0  0  3  46  0  2798  7  686  4  1454  0  17  0  0  0  0  0  0  1797  6  310  194  29  1  0  0  0  0  0  0  0  0  0  0  0  0  0  0  0  0  0  0  0  0  427  0  0  0  0  0  0  0  0  0  0  0  2  0  0  0  0  0  0  0  1  0  1  0  0  0  0  0  0  0  0  0  0  0  14748  0  0  0  0  0  0  0  0  0  44915  159  800  11302  4120  0  270  12  0  0  1  
18  5  5241  1579  4  35  556  84  12146  1812  0  146  0  27  60  21  220  0  1  8  0  1  3  0  620  112158  95599  138911  943  40  0  0  7  15  0  25529  0  0  0  65  21136  1  7  117  116052  34644  6  4211  9030  0  3  1234  46  447  10213  51413  5  532  1  0  347  0  0  0  150  2741  0  7280  1655  0  11991  0  1009  24  0  0  0  0  0  0  0  0  0  0  0  0  0  0  0  0  0  0  0  0  0  0  0  0  0  0  0  0  0  0  0  0  0  0  0  0  0  0  0  0  0  0  0  0  0  0  0  0  0  0  0  0  0  0  0  0  0  0  0  0  0  0  0  0  0  0  0  0  0  0  0  0  0  0  2  777  44  112  18226  94  0  0  0  0  0  0  
136  0  0  16202  33  257  92  2  4  0  0  48364  1  66  37778  81  1  0  3  0  0  0  0  0  198  153  8  409  100594  9  0  0  5  11  6  87  0  0  2  4690  674  0  1  5  68910  3  61  411  29352  0  0  42947  236  33625  13  231  3  450  1  0  52  0  1  0  84  91  3147  0  7184  0  95  0  268  4  0  0  0  0  0  0  0  0  0  0  0  0  0  0  0  0  0  0  0  0  0  0  0  0  0  0  0  0  0  0  0  0  0  0  0  0  0  0  0  0  0  0  0  0  0  0  0  0  0  0  0  0  0  0  0  0  0  0  0  0  0  0  0  0  0  0  0  0  0  0  0  0  0  0  0  6473  17  34  6604  125  0  0  0  0  0  0  
0  0  2399  0  0  9  704  45879  161  1  0  1  0  0  11458  46830  37  0  0  0  0  0  0  0  1  2  368  231  111685  1  0  0  0  0  0  1  0  0  0  0  22  0  0  1  70560  1635  0  31  713  0  0  8  0  41328  0  668  0  3  0  0  1  0  0  0  0  188  1427  8450  0  0  46  0  0  0  0  0  0  0  0  0  0  0  0  0  0  0  0  0  0  0  0  0  0  0  0  0  0  0  0  0  0  0  0  0  0  0  0  0  0  0  0  0  0  0  0  0  0  0  0  0  0  0  0  0  0  0  0  0  0  0  0  0  0  0  0  0  0  0  0  0  0  0  0  0  0  0  0  0  0  50938  0  0  5456  144  0  0  0  0  0  0  
20356  0  0  0  4027  36499  0  0  0  0  0  0  0  0  0  25025  0  0  0  0  0  0  0  11310  0  0  0  0  0  0  43180  14237  0  0  0  0  0  0  0  0  0  0  0  0  0  0  26  0  0  0  0  0  0  0  0  0  0  0  0  0  0  1  16456  4175  0  0  0  0  0  0  0  0  0  0  0  0  0  0  0  211  0  0  0  0  0  0  0  0  0  597  0  0  0  0  0  0  0  0  0  0  0  0  0  0  442  13  0  0  0  0  0  0  0  0  0  0  0  0  0  0  0  0  0  0  0  0  0  0  0  0  0  0  0  0  0  0  0  0  0  4  0  0  0  185  0  0  0  0  0  0  0  0  5477  69  0  0  0  0  0  0  
0  3  4  4  0  8  934  128  47065  173  17  0  0  0  0  4  3  0  4  411  0  0  0  0  142  87  38556  170  410  101341  0  0  0  1  0  285  0  0  0  0  569  0  3  895  813  14381  0  70  47  0  0  2  0  8  59  76284  3  829  0  0  91  0  0  0  9636  770  14175  61  336  0  0  0  479  1  0  0  0  0  0  0  0  27  979  1  38  0  0  0  0  0  0  0  0  0  0  1  0  0  0  0  0  0  0  1534  0  0  0  0  0  0  0  0  0  0  0  0  0  0  0  1  0  0  0  0  0  0  0  0  0  0  0  0  0  0  0  0  0  0  1  38  0  0  0  0  923  0  0  0  0  278  1  3  240  31  0  0  0  0  0  0  
0  20839  0  0  0  0  0  0  0  0  0  0  0  0  0  0  0  0  10154  0  1847  0  32  0  0  0  0  0  0  0  0  0  0  1551  26  1  171360  156849  0  0  6  0  9808  1  0  0  0  663  1  31632  0  0  0  0  0  1  0  0  34565  26282  4444  0  0  0  0  0  0  0  0  0  0  0  14677  6  0  0  0  0  0  0  0  0  0  0  0  0  0  0  0  0  0  0  0  0  0  0  0  0  0  0  0  0  0  0  0  0  0  0  0  0  0  0  0  0  0  0  0  0  0  0  0  0  0  0  0  0  0  0  0  0  0  0  0  0  0  0  0  0  0  0  0  0  0  0  0  0  0  0  6  0  1389  0  0  0  0  0  0  0  0  0  
5  3844  0  114  1  12  11  0  74  5  0  55  0  9  22  5  2  0  36869  2  1219  304  182  0  140437  14135  10  28  15  32  0  0  1988  104677  17779  44561  505  191796  0  16  20498  52  4126  440  3145  13  4  90496  3924  5558  2001  310  13  55  19131  22434  8810  15050  24343  2398  42589  0  0  0  496  13  1913  1791  25  0  639  17251  0  34771  0  0  0  0  0  0  0  0  0  0  0  0  0  0  0  0  0  0  0  0  0  0  0  0  0  0  0  0  0  0  0  0  0  0  0  0  0  0  0  0  0  0  0  0  0  0  0  0  0  0  0  0  0  0  0  0  0  0  0  0  0  0  0  0  0  0  0  0  0  0  0  0  0  0  573  146  5772  2313  1497  7  0  0  0  0  0  0  
0  0  0  28  0  0  0  0  1  0  0  0  0  0  0  0  0  1  0  0  0  0  7  0  7  33  0  0  0  0  0  0  52072  12497  5  23246  0  1  0  0  15336  0  96  1  20  0  0  19309  82  1  0  3  0  0  1  25  1  3  4  1  27  0  0  0  1  1  18  7  0  0  7  1  29389  0  0  0  0  0  0  0  0  0  0  0  0  0  0  0  0  0  0  0  0  0  0  0  0  0  0  0  0  0  0  0  0  0  0  0  0  0  0  0  0  0  0  0  0  0  0  0  0  0  0  0  0  0  0  0  0  0  0  0  0  0  0  0  0  0  0  0  0  0  0  0  0  0  0  0  665  1  238  628  153  3  0  0  0  0  0  0  
0  0  0  0  3  0  0  0  0  0  0  0  0  0  0  1  0  0  0  0  0  0  0  0  0  0  0  0  0  0  876  0  0  0  0  0  0  0  0  0  0  0  0  0  0  0  0  0  0  0  0  0  0  0  0  0  0  0  0  0  0  0  0  0  0  0  0  0  0  1  0  0  0  0  0  0  0  0  64799  16732  0  0  0  0  0  0  0  302  12113  31816  0  0  0  0  0  0  0  55984  0  0  0  0  0  0  2420  57  0  0  0  0  0  0  3  0  0  0  0  0  1  0  981  0  3  0  0  4372  9805  41  0  0  0  0  0  0  0  23692  539  3168  0  8  0  0  0  15802  0  0  0  0  0  0  0  0  0  0  0  17261  0  0  9760  0  
0  0  0  0  0  0  0  0  0  0  0  0  0  0  0  0  0  0  0  0  0  0  0  0  0  0  0  0  0  0  0  0  0  0  0  0  0  0  0  0  0  0  0  0  0  0  0  0  0  0  0  0  0  0  0  0  0  0  0  0  0  0  0  0  0  0  0  0  0  0  0  0  0  0  0  0  0  11  0  0  0  0  0  0  0  0  0  0  0  0  0  0  58199  0  83708  162  13  0  15  0  0  0  0  0  0  0  0  0  0  0  6506  1353  0  0  0  19753  24  244  1  0  0  7  0  23  26760  0  0  0  0  11  23315  140  43496  40494  22598  0  0  0  5  0  0  0  0  0  0  1021  10102  0  0  0  0  0  0  0  5  0  88  5  1  0  
0  0  513  0  0  0  0  0  0  0  0  0  0  0  0  50  0  0  0  0  0  0  0  0  0  0  0  0  0  2  0  0  0  0  0  0  0  0  0  0  0  0  0  0  0  4  0  0  0  0  0  0  0  0  0  0  0  0  0  0  0  0  0  0  0  0  0  0  0  0  0  0  0  0  0  0  0  0  0  0  1  953  0  0  0  0  0  0  0  30840  0  0  0  0  0  0  0  0  0  0  9002  26955  21393  8002  0  0  0  0  0  0  0  0  0  0  0  0  0  0  37521  42291  0  0  0  0  0  0  0  2  0  3  0  0  0  0  0  0  0  0  0  0  9285  0  1299  0  0  0  0  0  0  0  0  0  0  0  0  0  0  0  0  0  
0  0  0  0  0  0  0  0  0  0  0  0  0  0  0  0  0  0  0  0  0  0  0  0  0  0  0  0  0  0  0  0  0  0  0  0  0  0  0  0  0  0  0  0  0  0  0  0  0  0  0  0  0  0  0  0  0  0  0  0  0  0  0  0  0  0  0  0  0  0  0  0  0  0  0  0  0  0  5  3  2  0  71  6  0  40118  0  48  9  0  10  9  11  0  0  0  1  0  115  53359  1  21868  17595  0  0  0  155  205  13  40  0  0  0  81  44628  0  0  7  29758  1  0  467  39137  0  0  10  5  40  398  184  2  16  0  0  10  0  0  0  25  3  1199  8096  4  0  104  0  369  61  0  0  0  0  0  0  2  5  16  45  2172  8  
0  0  0  0  37  3  0  0  0  0  0  0  0  0  0  51  0  0  0  0  0  0  0  0  0  0  0  0  0  0  15  0  0  0  0  0  0  0  0  0  0  0  0  0  0  0  0  0  0  0  0  0  0  0  0  0  0  0  0  0  0  0  0  0  0  0  0  0  0  1  0  0  0  0  49833  0  0  0  0  33525  5  0  0  0  0  14  0  427  26277  99028  0  0  0  0  0  0  0  45  0  0  0  0  0  0  2  5  0  0  0  0  0  0  39  66  0  0  0  0  4  0  202  0  59  0  0  898  48071  475  0  0  0  0  0  0  0  5  40  493  0  172  0  4  0  1115  0  0  0  0  0  0  0  0  0  0  0  3831  0  0  2901  0  
35  0  0  0  15  2720  2  0  0  0  0  0  0  2  11  755  0  0  0  0  0  0  0  0  0  0  0  0  0  0  99  19  0  0  0  0  0  0  2  0  0  0  0  0  0  0  3  0  1  0  0  9  33  0  0  0  0  0  0  0  0  1  0  2  0  2505  0  0  0  263  0  0  0  0  28995  0  0  0  70733  0  33446  4  0  0  0  28  0  833  5533  134910  0  0  0  0  0  0  0  1363  1  0  0  0  0  0  297  17288  0  0  0  0  0  0  151  167  1  0  0  0  80  0  985  0  138  0  0  6197  2500  51621  0  1  0  0  0  0  0  54  3804  2523  0  63646  2  94  11  9010  0  0  0  0  0  44  0  0  3184  479  0  107982  0  0  22356  0  
0  0  0  0  0  145  2844  1191  4  0  0  0  0  0  0  281  0  0  0  0  0  0  0  0  0  0  0  0  0  0  0  0  0  0  0  0  0  0  0  0  0  0  0  0  0  0  0  0  0  0  0  0  0  0  0  0  0  0  0  0  0  0  0  0  0  19  0  0  0  0  0  0  0  0  0  0  0  0  1  36846  0  38168  1012  0  0  0  0  0  16  118686  0  0  0  0  0  0  0  0  1  0  1  17  160  0  0  0  0  0  0  0  0  0  0  0  0  0  0  0  2149  78  0  0  2  0  0  305  12  26022  2  9  0  0  0  0  0  0  0  0  0  27932  238  511  653  0  13  0  0  0  0  1  0  0  0  0  0  3357  0  0  257  0  
0  0  11  0  0  1  334  3199  1155  0  0  0  0  0  0  181  0  0  0  0  0  0  0  0  0  0  0  0  0  14  0  0  0  0  0  0  0  0  0  0  0  0  0  0  0  13  0  0  0  0  0  0  0  0  0  0  0  0  0  0  0  0  0  0  0  76  0  0  0  0  37  0  0  0  0  0  132  0  0  0  44620  0  26608  1  0  0  0  0  4  70780  0  0  0  0  0  0  0  0  1  2  2  172  13657  0  0  0  0  0  0  0  0  0  0  0  5  0  0  0  16234  30414  0  2  3  0  0  11  0  30055  4  49  0  1  0  0  0  0  0  0  0  25518  1060  94  34039  0  109  0  3  0  0  0  0  0  0  0  0  602  0  3  422  14  
0  0  4  0  0  0  0  203  12922  48  7  0  0  0  0  19  0  0  0  0  0  0  0  0  0  0  0  0  0  1825  0  0  0  0  0  0  0  0  0  0  0  0  0  0  0  155  0  0  0  0  0  0  0  0  0  0  0  0  0  0  0  0  0  0  0  181  1  0  0  0  1640  0  0  0  0  0  2  8  0  0  1382  15811  0  16734  0  7  0  0  0  41  0  0  21  0  0  10  0  0  48  4  59  201  761  8298  0  0  0  3  0  0  0  0  0  1  14  0  0  1361  791  22194  0  18  14  0  0  3  0  157  92  820  3  61  0  0  2  0  0  0  2763  35457  2077  14  188  0  33458  0  457  0  0  0  0  30  34  0  0  32  151  10  81  0  
0  0  0  0  0  0  0  0  558  188  9  0  0  0  0  0  0  0  0  0  0  8  1  0  0  0  0  0  0  4  0  0  0  0  0  0  0  0  0  0  0  0  0  1  0  0  0  0  0  0  0  0  0  0  0  0  0  0  0  0  0  0  0  0  1  21  1  0  0  0  0  0  0  0  0  0  0  9  0  0  4  33  19135  0  14  2  0  0  0  0  0  0  59  0  0  1128  1748  0  60  5  11  3  12  14218  0  0  0  0  0  0  0  0  0  1  90  0  0  27289  9  2  0  4  1  0  0  0  0  1  18  261  1  97  0  0  0  0  0  0  4149  28955  34  1  3  0  1206  0  113  0  0  0  0  553  109  1  0  1  16799  325  98  0  
0  0  0  0  0  0  0  0  2  2  13466  0  0  0  0  0  0  0  0  402  0  5  0  0  0  0  3  0  0  382  0  0  0  0  0  0  0  0  0  0  0  3  0  7  0  0  0  0  0  0  0  0  0  0  0  0  0  0  0  0  0  0  0  0  258  2  0  0  0  0  8  0  0  0  0  0  0  0  0  0  0  0  4  28  0  0  0  0  0  0  0  0  0  92029  0  21557  0  0  0  0  11  0  0  4620  0  0  0  0  0  0  0  0  0  0  0  39427  0  106051  0  0  0  0  0  0  13  0  0  0  0  1  17  5822  0  0  150  0  0  0  73582  0  0  0  0  0  0  0  0  0  0  0  0  0  0  0  0  0  0  0  0  0  
0  0  0  0  0  0  0  0  0  0  0  0  0  0  0  0  0  0  0  0  0  0  0  0  0  0  0  0  0  0  0  0  0  0  0  0  0  0  0  0  0  0  0  0  0  0  0  0  0  0  0  0  0  0  0  0  0  0  0  0  0  0  0  0  0  0  0  0  0  0  0  0  0  0  2  0  0  59785  138  88  1  0  0  0  0  0  4  16071  274  0  18  874  0  0  0  0  0  0  5  93  0  4  3013  0  0  0  3  35  96  0  0  0  230  26984  61  0  0  0  4598  0  59  4  38267  0  0  32991  166  36  10  4  0  1  0  0  0  0  0  0  0  2  27  64546  5  0  1  0  8  0  0  0  0  0  0  0  0  257  0  0  10203  0  
0  0  0  0  0  0  0  0  0  0  0  0  0  0  0  0  0  0  0  0  0  0  0  0  0  0  0  0  0  0  0  0  0  0  0  0  0  0  0  0  0  0  0  0  0  0  0  0  0  0  0  0  0  0  0  0  0  0  0  0  0  0  0  0  0  0  0  0  0  0  0  0  0  0  0  0  0  0  0  0  0  0  0  0  0  2  0  28878  0  0  1  47  0  0  0  0  0  43237  0  0  0  0  0  0  0  0  0  7  14  0  0  0  20128  0  0  0  1  0  0  0  3781  8  0  0  0  14  0  0  0  0  0  0  0  0  0  8971  0  420  0  0  0  0  0  0  0  0  0  0  0  0  0  0  0  0  0  0  0  0  0  0  
0  0  0  0  0  0  0  0  0  0  0  0  0  0  0  0  0  0  0  0  0  0  0  0  0  0  0  0  0  0  0  0  0  0  0  0  0  0  0  0  0  0  0  0  0  0  0  0  0  0  0  0  0  0  0  0  0  0  0  0  0  0  0  0  0  0  0  0  0  0  0  0  0  0  385  0  0  151  511  403  0  0  0  0  0  19108  21631  0  9573  0  0  10  0  0  0  0  0  578  0  0  0  0  7  0  0  0  0  23  5  0  0  0  42515  12571  0  0  0  0  4  0  885  1  260  0  0  58287  2149  53  0  0  0  0  0  0  0  28780  1  1581  0  5  0  22  0  0  0  0  0  0  0  0  0  0  0  0  0  195  0  0  606  0  
0  0  0  0  0  0  0  0  0  0  0  0  0  0  0  0  0  0  0  0  0  0  0  0  0  0  0  0  0  0  0  0  0  0  0  0  0  0  0  0  0  0  0  0  0  0  0  0  0  0  0  0  0  0  0  0  0  0  0  0  0  0  0  0  0  0  0  0  0  0  0  0  0  0  14437  0  0  4  22445  6512  28  7  3  0  0  151  0  8792  0  12774  0  0  0  0  0  0  0  5916  0  3  1  27  16423  0  0  0  0  0  0  0  0  0  18  21  4  0  0  0  1084  1  51  0  53  0  0  167982  155689  104737  19  9  0  0  0  0  0  34121  1  1  0  89  114  53865  31339  0  2  0  9  0  0  0  0  0  0  0  0  2174  0  0  2323  2  
1  0  149  0  284  168  307  1  0  0  0  0  0  0  0  4763  0  0  0  0  0  0  0  0  0  0  0  0  0  0  3045  6  0  0  0  0  0  0  0  0  0  0  0  0  0  0  0  0  0  0  0  0  0  0  0  0  0  0  0  0  0  0  1  0  0  0  0  0  0  699  0  0  0  0  31122  0  28777  0  110981  146744  102636  95411  7  0  0  0  0  0  12246  0  0  0  0  0  0  0  0  4142  0  0  0  457  15126  0  16059  10106  0  0  0  0  0  0  0  0  0  0  0  0  5147  9521  9  0  0  0  0  32  10  159923  0  0  0  0  0  0  0  1  2070  673  0  578  946  138  29924  54904  0  0  1  0  0  0  0  0  0  0  0  1684  0  0  275  0  
0  0  0  0  0  0  0  0  0  0  0  0  0  0  0  0  0  0  0  0  0  0  0  0  0  0  0  0  0  0  0  0  0  0  0  0  0  0  0  0  0  0  0  0  0  0  0  0  0  0  0  0  0  0  0  0  0  0  0  0  0  0  0  0  0  0  0  0  0  0  0  0  0  0  0  0  0  47  0  0  11  5  4  0  0  16  4  0  160  1  0  57552  0  0  0  0  10200  144  3  10  1  42  2  0  0  0  44  5  14587  1  0  0  1  0  12685  0  1944  1  783  2  28  47586  26975  0  0  36  0  455  25  19  0  0  0  0  0  0  8  0  1  0  173  325  9  0  6  0  32  1  0  0  0  0  0  0  4904  60  2  323  38030  5  
0  0  0  0  0  0  0  0  0  0  0  0  0  0  0  0  0  0  0  0  0  0  0  0  0  0  0  0  0  0  0  0  0  0  0  0  0  0  0  0  0  0  0  0  0  0  0  0  0  0  0  0  0  0  0  0  0  0  0  0  0  0  0  0  0  0  0  0  0  0  0  0  0  0  0  0  0  36  0  0  5  2  7  0  0  678  128  38  131  1  33216  0  0  0  0  0  27349  8606  2  4  0  15  3  0  0  4  3  19  10588  0  0  0  110  10  14  0  127  0  379  0  25691  2412  46429  0  0  30  1  425  19  12  0  0  0  0  0  0  30  0  1  0  125  285  4  0  10  0  14  1  0  0  0  0  0  0  5988  20  0  57  63212  5  
0  0  0  0  0  0  0  0  0  0  0  0  0  0  0  0  0  0  0  0  0  0  0  0  0  0  0  0  0  0  0  0  0  0  0  0  0  0  0  0  0  0  0  0  0  0  0  0  0  0  0  0  0  0  0  0  0  0  0  0  0  0  0  0  0  0  0  0  0  0  0  0  0  0  0  54068  0  6  0  0  1  0  11  3  0  2  0  1  0  0  0  0  0  3681  779  267  0  0  20976  6  5  0  0  1  0  0  0  2  0  0  0  149  1  2  4  27461  0  195  14  0  0  2  28  0  1860  0  0  2  5  763  109759  59783  30515  49  398  0  0  0  378  0  3  3  0  0  59  144  31080  0  0  0  0  0  0  0  0  0  2  4  49  0  
0  0  0  0  0  0  0  0  0  0  44  0  0  0  0  0  0  0  0  113  0  0  0  0  0  0  0  0  0  10  0  0  0  0  0  0  0  0  0  0  0  0  0  0  0  0  0  0  0  0  0  0  0  0  0  0  0  0  0  0  0  0  0  0  9  0  0  0  0  0  0  0  0  0  0  4  0  0  0  0  0  0  7  0  86866  0  0  0  0  0  0  0  2257  0  0  1223  0  0  267  0  25471  0  0  212  0  0  0  0  0  0  0  0  0  0  0  26170  0  10272  1  1  0  0  0  0  187  0  0  0  0  11243  20652  83168  2  0  489  0  0  0  32033  0  4  0  0  0  158  0  9  0  0  0  0  0  0  0  0  0  0  0  1  0  
0  3  0  0  0  0  0  0  0  0  0  0  0  0  0  0  0  0  0  0  116  303  55  0  0  0  0  0  0  0  0  0  0  0  0  0  1  0  0  0  0  0  0  0  0  0  0  0  0  0  1  0  0  0  0  0  0  0  2  0  84  0  0  0  0  0  0  0  0  0  0  0  0  0  0  74549  0  1  0  0  0  0  0  0  0  0  0  0  0  0  0  0  447  1  0  5756  4828  0  2  0  0  0  0  0  0  0  0  0  0  0  566  118  0  0  1  26394  9  51  0  0  0  1  0  32374  37216  0  0  0  0  3  1061  32  2269  41527  107801  0  0  0  1  0  0  0  0  0  0  84  1749  0  0  0  8  0  0  0  0  0  34  152  0  0  
0  21  0  0  0  0  0  0  11  4  11834  0  0  0  0  0  0  0  0  12  123  4985  34  0  0  0  0  0  0  10  0  0  0  0  0  0  1  0  0  0  0  0  0  21  0  0  0  0  0  0  42  0  0  0  0  0  0  0  0  0  334  0  0  0  1  2  0  0  0  0  0  0  0  0  0  83  0  6  0  0  0  0  38  1705  11747  0  0  0  0  0  0  0  11  1072  7619  0  19223  0  0  0  0  0  0  157  0  0  0  0  0  0  0  0  0  0  7  72219  0  149607  0  0  0  0  3  0  23967  0  0  0  0  0  652  1409  121  1  117419  0  0  0  746  0  0  0  0  0  0  4  48  0  0  0  4  4  0  0  0  0  5330  245  1  0  
0  0  0  0  0  1  0  0  0  0  0  0  0  0  0  0  0  0  0  0  0  0  1  0  0  0  0  0  0  0  0  1  0  0  0  0  0  0  0  0  0  0  0  1  0  0  0  0  0  0  0  0  0  0  0  0  0  0  0  0  0  0  0  0  0  0  0  0  0  0  0  0  0  0  0  20  0  9  0  0  0  0  2  2001  0  0  0  0  0  0  14260  42705  0  0  4864  13275  0  13576  1  1  0  0  0  1  7  104  0  6  25357  1  1906  19  0  1  17  0  48096  13002  0  0  975  3958  2  22945  0  0  0  0  1  3  0  1  15  8  51967  0  15783  0  48  0  0  0  0  0  0  12  3298  0  0  0  1  2  0  0  34121  4449  66821  780  26734  3120  
0  0  0  0  0  0  0  0  0  0  0  0  0  0  0  0  0  0  0  0  0  0  0  3  0  0  0  0  0  0  515  1  0  0  0  0  0  0  0  0  0  0  0  0  0  0  0  0  0  0  0  0  0  0  0  0  0  0  0  0  0  0  1  0  0  0  0  0  0  0  0  0  0  0  58728  0  0  0  78  503  0  0  0  0  0  0  44623  2384  4832  3075  134  10871  0  0  0  0  13863  0  0  0  0  0  0  0  13172  1035  0  2  655  0  0  0  528  0  0  0  77  0  0  0  52042  7  0  0  0  131  5  3  0  0  0  0  0  0  0  52830  69574  106214  0  1  0  0  0  5606  0  0  0  0  0  0  0  0  0  0  43  4897  0  0  22662  1  
0  0  0  0  0  0  0  0  0  0  0  0  0  0  0  0  0  0  0  0  0  0  0  0  0  0  0  0  0  0  0  0  0  0  0  0  0  0  0  0  0  0  0  0  0  0  0  0  0  0  0  0  0  0  0  0  0  0  0  0  0  0  0  0  0  0  0  0  0  0  0  0  0  0  0  12  0  105  0  2  0  2  293  17  0  17  0  8  5  0  0  0  23957  257  1  1  4  0  0  20772  923  2  2  4  0  0  0  77  1  0  0  579  0  6  75  0  6  32  240  0  0  49  257  4  5  9  6  33  62434  112252  23  5772  325  16  373  0  0  0  541  7  103  55  7  0  509  15  142602  0  0  0  0  0  0  0  79  7  263  15  620  0  
0  0  0  0  0  0  0  0  0  0  0  0  0  0  0  0  0  0  0  0  0  0  0  0  0  0  0  0  0  0  0  0  0  0  0  0  0  0  0  0  0  0  0  0  0  0  0  0  0  0  0  0  0  0  0  0  0  0  0  0  0  0  0  0  0  0  0  0  0  0  0  0  0  0  0  0  0  45511  1  3  9  0  135  7  0  296  0  1  30  0  2  1  7  0  0  0  1  0  24340  0  119  17330  4  0  0  0  109  16565  0  76830  0  0  0  21  34122  0  0  2  17382  4  0  520  4118  0  0  18  3  192  68024  3054  0  22  1  0  0  0  0  0  13  4  87187  183  11  0  154  0  16475  649  0  0  0  0  0  0  3  22  40  192  1979  4  
0  0  0  0  0  0  0  0  0  0  0  0  0  0  0  0  0  0  0  0  0  0  0  0  0  0  0  0  0  0  0  0  0  0  0  0  0  0  0  0  0  0  0  0  0  0  0  0  0  0  0  0  0  0  0  0  0  0  0  0  0  0  0  0  0  0  0  0  0  0  0  0  0  0  0  0  10682  0  0  0  2  3  294  3  0  0  0  0  0  0  0  0  31  20426  0  1  0  0  827  387  0  65  4  103638  0  0  0  0  0  0  0  0  0  0  1  0  0  13  30  24508  0  1  1  0  0  0  0  1  22  200206  4  819  2  0  0  0  0  0  12721  2  38296  0  0  0  18029  0  250  0  0  0  0  0  0  0  0  1  0  0  10  0  
0  0  1  0  0  0  0  0  0  0  0  0  0  0  0  1  0  0  0  0  0  0  0  0  0  0  0  0  0  0  0  0  0  0  0  0  0  0  0  0  0  0  0  0  0  0  0  0  0  0  0  0  0  0  0  0  0  0  0  0  0  0  0  0  0  0  0  0  0  0  0  0  0  0  0  0  26979  25036  0  0  30  146  80  0  0  9  0  0  43  88  1  0  0  0  0  0  0  0  4  21172  104  0  3241  0  0  0  0  1  0  0  0  0  0  3  40  0  0  0  159882  5189  0  1  108  0  0  4  0  228  13  51  0  0  0  0  0  0  0  0  0  0  140831  86  93  0  18  0  27  0  0  0  0  0  0  0  0  43  0  0  341  4  
0  0  2  0  0  0  0  0  0  0  0  0  0  0  0  0  0  0  0  0  0  0  0  0  0  0  0  0  0  0  0  0  0  0  0  0  0  0  0  0  0  0  0  0  0  0  0  0  0  0  0  0  0  0  0  0  0  0  0  0  0  0  0  0  0  0  0  0  0  0  0  0  0  0  0  0  29260  18676  0  0  89  14328  152  0  0  482  0  9  18283  15986  0  0  0  0  0  0  0  0  0  0  0  4155  0  0  0  0  0  0  0  0  0  0  0  5  2  0  0  0  152811  275  0  1  54  0  0  14  0  422  0  4  0  0  0  0  0  0  0  0  0  3  371  92540  83610  0  9  0  2  0  0  0  0  0  0  0  1  496  0  2  2404  120  
0  0  25  0  0  0  0  0  192  4  323  0  0  0  0  0  0  0  0  0  0  14  0  0  0  0  15  0  0  9331  0  0  0  0  0  0  0  0  0  0  0  0  0  2  0  171  0  0  0  0  0  0  0  0  0  0  0  0  0  0  0  0  0  0  648  1  0  0  0  0  1410  0  0  0  0  0  9399  0  0  0  0  0  9437  15073  3245  0  0  0  0  0  0  0  14  682  0  257  0  0  26  0  127413  0  2  0  0  0  0  0  0  0  0  0  0  0  1  0  0  2222  8  37890  0  0  3  0  0  0  0  1  4  15609  0  34  0  0  0  0  0  0  95026  10  19  0  0  0  74364  0  27  0  0  0  0  0  0  0  0  0  0  0  2  0  
0  0  0  0  0  10  0  0  0  0  0  0  0  0  0  4  0  0  0  0  0  0  0  17  0  0  0  0  0  0  5085  11  0  0  0  0  0  0  0  0  0  0  0  0  0  0  0  0  0  0  0  0  0  0  0  0  0  0  0  0  0  0  3  0  0  0  0  0  0  100  0  0  0  0  1605  0  0  0  0  427  0  0  0  0  0  0  0  0  0  12746  1  16  0  0  0  0  184  11509  0  0  0  0  0  0  0  27294  0  0  0  0  0  0  0  0  0  0  0  0  0  0  2  0  0  0  0  0  0  0  0  0  0  0  0  0  0  0  67157  2  0  5  0  0  0  32145  0  0  0  0  0  0  0  0  0  0  26  3  0  7  8571  0  
1  0  0  0  0  84  0  0  0  0  0  0  0  0  0  2  0  0  0  0  0  0  0  0  0  0  0  0  0  0  24  4990  0  0  0  0  0  0  0  0  0  0  0  0  0  0  0  0  0  0  0  0  0  0  0  0  0  0  0  0  0  0  1  0  0  58  0  0  0  21  0  0  0  0  15  0  0  0  0  10268  0  0  0  0  0  0  0  0  0  5015  0  55  0  0  0  0  507  480  0  0  0  0  0  0  19318  0  0  0  1  0  0  0  0  0  0  0  0  0  0  0  55  0  0  0  0  2  0  0  0  0  0  0  0  0  0  3  33652  27  0  10571  0  0  0  1274  0  0  0  0  0  0  0  7  11  723  863  18721  161  292  16144  1776  
0  0  0  0  0  0  0  0  0  0  0  0  0  0  0  0  0  0  0  0  0  0  0  0  0  0  0  0  0  0  0  0  0  0  0  0  0  0  0  0  0  0  0  0  0  0  0  0  0  0  0  0  0  0  0  0  0  0  0  0  0  0  0  0  0  0  0  0  0  0  0  0  0  0  0  0  0  220  0  0  0  0  0  0  0  21  0  0  0  0  54  12  0  0  0  0  0  0  1  111  0  0  0  0  0  0  0  14854  5273  109  0  0  0  0  22039  0  0  0  0  0  0  32637  6  0  0  0  0  0  1  0  0  0  0  0  0  0  0  0  0  1  0  1  0  0  0  0  30226  35726  0  0  0  0  0  0  4  0  3  124  46  0  
0  0  0  0  0  0  0  0  0  0  0  0  0  0  0  0  0  0  0  0  0  0  0  0  0  0  0  0  0  0  0  0  0  0  0  0  0  0  0  0  0  0  0  0  0  0  0  0  0  0  0  0  0  0  0  0  0  0  0  0  0  0  0  0  0  0  0  0  0  0  0  0  0  0  0  2  0  310  0  0  0  0  2  2  0  173  16  16  0  0  0  21  2  0  0  1  45  1  45  8888  0  0  0  1  0  0  14924  0  103019  47445  1  6831  0  0  3341  0  17219  0  0  0  0  10073  14  38  0  0  0  0  27  7  0  0  1  2  3  0  0  0  0  0  9  3  0  0  4  5  124662  15905  0  0  0  0  0  0  58  0  41  989  32  1  
0  0  0  0  0  0  0  0  0  0  0  0  0  0  0  0  0  0  0  0  0  0  0  0  0  0  0  0  0  0  0  0  0  0  0  0  0  0  0  0  0  0  0  0  0  0  0  0  0  0  0  0  0  0  0  0  0  0  0  0  0  0  0  0  0  0  0  0  0  0  0  0  0  0  0  2  0  13  0  0  0  0  0  0  0  146  23  7  0  0  13621  10758  0  0  0  0  25510  196  2  0  0  0  0  0  0  0  4778  95039  0  0  6  47  0  0  0  0  44067  0  0  0  17  53229  1  81  0  0  0  0  0  0  0  0  2  5  7  0  22  0  0  0  0  0  0  0  0  18  57243  125  0  0  0  0  0  0  1194  0  4  1  16  0  
0  0  0  0  0  0  0  0  0  0  0  0  0  0  0  0  0  0  0  0  0  0  0  0  0  0  0  0  0  0  0  0  0  0  0  0  0  0  0  0  0  0  0  0  0  0  0  0  0  0  0  0  0  0  0  0  0  0  0  0  0  0  0  0  0  0  0  0  0  0  0  0  0  0  0  0  0  110  0  1  1  1  40  1  0  5  0  1  1  0  0  0  0  0  0  0  0  0  5  99136  0  0  0  1  0  0  164  54791  0  0  0  0  0  1  36726  0  0  0  55  0  0  211  52  0  0  2  2  16  26  16  1  2  0  0  0  0  0  0  4  0  5368  14  1  0  25  0  3746  25851  0  0  0  0  0  0  3  2  8  102  105  0  
0  0  0  0  0  0  0  0  0  0  0  0  0  0  0  0  0  0  0  0  0  0  0  0  0  0  0  0  0  0  0  0  0  0  0  0  0  0  0  0  0  0  0  0  0  0  0  0  0  0  0  0  0  0  0  0  0  0  0  0  0  0  0  0  0  0  0  0  0  0  0  0  0  0  0  6103  0  0  0  0  0  0  0  0  0  0  0  0  0  0  0  0  0  0  218  0  5018  0  4  0  0  0  0  0  0  0  0  0  2  0  0  29199  0  0  0  0  23170  0  0  0  0  28  0  55540  0  0  0  0  0  0  0  0  7387  53177  63  0  0  0  0  0  0  0  0  0  0  144151  1211  0  0  0  0  0  0  0  5  0  102  1  0  0  
0  0  0  0  0  0  0  0  0  0  0  0  0  0  0  0  0  0  0  0  0  0  0  0  0  0  0  0  0  0  0  0  0  0  0  0  0  0  0  0  0  0  0  0  0  0  0  0  0  0  0  0  0  0  0  0  0  0  0  0  0  0  0  0  0  0  0  0  0  0  0  0  0  0  0  1199  0  0  0  0  0  0  0  0  0  0  0  0  0  0  0  0  224  0  161  1  214  0  1076  0  0  0  0  0  0  0  0  8123  27  0  25404  0  0  0  0  0  26869  1  1  0  0  351  0  7023  0  0  0  0  0  0  0  0  26588  4323  1386  0  0  0  0  0  0  0  0  0  0  129303  186046  0  0  0  0  0  0  0  432  0  2410  0  1  0  
0  0  0  0  0  0  0  0  0  0  0  0  0  0  0  0  0  0  0  0  0  0  0  0  0  0  0  0  0  0  0  0  0  0  0  0  0  0  0  0  0  0  0  0  0  0  0  0  0  0  0  0  0  0  0  0  0  0  0  0  0  0  0  0  0  0  0  0  0  0  0  0  0  0  166  0  0  2  705  823  0  0  0  0  0  642  18003  61246  121  1  0  78  0  0  0  0  0  476  0  0  0  0  2  0  0  0  0  0  0  0  0  0  0  10904  0  0  0  0  49  0  14875  0  12601  0  0  11573  3552  278  0  0  0  0  0  0  0  4707  0  55  0  41  0  96  0  0  0  0  0  0  0  0  0  0  0  0  0  636  0  0  3413  0  
0  0  0  0  0  0  0  0  0  0  0  0  0  0  0  0  0  0  0  0  0  0  0  0  0  0  0  0  0  0  0  0  0  0  0  0  0  0  0  0  0  0  0  0  0  0  0  0  0  0  0  0  0  0  0  0  0  0  0  0  0  0  0  0  0  0  0  0  0  0  0  0  0  0  13  0  0  149  909  612  0  0  0  0  0  30449  0  12773  125  0  0  4  0  0  0  0  0  0  0  0  0  0  4  0  0  0  0  0  0  0  0  0  7978  0  0  0  0  0  30  0  87  0  10014  0  0  13928  934  151  0  0  0  0  0  0  0  0  0  0  0  13  0  83  0  0  0  0  0  0  0  0  0  0  0  0  0  594  0  0  5524  0  
0  0  0  0  0  0  0  0  0  0  0  0  0  0  0  0  0  0  0  0  0  0  0  0  0  0  0  0  0  0  0  0  0  0  0  0  0  0  0  0  0  0  0  0  0  0  0  0  0  0  0  0  0  0  0  0  0  0  0  0  0  0  0  0  0  0  0  0  0  0  0  0  0  0  0  0  0  49099  9  12  25  6  573  32  0  181  0  24  87  3  11684  16  66  0  0  9  24  0  375  56767  9  450  17  2  0  0  15608  12566  0  37077  0  0  3  45  0  0  1  101  6221  13  1  42446  20148  0  0  73  24  581  4601  812  2  71  8  0  17  0  0  0  109  43  17709  512  35  0  683  0  18998  16910  0  0  0  23  2  0  94  123  899  5899  49751  19  
0  0  0  0  0  0  0  0  0  0  121  0  0  0  0  0  0  0  0  0  2  3  0  0  0  0  0  0  0  0  0  0  0  0  0  0  0  0  0  0  0  0  0  0  0  0  0  0  0  0  0  0  0  0  0  0  0  0  0  0  2  0  0  0  0  0  0  0  0  0  0  0  0  0  0  20074  0  1  0  0  0  0  1  0  46745  0  0  0  0  0  0  0  24418  27215  24695  75101  0  0  2  0  0  0  0  0  0  0  0  0  0  0  0  0  0  0  0  0  0  63748  0  0  0  0  0  0  44433  0  0  0  0  5  34150  541  1110  34  2159  0  0  0  61  0  0  0  0  0  1  1  78  0  0  0  0  0  0  0  0  0  0  0  0  0  
0  0  0  0  0  0  0  0  0  0  0  0  0  0  0  0  0  0  0  0  0  0  0  0  0  0  0  0  0  0  0  0  0  0  0  0  0  0  0  0  0  0  0  0  0  0  0  0  0  0  0  0  0  0  0  0  0  0  0  0  0  0  0  0  0  0  0  0  0  0  0  0  0  0  0  12  0  1  0  0  0  0  0  0  0  0  0  0  0  0  104  16  0  0  7  0  40879  166  17  0  0  0  0  0  0  0  0  19699  31351  0  24628  25722  0  0  2  0  0  0  0  0  4  3302  0  21926  0  0  0  0  0  0  0  0  10  189  162  0  0  0  0  0  0  0  0  0  0  7519  21299  0  0  0  0  0  0  0  3869  0  135  2  3  0  
0  0  0  0  0  0  0  0  2  1  187  0  0  0  0  0  0  0  0  2  0  11  0  0  0  0  0  0  0  1  0  0  0  0  0  0  0  0  0  0  0  0  0  0  0  0  0  0  0  0  0  0  0  0  0  0  0  0  0  0  0  0  0  0  0  1  0  0  0  0  0  0  0  0  0  706  0  132  0  0  0  0  3300  30466  121081  5  0  0  0  0  0  0  318  13284  42  160521  9348  0  169  2  19  0  2  3601  0  0  0  0  0  0  0  0  0  1  51  64862  0  0  9  0  0  10  36  0  7717  1  1  1  14  630  17807  29733  1505  4  19671  0  0  0  80741  17  7  5  0  0  593  50  772  0  0  0  0  1  0  0  0  0  5541  135  17  0  
0  0  12  0  0  0  0  0  0  0  0  0  0  0  0  1  0  0  0  0  0  0  0  0  0  0  0  0  0  0  0  0  0  0  0  0  0  0  0  0  0  0  0  0  0  0  0  0  0  0  0  0  0  0  0  0  0  0  0  0  0  0  0  0  0  0  0  0  0  0  0  0  0  0  0  0  36198  29654  24  26  3251  16395  1784  10  0  1453  0  28  1359  4942  8  10  10  0  0  0  0  0  81  25866  18  159810  134172  3  0  0  0  10  0  2  0  0  10  131  1883  0  0  3  0  17965  1  88  15277  0  0  406  37  15592  509  977  0  33  1  0  0  0  0  0  47  38  136148  30493  60271  0  383  0  477  0  0  0  0  0  0  0  0  3917  8  15  26239  161  
0  0  39  0  0  0  0  23  11  0  0  0  0  0  0  121  0  0  0  0  0  0  0  0  0  0  1  0  0  148  0  0  0  0  0  0  0  0  0  0  0  0  0  0  0  21  0  0  0  0  0  0  0  0  0  0  0  0  0  0  0  0  0  0  0  0  0  0  0  0  13  0  0  0  0  0  44582  0  0  0  119  26398  28794  3  0  0  0  0  2  8266  0  0  15  0  0  0  0  0  99  2  32098  7084  2004  52463  0  0  0  0  0  0  0  0  0  0  3  0  0  1  25167  0  0  5  4  0  0  0  0  741  22  24214  2  77  0  0  0  0  0  0  114  4  53620  8  1107  0  19301  0  92  0  0  0  0  0  0  0  0  399  0  1  463  21  
0  0  0  0  0  0  0  0  0  0  0  0  0  0  0  0  0  0  0  0  0  0  0  0  0  0  0  0  0  0  0  0  0  0  0  0  0  0  0  0  0  0  0  0  0  0  0  0  0  0  0  0  0  0  0  0  0  0  0  0  0  0  0  0  0  0  0  0  0  0  0  0  0  0  6507  0  0  0  748  653  0  0  0  0  0  22  5550  4267  86  0  2  23901  0  0  0  0  768  46224  0  0  0  0  0  0  0  19  0  1  29  0  0  0  16084  78  0  0  2  0  6  0  0  2  11334  0  0  7771  6394  61  0  0  0  0  0  0  0  4666  869  10191  0  20  0  6  0  0  0  0  0  0  0  0  0  0  0  0  2  206  0  0  62432  0  
0  0  0  0  0  0  0  0  0  0  0  0  0  0  0  0  0  0  0  0  0  0  0  0  0  0  0  0  0  0  0  0  0  0  0  0  0  0  0  0  0  0  0  0  0  0  0  0  0  0  0  0  0  0  0  0  0  0  0  0  0  0  0  0  0  0  0  0  0  0  0  0  0  0  0  11  0  264  0  0  2  0  9  4  0  26  5  3  20  0  49859  10583  25  0  4  1  1645  5  92  110  0  5  2  0  0  0  26947  11323  52859  80  6  604  0  5  23301  0  8997  7  166  0  1  0  1488  109  0  4  2  50  37  53  0  13  12  77  159  0  0  0  11  15  51  67  4  0  33  79  128999  3210  0  0  0  11  0  0  21068  7  533  15050  52675  11  
0  0  0  0  0  0  0  0  0  0  0  0  0  0  0  0  0  0  0  0  0  0  0  0  0  0  0  0  0  0  0  0  0  0  0  0  0  0  0  0  0  0  0  0  0  0  0  0  0  0  0  0  0  0  0  0  0  0  0  0  0  0  0  0  0  0  0  0  0  0  0  0  0  0  135  0  0  28408  1460  1109  52  18  99  6  0  36222  1  1317  862  1  17745  41123  3  0  0  0  0  0  51  651  3  394  345  0  0  0  4  10  1  1  0  0  10997  14213  14245  0  0  2  34646  21  12484  599  0  0  0  5484  2648  2580  336  267  1  19  0  0  0  0  0  0  20  127  2255  11213  99  0  141  0  276  0  0  0  0  0  0  0  2  2002  7  6  103111  33  
0  0  0  0  0  0  0  0  0  0  0  0  0  0  0  0  0  0  0  0  0  0  0  0  0  0  0  0  0  0  0  0  0  0  0  0  0  0  0  0  0  0  0  0  0  0  0  0  0  0  0  0  0  0  0  0  0  0  0  0  0  0  0  0  0  0  0  0  0  0  0  0  0  0  0  89  0  2  0  0  0  0  0  0  0  0  0  0  0  0  0  0  0  0  24777  0  25785  0  47  2  0  0  0  0  0  0  0  9  7  0  46004  9938  0  0  20  0  22605  4  0  0  0  286  0  0  0  0  0  0  1  2  0  2  45  19777  19369  0  0  0  0  0  0  1  0  0  0  12740  5565  0  0  0  0  0  0  0  349  0  5094  0  3  0  
0  1  0  0  0  0  0  0  0  0  0  0  0  0  0  0  0  0  0  0  12  33  1  0  0  0  0  0  0  0  0  0  0  0  0  0  0  0  0  0  0  0  0  0  0  0  0  0  0  0  0  0  0  0  0  0  0  0  0  0  12  0  0  0  0  0  0  0  0  0  0  0  0  0  0  28138  0  0  0  0  0  0  0  0  7  0  0  0  0  0  0  0  449  52  37736  32074  0  0  2  0  0  0  0  0  0  0  0  0  0  0  0  0  0  0  0  47651  0  3953  0  0  0  0  0  0  0  0  0  0  0  2  7260  118  1737  57  32191  0  0  0  2  0  0  0  0  0  0  1  62  0  0  0  0  0  0  0  0  0  0  0  0  0  
0  0  0  0  0  0  0  0  0  0  0  0  0  0  0  0  0  0  0  0  0  0  0  0  0  0  0  0  0  0  0  0  0  0  0  0  0  0  0  0  0  0  0  0  0  0  0  0  0  0  0  0  0  0  0  0  0  0  0  0  0  0  0  0  0  0  0  0  0  0  0  0  0  0  8971  0  0  12  3442  5640  957  10  2  1  0  35492  39  79079  138885  158  1  0  0  0  0  0  0  24  1  6  0  4  28  0  0  0  0  0  0  0  0  0  7543  13452  5  0  0  0  608  1  3513  0  572  0  0  0  82710  78010  2  3  0  0  0  0  0  14194  6  603  1  590  22  38100  20  0  2  0  3  0  0  0  0  0  0  0  0  18932  0  0  29690  2  
0  0  0  0  0  0  0  0  0  0  0  0  0  0  0  0  0  0  0  0  0  0  0  0  0  0  0  0  0  0  0  0  0  0  0  0  0  0  0  0  0  0  0  0  0  0  0  0  0  0  0  0  0  0  0  0  0  0  0  0  0  0  0  0  0  0  0  0  0  0  0  0  0  0  11968  0  0  1  69484  18034  44  0  0  0  0  91  0  2151  167885  19  0  0  0  0  0  0  0  0  0  0  0  0  0  0  0  0  0  0  0  0  0  0  328  341  0  0  0  0  52  0  1980  0  401  0  0  97419  0  40197  0  0  0  0  0  0  0  399  0  0  0  2207  0  59  0  0  0  0  0  0  0  0  0  0  0  0  0  18631  0  0  22091  0  
0  0  0  0  0  0  0  0  0  0  0  0  0  0  0  0  0  0  0  0  0  0  0  0  0  0  0  0  0  0  0  0  0  0  0  0  0  0  0  0  0  0  0  0  0  0  0  0  0  0  0  0  0  0  0  0  0  0  0  0  0  0  0  0  0  0  0  0  0  0  0  0  0  0  59  0  0  1  326  60355  20177  18056  549  0  0  18  0  23  86500  181775  0  3  1  0  0  0  0  1  5  9  6  113  1725  0  0  0  0  0  0  0  0  0  19  24  32  0  0  0  7903  1016  3  1  130  0  0  79447  21717  0  20  79  0  0  0  0  1  0  0  5  6  2131  866  27270  71848  0  16  0  23  0  0  0  0  0  0  0  0  14766  0  0  3536  6  
0  0  0  0  0  0  0  0  0  0  0  0  0  0  0  0  0  0  0  0  0  0  0  0  0  0  0  0  0  0  0  0  0  0  0  0  0  0  0  0  0  0  0  0  0  0  0  0  0  0  0  0  0  0  0  0  0  0  0  0  0  0  0  0  0  0  0  0  0  0  0  0  0  0  0  0  0  578  0  0  1  3  535  12  0  14  0  1  1  1  1  1  85  0  0  0  0  0  71761  72672  35  17  2  0  0  0  0  188  0  2  0  0  0  4  1117  1  0  8  160  1  0  407  241  0  2  6  2  38  0  36580  2  123  3  0  1  0  0  0  104  7  27418  42  0  0  711  0  36241  1  0  0  0  0  0  0  11  3  43  116  426  0  
0  0  0  0  0  0  0  0  0  0  0  0  0  0  0  0  0  0  0  0  0  0  0  0  0  0  0  0  0  0  0  0  0  0  0  0  0  0  0  0  0  0  0  0  0  0  0  0  0  0  0  0  0  0  0  0  0  0  0  0  0  0  0  0  0  0  0  0  0  0  0  0  0  0  0  2  1  130  2  2  20  46  11791  208  1  19  0  4  27  1  0  1  993  11374  1  4  0  0  110913  5486  224908  99  34  26521  0  0  0  16  0  1  0  0  2  8  154  12  0  121  1191  25357  0  151  226  0  3  12  3  251  48012  0  164  34640  9  1  55  0  0  0  15034  120  65294  142  34  0  56591  0  17551  0  0  0  0  0  0  0  6  74  23  53  1469  7  
0  0  0  0  0  0  0  0  0  0  0  0  0  0  0  0  0  0  0  0  0  0  0  0  0  0  0  0  0  0  0  0  0  0  0  0  0  0  0  0  0  0  0  0  0  0  0  0  0  0  0  0  0  0  0  0  0  0  0  0  0  0  0  0  0  0  0  0  0  0  0  0  0  0  0  17380  0  2  0  0  0  0  1  4  30  0  0  0  0  0  0  0  115130  12332  1115  1888  0  0  45  0  0  0  0  2  0  0  0  0  0  0  0  0  0  0  0  37719  0  11201  0  0  0  1  2  0  3323  0  0  0  0  338  0  29285  37791  112  3480  0  0  0  346  0  2  0  0  0  13  2  2522  0  0  0  0  0  0  0  0  0  0  0  3  0  
0  0  0  0  0  0  0  0  0  0  0  0  0  0  0  0  0  0  0  0  0  0  0  0  0  0  0  0  0  0  0  0  0  0  0  0  0  0  0  0  0  0  0  0  0  0  0  0  0  0  0  0  0  0  0  0  0  0  0  0  0  0  0  0  0  0  0  0  0  0  0  0  0  0  0  103  0  36  0  0  2  2  361  101  3905  9  0  3  1  0  0  1  80211  99104  20  2322  0  0  5201  16  1917  2  2  56  0  0  0  3  0  0  0  0  0  2  23  1105  0  28725  118  11  0  23  72  0  994  3  1  28  71  41129  32786  0  5872  5  975  0  0  0  87758  5  123  28  0  0  2149  0  14158  0  0  0  0  0  0  0  1  1  3  2  197  0  
0  0  0  0  0  0  0  0  0  0  0  0  0  0  0  0  0  0  0  0  0  0  0  0  0  0  0  0  0  0  0  0  0  0  0  0  0  0  0  0  0  0  0  0  0  0  0  0  0  0  0  0  0  0  0  0  0  0  0  0  0  0  0  0  0  0  0  0  0  0  0  0  0  0  0  36744  0  51  0  0  0  0  0  0  0  4  0  0  0  0  0  0  30380  10  3024  812  8  0  367  1  0  0  0  0  0  0  0  1  0  0  9053  18694  0  1  6  930  13  1499  14  0  0  9  22  23  6542  1  0  0  1  68  17265  4633  0  1999  7591  0  0  0  56  0  0  5  0  0  2  24256  53997  0  0  0  0  0  0  0  6  0  46  12  24  0  
0  0  0  0  0  0  0  0  0  0  0  0  0  0  0  0  0  0  0  0  0  0  0  0  0  0  0  0  0  0  0  0  0  0  0  0  0  0  0  0  0  0  0  0  0  0  0  0  0  0  0  0  0  0  0  0  0  0  0  0  0  0  0  0  0  0  0  0  0  0  0  0  0  0  0  32914  0  2  0  0  0  0  0  0  0  0  0  0  0  0  0  0  42  1  44800  4  70  0  60  0  0  0  0  0  0  0  0  1  3  0  53862  6770  0  0  1  11  791  18  1  0  0  207  1  26473  23  0  0  0  0  1  148  1  2982  0  17811  0  0  0  0  0  0  1  0  0  0  26424  19196  0  0  0  0  0  0  0  19  0  285  2  0  0  
0  4  0  0  0  0  0  0  0  0  3  0  0  0  0  0  0  0  0  0  92  356  19  0  0  0  0  0  0  0  0  0  0  0  0  0  0  0  0  0  0  0  0  1  0  0  0  0  0  0  0  0  0  0  0  0  0  0  0  0  69  0  0  0  0  0  0  0  0  0  0  1  0  0  0  19812  0  130  0  0  0  0  2  0  41  3  0  0  0  0  0  0  1200  404  104838  115570  58301  0  264  1  0  0  0  0  0  0  0  2  5  0  8  745  0  0  24  2810  1189  20688  5  0  0  714  25  22216  40718  0  0  0  1  40  16973  812  12604  16689  0  0  0  0  107  0  1  3  0  0  7  366  23513  0  0  0  2  0  0  0  78  0  49609  36  19  0  
0  0  0  0  0  0  0  0  0  0  0  0  0  0  0  0  0  0  0  0  0  0  0  0  0  0  0  0  0  0  0  0  0  0  0  0  0  0  0  0  0  0  0  0  0  0  0  0  0  0  0  0  0  0  0  0  0  0  0  0  0  0  0  0  0  0  0  0  0  0  0  0  0  0  10383  0  0  0  39  61  0  0  0  0  0  0  5854  35403  20259  0  0  0  0  0  0  0  0  33848  0  0  0  0  0  0  0  0  0  0  0  0  0  0  2779  0  0  0  0  0  0  0  1624  0  0  0  0  12736  136  0  0  0  0  0  0  0  0  0  10  19120  0  0  0  0  0  0  0  0  0  0  0  0  0  0  0  0  0  967  0  0  1420  0  
0  0  0  0  0  0  0  0  0  0  0  0  0  0  0  0  0  0  0  0  0  0  0  0  0  0  0  0  0  0  0  5  0  0  0  0  0  0  0  0  0  0  0  0  0  0  0  0  0  0  0  0  0  0  0  0  0  0  0  0  0  0  0  0  0  0  0  0  0  0  0  0  0  0  702  0  0  0  11  1271  0  0  0  0  0  0  0  38  0  720  6  148  0  0  0  0  16445  76241  0  0  0  0  0  0  55296  40700  0  0  10  0  0  0  0  0  0  0  1  0  0  0  1849  0  0  0  0  38  3  3  0  0  0  0  0  0  0  197  0  33074  0  0  0  0  0  17226  0  0  0  0  0  0  0  0  0  1  359  5586  24  104  44942  3671  
0  0  0  0  0  0  0  0  0  0  0  0  0  0  0  0  0  0  0  0  0  0  0  0  0  0  0  0  0  0  0  0  0  0  0  0  0  0  0  0  0  0  0  0  0  0  0  0  0  0  0  0  0  0  0  0  0  0  0  0  0  0  0  0  0  0  0  0  0  0  0  0  0  0  14436  0  0  0  233  1270  0  0  0  0  0  0  2322  12867  11  178  0  0  0  0  0  0  0  104364  0  0  0  0  0  0  11  413  0  0  0  0  0  0  347  0  0  0  0  0  0  0  5018  0  0  0  0  2674  34  10  0  0  0  0  0  0  0  29919  17003  0  0  0  0  0  0  555  0  0  0  0  0  0  0  0  0  0  1  12533  0  0  6273  0  
0  0  0  0  0  0  0  0  1  2  42  0  0  0  0  0  0  0  0  0  0  2  0  0  0  0  0  0  0  282  0  0  0  0  0  0  0  0  0  0  0  0  0  0  0  0  0  0  0  0  0  0  0  0  0  0  0  0  0  0  0  0  0  0  247  0  0  0  0  0  1  0  0  0  0  8  0  19  0  0  6  2  4418  3550  62547  2  0  3  11  0  0  0  778  57051  0  938  2  0  520  6  20084  9  12  99880  0  0  0  1  0  0  0  0  1  3  15  119  0  72015  140  13  0  9  39  0  25  4  0  39  65  16398  1749  91516  86  0  244  0  0  0  0  31  221  31  5  0  45365  0  8566  0  0  0  0  0  0  0  1  2  3  5  170  0  
86  0  0  0  25  3441  4860  4123  2506  400  0  0  0  0  12  45  0  0  0  0  0  0  0  0  0  0  0  0  4  5  0  198  0  0  0  0  0  0  0  0  0  0  0  0  3  0  4  2  5  0  0  13  34  0  0  0  0  0  0  0  0  2  0  2  0  12401  15  0  9  7  28  0  0  0  20  0  0  6  222  51284  33079  30120  46325  46993  0  1  0  4  60  92  0  0  17  0  0  4  1  0  22  3  2  3  125  56  4  10883  0  0  0  0  0  0  2  4  154  0  0  266  176  3  8  9  3  0  0  442  328  1027  16  139  0  32  0  0  0  3  0  0  119  0  63  143  42  0  330  0  43  0  0  4222  0  11403  5852  6464  0  84552  20028  2333  543  3  
0  0  0  0  0  0  0  0  0  0  0  0  0  0  0  0  0  0  0  0  0  0  0  0  0  0  0  0  0  0  0  0  0  0  0  0  0  0  0  0  0  0  0  0  0  0  0  0  0  0  0  0  0  0  0  0  0  0  0  0  0  0  0  0  0  0  0  0  0  0  0  0  0  0  0  1  8294  1830  2  3  471  1123  8976  8  0  186  0  2  276  347  2  5  17  0  0  1  0  0  227  108261  44965  126130  456  14  0  0  0  120  0  610  0  0  3  14  12613  0  0  4  113728  44500  1  356  2027  0  0  57  5  2252  51896  52808  2  97  0  0  1  0  0  0  156  39  0  845  482  0  3356  0  2914  2  0  0  0  1  0  0  12  801  57  111  7602  105  
0  0  0  0  0  0  0  0  0  0  0  0  0  0  0  0  0  0  0  0  0  0  0  0  0  0  0  0  0  0  0  0  0  0  0  0  0  0  0  0  0  0  0  0  0  0  0  0  0  0  0  0  0  0  0  0  0  0  0  0  0  0  0  0  0  0  0  0  0  0  0  0  0  0  0  0  0  17622  5  39  811  41  13  0  0  49655  0  4  47188  153  0  11  0  0  0  0  0  0  2  18  0  9  88768  0  0  0  0  1  0  0  0  0  1  32  7  0  0  0  56827  0  0  0  907  0  0  39231  29  37544  2  4  0  0  0  0  0  0  0  0  0  52  54  0  11227  0  3  0  2  0  0  0  0  0  0  0  0  10717  0  0  45825  2  
0  0  0  0  0  0  0  0  0  0  0  0  0  0  0  0  0  0  0  0  0  0  0  0  0  0  0  0  0  0  0  0  0  0  0  0  0  0  0  0  0  0  0  0  0  0  0  0  0  0  0  0  0  0  0  0  0  0  0  0  0  0  0  0  0  0  0  0  0  0  0  0  0  0  0  0  2121  2  0  2  1698  44240  1135  1  0  2  0  0  30175  26731  0  0  4  0  0  0  0  0  2  16  0  591  85968  0  0  0  0  0  0  0  0  0  0  5  43  0  0  0  80843  649  0  5  79  0  0  39  7  69313  10  59  0  2  0  0  0  0  0  0  4  24  2053  18169  0  0  34  0  15  0  0  0  0  0  0  0  0  3175  1  0  9147  418  
0  0  0  0  2  29  0  0  0  0  0  0  0  0  0  212  0  0  0  0  0  0  0  0  0  0  0  0  0  0  362  0  0  0  0  0  0  0  0  0  0  0  0  0  0  0  0  0  0  0  0  0  0  0  0  0  0  0  0  0  0  0  0  0  0  0  0  0  0  154  0  0  0  0  24260  0  0  0  1853  8658  0  0  0  0  0  0  0  0  0  55951  0  0  0  0  0  0  0  6776  0  0  0  0  0  0  30074  5066  0  0  0  0  0  0  0  0  0  0  0  0  0  0  37  0  0  0  0  0  0  0  0  0  0  0  0  0  0  3  17603  623  0  0  0  0  0  0  0  0  0  0  0  0  0  0  0  0  0  5068  0  0  418  0  
0  0  5  0  0  0  1  15  2385  0  1  0  0  0  0  4  0  0  0  0  0  0  0  0  0  0  0  0  0  1824  0  0  0  0  0  0  0  0  0  0  0  0  0  0  0  175  0  0  0  0  0  0  0  0  0  0  0  0  0  0  0  0  0  0  0  1  0  0  0  0  1044  0  0  0  0  0  2  52  1  0  23  60  36900  135  5  11  0  1  4  1  2  2  328  42  0  2  0  0  856  24  16555  408  217  78076  0  0  0  25  0  1  0  0  0  6  82  2  0  81  1426  16363  0  154  123  1  1  5  2  55  631  34502  72  1833  9  0  4  0  0  0  31751  76  8941  66  65  0  0  1  4285  0  0  0  0  1  0  0  10  15  18  69  464  1  
0  0  0  0  0  0  0  0  0  0  0  0  0  0  0  0  0  0  0  0  0  0  0  0  0  0  0  0  0  0  0  0  0  0  0  0  0  0  0  0  0  0  0  0  0  0  0  0  0  0  0  0  0  0  0  0  0  0  0  0  0  0  0  0  0  0  0  0  0  0  0  0  0  0  0  1998  0  3  0  0  0  0  0  0  0  0  0  0  0  0  0  0  223  0  168  3  84  0  106  0  0  0  0  0  0  0  0  7  10  0  115481  138852  0  0  3  0  5925  61  0  0  0  279  0  16576  0  0  0  0  1  3  3  1  31930  16455  833  0  0  0  0  0  0  0  0  0  0  0  30543  0  0  0  0  0  0  0  65  0  380  0  0  0  
0  0  0  0  0  0  0  0  0  0  0  0  0  0  0  0  0  0  0  0  0  0  0  0  0  0  0  0  0  0  0  0  0  0  0  0  0  0  0  0  0  0  0  0  0  0  0  0  0  0  0  0  0  0  0  0  0  0  0  0  0  0  0  0  0  0  0  0  0  0  0  0  0  0  0  8498  0  2257  4  3  1  1  934  85  1  57  0  4  4  0  0  2  42981  8  1113  233  2921  0  136934  19310  61  11  5  21  0  0  13158  145420  57031  4749  239  215552  1  11  12222  141  13440  1647  297  2  0  120034  489  2275  391  9  10  20  30192  15846  3713  15118  45932  6958  30119  0  0  0  4405  10  276  89  6  0  1497  20545  0  28012  0  0  0  0  0  0  9404  5  27802  9469  2342  2  
0  0  0  0  0  0  0  0  0  0  0  0  0  0  0  0  0  0  0  0  0  0  0  0  0  0  0  0  0  0  0  0  0  0  0  0  0  0  0  0  0  0  0  0  0  0  0  0  0  0  0  0  0  0  0  0  0  0  0  0  0  0  0  0  0  0  0  0  0  0  0  0  0  0  0  0  0  70  0  0  0  0  2  0  0  3  0  0  0  0  1  0  1  0  0  0  0  0  6  345  0  0  0  0  0  0  34548  15355  29  23898  0  0  0  0  16885  0  0  0  1  0  0  6588  3  0  0  0  0  0  2  1  0  0  1  0  0  0  0  0  0  0  1  0  0  0  0  0  21451  0  0  0  0  0  0  0  13  0  7  528  7  0  
0  2  0  2  0  3  0  0  0  0  0  1  0  0  0  0  10195  19027  1  0  4  0  58522  95  5  1  0  0  0  0  0  243  33  16  19082  33  0  0  0  0  445  0  69097  2  8  0  5  26108  49  15  0  0  0  0  0  6  0  0  7  6  91  0  12509  0  2  7  4  2  0  0  0  2  581  949  0  0  0  0  0  0  0  0  0  0  0  0  0  0  0  0  0  0  0  0  0  0  0  0  0  0  0  0  0  0  0  1  0  0  0  0  0  0  0  0  0  0  0  0  0  0  0  0  0  0  0  0  0  0  0  0  0  0  0  0  0  0  0  0  0  1  0  0  0  0  0  0  0  0  0  0  262635  22767  32698  113  0  0  0  1  0  0  
197  0  5  1  267  14593  18622  2620  1196  18  0  0  0  4  1686  7837  3  0  0  0  0  0  0  0  1  0  478  193  9060  2  0  6  0  0  0  1  0  0  3  4  34  0  0  8  16878  643  56  6  652  0  0  484  2122  45921  0  899  0  1  0  0  0  0  0  2  1  26355  2476  3781  30736  0  253  0  1  0  0  0  0  0  0  0  0  0  0  0  0  0  0  0  0  0  0  0  0  0  0  0  0  0  0  0  0  0  0  0  0  0  0  0  0  0  0  0  0  0  0  0  0  0  0  0  0  0  0  0  0  0  0  0  0  0  0  0  0  0  0  0  0  0  0  1454  0  0  0  0  0  0  0  0  0  0  0  336  58749  27963  0  84  0  8  0  0  
1  308  0  96  0  1  1  0  14  6649  0  14  0  0  1  0  2  17  101  0  59  183  69750  1  176  122  1  8  2  6  0  106  191  658  72  194  184  184  0  4  3878  0  14389  8404  227  2  0  7721  1160  30045  3  29  2  7  15  453  2  64  147  1146  49050  0  16  0  149  27  444  146  3  0  48  409  4968  656  0  0  0  0  0  0  0  0  0  0  0  0  0  0  0  0  0  0  0  0  1  1  1  0  0  0  0  0  0  0  0  0  0  0  0  0  0  0  0  0  0  0  0  0  0  0  0  0  0  0  0  0  0  0  0  0  0  0  0  0  0  0  0  0  0  2  0  0  0  0  0  0  0  0  114769  8  0  43649  1312  35  0  0  2  0  0  0  
0  1  0  12  0  6  0  0  9  2151  0  3  0  0  0  0  0  93  0  1  10  12  207  1  26  35  2  0  12  1  0  579  285  8  0  54  0  0  0  0  1405  0  2  409  42  2  0  11498  61  0  0  1  1  0  6  30  0  18  1  0  23  0  419  0  4  241  308  23  14  0  8  1  187  991  0  0  0  1  0  0  0  0  2  167  0  0  0  0  0  0  0  0  0  0  0  3  0  0  1  0  0  1  2  0  0  19  0  0  0  0  0  0  0  0  17  0  0  1  10  0  0  2  0  0  0  0  0  1  5  2  0  0  0  0  0  0  0  0  0  4635  42  0  0  0  1  0  3  0  6013  2081  37550  0  48627  53874  0  12  2872  19817  282  1  
7974  0  0  7  1881  16112  109  23  36  23  0  3  35  163  2153  2086  61409  44767  0  0  0  0  670  1057  1  23  463  448  2009  0  1  10439  131  6  258  13  0  0  35  20  529  0  25  1  6784  202  32491  66612  55761  0  0  1797  4761  4266  1  1140  0  1  0  1  2  142  36732  958  1  1332  5701  1260  6882  1879  38  0  188  503  0  0  0  0  0  186  0  0  0  1  0  0  0  0  0  0  0  0  0  0  0  0  0  0  0  0  0  0  0  0  0  0  0  0  0  0  0  0  0  0  0  0  0  0  0  0  0  0  0  0  0  0  0  0  0  0  0  0  0  0  0  0  0  0  0  526  0  0  0  0  0  0  0  0  19519  27677  480  17368  0  183885  0  1126  1  1  0  0  
2  0  0  0  0  1895  0  8  2  1  0  0  0  0  6  5  435  17  0  0  1  0  0  0  0  0  23  9  355  0  0  2132  9  0  0  0  0  0  0  0  16  0  0  0  252  9  0  336  1  0  0  5  13  36  0  42  0  0  0  0  2  0  144  0  0  617  83  86  531  125  1  0  4  31  0  0  0  0  0  145  0  0  0  0  0  0  0  0  0  0  0  0  0  0  0  0  0  0  0  0  0  0  0  0  0  95  0  0  0  0  0  0  0  0  0  0  0  0  0  0  0  0  0  0  0  0  0  0  0  0  0  1  0  0  0  0  0  0  0  967  0  0  0  0  0  0  0  0  469  38785  349  89709  399423  0  0  1688  0  8  0  0  
0  0  0  0  0  0  0  0  0  0  0  0  0  0  0  0  0  0  0  0  0  0  0  0  0  0  0  0  0  0  0  31  0  0  0  0  0  0  0  0  0  0  0  0  0  0  0  0  0  0  0  0  0  0  0  0  0  0  0  0  0  0  0  0  0  0  0  0  0  0  0  0  0  0  0  44  0  163  1  1  0  0  4  0  0  1  0  0  1  0  6665  18666  2  0  1  0  68493  34  30  38  0  0  0  1  12  883  5  333  4655  4  3  8  0  0  319  0  11782  3  11  0  3  25915  19  1310  0  0  0  2  6  6  0  1  49  9  75  0  261  0  3  1  0  2  0  0  9  4  11145  16  0  0  0  1  1  1  0  17903  235504  21567  31785  222  
15  0  0  0  2  75  0  0  0  0  0  0  0  0  1  3  0  0  0  0  0  0  0  0  0  0  0  0  0  0  0  14  0  0  0  0  0  0  0  0  0  0  0  0  0  0  1  0  1  0  0  2  6  0  0  0  0  0  0  0  0  0  0  0  0  46  0  0  0  0  0  0  0  0  5989  0  0  2  2656  32366  729  167  34  0  0  23  0  159  1274  233  1  14  0  0  0  0  605  614  1  1  0  142  3539  0  4  14391  0  1  0  0  0  0  22  52  21  0  0  0  4403  39  137  16  31  0  0  8434  3318  9970  20  109  0  1  0  0  0  735  1001  978  1  24701  1077  4972  1796  494  5  0  13  0  0  20  0  20  1337  1605  4663  0  349  8418  186740  57074  
0  0  0  0  0  0  0  0  6  178  0  0  0  0  0  0  0  0  0  0  0  0  0  0  0  0  0  0  0  0  0  12  0  0  0  0  0  0  0  0  1  0  0  0  0  0  0  0  0  0  0  0  0  0  0  0  0  0  0  0  0  0  0  0  0  1  0  0  0  0  1  0  0  0  0  202  0  1195  1  0  0  0  24  7641  0  35  0  1  0  0  1  0  73  0  9  886  63140  0  333  120  0  3  2  0  0  270  0  401  1  13  0  45  0  5  2341  0  142  10109  72  0  0  1623  283  4810  1  4  4  8  34  87  5  22  222  55  55957  0  0  0  32  4749  40  54  1  0  28  6  11407  13  0  0  4  1123  39  1  119136  288  0  50279  1092  25  
0  0  0  0  0  0  0  0  0  1  0  0  0  0  0  0  0  0  0  0  1  1  21  0  0  0  0  0  1  0  0  60  0  0  0  0  0  0  0  0  0  0  0  0  0  0  0  0  0  0  0  0  0  0  0  0  0  0  0  0  2  0  0  0  0  1  0  0  0  0  0  0  0  0  0  0  0  205  1  1  1  16  14  114  0  9  0  0  3  1  24  46  20  0  18  18  472  1  81  81  1  33  338  0  0  272  0  784  0  23  0  0  0  2  4247  0  0  28  237  5  0  8511  67  0  0  3  0  17  69  57  0  16  10  0  6  0  39  0  5  3106  579  26  39  0  26  0  1781  54  0  20  27  28653  27  15  12528  38076  56706  0  32563  18283  
0  0  0  0  0  0  0  0  0  0  0  0  0  0  0  0  0  0  0  0  0  0  0  0  0  0  0  0  0  0  0  0  0  0  0  0  0  0  0  0  0  0  0  0  0  0  0  0  0  0  0  0  0  0  0  0  0  0  0  0  0  0  0  0  0  0  0  0  0  0  0  0  0  0  5823  0  0  145  1069  3267  97  97  73  1  0  1296  1  436  852  21  11008  34761  11  0  0  0  13630  9541  48  106  7  389  2660  1  3475  9620  2  33  2  1  0  0  72  389  5605  0  0  2  7074  38  32062  34632  41414  0  0  5251  3722  3402  217  289  0  13  1  0  2  2239  30711  2397  11  88  2466  7107  3483  34  106  0  450  0  0  0  0  44  0  0  17468  151884  444  13041  0  163152  
0  0  0  0  0  0  0  0  0  0  0  0  0  0  0  0  0  0  0  0  0  0  0  0  0  0  0  0  0  0  0  8  0  0  0  0  0  0  0  0  0  0  0  0  0  0  0  0  0  0  0  0  0  0  0  0  0  0  0  0  0  0  0  0  0  0  0  0  0  0  0  0  0  0  0  0  0  0  0  1  7  28  2  0  0  1  0  0  4  0  0  156  0  0  0  0  12465  3  1  2  0  47  1555  0  0  3597  0  7  0  0  0  0  0  0  3  0  0  0  951  8  3  46  1  0  0  9  0  15  4  10  0  0  0  0  0  0  12077  0  0  3  259  9  904  0  1  0  16  0  0  0  0  0  0  7  8162  222808  832  31127  412909  0  
