0  0  0  0  82037  770  0  0  0  0  0  3  0  2014  31344  5  0  0  0  0  0  0  0  84253  0  0  0  0  0  0  12926  373  0  0  0  0  0  0  141  258  0  0  0  0  0  0  2043  0  2050  0  0  7546  18711  46  0  0  0  0  0  0  0  23384  1097  7769  0  109  0  1  1  14235  0  0  0  0  1  0  0  0  0  1  0  0  0  0  0  0  0  0  0  0  0  0  0  0  0  0  0  0  0  0  0  0  0  0  1  0  0  0  0  0  0  0  0  0  0  0  0  0  0  0  0  0  0  0  0  0  0  0  0  0  0  0  0  0  0  0  0  0  0  1  0  0  0  0  0  0  0  0  3  56  7  153  25663  6239  0  0  0  1  0  0  
0  0  0  0  0  0  0  0  1  2  94  0  0  0  0  0  0  0  64248  18  21526  13680  0  0  0  0  0  0  0  0  0  0  0  0  0  0  3089  2  0  0  55  38661  0  4744  0  0  0  581  28  0  41039  1  0  0  0  1  16925  94  7420  40603  1671  0  0  0  13  0  0  1  0  0  1  9790  17  1  0  0  0  0  0  0  0  0  0  0  0  0  0  0  0  0  0  0  0  0  0  7  0  0  0  0  0  0  0  0  0  0  0  0  0  0  0  0  0  0  0  0  0  0  0  0  0  0  0  0  0  0  0  0  0  0  0  0  0  0  0  0  0  0  0  0  0  0  0  0  0  0  0  0  0  0  58  19  141  1  0  0  0  0  0  0  
0  0  0  0  0  0  0  605  45  0  1  0  0  0  0  46254  0  0  0  0  0  0  0  0  0  0  29317  13947  7540  17705  0  0  0  0  0  0  0  0  0  0  0  0  0  0  34138  32733  0  0  0  0  0  0  0  1  0  4  0  0  0  0  0  0  0  0  0  0  873  0  0  0  902  0  0  0  0  0  51  0  0  0  0  2  11  0  2  0  0  0  0  39  0  0  0  1  0  0  0  0  0  0  0  0  0  268  0  0  0  0  0  0  0  0  0  0  0  0  0  0  0  67  0  0  0  0  0  0  0  0  0  0  0  0  0  0  0  0  0  0  0  0  0  0  0  0  100  0  0  0  0  3  0  3  0  1  0  0  0  0  0  0  
1  0  0  0  0  0  0  0  1  1  0  33886  0  0  1  0  117  2  0  0  0  0  0  0  0  40796  0  13230  39138  1  0  0  7275  261  2  1856  0  0  0  1  1107  0  0  0  36015  0  0  4690  49459  0  0  4  0  2  0  92  0  3  1  1  0  0  0  0  16  1  127  34774  6  0  1  0  47  3230  0  0  0  0  0  0  0  0  0  0  0  0  0  0  0  0  0  0  0  0  0  0  0  0  0  0  0  0  0  0  0  0  0  0  0  0  0  0  0  0  0  0  0  0  0  0  0  0  0  0  0  0  0  0  0  0  0  0  0  0  0  0  0  0  0  0  0  0  0  0  0  0  0  0  0  4  0  1  168  0  0  0  0  0  0  0  
68811  0  0  0  0  8759  0  0  0  0  0  0  0  32  12302  38579  0  0  0  0  0  0  0  437  0  0  0  0  0  0  15347  83  0  0  0  0  0  0  6  14  0  0  0  0  0  0  97  0  81  0  0  179  15140  6  0  0  0  0  0  0  0  113  21  7  0  50  0  0  0  23404  0  0  0  0  15  0  0  0  55  1  0  0  0  0  0  0  0  0  0  1535  0  0  0  0  0  0  0  11  0  0  0  0  0  0  6  0  0  0  0  0  0  0  0  0  0  0  0  0  0  0  0  0  0  0  0  0  0  0  0  0  0  0  0  0  0  0  0  0  0  1  0  0  0  204  0  0  0  0  0  1  1  226  3377  3907  0  0  0  0  0  0  
1202  0  0  0  28056  0  23019  1  0  1  0  0  0  49  33534  73508  0  0  0  0  0  0  0  5  0  0  0  0  0  0  146  24188  0  0  0  0  0  0  16  20  0  0  0  0  0  0  234  0  354  0  0  424  17222  8615  0  1  0  0  0  0  0  54  26  17  0  51889  0  0  1  74720  0  0  0  0  0  0  0  0  0  6894  111  0  0  12  0  0  0  0  0  6350  0  0  0  0  0  0  0  0  0  0  0  0  0  0  5  123  0  0  0  0  0  0  0  0  0  0  0  2  0  0  1  0  0  0  0  0  0  0  0  0  0  0  0  0  0  0  0  0  1  1625  0  0  0  42  0  0  0  0  7  1972  29  11887  17350  19120  0  329  0  9  37  1  
12  0  4  0  1  23086  0  36303  6  8  0  0  0  0  548  77407  0  0  0  0  0  0  0  0  0  0  0  0  7  0  0  0  0  0  0  0  0  0  0  0  0  0  0  1  36  46  0  0  1  0  0  17  28  5773  0  1  0  0  0  0  0  0  0  0  0  33762  0  0  4  1  1  0  0  0  0  0  0  0  0  250  1453  104  0  18  0  0  0  0  0  3161  0  0  0  0  0  0  0  0  0  0  0  0  1  0  0  0  0  0  0  0  0  0  0  0  0  0  0  0  1  0  0  0  0  0  0  0  0  0  0  0  0  0  0  0  0  0  0  0  1  542  0  2  2  0  0  0  0  0  0  29175  0  849  57  3  0  274  0  209  5  0  
0  0  750  0  0  8  35933  0  9599  3  0  0  0  0  1  53335  0  0  0  0  0  0  0  0  0  0  5  14  876  6  0  0  0  0  0  0  0  0  0  0  0  0  0  2  5423  42906  0  0  0  0  0  0  0  266  0  12  0  0  0  0  0  0  0  0  14  24187  41  0  13  0  226  0  0  0  0  0  0  0  0  0  478  8170  35  0  0  0  0  0  0  2151  0  0  0  0  0  0  0  0  0  0  0  0  0  0  0  0  0  0  0  0  0  0  0  0  0  0  0  0  0  0  0  0  0  0  0  0  0  0  0  0  0  0  0  0  0  0  0  0  0  457  0  0  0  0  1  0  0  0  0  7250  0  67  1  3  0  2  0  4  0  0  
0  0  10  11  0  1  1  10127  0  13285  0  0  0  0  0  292  1  0  35  0  0  0  0  0  0  15  55  0  0  28370  0  0  0  0  0  11  0  0  0  0  132  0  0  331  7  17953  0  30  23  0  0  1  0  1  0  598  26  203  123  0  3  0  0  0  18306  30872  3  9  1  0  47222  0  599  0  0  0  6  0  0  0  2  4745  33156  0  0  0  0  0  0  1189  0  0  0  0  0  0  0  0  0  0  0  0  0  38  0  0  0  0  0  0  0  0  0  0  0  0  0  0  0  74  0  0  0  0  0  0  0  0  0  0  0  0  0  0  0  0  0  0  0  5145  0  0  0  0  9822  0  0  0  0  51  1  42  126  4  0  2  0  4  0  0  
0  2  0  6  0  0  1  1  10094  0  0  0  0  0  0  15  0  0  19  2  0  2124  2963  0  0  5  2  0  2  16502  0  1  0  0  0  41  0  0  0  0  233  0  0  44297  18  3  0  111  49  0  0  3  0  2  0  144  29  183  119  3  16  0  0  0  13583  59513  4  10  1  0  5  0  478  0  0  0  0  0  0  2  2  0  7450  1722  0  0  0  0  0  1  0  0  0  0  0  0  0  0  0  0  0  0  0  390  0  0  0  0  0  0  0  0  0  0  0  0  0  0  0  0  0  0  0  0  0  0  0  0  0  0  0  0  0  0  0  0  0  0  3  34342  0  0  0  0  135  0  0  0  0  287  15822  33511  686  29  0  377  1  13165  14  9  
0  182  0  0  0  0  0  0  0  0  0  0  0  0  0  0  0  0  684  92349  0  7007  0  0  0  0  3423  0  0  30491  0  0  0  0  0  0  0  0  0  0  0  20768  0  106278  0  0  0  5  0  0  565  0  0  0  0  0  2394  8763  220  5  37  0  0  0  63144  0  0  0  0  0  0  0  8  0  0  0  0  0  0  0  0  0  70  0  13529  0  0  0  0  0  0  0  0  8  0  14188  0  0  0  0  0  0  0  19745  0  0  0  0  0  0  0  0  0  0  0  89  0  655  0  0  0  0  0  0  0  0  0  0  0  0  0  0  0  0  0  0  0  0  992  0  0  0  0  0  1337  0  0  0  0  0  0  0  3  0  0  0  0  0  0  0  
8  0  0  47529  2  2  0  0  0  2  0  0  0  22617  918  0  323  785  0  0  0  0  0  0  0  1  0  0  8328  0  0  0  2030  183  34  1  0  0  3  61795  8  0  0  0  9  0  0  3257  49880  0  0  34195  24  35  0  0  0  1  1  0  0  0  0  0  7  0  1  55547  0  0  0  0  7  0  0  0  0  0  0  0  0  0  0  0  0  0  0  0  0  0  0  0  0  0  0  0  0  0  0  0  0  0  0  0  0  0  0  0  0  0  0  0  0  0  0  0  0  0  0  0  0  0  0  0  0  0  0  0  0  0  0  0  0  0  0  0  0  0  0  0  0  0  0  0  0  0  0  0  1  12  0  9  641  2  0  0  0  0  0  0  
1  0  0  0  0  0  0  0  0  0  0  0  0  11339  0  0  0  0  0  0  0  0  0  40339  0  0  0  0  0  0  0  0  0  0  2  0  0  0  16136  0  0  0  0  0  0  0  1197  4  0  0  0  0  0  0  0  0  0  0  0  0  0  10895  2  161  0  0  0  0  0  0  0  0  0  0  0  0  0  0  0  0  0  0  0  0  0  0  0  0  0  0  0  0  0  0  0  0  0  0  0  0  0  0  0  0  0  0  0  0  0  0  0  0  0  0  0  0  0  0  0  0  0  0  0  0  0  0  0  0  0  0  0  0  0  0  0  0  0  0  0  0  0  0  0  0  0  0  0  0  0  0  0  0  0  0  0  0  0  0  0  0  
1132  0  0  0  122  57  0  0  0  0  0  22496  11145  0  461  0  0  1229  0  0  0  0  0  194  0  0  0  0  0  0  0  4  1  301  76  0  0  0  34061  57001  0  0  1  0  0  0  196  47  1777  0  0  58011  695  1  0  0  0  0  0  0  0  26162  46  1310  0  3  0  6  0  19  0  0  0  0  0  0  0  0  0  0  0  0  0  0  0  0  0  0  0  0  0  0  0  0  0  0  0  0  0  0  0  0  0  0  0  0  0  0  0  0  0  0  0  0  0  0  0  0  0  0  0  0  0  0  0  0  0  0  0  0  0  0  0  0  0  0  0  0  0  0  0  0  0  0  0  0  0  0  0  1  0  4  173  23  0  0  0  0  0  0  
34705  0  0  1  12512  21347  11  1  0  0  0  2540  0  1338  0  59894  0  0  0  0  0  0  0  8604  0  0  0  1  11590  0  0  3  0  0  0  0  0  0  20  150  0  0  0  0  9  0  167  0  940  0  0  247672  146501  147675  0  10  0  0  0  0  0  26908  0  1  0  49  2  43156  15602  360  0  0  1  0  0  0  0  0  0  0  0  0  0  0  0  0  0  0  0  1  0  0  0  0  0  0  0  0  0  0  0  0  0  0  0  0  0  0  0  0  0  0  0  0  0  0  0  0  0  0  0  0  0  0  0  0  0  0  0  0  0  0  0  0  0  0  0  0  0  1  0  0  0  0  0  0  0  0  0  10022  0  762  5465  654  0  0  0  0  0  0  
22  0  43279  0  57858  84235  83988  55521  367  2  0  0  0  0  68908  0  0  0  0  0  0  0  0  0  0  0  6  2  32126  160  75  2213  0  0  0  0  0  0  0  0  0  0  0  0  4870  8140  1  0  0  0  0  10  381  149087  0  1  0  0  0  0  0  0  0  0  0  11970  11  0  11999  8772  239  0  0  0  0  0  32  0  31  1406  536  203  22  10  0  0  0  0  0  13363  0  0  0  0  0  0  0  0  0  0  0  0  0  50  0  14  0  0  0  0  0  0  0  0  0  0  0  0  0  32  0  0  0  0  0  1  0  0  0  0  0  0  0  0  0  0  1  0  0  602  0  0  0  5  26  0  0  0  0  8314  3  1544  78  600  0  175  0  10  19  0  
0  0  0  188  0  0  0  0  1  2  0  947  0  0  0  0  0  50120  0  0  0  0  6  109  0  39  0  0  0  0  0  0  293  65  9402  23  2  1  9  0  6375  0  5  5  33  0  16  53491  24514  0  0  0  0  0  0  652  0  8  4  4  5  0  5  0  36  3  44  0  3  0  0  4  72  0  0  0  0  0  0  0  0  0  0  0  0  0  0  0  0  0  0  0  0  0  0  0  0  0  0  0  0  0  0  0  0  0  0  0  0  0  0  0  0  0  0  0  0  0  0  0  0  0  0  0  0  0  0  0  0  0  0  0  0  0  0  0  0  0  0  1  0  0  0  0  0  0  0  0  23284  0  990  56  115530  1245  0  0  0  0  0  0  
6  0  0  13  2  1  0  0  1  2  0  615  1  346  1  0  46691  0  1  0  0  0  7  4959  0  0  0  0  0  0  0  0  3  244  171  1  0  0  6002  616  56  0  0  0  0  0  36407  1760  66783  0  0  0  5  1  0  14  0  0  0  1  5  0  292  1  4  0  2  0  0  0  0  0  1  0  0  0  0  0  0  0  0  0  0  0  0  0  0  0  0  0  0  0  0  0  0  0  0  0  0  0  0  0  0  0  0  0  0  0  0  0  0  0  0  0  0  0  0  0  0  0  0  0  0  0  0  0  0  0  0  0  0  0  0  0  0  0  0  0  0  0  0  0  0  0  0  0  0  0  13797  0  427  16  132987  1486  0  0  0  0  0  0  
0  59542  0  1  0  0  0  0  1  4  397  0  0  0  0  0  1  0  0  3010  168  20  0  0  20940  0  0  0  0  1  0  0  0  0  0  0  6423  738  0  0  25  21723  0  987  0  0  0  194  7  0  129  0  0  0  0  239  131194  66551  26985  676  62  0  0  0  1009  5  0  0  0  0  0  1048  48888  0  0  0  0  0  0  0  0  0  0  0  0  0  0  0  0  0  0  0  0  0  0  1  0  0  0  0  0  0  0  0  0  0  0  0  0  0  0  0  0  0  0  0  0  0  0  0  0  0  0  0  0  0  0  0  0  0  0  0  0  0  0  0  0  0  0  0  0  0  0  0  0  0  0  0  0  0  8  12  76  1  0  0  0  0  0  0  
0  76  0  0  0  0  0  0  2  1  96765  0  0  0  0  0  0  0  1159  0  0  300  0  0  99  0  9840  0  0  453  0  0  0  0  0  0  0  0  0  0  0  20150  0  1773  0  0  0  0  0  0  324  0  0  0  0  7883  212  54368  1  0  12  0  0  0  26904  0  0  0  0  0  4  0  3  0  0  0  0  0  0  0  0  0  0  0  348  0  0  0  0  0  0  0  0  0  0  2  0  0  0  0  0  0  0  2  0  0  0  0  0  0  0  0  0  0  0  0  0  3  0  0  0  0  0  0  0  0  0  0  0  0  0  0  0  0  0  0  0  0  0  0  0  0  0  0  0  0  0  0  0  0  0  0  0  0  0  0  0  0  0  0  
0  25986  0  0  0  0  0  0  0  3  0  0  0  0  0  0  0  0  194  0  0  3742  1458  0  0  0  0  0  0  0  0  0  0  7  69  0  1713  89  0  0  13  0  658  1991  0  0  0  225  1  33714  13651  0  0  0  0  0  4  0  464  68880  146486  0  0  0  3  0  0  0  0  0  0  340  93  0  0  0  0  0  0  0  0  0  0  1  0  0  0  0  0  0  0  0  0  0  2  4  0  0  0  0  0  0  0  0  0  0  0  0  0  0  0  0  0  0  0  0  0  0  0  0  0  0  0  0  0  0  0  0  0  0  0  0  0  0  0  0  0  0  0  0  0  0  0  0  0  0  0  0  3  0  6280  5  9  0  0  0  0  0  0  0  
0  9651  0  0  0  0  0  0  0  3093  4015  0  0  0  0  0  0  0  12  89  5709  0  13933  0  0  0  0  0  0  366  0  0  0  0  0  0  20  0  0  0  0  32772  0  150024  0  0  0  2  0  0  40572  0  0  0  0  0  675  538  1  68  114417  0  0  0  28  41  0  0  0  0  0  2  0  0  0  0  0  0  0  0  0  0  9  6865  3669  0  0  0  0  0  0  0  0  2  0  50800  0  0  0  0  0  0  0  12683  0  0  0  0  0  0  0  0  0  0  0  14  0  104  0  0  0  0  0  0  3  0  0  0  0  0  0  0  0  0  14  0  0  0  19866  80  0  0  0  0  139  0  0  0  0  0  1562  389  1  0  0  0  0  2  0  0  
0  1  0  0  0  0  0  0  0  2150  1  0  0  0  0  0  4  1  0  0  999  7824  0  0  0  0  0  0  0  0  0  1  0  72  1483  0  2  1  0  0  2  0  22798  12131  0  0  0  960  0  234  1  0  0  0  0  0  15  0  31  143  57546  0  0  0  6  0  0  0  0  0  0  1  25  0  0  0  0  0  0  0  0  0  0  0  0  0  0  0  0  0  0  0  0  0  0  0  0  0  0  0  0  0  0  0  0  0  0  0  0  0  0  0  0  0  0  0  0  0  0  0  0  0  0  0  0  0  0  0  0  0  0  0  0  0  0  0  0  0  0  0  0  0  0  0  0  0  0  0  25483  0  119205  3622  26  31  0  0  1  0  0  0  
88247  0  0  0  374  5  0  0  0  0  0  0  42292  760  8153  0  64  6686  0  0  0  0  0  0  0  0  0  0  0  0  16502  917  0  48  59  0  0  0  20047  0  0  0  5  0  0  0  58230  1254  4  0  0  120  4  0  0  0  0  0  0  0  0  49000  77446  155241  0  0  0  0  0  1356  0  0  0  0  0  0  0  0  0  0  0  0  0  0  0  0  0  0  0  0  0  0  0  0  0  0  0  22  0  0  0  0  0  0  4  0  0  0  0  0  0  0  0  0  0  0  0  0  0  0  0  0  0  0  0  0  0  0  0  0  0  0  0  0  0  0  14  0  0  0  0  0  0  0  0  0  0  0  222  0  0  3  1982  11  0  0  0  0  0  0  
0  0  0  0  0  0  1  0  2  2  0  0  0  0  0  0  0  0  22685  224  0  0  0  0  0  44209  2842  2332  0  0  0  0  0  153  0  248  8  1257  0  0  8  0  0  2  0  0  0  0  0  0  0  1  0  0  41280  93492  1  12396  95  0  0  0  0  0  10  120  114  0  1  0  0  0  164446  0  0  0  0  0  0  0  0  0  0  0  0  0  0  0  0  0  0  0  0  0  0  0  0  0  0  0  0  0  0  0  0  0  0  0  0  0  0  0  0  0  0  0  0  0  0  0  0  0  0  0  0  0  0  0  0  0  0  0  0  0  0  0  0  0  0  0  0  0  0  0  0  0  0  0  0  0  1  49  8  0  0  0  0  0  0  0  
0  0  0  37313  0  1  0  0  20  31  0  2  0  0  1  1  4  0  6  0  0  0  0  0  41872  0  0  16055  13  8  0  0  1411  9654  0  60267  0  197  0  1  73378  0  0  8  7530  1  0  29  11727  0  0  13  2  5  15647  24817  13  54  43  0  3  0  0  0  297  20  79024  116  27  0  3  0  18446  2143  0  0  0  0  0  0  0  0  0  0  0  0  0  0  0  0  0  0  0  0  0  0  0  0  0  0  0  0  0  0  0  0  0  0  0  0  0  0  0  0  0  0  0  0  0  0  0  0  0  0  0  0  0  0  0  0  0  0  0  0  0  0  0  0  0  0  0  0  0  0  0  0  0  0  0  21  7  43  507  11  0  0  0  0  0  0  
0  0  33301  1  0  0  0  2  273  1  4748  0  0  0  0  51  0  0  0  9999  0  0  0  0  3457  5  0  10013  4  100096  0  0  0  0  0  0  0  0  0  0  1  0  0  0  2058  13862  0  0  2  0  0  2  0  3  0  118797  0  8  0  0  0  0  0  0  37659  119  55971  0  9  0  17093  0  60  0  0  0  0  0  0  0  0  0  0  0  224  0  0  0  0  0  0  0  0  0  0  0  0  0  0  0  0  0  0  5  0  0  0  0  0  0  0  0  0  0  0  0  0  0  0  0  0  0  0  0  0  0  0  0  0  0  0  0  0  0  0  0  0  0  0  0  0  0  0  0  0  0  0  0  0  28  0  926  84  10  0  0  0  0  0  0  
0  0  10922  11566  0  0  0  0  22  0  0  0  0  0  0  4  0  0  0  0  0  0  0  0  1060  18878  6541  0  11715  29  0  0  0  0  0  13  0  0  0  0  0  0  0  0  131546  1255  0  0  3  0  0  0  0  0  0  5208  0  0  0  0  0  0  0  0  0  2  97875  1  4  0  4  0  1  0  0  0  0  0  0  0  0  0  0  0  0  0  0  0  0  0  0  0  0  0  0  0  0  0  0  0  0  0  0  0  0  0  0  0  0  0  0  0  0  0  0  0  0  0  0  0  0  0  0  0  0  0  0  0  0  0  0  0  0  0  0  0  0  0  0  0  0  0  0  0  0  0  0  0  0  2  0  39  3  0  0  0  0  0  0  0  
0  0  6975  49321  0  0  3  596  0  3  0  8107  0  1  22295  29855  0  0  0  0  0  0  0  0  0  32  13  13099  0  0  0  0  309  78  0  53  0  0  0  0  1  0  0  2  159596  792  0  1  2  0  0  341  0  38  0  4  0  0  0  0  0  0  0  0  0  7  1525  80008  75628  0  3  0  0  119  0  0  0  0  0  0  0  0  0  0  0  0  0  0  0  0  0  0  0  0  0  0  0  0  0  0  0  0  0  0  0  0  0  0  0  0  0  0  0  0  0  0  0  0  0  0  0  0  0  0  0  0  0  0  0  0  0  0  0  0  0  0  0  0  0  0  0  0  0  0  0  0  0  0  0  13  0  772  2  3  0  0  0  0  0  0  
0  0  16303  2  0  0  0  4  16061  18097  29615  0  0  0  0  124  0  0  3  387  0  570  0  0  0  1  129121  40  0  0  0  0  0  0  0  2  0  0  0  0  20  0  0  9859  89  42100  0  2  7  0  0  1  0  0  0  245  9  37  29  1  1  0  0  0  99170  50  4  1  0  0  77642  0  94  0  0  0  14  0  0  0  0  634  18785  8445  6274  0  0  0  0  973  0  0  0  22  0  135  0  0  0  0  0  0  0  14901  0  0  0  0  0  0  0  0  0  0  0  0  0  243  0  100  0  0  0  0  0  0  0  0  0  0  0  0  0  0  0  0  0  0  19  1823  0  0  0  0  17391  0  0  0  0  3  1  20  32  1  0  0  0  0  0  0  
12681  0  0  0  19799  63  0  0  0  0  0  0  0  0  0  32  0  0  0  0  0  0  0  12652  0  0  0  0  0  0  0  20884  0  0  0  0  0  0  1  2  0  0  0  0  0  0  1  0  1  0  0  0  3  0  0  0  0  0  0  0  0  0  73515  2  0  0  0  0  0  41326  0  0  0  0  700  0  0  0  4  630  0  0  0  0  0  0  0  0  0  8704  0  0  0  0  0  0  0  1531  0  0  0  0  0  0  9439  1  0  0  0  0  0  0  0  0  0  0  0  0  0  0  0  0  0  0  0  0  0  0  0  0  0  0  0  0  0  0  366  0  0  0  0  0  0  11256  0  0  0  0  0  0  0  1  34  0  0  0  0  1  1  0  
507  0  0  0  52  19955  0  0  0  159  0  0  0  8  3  927  0  4  0  0  0  0  0  576  0  0  0  0  0  0  18316  0  0  0  0  0  0  0  0  0  0  0  0  0  0  0  427  3  2  0  0  16  9  0  0  0  0  0  0  0  0  10  27246  107  0  27055  0  0  0  14118  0  0  0  0  0  0  0  0  0  387  0  0  0  0  0  0  0  0  0  0  0  0  0  0  0  0  0  0  0  0  0  0  0  0  99  935  0  0  0  0  0  0  0  0  0  0  0  0  0  0  0  0  0  0  0  1  0  0  0  0  0  0  0  0  0  0  1  0  0  415  0  0  0  61  0  0  0  0  0  0  2  540  2041  339  0  3292  0  5982  94  45  
0  0  0  19711  0  0  0  0  0  0  0  858  0  0  0  0  167  1  0  0  0  0  0  0  0  1468  0  0  117  0  0  0  0  25128  38  202  0  0  0  0  21003  0  0  0  0  0  0  32361  1366  0  0  0  0  0  0  0  0  1  9  1  2  0  0  0  2  0  0  0  0  0  0  0  8761  59603  0  0  0  0  0  0  0  0  0  0  0  0  0  0  0  0  0  0  0  0  0  0  0  0  0  0  0  0  0  0  0  0  0  0  0  0  0  0  0  0  0  0  0  0  0  0  0  0  0  0  0  0  0  0  0  0  0  0  0  0  0  0  0  0  0  0  0  0  0  0  0  0  0  0  1  0  18  1  30  3  0  0  0  0  0  0  
0  0  0  671  0  0  0  0  0  0  0  115  0  143  0  0  12  81  1  0  3  0  53  2  136  4417  0  12  65  0  0  0  24562  0  70468  88961  25  14821  7  1  2243  0  27646  0  0  0  1  21216  0  291  0  0  0  0  0  0  2  0  10  14  107  0  0  0  1  0  0  0  0  0  0  6092  122683  11864  0  0  0  0  0  0  0  0  0  0  0  0  0  0  0  0  0  0  0  0  0  0  0  0  0  0  0  0  0  0  0  0  0  0  0  0  0  0  0  0  0  0  0  0  0  0  0  0  0  0  0  0  0  0  0  0  0  0  0  0  0  0  0  0  0  0  0  0  0  0  0  0  0  0  320  0  223  0  4  0  0  0  0  0  0  0  
0  0  0  1  0  0  0  0  0  0  0  37  1  91  0  0  11705  78  0  0  14  0  1764  7  0  0  0  0  0  0  0  0  147  55021  0  0  76  451  15  0  0  0  24759  0  0  0  2  47841  0  678  0  0  0  0  0  0  0  0  9  1168  2804  0  0  0  0  0  0  0  0  0  0  298  24930  0  0  0  0  0  0  0  0  0  0  0  0  0  0  0  0  0  0  0  0  0  0  0  0  0  0  0  0  0  0  0  0  0  0  0  0  0  0  0  0  0  0  0  0  0  0  0  0  0  0  0  0  0  0  0  0  0  0  0  0  0  0  0  0  0  0  0  0  0  0  0  0  0  0  0  28686  0  2918  0  11  0  0  0  0  0  0  0  
0  0  0  1831  0  0  0  0  48  130  0  1  0  0  0  0  0  0  14  0  0  0  0  0  96  49876  1  34  9  69  0  0  97  77488  0  0  1  369  0  0  42339  0  0  33  17  0  0  147  53  0  0  4  0  5  61  3808  40  71  86  4  6  0  0  0  861  77  4306  26  3  0  13  4  56210  18344  0  0  0  0  0  0  0  0  0  0  0  0  0  0  0  0  0  0  0  0  0  0  0  0  0  0  0  0  0  0  0  0  0  0  0  0  0  0  0  0  0  0  0  0  0  0  0  0  0  0  0  0  0  0  0  0  0  0  0  0  0  0  0  0  0  1  0  0  0  0  0  0  0  0  0  9  13  458  748  130  0  0  0  0  0  0  
0  3568  0  0  0  0  0  0  0  0  0  0  0  0  0  0  7  0  7600  0  936  1  1  0  11  0  0  0  0  0  0  0  0  19  154  0  0  88718  0  0  0  0  24910  1  0  0  0  2774  0  51010  0  0  0  0  0  0  5  0  25730  113611  298  0  0  0  0  0  0  0  0  0  0  178884  3249  0  0  0  0  0  0  0  0  0  0  0  0  0  0  0  0  0  0  0  0  0  1  0  0  0  0  0  0  0  0  0  0  0  0  0  0  0  0  0  0  0  0  0  0  0  0  0  0  0  0  0  0  0  0  0  0  0  0  0  0  0  0  0  0  0  0  0  0  0  0  0  0  0  0  0  1  0  1892  2  6  0  0  0  0  0  0  0  
0  7  0  0  0  0  0  0  0  0  0  0  0  0  0  0  1  0  1211  1  68  0  1  0  399  19  0  0  0  0  0  0  1  15296  472  49  78989  0  0  0  299  0  12802  2  0  0  0  6106  1  2347  1  0  0  0  1  1  1  3  29986  14943  729  0  0  0  20  0  0  0  0  0  0  88143  196030  8  0  0  0  0  0  0  0  0  0  0  0  0  0  0  0  0  0  0  0  0  0  0  0  0  0  0  0  0  0  0  0  0  0  0  0  0  0  0  0  0  0  0  0  0  0  0  0  0  0  0  0  0  0  0  0  0  0  0  0  0  0  0  0  0  0  0  0  0  0  0  0  0  0  0  1  0  2041  3  18  2  0  0  0  0  0  0  
2325  0  0  0  268  94  0  0  0  0  0  14  13593  36426  61  0  0  4190  0  0  0  0  0  17301  0  0  0  0  0  0  0  10  0  18  23  0  0  0  0  5589  0  0  0  0  0  0  29776  34  19573  0  0  8450  785  3  0  0  0  0  0  0  0  3430  1025  1801  0  3  0  9  0  92  0  0  0  0  0  0  0  0  0  0  0  0  0  0  0  0  0  0  0  0  0  0  0  0  0  0  0  0  0  0  0  0  0  0  0  0  0  0  0  0  0  0  0  0  0  0  0  0  0  0  0  0  0  0  0  0  0  0  0  0  0  0  0  0  0  0  0  0  0  0  0  0  0  0  0  0  0  0  0  3  0  5  451  56  0  0  0  0  0  0  
371  0  0  45  53  39  0  0  0  0  0  50627  0  56675  140  0  0  1463  0  0  0  0  0  0  0  0  0  0  0  0  0  0  0  15  0  1  0  0  2804  0  1  0  0  0  0  0  13  1  36629  0  0  9157  634  112  0  1  1  0  0  0  0  5  2  0  2  8  0  1764  0  4  0  0  2  0  0  0  0  0  0  0  0  0  0  0  0  0  0  0  0  0  0  0  0  0  0  0  0  0  0  0  0  0  0  0  0  0  0  0  0  0  0  0  0  0  0  0  0  0  0  0  0  0  0  0  0  0  0  0  0  0  0  0  0  0  0  0  0  0  0  0  0  0  0  0  0  0  0  0  0  40  0  22  330  10  0  0  0  0  0  0  
0  74  0  1515  0  0  0  0  165  356  7  23  0  1  0  0  5052  8  165  4  3  0  3  0  5  58199  12  1  1  128  0  0  15185  535  0  44257  1  495  0  13  0  0  0  686  233  0  0  28293  32835  0  23  18  0  9  0  4866  1900  783  3007  311  189  0  0  0  4321  167  3281  158  20  0  26  15  28628  12502  0  0  0  0  0  0  0  0  0  0  0  0  0  0  0  0  0  0  0  0  0  0  0  0  0  0  0  0  0  0  0  0  0  0  0  0  0  0  0  0  0  0  0  0  0  0  0  0  0  0  0  0  0  0  0  0  0  0  0  0  0  0  0  0  0  0  0  0  0  0  0  0  0  0  0  19  987  1437  13383  237  0  0  0  0  0  0  
0  42556  0  0  0  0  0  0  0  0  20922  0  0  0  0  0  0  0  22806  20725  1  30726  0  0  0  0  0  0  0  0  0  0  0  0  0  0  0  0  0  0  0  0  0  39565  0  0  0  0  0  0  6233  0  0  0  0  0  35912  213  2  2  201  0  0  0  2  0  0  0  0  0  0  0  0  0  0  0  0  0  0  0  0  0  0  0  305  0  0  0  0  0  0  0  0  0  0  1009  0  0  0  0  0  0  0  0  0  0  0  0  0  0  0  0  0  0  0  151  0  214  0  0  0  0  0  0  0  0  0  0  0  0  0  0  0  0  0  0  0  0  0  0  0  0  0  0  0  0  0  0  0  0  0  0  0  0  0  0  0  0  0  0  
0  0  0  0  0  0  0  0  0  0  0  0  0  0  0  0  0  0  0  0  214  0  22298  1  0  0  0  0  0  0  0  0  0  25333  26184  0  24725  12567  0  0  0  0  0  0  0  0  0  1387  0  10033  0  0  0  0  0  0  0  0  0  107  15129  0  0  0  0  0  0  0  0  0  0  16287  31  0  0  0  0  0  0  0  0  0  0  0  0  0  0  0  0  0  0  0  0  0  0  0  0  0  0  0  0  0  0  0  0  0  0  0  0  0  0  0  0  0  0  0  0  0  0  0  0  0  0  0  0  0  0  0  0  0  0  0  0  0  0  0  0  0  0  0  0  0  0  0  0  0  0  0  47253  0  2539  0  0  0  0  0  0  0  0  0  
0  7130  0  8  0  0  0  1  883  48036  117133  0  0  0  0  19  2  0  1045  1012  256  118607  13601  0  0  17  6  1  0  9444  0  0  1  0  0  8  0  0  0  0  1136  42236  0  0  43  1  0  1559  218  0  28930  0  0  1  0  147  27295  14307  3808  3777  39094  0  0  0  51557  913  8  5  1  0  1  1  687  0  0  0  0  0  0  0  0  0  27  954  478  0  0  0  0  0  0  0  0  0  0  13317  0  0  0  0  0  0  0  15417  0  0  0  0  0  0  0  0  0  0  0  6  0  14  0  0  0  0  0  0  0  0  0  0  0  0  0  0  0  0  0  0  0  0  297  131  0  0  0  0  405  0  0  0  0  121  12186  1239  1104  12  0  0  0  8  0  0  
0  0  25823  38541  0  0  18  5309  65  26  0  0  0  1  0  8964  1  0  1  1  0  0  0  0  0  9712  2430  132664  140922  103  0  0  0  0  0  41  0  0  0  1  123  0  0  4  0  48281  0  20  527  0  0  26  1  71  0  1021  1  29  15  0  1  0  0  0  321  83  75377  26934  19424  0  52  0  304  0  0  0  0  0  0  0  0  0  0  0  0  0  0  0  0  0  0  0  0  0  0  0  0  0  0  0  0  0  0  0  0  0  0  0  0  0  0  0  0  0  0  0  0  0  0  0  0  0  0  0  0  0  0  0  0  0  0  0  0  0  0  0  0  0  0  0  0  0  0  0  0  0  0  0  0  641  3  5864  525  96  0  0  0  0  0  0  
0  0  28635  0  0  0  5  38950  24477  1  0  0  0  0  0  6170  0  0  0  0  0  0  0  0  0  0  14717  4051  917  42433  0  0  0  0  0  0  0  0  0  0  0  0  0  0  51558  0  0  0  0  0  0  2  0  18  0  618  0  0  0  0  0  0  0  0  35  1221  1129  0  7  0  13564  0  2  0  0  0  8  0  0  0  0  932  50  0  0  0  0  0  0  1235  0  0  0  0  0  0  0  0  0  0  0  0  0  21  0  0  0  0  0  0  0  0  0  0  0  0  0  0  0  16  0  0  0  0  0  0  0  0  0  0  0  0  0  0  0  0  0  0  0  0  0  0  0  0  56  0  0  0  0  1792  0  182  17  14  0  0  0  0  0  0  
8149  0  0  0  926  275  0  0  0  0  0  0  572  989  27  0  14  36348  0  0  0  0  0  42818  0  0  0  0  0  0  0  400  0  11  23  0  0  0  36164  19  0  0  1  0  0  0  0  2607  17057  0  0  1651  1175  0  0  0  0  0  0  0  0  1936  14381  8701  0  9  0  1  0  374  0  0  0  0  0  0  0  0  0  0  0  0  0  0  0  0  0  0  0  0  0  0  0  0  0  0  0  0  0  0  0  0  0  0  0  0  0  0  0  0  0  0  0  0  0  0  0  0  0  0  0  0  0  0  0  0  0  0  0  0  0  0  0  0  0  0  0  0  0  0  0  0  0  0  0  0  0  0  108  2  0  2  79856  127  0  0  0  0  0  0  
0  44  0  4522  0  0  0  0  14  40  0  962  0  82  1  0  58859  2949  20  0  90  0  1425  1766  0  10  0  0  0  19  0  0  32063  21362  57059  225  1360  2267  468  0  32106  0  626  403  34  0  4168  0  2329  5271  16  0  0  0  0  521  296  78  4088  12412  2884  0  811  0  277  22  33  5  0  0  2  2518  79308  10073  0  0  0  0  0  0  0  0  0  0  0  0  0  0  0  0  0  0  0  0  0  0  0  0  0  0  0  0  0  0  0  0  0  0  0  0  0  0  0  0  0  0  0  0  0  0  0  0  0  0  0  0  0  0  0  0  0  0  0  0  0  0  0  0  0  0  0  0  0  0  0  0  0  0  9323  2  36827  2292  100043  195  0  0  0  0  0  0  
6040  5  0  70045  1091  1275  5  0  130  221  1  48225  0  3583  4940  11  19434  55912  108  6  0  0  0  3  0  9990  11  2  49  40  0  13  266  1  2  306  1  3  18054  38510  30749  0  0  135  649  7  11450  1388  0  0  0  10005  21148  2880  0  3630  234  478  794  17  8  43  32  35  2308  228  342  20496  12  163  11  1  3190  12  0  0  0  0  0  0  0  0  0  0  0  0  0  0  0  0  0  0  0  0  0  0  0  0  0  0  0  0  0  0  0  0  0  0  0  0  0  0  0  0  0  0  0  0  0  0  0  0  0  0  0  0  0  0  0  0  0  0  0  0  0  0  0  0  0  3  0  0  0  0  0  0  0  0  0  817  68  530  146008  286  0  1  0  0  0  0  
0  0  0  0  0  0  0  0  0  0  0  0  0  0  0  0  0  0  0  0  32345  0  282  0  0  0  0  0  0  0  0  0  0  222  865  0  32966  429  0  0  0  0  14182  0  0  0  0  10696  0  0  0  0  0  0  0  0  0  0  4  27254  26418  0  0  0  0  0  0  0  0  0  0  45730  1231  0  0  0  0  0  0  0  0  0  0  0  0  0  0  0  0  0  0  0  0  0  0  0  0  0  0  0  0  0  0  0  0  0  0  0  0  0  0  0  0  0  0  0  0  0  0  0  0  0  0  0  0  0  0  0  0  0  0  0  0  0  0  0  0  0  0  0  0  0  0  0  0  0  0  0  18  0  18931  0  0  0  0  0  0  0  0  0  
0  45804  0  0  0  0  0  0  0  0  140  0  0  0  0  0  0  0  50  62  12133  29764  0  0  0  0  0  0  0  0  0  0  0  0  0  0  0  0  0  0  12  5765  0  19214  0  0  0  103  3  0  0  0  0  0  0  0  6423  328  194  270  30994  0  0  0  9  0  0  3  0  0  0  0  18  0  0  0  0  0  0  0  0  0  0  0  0  0  0  0  0  0  0  0  0  0  0  3  0  0  0  0  0  0  0  0  0  0  0  0  0  0  0  0  0  0  0  0  0  0  0  0  0  0  0  0  0  0  0  0  0  0  0  0  0  0  0  0  0  0  0  0  0  0  0  0  0  0  0  0  0  0  11  2  33  0  0  0  0  0  0  0  
12336  0  0  11  905  684  5  0  0  0  0  33978  1  57620  190333  10  0  0  0  0  0  0  0  68  0  0  1  0  443  0  0  47  0  0  0  0  0  0  2510  20916  0  0  0  0  9  1  313  0  7973  0  0  0  24539  33510  0  30  0  0  0  0  1  16159  212  3663  1  48  5  60022  18  294  0  0  1  0  0  0  0  0  0  1  0  0  0  0  0  0  0  0  0  0  0  0  0  0  0  0  0  0  0  0  0  0  0  0  0  0  0  0  0  0  0  0  0  0  0  0  0  0  0  0  0  0  0  0  0  0  0  0  0  0  0  0  0  0  0  0  0  0  0  1  0  0  0  0  0  0  0  0  0  16079  0  265  11651  290  0  0  0  0  0  0  
20131  0  0  0  19334  11596  6  0  0  0  0  38  0  122  173859  600  0  0  0  0  0  0  0  7  0  0  0  0  0  0  0  21  0  0  0  0  0  0  23  185  0  0  0  0  3  0  662  0  3088  0  0  14475  0  24767  0  1  0  0  0  0  0  6  0  3  0  80  0  1  1  1539  0  0  0  0  0  0  0  0  0  1  0  0  0  0  0  0  0  0  0  0  0  0  0  0  0  0  0  0  0  0  0  0  0  0  0  0  0  0  0  0  0  0  0  0  0  0  0  0  0  0  0  0  0  0  0  0  0  0  0  0  0  0  0  0  0  0  0  0  0  1  0  0  0  0  0  0  0  0  0  462  1  1677  15303  4842  0  1  0  0  0  0  
258  0  2  14  35  10965  5190  106  0  1  0  53  0  34  152222  171568  0  0  0  0  0  0  0  0  0  2  1  0  689  0  0  0  0  0  0  0  0  0  0  74  1  0  0  0  185  73  1  0  334  0  0  52209  31087  0  0  40  0  0  0  0  0  3  0  0  1  269  21  9926  30040  7  1  0  2  0  0  0  0  0  0  0  2  0  0  0  0  0  0  0  0  2  0  0  0  0  0  0  0  0  0  0  0  0  0  0  0  0  0  0  0  0  0  0  0  0  0  0  0  0  0  0  0  0  0  0  0  0  0  0  0  0  0  0  0  0  0  0  0  0  0  0  0  0  0  0  0  0  0  0  0  260046  0  1266  4249  309  0  5  0  0  0  0  
0  0  0  0  0  0  0  0  0  0  0  0  0  0  0  0  0  0  0  0  0  0  0  0  37259  15881  0  0  0  0  0  0  0  252  0  577  0  3  0  0  0  0  0  0  0  0  0  0  0  0  0  0  0  0  0  5743  0  0  0  0  0  0  0  0  0  0  1  0  0  0  0  0  3390  0  0  0  0  0  0  0  0  0  0  0  0  0  0  0  0  0  0  0  0  0  0  0  0  0  0  0  0  0  0  0  0  0  0  0  0  0  0  0  0  0  0  0  0  0  0  0  0  0  0  0  0  0  0  0  0  0  0  0  0  0  0  0  0  0  0  0  0  0  0  0  0  0  0  0  0  0  0  0  0  0  0  0  0  0  0  0  
0  1  3  84  0  10  20  4  2647  469  0  0  0  0  8  59  6  0  290  11814  0  0  0  0  97364  27136  133207  7471  6  319  0  0  0  23  0  5933  0  0  0  1  2267  0  0  49  1449  1326  0  67  341  0  0  61  2  77  7401  0  9  41132  42  2  5  0  0  0  19426  6387  35240  140  144  0  7059  0  28064  0  0  0  0  0  0  0  0  0  10  0  0  0  0  0  0  0  0  0  0  0  0  0  0  0  0  0  0  0  0  0  0  0  0  0  0  0  0  0  0  0  0  0  0  0  0  0  0  0  0  0  0  0  0  0  0  0  0  0  0  0  0  0  0  0  0  18  0  0  0  0  0  0  0  0  0  456  13  21760  5371  2201  0  0  0  0  0  0  
0  16908  0  0  0  0  0  0  0  1  1306  0  0  0  0  0  3  0  140677  125  0  283  2  0  3  3  0  0  0  1  0  0  0  0  0  1  0  0  0  0  153  36428  0  24365  1  0  0  1587  67  0  5785  0  0  0  0  12  0  11529  7818  588  567  0  0  0  815  1  1  3  0  0  0  3  6267  0  0  0  0  0  0  0  0  0  0  0  0  0  0  0  0  0  0  0  0  0  0  0  0  0  0  0  0  0  0  0  0  0  0  0  0  0  0  0  0  0  0  0  0  0  0  0  0  0  0  0  0  0  0  0  0  0  0  0  0  0  0  0  0  0  0  0  0  0  0  0  0  0  0  0  0  0  80  52  466  0  0  0  0  0  0  0  
0  269  0  17  0  0  0  0  169  38  6689  0  0  1  1  0  0  0  67736  49803  0  617  0  0  12076  24  11  0  0  15  0  0  1  0  0  8  0  0  0  0  492  221  0  12687  5  0  0  158  219  0  624  1  0  1  0  36012  25326  0  991  23  62  0  0  0  27782  196  4  17  0  0  130  1  24777  0  0  0  0  0  0  0  0  0  0  0  0  0  0  0  0  0  0  0  0  0  0  0  0  0  0  0  0  0  0  0  0  0  0  0  0  0  0  0  0  0  0  0  0  0  0  0  0  0  0  0  0  0  0  0  0  0  0  0  0  0  0  0  0  0  0  0  0  0  0  0  0  0  0  0  0  4  5  124  155  8  0  0  0  0  0  0  
0  4256  0  8  0  0  0  0  8  5  45  2  0  0  0  0  18  4  30046  5  444  5  4  0  34  8  0  0  0  1  0  0  25  4  4  30  25277  28870  0  0  1120  0  0  1472  1  0  0  16742  93  0  205  0  0  0  0  37  8084  467  0  28618  5162  0  0  0  3056  2  1  8  0  0  4  31040  48760  40  0  0  0  0  0  0  0  0  0  0  0  0  0  0  0  0  0  0  0  0  0  0  0  0  0  0  0  0  0  0  0  0  0  0  0  0  0  0  0  0  0  0  0  0  0  0  0  0  0  0  0  0  0  0  0  0  0  0  0  0  0  0  0  0  0  1  0  0  0  0  0  0  0  0  31  1  9320  281  1704  22  0  0  0  0  0  0  
0  32426  0  5  0  0  0  0  0  0  1  0  0  0  0  0  11  0  1030  0  80776  16  81  0  0  0  0  0  0  1  0  0  0  10  768  3  78009  4483  0  0  178  1  22  5816  1  0  0  14184  54  31320  1586  0  0  0  0  7  420  11  13388  0  32366  0  0  0  70  3  1  2  0  0  1  19710  4786  0  0  0  0  0  0  0  0  0  0  0  0  0  0  0  0  0  0  0  0  0  0  1  0  0  0  0  0  0  0  0  0  0  0  0  0  0  0  0  0  0  0  0  0  0  0  0  0  0  0  0  0  0  0  0  0  0  0  0  0  0  0  0  0  0  0  0  0  0  0  0  0  0  0  0  7  0  23538  60  382  0  0  0  0  0  0  0  
0  4727  0  0  0  0  0  0  1  10  0  0  0  0  0  0  4  0  65  0  142319  83622  51501  0  0  2  0  0  0  2  0  0  1  192  3132  6  540  37  0  0  48  9  21765  41785  1  0  0  3653  6  25002  29812  0  0  0  0  7  1016  39  3988  40605  0  0  0  0  76  1  0  0  0  0  0  823  1100  3  0  0  0  0  0  0  0  0  0  9  0  0  0  0  0  0  0  0  0  0  1  17  0  0  0  0  0  0  0  0  0  0  0  0  0  0  0  0  0  0  0  0  0  0  0  0  0  0  0  0  0  0  0  0  0  0  0  0  0  0  0  0  0  0  19  0  0  0  0  0  0  0  0  0  227  0  53354  111  79  9  0  0  0  1  0  0  
29959  0  0  0  144  53  0  0  0  0  0  1  8792  31995  21808  0  0  0  0  0  0  0  0  40584  0  0  0  0  0  0  1  28  0  0  0  0  0  0  1105  30  0  0  0  0  0  0  310  0  9  0  0  15588  26  0  0  0  0  0  0  0  0  0  142  11274  0  2  0  0  0  127  0  0  0  0  0  0  0  0  0  0  0  0  0  0  0  0  0  0  0  0  0  0  0  0  0  0  0  0  0  0  0  0  0  0  0  0  0  0  0  0  0  0  0  0  0  0  0  0  0  0  0  0  0  0  0  0  0  0  0  0  0  0  0  0  0  0  0  0  0  0  0  0  0  0  0  0  0  0  0  0  0  1  747  64  0  0  0  0  0  0  
4448  0  0  0  61  53  0  0  0  0  0  0  3  159  3  0  1  390  0  0  0  0  0  74379  0  0  0  0  0  0  59826  29645  0  2  2  0  0  0  237  1  0  0  0  0  0  0  18784  563  265  0  0  409  19  0  0  0  0  0  0  0  0  217  0  25931  0  0  0  0  0  18366  0  0  0  0  0  0  0  0  0  0  0  0  0  0  0  0  0  0  0  0  0  0  0  0  0  0  0  7  0  0  0  0  0  0  5  1  0  0  0  0  0  0  0  0  0  0  0  0  0  0  0  0  0  0  0  0  0  0  0  0  0  0  0  0  0  0  5  0  0  0  0  0  0  1  0  0  0  0  27  0  2  7  6590  30  0  1  0  1  2  0  
11853  0  0  0  54  42  0  0  0  0  0  0  381  5417  6  0  0  1  0  0  0  0  0  144827  0  0  0  0  0  0  5  711  0  0  0  0  0  0  1045  6  0  0  0  0  0  0  12490  0  44  0  0  8326  29  0  0  0  0  0  0  0  0  24558  24620  0  0  4  0  0  0  427  0  0  0  0  0  0  0  0  0  0  0  0  0  0  0  0  0  0  0  0  0  0  0  0  0  0  0  0  0  0  0  0  0  0  0  0  0  0  0  0  0  0  0  0  0  0  0  0  0  0  0  0  0  0  0  0  0  0  0  0  0  0  0  0  0  0  0  0  0  0  0  0  0  0  0  0  0  0  0  0  0  1  7991  38  0  0  0  0  0  0  
0  417  0  58  0  1  0  1  8079  14535  61478  0  0  1  1  18  7  0  703  29377  2  148  0  0  1  86  54682  1  0  88263  0  0  0  0  0  68  0  4  0  2  1393  5  0  49290  51  58  0  798  510  0  38  17  2  5  0  24965  12541  43398  5782  72  32  0  0  0  0  2577  16  117  3  0  18294  3  6192  1  0  0  0  0  0  0  0  0  0  8  7  0  0  0  0  0  0  0  0  0  0  0  0  0  0  0  0  0  0  739  0  0  0  0  0  0  0  0  0  0  0  0  0  1  0  0  0  0  0  0  0  0  0  0  0  0  0  0  0  0  0  0  0  0  6  5  0  0  0  0  39  0  0  0  0  41  33  824  1110  32  0  0  0  1  0  1  
236  1  2  11  367  60203  43890  30631  32781  66178  0  2  0  0  196  10438  3  0  42  5  0  26  0  1  0  12  73  3  6  115  2  24930  0  0  0  87  0  0  2  2  399  0  0  1348  145  700  42  231  86  0  0  22  263  688  0  747  55  248  181  5  14  2  0  1  9061  0  26  17  10  22  1751  0  1330  0  0  0  0  0  0  2831  51  2669  7436  11  0  0  0  0  0  136  0  0  0  0  0  0  0  0  0  0  0  0  0  1  2  227  0  0  0  0  0  0  0  0  0  0  0  0  0  0  0  0  2  0  0  0  0  0  0  0  0  0  0  0  0  1  0  0  1  22801  0  0  3  8  37  0  0  0  2  35922  1911  20529  2393  6741  0  2357  1  644  72  6  
0  0  484  87  0  0  1  3  40  11  0  0  0  0  4  45  2  0  0  0  0  0  0  0  1402  90375  52174  103031  397  9  0  0  0  0  0  7535  0  0  0  0  3163  0  0  0  75219  577  0  7  40  0  0  34  1  35  0  38753  0  4  2  0  0  0  0  0  48  27  0  64  213  0  34  0  115  0  0  0  0  0  0  0  0  0  0  0  0  0  0  0  0  0  0  0  0  0  0  0  0  0  0  0  0  0  0  0  0  0  0  0  0  0  0  0  0  0  0  0  0  0  0  0  0  0  0  0  0  0  0  0  0  0  0  0  0  0  0  0  0  0  0  0  0  0  0  0  0  0  0  0  0  103  3  2437  596  112  0  0  0  0  0  0  
47  0  0  60342  3  10  1  0  3  4  0  52765  0  26  42354  2  1  0  0  0  0  0  0  0  0  84  4  1  73119  0  0  0  0  0  0  8  0  0  0  839  17  0  0  0  28547  0  3  3  20061  0  0  62512  98  8579  0  497  0  1  1  0  0  1  0  0  13  7  52  0  31506  0  4  0  51  0  0  0  0  0  0  0  0  0  0  0  0  0  0  0  0  0  0  0  0  0  0  0  0  0  0  0  0  0  0  0  0  0  0  0  0  0  0  0  0  0  0  0  0  0  0  0  0  0  0  0  0  0  0  0  0  0  0  0  0  0  0  0  0  0  0  0  0  0  0  0  0  0  0  0  0  1135  0  66  7581  8  0  0  0  0  0  0  
1  0  0  14  0  0  29  8  2  2  0  0  0  0  19678  21644  0  0  0  0  0  0  0  0  0  15  2  5  81653  0  0  0  0  0  0  1  0  0  0  0  3  0  0  0  14724  20  0  0  0  0  0  24  1  31455  0  73  0  0  0  0  0  0  0  0  2  10  53  20314  0  0  0  0  4  0  0  0  0  0  0  0  0  0  0  0  0  0  0  0  0  0  0  0  0  0  0  0  0  0  0  0  0  0  0  0  0  0  0  0  0  0  0  0  0  0  0  0  0  0  0  0  0  0  0  0  0  0  0  0  0  0  0  0  0  0  0  0  0  0  0  0  0  0  0  0  0  0  0  0  0  12162  0  307  37  13  0  0  0  0  0  0  
21356  0  0  0  35568  43176  0  0  0  0  0  0  0  67  210  8144  0  1  0  0  0  0  0  1937  0  0  0  0  0  0  48801  23322  0  0  0  0  0  0  46  17  0  0  0  0  0  0  236  0  174  0  0  239  1680  2  0  0  0  0  0  0  0  128  23782  203  0  132  0  0  0  0  0  0  0  0  0  0  0  0  5  895  0  0  0  0  0  0  0  0  0  1072  0  0  0  0  0  0  0  0  0  0  0  0  0  0  1213  1  0  0  0  0  0  0  0  0  0  0  0  0  0  0  0  0  0  0  0  0  0  0  0  0  0  0  0  0  0  0  0  0  0  0  0  0  0  3316  0  0  0  0  8  0  43  61  17237  5780  0  0  0  1  1  0  
0  0  535  2  0  0  0  25  68313  14  5  0  0  0  0  61  0  0  3  1  0  0  0  0  0  1  34719  35  2  96133  0  0  0  0  0  3  0  0  0  0  15  0  0  0  77  18538  0  3  4  0  0  1  0  0  0  9928  1  154  2  0  0  0  0  0  27408  798  62  4  0  0  0  0  59  0  0  0  24  0  0  0  0  404  2624  0  6  0  0  0  0  325  0  0  0  0  0  0  0  0  0  0  0  0  0  752  0  0  0  0  0  0  0  0  0  0  0  0  0  0  0  110  0  0  0  0  0  0  0  0  0  0  0  0  0  0  0  0  0  0  0  0  0  0  0  0  6152  0  0  0  0  72  0  288  15  0  0  0  0  0  0  0  
0  9635  0  0  0  0  0  0  0  0  0  0  0  0  0  0  6  0  607  0  208  0  3  0  0  0  0  0  0  0  0  0  0  6827  585  16  171226  104166  0  0  225  0  16785  37  0  0  0  8066  0  41496  0  0  0  0  0  0  52  2  32848  28503  1216  0  0  0  5  1  0  0  0  0  0  0  27119  1  0  0  0  0  0  0  0  0  0  0  0  0  0  0  0  0  0  0  0  0  0  0  0  0  0  0  0  0  0  0  0  0  0  0  0  0  0  0  0  0  0  0  0  0  0  0  0  0  0  0  0  0  0  0  0  0  0  0  0  0  0  0  0  0  0  0  0  0  0  0  0  0  0  0  3  0  1806  10  69  1  0  0  0  0  0  0  
1  131  0  141  1  3  3  0  491  514  15  0  0  4  2  4  28  0  55326  13  162  0  5  0  139076  17205  33  0  0  194  0  0  5287  119215  40067  43541  5497  204428  0  6  37824  0  105  220  99  6  0  105246  2887  12325  105  25  2  12  4712  30712  5375  24839  41358  19560  3104  0  0  0  8019  2451  87  162  22  0  107  31147  0  28399  0  0  0  0  0  0  0  0  1  0  0  0  0  0  0  0  0  0  0  0  0  0  0  0  0  0  0  0  0  0  0  0  0  0  0  0  0  0  0  0  0  0  0  0  0  0  0  0  0  0  0  0  0  0  0  0  0  0  0  0  0  0  0  0  0  11  0  0  0  0  0  0  0  0  37  94  9874  3656  2539  303  0  0  0  0  0  0  
0  4  0  2524  0  0  0  0  4  9  0  0  0  0  0  0  0  0  4  0  2  0  0  0  0  507  0  0  27  3  0  0  46646  10115  0  17592  1  9  0  0  14440  0  0  4  0  0  0  16793  13  0  1  0  0  0  0  1  5  4  189  45  51  0  0  0  26  2  0  1  0  0  0  4  32028  0  0  0  0  0  0  0  0  0  0  0  0  0  0  0  0  0  0  0  0  0  0  0  0  0  0  0  0  0  0  0  0  0  0  0  0  0  0  0  0  0  0  0  0  0  0  0  0  0  0  0  0  0  0  0  0  0  0  0  0  0  0  0  0  0  0  0  0  0  0  0  0  0  0  0  2  0  236  17  55  8  0  0  0  0  0  0  
0  0  0  0  35  0  0  0  0  0  0  0  0  0  0  0  0  0  0  0  0  0  0  0  0  0  0  0  0  0  1143  0  0  0  0  0  0  0  0  0  0  0  0  0  0  0  0  0  0  0  0  0  0  0  0  0  0  0  0  0  0  0  0  0  0  0  0  0  0  0  0  0  0  0  0  0  0  0  35724  6733  0  0  0  0  0  0  7  36  12255  5558  0  51  0  0  0  0  0  57302  0  0  0  0  0  0  9709  1  0  0  0  0  0  0  86  2  0  0  0  0  0  0  2681  0  24  0  0  373  9142  8  0  0  0  0  0  0  0  11947  97  4006  0  4  0  0  0  9164  0  0  0  0  0  0  0  0  0  0  0  684  0  0  6251  0  
0  0  0  0  0  0  0  0  0  0  0  0  0  0  0  0  0  0  0  0  0  0  0  0  0  0  0  0  0  0  0  0  0  0  0  0  0  0  0  0  0  0  0  0  0  0  0  0  0  0  0  0  0  0  0  0  0  0  0  0  0  0  0  0  0  0  0  0  0  0  0  0  0  0  0  0  0  0  0  0  0  0  0  0  2  0  0  0  0  0  0  0  52508  0  43999  861  0  0  1  0  0  0  0  0  0  0  0  0  0  0  8793  137  0  0  0  50981  0  959  0  0  0  0  0  0  27267  0  0  0  0  0  8241  1  36502  18256  5219  0  0  0  4  0  0  0  0  0  0  2262  669  0  0  0  0  0  0  0  0  0  2  0  0  0  
0  0  42  0  0  0  0  1  25  0  0  0  0  0  0  42  0  0  0  0  0  0  0  0  0  0  0  0  0  24  0  0  0  0  0  0  0  0  0  0  0  0  0  0  0  31  0  0  0  0  0  0  0  0  0  0  0  0  0  0  0  0  0  0  0  0  0  0  0  0  63  0  0  0  0  0  0  0  0  0  1  363  5  0  0  0  0  0  0  24728  1  0  0  0  0  0  0  0  0  0  9157  4359  10645  14012  0  0  0  0  0  0  0  0  0  0  0  0  0  0  18488  39659  0  0  3  0  0  0  0  0  0  2  0  0  0  0  0  0  0  0  0  1  5221  0  11  0  431  0  0  0  0  0  0  0  0  0  0  0  0  0  12  1  
0  0  0  0  0  0  0  0  0  0  0  0  0  0  0  0  0  0  0  0  0  0  0  0  0  0  0  0  0  0  0  0  0  0  0  0  0  0  0  0  0  0  0  0  0  0  0  0  0  0  0  0  0  0  0  0  0  0  0  0  0  0  0  0  0  0  0  0  0  0  0  0  0  0  0  0  0  0  0  1  1  46  27  17  0  46708  0  42  0  62  209  317  0  0  0  0  0  0  7  63413  23  24610  20378  15  0  0  2079  1580  7  1523  0  0  0  24  36177  0  0  18  35729  68  0  219  51769  0  0  1  0  16  0  9  0  2  0  0  0  0  0  0  30  25  46  14475  290  0  75  0  21  3257  0  0  0  0  0  0  0  239  0  16  1125  38  
0  0  0  0  67  2  0  0  0  0  0  0  0  0  0  10  0  0  0  0  0  0  0  0  0  0  0  0  0  0  23  0  0  0  0  0  0  0  0  0  0  0  0  0  0  0  0  0  0  0  0  0  0  0  0  0  0  0  0  0  0  0  0  0  0  1  0  0  0  9  0  0  0  0  34355  0  0  0  0  85859  6  0  0  0  0  1  0  23  752  87961  0  49  0  0  0  0  0  60  0  0  0  0  0  0  33  1  0  0  0  0  0  0  90  36  0  0  0  0  0  0  2264  0  1634  0  0  1627  62418  1687  0  0  0  0  0  0  0  115  33  1367  0  221  0  4  0  6168  0  0  0  0  0  0  0  0  0  0  0  258  0  0  3762  0  
7  0  0  0  17  3655  123  0  0  2  0  0  0  0  1  1278  0  0  0  0  0  0  0  0  0  0  0  0  0  0  1457  373  0  0  0  0  0  0  0  0  0  0  0  0  0  0  0  0  0  0  0  0  28  0  0  0  0  0  0  0  0  0  2  0  0  1969  0  0  0  1620  0  0  0  0  11950  0  0  17  128148  0  32474  18  1  38  0  110  1  18  2  114638  0  64  0  0  0  0  0  1985  0  0  1  0  13  4  1054  13512  0  0  0  0  0  0  67  963  0  0  0  0  11  2  2406  0  5174  0  0  975  7711  3459  0  0  0  0  0  0  0  89  27299  20424  1  61283  0  295  11  53763  3  0  0  0  0  12  0  345  30  193  0  40239  0  2  52386  3  
0  0  0  0  0  47  308  2248  209  3  0  0  0  0  7  169  0  0  0  0  0  0  0  0  0  0  0  0  0  0  0  0  0  0  0  0  0  0  0  0  0  0  0  0  0  0  0  0  0  0  0  0  1  2  0  0  0  0  0  0  0  0  0  0  0  108  0  0  0  0  0  0  0  0  0  0  0  6  85  32936  0  38034  26  43  0  9  0  0  0  88699  2  3  0  0  0  0  0  0  0  0  2  0  8  1  0  0  0  0  0  0  0  0  0  19  0  0  0  0  17  55  1  0  1695  0  0  27  34  2165  0  0  0  0  0  0  0  0  0  0  3  39619  1  355  72  0  84  0  0  0  0  3  0  234  0  0  0  1372  0  36  12338  30  
0  0  3  0  0  33  95  31127  18296  11  0  0  0  0  0  36  0  0  0  0  0  0  0  0  0  0  0  0  0  564  0  0  0  0  0  0  0  0  0  0  0  0  0  0  0  730  0  0  0  0  0  0  0  0  0  0  0  0  0  0  0  0  0  0  0  2081  0  0  0  0  356  0  0  0  0  0  161  12  0  12  39425  0  16107  9  0  3  0  0  0  68174  3  7  0  0  0  0  0  0  0  0  0  0  18  3  0  0  0  0  0  0  0  0  0  11  2  0  0  0  62  34153  0  0  643  0  0  10  0  2743  0  0  0  0  0  0  0  0  0  0  1  25072  2  108  11063  0  346  0  0  0  0  7  0  35  0  1  0  334  0  10  1913  16  
0  0  3  0  0  0  0  192  32363  10500  9  0  0  0  0  5  0  0  0  0  0  99  0  0  0  0  0  0  0  19022  0  0  0  0  0  0  0  0  0  0  0  0  0  169  0  32  0  0  0  0  0  0  0  0  0  4  0  0  0  0  0  0  0  0  1  11739  0  0  0  0  2666  0  0  0  0  0  4  5  0  1  133  14464  0  5630  0  0  0  0  0  3107  13  17  0  1  0  0  0  0  1  15  542  0  91  297  0  0  0  0  0  0  0  0  0  0  245  0  0  56  61  23511  0  10  165  0  0  0  0  43  0  61  0  0  0  0  0  0  0  0  108  37716  15  7  1080  0  55295  0  6  0  0  0  0  3  0  0  0  153  3  86  2132  165  
0  1  0  0  0  3  14  0  0  1251  0  0  0  0  0  4  0  0  0  0  0  7511  1  0  0  0  0  0  0  3122  0  0  0  0  0  0  0  0  0  0  0  0  0  1063  0  0  0  0  0  0  0  0  0  0  0  0  0  0  0  0  33  0  0  0  1  25  0  0  0  0  0  0  0  0  0  0  0  17  0  22  14  4  4734  0  0  0  0  0  0  70  6  139  0  2  2  1906  3793  0  24  77  1162  0  118  17749  0  0  0  0  0  0  0  0  0  0  2064  0  0  20910  34  32  0  21  424  0  0  0  0  0  1  288  0  0  0  0  2  0  0  0  5308  26075  16  0  112  0  6814  0  55  0  0  0  0  7  0  0  2  730  8518  2812  3435  1126  
0  0  4  0  0  0  0  0  0  0  7479  0  0  0  0  0  0  0  0  279  0  1829  0  0  0  0  487  0  0  4863  0  0  0  0  0  0  0  0  0  0  0  337  0  604  0  0  0  0  0  0  0  0  0  0  0  0  0  0  0  0  0  0  0  0  56  0  0  0  0  0  15  0  0  0  0  2  0  0  0  0  0  0  0  0  0  0  0  0  0  0  0  0  138  51225  0  28671  0  0  0  0  75  0  0  1568  0  0  0  0  0  0  0  0  0  0  0  33126  0  118135  0  0  0  0  0  0  2  0  0  0  0  0  232  1127  0  0  37  0  0  0  76878  0  0  0  0  0  3  0  2  0  0  0  0  0  0  0  0  0  0  0  0  0  
0  0  0  0  0  0  0  0  0  0  0  0  0  0  0  0  0  0  0  0  0  0  0  0  0  0  0  0  0  0  0  0  0  0  0  0  0  0  0  0  0  0  0  0  0  0  0  0  0  0  0  0  0  0  0  0  0  0  0  0  0  0  0  0  0  0  0  0  0  0  0  0  0  0  0  0  0  69717  12  59  8  2  0  0  0  0  0  11801  2548  89  86  1359  0  0  0  0  0  0  0  2  0  0  2968  0  0  0  107  2149  293  1  0  0  2371  33412  10  0  0  0  1269  1  3  135  61369  0  0  19208  16  208  0  0  0  0  0  0  0  0  0  0  0  21  0  72456  3  0  0  0  1  12  0  0  0  0  0  0  0  4  0  0  175  0  
0  0  0  0  0  0  0  0  0  0  0  0  0  0  0  0  0  0  0  0  0  0  0  0  0  0  0  0  0  0  0  0  0  0  0  0  0  0  0  0  0  0  0  0  0  0  0  0  0  0  0  0  0  0  0  0  0  0  0  0  0  0  0  0  0  0  0  0  0  0  0  0  0  0  16  0  0  0  2  2  0  0  0  0  0  0  0  22049  1  0  0  7  0  0  0  0  0  23038  0  0  0  0  0  0  0  0  0  0  2  0  0  0  19355  0  0  0  0  0  0  0  3551  0  0  0  0  20  0  0  0  0  0  0  0  0  0  15922  0  1085  0  0  0  0  0  0  0  0  0  0  0  0  0  0  0  0  0  0  0  0  1  0  
0  0  0  0  0  0  0  0  0  0  0  0  0  0  0  0  0  0  0  0  0  0  0  0  0  0  0  0  0  0  0  0  0  0  0  0  0  0  0  0  0  0  0  0  0  0  0  0  0  0  0  0  0  0  0  0  0  0  0  0  0  0  0  0  0  0  0  0  0  0  0  0  0  0  540  0  0  62  36  27  0  0  0  0  0  11327  17682  0  1382  7  0  372  0  0  0  0  0  153  0  0  0  0  3  0  0  0  0  56  47  0  0  0  52912  31999  0  0  0  0  0  0  226  0  509  0  0  56742  30  4  0  0  0  0  0  0  0  21450  0  231  0  5  0  17  0  0  0  0  0  0  0  0  0  0  0  0  0  2  0  0  6  0  
0  0  0  0  0  0  0  0  0  0  0  0  0  0  0  0  0  0  0  0  0  0  0  0  0  0  0  0  0  0  0  0  0  0  0  0  0  0  0  0  0  0  0  0  0  0  0  0  0  0  0  0  0  0  0  0  0  0  0  0  0  0  0  0  0  0  0  0  0  0  0  0  0  0  13626  0  0  0  1073  3  0  0  0  0  0  6968  1  7247  0  309  0  0  0  0  0  0  0  5298  0  0  0  0  19915  0  0  0  0  0  0  0  0  0  1  6  0  0  0  0  81  0  4  0  5  0  0  196158  118660  91644  0  0  0  0  0  0  0  19362  0  0  0  0  0  68996  26617  0  0  0  0  0  0  0  0  0  0  0  0  0  0  0  2  0  
0  0  46  0  733  3501  5191  12426  4372  3  0  0  0  0  2  7985  0  0  0  0  0  0  0  0  0  0  0  0  0  1229  1533  7  0  0  0  0  0  0  0  0  0  0  0  0  0  2588  0  0  0  0  0  0  0  0  0  0  0  0  0  0  0  0  0  0  0  81  0  0  0  1149  623  0  0  0  7551  0  28573  7  109166  120124  85600  79516  634  28  0  51  0  15  308  0  4  8  0  0  0  0  0  173  0  1  6  0  6061  123  131  0  0  0  0  0  0  0  26  329  13  0  0  1  771  19008  39  1  2271  0  0  451  6213  132486  0  1  0  0  0  0  0  14  6  1321  0  548  4  225  33414  25914  438  0  0  0  0  0  0  75  0  0  0  758  0  13  3112  15  
0  0  0  0  0  0  0  0  0  1  0  0  0  0  0  0  0  0  0  0  0  0  0  0  0  0  0  0  0  0  0  0  0  0  0  0  0  0  0  0  0  0  0  0  0  0  0  0  0  0  0  0  0  0  0  0  0  0  0  0  0  0  0  0  0  1  0  0  0  0  0  0  0  0  0  1  0  565  0  0  0  30  19  9  0  53  0  3  0  81  0  69414  0  0  0  1  8045  873  4  33  41  0  198  3  0  0  4415  335  15849  0  1  1  0  0  7903  0  116  11  109  120  405  46120  11074  0  0  0  0  23  0  5  3  1  5  1  1  0  2  13  5  27  15  3  286  0  102  0  192  0  0  0  0  0  0  0  2277  109  345  2  75946  13  
0  0  0  0  0  0  0  0  0  0  0  0  0  0  0  0  0  0  0  0  0  0  0  0  0  0  0  0  0  0  0  0  0  0  0  0  0  0  0  0  0  0  0  0  0  0  0  0  0  0  0  0  0  0  0  0  0  0  0  0  0  0  0  0  0  1  0  0  0  0  0  0  0  0  59  0  0  311  188  122  7  169  36  34  0  1504  25  596  0  64  61733  0  0  0  1  0  18221  23336  16  14  34  0  277  9  2  0  223  114  7161  1  0  0  5575  5  260  0  20  48  607  143  43192  8903  46010  0  0  2  132  118  1  8  3  4  39  3  5  2  594  56  43  94  34  11  372  0  66  0  559  1  0  0  0  0  0  0  5040  208  1092  31  78206  29  
0  0  0  0  0  0  0  0  0  0  0  0  0  0  0  0  0  0  0  0  0  0  0  0  0  0  0  0  0  0  0  0  0  0  0  0  0  0  0  0  0  0  0  0  0  0  0  0  0  0  0  0  0  0  0  0  0  0  0  0  0  0  0  0  0  0  0  0  0  0  0  0  0  0  0  51112  0  0  0  0  0  0  0  0  92  0  0  0  0  0  0  0  0  8807  246  94  0  0  26230  0  61  0  0  0  0  0  0  0  0  0  0  123  0  0  0  22230  0  410  0  0  0  0  0  0  46  0  0  0  0  5487  112660  51979  36116  0  707  0  0  0  10  0  0  0  0  0  0  0  56559  0  0  0  0  0  0  0  0  0  0  0  0  0  
0  0  0  0  0  0  0  0  0  0  137  0  0  0  0  0  0  0  0  0  0  0  0  0  0  0  0  0  0  44  0  0  0  0  0  0  0  0  0  0  0  3  0  1  0  0  0  0  0  0  0  0  0  0  0  0  0  0  0  0  0  0  0  0  5  0  0  0  0  0  0  0  0  0  0  2  0  1  0  0  0  0  0  9  51132  0  0  0  0  0  0  2  8180  0  0  116  0  0  13  8  18180  0  1  3041  0  0  0  0  0  0  0  0  0  0  28  18949  0  5354  1  0  0  1  30  0  0  0  0  0  2  23043  7135  48711  0  0  16  0  0  0  37032  0  0  0  0  0  0  0  77  0  0  0  0  0  0  0  0  0  0  1  7  0  
0  0  0  0  0  0  0  0  0  0  0  0  0  0  0  0  0  0  0  0  1  7  1  0  0  0  0  0  0  0  0  0  0  0  0  0  0  0  0  0  0  0  0  0  0  0  0  0  0  0  0  0  0  0  0  0  0  0  0  0  0  0  0  0  0  0  0  0  0  0  0  0  0  0  0  43152  0  0  0  0  0  0  0  1  0  0  0  0  0  0  0  0  159  0  0  2262  130  0  47  0  0  0  0  0  0  0  0  0  0  0  6463  13  0  0  3  1938  9  120  0  0  0  5  1  26472  32566  0  0  0  0  0  1655  3  2234  90830  109761  0  0  0  13  0  0  0  0  0  0  182  1388  0  0  0  0  1  0  0  0  0  23  45  1  0  
0  4  0  0  0  0  0  0  0  0  7204  0  0  0  0  0  0  0  0  0  2  31162  0  0  0  0  0  0  0  154  0  0  0  0  0  0  0  0  0  0  0  386  0  9281  0  0  0  0  0  0  1  0  0  0  0  0  0  0  0  0  64  0  0  0  2  1  0  0  0  0  0  0  0  0  0  1588  0  0  0  0  0  0  0  2217  20051  0  0  0  0  0  0  0  245  65  1620  0  21764  0  1  0  3  0  1  1803  0  0  0  0  0  0  0  0  0  0  121  71952  0  191519  0  0  0  3  14  0  7824  0  0  0  0  19  7030  255  102  2  85320  0  0  0  33303  3  1  0  0  0  0  0  335  0  0  0  1  14  0  0  0  1  6919  502  19  2  
0  0  0  0  0  0  0  0  0  0  0  0  0  0  0  0  0  0  0  0  0  0  0  0  0  0  0  0  0  0  0  0  0  0  0  0  0  0  0  0  0  0  0  0  0  0  0  0  0  0  0  0  0  0  0  0  0  0  0  0  0  0  0  0  0  0  0  0  0  0  0  0  0  0  0  0  0  1  0  0  0  0  2  4256  0  0  0  0  0  0  11150  29148  1  1  487  14480  0  2379  136  1  17  0  1  2  2  0  0  92  21294  0  495  36  0  0  564  0  22461  11040  3  0  2202  1083  27  4048  0  0  0  0  7  16  24  4  234  343  56518  0  25  7  61  2  0  0  0  0  5  7  7531  1  0  0  0  6  0  0  26967  0  122794  546  2198  22  
1  0  0  0  5  0  0  0  0  0  0  0  0  0  0  0  0  0  0  0  0  0  0  7  0  0  0  0  0  0  3685  0  0  0  0  0  0  0  0  0  0  0  0  0  0  0  0  0  0  0  0  0  0  0  0  0  0  0  0  0  0  0  1  0  0  0  0  0  0  0  0  0  0  0  61067  0  0  0  523  1901  0  0  0  0  0  7  24738  358  7500  124  390  23242  0  0  0  0  1076  0  0  0  0  0  0  0  17995  4  0  4  210  0  0  0  908  0  0  0  85  0  0  0  46023  39  2  0  0  338  7  0  0  0  0  0  0  0  0  45352  87266  123552  0  1  0  0  0  5274  0  0  2  0  0  0  0  0  0  0  1048  1627  1  0  8824  0  
0  0  0  0  0  0  0  0  0  0  0  0  0  0  0  0  0  0  0  0  0  0  0  0  0  0  0  0  0  0  0  0  0  0  0  0  0  0  0  0  0  0  0  0  0  0  0  0  0  0  0  0  0  0  0  0  0  0  0  0  0  0  0  0  0  0  0  0  0  0  0  0  0  0  0  1  0  1  0  0  0  0  0  0  0  0  0  0  0  0  0  4  26958  16  30  6  2  0  0  49760  523  2793  0  4  0  0  0  5313  0  327  1  10914  0  0  348  7  0  69  2  0  0  44  15  0  0  0  0  0  49076  75949  48  4206  176  50  130  0  0  0  706  0  475  0  0  0  0  0  187070  0  0  0  0  0  0  0  4  0  92  1  7  0  
0  0  0  0  0  0  0  0  0  0  0  0  0  0  0  0  0  0  0  0  0  0  0  0  0  0  0  0  0  0  0  0  0  0  0  0  0  0  0  0  0  0  0  0  0  0  0  0  0  0  0  0  0  0  0  0  0  0  0  0  0  0  0  0  0  0  0  0  0  0  0  0  0  0  0  0  0  53098  0  0  0  2  1  111  0  1  0  0  0  3  9  198  0  3  0  0  0  0  49732  0  84  25412  67  148  0  0  746  16104  0  105355  0  0  0  0  53165  0  0  196  12502  16  1  258  1107  0  0  0  1  2  21603  1720  4  20  0  0  6  0  0  0  556  13  56478  24  20  0  16  0  15738  1291  0  0  0  0  0  0  21  12  324  14  319  8  
0  0  0  0  0  0  0  0  0  0  16  0  0  0  0  0  0  0  0  0  0  0  0  0  0  0  0  0  0  3  0  0  0  0  0  0  0  0  0  0  0  0  0  0  0  0  0  0  0  0  0  0  0  0  0  0  0  0  0  0  0  0  0  0  2  0  0  0  0  0  0  0  0  0  0  0  8390  3  0  0  0  2  75  254  152  0  0  0  0  17  2  15  232  25160  0  0  0  0  1241  64  0  7318  61  89836  0  0  0  0  0  1  0  0  0  0  516  0  0  94  733  3603  0  10  101  0  0  0  0  1  2  127077  1  660  1  0  0  0  0  0  15504  287  42859  0  41  0  5109  0  193  0  0  0  0  0  0  0  0  54  6  315  2517  454  
0  0  0  0  0  0  0  0  0  0  0  0  0  0  0  0  0  0  0  0  0  0  0  0  0  0  0  0  0  0  0  0  0  0  0  0  0  0  0  0  0  0  0  0  0  0  0  0  0  0  0  0  0  0  0  0  0  0  0  0  0  0  0  0  0  0  0  0  0  0  0  0  0  0  0  0  4769  23394  0  0  0  0  0  0  0  0  0  0  0  0  0  0  0  0  0  0  0  0  2590  29648  6086  0  13636  0  0  0  0  0  0  96  0  0  0  0  14  0  0  0  127327  0  0  0  0  0  0  0  0  0  39  1793  0  0  0  0  0  0  0  0  0  0  114503  0  0  0  3  0  0  0  0  0  0  0  0  0  0  0  0  0  0  0  
0  0  0  0  0  0  0  0  0  0  0  0  0  0  0  0  0  0  0  0  0  0  0  0  0  0  0  0  0  0  0  0  0  0  0  0  0  0  0  0  0  0  0  0  0  0  0  0  0  0  0  0  0  0  0  0  0  0  0  0  0  0  0  0  0  0  0  0  0  0  0  0  0  0  0  0  11117  19367  0  0  1  28  1  1  0  555  0  3  19036  6232  1  2  0  0  0  0  0  0  0  2  5  18349  0  0  0  0  0  0  0  0  0  0  0  0  10  0  0  0  195887  2198  0  0  361  0  0  2  0  317  0  1  0  0  0  0  0  0  0  0  0  4  567  77739  83994  0  590  0  0  0  0  0  0  0  0  0  0  14  0  5  139  3  
0  0  465  0  0  0  0  1  497  73  17387  0  0  0  0  40  0  0  0  1  0  12719  0  0  0  0  8  0  0  17073  0  0  0  0  0  0  0  0  0  0  0  0  0  6339  0  54  0  0  0  0  0  0  0  0  0  0  0  0  0  0  1  0  0  0  553  2  0  0  0  0  3221  0  0  0  0  0  15277  9  0  0  0  26  658  14665  2557  0  0  0  0  62  4  44  0  4223  0  3162  0  0  35  38  98629  2  28  0  0  0  0  0  0  1  0  0  0  0  350  0  0  99  58  58138  0  13  131  0  0  0  0  0  2  2117  0  2  0  0  0  0  0  0  81145  180  53  0  38  0  110218  0  101  0  0  0  0  0  0  0  0  46  1  209  2244  268  
1  0  0  0  3  3  0  0  0  0  0  0  0  0  0  0  0  0  0  0  0  0  0  3  0  0  0  0  0  0  19645  98  0  0  0  0  0  0  0  0  0  0  0  0  0  0  0  0  0  0  0  0  0  0  0  0  0  0  0  0  0  0  1  0  0  6  0  0  0  584  0  0  0  0  9544  0  0  0  16  584  0  0  0  0  0  0  0  0  0  108  0  1  0  0  0  0  0  16345  0  0  0  0  0  0  0  11121  0  0  0  0  0  0  0  0  0  0  0  0  0  0  1  0  0  0  0  0  0  0  0  0  0  0  0  0  0  0  60605  4  0  0  0  0  0  48758  0  0  0  0  0  0  0  4  4  3  7  0  0  15  2579  1  
1  0  0  0  0  65  0  0  0  1  0  0  0  0  0  21  0  0  0  0  0  0  0  0  0  0  0  0  0  0  1  610  0  0  0  0  0  0  0  0  0  0  0  0  0  0  0  0  0  0  0  0  0  0  0  0  0  0  0  0  0  0  0  0  0  556  0  0  0  4  0  0  0  0  4  0  0  0  2  9767  0  0  0  0  0  0  0  0  0  0  0  0  0  0  0  0  0  1  0  0  0  0  0  0  7750  0  0  0  0  0  0  0  0  0  0  0  0  0  0  0  15  0  1  0  0  0  0  0  0  0  0  0  0  0  0  0  3780  31  0  6361  0  0  0  11578  0  0  0  0  0  0  0  24  6  4  23  17314  15  1268  13367  5063  
0  0  0  0  0  0  0  0  0  0  0  0  0  0  0  0  0  0  0  0  0  0  0  0  0  0  0  0  0  0  0  0  0  0  0  0  0  0  0  0  0  0  0  0  0  0  0  0  0  0  0  0  0  0  0  0  0  0  0  0  0  0  0  0  0  0  0  0  0  0  0  0  0  0  0  0  0  4612  0  0  0  0  0  2  0  111  0  0  0  0  1172  166  0  0  0  0  0  0  0  2490  0  0  0  0  0  0  0  11106  105  176  0  0  0  0  15635  0  0  1  0  0  0  37638  316  0  0  0  0  0  0  1  1  0  0  0  0  0  0  0  3  0  0  0  0  0  0  0  818  37224  0  0  0  0  0  0  1  0  33  15  96  1  
0  0  0  0  0  0  0  0  0  0  0  0  0  0  0  0  0  0  0  0  0  0  0  0  0  0  0  0  0  0  0  0  0  0  0  0  0  0  0  0  0  0  0  0  0  0  0  0  0  0  0  0  0  0  0  0  0  0  0  0  0  0  0  0  0  0  0  0  0  0  0  0  0  0  0  0  0  2417  0  0  0  0  0  0  0  3710  1  56  0  0  55  78  0  0  1  1  3  31  4591  14040  1  0  0  1  0  0  10273  0  89151  37272  4  7245  6  0  574  0  15355  37  1  0  1  44787  19  4  0  0  0  0  0  5  4  5  0  2  5  0  0  0  109  0  0  0  0  0  0  2  113350  16236  0  0  0  1  0  0  73  0  302  24  141  0  
0  0  0  0  0  0  0  0  0  0  0  0  0  0  0  0  0  0  0  0  0  0  0  0  0  0  0  0  0  0  0  0  0  0  0  0  0  0  0  0  0  0  0  0  0  0  0  0  0  0  0  0  0  0  0  0  0  0  0  0  0  0  0  0  0  0  0  0  0  0  0  0  0  0  0  0  0  0  0  0  0  0  0  0  0  512  0  38  0  0  15874  8877  0  0  0  0  16426  276  0  0  0  0  0  0  0  0  175  67834  0  0  2  159  7  1  0  0  24734  1  0  0  105  44559  12  2  0  0  0  0  0  0  0  0  1  4  1  0  1  7  0  0  0  0  0  0  0  1  17335  14  0  0  0  0  0  0  28359  0  244  0  136  0  
0  0  0  0  0  0  0  0  0  0  0  0  0  0  0  0  0  0  0  0  0  0  0  0  0  0  0  0  0  0  0  0  0  0  0  0  0  0  0  0  0  0  0  0  0  0  0  0  0  0  0  0  0  0  0  0  0  0  0  0  0  0  0  0  0  0  0  0  0  0  0  0  0  0  0  0  0  1322  0  0  0  0  0  0  0  0  0  0  0  0  0  0  0  0  0  0  0  0  2294  89214  0  72  0  4  0  0  234  42464  0  0  0  0  0  0  37377  0  0  26  0  0  0  2576  4  0  0  0  0  0  5388  120  2  0  0  0  0  0  0  0  25  0  360  0  0  0  0  0  2621  23313  0  0  0  0  0  0  80  0  295  40  152  1  
0  0  0  0  0  0  0  0  0  0  0  0  0  0  0  0  0  0  0  0  0  0  0  0  0  0  0  0  0  0  0  0  0  0  0  0  0  0  0  0  0  0  0  0  0  0  0  0  0  0  0  0  0  0  0  0  0  0  0  0  0  0  0  0  0  0  0  0  0  0  0  0  0  0  0  8001  0  0  0  0  0  0  0  0  0  0  0  0  0  0  0  0  0  0  3520  0  122  0  9  0  0  0  0  0  0  0  0  2  0  0  0  44287  0  0  0  0  23511  4  0  0  0  24  0  76797  0  0  0  0  0  0  3  0  5513  101320  5263  0  0  0  1  0  0  0  0  0  0  154994  8750  0  0  0  0  0  0  0  403  0  273  0  2  0  
0  0  0  0  0  0  0  0  0  0  0  0  0  0  0  0  0  0  0  0  0  0  0  0  0  0  0  0  0  0  0  0  0  0  0  0  0  0  0  0  0  0  0  0  0  0  0  0  0  0  0  0  0  0  0  0  0  0  0  0  0  0  0  0  0  0  0  0  0  0  0  0  0  0  0  12  0  0  0  0  0  0  0  0  0  0  0  0  0  0  0  0  71  0  47  0  10  0  9302  0  0  0  0  0  0  0  0  9379  120  0  45893  0  0  0  0  0  13857  1  0  0  0  293  0  2586  0  0  0  0  0  0  1  0  13867  7519  384  0  0  0  0  0  0  0  0  0  0  120695  137963  0  0  0  0  0  0  0  36  0  357  0  1  0  
0  0  0  0  0  0  0  0  0  0  0  0  0  0  0  0  0  0  0  0  0  0  0  0  0  0  0  0  0  0  0  0  0  0  0  0  0  0  0  0  0  0  0  0  0  0  0  0  0  0  0  0  0  0  0  0  0  0  0  0  0  0  0  0  0  0  0  0  0  0  0  0  0  0  347  0  0  0  1833  602  1  0  0  0  0  1011  17352  50544  0  153  0  2258  0  0  0  0  0  942  0  0  0  0  0  0  0  0  0  4  0  0  0  0  0  9494  3  0  0  0  1  0  25653  0  22171  0  0  37577  1241  223  0  0  0  0  0  0  0  7360  0  2637  0  221  0  37  0  0  0  0  0  0  0  0  0  0  0  0  0  5  0  0  79  0  
0  0  0  0  0  0  0  0  0  0  0  0  0  0  0  0  0  0  0  0  0  0  0  0  0  0  0  0  0  0  0  0  0  0  0  0  0  0  0  0  0  0  0  0  0  0  0  0  0  0  0  0  0  0  0  0  0  0  0  0  0  0  0  0  0  0  0  0  0  0  0  0  0  0  2  0  0  77  96  288  10  7  0  0  0  29186  0  25352  12  384  0  1  0  0  0  0  0  0  0  0  0  0  6  0  0  0  0  0  0  0  0  0  8892  0  1  0  0  0  2  0  1  0  13275  0  0  10725  159  572  0  0  0  0  0  0  0  1  0  1  1  188  0  1033  8  0  0  0  0  0  0  0  0  0  0  0  0  12  0  0  487  0  
0  0  0  0  0  0  0  0  0  0  0  0  0  0  0  0  0  0  0  0  0  0  0  0  0  0  0  0  0  0  0  0  0  0  0  0  0  0  0  0  0  0  0  0  0  0  0  0  0  0  0  0  0  0  0  0  0  0  0  0  0  0  0  0  0  0  0  0  0  0  0  0  0  0  0  2  1  31172  0  0  3  63  119  1411  0  220  0  0  0  133  6833  1519  0  35  1  6  14  0  5753  69924  3382  7  1158  1947  0  0  15315  4957  0  37237  0  0  0  3  0  4  2  5954  2197  201  0  26238  32164  0  0  0  0  37  5870  7279  234  170  9  1  91  0  0  0  5191  127  10067  691  521  0  586  0  8240  10687  0  0  0  1  0  0  474  276  6338  5606  39110  751  
0  0  0  0  0  0  0  0  0  0  126  0  0  0  0  0  0  0  0  0  0  67  0  0  0  0  0  0  0  0  0  0  0  0  0  0  0  0  0  0  0  516  0  83  0  0  0  0  0  0  0  0  0  0  0  0  0  0  0  0  0  0  0  0  0  0  0  0  0  0  0  0  0  0  0  47501  0  0  0  0  0  0  0  0  40078  0  0  0  0  0  0  0  24719  22151  3083  79410  0  0  0  0  0  0  0  0  0  0  0  0  0  0  0  0  0  0  0  0  0  49988  0  0  0  0  0  0  40228  0  0  0  0  0  34584  1685  12  0  11450  0  0  0  18  0  0  0  0  0  0  0  29  0  0  0  0  0  0  0  0  0  0  0  0  0  
0  0  0  0  0  0  0  0  0  0  0  0  0  0  0  0  0  0  0  0  0  0  0  0  0  0  0  0  0  0  0  0  0  0  0  0  0  0  0  0  0  0  0  0  0  0  0  0  0  0  0  0  0  0  0  0  0  0  0  0  0  0  0  0  0  0  0  0  0  0  0  0  0  0  0  0  0  0  0  0  0  0  0  0  0  0  0  0  0  0  68  29  0  0  0  0  20453  40  0  0  0  0  0  0  0  0  0  15744  34786  0  24593  12105  0  0  0  0  0  0  0  0  4  3819  1  5853  0  0  0  0  0  0  0  0  1  36  12807  0  0  1  0  0  0  0  0  0  0  5182  3615  0  0  0  0  0  0  0  41810  0  4548  0  13  0  
0  0  1  0  0  0  0  0  0  0  466  0  0  0  0  0  0  0  0  1  0  158  0  0  0  0  0  0  0  351  0  0  0  0  0  0  0  0  0  0  0  128  0  18  0  0  0  0  0  0  0  0  0  0  0  0  0  0  0  0  2  0  0  0  10  1  0  0  0  0  0  0  0  0  0  1240  0  138  0  1  3  101  53  21753  91906  21  0  0  0  79  3  144  491  3904  983  186450  14139  0  124  129  493  0  82  1079  0  0  0  15  0  4  0  0  0  0  12129  54175  0  0  287  17  0  198  5497  0  95  0  0  33  78  975  32864  1323  552  7  11997  0  0  0  125441  171  9  104  55  0  131  0  5678  4  0  0  0  0  0  0  4  55  7444  632  2372  816  
0  0  0  0  0  0  0  0  0  0  0  0  0  0  0  0  0  0  0  0  0  0  0  0  0  0  0  0  0  0  0  0  0  0  0  0  0  0  0  0  0  0  0  0  0  0  0  0  0  0  0  0  0  0  0  0  0  0  0  0  0  0  0  0  0  0  0  0  0  0  0  0  0  0  0  0  19155  32676  0  2  9  775  170  16  0  198  0  0  62  1186  38  82  0  0  0  0  0  0  0  8182  305  113906  187285  15  0  0  0  0  0  0  0  0  0  2  2009  0  0  1  0  1021  0  4  4848  0  0  0  1  897  0  60  0  0  0  0  0  0  0  0  7  208  101809  4731  54692  0  1578  0  3  0  0  0  0  0  0  0  0  1637  1  29  2671  110  
0  0  56  0  0  0  0  40  745  0  0  0  0  0  0  37  0  0  0  0  0  0  0  0  0  0  0  0  0  237  0  0  0  0  0  0  0  0  0  0  0  0  0  0  0  48  0  0  0  0  0  0  0  0  0  0  0  0  0  0  0  0  0  0  0  1  0  0  0  0  722  0  0  0  0  0  40921  18  0  3  190  52020  29629  51  0  0  0  0  0  22855  30  26  0  0  0  0  0  0  1  5  6604  0  1164  58781  0  0  0  0  0  0  0  0  0  1  79  0  0  14  694  0  0  5  333  0  0  0  0  130  0  77  0  0  0  0  0  0  0  0  9  464  1426  24  15997  0  65180  0  2  0  0  0  0  0  0  0  0  95  0  27  1915  47  
0  0  0  0  0  0  0  0  0  0  0  0  0  0  0  0  0  0  0  0  0  0  0  0  0  0  0  0  0  0  0  0  0  0  0  0  0  0  0  0  0  0  0  0  0  0  0  0  0  0  0  0  0  0  0  0  0  0  0  0  0  0  0  0  0  0  0  0  0  0  0  0  0  0  9043  0  0  0  8991  3658  0  0  0  0  0  4  4187  446  0  71  84  43250  0  0  0  0  148  47083  2  2  0  0  0  0  8  17  0  2  2  0  0  0  27974  4  1  0  6  3  0  0  0  311  8148  0  0  5065  4688  28  0  0  4  1  6  2  1  1595  4796  27681  2  570  0  1  0  2  0  0  181  0  0  0  0  2  0  1  1628  27  304  0  57749  0  
0  0  0  0  0  0  0  0  0  0  0  0  0  0  0  0  0  0  0  0  0  0  0  0  0  0  0  0  0  0  0  0  0  0  0  0  0  0  0  0  0  0  0  0  0  0  0  0  0  0  0  0  0  0  0  0  0  0  0  0  0  0  0  0  0  0  0  0  0  0  0  0  0  0  0  1  0  146  0  0  0  2  2  10  0  197  0  2  0  8  36693  4299  0  0  1  1  190  109  57  71  49  0  59  23  0  0  33329  35670  47168  1011  15  281  1  0  22025  4  7587  195  29  5  381  0  241  14  0  0  0  0  2  24  67  13  83  15  27  0  0  2  142  4  7  0  21  0  12  29  96288  21080  0  0  0  1  0  0  10126  1  18188  4239  76891  93  
0  0  0  0  0  0  1  0  0  1  0  0  0  0  0  0  0  0  0  0  0  0  0  0  0  0  0  0  0  0  0  0  0  0  0  0  0  0  0  0  0  0  0  0  0  0  0  0  0  0  0  0  0  0  0  0  0  0  0  0  0  0  0  0  0  1  0  0  0  0  0  0  0  0  122  0  0  45473  5864  5209  439  2388  196  102  0  59748  0  1339  12  6513  10877  48718  0  3  0  0  0  2  11  80  193  0  7816  63  0  0  191  19  72  0  0  0  21448  17248  18067  0  0  285  17495  521  8301  259  0  0  0  8408  3741  7239  55  123  8  14  0  0  1  28  0  9  340  2813  144  24683  2903  0  737  0  149  0  0  0  0  0  0  0  0  1360  2  99  81375  208  
0  0  0  0  0  0  0  0  0  0  0  0  0  0  0  0  0  0  0  0  0  0  0  0  0  0  0  0  0  0  0  0  0  0  0  0  0  0  0  0  0  0  0  0  0  0  0  0  0  0  0  0  0  0  0  0  0  0  0  0  0  0  0  0  0  0  0  0  0  0  0  0  0  0  0  0  0  0  0  0  0  0  0  0  0  0  0  0  0  0  0  0  0  0  25915  0  1806  0  8  0  0  0  0  0  0  0  0  3  12  0  63798  9809  0  0  0  0  10584  0  0  0  0  40  0  0  0  0  0  0  0  0  1  0  57  22434  33824  0  0  0  0  0  0  0  0  0  0  17029  3867  0  0  0  0  0  0  0  146  0  877  0  0  0  
0  0  0  0  0  0  0  0  0  0  0  0  0  0  0  0  0  0  0  0  0  32  0  0  0  0  0  0  0  0  0  0  0  0  0  0  0  0  0  0  0  0  0  0  0  0  0  0  0  0  0  0  0  0  0  0  0  0  0  0  0  0  0  0  0  0  0  0  0  0  0  0  0  0  0  39759  0  0  0  0  0  0  0  0  1  0  0  0  0  0  0  0  180  2  33686  12354  0  0  0  0  0  0  0  0  0  0  0  0  0  0  0  0  0  0  0  57974  0  76  0  0  0  0  0  0  0  0  0  0  0  0  481  2  233  0  43881  0  0  0  0  0  0  0  0  0  0  0  17  0  0  0  0  0  0  0  0  0  0  0  0  0  
0  0  0  0  0  0  0  0  0  0  0  0  0  0  0  0  0  0  0  0  0  0  0  0  0  0  0  0  0  0  0  0  0  0  0  0  0  0  0  0  0  0  0  0  0  0  0  0  0  0  0  0  0  0  0  0  0  0  0  0  0  0  0  0  0  0  0  0  0  0  0  0  0  0  3688  0  0  10  3676  1410  45  13  0  0  0  17024  36  75394  164092  741  0  1  0  0  0  0  0  94  0  0  0  0  25  0  0  0  0  0  0  0  0  0  23111  26679  1  0  0  0  7  0  1222  0  4491  0  0  0  73873  26345  0  0  0  0  0  0  0  33142  0  979  0  442  0  67677  4  2  0  0  0  0  0  0  0  0  0  0  0  38  0  0  1312  0  
0  0  0  0  0  0  0  0  0  0  0  0  0  0  0  0  0  0  0  0  0  0  0  0  0  0  0  0  0  0  0  0  0  0  0  0  0  0  0  0  0  0  0  0  0  0  0  0  0  0  0  0  0  0  0  0  0  0  0  0  0  0  0  0  0  0  0  0  0  0  0  0  0  0  13943  0  0  4  88864  9552  18  1  0  0  0  59  1  80  106232  6074  0  146  0  0  0  0  0  17  0  0  0  0  4  0  0  0  0  0  0  0  0  0  432  408  0  0  0  0  0  0  10525  0  4118  0  0  101483  0  57328  0  0  0  0  0  0  0  10967  0  257  0  230  0  82  0  0  0  0  0  0  0  0  0  0  0  0  0  36  0  0  5662  0  
0  0  0  0  0  0  0  0  0  0  0  0  0  0  0  0  0  0  0  0  0  0  0  0  0  0  0  0  0  0  0  0  0  0  0  0  0  0  0  0  0  0  0  0  0  0  0  0  0  0  0  0  0  0  0  0  0  0  0  0  0  0  0  0  0  0  0  0  0  0  0  0  0  0  5  0  1  20  6156  2663  1537  6030  147  2  0  201  0  15  97744  163303  4  9  0  0  0  0  0  1  0  0  1  0  735  0  0  0  0  0  0  0  0  0  12  1227  0  0  0  0  1145  145  5  0  5937  0  0  23510  53219  0  0  0  0  0  0  0  0  0  0  1  0  215  0  25455  61973  0  14  0  0  0  0  0  0  0  0  0  0  701  0  0  7428  15  
0  0  0  0  0  0  0  0  0  0  0  0  0  0  0  0  0  0  0  0  0  0  0  0  0  0  0  0  0  0  0  0  0  0  0  0  0  0  0  0  0  0  0  0  0  0  0  0  0  0  0  0  0  0  0  0  0  0  0  0  0  0  0  0  0  0  0  0  0  0  0  0  0  0  0  0  0  4  0  0  0  2  1  0  0  0  0  0  0  2  0  3  0  39  0  0  1  0  43687  19649  25  17  0  23  0  0  0  2  0  5373  0  0  0  0  7684  0  0  41  2  0  0  2  86  0  0  0  0  2  0  60266  3  39  1  3  7  0  0  0  1608  0  6431  2  1  0  0  0  33919  0  0  0  0  0  0  0  1  0  5  0  13  1  
0  0  0  0  0  0  0  0  0  0  0  0  0  0  0  0  0  0  0  0  0  0  0  0  0  0  0  0  0  0  0  0  0  0  0  0  0  0  0  0  0  0  0  0  0  0  0  0  0  0  0  0  0  0  0  0  0  0  0  0  0  0  0  0  0  0  0  0  0  0  0  0  0  0  0  0  1  27  0  0  0  7  11  118  1  3  0  0  0  5  4  62  3717  31608  2  36  0  0  65774  3140  147713  3386  87  2067  0  0  0  6  0  17  0  0  0  0  9901  10  0  559  67  56  0  28  554  0  0  0  0  4  65439  0  176  32632  5  0  15  0  0  0  26176  19  70390  8  20  0  522  0  40412  0  0  0  0  0  0  0  1  5  19  20  492  15  
0  0  0  0  0  0  0  0  0  0  0  0  0  0  0  0  0  0  0  0  0  0  0  0  0  0  0  0  0  0  0  0  0  0  0  0  0  0  0  0  0  0  0  0  0  0  0  0  0  0  0  0  0  0  0  0  0  0  0  0  0  0  0  0  0  0  0  0  0  0  0  0  0  0  0  7183  0  1  0  0  0  1  0  0  222  0  0  0  0  0  0  1  110929  10070  271  1030  0  0  14  1  0  0  1  0  0  0  0  0  0  0  0  0  0  0  33  36987  0  5362  4  0  0  2  34  0  111  0  0  0  1  20  0  14285  870  4  2011  0  0  0  718  0  0  1  0  0  0  0  26030  0  0  0  0  0  0  0  0  0  0  0  1  0  
0  0  0  0  0  0  0  0  0  0  0  0  0  0  0  0  0  0  0  0  0  0  0  0  0  0  0  0  0  0  0  0  0  0  0  0  0  0  0  0  0  0  0  0  0  0  0  0  0  0  0  0  0  0  0  0  0  0  0  0  0  0  0  0  0  0  0  0  0  0  0  0  0  0  0  3  0  22  0  0  0  5  0  0  193  1  0  0  0  1  0  17  48117  43921  0  458  0  0  5341  15  266  0  4  1  0  0  0  1  0  0  0  0  0  0  78  894  0  1837  9  0  0  3  338  0  2  0  0  1  25  32508  9307  0  2  0  56  0  0  0  4705  1  0  2  2  0  0  0  14656  0  0  0  0  0  0  0  0  1  6  0  15  1  
0  0  0  0  0  0  0  0  0  0  0  0  0  0  0  0  0  0  0  0  0  0  0  0  0  0  0  0  0  0  0  0  0  0  0  0  0  0  0  0  0  0  0  0  0  0  0  0  0  0  0  0  0  0  0  0  0  0  0  0  0  0  0  0  0  0  0  0  0  0  0  0  0  0  0  33760  0  1  0  0  0  1  0  0  0  0  0  0  0  1  1  2  28595  0  6490  174  1  0  363  1  0  0  1  1  0  0  0  0  0  4  4479  15994  0  0  109  70  0  641  3  0  2  164  32  1  85  0  0  0  5  15  3192  10  0  8710  23787  0  0  0  134  0  0  1  0  0  1  15357  44257  0  0  0  0  0  0  0  16  0  1246  1  47  0  
0  0  0  0  0  0  0  0  0  0  0  0  0  0  0  0  0  0  0  0  0  0  0  0  0  0  0  0  0  0  0  0  0  0  0  0  0  0  0  0  0  0  0  0  0  0  0  0  0  0  0  0  0  0  0  0  0  0  0  0  0  0  0  0  0  0  0  0  0  0  0  0  0  0  0  20905  0  0  0  0  0  0  0  0  0  0  0  0  0  0  0  0  5  0  86181  7  97  0  238  0  0  0  0  0  0  0  0  2  0  1  81766  8958  0  0  1  4  295  48  0  0  0  127  0  18960  0  0  0  0  2  5  355  3  9940  0  36080  0  0  0  22  0  0  0  0  0  0  15982  17565  0  0  0  0  0  0  0  12  0  326  1  11  0  
0  0  0  0  0  0  0  0  0  0  0  0  0  0  0  0  0  0  0  0  0  31  0  0  0  0  0  0  0  0  0  0  0  0  0  0  1  0  0  0  0  0  0  0  0  0  0  0  0  0  0  0  0  0  0  0  0  0  0  1  0  0  0  0  0  0  0  0  0  0  0  0  0  0  0  13013  0  5  0  0  0  0  0  2  38  1  0  0  0  0  0  3  736  10  105228  86117  50574  0  1047  9  1  0  2  4  0  0  0  13  3  2  3848  311  0  0  949  4232  14478  19732  11  0  4  322  94  41093  21236  0  0  1  24  79  24882  122  20883  33995  0  0  0  0  1845  0  0  6  0  0  0  2080  35328  0  0  0  0  2  0  0  7520  0  35440  13  39  1  
0  0  0  0  0  0  0  0  0  0  0  0  0  0  0  0  0  0  0  0  0  0  0  0  0  0  0  0  0  0  0  0  0  0  0  0  0  0  0  0  0  0  0  0  0  0  0  0  0  0  0  0  0  0  0  0  0  0  0  0  0  0  0  0  0  0  0  0  0  0  0  0  0  0  20861  0  0  0  545  216  0  0  0  0  0  0  16148  25841  18990  24  0  2  0  0  0  0  0  36764  0  0  0  0  0  0  0  0  0  0  0  0  0  0  4012  7  0  0  0  0  0  0  1705  0  172  0  0  34280  14505  7  0  0  0  0  0  0  0  0  2  10723  0  24  0  0  0  4  0  0  0  0  0  0  0  0  0  0  0  5  0  0  185  0  
0  0  0  0  0  0  0  0  0  0  0  0  0  0  0  0  0  0  0  0  0  0  0  0  0  0  0  0  0  0  287  0  0  0  0  0  0  0  0  0  0  0  0  0  0  0  0  0  0  0  0  0  0  0  0  0  0  0  0  0  0  0  0  0  0  0  0  0  0  0  0  0  0  0  173  0  0  0  121  24825  0  0  0  0  0  0  0  0  0  21  3  152  0  0  0  0  7  78773  0  0  0  0  0  0  50076  6857  0  0  1  0  0  0  0  0  0  0  1  0  0  0  2609  0  0  0  0  0  1  0  0  0  0  0  0  0  0  0  0  19689  0  0  0  0  0  36696  0  0  0  0  0  0  0  1  0  0  22  4472  0  2  18382  1  
0  0  0  0  0  0  0  0  0  0  0  0  0  0  0  0  0  0  0  0  0  0  0  0  0  0  0  0  0  0  0  0  0  0  0  0  0  0  0  0  0  0  0  0  0  0  0  0  0  0  0  0  0  0  0  0  0  0  0  0  0  0  0  0  0  0  0  0  0  0  0  0  0  0  10869  0  0  0  2502  10789  0  0  0  0  0  0  3579  80  0  650  7  240  0  0  0  0  4  120970  0  0  0  0  0  0  12  39  0  0  18  0  0  0  1952  1  0  0  1  0  0  0  15095  0  11  0  0  1987  73  1  0  0  0  0  0  0  0  22213  21957  0  0  5  0  0  0  2516  0  0  0  0  0  0  0  0  0  0  15  4558  0  0  14506  0  
0  0  0  0  0  0  0  0  0  1  1394  0  0  0  0  0  0  0  0  0  0  16022  0  0  0  0  2  0  0  159  0  0  0  0  0  0  0  0  0  0  0  0  0  994  0  0  0  0  0  0  0  0  0  0  0  0  0  0  0  0  21  0  0  0  50  1  0  0  0  0  0  0  0  0  0  6  0  228  0  2  0  52  208  6277  70278  6  0  0  0  36  16  372  19  54660  2  23027  0  0  883  563  44908  0  84  100269  0  0  1  11  0  4  0  0  0  0  2628  129  0  127621  100  53  0  108  3894  0  0  0  0  17  517  29699  3917  7996  5  2  351  0  0  0  0  243  13  36  64  0  3178  0  7453  0  0  0  0  0  0  0  2  58  36  315  3311  461  
4  0  0  0  14  1474  735  335  7231  33798  0  0  0  0  2  395  0  0  0  0  0  274  0  0  0  0  1  0  0  3425  0  175  0  0  0  1  0  0  0  0  0  0  0  257  1  0  1  12  2  0  0  0  16  1  0  7  0  0  0  0  1  0  0  0  4  25427  0  0  0  1  0  0  8  0  26  0  0  16  423  59294  41506  27503  43463  28939  0  19  0  1  0  1219  19  57  0  0  1  1  0  0  5  17  86  0  175  172  0  7978  0  0  0  0  0  0  13  110  495  0  0  81  117  274  568  20  1764  0  0  153  211  261  0  17  0  1  0  0  0  6  0  1  62  0  13  135  837  1612  2197  0  3  0  0  108  139  4076  40  763  0  45558  19  14450  40899  1780  
0  0  0  0  0  0  0  0  0  0  0  0  0  0  0  0  0  0  0  0  0  0  0  0  0  0  0  0  0  0  0  0  0  0  0  0  0  0  0  0  0  0  0  0  0  0  0  0  0  0  0  0  0  0  0  0  0  0  0  0  0  0  0  0  0  0  0  0  0  0  0  0  0  0  0  0  5610  18  0  0  0  6  3  8  0  0  0  0  0  18  3  16  0  0  0  0  0  0  530  58890  39345  105624  559  26  0  0  0  0  0  258  0  0  0  0  18707  0  0  2  109009  902  0  1  102  0  0  0  0  2  5674  66879  0  0  0  0  0  0  0  0  9  8  0  2  1413  0  505  0  12  0  0  0  0  0  0  0  0  7  0  5  97  11  
0  0  0  0  0  0  0  0  0  0  0  0  0  0  0  0  0  0  0  0  0  0  0  0  0  0  0  0  0  0  0  0  0  0  0  0  0  0  0  0  0  0  0  0  0  0  0  0  0  0  0  0  0  0  0  0  0  0  0  0  0  0  0  0  0  0  0  0  0  0  0  0  0  0  0  0  0  31661  21  359  236  169  8  0  0  74820  0  17  62373  1064  4  8  0  0  0  0  0  0  0  0  0  0  105087  1  0  0  0  0  0  0  0  0  6  3528  14  0  0  0  22918  14  0  0  14839  0  0  47822  54  27332  1  0  0  0  0  0  0  0  0  0  2  306  0  0  11290  0  5  0  3  0  0  0  0  0  0  0  0  1200  0  4  3876  28  
0  0  0  0  0  0  0  0  0  0  0  0  0  0  0  0  0  0  0  0  0  0  0  0  0  0  0  0  0  0  0  0  0  0  0  0  0  0  0  0  0  0  0  0  0  0  0  0  0  0  0  0  0  0  0  0  0  0  0  0  0  0  0  0  0  0  0  0  0  0  0  0  0  0  0  0  2  17  0  4  19  9478  428  17  0  1  0  0  20336  32610  26  20  0  0  0  0  0  0  0  14  7  0  89776  5  0  0  0  0  0  0  0  0  0  6  49  0  0  0  57367  7711  0  2  465  0  0  1  1  53546  0  0  0  0  0  0  0  0  0  0  1  194  3708  5814  0  0  398  0  0  0  0  0  0  0  0  0  0  253  0  10  1445  24  
0  0  0  0  49  28  0  0  0  0  0  0  0  0  0  4  0  0  0  0  0  0  0  0  0  0  0  0  0  0  5013  87  0  0  0  0  0  0  0  0  0  0  0  0  0  0  0  0  0  0  0  0  0  0  0  0  0  0  0  0  0  0  0  0  0  49  0  0  0  1671  0  0  0  0  5914  0  0  0  5278  49424  0  0  0  0  0  0  0  0  0  17447  0  0  0  0  0  0  0  6224  0  0  0  0  0  0  41346  15966  0  0  0  0  0  0  0  0  0  0  0  0  0  0  19  0  0  0  0  0  0  0  0  0  0  0  0  0  0  0  51207  4412  0  1627  0  0  0  0  0  0  0  0  0  0  0  0  0  1  0  5112  0  0  1088  0  
0  0  40  0  0  0  0  0  10188  278  385  0  0  0  0  4  0  0  0  0  0  224  0  0  0  0  0  0  0  12918  0  0  0  0  0  0  0  0  0  0  0  0  0  318  0  34  0  0  0  0  0  0  0  0  0  0  0  0  0  0  0  0  0  0  3  92  0  0  0  0  7872  0  0  0  0  0  219  35  0  0  145  208  64279  6583  7  0  0  0  0  2824  66  74  0  2  0  0  0  0  21  55  10983  1  1054  111363  0  0  0  0  0  0  0  0  0  0  1055  0  0  314  339  51192  0  54  609  0  0  1  0  44  1  447  0  0  0  0  0  0  0  0  1124  1052  168  15  3855  0  0  0  16  0  0  0  0  1  0  0  0  304  6  1032  14605  1362  
0  0  0  0  0  0  0  0  0  0  0  0  0  0  0  0  0  0  0  0  0  0  0  0  0  0  0  0  0  0  0  0  0  0  0  0  0  0  0  0  0  0  0  0  0  0  0  0  0  0  0  0  0  0  0  0  0  0  0  0  0  0  0  0  0  0  0  0  0  0  0  0  0  0  0  1943  0  0  0  0  0  0  0  0  0  0  0  0  0  0  0  0  0  0  102  1  7  0  8  0  0  0  0  0  0  0  0  4  19  0  162870  153836  0  0  0  0  8899  0  0  0  0  45  0  16357  0  0  0  0  0  0  7  0  17544  24970  3458  0  0  0  0  0  0  0  0  0  0  0  5178  0  0  0  0  0  0  0  550  0  635  0  0  0  
0  0  0  0  0  0  0  0  0  0  0  0  0  0  0  0  0  0  0  0  0  0  0  0  0  0  0  0  0  0  0  0  0  0  0  0  0  0  0  0  0  0  0  0  0  0  0  0  0  0  0  0  0  0  0  0  0  0  0  0  0  0  0  0  0  0  0  0  0  0  0  0  0  0  0  730  0  116  0  0  0  26  1  41  3  3  0  0  0  18  21  217  53065  135  2880  258  1659  0  220176  22825  282  0  14  497  0  0  442  127942  24877  6713  5006  150750  0  0  5336  140  11025  7880  65  5  20  134161  1526  876  19  0  0  4  22746  23225  23313  16796  39698  17223  18077  0  0  0  12536  2  16  30  8  0  4  1538  0  2633  0  0  0  0  0  0  2115  10  52826  763  2947  25  
0  0  0  0  0  0  0  0  0  0  0  0  0  0  0  0  0  0  0  0  0  0  0  0  0  0  0  0  0  0  0  0  0  0  0  0  0  0  0  0  0  0  0  0  0  0  0  0  0  0  0  0  0  0  0  0  0  0  0  0  0  0  0  0  0  0  0  0  0  0  0  0  0  0  0  0  0  7590  0  0  0  0  0  0  0  4  0  0  0  0  2  1  0  0  0  0  0  0  0  1079  0  0  0  0  0  0  32701  17672  0  21744  0  0  0  0  10057  0  5  10  0  0  0  34517  11  0  0  0  0  0  0  0  4  0  0  0  0  0  0  0  7  0  0  0  0  0  0  0  2740  0  0  0  0  0  0  0  45  0  328  214  115  2  
1  1  0  0  0  1  0  0  0  0  0  1  0  0  0  0  41457  32985  1  0  4  0  27830  178  0  0  0  0  0  0  0  1  0  425  40193  2  4  11  5  0  2  0  42730  3  0  0  189  30679  0  74  1  0  0  0  0  0  5  0  51  74  766  0  13  0  0  3  0  0  0  1  0  19  31  1  0  0  0  0  0  0  0  0  0  0  0  0  0  0  0  0  0  0  0  0  0  0  0  0  0  0  0  0  0  0  0  0  0  0  0  0  0  0  0  0  0  0  0  0  0  0  0  0  0  0  0  0  0  0  0  0  0  0  0  0  0  0  0  0  0  0  0  0  0  0  0  0  0  0  0  0  354750  757  52588  4592  0  0  0  0  0  0  
405  0  10  3  44  3111  27838  3289  17  37  0  3  0  2  12768  17412  0  0  0  0  0  0  0  0  0  3  2  4  51  0  0  0  0  0  0  0  0  0  0  6  2  0  0  15  605  931  0  0  262  0  0  11162  558  212266  0  129  0  1  2  0  0  2  0  0  8  16899  59  264  8932  9  14  0  11  0  0  0  0  0  0  0  0  2  0  0  0  0  0  0  0  0  0  0  0  0  0  0  0  0  0  0  0  0  0  0  0  0  0  0  0  0  0  0  0  0  0  0  0  0  0  0  0  0  0  0  0  0  0  0  0  0  0  0  0  0  0  0  0  0  0  25  0  0  0  0  0  0  0  0  0  0  0  7138  8526  275  0  11  0  7  0  0  
0  123  0  2  1  2  0  0  2  7210  2  0  0  0  0  0  3457  2169  28  1  2961  209  69132  0  0  2  0  0  0  0  0  2  17  112  2538  8  3002  386  0  0  348  0  1607  20301  1  0  3  39615  17  16149  31  0  0  0  0  16  342  20  9137  24785  38826  0  0  0  107  783  0  1  0  0  2  1785  2978  24  0  0  0  0  0  0  0  0  0  0  0  0  0  0  0  0  0  0  0  0  0  0  0  0  0  0  0  0  0  0  0  0  0  0  0  0  0  0  0  0  0  0  0  0  0  0  0  0  0  0  0  0  0  0  0  0  0  0  0  0  0  0  0  0  0  350  0  0  0  0  0  0  0  0  172507  2  0  55782  19828  5353  0  0  0  45  0  0  
104  14  0  2  149  3232  69  4  27  13676  0  0  0  0  2468  876  7  32  2  0  2  26  1730  0  2  7  204  33  22  20  0  588  26  0  0  84  1  0  1  5  208  0  0  236  10687  130  1  3338  68  0  3  188  984  1388  0  6460  40  17  249  93  347  0  1  1  219  11891  1672  13  60  112  29  11  1024  14  0  0  0  0  1  54  16  1  2  0  0  0  0  0  0  4  0  1  0  0  1  1  2  0  0  0  0  0  0  0  7  7  0  0  0  0  0  0  0  0  0  0  0  1  0  0  1  0  1  0  0  0  0  0  0  0  0  0  0  0  0  0  0  0  0  1202  0  0  0  0  0  0  0  0  109  5048  57613  0  18788  43779  1  2432  7  53726  216  4  
10998  24  0  64  2499  5488  4  0  25  58  0  419  0  102  4684  28  57531  89916  11  0  0  0  30  771  0  9  24  1  0  12  7  1350  20  0  6  94  9  2  49  14  2372  0  0  116  2611  22  37449  65184  71483  0  1  987  8449  2787  0  4591  34  8  664  433  310  157  1516  665  153  222  537  394  33  1399  4  48  662  17  0  0  0  0  0  0  0  0  0  0  0  0  0  0  0  0  0  0  0  0  0  0  0  0  0  0  0  0  0  0  3  1  0  0  0  0  0  0  0  0  0  0  0  0  0  0  0  0  0  0  0  0  0  0  0  0  0  0  0  0  0  0  0  0  0  3  0  0  0  0  0  0  0  0  16014  4009  15494  20074  0  219710  0  2  0  1  5  0  
1794  17  0  0  3179  7434  0  0  2  2  0  0  0  7  1167  133  1163  1163  4  0  0  0  216  1  0  1  0  1  0  1  10  208  9  0  0  7  2  1  0  1  23  0  0  11  278  2  27  1354  28  0  4  30  3601  387  0  149  16  2  288  104  247  6  4  4  13  4421  20  1  2  378  0  11  93  7  0  0  0  0  3  66  0  0  0  0  0  0  0  0  0  0  0  0  0  0  0  1  0  0  0  0  0  0  0  0  6  1  0  0  0  0  0  0  0  0  0  0  0  0  0  0  3  0  0  0  0  0  0  0  0  0  0  0  0  0  0  0  0  0  0  482  0  0  0  0  0  0  0  0  5072  129  17175  118771  616423  0  0  405  0  5  202  0  
0  0  0  0  0  0  0  0  0  0  0  0  0  0  0  0  0  0  0  0  0  0  0  0  0  0  0  0  0  0  0  0  0  0  0  0  0  0  0  0  0  0  0  0  0  0  0  0  0  0  0  0  0  0  0  0  0  0  0  0  0  0  0  0  0  0  0  0  0  0  0  0  0  0  0  0  0  1  0  0  0  0  0  0  0  0  0  0  0  0  2271  8312  0  0  1  0  29789  783  35  31  1  0  0  0  3  71  0  38  36151  11  1024  33  0  0  310  1  44439  56  0  0  4214  17733  3  65  0  0  0  0  0  5  23  3  71  11  5700  0  47  12  25  0  0  0  0  0  0  753  1277  0  0  0  0  10  0  0  0  349  239967  16671  82411  273  
0  0  0  0  0  52  38  0  0  509  0  0  0  0  13  19  0  0  0  0  0  0  0  0  0  0  0  0  0  0  0  467  0  0  0  0  0  0  0  0  0  0  0  1  0  0  0  0  0  0  0  0  5  3  0  0  0  0  0  0  0  0  0  0  0  1105  0  0  0  0  0  0  0  0  721  0  0  44  517  32691  423  481  1039  1814  0  6  0  0  0  489  141  39  0  0  0  0  0  412  1  8  23  0  112  87  0  18323  0  0  0  0  0  0  3  22  150  0  0  15  636  100  84  12  1184  0  0  21  57  560  0  3  0  0  0  0  0  2  4298  2441  50  38315  13  161  353  3128  226  0  1  0  0  3  0  2252  0  98  299  0  83  12682  140532  45596  
0  0  0  0  0  0  0  0  0  2  0  0  0  0  0  1  0  0  0  0  0  6  0  0  0  0  0  0  0  0  0  1  0  0  0  0  0  0  0  0  0  0  0  0  0  0  0  0  0  0  0  0  0  0  0  0  0  0  0  0  0  0  0  0  0  1  0  0  0  0  0  0  0  0  0  12  0  1  0  0  0  2  14  5215  0  0  0  0  0  7  45  265  0  3  172  4110  86836  0  667  423  139  0  18  47  0  6  21  364  205  174  113  281  0  0  14051  8  6987  11336  13  5  118  14465  281  729  1  0  0  0  42  155  423  68  1333  536  27199  0  1  0  709  43  8  0  6  0  45  148  41218  61  0  0  0  22  1  0  133521  39  0  37625  13202  1015  
0  0  0  0  0  24  1  0  0  6210  0  0  0  0  0  11  0  0  0  0  0  1  0  0  0  0  0  0  0  0  0  2695  0  0  0  0  0  0  0  0  0  0  0  1  0  0  0  0  0  0  0  0  0  0  0  1  0  0  0  0  0  0  0  0  0  603  0  0  0  3  0  0  1  0  0  0  0  10  0  4  2  10  51  444  0  0  0  0  0  51  5  20  0  0  7  152  278  0  18  56  232  0  96  61  28  395  26  38  0  41  0  0  0  0  8209  0  0  535  32  26  0  3466  216  0  0  0  0  9  1  92  6  5  0  0  2  0  4  0  102  5978  12  4  118  0  112  0  361  150  0  1  18  53764  4  3  5509  19961  41015  0  30875  49444  
0  0  0  0  0  1  1  0  0  2  0  0  0  0  0  1  0  0  0  0  0  0  0  0  0  0  0  0  0  0  0  11  0  0  0  0  0  0  0  0  0  0  0  0  0  0  0  0  0  0  0  0  0  0  0  0  0  0  0  0  0  0  0  0  0  7  0  0  0  0  0  0  0  0  4544  0  0  48  2352  10006  854  1845  344  192  0  10  0  0  1  2338  35541  39713  0  3  1  2  1014  6188  58  99  460  0  604  68  644  9529  468  50  73  30  1  0  1  29  9227  1  7  360  887  442  27179  44321  28026  0  0  66  585  2215  2  150  37  11  133  12  18  27  14689  6382  165  2868  46  261  1660  193  682  0  1966  9  0  0  0  39  2  1  29779  76548  7394  6325  0  135454  
0  0  0  0  0  0  0  0  0  15  0  0  0  0  0  0  0  0  0  0  0  0  0  0  0  0  0  0  0  0  0  15  0  0  0  0  0  0  0  0  0  0  0  0  0  0  0  0  0  0  0  0  0  0  0  0  0  0  0  0  0  0  0  0  0  10  0  0  0  0  0  0  0  0  0  0  0  22  0  6  44  143  98  127  0  1  0  0  0  181  7  11  0  0  0  1  1  0  2  14  105  0  172  33  1  10007  1  9  0  0  0  0  0  7  1074  0  0  140  85  59  0  338  443  0  0  1  0  86  0  18  1  0  0  0  0  0  0  0  35  348  13  54  280  0  232  0  73  1  0  0  0  34  0  0  286  167732  1157  51474  392197  0  
