0  0  0  0  24915  11728  0  0  0  0  0  6  0  104  11947  1179  0  0  0  0  0  0  0  57089  0  0  0  0  0  0  22189  1  0  0  0  0  0  0  30  6  0  0  0  0  0  0  58  0  60  0  0  20194  5747  2  0  0  0  0  0  0  0  16692  1  4694  0  154  0  2  0  36074  0  0  0  0  0  0  0  0  0  1  0  0  0  0  0  0  0  0  0  0  0  0  0  0  0  0  0  0  0  0  0  0  0  0  0  0  0  0  0  0  0  0  0  0  0  0  0  0  0  0  0  0  0  0  0  0  0  0  0  0  0  0  0  0  0  0  0  0  0  0  0  0  0  0  0  0  0  0  0  45  0  2  212  232  0  2  0  0  0  0  
0  0  0  0  0  0  0  0  0  0  6655  0  0  0  0  0  0  0  29307  8111  33744  1751  0  0  0  0  0  0  0  0  0  0  0  0  0  0  4  11  0  0  1  54683  0  29668  0  0  0  0  0  3  25006  0  0  0  0  1  28186  3  16469  25539  19769  0  0  0  59  0  0  0  0  0  0  8061  109  0  0  0  0  0  0  0  0  0  0  0  0  0  0  0  0  0  0  0  0  0  0  0  0  0  0  0  0  0  0  0  0  0  0  0  0  0  0  0  0  0  0  0  0  0  0  0  0  0  0  0  0  0  0  0  0  0  0  0  0  0  0  0  0  0  0  0  0  0  0  0  0  0  0  0  0  0  0  0  0  0  0  0  0  0  0  0  
0  0  0  0  0  0  0  1494  6  0  0  0  0  0  0  69952  0  0  0  0  0  0  0  0  0  0  7598  18495  26087  6701  0  0  0  0  0  0  0  0  0  0  0  0  0  0  48496  33309  0  0  0  0  0  0  0  0  0  0  0  0  0  0  0  0  0  0  0  0  8510  0  0  0  0  0  0  0  0  0  1704  0  0  0  0  9  39  0  0  0  0  0  0  80  0  0  0  0  0  0  0  0  0  0  5  0  0  374  0  0  0  0  0  0  0  0  0  0  0  0  0  0  0  500  0  0  0  0  0  0  0  0  0  0  0  0  0  0  0  0  0  0  0  0  0  0  0  0  6  0  0  0  0  0  0  0  0  0  0  0  0  0  0  0  
0  0  0  0  0  0  0  0  2  4  0  36858  0  0  0  0  28  59  0  0  0  0  0  0  0  34614  0  15229  21831  0  0  0  55  53  9  1  0  0  0  0  23173  0  0  1  24220  2  1  57  59818  0  0  7  0  0  0  202  0  5  0  0  0  0  0  0  614  16  6185  14731  3  0  8  0  21  0  0  0  0  0  0  0  0  0  0  0  0  0  0  0  0  0  0  0  0  0  0  0  0  0  0  0  0  0  0  0  0  0  0  0  0  0  0  0  0  0  0  0  0  0  0  0  0  0  0  0  0  0  0  0  0  0  0  0  0  0  0  0  0  0  0  0  0  0  0  0  0  0  0  0  0  0  0  2  45  2  0  0  0  0  0  0  
26603  0  0  0  0  21249  0  0  0  0  0  0  0  2  11190  36947  0  0  0  0  0  0  0  34  0  0  0  0  0  0  3596  0  0  0  0  0  0  0  1  1  0  0  0  0  1  0  10  0  13  0  0  8  16452  85  0  0  0  0  0  0  0  0  0  13  0  38  0  0  0  17724  0  0  0  0  0  0  0  0  4  0  0  0  0  0  0  0  0  0  0  6  0  0  0  0  0  0  0  0  0  0  0  0  0  0  0  0  0  0  0  0  0  0  0  0  0  0  0  0  0  0  0  0  0  0  0  0  0  0  0  0  0  0  0  0  0  0  0  0  0  1  0  0  0  0  0  0  0  0  0  23  0  0  31  65  0  0  0  0  0  0  
13520  0  0  0  13065  0  28666  4  0  0  0  6  0  101  2803  57177  0  0  0  0  0  0  0  121  0  0  0  0  0  0  5946  9751  0  0  0  0  0  0  3  14  0  0  0  0  0  0  0  0  80  0  0  1133  51173  9603  0  0  0  0  0  0  0  14  0  114  0  89153  0  3  1  33320  0  0  0  0  0  0  0  0  1  2374  84  0  0  0  0  0  0  0  0  791  0  0  0  0  0  0  0  0  0  0  0  0  0  0  25  57  0  0  0  0  0  0  0  0  0  0  0  0  1  0  0  0  1  0  0  0  0  0  0  0  0  0  0  0  0  0  0  0  1  3605  0  0  0  5  0  0  0  0  0  94333  0  1  120  103  0  325  0  156  4  0  
1  0  0  0  0  32310  0  32714  0  0  0  0  0  0  12  53207  0  0  0  0  0  0  0  0  0  0  0  0  0  0  0  0  0  0  0  0  0  0  0  0  0  0  0  0  2  0  0  0  0  0  0  16  11  18499  0  0  0  0  0  0  0  0  0  0  0  54926  0  2  16973  0  0  0  0  0  0  0  0  0  0  49  1650  1112  0  0  0  0  0  0  0  1288  0  0  0  0  0  0  0  0  0  0  0  0  0  0  0  0  0  0  0  0  0  0  0  0  0  0  0  0  0  1  0  0  0  0  0  0  0  0  0  0  0  0  0  0  0  0  0  0  0  849  0  0  0  0  0  0  0  0  0  123808  0  0  1  2  0  58  0  1  0  0  
0  0  229  1  0  42  34670  0  19064  2  0  0  0  0  0  37308  0  0  0  0  0  0  0  0  0  0  1  3  421  3  0  0  0  0  0  0  0  0  0  0  14  0  0  0  20440  32494  0  2  3  0  0  52  4  875  0  79  0  0  0  0  0  0  0  0  14  29176  2932  33  30492  0  7  0  0  0  0  0  45  0  0  0  118  3818  871  1  0  0  0  0  0  2069  0  0  0  0  0  0  0  0  0  0  0  0  0  1  0  0  0  0  0  0  0  0  0  0  0  0  0  0  0  360  0  0  0  0  0  0  0  0  0  0  0  0  0  0  0  0  0  0  0  418  0  0  0  0  45  0  0  0  0  768  0  709  321  585  0  0  0  2  0  0  
0  0  4  0  0  0  0  16331  0  6723  0  0  0  0  0  8  0  0  0  1  0  22  0  0  0  0  0  0  0  7168  0  0  0  0  0  0  0  0  0  0  145  0  0  241  9  22782  0  12  2  0  0  0  0  0  0  120  0  6  0  0  0  0  0  0  1249  28953  71  0  0  0  34218  0  8  0  0  0  0  0  0  0  0  203  3980  143  0  0  0  0  0  0  0  0  0  0  0  0  0  0  0  0  1  0  0  251  0  0  0  0  0  0  0  0  0  0  0  0  0  0  0  16  0  0  0  0  0  0  0  0  0  0  0  0  0  0  0  0  0  0  0  307  0  0  0  0  1365  0  0  0  0  0  1  82  73  68  0  0  0  0  0  0  
0  0  0  0  0  0  0  0  6163  0  15  0  0  0  0  0  0  0  0  1  0  1427  17065  0  0  0  0  0  0  10272  0  0  0  0  0  0  0  0  0  0  158  0  0  32353  2  2  0  492  5  0  0  0  0  0  0  161  2  8  0  0  319  0  0  0  524  60761  46  0  0  0  261  0  105  3  0  0  0  0  0  0  0  0  37  635  0  0  0  0  0  0  0  0  0  0  0  2  0  0  0  0  0  0  0  3  0  0  0  0  0  0  0  0  0  0  0  0  0  2  0  0  0  0  0  0  0  0  0  0  0  0  0  0  0  0  0  0  0  0  0  15356  0  0  0  0  5  0  0  0  3  0  9965  103  210  207  0  0  7  227  0  0  
0  3919  0  0  0  0  0  0  0  2  0  0  0  0  0  0  0  0  0  107576  0  31990  1  0  0  0  1  0  0  2043  0  0  0  0  0  0  0  0  0  0  0  10459  0  97793  0  0  0  0  0  0  11  0  0  0  0  0  6124  3281  0  0  381  0  0  0  73580  0  0  0  0  0  1  0  2  0  0  0  0  0  0  0  0  0  0  0  32401  0  0  0  0  0  0  0  0  476  0  3269  0  0  0  0  1  0  0  31  0  0  0  0  0  0  0  0  0  0  0  1321  0  185  0  0  0  0  0  0  0  0  0  0  0  0  0  0  0  0  0  0  0  0  635  0  0  0  0  0  0  0  0  0  0  0  0  0  0  0  0  0  0  0  0  0  
5  0  0  41071  0  13  0  0  0  0  0  0  0  9622  16  0  7  585  0  0  0  0  0  2  0  0  0  0  454  0  0  0  1  13  16  0  0  0  5  30546  57  0  2  0  4789  0  30  2  52184  0  0  20971  20  0  0  15  0  0  0  0  0  0  0  0  4  2  0  68931  0  0  0  0  0  0  0  0  0  0  0  0  0  0  0  0  0  0  0  0  0  0  0  0  0  0  0  0  0  0  0  0  0  0  0  0  0  0  0  0  0  0  0  0  0  0  0  0  0  0  0  0  0  0  0  0  0  0  0  0  0  0  0  0  0  0  0  0  0  0  0  0  0  0  0  0  0  0  0  0  0  0  0  0  1259  45  0  0  0  0  0  0  
0  0  0  0  0  0  0  0  0  0  0  0  0  8551  0  0  0  0  0  0  0  0  0  42199  0  0  0  0  0  0  7  0  0  0  0  0  0  0  20890  0  0  0  0  0  0  0  102  0  6  0  0  1  0  0  0  0  0  0  0  0  0  9283  6  287  0  0  0  0  0  0  0  0  0  0  0  0  0  0  0  0  0  0  0  0  0  0  0  0  0  0  0  0  0  0  0  0  0  0  0  0  0  0  0  0  0  0  0  0  0  0  0  0  0  0  0  0  0  0  0  0  0  0  0  0  0  0  0  0  0  0  0  0  0  0  0  0  0  0  0  0  0  0  0  0  0  0  0  0  0  0  0  0  0  0  0  0  0  0  0  0  
256  0  0  0  40  81  0  0  0  0  0  10917  7647  0  2313  1  0  1  0  0  0  0  0  285  0  0  0  0  0  0  5  0  0  0  0  0  0  0  33657  40582  0  0  0  0  0  0  153  0  6002  0  0  37939  222  1  0  0  0  0  0  0  0  20417  3  1071  0  20  0  26  0  3  0  0  0  0  0  0  0  0  0  0  0  0  0  0  0  0  0  0  0  0  0  0  0  0  0  0  0  0  0  0  0  0  0  0  0  0  0  0  0  0  0  0  0  0  0  0  0  0  0  0  0  0  0  0  0  0  0  0  0  0  0  0  0  0  0  0  0  0  0  0  0  0  0  0  0  0  0  0  0  0  0  0  433  157  0  0  0  0  0  0  
12419  0  0  0  7851  4880  8  2  0  0  0  21  0  4140  0  40591  0  0  0  0  0  0  0  5480  0  0  0  0  10145  0  0  0  0  0  0  0  0  0  0  1  0  0  0  0  282  4  0  0  7  0  0  140711  120282  61133  0  3  0  0  0  0  0  31112  0  1  0  103  2  23488  13968  64  0  0  0  0  0  0  0  0  0  0  0  0  0  0  0  0  0  0  0  0  0  0  0  0  0  0  0  0  0  0  0  0  0  0  0  0  0  0  0  0  0  0  0  0  0  0  0  0  0  0  0  0  0  0  0  0  0  0  0  0  0  0  0  0  0  0  0  0  0  1  0  0  0  0  0  0  0  0  0  10565  0  0  52  34  0  0  0  0  0  0  
1082  0  66150  0  36697  65294  58164  46096  4  0  0  0  0  0  38704  0  0  0  0  0  0  0  0  9  0  0  0  1  25857  3  1  106  0  0  0  0  0  0  0  0  0  0  0  0  21129  7817  0  0  0  0  0  2  4865  99175  0  0  0  0  0  0  0  0  0  0  0  2549  91  0  19974  9224  0  0  0  0  0  0  1999  0  14  146  343  569  155  0  0  0  0  0  0  5263  0  0  0  0  0  0  0  0  0  0  0  0  2  3  0  0  0  0  0  0  0  0  0  0  0  0  0  0  0  81  0  0  0  0  0  0  0  0  0  0  0  0  0  0  0  0  0  0  0  58  0  0  0  0  4  0  0  0  0  47477  0  0  0  0  0  155  0  37  2  0  
0  0  0  74  0  0  0  10  1  2  0  4  0  0  0  0  0  24781  0  0  0  0  7973  486  0  10  0  0  6  0  0  0  121  4  24381  0  0  0  0  0  6974  0  204  0  94  65  3276  44717  17861  0  0  2  0  0  0  1163  0  1  0  0  0  0  1  0  537  5  506  2  3  0  35  0  7  0  0  0  0  0  0  0  0  0  0  0  0  0  0  0  0  0  0  0  0  0  0  0  0  0  0  0  0  0  0  0  0  0  0  0  0  0  0  0  0  0  0  0  0  0  0  0  0  0  0  0  0  0  0  0  0  0  0  0  0  0  0  0  0  0  0  0  0  0  0  0  0  0  0  0  2761  0  16  48  77014  792  0  0  1  0  0  0  
0  0  0  95  0  0  0  7  0  0  0  436  0  0  0  0  24730  0  0  0  0  0  4823  777  0  0  0  0  3  0  0  0  0  4  865  0  0  0  6  31  8  0  3  0  59  11  32635  101  49828  0  0  6  0  0  0  3  0  0  0  0  0  0  0  0  2  1  6  1  0  0  0  0  0  0  0  0  0  0  0  0  0  0  0  0  0  0  0  0  0  0  0  0  0  0  0  0  0  0  0  0  0  0  0  0  0  0  0  0  0  0  0  0  0  0  0  0  0  0  0  0  0  0  0  0  0  0  0  0  0  0  0  0  0  0  0  0  0  0  0  0  0  0  0  0  0  0  0  0  1058  0  5  36  153799  3340  0  0  0  1  0  0  
0  23750  0  0  0  0  0  0  0  0  5  0  0  0  0  0  0  0  0  17228  0  6  0  0  29287  0  0  0  0  0  0  0  0  0  0  0  0  7374  0  0  0  14677  0  62  0  0  0  0  0  0  0  0  0  0  0  101  134651  54978  48292  0  18  0  0  0  0  0  0  0  0  0  0  3  55500  0  0  0  0  0  0  0  0  0  0  0  0  0  0  0  0  0  0  0  0  0  0  0  0  0  0  0  0  0  0  0  0  0  0  0  0  0  0  0  0  0  0  0  0  0  0  0  0  0  0  0  0  0  0  0  0  0  0  0  0  0  0  0  0  0  0  0  0  0  0  0  0  0  0  0  0  0  0  0  0  0  0  0  0  0  0  0  
0  6959  0  1  0  0  0  0  0  0  108657  0  0  0  0  0  0  0  10633  0  0  354  0  0  728  0  17914  0  0  17  0  0  0  0  0  0  0  0  0  0  2  19339  0  21973  0  0  0  0  1  0  23  0  0  0  0  10879  21715  46744  0  0  1199  0  0  0  46701  0  0  0  0  0  1  0  8  0  0  0  0  0  0  0  0  0  0  0  735  0  0  0  0  0  0  0  0  21  0  0  0  0  0  0  0  0  0  0  0  0  0  0  0  0  0  0  0  0  0  1  0  0  0  0  0  0  0  0  0  0  0  0  0  0  0  0  0  0  0  0  0  0  547  0  0  0  0  0  0  0  0  0  0  0  0  0  0  0  0  0  0  0  0  0  
0  56321  0  0  0  0  0  0  0  0  1  0  0  0  0  0  0  0  12  0  0  579  5572  0  0  0  0  0  0  0  0  0  0  0  0  0  6331  48  0  0  0  4569  114  22  0  0  0  0  0  41713  14508  0  0  0  0  0  120  1  1052  74503  79903  0  0  0  1  0  0  0  0  0  0  2506  47  0  0  0  0  0  0  0  0  0  0  0  0  0  0  0  0  0  0  0  0  0  0  0  0  0  0  0  0  0  0  0  0  0  0  0  0  0  0  0  0  0  0  0  0  0  0  0  0  0  0  0  0  0  0  0  0  0  0  0  0  0  0  0  0  0  0  0  0  0  0  0  0  0  0  0  0  0  25  0  0  0  0  0  0  0  0  0  
0  933  0  0  0  0  0  0  5  988  17399  0  0  0  0  0  0  0  94  3223  272  0  1555  0  0  0  0  0  0  777  0  0  0  0  0  0  0  0  0  0  0  30411  0  138727  0  0  0  0  0  1  42780  0  0  0  0  0  306  2688  0  0  92566  0  0  0  956  0  0  0  0  0  0  0  0  0  0  0  0  0  0  0  0  0  0  1  3819  0  0  0  0  0  0  0  0  0  2  16102  0  0  0  0  0  0  0  6  0  0  0  0  0  0  0  0  0  0  0  9181  0  78  0  0  0  0  0  0  0  0  0  0  0  0  0  0  0  0  1  0  0  0  1  0  0  0  0  0  0  0  0  0  0  0  1  0  0  0  0  0  0  0  0  0  
0  1  0  0  0  0  0  0  0  18632  0  0  0  0  0  0  11912  7976  0  0  3954  1649  0  18  0  0  0  0  0  35  0  0  0  0  20180  0  761  5  0  0  1  0  45156  5452  0  0  59  6337  0  10491  0  0  0  0  0  0  4  3  3  0  33486  0  0  2  16  2  0  0  0  0  0  1  326  0  0  0  0  0  0  0  0  0  0  1  0  0  0  0  0  0  0  0  0  0  0  0  4  0  0  0  0  0  0  0  0  0  0  0  0  0  0  0  0  0  0  0  0  0  0  0  0  0  0  0  0  0  0  0  0  0  0  0  0  0  0  0  0  0  0  4  0  0  0  0  0  0  0  0  20684  0  123647  767  5225  1606  0  0  0  1  0  0  
63347  0  0  0  15  165  0  0  0  0  0  0  32170  643  7507  0  1002  538  0  0  0  0  1  0  0  0  0  0  0  0  27547  0  0  0  4  0  0  0  13198  28  0  0  7  0  0  0  42287  12  29  0  0  2192  4  0  0  0  0  0  0  0  0  60623  61713  89477  0  1  0  0  0  16304  0  0  0  0  0  0  0  0  0  0  0  0  0  0  0  0  0  0  0  0  0  0  0  0  0  0  0  1  0  0  0  0  0  0  48  3  0  0  0  0  0  0  0  0  0  0  0  0  0  0  0  0  0  0  0  0  0  0  0  0  0  0  0  0  0  0  2  0  0  0  0  0  0  3  0  0  0  0  1  0  1  4  20731  165  0  5  0  0  0  0  
0  0  0  0  0  0  0  0  0  0  0  0  0  0  0  0  0  0  28382  1180  0  0  0  0  0  26977  7737  0  0  0  0  0  0  8517  0  5  0  501  0  0  0  0  0  0  0  0  0  0  0  0  0  0  0  0  85284  72145  0  5425  0  0  0  0  0  0  0  0  0  0  0  0  0  0  141795  0  0  0  0  0  0  0  0  0  0  0  0  0  0  0  0  0  0  0  0  0  0  0  0  0  0  0  0  0  0  0  0  0  0  0  0  0  0  0  0  0  0  0  0  0  0  0  0  0  0  0  0  0  0  0  0  0  0  0  0  0  0  0  0  0  0  0  0  0  0  0  0  0  0  0  0  0  0  0  0  0  0  0  0  0  0  0  
0  0  0  35486  0  0  0  0  0  0  0  0  0  0  0  0  2  1  0  0  0  0  0  0  25074  0  183  6240  0  0  0  0  300  11175  0  44110  0  0  0  0  47838  0  0  8  299  1  0  4  223  0  0  1  0  0  33283  17772  5  2  0  0  0  0  0  0  252  1  61215  2  0  0  4  0  45  129  0  0  0  0  0  0  0  0  0  0  0  0  0  0  0  0  0  0  0  0  0  0  0  0  0  0  0  0  0  0  0  0  0  0  0  0  0  0  0  0  0  0  0  0  0  0  0  0  0  0  0  0  0  0  0  0  0  0  0  0  0  0  0  0  0  0  0  0  0  0  0  0  0  0  0  0  0  1  32  17  0  0  0  0  0  0  
0  0  9631  0  0  0  0  2  0  0  3  0  0  0  0  0  0  0  0  16620  0  0  0  0  4893  380  0  115  0  84871  0  0  0  0  0  0  0  0  0  0  1  0  0  0  3  5625  0  0  0  0  0  0  0  0  0  82603  0  44  0  0  0  0  0  0  23823  0  42894  0  0  0  2383  0  0  0  0  0  0  0  0  0  0  0  0  0  0  0  0  0  0  0  0  0  0  0  0  0  0  0  0  0  1  0  0  49  0  0  0  0  0  0  0  0  0  0  0  0  0  0  0  1  0  0  0  0  0  0  0  0  0  0  0  0  0  0  0  0  0  0  0  0  0  0  0  0  0  0  0  0  0  0  0  3  4  3  0  0  0  0  0  0  
0  0  21517  14911  0  0  0  1  0  0  0  0  0  0  0  1  0  0  0  0  0  0  0  0  0  6848  583  0  3790  0  0  0  0  0  0  0  0  0  0  0  0  0  0  0  103223  0  0  0  0  0  0  0  0  0  0  1  0  0  0  0  0  0  0  0  0  0  103057  0  0  0  0  0  0  0  0  0  0  0  0  0  0  0  0  0  0  0  0  0  0  0  0  0  0  0  0  0  0  0  0  0  0  0  0  0  0  0  0  0  0  0  0  0  0  0  0  0  0  0  0  0  0  0  0  0  0  0  0  0  0  0  0  0  0  0  0  0  0  0  0  0  0  0  0  0  0  0  0  0  0  0  0  0  1  0  0  0  0  0  0  0  
0  0  24089  19717  0  0  0  200  0  0  0  131  0  0  10438  21841  0  0  0  0  0  0  0  0  0  0  0  7098  0  0  0  0  0  0  0  0  0  0  0  0  1  0  0  0  137757  50  0  0  0  0  0  684  0  70  0  42  0  0  0  0  0  0  0  0  3  3  119  67818  60438  0  4  0  0  0  0  0  1  0  0  0  0  0  0  0  0  0  0  0  0  0  0  0  0  0  0  0  0  0  0  0  0  0  0  0  0  0  0  0  0  0  0  0  0  0  0  0  0  0  0  0  0  0  0  0  0  0  0  0  0  0  0  0  0  0  0  0  0  0  0  0  0  0  0  0  0  0  0  0  0  11  0  6  13  13  0  0  0  0  0  0  
0  0  7243  0  0  0  0  11  6776  11528  3765  0  0  0  0  5  0  0  0  18  0  2892  32  0  0  0  97074  0  0  0  0  0  0  0  0  0  0  0  0  0  76  0  0  6184  2  28116  0  20  2  0  0  0  0  0  0  7817  0  2  0  0  0  0  0  0  89090  2424  2671  0  0  0  65683  0  3  0  0  0  0  0  0  0  0  0  3  257  202  0  0  0  0  0  0  0  0  359  0  96  0  0  0  0  258  0  0  5283  0  0  0  0  0  0  0  0  0  0  0  0  0  5  0  3  0  0  0  0  0  0  0  0  0  0  0  0  0  0  0  0  0  0  20  0  0  0  0  0  416  0  0  0  0  0  0  4  21  48  0  0  0  0  0  0  
21593  0  0  0  3078  7243  0  0  0  0  0  0  10  2  0  3  0  0  0  0  0  0  0  36268  0  0  0  0  0  0  0  6270  0  0  0  0  0  0  95  0  0  0  0  0  0  0  152  0  0  0  0  6  1  0  0  0  0  0  0  0  0  3  38613  2893  0  6  0  0  0  53136  0  0  0  0  4  0  0  0  0  76  0  0  0  0  0  0  0  0  0  23  0  0  0  0  0  0  0  24  0  0  0  0  0  0  188  68  0  0  0  0  0  0  0  0  0  0  0  0  0  0  0  0  0  0  0  0  0  0  0  0  0  0  0  0  0  0  14  0  0  27  0  0  0  76  0  0  0  0  2  0  0  21  285  30  0  2  0  1  0  0  
6  0  0  0  0  10178  0  0  0  0  0  0  0  0  0  119  0  0  0  0  0  0  0  0  0  0  0  0  0  0  6464  0  0  0  0  0  0  0  0  0  0  0  0  0  0  0  0  0  0  0  0  0  0  0  0  0  0  0  0  0  0  0  0  0  0  5007  0  0  0  96  0  0  0  0  0  0  0  0  0  8  0  0  0  0  0  0  0  0  0  0  0  0  0  0  0  0  0  0  0  0  0  0  0  0  0  27  0  0  0  0  0  0  0  0  0  0  0  0  0  0  0  0  0  0  0  0  0  0  0  0  0  0  0  0  0  0  0  0  0  94  0  0  0  0  0  0  0  0  0  0  0  4  0  4  0  30  0  548  0  1  
0  0  0  44  0  0  0  0  0  0  0  2  0  0  0  0  171  0  0  0  0  0  0  0  0  333  0  0  0  0  0  0  0  18768  2307  5330  0  0  0  0  12500  0  0  0  0  0  0  55008  13  0  0  0  0  0  0  0  0  0  0  0  0  0  0  0  1  0  0  0  0  0  0  0  1723  26636  0  0  0  0  0  0  0  0  0  0  0  0  0  0  0  0  0  0  0  0  0  0  0  0  0  0  0  0  0  0  0  0  0  0  0  0  0  0  0  0  0  0  0  0  0  0  0  0  0  0  0  0  0  0  0  0  0  0  0  0  0  0  0  0  0  0  0  0  0  0  0  0  0  0  0  0  0  0  264  0  0  0  0  0  0  0  
0  0  0  53  0  0  0  0  1  0  0  15  0  0  0  0  10  6  0  1  0  0  0  0  8810  11750  0  0  3  0  0  0  19745  0  39625  88758  0  14497  0  0  6138  0  29313  7  6  0  0  24355  6  2864  0  0  0  0  5935  390  5  25  45  11  2  0  0  0  310  1  5  0  2  0  3  316  101552  3479  0  0  0  0  0  0  0  0  0  0  0  0  0  0  0  0  0  0  0  0  0  0  0  0  0  0  0  0  0  0  0  0  0  0  0  0  0  0  0  0  0  0  0  0  0  0  0  0  0  0  0  0  0  0  0  0  0  0  0  0  0  0  0  0  0  0  0  0  0  0  0  0  0  0  3  0  397  1  11  0  0  0  0  0  0  0  
0  1  0  6  0  0  0  0  0  0  0  2  0  0  0  0  30815  2045  0  0  0  0  14754  16  0  0  0  0  0  0  0  0  813  38022  0  0  0  23  0  0  0  0  32667  3  0  0  50  52443  0  2239  0  0  0  0  0  0  7  5  141  10  19  0  0  2  7  0  0  0  0  0  0  2  9491  0  0  0  0  0  0  0  0  0  0  0  0  0  0  0  0  0  0  0  0  0  0  0  0  0  0  0  0  0  0  0  0  0  0  0  0  0  0  0  0  0  0  0  0  0  0  0  0  0  0  0  0  0  0  0  0  0  0  0  0  0  0  0  0  0  0  0  0  0  0  0  0  0  0  0  22314  0  1519  59  2831  168  0  0  0  0  0  0  
0  0  0  2  0  0  0  0  0  0  0  0  0  0  0  0  0  0  0  0  0  0  0  0  18  37672  0  0  0  0  0  0  4402  88160  0  0  0  1  0  0  36692  0  0  0  0  0  0  539  2  0  0  0  0  0  5957  2802  0  2  0  0  0  0  0  0  39  0  836  0  0  0  0  0  3260  18417  0  0  0  0  0  0  0  0  0  0  0  0  0  0  0  0  0  0  0  0  0  0  0  0  0  0  0  0  0  0  0  0  0  0  0  0  0  0  0  0  0  0  0  0  0  0  0  0  0  0  0  0  0  0  0  0  0  0  0  0  0  0  0  0  0  0  0  0  0  0  0  0  0  0  0  0  0  0  0  0  0  0  0  0  0  0  
0  15  0  0  0  0  0  0  0  0  0  0  0  0  0  0  0  0  0  0  4927  0  2267  0  0  0  0  0  0  0  0  0  0  22  0  0  0  22454  0  0  0  0  29058  1  0  0  0  0  0  52059  0  0  0  0  0  0  8  0  1339  51391  248  0  0  0  1  0  0  0  0  0  0  188030  331  0  0  0  0  0  0  0  0  0  0  0  0  0  0  0  0  0  0  0  0  0  0  0  0  0  0  0  0  0  0  0  0  0  0  0  0  0  0  0  0  0  0  0  0  0  0  0  0  0  0  0  0  0  0  0  0  0  0  0  0  0  0  0  0  0  0  0  0  0  0  0  0  0  0  0  0  0  6  0  0  0  0  0  0  0  0  0  
0  7  0  0  0  0  0  0  0  0  0  0  0  0  0  0  0  0  7534  0  7  0  55  0  684  0  0  0  0  0  0  0  0  13691  5  0  10612  0  0  0  9  0  14904  52  0  0  0  10  0  6766  0  0  0  0  1  0  98  42  34539  233  633  0  0  0  15  0  0  0  0  0  0  127051  160950  0  0  0  0  0  0  0  0  0  0  0  0  0  0  0  0  0  0  0  0  0  0  0  0  0  0  0  0  0  0  0  0  0  0  0  0  0  0  0  0  0  0  0  0  0  0  0  0  0  0  0  0  0  0  0  0  0  0  0  0  0  0  0  0  0  0  0  0  0  0  0  0  0  0  0  5  0  66  0  0  0  0  0  0  0  0  0  
1495  0  0  0  444  82  0  0  0  0  0  34  23271  37493  3  0  0  3  0  0  0  0  0  24808  0  0  0  0  0  0  192  0  0  0  0  0  0  0  0  4148  0  0  0  0  0  0  7838  0  29465  0  0  1279  564  0  0  0  0  0  0  0  0  9477  293  4121  0  16  0  3  0  8  0  0  0  0  0  0  0  0  0  0  0  0  0  0  0  0  0  0  0  0  0  0  0  0  0  0  0  0  0  0  0  0  0  0  0  0  0  0  0  0  0  0  0  0  0  0  0  0  0  0  0  0  0  0  0  0  0  0  0  0  0  0  0  0  0  0  0  0  0  0  0  0  0  0  0  0  0  0  0  1  0  0  220  60  0  0  0  0  0  0  
122  0  0  0  34  23  0  0  0  0  0  35582  0  43065  4  0  0  14  0  0  0  0  0  2  0  0  0  0  0  0  0  0  0  0  0  0  0  0  1644  0  0  0  0  0  1  0  7  0  35258  0  0  2454  93  0  0  0  0  0  0  0  0  12  0  17  0  7  0  5488  0  0  0  0  0  0  0  0  0  0  0  0  0  0  0  0  0  0  0  0  0  0  0  0  0  0  0  0  0  0  0  0  0  0  0  0  0  0  0  0  0  0  0  0  0  0  0  0  0  0  0  0  0  0  0  0  0  0  0  0  0  0  0  0  0  0  0  0  0  0  0  0  0  0  0  0  0  0  0  0  0  0  0  0  60  40  0  0  0  0  0  0  
0  0  0  31802  0  0  0  28  130  202  0  3  0  1  1  0  3580  1  0  57  0  0  0  0  0  43691  0  0  16  11  0  0  10606  15726  2  31840  0  0  0  0  0  0  2  741  1961  271  0  41278  36321  0  0  18  1  1  879  22306  88  538  0  0  11  0  0  0  23678  1234  12167  44  21  0  286  0  12975  12749  0  0  0  0  0  0  0  0  0  0  0  0  0  0  0  0  0  0  0  0  0  0  0  0  0  0  0  0  0  0  0  0  0  0  0  0  0  0  0  0  0  0  0  0  0  0  0  0  0  0  0  0  0  0  0  0  0  0  0  0  0  0  0  0  0  0  0  0  0  0  0  0  0  0  147  1  455  175  4393  961  0  0  0  1  0  0  
0  60791  0  0  0  0  0  0  0  0  13641  0  0  0  0  0  0  0  11246  27771  2097  33124  0  0  0  0  0  0  0  0  0  0  0  0  0  0  0  0  0  0  0  0  0  31165  0  0  0  0  0  0  16721  0  0  0  0  0  14571  2300  0  0  814  0  0  0  0  0  0  0  0  0  0  0  0  0  0  0  0  0  0  0  0  0  0  0  0  0  0  0  0  0  0  0  0  0  0  0  0  0  0  0  0  0  0  0  0  0  0  0  0  0  0  0  0  0  0  9  0  0  0  0  0  0  0  0  0  0  0  0  0  0  0  0  0  0  0  0  0  0  0  0  0  0  0  0  0  0  0  0  0  0  0  0  0  0  0  0  0  0  0  0  
0  0  0  0  0  0  0  0  0  0  0  0  0  0  0  0  100  1  0  0  29  0  42587  5  0  0  0  0  0  0  0  0  0  24247  23837  0  21063  16405  0  0  2  0  0  8  0  0  6  1731  0  45082  0  0  0  0  0  0  21  3  258  38  187  0  0  0  9  0  0  0  0  0  0  11700  9218  0  0  0  0  0  0  0  0  0  0  0  0  0  0  0  0  0  0  0  0  0  0  0  0  0  0  0  0  0  0  0  0  0  0  0  0  0  0  0  0  0  0  0  0  0  0  0  0  0  0  0  0  0  0  0  0  0  0  0  0  0  0  0  0  0  0  0  0  0  0  0  0  0  0  0  45354  0  14522  0  17  1  0  0  0  0  0  0  
0  23565  0  52  0  0  0  0  382  22982  100115  0  0  0  0  0  0  0  112  22448  8  131546  3681  0  0  69  0  0  0  6357  0  0  0  10  1  0  0  2  0  0  1810  30531  0  0  4  2  0  93  71  38  781  0  0  0  0  232  24031  9641  659  0  34623  0  0  0  53751  6032  44  0  0  0  269  0  6164  0  0  0  0  0  0  0  0  0  0  1  73  0  0  0  0  0  0  0  0  0  0  214  0  0  0  0  0  0  0  0  0  0  0  0  0  0  0  0  0  0  0  140  0  0  0  0  0  0  0  0  0  0  0  0  0  0  0  0  0  0  0  0  0  0  0  0  0  0  0  0  0  0  0  0  5  0  115  26  40  118  0  0  0  0  0  0  
0  0  31049  21349  0  7  0  27168  2  2  0  342  0  0  32  8635  5  0  0  0  0  0  0  0  0  516  0  114922  137866  0  0  0  0  2  0  1  0  0  0  5  594  0  0  2  0  1964  0  20  9197  0  0  236  24  311  0  1989  0  1  0  0  0  0  0  0  728  208  36443  34388  14355  0  94  0  14  0  0  0  0  0  0  0  0  0  0  0  0  0  0  0  0  0  0  0  0  0  0  0  0  0  0  0  0  0  0  0  0  0  0  0  0  0  0  0  0  0  0  0  0  0  0  0  0  0  0  0  0  0  0  0  0  0  0  0  0  0  0  0  0  0  0  0  0  0  0  0  0  0  0  0  0  22  0  377  2339  1930  0  0  0  0  0  0  
0  0  31334  3  0  0  0  37985  16509  22  0  0  0  0  0  9484  1  0  0  0  0  0  0  0  0  2  13510  5  331  31423  0  0  0  1  0  0  0  0  0  0  1067  0  0  12  4451  0  0  80  6  0  0  30  0  2  0  30078  0  0  0  0  0  0  0  0  462  1182  34100  83  50  0  23704  0  5  0  0  0  0  0  0  0  0  49  117  0  0  0  0  0  0  9  0  0  0  0  0  0  0  0  0  0  0  0  0  35  0  0  0  0  0  0  0  0  0  0  0  0  0  0  0  45  0  0  0  0  0  0  0  0  0  0  0  0  0  0  0  0  0  0  0  0  0  0  0  0  34  0  0  0  0  0  0  727  1258  1419  0  0  0  0  0  0  
2554  0  0  0  830  22  0  0  0  0  0  48  354  101  2  0  2191  28025  0  0  0  0  1  38070  0  0  0  0  0  0  348  0  0  4  11  0  0  0  8364  16  0  0  7  0  0  0  0  23  10611  0  0  1910  370  0  0  0  0  0  0  0  0  379  1629  2139  0  0  0  0  0  25  0  0  0  0  0  0  0  0  0  0  0  0  0  0  0  0  0  0  0  0  0  0  0  0  0  0  0  0  0  0  0  0  0  0  0  0  0  0  0  0  0  0  0  0  0  0  0  0  0  0  0  0  0  0  0  0  0  0  0  0  0  0  0  0  0  0  0  0  0  0  0  0  0  0  0  0  0  0  4  0  1  1  89586  761  0  0  0  0  0  0  
0  1  0  13  0  0  0  13  18  156  0  3  0  0  0  0  44497  118  0  2  0  0  3823  3  0  4  0  0  4  4  0  0  42948  18157  47810  128  0  31  0  0  27688  0  4167  55  85  67  13  0  272  205  0  0  0  0  0  668  16  34  155  2  21  0  0  0  1471  197  1802  0  1  0  37  8  84619  12895  0  0  0  0  0  0  0  0  0  0  0  0  0  0  0  0  0  0  0  0  0  0  0  0  0  0  0  0  0  0  0  0  0  0  0  0  0  0  0  0  0  0  0  0  0  0  0  0  0  0  0  0  0  0  0  0  0  0  0  0  0  0  0  0  0  0  0  0  0  0  0  0  0  0  9996  0  13410  8781  97152  593  0  0  0  0  0  0  
3587  0  0  40556  950  840  0  174  10  13  0  46954  1  14925  87  21  15428  49747  0  0  0  0  0  5  0  229  0  0  50  3  0  0  0  6  1  1  0  0  22615  26634  30755  0  0  3  44664  464  12211  440  0  0  0  17492  2497  11  0  9361  0  6  0  0  0  76  0  42  3731  264  1576  42057  11  2  125  0  56  0  0  0  0  0  0  0  0  0  0  0  0  0  0  0  0  0  0  0  0  0  0  0  0  0  0  0  0  0  0  0  0  0  0  0  0  0  0  0  0  0  0  0  0  0  0  0  0  0  0  0  0  0  0  0  0  0  0  0  0  0  0  0  0  0  0  1  0  0  0  0  0  0  0  0  0  8  0  77  133170  4110  0  1  0  0  0  0  
0  288  0  0  0  0  0  0  0  0  0  0  0  0  0  0  0  0  6  0  34335  3  13611  0  0  0  0  0  0  0  0  0  0  593  277  0  51561  16064  0  0  5  0  32033  107  0  0  0  65  0  0  0  0  0  0  0  0  174  73  5059  22427  24633  0  0  0  49  0  0  0  0  0  0  28629  21601  0  0  0  0  0  0  0  0  0  0  0  0  0  0  0  0  0  0  0  0  0  0  0  0  0  0  0  0  0  0  0  0  0  0  0  0  0  0  0  0  0  0  0  0  0  0  0  0  0  0  0  0  0  0  0  0  0  0  0  0  0  0  0  0  0  0  0  0  0  0  0  0  0  0  0  1  0  5431  0  0  0  0  0  0  0  0  0  
0  24897  0  0  0  0  0  0  0  0  62  0  0  0  0  0  0  0  0  57  15658  42807  0  0  0  0  0  0  0  0  0  0  0  0  0  0  0  0  0  0  0  14829  0  1917  0  0  0  0  0  0  0  0  0  0  0  0  20  0  0  15  35089  0  0  0  0  0  0  0  0  0  0  0  0  0  0  0  0  0  0  0  0  0  0  0  0  0  0  0  0  0  0  0  0  0  0  0  0  0  0  0  0  0  0  0  0  0  0  0  0  0  0  0  0  0  0  0  0  0  0  0  0  0  0  0  0  0  0  0  0  0  0  0  0  0  0  0  0  0  0  0  0  0  0  0  0  0  0  0  0  0  0  0  0  0  0  0  0  0  0  0  
10917  0  0  4  281  929  1  78  0  0  0  31620  2  55583  110577  17  0  0  0  0  0  0  0  98  0  0  0  0  572  0  10  0  0  0  0  0  0  0  293  4177  3  0  0  0  598  36  365  0  11221  0  0  0  59934  1271  0  12  0  0  0  0  0  11298  12  627  2  427  3  38590  3402  4  0  0  0  0  0  0  0  0  0  0  0  0  0  0  0  0  0  0  0  0  0  0  0  0  0  0  0  0  0  0  0  0  0  0  0  0  0  0  0  0  0  0  0  0  0  0  0  0  0  0  0  0  0  0  0  0  0  0  0  0  0  0  0  0  0  0  0  0  0  2  0  0  0  0  0  0  0  0  0  280  0  290  14931  4921  0  0  0  0  0  0  
6843  0  0  0  18130  29591  6  1  0  0  0  41  0  459  126174  4297  0  0  0  0  0  0  0  9  0  0  0  0  1  0  0  0  0  0  0  0  0  0  10  27  0  0  0  0  13  0  29  0  191  0  0  66859  0  34378  0  0  0  0  0  0  0  146  0  42  0  1859  0  27  6  21  0  0  0  0  0  0  0  0  0  0  0  0  0  0  0  0  0  0  0  0  0  0  0  0  0  0  0  0  0  0  0  0  0  0  0  0  0  0  0  0  0  0  0  0  0  0  0  0  0  0  0  0  0  0  0  0  0  0  0  0  0  0  0  0  0  0  0  0  0  4  0  0  0  0  0  0  0  0  0  17232  0  3  502  330  0  1  0  0  0  0  
10  0  0  0  15  10938  14604  442  0  0  0  2  0  12  64577  98724  0  0  0  0  0  0  0  0  0  0  0  0  185  0  0  0  0  0  0  0  0  0  0  0  1  0  0  0  235  10  0  0  4  0  0  4063  32013  0  0  2  0  0  0  0  0  0  0  0  0  2005  2  88  30153  0  0  0  0  0  0  0  0  0  0  0  0  0  0  0  0  0  0  0  0  0  0  0  0  0  0  0  0  0  0  0  0  0  0  0  0  0  0  0  0  0  0  0  0  0  0  0  0  0  0  0  0  0  0  0  0  0  0  0  0  0  0  0  0  0  0  0  0  0  0  1  0  0  0  0  0  0  0  0  0  216189  0  1  66  55  0  0  0  0  0  0  
0  0  0  0  0  0  0  0  0  0  0  0  0  0  0  0  0  0  0  0  0  0  0  0  76513  38274  0  0  0  0  0  0  0  19834  0  6138  0  0  0  0  2452  0  0  0  3  0  0  0  0  0  0  0  0  0  0  35457  0  0  0  0  0  0  0  0  12  0  4  0  0  0  0  0  32129  0  0  0  0  0  0  0  0  0  0  0  0  0  0  0  0  0  0  0  0  0  0  0  0  0  0  0  0  0  0  0  0  0  0  0  0  0  0  0  0  0  0  0  0  0  0  0  0  0  0  0  0  0  0  0  0  0  0  0  0  0  0  0  0  0  0  0  0  0  0  0  0  0  0  0  0  0  0  0  0  0  0  0  0  0  0  0  
0  0  0  37  0  1  0  19  8  14  1  0  0  0  5  0  3  0  49  16285  0  0  0  0  75539  17129  98907  1  19  5289  0  0  0  4306  0  1583  0  0  0  0  11975  0  0  22  827  24963  0  94  150  0  0  37  0  11  27540  0  0  32769  0  0  0  0  0  0  20597  264  28701  48  60  0  18751  0  32410  0  0  0  0  0  0  0  0  0  0  0  0  0  0  0  0  0  0  0  0  0  0  0  0  0  0  0  0  0  0  0  0  0  0  0  0  0  0  0  0  0  0  0  0  0  0  0  0  0  0  0  0  0  0  0  0  0  0  0  0  0  0  0  0  0  0  0  0  0  0  0  0  0  0  0  0  0  0  212  658  518  0  0  0  0  0  0  
0  17116  0  1  0  0  0  0  0  0  5213  0  0  0  0  0  0  0  127725  19923  10  52  0  0  5  1  0  0  0  0  0  0  0  0  0  0  0  95  0  0  5  13444  0  16391  0  0  0  1  1  13  9  0  0  0  0  1  0  6440  14116  1  969  0  0  0  371  0  0  0  0  0  0  8  19867  0  0  0  0  0  0  0  0  0  0  0  0  0  0  0  0  0  0  0  0  0  0  0  0  0  0  0  0  0  0  0  0  0  0  0  0  0  0  0  0  0  0  0  0  0  0  0  0  0  0  0  0  0  0  0  0  0  0  0  0  0  0  0  0  0  0  0  0  0  0  0  0  0  0  0  0  0  1  0  0  0  0  0  0  0  0  0  
0  1  0  13  0  0  0  0  1  0  1267  0  0  0  0  0  0  0  58384  66783  0  88  0  0  5086  2  37  0  0  1  0  0  0  24  0  0  0  6  0  0  101  2573  0  4840  6  0  0  1  18  0  0  0  0  0  0  30951  6848  0  93  0  127  0  0  0  32792  0  1  0  0  0  3  0  62395  0  0  0  0  0  0  0  0  0  0  0  0  0  0  0  0  0  0  0  0  0  0  0  0  0  0  0  0  0  0  0  0  0  0  0  0  0  0  0  0  0  0  0  0  0  0  0  0  0  0  0  0  0  0  0  0  0  0  0  0  0  0  0  0  0  0  0  0  0  0  0  0  0  0  0  0  0  0  0  5  1  0  0  0  0  0  0  
0  20628  0  0  0  0  0  0  0  0  9  0  0  0  0  0  0  0  50772  5  2044  0  0  0  2  0  0  0  0  0  0  0  0  25  22  0  929  38096  0  0  4  2  50  2315  0  0  0  11  0  2096  0  0  0  0  0  0  18336  340  0  5337  11373  0  0  0  144  0  0  0  0  0  0  30060  12841  0  0  0  0  0  0  0  0  0  0  0  0  0  0  0  0  0  0  0  0  0  0  0  0  0  0  0  0  0  0  0  0  0  0  0  0  0  0  0  0  0  0  0  0  0  0  0  0  0  0  0  0  0  0  0  0  0  0  0  0  0  0  0  0  0  0  0  0  0  0  0  0  0  0  0  2  0  15  0  0  0  0  0  0  0  0  0  
0  34732  0  0  0  0  0  0  0  0  1  0  0  0  0  0  0  0  12  0  77588  0  0  0  0  0  0  0  0  0  0  0  0  16  11  0  49624  2209  0  0  0  0  33  65  0  0  0  2  0  23102  6  0  0  0  0  0  207  9  11823  0  5887  0  0  0  5  0  0  0  0  0  0  44581  2265  0  0  0  0  0  0  0  0  0  0  0  0  0  0  0  0  0  0  0  0  0  0  0  0  0  0  0  0  0  0  0  0  0  0  0  0  0  0  0  0  0  0  0  0  0  0  0  0  0  0  0  0  0  0  0  0  0  0  0  0  0  0  0  0  0  0  0  0  0  0  0  0  0  0  0  0  0  5  0  0  0  0  0  0  0  0  0  
0  38802  0  0  0  0  0  0  0  856  518  0  0  0  0  0  0  0  144  3352  82141  87337  34306  0  0  0  0  0  0  0  0  0  0  7  8  0  335  383  0  0  18  1046  235  38423  1  0  0  14  0  33511  30654  0  0  0  0  7  1849  1824  4405  7647  0  0  0  0  569  0  0  0  0  0  0  283  4566  0  0  0  0  0  0  0  0  0  0  0  0  0  0  0  0  0  0  0  0  0  0  0  0  0  0  0  0  0  0  0  0  0  0  0  0  0  0  0  0  0  0  0  0  0  0  0  0  0  0  0  0  0  0  0  0  0  0  0  0  0  0  0  0  0  0  0  0  0  0  0  0  0  0  0  2  0  9133  0  0  0  0  0  0  0  0  0  
12711  0  0  0  6  7  0  0  0  0  0  0  9689  21173  28377  0  0  0  0  0  0  0  0  46898  0  0  0  0  0  0  21  0  0  0  0  0  0  0  3576  6  0  0  0  0  0  0  70  0  7  0  0  10092  233  0  0  0  0  0  0  0  0  0  18  20719  0  0  0  0  0  1  0  0  0  0  0  0  0  0  0  0  0  0  0  0  0  0  0  0  0  0  0  0  0  0  0  0  0  0  0  0  0  0  0  0  0  0  0  0  0  0  0  0  0  0  0  0  0  0  0  0  0  0  0  0  0  0  0  0  0  0  0  0  0  0  0  0  0  0  0  0  0  0  0  0  0  0  0  0  0  0  0  0  249  33  0  0  0  0  0  0  
6  0  0  0  1  0  0  0  0  0  0  0  5  8  0  0  1  0  0  0  0  0  0  48216  0  0  0  0  0  0  38930  0  0  0  0  0  0  0  116  0  0  0  0  0  0  0  975  0  0  0  0  1  1  0  0  0  0  0  0  0  0  0  0  9267  0  0  0  0  0  2850  0  0  0  0  0  0  0  0  0  0  0  0  0  0  0  0  0  0  0  0  0  0  0  0  0  0  0  0  0  0  0  0  0  0  44  5  0  0  0  0  0  0  0  0  0  0  0  0  0  0  0  0  0  0  0  0  0  0  0  0  0  0  0  0  0  0  0  0  0  0  0  0  0  1  0  0  0  0  0  0  0  2  3255  2  0  0  0  1  0  0  
7023  0  0  0  5  45  0  0  0  0  0  0  418  1147  0  0  1  1  0  0  0  0  2  97409  0  0  0  0  0  0  9496  2  0  0  2  0  0  0  2766  21  0  0  0  0  0  0  1018  0  19  0  0  260  7  0  0  0  0  0  0  0  0  29299  10878  0  0  1  0  1  0  2716  0  0  0  0  0  0  0  0  0  0  0  0  0  0  0  0  0  0  0  0  0  0  0  0  0  0  0  0  0  0  0  0  0  0  0  9  0  0  0  0  0  0  0  0  0  0  0  0  0  0  0  0  0  0  0  0  0  0  0  0  0  0  0  0  0  0  0  0  0  1  0  0  0  0  0  0  0  0  4  0  0  20  4231  720  0  1  0  4  0  0  
0  1  0  283  0  0  0  2  1215  310  64612  0  0  0  0  0  1  0  4  63090  0  465  2  0  0  119  31447  0  0  78242  0  0  0  279  0  0  0  4  0  0  4060  9  0  56681  160  22  0  146  456  0  0  4  0  0  1  14691  1325  38632  25  0  40  0  0  0  0  260  69  5  5  0  36510  0  10814  6  0  0  0  0  0  0  0  0  0  0  19  0  0  0  0  0  0  0  0  4  0  9  0  0  0  0  1  0  0  1  0  0  0  0  0  0  0  0  0  0  0  0  0  0  0  0  0  0  0  0  0  0  0  0  0  0  0  0  0  0  0  0  0  0  0  0  0  0  0  0  0  0  0  0  2  0  7  10  84  47  0  0  0  0  0  0  
430  0  0  1  44  82330  45686  26971  35941  49846  0  3  0  17  41  2359  0  0  0  0  0  4  3  1  0  1  0  0  6  142  20  4887  0  0  0  0  0  0  2  0  1467  0  0  493  422  1572  0  634  20  0  0  494  1318  1490  0  1193  1  2  0  0  0  2  0  4  680  0  1592  48  522  13  2325  0  76  1  0  0  0  0  0  2138  650  1098  2683  513  0  0  0  0  0  2  0  0  0  0  0  1  0  0  0  0  1  0  0  13  0  3  0  0  0  0  0  0  0  0  0  0  0  6  6  1  0  0  1  0  0  0  0  0  0  0  0  0  0  0  0  0  0  0  4  28115  0  0  1  0  403  0  0  0  0  11782  135  1632  1355  1920  0  586  3  636  5  0  
0  0  11138  6510  0  0  0  147  11  4  0  0  0  0  2  15  5  0  0  0  0  0  0  0  0  73730  46186  106956  59  3991  0  0  0  8  0  1052  0  0  0  0  9181  0  0  5  30314  33479  0  171  107  0  0  21  0  7  0  32240  0  0  0  0  0  0  0  0  809  232  0  24  20  0  93  0  12  0  0  0  0  0  0  0  0  0  0  0  0  0  0  0  0  0  0  0  0  0  0  0  0  0  0  0  0  0  0  0  0  0  0  0  0  0  0  0  0  0  0  0  0  0  0  0  0  0  0  0  0  0  0  0  0  0  0  0  0  0  0  0  0  0  0  0  0  0  0  0  0  0  0  0  0  0  0  223  1207  1168  0  0  0  0  0  0  
1  0  0  12508  0  5  0  50  0  0  0  53435  0  95  18626  1  0  0  0  0  0  0  0  0  0  1  0  0  66935  0  0  0  0  0  0  0  0  0  0  7802  3  0  0  0  56191  82  0  1  25715  0  0  49615  51  80  0  52  0  0  0  0  0  0  0  0  19  79  22  0  18572  0  0  0  0  0  0  0  0  0  0  0  0  0  0  0  0  0  0  0  0  0  0  0  0  0  0  0  0  0  0  0  0  0  0  0  0  0  0  0  0  0  0  0  0  0  0  0  0  0  0  0  0  0  0  0  0  0  0  0  0  0  0  0  0  0  0  0  0  0  0  0  0  0  0  0  0  0  0  0  1  2  0  421  12051  5521  0  0  0  0  0  0  
1  0  1  0  1  30  5959  18041  0  0  0  0  0  0  11013  21608  0  0  0  0  0  0  0  0  0  0  0  0  64650  0  0  0  0  0  0  0  0  0  0  0  0  0  0  0  15072  50  0  0  2  0  0  1186  70  28946  0  4  0  0  0  0  0  0  0  0  0  648  9  8862  0  0  0  0  0  0  0  0  0  0  0  0  0  0  0  0  0  0  0  0  0  0  0  0  0  0  0  0  0  0  0  0  0  0  0  0  0  0  0  0  0  0  0  0  0  0  0  0  0  0  0  0  0  0  0  0  0  0  0  0  0  0  0  0  0  0  0  0  0  0  0  2  0  0  0  0  0  0  0  0  0  1556  0  13  34  54  0  0  0  0  0  0  
33256  0  0  0  15477  34149  0  0  0  0  0  0  0  0  11  7170  1  0  0  0  0  0  1  23115  0  0  0  0  0  0  50159  48  0  0  1  0  0  0  0  0  0  0  0  0  0  0  3  0  0  0  0  5  3  0  0  0  0  0  0  0  0  0  576  1605  0  2  0  0  0  0  0  0  0  0  2  0  0  0  3  92  0  0  0  0  0  0  0  0  0  93  0  0  0  0  0  0  0  3  0  0  0  0  0  0  58  15  0  0  0  0  0  0  0  0  0  0  0  0  0  0  0  0  0  0  0  0  0  0  0  0  0  0  0  0  0  0  2  0  0  7  0  0  0  186  0  0  0  0  0  0  0  9  184  186  0  1  0  2  0  0  
0  0  0  13  0  0  0  11  26930  214  0  0  0  0  0  0  0  0  0  0  0  0  0  0  0  3  2782  0  0  58015  0  0  0  3  0  0  0  0  0  0  912  0  0  39  16  27751  0  39  45  0  0  1  0  0  0  33422  1  6  0  0  0  0  0  0  44047  2586  138  0  1  0  0  0  36  0  0  0  0  0  0  0  0  0  97  1  2  0  0  0  0  0  0  0  0  2  0  0  0  0  0  0  4  0  0  557  0  0  0  0  0  0  0  0  0  0  0  0  0  0  0  0  0  0  0  0  0  0  0  0  0  0  0  0  0  0  0  0  0  0  0  2  0  0  0  0  1065  0  0  0  0  0  0  18  119  124  0  0  0  0  0  0  
0  7572  0  0  0  0  0  0  0  0  0  0  0  0  0  0  0  0  4  0  2880  0  7  0  0  0  0  0  0  0  0  0  0  259  10  0  169975  159837  0  0  1  0  12376  66  0  0  0  5  0  23661  0  0  0  0  0  0  95  40  31710  38417  2562  0  0  0  28  0  0  0  0  0  0  0  12640  0  0  0  0  0  0  0  0  0  0  0  0  0  0  0  0  0  0  0  0  0  0  0  0  0  0  0  0  0  0  0  0  0  0  0  0  0  0  0  0  0  0  0  0  0  0  0  0  0  0  0  0  0  0  0  0  0  0  0  0  0  0  0  0  0  0  0  0  0  0  0  0  0  0  0  0  0  14  0  0  0  0  0  0  0  0  0  
0  318  0  188  0  0  0  0  3  25  3  0  0  0  0  0  1  1  62864  87  18  0  168  0  139330  174  0  0  0  2  0  0  664  130174  7823  3698  96  187169  0  0  24229  0  9070  4046  173  1  0  85806  398  24734  0  4  0  1  35895  33554  20765  45005  16939  2940  2605  0  0  0  30129  30  28  9  3  0  48  11964  0  8808  0  0  0  0  0  0  0  0  0  0  0  0  0  0  0  0  0  0  0  0  0  0  0  0  0  0  0  0  0  0  0  0  0  0  0  0  0  0  0  0  0  0  0  0  0  0  0  0  0  0  0  0  0  0  0  0  0  0  0  0  0  0  0  0  0  1  0  0  0  0  0  0  0  0  439  0  3101  102  111  11  0  0  0  0  0  0  
0  0  0  0  0  0  0  0  0  1  0  0  0  0  0  0  0  0  0  1  0  0  0  0  0  49  0  0  0  0  0  0  19155  2497  0  16459  0  0  0  0  13075  0  0  2  0  0  0  8860  0  0  0  0  0  0  0  1  0  2  0  0  0  0  0  0  22  3  0  0  0  0  0  0  7951  0  0  0  0  0  0  0  0  0  0  0  0  0  0  0  0  0  0  0  0  0  0  0  0  0  0  0  0  0  0  0  0  0  0  0  0  0  0  0  0  0  0  0  0  0  0  0  0  0  0  0  0  0  0  0  0  0  0  0  0  0  0  0  0  0  0  0  0  0  0  0  0  0  0  0  2  0  7  5  0  0  0  0  0  0  0  0  
0  0  0  0  0  0  0  0  0  0  0  0  0  0  0  0  0  0  0  0  0  0  0  2  0  0  0  0  0  0  31  0  0  0  0  0  0  0  0  0  0  0  0  0  0  0  0  0  0  0  0  0  0  0  0  0  0  0  0  0  0  0  0  0  0  0  0  0  0  6  0  0  0  0  0  0  0  0  43983  2831  0  0  0  0  0  0  4  222  9004  11512  0  1  0  0  0  0  0  70223  0  0  0  0  0  0  9957  0  0  0  0  0  0  0  3209  3  0  0  0  0  0  0  7252  0  1951  0  0  229  16617  0  0  0  0  0  0  0  0  20747  943  5504  0  0  0  0  0  16835  0  0  0  0  0  0  0  0  0  0  0  14143  0  0  16504  0  
0  0  0  0  0  0  0  0  0  0  0  0  0  0  0  0  0  0  0  0  0  0  0  0  0  0  0  0  0  0  0  0  0  0  0  0  0  0  0  0  0  0  0  0  0  0  0  0  0  0  0  0  0  0  0  0  0  0  0  0  0  0  0  0  0  0  0  0  0  0  0  0  0  0  0  0  0  0  0  0  0  0  0  0  6  0  0  0  0  0  0  0  60577  19  28482  21  0  0  0  0  0  0  0  0  0  0  0  0  0  0  33479  34  0  0  0  34942  0  3311  0  0  0  0  0  0  23519  0  0  0  0  0  17448  357  40048  28031  13978  0  0  0  22  0  0  0  0  0  0  1385  213  0  0  0  0  0  0  0  0  0  0  0  0  0  
0  0  1293  0  0  0  3  68  0  0  0  0  0  0  0  941  0  0  0  0  0  0  0  0  0  0  0  0  0  0  0  0  0  0  0  0  0  0  0  0  0  0  0  0  0  1  0  0  0  0  0  0  0  0  0  0  0  0  0  0  0  0  0  0  0  0  0  0  0  0  0  0  0  0  0  0  0  0  0  0  0  5081  7  0  0  0  0  0  0  49368  0  0  0  0  0  0  0  0  0  0  5131  13573  22975  4887  0  0  0  0  0  0  0  0  0  0  0  0  0  0  27298  22591  0  0  0  0  0  0  0  0  0  5  0  0  0  0  0  0  0  0  0  0  5345  0  185  0  1  0  0  0  0  0  0  0  0  0  0  91  0  0  38  41  
0  0  0  0  0  0  0  0  0  0  0  0  0  0  0  0  0  0  0  0  0  0  0  0  0  0  0  0  0  0  0  0  0  0  0  0  0  0  0  0  0  0  0  0  0  0  0  0  0  0  0  0  0  0  0  0  0  0  0  0  0  0  0  0  0  0  0  0  0  0  0  0  0  0  0  0  0  0  0  1  0  0  0  0  0  44756  0  0  0  0  310  155  0  0  0  0  0  0  1  46769  0  13940  17981  0  0  0  555  2089  14  50  0  0  0  0  49711  0  0  0  31067  0  0  2  44353  0  0  107  1  1  2  8  0  3  0  0  0  0  0  0  0  0  638  593  0  0  0  0  100  179  0  0  0  0  0  0  0  21  0  0  533  13  
0  0  0  0  4  1  0  0  0  0  0  0  0  0  0  11  0  0  0  0  0  0  0  0  0  0  0  0  0  0  1  0  0  0  0  0  0  0  0  0  0  0  0  0  0  0  0  0  0  0  0  0  0  0  0  0  0  0  0  0  0  0  0  0  0  0  0  0  0  3  0  0  0  0  32693  0  0  0  0  17561  0  0  0  0  0  0  0  19  485  76698  0  0  0  0  0  0  0  22  0  0  0  0  0  0  6  0  0  0  0  0  0  0  264  0  0  0  0  0  0  0  424  0  2085  0  0  228  43172  326  0  0  0  0  0  0  0  13  9  110  0  9  0  0  0  473  0  0  0  0  0  0  0  0  0  0  0  1931  0  0  2782  0  
4  0  0  0  3  2786  90  0  0  0  0  0  0  0  0  138  0  0  0  0  0  0  0  1  0  0  0  0  0  0  52  19  0  0  0  0  0  0  0  0  0  0  0  0  0  0  0  0  0  0  0  2  2  0  0  0  0  0  0  0  0  0  1  0  0  1546  0  0  0  68  0  0  0  0  6726  0  0  0  38364  0  30202  0  0  0  0  0  1  152  0  123250  0  42  0  0  0  0  0  883  0  0  0  0  1  0  11590  3719  0  0  0  0  0  0  3569  1  0  0  0  0  18  0  11460  0  33565  0  0  5343  1500  10733  0  0  0  0  0  0  0  83  8664  700  0  47400  0  80  2  23927  0  0  0  0  0  64  0  0  0  0  0  86912  0  6  33653  3  
0  0  0  0  0  214  2792  136  0  0  0  0  0  0  0  343  0  0  0  0  0  0  0  0  0  0  0  0  0  0  0  0  0  0  0  0  0  0  0  0  0  0  0  0  0  0  0  0  0  0  0  0  0  0  0  0  0  0  0  0  0  0  0  0  0  304  0  0  0  0  0  0  0  0  0  0  1  0  2  28405  0  27624  2  0  0  0  0  0  0  84412  0  2  0  0  0  0  0  0  0  0  0  0  26  0  0  0  0  0  0  0  0  0  0  0  0  0  0  0  182  118  0  0  425  0  0  667  11  11571  0  0  0  0  0  0  0  0  0  0  0  29686  0  135  5564  0  0  0  0  0  0  750  0  0  0  0  0  10967  0  0  2756  9  
0  0  8  0  0  9  1096  3102  136  0  0  0  0  0  0  143  0  0  0  0  0  0  0  0  0  0  0  0  0  0  0  0  0  0  0  0  0  0  0  0  0  0  0  0  0  2  0  0  0  0  0  0  0  0  0  0  0  0  0  0  0  0  0  0  0  1098  0  0  0  0  0  0  0  0  0  0  6743  0  0  0  28398  0  7354  2  0  0  0  0  0  37541  0  0  0  0  0  0  0  0  0  0  4  1  556  1  0  0  0  0  0  0  0  0  0  0  6  0  0  6  4234  50550  0  0  0  0  0  0  0  6033  0  121  0  2  0  0  0  0  0  0  2  28217  107  0  26242  0  34  0  1  0  0  3  0  14  0  0  0  4627  0  4  238  77  
0  0  60  0  0  0  0  664  3650  6  0  0  0  0  0  84  0  0  0  0  0  0  0  0  0  0  0  0  0  7  0  0  0  0  0  0  0  0  0  0  1  0  0  0  0  68  0  3  0  0  0  0  0  0  0  0  0  0  0  0  0  0  0  0  0  1815  0  0  0  0  211  0  0  0  0  0  4  3  0  0  0  6776  0  6916  0  0  0  0  0  3  0  0  0  0  0  4  0  0  0  0  254  0  2  1985  0  0  0  0  0  0  0  0  0  0  128  0  0  672  27  29755  0  0  17  0  0  0  0  0  0  460  0  13  1  0  0  0  0  0  642  22489  166  0  0  0  47541  0  21  0  0  0  0  3  0  0  0  20  0  17  66  46  
0  0  0  0  0  0  0  0  196  250  1  0  0  0  0  0  0  0  0  0  0  13  3  0  0  0  0  0  0  257  0  0  0  0  0  0  0  0  0  0  0  0  0  0  0  0  0  1  0  0  0  0  0  0  0  0  0  0  0  0  0  0  0  0  0  334  0  0  0  0  7  0  0  0  0  0  0  0  0  0  0  0  6970  0  0  0  0  0  0  0  0  0  0  0  1  132  9630  0  0  0  2  0  0  15493  0  0  0  0  0  0  0  0  0  0  11  0  0  35683  3  0  0  0  1  0  0  0  0  0  0  21  1  0  6  0  4  0  0  0  893  32872  14  0  0  0  111  0  4  0  0  0  10  0  3  0  0  3  8511  611  9  18  
0  0  0  0  0  0  0  0  0  0  34715  0  0  0  0  0  0  0  0  1293  0  4060  0  0  0  0  0  0  0  55  0  0  0  0  0  0  0  0  0  0  0  0  0  226  0  0  0  0  0  0  0  0  0  0  0  0  0  0  0  0  0  0  0  0  8  0  0  0  0  0  0  0  0  0  0  0  0  0  0  0  0  0  0  0  0  0  0  0  0  0  0  0  4035  94609  0  8191  0  0  0  0  4  0  0  275  0  0  0  0  0  0  0  0  0  0  0  54234  0  76093  0  0  0  0  0  0  0  0  0  0  0  0  205  2960  0  0  0  0  0  0  63544  0  0  0  0  0  0  0  0  0  0  0  0  0  0  0  0  0  0  0  0  0  
0  0  0  0  0  0  0  0  0  0  0  0  0  0  0  0  0  0  0  0  0  0  0  0  0  0  0  0  0  0  0  0  0  0  0  0  0  0  0  0  0  0  0  0  0  0  0  0  0  0  0  0  0  0  0  0  0  0  0  0  0  0  0  0  0  0  0  0  0  0  0  0  0  0  0  0  0  41907  0  2  0  0  0  0  0  0  596  29454  0  1  152  566  0  0  0  0  0  7  0  0  0  0  6473  0  0  0  49  111  306  0  0  0  151  22306  3  0  0  0  247  0  70  23  50157  0  0  27954  0  2  0  0  0  0  0  0  0  1  0  1  0  0  0  55357  0  0  0  0  0  0  0  0  0  0  0  0  0  3  0  0  101  1  
0  0  0  0  0  0  0  0  0  0  0  0  0  0  0  0  0  0  0  0  0  0  0  0  0  0  0  0  0  0  0  0  0  0  0  0  0  0  0  0  0  0  0  0  0  0  0  0  0  0  0  0  0  0  0  0  0  0  0  0  0  0  0  0  0  0  0  0  0  0  0  0  0  0  51  0  0  0  1  1  0  0  0  0  0  1352  0  11359  0  0  0  3  0  0  0  0  0  22288  0  0  0  0  0  0  0  0  0  0  0  0  0  0  21489  913  0  0  0  0  0  0  15566  0  59  0  0  3  0  0  0  0  0  0  0  0  0  22162  0  8573  0  0  0  0  0  0  0  0  0  0  0  0  0  0  0  0  0  0  0  0  0  0  
0  0  0  0  0  0  0  0  0  0  0  0  0  0  0  0  0  0  0  0  0  0  0  0  0  0  0  0  0  0  0  0  0  0  0  0  0  0  0  0  0  0  0  0  0  0  0  0  0  0  0  0  0  0  0  0  0  0  0  0  0  0  0  0  0  0  0  0  0  0  0  0  0  0  431  0  0  0  4  24  0  0  0  0  0  27055  8304  0  6571  1  0  1  0  0  0  0  0  1225  0  0  0  0  12  0  0  0  0  0  0  0  0  0  21970  26479  0  0  0  0  0  0  100  0  5426  0  0  71723  210  0  0  0  0  0  0  0  0  32398  0  2322  0  0  0  92  0  0  0  0  0  0  0  0  0  0  0  0  0  0  0  0  5  0  
0  0  0  0  0  0  0  0  0  0  0  0  0  0  0  0  0  0  0  0  0  0  0  0  0  0  0  0  0  0  0  0  0  0  0  0  0  0  0  0  0  0  0  0  0  0  0  0  0  0  0  0  0  0  0  0  0  0  0  0  0  0  0  0  0  0  0  0  0  0  0  0  0  0  5485  0  0  0  259  10  0  0  0  0  0  0  4  6689  0  802  0  0  0  0  0  0  0  17022  0  0  0  6  15657  0  0  0  0  0  0  0  0  0  13  0  0  0  0  0  11  0  7  0  108  0  0  126283  129946  52967  0  0  0  0  0  0  0  17289  0  1  0  0  0  35408  19971  0  0  0  0  0  0  0  0  0  0  0  0  16  0  0  25  0  
0  0  222  0  6  1379  1532  1955  0  0  0  0  0  0  1  4756  0  0  0  0  0  0  0  0  0  0  0  0  0  0  46  0  0  0  0  0  0  0  0  0  0  0  0  0  0  3  0  0  0  0  0  0  0  0  0  0  0  0  0  0  0  0  0  0  0  3  0  0  0  142  0  0  0  0  8002  0  55012  0  81578  122138  67868  44186  32  0  0  0  0  0  705  0  0  0  0  0  0  0  0  162  0  0  0  0  10244  3  274  0  0  0  0  0  0  0  8  0  0  0  0  0  4571  13077  15  0  275  0  0  57  17205  107264  0  0  0  0  0  0  0  10  106  192  0  19  3  14  48379  19358  0  0  0  0  0  520  0  0  0  0  0  14764  0  0  3516  4  
0  0  0  0  0  0  0  0  0  0  0  0  0  0  0  0  0  0  0  0  0  0  0  0  0  0  0  0  0  0  0  0  0  0  0  0  0  0  0  0  0  0  0  0  0  0  0  0  0  0  0  0  0  0  0  0  0  0  0  0  0  0  0  0  0  0  0  0  0  0  0  0  0  0  0  0  0  129  0  0  0  0  0  0  0  75  0  0  0  0  0  61801  0  0  0  0  14418  1300  0  9  0  0  2  0  0  0  998  29  15112  1  0  0  0  0  13731  0  34  0  98  0  1653  38629  15247  4  0  0  0  0  0  1  0  0  0  0  0  0  0  0  0  0  19  0  0  0  0  0  124  2  0  0  0  0  0  0  246  9  8  0  67733  2  
0  0  0  0  0  0  0  0  0  0  0  0  0  0  0  0  0  0  0  0  0  0  0  0  0  0  0  0  0  0  0  0  0  0  0  0  0  0  0  0  0  0  0  0  0  0  0  0  0  0  0  0  0  0  0  0  0  0  0  0  0  0  0  0  0  0  0  0  0  0  0  0  0  0  38  0  0  320  7  570  0  0  0  0  0  491  3  0  0  0  66413  0  0  0  0  0  21146  15386  0  6  0  0  9  0  0  0  10  80  3470  1  0  0  0  6  142  0  33  0  305  0  31578  5878  42760  4  0  19  8  1  0  0  0  0  0  0  3  0  15  1003  0  2  5  8  2  0  0  0  1092  0  0  0  0  0  0  0  591  57  96  0  23607  1  
0  0  0  0  0  0  0  0  0  0  0  0  0  0  0  0  0  0  0  0  0  0  0  0  0  0  0  0  0  0  0  0  0  0  0  0  0  0  0  0  0  0  0  0  0  0  0  0  0  0  0  0  0  0  0  0  0  0  0  0  0  0  0  0  0  0  0  0  0  0  0  0  0  0  0  72032  0  0  0  0  0  0  0  0  1284  0  0  0  0  0  0  0  0  17518  302  0  0  0  31876  0  0  0  0  0  0  0  0  0  0  0  129  1045  0  0  0  12117  0  3522  0  0  0  0  0  0  287  0  0  0  0  2498  90074  89918  38510  124  2916  0  0  0  24  0  0  0  0  0  0  326  37575  0  0  0  0  0  0  0  0  0  0  0  0  0  
0  0  0  0  0  0  0  0  0  0  473  0  0  0  0  0  0  0  0  36  0  0  0  0  0  0  0  0  0  133  0  0  0  0  0  0  0  0  0  0  0  0  0  0  0  0  0  0  0  0  0  0  0  0  0  0  0  0  0  0  0  0  0  0  10  0  0  0  0  0  0  0  0  0  0  1  0  0  0  0  0  0  0  0  90543  0  0  0  0  0  0  0  22704  0  0  41  0  0  405  0  41356  0  0  3143  0  0  0  0  0  0  0  0  0  0  0  14570  0  8581  0  0  0  0  0  0  6  0  0  0  0  9995  99  88771  0  0  143  0  0  0  49375  0  0  0  0  0  0  0  0  0  0  0  0  0  0  0  0  0  0  0  0  0  
0  0  0  0  0  0  0  0  0  0  0  0  0  0  0  0  0  0  0  0  0  1  0  0  0  0  0  0  0  0  0  0  0  0  0  0  0  0  0  0  0  0  0  0  0  0  0  0  0  0  0  0  0  0  0  0  0  0  0  0  0  0  0  0  0  0  0  0  0  0  0  0  0  0  0  40320  0  0  0  0  0  0  0  0  0  0  0  0  0  0  0  0  691  0  0  1841  6436  0  0  0  0  0  0  0  0  0  0  0  0  0  1680  2  0  0  0  56804  1  182  0  0  0  0  0  43042  43491  0  0  0  0  0  200  36  120  73813  96154  0  0  0  17  0  0  0  0  0  0  46  182  0  0  0  0  0  0  0  0  0  0  0  0  0  
0  0  0  0  0  0  0  0  0  0  3697  0  0  0  0  0  0  0  0  0  0  14838  0  0  0  0  0  0  0  66  0  0  0  0  0  0  0  0  0  0  0  0  0  169  0  0  0  0  0  0  0  0  0  0  0  0  0  0  0  0  0  0  0  0  46  0  0  0  0  0  0  0  0  0  0  12  0  0  0  0  0  0  0  135  12221  0  0  0  0  0  0  0  3  152  533  0  5030  0  0  0  0  0  0  250  0  0  0  0  0  0  0  0  0  0  0  51710  0  99550  0  0  0  0  0  0  9229  0  0  0  0  0  14  1811  21  4  83316  0  0  0  815  16  0  0  0  0  0  1  30  0  0  0  0  0  0  0  0  0  2535  0  0  0  
0  0  0  0  0  0  0  0  0  0  0  0  0  0  0  0  0  0  0  0  0  0  3  0  0  0  0  0  0  0  0  0  0  0  0  0  0  0  0  0  0  0  0  0  0  0  0  0  0  0  0  0  0  0  0  0  0  0  0  0  0  0  0  0  0  0  0  0  0  0  0  0  0  0  0  2  0  0  0  0  0  0  0  8455  0  0  0  0  0  0  13606  38269  0  0  7302  7276  0  18984  0  0  0  0  0  3  2  1  0  2  24797  0  319  45  0  0  29  0  35139  13862  0  0  2755  3190  0  35183  0  0  0  0  0  0  0  2  0  0  45448  0  198  29  1  22  0  0  0  0  0  657  2384  0  0  0  25  20  1  0  55796  0  77034  35  11825  0  
0  0  0  0  0  0  0  0  0  0  0  0  0  0  0  0  0  0  0  0  0  0  0  3  0  0  0  0  0  0  41  0  0  0  0  0  0  0  0  0  0  0  0  0  0  0  0  0  0  0  0  0  0  0  0  0  0  0  0  0  0  0  0  0  0  0  0  0  0  3  0  0  0  0  71178  0  0  0  28  228  0  0  0  0  0  12  28865  580  11711  153  645  22137  0  0  0  0  18279  0  0  0  0  0  0  0  13369  284  0  24  16  0  0  0  2048  3  1  0  17  0  0  0  52213  117  4  2  0  3  1174  0  0  0  0  0  0  0  2  57144  87836  134777  0  0  0  0  0  4412  0  0  207  0  0  0  0  0  0  0  4829  5991  51  89  37707  3  
0  0  0  0  0  0  0  0  0  0  0  0  0  0  0  0  0  0  0  0  0  0  0  0  0  0  0  0  0  0  0  0  0  0  0  0  0  0  0  0  0  0  0  0  0  0  0  0  0  0  0  0  0  0  0  0  0  0  0  0  0  0  0  0  0  0  0  0  0  0  0  0  0  0  0  0  0  0  0  0  0  0  0  0  0  0  0  0  0  0  0  0  30580  415  0  0  0  0  0  20956  219  0  0  0  0  0  0  9987  0  6847  0  894  0  0  12  0  0  3  0  0  0  1  0  0  0  0  0  0  47137  93854  2  21796  7  0  1  0  0  0  11  0  222  0  0  0  0  0  207932  0  0  0  0  0  0  0  0  0  0  0  2  0  
0  0  0  0  0  0  0  0  0  0  0  0  0  0  0  0  0  0  0  0  0  0  0  0  0  0  0  0  0  0  0  0  0  0  0  0  0  0  0  0  0  0  0  0  0  0  0  0  0  0  0  0  0  0  0  0  0  0  0  0  0  0  0  0  0  0  0  0  0  0  0  0  0  0  0  0  0  36276  0  0  0  0  1  0  0  1  0  0  0  0  12  2  0  0  0  0  0  0  18481  0  0  13518  13  0  0  0  627  1446  0  70229  0  1  0  0  54075  0  0  1  9078  0  0  11  1571  0  0  0  0  0  37181  133  0  9  0  0  0  0  0  0  0  0  59002  1  0  0  0  0  7319  111  0  0  0  0  0  0  0  8  0  0  742  58  
0  0  8  0  0  0  0  0  0  0  6  0  0  0  0  0  0  0  0  0  0  0  0  0  0  0  1  0  0  461  0  0  0  0  0  0  0  0  0  0  0  0  0  0  0  0  0  0  0  0  0  0  0  0  0  0  0  0  0  0  0  0  0  0  0  0  0  0  0  0  0  0  0  0  0  0  4448  0  0  0  0  0  48  6  23  0  0  0  0  0  0  0  0  52919  0  0  0  0  283  0  0  105  0  127010  0  0  0  0  0  0  0  0  0  0  26  0  0  2  1  17078  0  0  1  0  0  0  0  0  0  111937  1  6114  0  0  5  0  0  0  20242  8  25930  0  0  0  2893  0  14  0  0  0  0  0  0  0  0  2  0  0  11  10  
0  0  0  0  0  0  0  0  0  0  0  0  0  0  0  0  0  0  0  0  0  0  0  0  0  0  0  0  0  0  0  0  0  0  0  0  0  0  0  0  0  0  0  0  0  0  0  0  0  0  0  0  0  0  0  0  0  0  0  0  0  0  0  0  0  0  0  0  0  0  0  0  0  0  0  0  14204  15691  0  0  0  0  0  0  0  0  0  0  2  0  0  0  0  0  0  0  0  0  5  15468  157  0  5437  0  0  0  0  0  0  0  0  0  0  0  105  0  0  0  126951  259  0  0  4  0  0  0  0  0  0  121  0  0  0  0  0  0  0  0  0  0  108399  0  3  0  0  0  0  0  0  0  0  0  0  0  0  0  0  0  2  1  
0  0  0  0  0  0  0  0  0  0  0  0  0  0  0  0  0  0  0  0  0  0  0  0  0  0  0  0  0  0  0  0  0  0  0  0  0  0  0  0  0  0  0  0  0  0  0  0  0  0  0  0  0  0  0  0  0  0  0  0  0  0  0  0  0  0  0  0  0  0  0  0  0  0  0  0  24831  15516  0  1  0  470  0  0  0  7076  0  4  17128  8391  0  3  0  0  0  0  0  0  0  97  0  5236  0  0  0  0  0  0  0  0  0  0  0  0  5  0  0  0  124360  44  0  0  10859  0  0  149  1  586  0  0  0  0  0  0  0  0  0  0  0  1  10  72522  84395  0  0  0  0  0  0  0  0  0  0  0  0  195  0  0  354  23  
0  0  552  0  0  0  0  1  379  2  65  0  0  0  0  2  0  0  0  0  0  31  0  0  0  0  26  0  0  5374  0  0  0  0  0  0  0  0  0  0  0  0  0  1  0  15  0  0  0  0  0  0  0  0  0  0  0  0  0  0  0  0  0  0  2  16  0  0  0  0  365  0  0  0  0  0  4297  0  0  0  0  2  2258  15575  302  0  0  0  0  1  0  0  0  3010  1  918  0  0  0  0  130665  2  0  0  0  0  0  0  0  0  0  0  0  0  2  0  0  13483  0  34877  0  0  0  0  0  0  0  0  0  36631  0  5  0  0  4  0  0  0  106798  15  318  0  0  0  92784  0  0  0  0  0  0  0  0  0  0  0  0  0  0  1  
1  0  0  0  0  54  0  0  0  0  0  0  0  0  0  0  0  0  0  0  0  0  0  56  0  0  0  0  0  0  340  5  0  0  0  0  0  0  0  0  0  0  0  0  0  0  0  0  0  0  0  0  0  0  0  0  0  0  0  0  0  0  66  0  0  1  0  0  0  25  0  0  0  0  9856  0  0  0  10  11810  0  0  0  0  0  0  0  0  0  73  0  1  0  0  0  0  99  15930  0  0  0  0  0  0  0  17590  0  0  0  0  0  0  0  0  0  0  0  0  0  0  0  0  0  0  0  0  0  0  0  0  0  0  0  0  0  0  84374  3  0  1  0  0  0  25827  0  0  0  0  0  0  0  0  0  0  137  129  186  26  16731  110  
0  0  0  0  0  61  0  0  0  0  0  0  0  0  0  1  0  0  0  0  0  0  0  0  0  0  0  0  0  0  13  12  0  0  0  0  0  0  0  0  0  0  0  0  0  0  0  0  0  0  0  0  0  0  0  0  0  0  0  0  0  0  0  1  0  10  0  0  0  1  0  0  0  0  0  0  0  0  0  4192  0  0  0  0  0  0  0  0  0  0  0  0  0  0  0  0  24  1091  0  0  0  0  0  0  16493  0  0  0  0  0  0  0  0  0  0  0  0  0  0  0  0  0  0  0  0  0  0  0  0  0  0  0  0  0  0  0  14409  0  0  109  0  0  0  0  0  0  0  0  1  0  0  28  3  1  214  9571  205  597  17596  2807  
0  0  0  0  0  0  0  0  0  0  0  0  0  0  0  0  0  0  0  0  0  0  0  0  0  0  0  0  0  0  0  0  0  0  0  0  0  0  0  0  0  0  0  0  0  0  0  0  0  0  0  0  0  0  0  0  0  0  0  0  0  0  0  0  0  0  0  0  0  0  0  0  0  0  0  0  0  432  0  0  0  0  0  0  0  22  0  0  0  0  630  5  0  0  0  0  0  0  0  622  0  0  0  0  0  0  0  26136  14403  2909  0  0  0  0  13316  0  0  0  0  0  0  20051  19  0  0  0  0  0  0  0  0  1  1  0  0  0  0  0  0  0  0  0  0  0  0  0  12950  22946  0  0  0  0  0  0  0  0  0  0  18  0  
0  0  0  0  0  0  0  0  0  0  0  0  0  0  0  0  0  0  0  0  0  0  0  0  0  0  0  0  0  0  0  0  0  0  0  0  0  0  0  0  0  0  0  0  0  0  0  0  0  0  0  0  0  0  0  0  0  0  0  0  0  0  0  0  0  0  0  0  0  0  0  0  0  0  0  0  0  1407  0  0  0  0  0  0  0  58  0  0  0  0  11  50  0  0  0  0  0  21  9573  762  0  0  0  0  0  0  15192  0  105335  66224  0  1057  0  0  0  0  16398  0  0  0  2  23305  15  3  0  0  0  0  0  0  0  0  0  0  0  0  0  0  0  0  0  0  0  0  0  7  78845  18707  0  0  0  0  0  0  1  0  0  0  0  0  
0  0  0  0  0  0  0  0  0  0  0  0  0  0  0  0  0  0  0  0  0  0  0  0  0  0  0  0  0  0  0  0  0  0  0  0  0  0  0  0  0  0  0  0  0  0  0  0  0  0  0  0  0  0  0  0  0  0  0  0  0  0  0  0  0  0  0  0  0  0  0  0  0  0  0  0  0  6  0  0  0  0  0  0  0  79  0  0  0  0  11486  6905  0  0  0  0  22044  13  0  0  0  0  0  0  0  0  13751  113481  0  0  0  61  0  0  0  0  39700  0  0  0  1  53466  1  1085  0  0  0  0  0  0  0  0  0  0  6  0  0  0  0  0  0  0  0  0  0  2579  45701  0  0  0  0  0  0  0  9092  0  18  0  0  0  
0  0  0  0  0  0  0  0  0  0  0  0  0  0  0  0  0  0  0  0  0  0  0  0  0  0  0  0  0  0  0  0  0  0  0  0  0  0  0  0  0  0  0  0  0  0  0  0  0  0  0  0  0  0  0  0  0  0  0  0  0  0  0  0  0  0  0  0  0  0  0  0  0  0  0  0  0  35  0  0  0  0  0  0  0  0  0  0  0  0  2  0  0  0  0  0  1  0  7274  71754  0  0  0  0  0  0  874  60132  0  0  0  7  0  0  42341  0  0  0  0  0  1  987  791  0  0  0  0  0  54  9  0  1  0  0  1  0  0  0  0  0  2691  0  0  0  0  0  19098  18491  0  0  0  0  0  0  13  0  4  0  419  28  
0  0  0  0  0  0  0  0  0  0  0  0  0  0  0  0  0  0  0  0  0  0  0  0  0  0  0  0  0  0  0  0  0  0  0  0  0  0  0  0  0  0  0  0  0  0  0  0  0  0  0  0  0  0  0  0  0  0  0  0  0  0  0  0  0  0  0  0  0  0  0  0  0  0  0  37243  0  0  0  0  0  0  0  0  0  0  0  0  0  0  0  0  15  0  2538  0  478  0  0  0  0  0  0  0  0  0  0  1  6  0  0  12983  0  0  0  0  22238  0  0  0  0  0  0  85962  2  0  0  0  0  0  0  0  8491  50040  690  0  0  0  0  0  0  0  0  0  0  124777  571  0  0  0  0  0  0  0  0  0  1  0  0  0  
0  0  0  0  0  0  0  0  0  0  0  0  0  0  0  0  0  0  0  0  0  0  0  0  0  0  0  0  0  0  0  0  0  0  0  0  0  0  0  0  0  0  0  0  0  0  0  0  0  0  0  0  0  0  0  0  0  0  0  0  0  0  0  0  0  0  0  0  0  0  0  0  0  0  0  11  0  0  0  0  0  0  0  0  0  0  0  0  0  0  0  0  565  0  1  0  12  0  933  2  0  0  0  0  0  0  0  1603  199  0  14005  0  0  0  0  0  30687  0  0  0  0  9  0  3055  0  0  0  0  0  0  8  0  4904  39  135  0  0  0  0  0  0  0  0  0  0  124001  177220  0  0  0  0  0  0  0  84  0  52  0  1  0  
0  0  0  0  0  0  0  0  0  0  0  0  0  0  0  0  0  0  0  0  0  0  0  0  0  0  0  0  0  0  0  0  0  0  0  0  0  0  0  0  0  0  0  0  0  0  0  0  0  0  0  0  0  0  0  0  0  0  0  0  0  0  0  0  0  0  0  0  0  0  0  0  0  0  6604  0  0  0  287  2051  0  0  0  0  0  126  21393  26786  1  25  0  5  0  0  0  0  0  208  0  0  0  0  0  0  0  0  0  0  0  0  0  0  0  2110  0  0  0  0  0  0  13422  0  15637  0  0  605  743  0  0  0  0  0  0  0  0  2749  0  11851  0  0  0  0  0  0  0  0  0  0  0  0  0  0  0  0  0  2  0  0  10  0  
0  0  0  0  0  0  0  0  0  0  0  0  0  0  0  0  0  0  0  0  0  0  0  0  0  0  0  0  0  0  0  0  0  0  0  0  0  0  0  0  0  0  0  0  0  0  0  0  0  0  0  0  0  0  0  0  0  0  0  0  0  0  0  0  0  0  0  0  0  0  0  0  0  0  3  0  0  0  0  1  0  0  0  0  0  13745  512  16839  0  0  0  1  0  0  0  0  0  0  0  0  0  0  0  0  0  0  0  0  0  0  0  0  514  0  0  0  0  0  0  0  183  0  8293  0  0  5595  1  0  0  0  0  0  0  0  0  10  0  7  0  0  0  6  0  0  0  0  0  0  0  0  0  0  0  0  0  0  0  0  1  0  
0  0  0  0  0  0  0  0  0  0  0  0  0  0  0  0  0  0  0  0  0  0  0  0  0  0  0  0  0  0  0  0  0  0  0  0  0  0  0  0  0  0  0  0  0  0  0  0  0  0  0  0  0  0  0  0  0  0  0  0  0  0  0  0  0  0  0  0  0  0  0  0  0  0  0  0  1  36984  0  1  0  5  33  7  0  4  0  0  0  0  13084  24  0  0  0  0  3  0  54  57117  54  15  59  1  0  0  11393  7  0  37164  0  0  0  0  0  0  0  36  3957  2  1  25733  55478  0  1  33  0  0  3267  779  5  556  92  0  265  0  0  0  164  9  7307  88  0  0  13  3  36449  5895  0  0  0  0  0  0  24  13  94  5  43935  1710  
0  0  0  0  0  0  0  0  0  0  1824  0  0  0  0  0  0  0  0  1  0  6838  0  0  0  0  0  0  0  0  0  0  0  0  0  0  0  0  0  0  0  0  0  158  0  0  0  0  0  0  1  0  0  0  0  0  0  0  0  0  1  0  0  0  0  0  0  0  0  0  0  0  0  0  0  51057  0  0  0  0  0  0  0  0  46363  0  0  0  0  0  0  0  14203  17179  59852  55702  0  0  0  0  0  0  0  0  0  0  0  0  0  0  0  0  0  0  0  0  0  59105  0  0  0  0  0  0  33706  0  0  0  0  0  17867  212  0  0  622  0  0  0  1  0  0  0  0  0  0  0  0  0  0  0  0  0  0  0  0  0  0  0  0  0  
0  0  0  0  0  0  0  0  0  0  0  0  0  0  0  0  0  0  0  0  0  0  0  0  0  0  0  0  0  0  0  0  0  0  0  0  0  0  0  0  0  0  0  0  0  0  0  0  0  0  0  0  0  0  0  0  0  0  0  0  0  0  0  0  0  0  0  0  0  0  0  0  0  0  0  0  0  0  0  0  0  0  0  0  0  0  0  0  0  0  8  12  0  0  0  0  34600  8  0  0  0  0  0  0  0  0  0  16364  47312  0  16536  26312  0  0  0  0  0  0  0  0  0  29  0  23457  0  0  0  0  0  0  0  0  0  5  1  0  0  0  0  0  0  0  0  0  0  17175  12211  0  0  0  0  0  0  0  7922  0  5  0  0  0  
0  0  0  0  0  0  0  0  2  0  81  0  0  0  0  0  0  0  0  0  0  56  0  0  0  0  0  0  0  1  0  0  0  0  0  0  0  0  0  0  0  0  0  2  0  0  0  0  0  0  0  0  0  0  0  0  0  0  0  0  0  0  0  0  1  0  0  0  0  0  0  0  0  0  0  2325  0  1  0  0  0  3  1060  33121  59179  0  0  0  0  0  0  0  4900  5609  366  100235  10132  0  2  0  44  0  0  11304  0  0  0  0  0  0  0  0  0  0  69  44116  0  0  15  1  0  0  8  0  179  0  0  0  0  468  5110  16504  797  527  16635  0  0  0  76152  3048  103  0  0  0  147  31  1996  0  0  0  0  2  0  0  0  11  5231  24  55  38  
0  0  0  0  0  0  1  0  0  0  0  0  0  0  0  0  0  0  0  0  0  0  0  0  0  0  0  0  0  0  0  0  0  0  0  0  0  0  0  0  0  0  0  0  0  0  0  0  0  0  0  0  0  0  0  0  0  0  0  0  0  0  0  0  0  1  0  0  0  0  0  0  0  0  0  0  23616  34632  0  0  19  5994  6  2  0  167  0  0  6  2346  2  24  0  0  0  0  0  0  0  8505  0  115058  140106  0  0  0  0  0  0  13  0  0  0  0  6423  0  0  2  0  11753  0  0  17732  0  0  60  0  122  1  273  0  0  0  0  0  0  0  0  0  72  41452  1909  35781  0  1  0  3  0  0  0  0  0  0  0  0  14058  0  4  6667  836  
0  0  280  0  0  0  0  305  4  0  0  0  0  0  0  56  0  0  0  0  0  0  0  0  0  0  0  0  0  3  0  0  0  0  0  0  0  0  0  0  0  0  0  0  0  28  0  0  0  0  0  0  0  0  0  0  0  0  0  0  0  0  0  0  0  0  0  0  0  0  0  0  0  0  0  0  23620  0  0  0  0  43506  30960  2  0  0  0  0  0  9411  0  0  0  0  0  0  0  0  0  0  23408  157  65  34252  0  0  0  0  0  0  0  0  0  0  5  0  0  8  13215  0  0  0  0  0  0  0  0  0  0  13361  1  11  0  0  0  0  0  0  43  91  20028  0  35  0  24471  0  10  0  0  0  0  0  0  0  0  261  0  3  36  18  
0  0  0  0  0  0  0  0  0  0  0  0  0  0  0  0  0  0  0  0  0  0  0  0  0  0  0  0  0  0  0  0  0  0  0  0  0  0  0  0  0  0  0  0  0  0  0  0  0  0  0  0  0  0  0  0  0  0  0  0  0  0  0  0  0  0  0  0  0  0  0  0  0  0  16548  0  0  0  883  11684  1  0  0  0  0  72  11599  30  0  36  647  23548  0  0  0  0  950  37712  0  0  0  0  0  0  0  0  0  1  0  0  0  0  19264  244  6  0  0  0  0  0  0  832  6861  0  0  9  54  0  0  0  0  0  0  0  5  196  1183  17839  0  3  0  0  0  1  0  0  404  0  0  0  0  0  0  0  24  25  36  0  37211  0  
0  0  0  0  0  0  0  0  0  0  0  0  0  0  0  0  0  0  0  0  0  0  0  0  0  0  0  0  0  0  0  0  0  0  0  0  0  0  0  0  0  0  0  0  0  0  0  0  0  0  0  0  0  0  0  0  0  0  0  0  0  0  0  0  0  0  0  0  0  0  0  0  0  0  0  0  0  1  0  0  0  0  0  0  0  8  0  0  0  0  35077  16988  0  0  0  0  1980  93  1  6  0  0  0  0  0  0  19496  24658  61665  1806  3  2  0  0  17733  0  592  0  0  0  3442  0  13  293  0  0  0  0  0  1  0  16  98  1  428  0  0  0  2  0  0  0  0  0  0  31  130451  270  0  0  0  0  0  0  13033  0  2683  7  37233  0  
0  0  0  0  0  0  0  0  0  0  0  0  0  0  0  0  0  0  0  0  0  0  0  0  0  0  0  0  0  0  0  0  0  0  0  0  0  0  0  0  0  0  0  0  0  0  0  0  0  0  0  0  0  0  0  0  0  0  0  0  0  0  0  0  0  0  0  0  0  0  0  0  0  0  525  0  1  29956  1446  18840  18  2  0  0  0  47689  50  6304  7  819  15565  42395  0  0  0  0  0  2  1  541  2  0  9954  0  0  0  27  7  14  132  0  0  12093  7858  38321  0  0  1  10772  1  7160  180  0  0  0  49499  4124  197  17  267  0  25  0  0  0  418  0  162  5  100  3136  41630  11  0  0  0  657  2  0  0  0  0  0  0  0  855  4  0  78290  28  
0  0  0  0  0  0  0  0  0  0  0  0  0  0  0  0  0  0  0  0  0  0  0  0  0  0  0  0  0  0  0  0  0  0  0  0  0  0  0  0  0  0  0  0  0  0  0  0  0  0  0  0  0  0  0  0  0  0  0  0  0  0  0  0  0  0  0  0  0  0  0  0  0  0  0  53  0  0  0  0  0  0  0  0  0  0  0  0  0  0  0  1  0  0  38397  0  37692  0  0  0  0  0  0  0  0  0  0  0  1705  0  67681  1590  0  0  0  0  24794  0  0  0  1  20  0  0  0  0  0  0  0  0  0  3  328  16475  30907  0  0  0  0  0  0  0  0  0  0  41837  27799  0  0  0  0  0  0  0  3562  0  19156  0  0  0  
0  0  0  0  0  0  0  0  0  0  0  0  0  0  0  0  0  0  0  0  0  0  0  0  0  0  0  0  0  0  0  0  0  0  0  0  0  0  0  0  0  0  0  0  0  0  0  0  0  0  0  0  0  0  0  0  0  0  0  0  0  0  0  0  0  0  0  0  0  0  0  0  0  0  0  19027  0  0  0  0  0  0  0  0  0  0  0  0  0  0  0  0  462  9  38860  7244  0  0  0  0  0  0  0  0  0  0  0  0  0  0  0  0  0  0  0  31599  0  115  0  0  0  0  0  0  0  0  0  0  0  0  956  909  7  2365  25944  0  0  0  13  0  0  0  0  0  0  0  17  0  0  0  0  0  0  0  0  0  0  0  0  0  
0  0  0  0  0  0  0  0  0  0  0  0  0  0  0  0  0  0  0  0  0  0  0  0  0  0  0  0  0  0  0  0  0  0  0  0  0  0  0  0  0  0  0  0  0  0  0  0  0  0  0  0  0  0  0  0  0  0  0  0  0  0  0  0  0  0  0  0  0  0  0  0  0  0  2664  0  0  4  452  4753  229  0  0  0  0  20469  10  92961  107446  577  0  13  0  0  0  0  0  9  0  0  0  0  297  0  0  0  0  0  0  0  0  0  1394  7020  14  0  0  0  49  0  262  0  41270  0  0  0  78839  29569  0  0  0  0  0  0  0  14301  2  279  0  220  0  50135  8  0  0  0  0  0  0  0  0  0  0  0  0  4840  0  1  13636  7  
0  0  0  0  0  0  0  0  0  0  0  0  0  0  0  0  0  0  0  0  0  0  0  0  0  0  0  0  0  0  0  0  0  0  0  0  0  0  0  0  0  0  0  0  0  0  0  0  0  0  0  0  0  0  0  0  0  0  0  0  0  0  0  0  0  0  0  0  0  0  0  0  0  0  20054  0  0  0  56116  3661  41  0  0  0  0  0  2  667  119539  18847  0  1  0  0  0  0  0  1891  0  0  0  0  0  0  0  0  0  0  0  0  0  0  6227  7  0  0  0  0  1  0  1100  0  18985  0  0  86646  0  54316  0  0  0  0  0  0  0  15858  0  138  0  124  0  6  0  0  0  0  0  0  0  0  0  0  0  0  0  628  0  0  2435  0  
0  0  0  0  0  0  0  0  0  0  0  0  0  0  0  0  0  0  0  0  0  0  0  0  0  0  0  0  0  0  0  0  0  0  0  0  0  0  0  0  0  0  0  0  0  0  0  0  0  0  0  0  0  0  0  0  0  0  0  0  0  0  0  0  0  0  0  0  0  0  0  0  0  0  1  0  0  0  420  18422  1483  1184  1  0  0  0  0  1  49215  114651  0  2  0  0  0  0  0  0  0  0  0  0  691  0  0  0  0  0  0  0  0  0  3  0  0  0  0  0  645  6  1  0  393  0  0  27103  50488  0  0  0  0  0  0  0  0  0  0  0  1  58  0  11840  24258  0  1  0  0  0  0  0  0  0  0  0  0  10035  0  1  2568  8  
0  0  0  0  0  0  0  0  0  0  0  0  0  0  0  0  0  0  0  0  0  0  0  0  0  0  0  0  0  0  0  0  0  0  0  0  0  0  0  0  0  0  0  0  0  0  0  0  0  0  0  0  0  0  0  0  0  0  0  0  0  0  0  0  0  0  0  0  0  0  0  0  0  0  0  0  0  1  0  0  0  0  0  0  0  0  0  0  0  0  1  1  0  0  0  0  0  0  40256  36052  0  0  0  0  0  0  0  0  0  24  0  0  0  0  5216  0  0  0  0  0  0  0  216  0  0  0  0  0  0  18647  0  1  0  0  0  0  0  0  3  0  5096  0  0  0  0  0  18082  0  0  0  0  0  0  0  0  0  0  0  61  8  
0  0  0  0  0  0  0  0  0  0  0  0  0  0  0  0  0  0  0  0  0  0  0  0  0  0  0  0  0  1  0  0  0  0  0  0  0  0  0  0  0  0  0  0  0  0  0  0  0  0  0  0  0  0  0  0  0  0  0  0  0  0  0  0  0  3  0  0  0  0  0  0  0  0  0  0  15  9  0  0  0  42  471  94  0  0  0  0  0  0  1  0  3995  12256  1  0  0  0  93293  133  132106  243  9  35683  0  0  0  0  0  13  0  0  0  0  988  0  0  267  195  5182  0  0  1098  0  0  0  0  1  19811  0  6  31715  7  0  42  0  0  0  41493  240  47330  1  3  0  19320  0  18419  0  0  0  0  0  0  0  0  1025  1  10  11885  7487  
0  0  0  0  0  0  0  0  0  0  0  0  0  0  0  0  0  0  0  0  0  0  0  0  0  0  0  0  0  0  0  0  0  0  0  0  0  0  0  0  0  0  0  0  0  0  0  0  0  0  0  0  0  0  0  0  0  0  0  0  0  0  0  0  0  0  0  0  0  0  0  0  0  0  0  18490  0  0  0  0  0  0  0  0  228  0  0  0  0  0  0  0  79702  88  148  1  0  0  2  0  0  0  0  0  0  0  0  0  0  0  0  35  0  0  0  17105  0  9149  0  0  0  0  0  0  946  0  0  0  0  3  0  11484  1620  26  2982  0  0  0  293  0  0  0  0  0  0  40  11336  0  0  0  0  0  0  0  0  0  0  0  0  0  
0  0  0  0  0  0  0  0  0  0  0  0  0  0  0  0  0  0  0  0  0  0  0  0  0  0  0  0  0  0  0  0  0  0  0  0  0  0  0  0  0  0  0  0  0  0  0  0  0  0  0  0  0  0  0  0  0  0  0  0  0  0  0  0  0  0  0  0  0  0  0  0  0  0  0  241  0  0  0  0  0  0  5  1  1769  0  0  0  0  0  0  0  89274  82046  81  203  0  0  21548  0  2676  0  0  4  0  0  0  0  0  0  0  1  0  0  6  35  0  13406  1  1  0  0  1  0  684  0  0  0  0  26744  17765  0  197  7  15918  0  0  0  30122  2  7  0  0  0  11  11  23304  0  0  0  0  0  0  0  0  2  15  0  21  18  
0  0  0  0  0  0  0  0  0  0  0  0  0  0  0  0  0  0  0  0  0  0  0  0  0  0  0  0  0  0  0  0  0  0  0  0  0  0  0  0  0  0  0  0  0  0  0  0  0  0  0  0  0  0  0  0  0  0  0  0  0  0  0  0  0  0  0  0  0  0  0  0  0  0  0  41654  0  0  0  0  0  0  0  0  0  0  0  0  0  0  0  0  34004  0  293  0  0  0  4  0  1  0  0  0  0  0  0  0  0  0  8575  3796  0  0  1  0  0  65  0  0  0  0  0  11  2  0  0  0  0  32  1487  257  0  2077  17582  0  0  0  5  0  0  0  0  0  0  37384  18114  0  0  0  0  0  0  0  0  0  3  0  1  0  
0  0  0  0  0  0  0  0  0  0  0  0  0  0  0  0  0  0  0  0  0  0  0  0  0  0  0  0  0  0  0  0  0  0  0  0  0  0  0  0  0  0  0  0  0  0  0  0  0  0  0  0  0  0  0  0  0  0  0  0  0  0  0  0  0  0  0  0  0  0  0  0  0  0  0  50602  0  0  0  0  0  0  0  0  0  0  0  0  0  0  0  0  515  0  55242  0  1  0  0  0  0  0  0  0  0  0  0  0  0  0  52630  231  0  0  0  0  0  365  0  0  0  0  0  21649  2516  0  0  0  0  2  61  56  3049  0  23427  0  0  0  38  0  0  0  0  0  0  19810  2465  0  0  0  0  0  0  0  0  0  0  0  0  0  
0  0  0  0  0  0  0  0  0  0  0  0  0  0  0  0  0  0  0  0  0  2  0  0  0  0  0  0  0  0  0  0  0  0  0  0  0  0  0  0  0  0  0  0  0  0  0  0  0  0  0  0  0  0  0  0  0  0  0  0  0  0  0  0  0  0  0  0  0  0  0  0  0  0  0  17288  0  0  0  0  0  0  0  4  1  0  0  0  0  0  0  0  2800  500  76383  87757  38300  0  11  0  1  0  0  0  0  0  0  0  0  0  524  552  0  0  87  1288  0  15339  0  0  0  20  0  25019  20455  0  0  0  0  147  3737  15466  19748  12182  0  0  0  0  7714  0  0  0  0  0  0  2021  28970  0  0  0  0  0  0  0  3  0  7701  0  168  1  
0  0  0  0  0  0  0  0  0  0  0  0  0  0  0  0  0  0  0  0  0  0  0  0  0  0  0  0  0  0  0  0  0  0  0  0  0  0  0  0  0  0  0  0  0  0  0  0  0  0  0  0  0  0  0  0  0  0  0  0  0  0  0  0  0  0  0  0  0  0  0  0  0  0  7224  0  0  0  3  7  0  0  0  0  0  0  23516  37645  17029  2  0  0  0  0  0  0  0  40842  0  0  0  0  0  0  0  0  0  0  0  0  0  0  1589  8  0  0  0  0  0  0  125  0  260  0  0  15378  11275  0  0  0  0  0  0  0  0  0  25  29171  0  0  0  0  0  0  0  0  0  0  0  0  0  0  0  0  0  3  0  0  183  0  
0  0  0  0  0  0  0  0  0  0  0  0  0  0  0  0  0  0  0  0  0  0  0  0  0  0  0  0  0  0  3  0  0  0  0  0  0  0  0  0  0  0  0  0  0  0  0  0  0  0  0  0  0  0  0  0  0  0  0  0  0  0  0  0  0  0  0  0  0  0  0  0  0  0  990  0  0  0  3  9925  0  0  0  0  0  0  0  0  0  6  1  9  0  0  0  0  632  100837  0  0  0  0  0  0  69694  12331  0  0  0  0  0  0  0  0  0  0  0  0  0  0  456  0  0  0  0  0  0  0  0  0  0  0  0  0  0  38  0  24797  0  0  0  0  0  12651  0  0  0  0  0  0  0  1  1  0  510  4281  216  50  70728  226  
0  0  0  0  0  0  0  0  0  0  0  0  0  0  0  0  0  0  0  0  0  0  0  0  0  0  0  0  0  0  0  0  0  0  0  0  0  0  0  0  0  0  0  0  0  0  0  0  0  0  0  0  0  0  0  0  0  0  0  0  0  0  0  0  0  0  0  0  0  0  0  0  0  0  18549  0  0  0  149  216  0  0  0  0  0  1  5014  3055  0  126  0  1168  0  0  0  0  168  146936  0  0  0  0  0  0  1  0  0  0  0  0  0  0  12557  210  0  0  0  0  0  0  11722  0  269  0  0  44  36  0  0  0  0  0  0  0  0  48616  49463  0  0  0  0  0  0  51  0  0  0  0  0  0  0  0  0  0  33  1254  0  0  6017  0  
0  0  0  0  0  0  0  1  4  0  477  0  0  0  0  0  0  0  0  208  0  2  0  0  0  0  0  0  0  29  0  0  0  0  0  0  0  0  0  0  0  0  0  0  0  0  0  0  0  0  0  0  0  0  0  0  0  0  0  0  0  0  0  0  0  2  0  0  0  0  0  0  0  0  0  30  0  4  0  0  0  3  737  627  63706  0  0  0  0  0  0  0  35  37073  38  839  0  0  11  0  24858  0  0  92467  0  0  0  0  0  0  0  0  0  0  284  0  0  66064  23  8  0  1  18  0  26  0  0  0  0  46952  733  39408  47  114  9504  0  0  0  0  67  314  0  0  0  11921  7  638  0  0  0  0  0  0  0  0  19  0  10  124  102  
3  0  0  0  0  2656  313  341  201  8618  0  0  0  1  1  48  0  0  0  0  0  0  2  1  0  0  0  0  0  1  27  176  0  0  0  0  0  0  0  0  1  0  0  0  1  0  0  34  0  0  0  10  7  1  0  0  0  0  0  0  0  0  0  1  1  21203  0  1  0  9  5  0  0  0  1  0  21  0  34  43928  32558  30257  26770  30501  0  0  0  0  0  142  0  4  0  0  0  23  41  0  2  0  148  0  11  15  0  67  0  0  0  0  0  0  2  0  87  0  0  1913  386  79  3  0  719  0  0  243  52  45  0  429  0  22  3  0  1  0  0  0  188  0  157  12  126  0  2765  1  32  0  0  6  45  265  39  9  0  29453  417  4484  6530  51  
0  0  0  0  0  0  0  0  0  0  0  0  0  0  0  0  0  0  0  0  0  0  0  0  0  0  0  0  0  0  0  0  0  0  0  0  0  0  0  0  0  0  0  0  0  0  0  0  0  0  0  0  0  0  0  0  0  0  0  0  0  0  0  0  0  0  0  0  0  0  0  0  0  0  0  0  5571  2290  0  0  0  26  64  16  0  0  0  0  0  0  26  1  0  0  0  0  0  0  301  67643  27464  105934  11  1276  0  0  0  0  0  1823  0  0  0  0  23714  0  0  41  44810  24269  0  0  3997  0  0  0  0  1  3899  45709  0  4  0  0  1  0  0  0  35  19  0  1  0  0  83  0  118  0  0  0  0  0  0  0  0  693  0  3  11968  2938  
0  0  0  0  0  0  0  0  0  0  0  0  0  0  0  0  0  0  0  0  0  0  0  0  0  0  0  0  0  0  0  0  0  0  0  0  0  0  0  0  0  0  0  0  0  0  0  0  0  0  0  0  0  0  0  0  0  0  0  0  0  0  0  0  0  0  0  0  0  0  0  0  0  0  0  0  0  2565  1  73  56  0  0  0  0  48335  0  141  32041  28  1  12  0  0  0  0  0  0  0  0  0  0  100935  0  0  0  0  0  0  0  0  0  1  7  9  0  0  0  4411  0  1  0  29136  0  0  64090  6  18945  0  0  0  0  0  0  0  0  0  0  0  5  6  0  14169  0  0  0  0  0  0  0  0  0  0  0  0  1674  0  1  9645  6  
0  0  0  0  0  1  0  0  0  0  0  0  0  0  0  0  0  0  0  0  0  0  0  0  0  0  0  0  0  0  0  0  0  0  0  0  0  0  0  0  0  0  0  0  0  0  0  0  0  0  0  0  0  0  0  0  0  0  0  0  0  0  0  0  0  0  0  0  0  0  0  0  0  0  0  0  155  1  0  1  391  15283  0  0  0  0  0  0  22254  27218  0  1  0  0  0  0  0  0  0  0  0  1  80028  0  0  0  0  0  0  1  0  0  0  0  0  0  0  0  30588  182  0  0  100  0  0  15  0  21334  0  5  0  0  0  0  0  0  0  0  1  120  2  16430  0  0  0  0  0  0  0  0  0  0  0  0  0  7925  0  0  545  19  
1  0  0  0  0  2  0  0  0  0  0  0  0  0  0  0  0  0  0  0  0  0  0  3  0  0  0  0  0  0  114  0  0  0  0  0  0  0  0  0  0  0  0  0  0  0  0  0  0  0  0  0  0  0  0  0  0  0  0  0  0  0  4  0  0  0  0  0  0  101  0  0  0  0  14331  0  0  0  700  18334  0  0  0  0  0  0  0  0  0  18735  0  0  0  0  0  0  0  10651  0  0  0  0  0  0  22667  1  0  0  0  0  0  0  0  0  0  0  0  0  0  0  0  0  0  0  0  0  0  0  0  0  0  0  0  0  0  0  14235  533  0  0  0  0  0  0  0  0  0  0  0  0  0  0  0  0  0  21356  0  0  456  0  
0  0  2  0  0  0  0  19  1604  1  0  0  0  0  0  2  0  0  0  0  0  0  0  0  0  0  0  0  0  294  0  0  0  0  0  0  0  0  0  0  0  0  0  0  0  13  0  0  0  0  0  0  0  0  0  0  0  0  0  0  0  0  0  0  0  161  0  0  0  0  1052  0  0  0  0  0  1  1  0  0  0  20  48851  66  0  0  0  0  0  0  0  0  0  0  0  0  0  0  1  2  7204  0  0  73837  0  0  0  0  0  1  0  0  0  0  192  0  0  94  18  21923  0  0  20  0  0  0  0  0  0  22325  1  92  0  0  1  0  0  0  15659  5957  567  0  0  0  0  0  74  0  0  0  0  0  0  0  0  12  0  1  136  78  
0  0  0  0  0  0  0  0  0  0  0  0  0  0  0  0  0  0  0  0  0  0  0  0  0  0  0  0  0  0  0  0  0  0  0  0  0  0  0  0  0  0  0  0  0  0  0  0  0  0  0  0  0  0  0  0  0  0  0  0  0  0  0  0  0  0  0  0  0  0  0  0  0  0  0  2005  0  0  0  0  0  0  0  0  0  0  0  0  0  0  0  1  226  0  28  0  79  0  0  0  0  0  0  0  0  0  0  0  1278  0  108449  111483  0  0  1  0  17338  1  0  0  0  13  0  43506  0  0  0  0  0  1  17  18  27748  13474  4582  0  0  0  0  0  0  0  0  0  0  0  37192  0  0  0  0  0  0  0  198  0  148  0  2  0  
0  0  0  0  0  0  0  0  0  0  0  0  0  0  0  0  0  0  0  0  0  0  0  0  0  0  0  0  0  0  0  0  0  0  0  0  0  0  0  0  0  0  0  0  0  0  0  0  0  0  0  0  0  0  0  0  0  0  0  0  0  0  0  0  0  0  0  0  0  0  0  0  0  0  0  178  0  25  0  0  0  0  7  4  0  0  0  0  0  0  8  1791  36780  0  94  4  1119  68  170650  24673  147  0  0  1  0  0  8687  80335  57709  21678  40  174880  0  0  37794  0  14673  1494  0  0  1659  129220  120  22119  0  0  0  0  29042  18505  10106  32463  22527  1343  30396  0  0  0  721  3  35  0  0  0  11  33465  0  1031  0  0  0  0  0  0  7783  0  24560  20  16817  928  
0  0  0  0  0  0  0  0  0  0  0  0  0  0  0  0  0  0  0  0  0  0  0  0  0  0  0  0  0  0  0  0  0  0  0  0  0  0  0  0  0  0  0  0  0  0  0  0  0  0  0  0  0  0  0  0  0  0  0  0  0  0  0  0  0  0  0  0  0  0  0  0  0  0  0  0  0  104  0  0  0  0  0  0  0  0  0  0  0  0  7  1  0  0  0  0  0  0  0  118  0  0  0  0  0  0  20913  18599  1  17461  0  0  0  0  5775  0  0  0  0  0  0  688  6  0  0  0  0  0  0  0  0  0  0  0  1  0  0  0  0  0  0  0  0  0  0  0  1123  0  0  0  0  0  0  0  1  0  0  0  12  0  
1  1  0  1  0  0  0  0  0  0  0  0  0  1  0  0  10727  15497  0  0  0  0  44787  9  0  0  0  0  0  0  1  1  0  10  41692  0  0  1  0  0  38  0  101592  3  0  0  14  16773  3  0  0  0  0  0  0  2  2  4  6  0  1  0  0  26  20  0  0  1  0  14  0  0  547  0  0  0  0  0  0  0  0  0  0  0  0  0  0  0  0  0  0  0  0  0  0  0  0  0  0  0  0  0  0  0  0  1  0  0  0  0  0  0  0  0  0  0  0  0  0  0  0  0  0  0  0  0  0  0  0  0  0  0  0  0  0  0  0  0  0  0  0  0  0  0  0  0  0  0  0  0  277560  21269  10079  1097  0  0  0  2  0  0  
12  0  0  0  6  113601  157447  99  0  0  0  0  0  27  9739  36676  0  0  0  0  0  0  0  0  0  0  0  0  23  0  0  0  0  0  0  0  0  0  0  0  0  0  0  0  23  0  1  0  4  0  0  1337  11033  184371  0  0  0  0  0  0  0  0  0  0  0  17479  0  2  3635  0  0  0  0  0  0  0  0  0  0  34  535  0  0  0  0  0  0  0  0  786  0  0  0  0  0  0  0  0  0  0  0  0  0  0  0  0  0  0  0  0  0  0  0  0  0  0  0  0  0  0  0  0  0  0  0  0  0  0  0  0  0  0  0  0  0  0  0  0  0  13  0  0  0  0  0  0  0  0  0  0  0  1  86  50  0  0  0  0  0  0  
0  5  0  0  0  0  0  0  2  11183  0  0  0  0  0  0  10  2  2  1  61  1  92775  0  0  4  0  0  0  0  0  0  0  418  654  0  0  30  0  0  527  0  16330  145  1  0  0  10439  2  6879  0  0  0  0  0  14  33  36  153  3  9916  0  0  0  391  63  0  0  0  0  1  5  4600  1  0  0  0  0  0  0  0  0  0  23  0  0  0  0  0  0  0  0  0  0  0  0  4  0  0  0  0  0  0  0  0  0  0  0  0  0  0  0  0  0  0  0  0  1  0  0  0  0  0  0  0  0  0  0  0  0  0  0  0  0  0  0  0  0  0  118  0  0  0  0  0  0  0  0  130666  0  0  58903  2460  14  0  0  14  14  3  0  
1  0  0  0  0  12  0  1362  13  28  0  0  0  12  1  0  321  410  0  0  0  0  230  9  0  0  0  0  103  1  28  3  0  0  49  0  0  0  0  1  59  0  0  15  3951  751  9  9105  12  0  0  759  37  2  0  167  1  1  0  0  0  0  2  50  76  1479  992  371  9  65  8  0  211  1  0  0  0  0  0  0  0  19  2  0  0  0  0  0  0  0  0  0  0  0  1  0  13  0  0  0  0  0  0  0  0  27  0  0  0  0  0  0  0  0  0  0  0  1  0  0  0  0  0  0  0  0  0  0  0  0  0  0  0  0  0  0  0  0  1  212  0  0  0  0  0  0  0  0  20667  1  59092  0  33643  40070  0  108  50  16859  21  2  
1091  0  0  9  237  202  2  971  9  39  0  113  0  271  45  6  56333  108702  0  0  0  0  3512  10457  0  26  0  0  128  1  144  0  91  1  1696  0  0  0  33  32  514  0  60  13  4447  2159  44329  72882  61794  0  0  9011  721  36  0  1705  0  1  0  0  1  212  962  4758  945  298  2608  6023  18  353  87  0  37  0  0  0  0  0  0  0  0  0  0  0  0  0  0  0  0  0  0  0  0  0  0  0  0  0  0  0  0  0  0  0  1  2  0  0  0  0  0  0  0  0  0  0  0  0  0  0  0  0  0  0  0  0  0  0  0  0  0  0  0  0  0  0  0  0  0  0  0  0  0  0  0  0  0  0  4670  20  832  15762  0  176353  0  1  0  3  0  0  
583  0  0  0  135  196  2  1968  12  9  0  22  0  240  41  13  4078  15542  0  0  0  0  9231  267  0  9  0  0  105  0  79  3  0  0  2094  0  0  0  2  18  66  0  0  8  5472  2429  386  66  2548  0  0  4184  494  19  0  487  0  0  0  0  0  44  1  1176  218  319  1066  1178  22  1239  28  0  5  0  0  0  0  0  0  0  0  0  0  0  0  0  0  0  0  0  0  0  0  0  0  0  0  0  0  0  0  0  0  0  0  10  0  0  0  0  0  0  0  0  0  0  0  0  0  0  0  0  0  0  0  0  0  0  0  0  0  0  0  0  0  0  0  0  0  0  0  0  0  0  0  0  0  0  13933  15  95  47938  424315  0  0  16  0  15  0  0  
0  0  0  0  0  0  0  0  0  0  0  0  0  0  0  0  0  0  0  0  0  0  0  0  0  0  0  0  0  0  0  1  0  0  0  0  0  0  0  0  0  0  0  0  0  0  0  0  0  0  0  0  0  0  0  0  0  0  0  0  0  0  0  0  0  0  0  0  0  0  0  0  0  0  0  0  0  0  0  0  0  0  0  0  0  0  0  0  0  0  51  10346  0  0  0  0  70148  5926  0  0  0  0  0  0  19  58  1  0  33506  39  1  36  0  0  289  0  14366  0  0  0  796  10973  0  2669  0  0  0  0  0  1  0  7  1  1  255  0  513  5  0  0  0  0  0  0  0  326  27942  1  0  0  0  2  0  0  0  0  232740  13395  40841  423  
1  0  0  0  0  109  10  0  0  0  0  0  0  0  0  19  0  0  0  0  0  0  0  0  0  0  0  0  0  0  5  18  0  0  0  0  0  0  0  0  0  0  0  0  0  0  0  0  0  0  0  1  0  0  0  0  0  0  0  0  0  0  0  6  0  171  0  0  0  3  0  0  0  0  5291  0  233  9  461  49313  1539  264  49  20  0  0  0  1  0  2841  1  9  0  0  0  0  0  2222  0  7  2  1  516  0  50  7416  0  0  0  0  0  0  8  0  14  0  0  38  10007  11  22  0  701  0  0  851  167  1943  0  172  0  1  0  0  0  2  2240  298  21  19660  592  191  527  1917  1  0  0  0  0  0  0  32  1  0  0  0  0  19221  179427  31376  
0  0  0  0  0  0  0  0  1  8  0  0  0  0  0  0  0  0  0  0  0  0  0  0  0  0  0  0  0  0  0  0  0  0  0  0  0  0  0  0  0  0  0  0  0  0  0  1  0  0  0  0  0  0  0  0  0  0  0  0  0  0  0  0  0  5  0  0  0  0  0  0  0  0  0  1  0  0  0  0  0  0  2  4384  0  0  0  0  0  0  0  128  0  0  4  1338  82597  7  1  0  0  0  0  0  3  202  0  0  170  63  1  54  0  0  666  0  193  3118  0  0  131  2157  0  12248  0  0  0  0  0  25  0  283  91  9  7982  0  5  0  2  332  0  0  0  0  0  102  45854  1  0  0  63  74  0  1  131890  0  0  53487  10217  259  
0  0  0  0  0  80  0  1  0  10  0  0  0  0  0  7  1  1  0  0  0  0  0  0  0  0  0  0  0  0  1  187  0  0  0  0  0  0  0  0  0  0  0  0  1  0  0  8  0  0  0  1  0  0  0  0  0  0  0  0  0  0  0  1  1  164  0  0  0  5  0  0  1  0  0  0  3  0  0  1  0  0  19  90  0  0  0  0  0  0  0  0  0  0  0  0  30  77  0  0  0  0  2  0  30  587  0  0  0  0  0  1  0  0  11  0  0  26  24  0  0  32  0  0  0  0  0  0  0  5  0  6  2  0  12  0  29  0  5  1482  9  0  0  0  1  0  203  0  1  0  50  14664  6  9  8860  19213  54258  0  30988  84163  
0  0  0  0  0  0  0  0  0  0  0  0  0  0  0  0  0  0  0  0  0  0  0  0  0  0  0  0  0  0  0  0  0  0  0  0  0  0  0  0  0  0  0  0  0  0  0  0  0  0  0  0  0  0  0  0  0  0  0  0  0  0  0  0  0  0  0  0  0  0  0  0  0  0  7188  0  47  27  374  6807  25  25  0  0  0  0  0  0  1  523  41716  13697  0  0  0  2  10861  26259  1  257  10  0  305  0  4060  9484  9  1  0  156  0  1  3  0  9233  0  0  2  5700  1  28317  26504  42549  2  0  1938  208  324  8  1672  1  65  101  0  299  119  46052  1057  18  315  4749  441  96  46  1  15  7825  2  0  0  1  6  0  0  17338  125441  3567  7112  0  132791  
0  0  0  0  0  0  0  0  0  0  0  0  0  0  0  0  0  0  0  0  0  0  0  0  0  0  0  0  0  0  1  0  0  0  0  0  0  0  0  0  0  0  0  0  0  0  0  0  0  0  0  0  0  0  0  0  0  0  0  0  0  0  0  0  0  0  0  0  0  0  0  0  0  0  0  0  69  3  0  0  0  41  5  2  0  0  0  0  0  6  7  0  0  0  0  0  2  77  0  10  1  0  90  0  431  5686  0  0  0  3  0  0  0  0  259  0  0  2  1294  7  0  3  3  0  0  1  0  4  0  400  0  19  0  0  1  0  971  0  6  2  689  2  19  0  1  0  362  0  0  0  0  6  1  0  1851  104636  119  147140  355754  0  
