0  0  0  0  23665  9773  0  0  1  0  0  0  0  0  12056  2709  0  3  0  0  0  0  0  75746  0  0  0  0  0  0  19762  0  0  0  0  0  0  0  0  0  0  0  0  0  1  0  16  0  570  0  0  6940  17193  17  0  0  0  0  0  0  0  25288  3339  7506  0  272  6  1  0  17733  0  0  0  0  0  0  0  0  10  0  0  0  0  0  0  0  0  0  0  10  0  0  0  0  0  0  0  0  0  0  0  0  0  0  1  0  0  0  0  0  0  0  0  0  0  0  0  0  0  0  0  0  0  0  0  0  0  0  0  0  0  0  0  0  0  0  0  0  0  0  0  0  0  2  0  0  0  0  0  14  0  0  1401  0  0  0  0  0  0  0  
0  0  0  0  0  0  0  0  0  0  0  0  0  0  0  0  0  0  38590  39  73675  1763  0  0  0  0  0  0  0  0  0  0  0  0  0  0  4770  0  0  0  0  47210  0  3623  0  0  0  0  0  0  62068  0  0  0  0  0  24634  818  52633  8849  11913  0  0  0  7  0  0  0  0  0  0  441  0  0  0  0  0  0  0  0  0  0  0  0  0  0  0  0  0  0  0  0  0  0  0  1  0  0  0  0  0  0  0  0  0  0  0  0  0  0  0  0  0  0  0  13  0  0  0  0  0  0  0  0  0  0  0  0  0  0  0  0  0  0  0  0  0  0  0  0  0  0  0  0  0  0  0  0  0  0  2  0  0  0  0  0  0  0  0  0  
0  0  0  0  0  0  72  3476  3  0  0  0  0  0  0  57479  0  0  0  0  0  0  0  0  0  0  18239  19670  25718  14351  0  0  0  0  0  0  0  0  0  0  0  0  0  0  40735  53262  0  0  0  0  0  0  0  1  0  0  0  0  0  0  0  0  0  0  0  0  24285  0  2984  0  0  0  0  0  0  0  279  0  0  0  0  6  0  0  0  0  0  0  0  17  0  0  0  0  0  0  0  0  0  0  0  1  0  81  0  0  0  0  0  0  0  0  0  0  0  0  0  0  0  6  0  0  0  0  0  0  0  0  0  0  0  0  0  0  0  0  0  0  0  0  0  0  0  0  4  0  0  0  0  17  0  0  0  0  0  0  0  0  0  0  
0  0  0  0  0  0  0  0  0  0  0  66757  0  0  0  0  22  83  0  0  0  0  0  0  0  70693  0  39038  11292  0  0  0  349  393  29  74  0  0  0  0  11547  0  0  0  20080  0  0  17  34095  0  0  0  0  0  0  0  0  0  0  0  0  0  0  0  0  0  6436  4230  0  0  0  0  0  30  0  0  0  0  0  0  0  0  0  0  0  0  0  0  0  0  0  0  0  0  0  0  0  0  0  0  0  0  0  0  0  0  0  0  0  0  0  0  0  0  0  0  0  0  0  0  0  0  0  0  0  0  0  0  0  0  0  0  0  0  0  0  0  0  0  0  0  0  0  0  0  0  0  0  0  0  0  0  10  0  0  0  0  0  0  0  
24207  0  0  0  0  8014  0  0  0  0  0  0  0  0  15033  32449  0  1  0  0  0  0  0  107  0  0  0  0  0  0  4080  0  0  0  0  0  0  0  0  0  0  0  0  0  0  0  1  0  18  0  0  152  10626  1  0  0  0  0  0  0  0  0  29  20  0  37  0  0  0  3127  0  0  0  0  1  0  0  0  1037  0  0  0  0  0  0  0  0  0  1  449  0  0  0  0  0  0  0  0  0  0  0  0  0  0  0  0  0  0  0  0  0  0  0  0  0  0  0  0  0  0  0  0  0  0  0  0  1  0  0  0  0  0  0  0  0  0  0  0  0  0  0  0  0  1  0  0  0  0  0  1  0  0  43  0  0  0  0  0  0  0  
19274  0  0  0  22917  0  22889  0  0  0  0  0  0  1  22476  89929  0  1  0  0  0  0  0  186  0  0  0  0  0  0  39  5235  0  0  0  0  0  0  0  0  0  0  0  0  1  0  9  0  325  0  0  7945  27873  43689  0  0  0  0  0  0  0  164  4  3144  0  55195  1  0  0  61398  0  0  0  0  0  0  0  0  16  5350  339  0  0  0  0  0  0  0  0  269  0  0  0  0  0  0  0  0  0  0  0  0  0  0  1  13  0  0  0  0  0  0  0  0  0  0  0  0  0  0  0  0  0  0  0  0  0  0  0  0  0  0  0  0  0  0  0  0  0  3396  0  0  0  18  0  0  0  0  0  32388  0  4  568  43  0  1  0  0  0  0  
0  0  3  0  0  27274  0  49345  490  0  0  0  0  0  3  69203  0  0  0  0  0  0  0  0  0  0  1  0  143  1  0  0  0  0  0  0  0  0  0  0  0  0  0  0  161  17  0  0  0  0  0  206  234  27440  0  0  0  0  0  0  0  0  0  0  0  38460  33  3  894  6  0  0  0  0  0  0  10  0  0  21  589  355  0  0  0  0  0  0  0  479  0  0  0  0  0  0  0  0  0  0  0  0  0  0  0  0  0  0  0  0  0  0  0  0  0  0  0  0  0  0  0  0  0  0  0  0  0  0  0  0  0  0  0  0  0  0  0  0  0  245  0  0  0  0  0  0  0  0  0  313698  0  0  6  0  0  0  0  0  0  0  
0  0  5521  0  0  1  51740  0  14100  0  0  0  0  0  1  55810  1  0  0  0  0  0  0  0  0  0  84  48  4430  313  0  0  0  0  0  0  0  0  0  0  0  0  0  0  41919  30868  0  0  2  0  0  106  3  4914  0  79  0  0  0  0  0  0  0  0  0  44923  4057  4  11820  0  28  0  0  0  0  0  80  0  0  1  120  3465  281  0  0  0  0  0  0  133  0  0  0  0  0  0  0  0  0  0  0  0  0  77  0  0  0  0  0  0  0  0  0  0  0  0  0  0  0  52  0  0  0  0  0  0  0  0  0  0  0  0  0  0  0  0  0  0  0  692  0  1  0  0  19  0  0  0  0  15788  0  0  61  4  0  0  0  0  0  0  
0  0  4  0  0  0  64  10279  0  11634  0  0  0  0  0  1  0  0  0  0  0  1  0  0  12  0  27  1  5  5689  0  0  0  0  0  0  0  0  0  0  13  0  0  282  65  11801  0  27  0  0  0  8  0  0  0  91  0  0  0  0  0  0  0  0  0  51198  903  1  10  0  37274  0  7  0  0  0  4  0  0  0  0  33  883  4  0  0  0  0  0  0  0  0  0  0  0  0  0  0  0  0  2  0  0  583  0  0  0  0  0  0  0  0  0  0  0  0  0  0  0  54  0  0  0  0  0  0  0  0  0  0  0  0  0  0  0  0  0  0  0  28  0  0  0  0  1152  0  0  0  0  736  12  3  46  33  0  0  0  0  0  0  
0  0  0  0  0  0  0  0  15068  0  0  0  0  0  0  0  0  0  0  0  0  1392  8709  0  2  0  7  0  0  17636  0  0  0  0  0  0  0  0  0  0  9  0  0  35723  0  0  0  23  0  0  0  0  0  0  0  38  0  0  0  0  3  0  0  0  147  55533  8  0  0  0  8428  0  0  0  0  0  0  0  0  0  0  0  70  40  0  0  0  0  0  0  0  0  0  0  0  1  0  0  0  0  0  0  0  6  0  0  0  0  0  0  0  0  0  0  0  0  0  4  0  0  0  0  0  0  0  0  0  0  0  0  0  0  0  0  0  0  0  0  0  10848  0  0  0  0  58  0  0  0  0  0  3395  173  16  9  0  0  0  0  0  0  
0  0  0  0  0  0  0  0  0  0  0  0  0  0  0  0  0  0  113  111764  0  10183  0  0  20  0  1931  0  0  2495  0  0  0  0  0  0  0  0  0  0  0  18150  0  92632  0  0  0  0  0  0  0  0  0  0  0  0  1  34  0  0  0  0  0  0  89808  0  0  0  0  0  0  0  0  0  0  0  0  0  0  0  0  0  0  0  16881  0  0  0  0  0  0  0  0  93  0  113  0  0  0  0  0  0  0  1  0  0  0  0  0  0  0  0  0  0  0  29  0  7517  0  0  0  0  0  0  0  0  0  0  0  0  0  0  0  0  0  0  0  0  3  0  0  0  0  0  0  0  0  0  0  0  0  0  0  0  0  0  0  0  0  0  
0  0  0  57297  0  1  0  0  0  0  0  0  0  34035  3  0  11  403  0  0  0  0  0  1  0  616  0  1407  3461  0  0  0  19  10  26  1  0  0  28  34365  31  0  0  0  10190  0  10  3  49325  0  0  27398  0  1  0  0  0  0  0  0  0  1  0  0  0  0  1188  83378  1  0  0  0  0  0  0  0  0  0  0  0  0  0  0  0  0  0  0  0  0  0  0  0  0  0  0  0  0  0  0  0  0  0  0  0  0  0  0  0  0  0  0  0  0  0  0  0  0  0  0  0  0  0  0  0  0  0  0  0  0  0  0  0  0  0  0  0  0  0  0  0  0  0  0  0  0  0  0  0  1  0  0  0  170  0  0  0  0  0  0  0  
6  0  0  0  0  13  0  0  0  0  0  4  0  11103  0  0  0  114  0  0  0  0  0  50581  0  0  0  0  0  0  0  0  0  0  0  0  0  0  30406  17  0  0  0  0  0  0  15869  0  662  0  0  63  1  0  0  0  0  0  0  0  0  1296  0  642  0  0  0  0  0  26  0  0  0  0  0  0  0  0  0  0  0  0  0  0  0  0  0  0  0  0  0  0  0  0  0  0  0  0  0  0  0  0  0  0  0  0  0  0  0  0  0  0  0  0  0  0  0  0  0  0  0  0  0  0  0  0  0  0  0  0  0  0  0  0  0  0  0  0  0  0  0  0  0  0  0  0  0  0  0  0  0  0  14  0  0  0  0  0  0  0  
0  0  0  0  0  2  0  0  0  0  0  29170  10351  0  257  0  0  42  0  0  0  0  0  5188  0  0  0  0  0  0  0  0  0  0  0  0  0  0  31251  38124  1  0  0  0  2  0  513  0  27221  0  0  53230  0  0  0  0  0  0  0  0  0  22915  0  7268  0  0  0  2773  0  0  0  0  0  0  0  0  0  0  0  0  0  0  0  0  0  0  0  0  0  0  0  0  0  0  0  0  0  0  0  0  0  0  0  0  0  0  0  0  0  0  0  0  0  0  0  0  0  0  0  0  0  0  0  0  0  0  0  0  0  0  0  0  0  0  0  0  0  0  0  0  0  0  0  0  0  0  0  0  0  0  0  0  69  0  0  0  0  0  0  0  
17347  0  1  0  15325  17542  0  0  0  0  0  1  0  69  0  44817  0  0  0  0  0  0  0  11461  0  0  0  0  8310  0  0  0  0  0  0  0  0  0  0  0  0  0  0  0  5963  0  0  0  23  0  0  161406  138773  153237  0  0  0  0  0  0  0  28199  0  11  0  27  3  36873  38310  37  0  0  0  0  0  0  0  0  1  0  0  0  0  0  0  0  0  0  0  0  0  0  0  0  0  0  0  0  0  0  0  0  0  0  0  0  0  0  0  0  0  0  0  0  0  0  0  0  0  0  0  0  0  0  0  0  0  0  0  0  0  0  0  0  0  0  0  0  0  0  0  0  0  0  0  0  0  0  0  14  0  0  73  0  0  0  0  0  0  0  
5371  0  58106  0  40027  99013  67515  44716  0  0  0  0  0  0  42720  0  0  0  0  0  0  0  0  90  0  0  0  15  11502  7  2001  14  0  0  0  0  0  0  0  0  0  0  0  0  7554  2235  0  0  0  0  0  24  497  161264  0  0  0  0  0  0  0  0  0  2  0  2835  182  0  46910  9510  0  0  0  0  0  0  781  0  784  139  766  253  0  0  0  0  0  0  0  10023  0  0  0  0  0  0  0  0  0  0  0  0  0  28  0  1  0  0  0  0  0  0  0  0  0  0  0  0  1  10  0  0  0  0  0  0  0  0  0  0  0  0  0  0  0  0  0  0  0  540  0  0  0  21  1  0  0  0  0  59434  0  0  1  0  0  0  0  0  0  0  
0  0  0  55  0  0  0  0  0  0  0  6  0  1  0  0  0  40538  0  0  0  0  8819  2  16  25  1  6  3  0  0  13762  72  4  17615  3  0  0  0  1  9166  0  285  0  866  0  7  46818  44384  0  0  6  1  8  0  28  0  0  0  0  0  0  2  0  0  0  3746  6  7  0  0  0  76  1  0  0  0  0  0  0  0  0  0  0  0  0  0  0  0  0  0  0  0  0  0  0  0  0  0  0  0  0  0  0  0  0  0  0  0  0  0  0  0  0  0  0  0  0  0  0  0  0  0  0  0  0  0  0  0  0  0  0  0  0  0  0  0  0  0  0  0  0  0  0  0  0  0  0  11028  1  1  23  133383  53  0  0  0  0  0  0  
59  0  0  102  3  60  0  0  0  0  0  186  121  18  9  0  47214  0  0  0  0  0  143  5443  0  1  0  1  1  0  10  24858  0  2  94  0  0  0  29  410  2  0  7  0  401  0  38411  3074  61371  0  0  355  47  17  0  0  0  0  0  0  0  7  183  0  0  3  23  682  1  13  0  0  0  1  0  0  0  0  0  0  0  0  0  0  0  0  0  0  0  0  0  0  0  0  0  0  0  0  0  0  0  0  0  0  0  0  0  0  0  0  0  0  0  0  0  0  0  0  0  0  0  0  0  0  0  0  0  0  0  0  0  0  0  0  0  0  0  0  0  0  0  0  0  0  0  0  0  0  2077  1  7  41  172950  224  0  0  0  0  0  0  
0  36103  0  0  0  0  0  0  0  0  195  0  0  0  0  0  0  0  0  47548  2073  1083  0  0  20045  0  0  0  0  0  0  0  0  0  0  0  120  10389  0  0  0  24448  0  5806  0  0  0  0  0  2  2569  0  0  0  0  1  184675  152697  41872  20  5288  0  0  0  128  0  0  0  0  0  0  0  44593  0  0  0  0  0  0  0  0  0  0  0  0  0  0  0  0  0  0  0  0  0  0  0  0  0  0  0  0  0  0  0  0  0  0  0  0  0  0  0  0  0  0  0  0  0  0  0  0  0  0  0  0  0  0  0  0  0  0  0  0  0  0  0  0  0  0  0  0  0  0  0  0  0  0  0  0  0  2  0  0  0  0  0  0  0  0  0  
0  4  0  0  0  0  0  0  0  0  100279  0  0  0  0  0  0  0  16891  0  0  255  0  0  7621  0  16724  0  0  0  0  0  0  0  0  0  0  0  0  0  0  7961  0  33772  0  0  0  0  0  0  5  0  0  0  0  3759  42  80945  3  0  67  0  0  0  48096  0  0  0  0  0  0  0  97  0  0  0  0  0  0  0  0  0  0  0  19  0  0  0  0  0  0  0  0  0  0  0  0  0  0  0  0  0  0  0  0  0  0  0  0  0  0  0  0  0  0  0  0  0  0  0  0  0  0  0  0  0  0  0  0  0  0  0  0  0  0  0  0  0  0  0  0  0  0  0  0  0  0  0  0  0  2  0  0  0  0  0  0  0  0  0  
0  69556  0  0  0  0  0  0  0  0  0  0  0  0  0  0  0  0  2052  0  0  54  326  0  0  0  0  0  0  0  0  0  0  0  1  0  1199  86  0  0  0  3  0  72  0  0  0  0  0  33093  15294  0  0  0  0  0  3668  135  54540  47491  90971  0  0  0  12  0  0  0  0  0  0  21083  567  0  0  0  0  0  0  0  0  0  0  0  0  0  0  0  0  0  0  0  0  0  0  0  0  0  0  0  0  0  0  0  0  0  0  0  0  0  0  0  0  0  0  0  0  0  0  0  0  0  0  0  0  0  0  0  0  0  0  0  0  0  0  0  0  0  0  0  0  0  0  0  0  0  0  0  0  0  8  7  0  0  0  0  0  0  0  0  
0  607  0  0  0  0  0  0  1  4323  4973  0  0  0  0  0  0  0  5024  354  25  0  10121  0  0  0  0  0  0  4594  0  0  0  0  0  0  0  0  0  0  0  41308  0  258341  0  0  0  0  0  0  32380  0  0  0  0  0  1827  2491  22  0  82774  0  0  0  9906  2  0  0  0  0  1  0  4  0  0  0  0  0  0  0  0  0  0  12  409  0  0  0  0  0  0  0  0  0  0  2182  0  0  0  0  0  0  0  13  0  0  0  0  0  0  0  0  0  0  0  658  0  347  0  0  0  0  0  0  0  0  0  0  0  0  0  0  0  0  0  0  0  0  0  0  0  0  0  0  0  0  0  0  0  0  720  13  0  0  0  0  0  0  0  0  
0  0  0  0  0  0  0  0  12  9379  0  0  0  0  0  0  12864  570  0  0  106  8524  0  0  1  0  0  0  0  1  0  8632  1  0  19862  0  3963  0  0  0  0  0  47616  10733  0  0  0  2724  8  20269  0  0  0  0  0  1  0  0  0  0  53379  0  0  0  3  4  0  0  0  0  21  0  1  0  0  0  0  0  0  0  0  0  0  0  0  0  0  0  0  0  0  0  0  0  0  0  1  0  0  0  0  0  0  0  0  0  0  0  0  0  0  0  0  0  0  0  0  0  0  0  0  0  0  0  0  0  0  0  0  0  0  0  0  0  0  0  0  0  0  0  0  0  0  0  0  0  0  0  34533  0  97350  115  287  0  0  0  0  0  0  0  
79474  0  0  0  50  104  0  0  0  0  0  2  44970  7224  12680  32  2  4669  0  0  0  0  1  0  0  0  0  0  0  0  17011  9614  0  1  0  0  0  0  10806  2  0  0  2  0  0  0  48265  2673  6  0  0  6  4  0  0  0  0  0  0  0  0  64229  121427  171981  0  0  0  0  0  11545  0  0  0  0  8  0  0  0  0  0  0  0  0  0  0  0  0  0  0  5  0  0  0  0  0  0  0  10  0  0  0  0  0  0  68  0  0  0  0  0  0  0  0  0  0  0  0  0  0  0  0  0  0  0  0  0  0  0  0  0  0  0  0  0  0  0  2  0  0  0  0  0  0  3  0  0  0  0  0  0  0  0  23882  5  0  0  0  0  0  0  
0  0  0  0  0  0  0  0  7  0  31  0  0  0  0  0  8  0  19737  19108  0  0  0  0  0  45986  28485  0  0  2  0  0  1  195  0  1876  0  0  0  0  3594  0  0  117  2  9  0  54  234  0  0  1  0  0  46665  80648  1  31120  0  0  6  0  0  0  3334  0  2306  0  0  0  314  0  110624  9  0  0  0  0  0  0  0  0  0  0  0  0  0  0  0  0  0  0  0  0  0  0  0  0  0  0  0  0  0  0  0  0  0  0  0  0  0  0  0  0  0  0  0  0  0  0  0  0  0  0  0  0  0  0  0  0  0  0  0  0  0  0  0  0  0  0  0  0  0  0  0  0  0  0  0  0  16  0  103  0  0  0  0  0  0  0  
0  0  0  45962  0  0  0  0  0  0  0  440  0  0  0  0  24  4  0  0  0  0  0  0  43817  0  668  6888  0  0  0  0  109  6310  0  71569  0  5  0  1  54185  0  0  0  479  0  0  40  9854  0  0  13  0  3  21171  9136  0  0  0  0  0  0  0  0  0  0  132633  147  0  0  0  0  5113  277  0  0  0  0  0  0  0  0  0  0  0  0  0  0  0  0  0  0  0  0  0  0  0  0  0  0  0  0  0  0  0  0  0  0  0  0  0  0  0  0  0  0  0  0  0  0  0  0  0  0  0  0  0  0  0  0  0  0  0  0  0  0  0  0  0  0  0  0  0  0  0  0  0  0  0  0  0  0  53  1  0  0  0  0  0  0  
0  0  20110  0  0  0  1  59  25  0  1164  0  0  0  0  1  0  0  0  14972  0  1  0  0  17687  777  0  150  8  173916  0  0  0  0  0  0  0  0  0  0  1  0  0  1  186  35228  0  0  0  0  0  1  0  0  0  238734  0  2993  0  0  0  0  0  0  32110  1  126396  0  1  0  32559  0  79  0  0  0  0  0  0  0  0  0  0  0  4  0  0  0  0  0  0  0  0  0  0  0  0  0  0  0  19  0  0  46  0  0  0  0  0  0  0  0  0  0  0  0  0  0  0  0  0  0  0  0  0  0  0  0  0  0  0  0  0  0  0  0  0  0  0  0  0  0  0  0  0  0  0  0  0  6  0  0  0  1  0  0  0  0  0  0  
0  0  22246  39484  0  0  2  42  2  0  0  1020  0  0  0  28  0  0  0  0  0  0  0  0  0  6370  1187  0  1159  0  0  0  0  0  0  0  0  0  0  0  10  0  0  0  176362  1779  0  0  1306  0  0  0  0  0  0  0  0  0  0  0  0  0  0  0  0  0  145384  3  9  0  0  0  0  0  0  0  0  0  0  0  0  0  0  0  0  0  0  0  0  0  0  0  0  0  0  0  0  0  0  0  0  0  0  0  0  0  0  0  0  0  0  0  0  0  0  0  0  0  0  0  0  0  0  0  0  0  0  0  0  0  0  0  0  0  0  0  0  0  0  0  0  0  0  0  0  0  0  0  0  4  0  0  6  0  0  0  0  0  0  0  
0  0  26859  14108  0  0  271  5673  44  0  0  5239  0  0  6380  8847  0  0  0  0  0  0  0  0  0  0  2  1794  0  0  0  0  0  0  0  0  0  0  0  0  0  0  0  0  172040  405  0  0  254  0  0  645  0  262  0  1  0  0  0  0  0  0  0  0  0  34  1433  108677  98272  0  0  0  0  0  0  0  0  0  0  0  0  0  0  0  0  0  0  0  0  0  0  0  0  0  0  0  0  0  0  0  0  0  0  0  0  0  0  0  0  0  0  0  0  0  0  0  0  0  0  0  0  0  0  0  0  0  0  0  0  0  0  0  0  0  0  0  0  0  0  0  0  0  0  0  0  0  0  0  0  163  0  0  83  5  0  0  0  0  0  0  
0  0  14343  0  0  0  1  41  5778  15383  1848  0  0  0  0  1  0  0  0  0  0  6348  1  0  6  0  174599  0  6  0  0  0  0  0  0  0  0  0  0  0  0  0  0  14034  114  56697  0  1  0  0  0  2  0  0  0  23370  0  1  0  0  0  0  0  0  86041  12  2885  0  2  0  90971  0  0  0  0  0  25  0  0  0  0  2  24  49  283  0  0  0  0  0  0  0  0  34  0  11  0  0  0  0  392  0  0  13649  0  0  0  0  0  0  0  0  0  0  0  0  0  4  0  14  0  0  0  0  0  0  0  0  0  0  0  0  0  0  0  0  0  0  10  1  0  0  0  0  1624  0  0  0  0  17  0  0  1  0  0  0  0  0  0  0  
22837  0  0  0  5410  81  0  0  0  0  0  0  0  0  0  2266  1  2  0  0  0  0  1  16882  0  0  0  0  0  0  0  15184  0  0  0  0  0  0  0  0  0  0  0  0  0  0  0  0  0  0  0  0  0  0  0  0  0  0  0  0  0  0  81634  45  0  1  0  0  0  64333  0  0  0  0  96  0  0  0  22  219  0  0  0  0  0  0  0  0  0  241  0  0  0  0  0  0  0  133  0  0  0  0  0  0  2162  71  0  0  0  0  0  0  0  0  0  0  0  0  0  0  0  0  0  0  0  0  0  0  0  0  0  0  0  0  0  0  88  0  0  0  0  0  0  287  0  0  0  0  0  0  0  3  4990  4  0  0  0  0  0  0  
0  0  0  0  0  4381  0  0  0  0  0  1  0  0  0  43  14652  28453  0  0  0  0  6460  8488  0  0  0  0  0  0  13348  0  0  0  832  0  0  0  0  0  0  0  41  0  0  0  2362  42  0  0  0  0  0  0  0  0  0  0  0  0  0  0  31215  11  0  22673  0  0  0  13772  0  0  0  0  0  0  0  0  0  69  0  0  0  0  0  0  0  0  0  0  0  0  0  0  0  0  0  0  0  0  0  0  0  0  0  387  0  0  0  0  0  0  0  0  0  0  0  0  0  0  0  0  0  0  0  0  0  0  0  0  0  0  0  0  0  0  0  0  0  2107  0  0  0  0  0  0  0  0  11085  0  13  2812  54789  29502  0  5  0  11  0  0  
0  0  0  1032  0  0  0  0  1  0  0  22  0  0  0  0  12  0  0  0  0  0  0  0  0  477  0  0  0  0  0  0  0  27859  10499  213  0  19  0  0  17677  0  0  0  0  0  0  62205  36  0  0  0  0  0  0  0  0  0  0  0  0  0  0  0  0  0  0  0  0  0  0  5  12957  40651  0  0  0  0  0  0  0  0  0  0  0  0  0  0  0  0  0  0  0  0  0  0  0  0  0  0  0  0  0  0  0  0  0  0  0  0  0  0  0  0  0  0  0  0  0  0  0  0  0  0  0  0  0  0  0  0  0  0  0  0  0  0  0  0  0  0  0  0  0  0  0  0  0  0  0  0  11  40  207  0  0  0  0  0  0  0  
0  0  0  401  0  0  0  0  0  0  0  22  0  0  0  0  0  1  0  0  0  0  0  0  556  9341  0  0  0  0  0  0  25815  0  35089  62386  2  17994  0  0  440  0  29679  0  0  0  1  7319  0  85  0  0  0  0  0  0  0  0  0  29  0  0  0  0  0  0  0  0  0  0  0  39  139259  21963  0  0  0  0  0  0  0  0  0  0  0  0  0  0  0  0  0  0  0  0  0  0  0  0  0  0  0  0  0  0  0  0  0  0  0  0  0  0  0  0  0  0  0  0  0  0  0  0  0  0  0  0  0  0  0  0  0  0  0  0  0  0  0  0  0  0  0  0  0  0  0  0  0  0  0  0  1  0  0  0  0  0  0  0  0  0  
0  0  0  33  0  0  0  0  0  0  0  20  0  0  0  0  20658  104  0  0  0  0  24702  0  0  2  0  0  0  0  0  1776  7280  27339  0  101  0  1412  0  0  87  0  44185  0  0  0  0  46262  31  729  0  0  0  0  0  0  0  0  0  450  0  0  0  0  0  0  0  0  0  0  0  432  19474  145  0  0  0  0  0  0  0  0  0  0  0  0  0  0  0  0  0  0  0  0  0  0  0  0  0  0  0  0  0  0  0  0  0  0  0  0  0  0  0  0  0  0  0  0  0  0  0  0  0  0  0  0  0  0  0  0  0  0  0  0  0  0  0  0  0  0  0  0  0  0  0  0  0  0  24669  0  32  1  358  0  0  0  0  0  0  0  
0  0  0  31  0  0  0  0  0  0  0  0  0  0  0  0  5  0  0  0  0  0  0  0  2006  69614  0  0  0  0  0  0  54  52705  13  0  0  1  0  0  48378  0  1  0  1  0  0  471  121  0  0  0  0  0  347  816  0  0  0  0  0  0  0  0  0  0  16697  0  0  0  1  0  30714  24091  0  0  0  0  0  0  0  0  0  0  0  0  0  0  0  0  0  0  0  0  0  0  0  0  0  0  0  0  0  0  0  0  0  0  0  0  0  0  0  0  0  0  0  0  0  0  0  0  0  0  0  0  0  0  0  0  0  0  0  0  0  0  0  0  0  0  0  0  0  0  0  0  0  0  0  0  32  23  27  1  0  0  0  0  0  0  
0  4692  0  0  0  0  0  0  0  0  0  0  0  0  0  0  0  0  93  0  1523  0  4096  0  0  0  0  0  0  0  0  0  0  1  6  0  0  17896  0  0  0  0  27173  0  0  0  0  28  0  50338  0  0  0  0  0  0  0  0  20748  82719  154  0  0  0  0  0  0  0  0  0  0  147598  365  1  0  0  0  0  0  0  0  0  0  0  0  0  0  0  0  0  0  0  0  0  0  0  0  0  0  0  0  0  0  0  0  0  0  0  0  0  0  0  0  0  0  0  0  0  0  0  0  0  0  0  0  0  0  0  0  0  0  0  0  0  0  0  0  0  0  0  0  0  0  0  0  0  0  0  0  0  1  0  0  0  0  0  0  0  0  0  
0  4  0  0  0  0  0  0  0  0  0  0  0  0  0  0  0  0  11883  0  205  0  0  0  2  11  0  0  0  0  0  0  4  15214  1584  3  16139  0  0  0  1  0  19725  9  0  0  0  2290  0  5217  0  0  0  0  0  0  89  9  27473  1750  252  0  0  0  0  0  0  0  0  0  0  169456  232150  5  0  0  0  0  0  0  0  0  0  0  0  0  0  0  0  0  0  0  0  0  0  0  0  0  0  0  0  0  0  0  0  0  0  0  0  0  0  0  0  0  0  0  0  0  0  0  0  0  0  0  0  0  0  0  0  0  0  0  0  0  0  0  0  0  0  0  0  0  0  0  0  0  0  0  2  0  30  0  0  0  0  0  0  0  0  0  
12  0  0  0  0  19  0  0  0  0  0  4  26316  35833  0  0  0  15  0  0  0  0  0  10363  0  0  0  0  0  0  0  0  0  0  0  0  0  0  0  143  0  0  0  0  0  0  10423  0  17057  0  0  3114  3  0  0  0  0  0  0  0  0  849  0  23074  0  1  0  8  0  32  0  0  0  0  0  0  0  0  0  0  0  0  0  0  0  0  0  0  0  0  0  0  0  0  0  0  0  0  0  0  0  0  0  0  0  0  0  0  0  0  0  0  0  0  0  0  0  0  0  0  0  0  0  0  0  0  0  0  0  0  0  0  0  0  0  0  0  0  0  0  0  0  0  0  0  0  0  0  0  0  0  0  394  0  0  0  0  0  0  0  
0  0  0  0  0  0  0  0  0  0  0  29808  70  46920  0  0  0  249  0  0  0  0  0  0  0  1  0  0  0  0  0  0  0  0  0  0  0  0  1296  0  1  0  0  0  2  0  42  1  20519  0  0  224  0  0  0  0  0  0  0  0  0  1  0  1  0  0  2  3777  0  0  0  0  1  0  0  0  0  0  0  0  0  0  0  0  0  0  0  0  0  0  0  0  0  0  0  0  0  0  0  0  0  0  0  0  0  0  0  0  0  0  0  0  0  0  0  0  0  0  0  0  0  0  0  0  0  0  0  0  0  0  0  0  0  0  0  0  0  0  0  0  0  0  0  0  0  0  0  0  0  0  0  0  17  0  0  0  0  0  0  0  
0  0  0  11298  0  0  0  0  7  0  0  30  0  0  0  0  13695  4  0  0  0  0  0  0  2306  50151  105  4  0  0  0  0  16710  127  38  54621  0  0  0  0  0  0  2  2  102  0  0  59868  51224  0  0  6  0  2  149  3402  0  0  0  0  0  0  0  0  2  2  29346  98  1  0  23  0  16963  26475  0  0  0  0  0  0  0  0  0  0  0  0  0  0  0  0  0  0  0  0  0  0  0  0  0  0  0  0  0  0  0  0  0  0  0  0  0  0  0  0  0  0  0  0  0  0  0  0  0  0  0  0  0  0  0  0  0  0  0  0  0  0  0  0  0  0  0  0  0  0  0  0  0  0  9  0  189  547  8411  11  0  0  0  1  0  0  
0  38244  0  0  0  0  0  0  0  0  19647  0  0  0  0  0  0  0  20221  7923  0  38626  0  0  0  0  0  0  0  0  0  0  0  0  0  0  0  0  0  0  0  0  0  86523  0  0  0  0  0  0  5915  0  0  0  0  0  50493  1022  0  0  28  0  0  0  0  0  0  0  0  0  0  0  0  0  0  0  0  0  0  0  0  0  0  0  55  0  0  0  0  0  0  0  0  0  0  40  0  0  0  0  0  0  0  0  0  0  0  0  0  0  0  0  0  0  0  1265  0  5  0  0  0  0  0  0  0  0  0  0  0  0  0  0  0  0  0  0  0  0  0  0  0  0  0  0  0  0  0  0  0  0  0  0  0  0  0  0  0  0  0  0  
0  0  0  0  0  0  0  0  0  0  0  1  0  0  0  0  58  2  0  0  0  0  45989  2  0  0  0  0  0  0  0  78  0  25993  39883  5  27688  18890  0  0  7  0  0  0  0  0  1  12176  3  24999  0  0  0  0  0  0  0  0  0  291  6  0  0  0  0  0  0  0  0  0  0  3796  5867  3  0  0  0  0  0  0  0  0  0  0  0  0  0  0  0  0  0  0  0  0  0  0  0  0  0  0  0  0  0  0  0  0  0  0  0  0  0  0  0  0  0  0  0  0  0  0  0  0  0  0  0  0  0  0  0  0  0  0  0  0  0  0  0  0  0  0  0  0  0  0  0  0  0  0  27472  0  3587  0  1  0  0  0  0  0  0  0  
0  921  0  0  0  0  0  0  633  28849  59446  0  0  0  0  0  0  0  3754  23364  63  194202  14448  0  883  0  161  0  0  10908  0  0  0  0  1  0  0  10  0  0  0  67023  0  0  0  3  0  2  0  1  9921  0  0  0  0  678  3733  31607  449  0  19930  0  0  0  153447  4  1  0  0  0  7767  10  2909  0  0  0  0  0  0  0  0  0  0  4  1306  0  0  0  0  0  0  0  0  0  0  54  0  0  0  0  0  0  0  0  0  0  0  0  0  0  0  0  0  0  0  116  0  638  0  0  0  0  0  0  0  0  0  0  0  0  0  0  0  0  0  0  0  0  0  0  0  0  0  0  0  0  0  0  0  0  4844  1  0  0  0  0  0  0  0  0  
4  0  49560  22055  0  6  126  31188  392  0  0  7122  0  2  1705  3543  13  300  0  0  0  0  0  0  3  2138  248  182808  162326  107  0  0  3  0  0  23  0  0  0  2  397  0  0  0  0  35342  0  35  34464  0  0  500  3  7305  0  72  0  0  0  0  0  2  0  0  0  136  134635  51114  74375  1  26  0  40  17  0  0  0  0  0  0  0  0  0  0  0  0  0  0  0  0  0  0  0  0  0  0  0  0  0  0  0  0  0  0  0  0  0  0  0  0  0  0  0  0  0  0  0  0  0  0  0  0  0  0  0  0  0  0  0  0  0  0  0  0  0  0  0  0  0  0  0  0  0  0  0  0  0  0  0  414  0  0  9460  95  0  0  0  0  0  0  
1  0  49719  0  0  2  92  34368  14189  0  0  0  0  0  0  4296  0  0  0  0  0  0  0  0  1  0  47641  1605  677  61566  0  0  0  0  0  0  0  0  0  0  0  0  0  0  21172  0  0  0  0  0  0  19  1  7  0  12116  0  1  0  0  0  0  0  0  14  82  28059  1  181  0  11380  0  0  0  0  0  18  0  0  0  0  1  14  0  0  0  0  0  0  0  0  0  0  0  0  0  0  0  0  0  0  0  0  382  0  0  0  0  0  0  0  0  0  0  0  0  0  0  0  3  0  0  0  0  0  0  0  0  0  0  0  0  0  0  0  0  0  0  0  0  0  0  0  0  52  0  0  0  0  155  0  0  12  0  0  0  0  0  0  0  
146  0  0  0  5  188  0  0  0  0  0  21  14578  18  1  0  1  36810  0  0  0  0  0  48992  0  0  0  0  0  0  4  3176  0  0  0  0  0  0  10233  56  0  0  0  0  0  0  0  4004  13896  0  0  1099  61  1  0  0  0  0  0  0  0  198  202  24064  0  15  0  0  0  218  0  0  0  0  0  0  0  0  0  0  0  0  0  0  0  0  0  0  0  0  0  0  0  0  0  0  0  0  0  0  0  0  0  0  0  0  0  0  0  0  0  0  0  0  0  0  0  0  0  0  0  0  0  0  0  0  0  0  0  0  0  0  0  0  0  0  0  0  0  0  0  0  0  0  0  0  0  0  0  0  0  0  89604  1  0  0  0  0  0  0  
0  0  0  92  0  0  0  0  21  3  0  5  0  0  0  0  49913  2668  0  0  0  0  2793  4109  90  144  7  0  0  0  0  97  49197  8279  54563  4593  0  2189  0  0  34363  0  2858  0  1  0  6751  0  300  1385  0  0  0  0  0  74  0  0  0  1032  4  0  1  0  0  21  4739  1  0  0  31  1533  38893  30890  0  0  0  0  0  0  0  0  0  0  0  0  0  0  0  0  0  0  0  0  0  0  0  0  0  0  0  0  0  0  0  0  0  0  0  0  0  0  0  0  0  0  0  0  0  0  0  0  0  0  0  0  0  0  0  0  0  0  0  0  0  0  0  0  0  0  0  0  0  0  0  0  0  0  16958  0  3814  14410  90263  6305  0  0  0  0  0  0  
591  0  0  26979  25  1303  0  3  6  0  0  47325  495  16093  52  0  32427  48327  0  0  0  0  0  3  187  9044  20  1376  109  0  0  0  321  1  4  208  0  0  14267  14921  35091  0  0  0  48046  0  15155  1905  0  0  0  65459  580  222  3  212  0  0  0  0  0  119  1  611  0  165  21492  39659  188  337  2  0  1590  958  0  0  0  0  0  0  0  0  0  0  0  0  0  0  0  0  0  0  0  0  0  0  0  0  0  0  0  0  0  0  0  0  0  0  0  0  0  0  0  0  0  0  0  0  0  0  0  0  0  0  0  0  0  0  0  0  0  0  0  0  0  0  0  0  0  0  0  0  0  0  0  0  0  0  1  6  13  23  107929  21  0  0  0  0  0  0  
0  0  0  0  0  0  0  0  0  0  0  0  0  0  0  0  0  0  0  0  31113  0  24582  0  0  0  0  0  0  0  0  0  0  77  6083  0  44554  15330  0  0  4  0  27741  4  0  0  0  5075  0  0  0  0  0  0  0  0  0  4  2428  31275  18697  0  0  0  0  0  0  0  0  0  0  38415  4441  1  0  0  0  0  0  0  0  0  0  0  0  0  0  0  0  0  0  0  0  0  0  0  0  0  0  0  0  0  0  0  0  0  0  0  0  0  0  0  0  0  0  0  0  0  0  0  0  0  0  0  0  0  0  0  0  0  0  0  0  0  0  0  0  0  0  0  0  0  0  0  0  0  0  0  264  0  6297  0  0  0  0  0  0  0  0  0  
0  47277  0  0  0  0  0  0  0  0  0  0  0  0  0  0  0  0  3725  1  12091  31264  0  0  0  0  0  0  0  0  0  0  0  0  0  0  0  0  0  0  0  6720  0  18281  0  0  0  0  0  0  0  0  0  0  0  0  6805  607  1  0  31232  0  0  0  1  0  0  0  0  0  0  0  0  0  0  0  0  0  0  0  0  0  0  0  0  0  0  0  0  0  0  0  0  0  0  1  0  0  0  0  0  0  0  0  0  0  0  0  0  0  0  0  0  0  0  5  0  0  0  0  0  0  0  0  0  0  0  0  0  0  0  0  0  0  0  0  0  0  0  0  0  0  0  0  0  0  0  0  0  0  0  0  0  0  0  0  0  0  0  0  
2794  0  0  0  41  3756  78  12  4  0  0  32280  5  58395  131091  29  0  29  0  0  0  0  0  16  0  0  0  0  749  0  0  0  0  0  0  0  0  0  5795  191  5  0  0  0  202  0  1165  1  55174  0  0  0  64671  35453  0  0  0  0  0  0  0  16085  0  3313  0  1111  353  51990  66  702  0  0  0  0  0  0  0  0  0  0  0  0  0  0  0  0  0  0  0  0  0  0  0  0  0  0  0  0  0  0  0  0  0  0  0  0  0  0  0  0  0  0  0  0  0  0  0  0  0  0  0  0  0  0  0  0  0  0  0  0  0  0  0  0  0  0  0  0  0  1  0  0  0  0  0  0  0  0  0  1040  0  0  27391  60  0  0  0  0  0  0  
17556  0  0  0  13531  34002  21  0  0  0  0  0  0  0  153552  1785  0  0  0  0  0  0  0  6  0  0  0  0  0  0  0  0  0  0  0  0  0  0  0  0  0  0  0  0  0  0  9  0  251  0  0  84057  0  39368  0  0  0  0  0  0  0  25  0  47  0  2562  1  0  0  1431  0  0  0  0  0  0  0  0  4  0  0  0  0  0  0  0  0  0  0  2  0  0  0  0  0  0  0  0  0  0  0  0  0  0  0  0  0  0  0  0  0  0  0  0  0  0  0  0  0  0  0  0  0  0  0  0  0  0  0  0  0  0  0  0  0  0  0  0  0  0  0  0  0  0  0  0  0  0  0  3363  0  0  342  0  0  0  0  0  0  0  
6  0  0  0  0  31409  34131  1124  2  0  0  1  0  0  141789  170270  0  1  0  0  0  0  0  0  0  0  0  0  384  0  0  0  0  0  0  0  0  0  0  0  1  0  0  0  2458  1  0  0  19  0  0  50660  37850  0  0  0  0  0  0  0  0  0  0  2  0  398  77  11700  31035  160  0  0  0  1  0  0  0  0  0  0  0  0  0  0  0  0  0  0  0  0  0  0  0  0  0  0  0  0  0  0  0  0  0  0  0  0  0  0  0  0  0  0  0  0  0  0  0  0  0  0  0  0  0  0  0  0  0  0  0  0  0  0  0  0  0  0  0  0  0  0  0  0  0  0  0  0  0  0  0  73124  0  0  486  4  0  0  0  0  0  0  
0  0  0  0  0  0  0  0  0  0  0  0  0  0  0  0  0  0  0  0  0  0  0  0  51494  23385  0  0  0  0  0  0  0  0  0  850  0  0  0  0  1608  0  0  0  0  0  0  0  14  0  0  0  0  0  0  268  0  0  0  0  0  0  0  0  0  0  1299  0  0  0  0  0  9310  0  0  0  0  0  0  0  0  0  0  0  0  0  0  0  0  0  0  0  0  0  0  0  0  0  0  0  0  0  0  0  0  0  0  0  0  0  0  0  0  0  0  0  0  0  0  0  0  0  0  0  0  0  0  0  0  0  0  0  0  0  0  0  0  0  0  0  0  0  0  0  0  0  0  0  0  0  0  0  2  1  0  0  0  0  0  0  
0  0  0  0  0  0  0  259  288  4  8  0  0  0  0  0  7  0  0  6444  0  0  0  0  66796  11792  322680  5  14  21348  0  0  0  0  0  1307  0  0  0  0  2902  0  0  77  210  15512  0  85  305  0  0  3  0  2  122  0  0  26189  0  0  0  0  0  0  28837  4  55618  0  6  0  32898  0  9067  17  0  0  0  0  0  0  0  0  0  0  0  0  0  0  0  0  0  0  0  0  0  0  0  0  0  0  0  0  0  0  0  0  0  0  0  0  0  0  0  0  0  0  0  0  0  0  0  0  0  0  0  0  0  0  0  0  0  0  0  0  0  0  0  0  0  0  0  0  0  0  0  0  0  0  1  14  2  0  135  13  0  0  0  0  0  0  
0  21110  0  0  0  0  0  0  0  0  0  0  0  0  0  0  0  0  170258  69  4199  1440  0  0  57  0  0  0  0  0  0  0  0  0  0  0  0  17  0  0  0  62589  0  13690  0  0  0  0  0  2  23134  0  0  0  0  0  0  45865  4182  0  18911  0  0  0  118  0  0  0  0  0  0  0  1594  0  0  0  0  0  0  0  0  0  0  0  0  0  0  0  0  0  0  0  0  0  0  0  0  0  0  0  0  0  0  0  0  0  0  0  0  0  0  0  0  0  0  0  0  0  0  0  0  0  0  0  0  0  0  0  0  0  0  0  0  0  0  0  0  0  0  0  0  0  0  0  0  0  0  0  0  0  20  0  0  0  0  0  0  0  0  0  
0  250  0  0  0  0  0  0  0  0  84  0  0  0  0  0  0  0  90584  158651  90  2188  0  0  19060  0  3349  0  0  1  0  0  0  0  0  0  0  0  0  0  0  1672  0  37424  0  2  0  0  0  0  555  0  0  0  0  26250  29858  0  61  0  2131  0  0  0  41157  0  0  0  0  0  175  0  18182  0  0  0  0  0  0  0  0  0  0  0  0  0  0  0  0  0  0  0  0  0  0  0  0  0  0  0  0  0  0  0  0  0  0  0  0  0  0  0  0  0  0  0  0  0  0  0  0  0  0  0  0  0  0  0  0  0  0  0  0  0  0  0  0  0  0  0  0  0  0  0  0  0  0  0  0  0  10  0  0  0  0  0  0  0  0  0  
0  40344  0  0  0  0  0  0  0  0  0  0  0  0  0  0  0  0  40782  1  62875  13  1  0  0  0  0  0  0  0  0  0  0  0  7  0  17240  18997  0  0  0  0  1  278  0  0  0  9  0  333  0  0  0  0  0  0  5930  454  0  15497  17771  0  0  0  2  0  0  0  0  0  0  47470  8717  0  0  0  0  0  0  0  0  0  0  0  0  0  0  0  0  0  0  0  0  0  0  0  0  0  0  0  0  0  0  0  0  0  0  0  0  0  0  0  0  0  0  0  0  0  0  0  0  0  0  0  0  0  0  0  0  0  0  0  0  0  0  0  0  0  0  0  0  0  0  0  0  0  0  0  0  0  2  0  0  0  0  0  0  0  0  0  
0  11828  0  0  0  0  0  0  0  0  0  0  0  0  0  0  0  0  12  0  42867  0  0  0  0  0  0  0  0  0  0  0  0  35  1850  1  71395  5262  0  0  0  0  334  1  0  0  0  1889  0  17809  0  0  0  0  0  0  0  0  19471  0  247  0  0  0  0  0  0  0  0  0  0  47206  301  0  0  0  0  0  0  0  0  0  0  0  0  0  0  0  0  0  0  0  0  0  0  0  0  0  0  0  0  0  0  0  0  0  0  0  0  0  0  0  0  0  0  0  0  0  0  0  0  0  0  0  0  0  0  0  0  0  0  0  0  0  0  0  0  0  0  0  0  0  0  0  0  0  0  0  3  0  4  0  0  0  0  0  0  0  0  0  
0  11775  0  0  0  0  0  0  0  0  0  0  0  0  0  0  0  0  13646  94  82343  73622  45221  0  2  0  0  0  0  0  0  0  0  1  117  0  254  250  0  0  0  94  31  12760  0  0  0  126  0  27775  27204  0  0  0  0  0  35014  3684  26852  190  0  0  0  0  142  0  0  0  0  0  1  1280  4176  0  0  0  0  0  0  0  0  0  0  0  0  0  0  0  0  0  0  0  0  0  0  1  0  0  0  0  0  0  0  0  0  0  0  0  0  0  0  0  0  0  0  0  0  0  0  0  0  0  0  0  0  0  0  0  0  0  0  0  0  0  0  0  0  0  0  0  0  0  0  0  0  0  0  0  3  0  23393  14  0  0  0  0  0  0  0  0  
16637  0  0  0  6  370  0  0  0  0  0  0  1121  24925  18641  1  0  0  0  0  0  0  0  34944  0  0  0  0  0  0  0  0  0  0  0  0  0  0  487  0  0  0  0  0  0  0  86  0  212  0  0  17292  88  2  0  0  0  0  0  0  0  0  0  21387  0  11  0  0  0  662  0  0  0  0  0  0  0  0  0  0  0  0  0  0  0  0  0  0  0  0  0  0  0  0  0  0  0  0  0  0  0  0  0  0  0  0  0  0  0  0  0  0  0  0  0  0  0  0  0  0  0  0  0  0  0  0  0  0  0  0  0  0  0  0  0  0  0  0  0  0  0  0  0  0  0  0  0  0  0  0  0  0  268  0  0  0  0  0  0  0  
191  0  0  0  1  1  0  0  0  0  0  0  1  0  0  0  0  67  0  0  0  0  0  109515  0  0  0  0  0  0  70900  32590  0  0  0  0  0  0  3  0  0  0  0  0  0  0  87  1  0  0  0  0  0  0  0  0  0  0  0  0  0  0  0  34966  0  0  0  0  0  27883  0  0  0  0  5  0  0  0  0  1  0  0  0  0  0  0  0  0  0  1  0  0  0  0  0  0  0  1  0  0  0  0  0  0  16  0  0  0  0  0  0  0  0  0  0  0  0  0  0  0  0  0  0  0  0  0  0  0  0  0  0  0  0  0  0  0  3  0  0  0  0  0  0  1  0  0  0  0  0  0  0  95  51799  3564  0  0  0  1  0  0  
10018  0  0  0  3  1060  0  0  0  0  0  0  44  7340  1  0  0  0  0  0  0  0  0  168103  0  0  0  0  0  0  21  24  0  0  0  0  0  0  18777  0  0  0  0  0  0  0  16630  0  219  0  0  9069  7  1  0  0  0  0  0  0  0  31476  34570  0  0  19  0  0  0  8027  0  0  0  0  0  0  0  0  0  0  0  0  0  0  0  0  0  0  0  0  0  0  0  0  0  0  0  0  0  0  0  0  0  0  0  0  0  0  0  0  0  0  0  0  0  0  0  0  0  0  0  0  0  0  0  0  0  0  0  0  0  0  0  0  0  0  0  0  0  0  0  0  0  0  0  0  0  0  0  0  0  0  11409  52  0  0  0  0  0  0  
0  3  0  0  0  0  0  0  1  206  84846  0  0  0  0  0  0  0  554  67238  39  6200  1  0  4481  0  38683  0  0  97959  0  0  0  0  0  0  0  0  0  0  0  2  0  167564  0  10  0  0  0  0  18  0  0  0  0  30808  447  37063  7  0  412  0  0  0  0  1  0  0  0  0  5426  0  3719  0  0  0  0  0  0  0  0  0  0  0  13  0  0  0  0  0  0  0  0  0  0  1  0  0  0  0  0  0  0  3  0  0  0  0  0  0  0  0  0  0  0  0  0  0  0  0  0  0  0  0  0  0  0  0  0  0  0  0  0  0  0  0  0  0  0  0  0  0  0  0  0  0  0  0  0  0  59  0  0  0  0  0  0  0  0  0  
22  0  0  0  0  50581  35112  41157  71469  59487  0  0  0  0  3  1217  1  0  0  0  0  1  0  0  0  0  1  0  7  62  0  23539  0  0  0  0  0  0  0  0  4  0  0  27  22  24  1  57  46  0  0  2075  692  80  0  2  0  0  0  0  0  6  0  16  0  0  114  1  35  1918  315  0  0  0  0  0  0  0  0  5652  509  3164  1542  0  0  0  0  0  0  2  0  0  0  0  0  0  0  0  0  0  0  0  0  236  0  85  0  0  0  0  0  0  0  0  0  0  0  0  1  119  0  0  0  0  0  4  0  0  0  0  0  0  0  0  0  0  0  0  0  15740  0  2  2  0  1012  0  0  0  0  85870  14  335  291  309  0  29  0  2  0  0  
9  0  30364  7155  1  10  14  895  848  2  0  1336  0  3  6  435  139  49  0  0  0  0  0  0  4378  128212  122346  152143  1054  1254  0  0  21  0  0  17221  0  0  0  7  26592  0  0  0  121115  50056  0  3817  34292  0  0  640  8  76  566  49361  0  1  0  0  1  0  0  2  1  57  0  1047  87  2  1533  0  1663  61  0  0  0  0  0  0  0  0  0  0  0  0  0  0  0  0  0  0  0  0  0  0  0  0  0  0  0  0  0  0  0  0  0  0  0  0  0  0  0  0  0  0  0  0  0  0  0  0  0  0  0  0  0  0  0  0  0  0  0  0  0  0  0  0  0  0  0  0  0  0  0  0  0  0  0  84  1  10  32363  3395  0  0  0  0  0  0  
5  0  0  6901  0  3  8  0  1  0  0  55753  0  96  32181  2  0  194  0  0  0  0  0  0  4  246  0  4  101455  0  0  0  5  0  0  5  0  0  3  348  241  0  0  0  94504  0  0  50  40840  0  0  43898  5  16762  0  7  0  0  0  0  0  0  0  0  0  1  1119  0  4817  0  0  0  32  20  0  0  0  0  0  0  0  0  0  0  0  0  0  0  0  0  0  0  0  0  0  0  0  0  0  0  0  0  0  0  0  0  0  0  0  0  0  0  0  0  0  0  0  0  0  0  0  0  0  0  0  0  0  0  0  0  0  0  0  0  0  0  0  0  0  0  0  0  0  0  0  0  0  0  0  102  0  0  17555  90  0  0  0  0  0  0  
5  0  3054  0  0  5  1164  9520  50  0  0  2  0  0  38219  44514  1  0  0  0  0  0  0  0  0  0  0  17  93203  3  0  0  0  0  0  0  0  0  0  0  1  0  0  0  85207  202  0  0  25  0  0  571  3  40829  0  0  0  0  0  0  0  1  0  0  0  149  2066  4300  0  1  2  0  0  0  0  0  0  0  0  0  0  0  0  0  0  0  0  0  0  0  0  0  0  0  0  0  0  0  0  0  0  0  0  0  0  0  0  0  0  0  0  0  0  0  0  0  0  0  0  0  0  0  0  0  0  0  0  0  0  0  0  0  0  0  0  0  0  0  0  0  0  0  0  0  0  0  0  0  0  1383  0  0  366  25  0  0  0  0  0  0  
15481  0  0  0  3240  54187  0  0  0  0  0  0  0  0  47  9064  0  0  0  0  0  0  0  11660  0  0  0  0  0  0  60208  16031  0  0  0  0  0  0  1  0  0  0  0  0  0  0  17  0  11  0  0  89  34  1  0  0  0  0  0  0  0  21  23595  5602  0  251  0  0  0  0  0  0  0  0  26  0  0  0  9  452  0  0  0  0  0  0  0  0  0  632  0  0  0  0  0  0  0  7  0  0  0  0  0  0  165  47  0  0  0  0  0  0  0  0  0  0  0  0  0  0  0  0  0  0  0  0  0  0  0  0  0  0  0  0  0  0  5  0  0  27  0  0  0  284  0  0  0  0  3  0  1  171  1430  498  0  0  0  0  0  0  
0  0  3  0  0  0  2  4  37131  4003  0  0  0  0  0  0  0  0  0  0  0  0  0  0  59  0  46773  0  2  88364  0  0  1  0  0  0  0  0  0  0  26  0  0  1522  13  11749  0  48  0  0  0  0  0  0  0  30479  0  26  0  0  0  0  0  0  6547  101  3273  0  0  0  0  0  17  1  0  0  1  0  0  0  0  1  25  1  0  0  0  0  0  0  0  0  0  0  0  0  0  0  0  0  6  0  0  1355  0  0  0  0  0  0  0  0  0  0  0  0  0  0  0  21  0  0  0  0  0  0  0  0  0  0  0  0  0  0  0  0  0  0  0  0  0  0  0  0  1948  0  0  0  0  0  9  2  24  16  0  0  0  0  0  0  
0  358  0  0  0  0  0  0  0  0  0  0  0  0  0  0  0  0  7  0  27502  1  0  0  1  3  0  0  0  0  0  0  2  65  2787  16  134000  203089  0  0  8  0  7899  14  0  0  0  4959  0  45703  0  0  0  0  0  0  3  16  45403  49674  1357  0  0  0  0  0  0  0  0  0  0  0  40742  3  0  0  0  0  0  0  0  0  0  0  0  0  0  0  0  0  0  0  0  0  0  0  0  0  0  0  0  0  0  0  0  0  0  0  0  0  0  0  0  0  0  0  0  0  0  0  0  0  0  0  0  0  0  0  0  0  0  0  0  0  0  0  0  0  0  0  0  0  0  0  0  0  0  0  7  0  83  0  0  0  0  0  0  0  0  0  
0  0  0  0  0  0  0  0  12  0  0  0  0  0  0  0  48  1  54487  90  245  17  2  0  137310  11692  3692  0  0  0  0  0  7101  116001  20842  50980  4  228885  0  0  12680  0  6453  940  3  0  0  33016  973  2057  0  0  0  0  7663  22574  1762  29295  7239  710  8797  0  0  0  1323  0  1575  3  0  0  76  14728  0  26153  0  0  0  0  0  0  0  0  0  0  0  0  0  0  0  0  0  0  0  0  0  0  0  0  0  0  0  0  0  0  0  0  0  0  0  0  0  0  0  0  0  0  0  0  0  0  0  0  0  0  0  0  0  0  0  0  0  0  0  0  0  0  0  0  0  0  0  0  0  0  0  0  0  0  37  0  593  39  439  16  0  0  0  0  0  0  
0  0  0  47  0  0  0  0  0  0  0  0  0  0  0  0  0  0  0  0  0  0  0  0  33  360  0  0  0  0  0  0  30215  22176  134  18475  0  15  0  0  12700  0  5  0  0  0  0  25051  2  0  0  0  0  0  0  2  0  0  0  0  1  0  0  0  0  0  1  0  0  0  0  1  24258  0  0  0  0  0  0  0  0  0  0  0  0  0  0  0  0  0  0  0  0  0  0  0  0  0  0  0  0  0  0  0  0  0  0  0  0  0  0  0  0  0  0  0  0  0  0  0  0  0  0  0  0  0  0  0  0  0  0  0  0  0  0  0  0  0  0  0  0  0  0  0  0  0  0  0  3  0  181  126  0  0  0  0  0  0  0  0  
1  0  0  0  0  0  0  0  0  0  0  0  0  0  0  0  0  0  0  0  0  0  0  1  0  0  0  0  0  0  32  0  0  0  0  0  0  0  0  0  0  0  0  0  0  0  0  0  0  0  0  0  0  0  0  0  0  0  0  0  0  0  2  0  0  0  0  0  0  16  0  0  0  0  0  0  0  0  31390  26951  13  0  0  0  0  1  0  1  8010  18717  0  0  0  0  0  0  0  87548  0  0  0  0  0  0  13925  0  0  0  0  0  0  0  4  2  0  0  0  0  0  0  71  0  74  0  0  2933  23726  26  0  0  0  0  0  0  0  13512  367  12278  0  61  0  41  0  16409  0  0  0  0  0  0  0  0  0  0  0  186  0  0  90  0  
0  0  0  0  0  0  0  0  0  0  0  0  0  0  0  0  0  0  0  0  0  0  0  0  0  0  0  0  0  0  0  0  0  0  0  0  0  0  0  0  0  0  0  0  0  0  0  0  0  0  0  0  0  0  0  0  0  0  0  0  0  0  0  0  0  0  0  0  0  0  0  0  0  0  0  0  0  0  0  0  0  0  0  0  0  0  0  0  0  0  0  0  34069  0  79379  0  0  0  2  0  0  0  0  0  0  0  0  0  0  0  7611  2656  0  0  0  38460  0  4  0  0  0  0  0  278  23408  0  0  0  0  0  7  386  64296  31155  2288  0  0  0  0  0  0  0  0  0  0  4054  298  0  0  0  0  0  0  0  0  0  22  0  0  0  
0  0  476  0  0  0  4  76  3  0  0  0  0  0  0  718  0  0  0  0  0  0  0  0  0  0  0  0  1  43  0  0  0  0  0  0  0  0  0  0  0  0  0  0  0  13  0  0  0  0  0  0  0  0  0  0  0  0  0  0  0  0  0  0  0  0  0  0  0  0  3  0  0  0  0  0  0  0  0  0  0  30712  2  0  0  0  0  0  0  47953  0  0  0  0  0  0  0  0  0  0  17313  22901  31655  18376  0  0  0  0  0  0  0  0  0  0  0  0  0  0  49106  50439  0  0  0  0  0  0  0  1  0  63  0  0  0  0  0  0  0  0  0  0  24636  0  2345  0  21  0  0  0  0  0  0  0  0  0  0  0  0  0  0  0  
0  0  0  0  0  0  0  0  0  0  0  0  0  0  0  0  0  0  0  0  0  0  0  0  0  0  0  0  0  0  0  0  0  0  0  0  0  0  0  0  0  0  0  0  0  0  0  0  0  0  0  0  0  0  0  0  0  0  0  0  0  0  0  0  0  0  0  0  0  0  0  0  0  0  0  0  0  0  0  0  0  0  0  0  0  40148  0  5  0  0  90  182  0  0  0  0  0  0  237  67158  0  25746  27172  0  0  0  163  47  8  226  0  0  3  27  30059  0  2  0  25529  0  0  33  46044  0  0  8  0  2  188  30  0  0  1  0  0  0  0  0  0  0  26212  28145  1  0  0  10  71  2  0  0  0  0  0  0  6  26  0  7  129  0  
3  0  0  0  3134  18  0  0  0  0  0  0  0  0  0  1869  0  0  0  0  0  0  0  0  0  0  0  0  0  0  3  0  0  0  0  0  0  0  0  0  0  0  0  0  0  0  0  0  0  0  0  0  0  0  0  0  0  0  0  0  0  0  0  0  0  0  0  0  0  4  0  0  0  0  30349  0  0  0  0  14076  21  0  0  0  0  0  0  0  18328  79564  0  0  0  0  0  0  0  49  0  0  0  0  0  0  3  0  0  0  0  0  0  0  1  0  0  0  0  0  0  0  10  0  1  0  0  76  24867  834  0  0  0  0  0  0  0  11  2  455  0  2  0  1  0  3332  0  0  0  0  0  0  0  0  0  0  0  84  0  0  9  0  
0  0  0  0  1  3851  34  0  0  0  0  0  0  0  0  135  0  0  0  0  0  0  0  0  0  0  0  0  0  0  355  176  0  0  0  0  0  0  0  0  0  0  0  0  0  0  0  0  0  0  0  0  0  0  0  0  0  0  0  0  0  0  0  0  0  7259  0  0  0  318  0  0  0  0  21978  0  0  0  27817  0  53488  29  3  0  0  0  0  79  1751  109477  0  1  0  0  0  0  0  2685  0  0  0  0  0  0  2073  20101  0  0  0  0  0  0  32  1  0  0  0  0  2  1  548  0  106  0  0  9768  8384  23481  0  0  0  0  0  0  0  169  6387  28464  0  58809  3  30  59  42180  2  0  0  0  0  80  0  0  0  0  0  19382  0  0  775  3  
0  0  0  0  0  320  457  104  0  0  0  0  0  0  0  408  0  0  0  0  0  0  0  0  0  0  0  0  0  0  0  0  0  0  0  0  0  0  0  0  0  0  0  0  0  0  0  0  0  0  0  0  0  0  0  0  0  0  0  0  0  0  0  0  0  1367  0  0  0  1  0  0  0  0  0  0  0  0  19  49592  0  34471  171  0  0  0  0  1  51  58198  1  5  0  0  0  0  0  0  0  0  1  0  3  0  0  0  0  0  0  0  0  0  0  0  0  0  0  0  48  181  0  0  20  0  0  6133  1198  44621  0  0  0  0  0  0  0  1  0  1  0  33373  50  365  967  0  18  0  0  0  0  892  0  0  0  0  0  140  0  0  41  0  
0  0  35  0  0  0  203  5695  13  0  0  0  0  0  0  670  0  0  0  0  0  0  0  0  0  0  0  0  0  1  0  0  0  0  0  0  0  0  0  0  0  0  0  0  0  0  0  0  0  0  0  1  0  0  0  0  0  0  0  0  0  0  0  0  0  2188  0  0  0  0  1  0  0  0  0  0  26076  0  0  40  39812  0  24146  0  0  0  0  0  5  56247  1  0  0  0  0  0  0  0  0  0  13  163  1880  16  0  0  0  0  0  0  0  0  0  0  0  0  0  0  55099  38029  0  0  1  0  0  261  4  21641  0  0  0  0  0  0  0  0  0  0  0  59762  487  73  10327  0  52  0  0  0  0  309  0  0  0  0  0  66  0  0  3  0  
0  0  0  0  0  0  0  207  501  5  0  0  0  0  0  1  0  0  0  0  0  0  0  0  0  0  0  0  0  36  0  0  0  0  0  0  0  0  0  0  0  0  0  0  0  3  0  0  0  0  0  0  0  0  0  0  0  0  0  0  0  0  0  0  0  1920  0  0  0  0  70  0  0  0  0  0  1  0  0  21  421  15723  0  15192  0  0  0  0  0  0  0  0  0  0  0  13  10  0  0  0  4  4  1  5886  0  0  0  0  0  0  0  0  0  0  0  0  0  1342  129  32620  0  0  4  0  0  91  9  1  1  27  0  0  0  0  0  0  0  0  1943  73493  109  70  36  0  49436  0  0  0  0  0  0  1  0  1  0  11  70  3  6  0  
0  0  0  0  0  0  0  0  18  62  0  0  0  0  0  0  0  0  0  0  0  34  0  0  0  0  0  0  0  65  0  0  0  0  0  0  0  0  0  0  0  0  0  24  0  0  0  0  0  0  0  0  0  0  0  0  0  0  0  0  0  0  0  0  0  2  0  0  0  0  7  0  0  0  0  0  0  0  0  0  0  0  21092  0  0  0  0  0  0  0  0  0  0  0  0  317  1606  0  0  0  0  0  0  11125  0  0  0  0  0  0  0  0  0  0  0  0  0  36856  0  0  0  0  0  0  0  0  0  0  0  1  0  0  0  0  0  0  0  0  11681  19083  0  0  0  0  35  0  0  0  0  0  0  0  0  0  0  0  938  8  0  0  
0  0  0  0  0  0  0  0  0  0  11967  0  0  0  0  0  0  0  0  35  0  465  0  0  0  0  1  0  0  206  0  0  0  0  0  0  0  0  0  0  0  20  0  487  0  0  0  0  0  0  0  0  0  0  0  0  0  0  0  0  0  0  0  0  3  0  0  0  0  0  0  0  0  0  0  0  0  0  0  0  0  0  0  0  0  0  0  0  0  0  0  0  5  161100  0  4600  0  0  0  0  0  0  0  1037  0  0  0  0  0  0  0  0  0  0  0  93636  0  147606  0  0  0  0  0  0  42  0  0  0  0  0  736  12064  0  0  17  0  0  0  80747  0  0  0  0  0  0  0  0  0  0  0  0  0  0  0  0  0  0  0  0  0  
0  0  0  0  0  0  0  0  0  0  0  0  0  0  0  0  0  0  0  0  0  0  0  0  0  0  0  0  0  0  0  0  0  0  0  0  0  0  0  0  0  0  0  0  0  0  0  0  0  0  0  0  0  0  0  0  0  0  0  0  0  0  0  0  0  0  0  0  0  0  0  0  0  0  0  0  0  37455  0  0  1  0  0  0  0  0  1  14337  32  0  0  187  0  0  0  0  0  1  3  55  0  75  10404  0  0  0  59  107  66  3  0  0  124  38354  26  0  0  0  7825  0  12  4  55426  0  0  25525  0  0  0  1  0  0  0  0  0  4  0  0  0  3  385  70430  0  0  0  0  0  0  0  0  0  0  0  0  0  1  0  0  11  0  
0  0  0  0  0  0  0  0  0  0  0  0  0  0  0  0  0  0  0  0  0  0  0  0  0  0  0  0  0  0  0  0  0  0  0  0  0  0  0  0  0  0  0  0  0  0  0  0  0  0  0  0  0  0  0  0  0  0  0  0  0  0  0  0  0  0  0  0  0  0  0  0  0  0  0  0  0  0  0  1  0  0  0  0  0  1  0  11203  0  0  0  73  0  0  0  0  0  32052  0  0  0  0  0  0  0  0  0  0  0  0  0  0  19464  1  0  0  0  0  0  0  20885  0  9  0  0  10  0  0  0  0  0  0  0  0  0  7145  0  3476  0  0  0  0  0  0  0  0  0  0  0  0  0  0  0  0  0  2  0  0  0  0  
0  0  0  0  0  0  0  0  0  0  0  0  0  0  0  0  0  0  0  0  0  0  0  0  0  0  0  0  0  0  0  0  0  0  0  0  0  0  0  0  0  0  0  0  0  0  0  0  0  0  0  0  0  0  0  0  0  0  0  0  0  0  0  0  0  0  0  0  0  0  0  0  0  0  25  0  0  0  0  111  8  0  0  0  0  15614  11189  0  671  0  0  50  0  0  0  0  0  167  0  4  0  0  0  0  0  0  0  0  0  3  0  0  50406  39190  1  0  0  0  6  0  360  0  22119  0  0  54606  5  1  0  0  0  0  0  0  0  6643  0  1034  0  12  20  341  0  0  0  0  0  0  0  0  0  0  0  0  0  15  0  0  22  0  
0  0  0  0  0  0  0  0  0  0  0  0  0  0  0  0  0  0  0  0  0  0  0  0  0  0  0  0  0  0  0  0  0  0  0  0  0  0  0  0  0  0  0  0  0  0  0  0  0  0  0  0  0  0  0  0  0  0  0  0  0  0  0  0  0  0  0  0  0  0  0  0  0  0  7193  0  0  0  18944  1944  214  1  0  0  0  31  0  350  0  22332  0  3  0  0  0  0  0  17419  0  0  0  1  8343  0  0  0  0  0  0  0  0  0  0  0  0  0  0  0  284  2  3  0  10  0  0  179689  186036  108111  0  0  0  0  0  0  0  19562  0  46  0  132  169  35535  30269  0  0  0  0  0  0  0  0  0  0  0  0  19  0  0  10  0  
3  0  38  0  1944  374  524  61  0  0  0  0  0  0  1  8560  0  0  0  0  0  0  0  2  0  0  0  0  0  1  65  0  0  0  0  0  0  0  0  0  0  0  0  0  0  0  0  0  0  0  0  0  0  0  0  0  0  0  0  0  0  0  1  0  0  2  0  0  0  536  0  0  0  0  18709  0  40288  0  75457  96635  50489  50423  1  0  0  0  0  0  19257  0  0  0  0  0  0  0  0  2676  0  0  0  3  7956  2  3963  0  0  0  0  0  0  0  0  0  0  0  0  0  431  69  0  0  0  0  0  30  1408  157756  0  0  0  0  0  0  0  1  443  863  0  8  10  1  25985  30439  0  0  0  0  0  253  0  0  0  0  0  45  0  0  27  0  
0  0  0  0  0  0  0  0  0  0  0  0  0  0  0  0  0  0  0  0  0  0  0  0  0  0  0  0  0  0  0  0  0  0  0  0  0  0  0  0  0  0  0  0  0  0  0  0  0  0  0  0  0  0  0  0  0  0  0  0  0  0  0  0  0  0  0  0  0  0  0  0  0  0  0  0  0  66  0  0  4  0  1  0  0  0  0  0  0  0  0  68220  0  2  0  0  14241  1234  28  37  0  18  0  0  0  1  81  17  16258  30  0  0  0  0  16834  0  5  0  582  0  261  40656  22271  0  0  16  0  20  89  313  0  0  0  0  0  0  0  0  0  1  8834  6  14  0  4  4  3  0  0  0  0  0  0  0  10932  126  5  282  39595  0  
0  0  0  0  0  0  0  0  0  0  0  0  0  0  0  0  0  0  0  0  0  0  0  0  0  0  0  0  0  0  0  0  0  0  0  0  0  0  0  0  0  0  0  0  0  0  0  0  0  0  0  0  0  0  0  0  0  0  0  0  0  0  0  0  0  0  0  0  0  0  0  0  0  0  2  0  0  158  3  113  35  3  2  0  0  199  37  68  2  0  50021  0  0  0  0  0  24929  12483  0  9  0  23  1  0  0  1  8  11  4176  1  0  0  89  29  65  0  1  0  723  0  29362  807  67961  0  0  601  21  96  4  0  0  0  0  0  0  1  474  1  0  43  6948  75  30  0  1  0  0  0  0  0  0  0  0  0  1495  77  0  237  69330  0  
0  0  0  0  0  0  0  0  0  0  0  0  0  0  0  0  0  0  0  0  0  0  0  0  0  0  0  0  0  0  0  0  0  0  0  0  0  0  0  0  0  0  0  0  0  0  0  0  0  0  0  0  0  0  0  0  0  0  0  0  0  0  0  0  0  0  0  0  0  0  0  0  0  0  0  34701  0  0  0  0  0  0  0  0  1  0  0  0  0  0  0  0  0  20811  598  382  0  0  29304  0  0  0  0  0  0  0  0  0  0  0  0  8  0  0  0  45102  0  200  0  0  0  0  0  11  10001  0  0  0  0  3687  155237  94587  40202  5  2195  0  0  0  18  0  0  0  0  0  0  0  50754  0  0  0  0  0  0  0  0  0  0  0  0  0  
0  0  0  0  0  0  0  0  0  0  34  0  0  0  0  0  0  0  0  0  0  0  0  0  0  0  0  0  0  39  0  0  0  0  0  0  0  0  0  0  0  0  0  0  0  0  0  0  0  0  0  0  0  0  0  0  0  0  0  0  0  0  0  0  0  0  0  0  0  0  0  0  0  0  0  0  0  0  0  0  0  0  0  0  109401  0  0  0  0  0  0  0  15695  0  0  2311  0  0  121  0  18080  0  0  2912  0  0  0  0  0  0  0  0  0  0  0  37930  0  7659  0  0  0  0  1  0  162  0  0  0  0  17680  15860  68210  0  0  288  0  0  0  50863  0  0  1  0  0  494  0  38  0  0  0  0  0  0  0  0  0  0  0  0  0  
0  0  0  0  0  0  0  0  0  0  0  0  0  0  0  0  0  0  0  0  0  0  0  0  0  0  0  0  0  0  0  0  0  0  0  0  0  0  0  0  0  0  0  0  0  0  0  0  0  0  0  0  0  0  0  0  0  0  0  0  0  0  0  0  0  0  0  0  0  0  0  0  0  0  0  59785  0  0  0  0  0  0  0  0  0  0  0  0  0  0  0  0  638  11  0  9  5498  0  0  0  0  0  0  0  0  0  0  0  0  0  1103  85  0  0  0  115  0  6  0  0  0  0  0  40956  21213  0  0  0  0  0  343  375  11609  82385  96087  0  0  0  0  0  0  0  0  0  0  422  158  0  0  0  0  1  0  0  0  0  28  0  0  0  
0  1  0  0  0  0  0  0  0  0  110  0  0  0  0  0  0  0  0  0  0  3435  0  0  0  0  0  0  0  13  0  0  0  0  0  0  0  0  0  0  0  31  0  63  0  0  0  0  0  0  1  0  0  0  0  0  0  0  0  0  2  0  0  0  0  0  0  0  0  0  1  0  0  0  0  0  0  0  0  0  0  0  32  440  5631  0  0  0  0  0  0  0  1937  1271  15  0  15222  0  1  0  0  0  0  1211  0  0  0  0  0  0  0  0  0  0  0  99750  0  162236  0  0  0  0  0  0  37582  0  0  0  0  0  10135  905  0  0  78142  0  0  0  736  4  0  0  0  0  15  0  4  0  0  0  0  5  0  0  0  0  7384  21  0  0  
0  0  0  0  0  0  0  0  0  1  0  0  0  0  0  0  0  0  0  0  0  0  0  0  0  0  0  0  0  0  0  0  0  0  0  0  0  0  0  0  0  0  0  0  0  0  0  0  0  0  0  0  0  0  0  0  0  0  0  0  0  0  0  0  0  1  0  0  0  0  0  0  0  0  0  2  0  0  0  0  0  0  69  1708  0  0  0  0  0  0  33183  37146  0  0  3091  13469  0  13266  0  0  0  0  0  21  0  1  0  1  40831  0  3228  0  0  0  2  0  26548  3523  0  0  72  394  12  23076  0  0  0  0  0  0  0  0  1  11  71184  0  3806  0  59  6  0  0  0  0  5  1  2  0  0  0  0  9  0  0  52181  0  114350  68  11190  2  
0  0  0  0  0  0  0  0  0  0  0  0  0  0  0  0  0  0  0  0  0  0  0  19  0  0  0  0  0  0  194  0  0  0  0  0  0  0  0  0  0  0  0  0  0  0  0  0  0  0  0  0  0  0  0  0  0  0  0  0  0  0  0  0  0  0  0  0  0  3  0  0  0  0  86206  0  0  0  3  3329  0  0  0  0  0  0  44850  969  15316  1084  246  22118  0  0  0  0  20789  0  0  0  0  0  0  0  13470  668  0  4  4  0  0  0  6213  0  0  0  3  0  0  0  52460  1  6  0  0  72  4  0  0  0  0  0  0  0  0  51554  140827  168194  0  0  0  1  0  5998  0  0  0  0  0  0  0  0  0  0  137  154  0  0  21469  0  
0  0  0  0  0  0  0  0  0  0  0  0  0  0  0  0  0  0  0  0  0  0  0  0  0  0  0  0  0  0  0  0  0  0  0  0  0  0  0  0  0  0  0  0  0  0  0  0  0  0  0  0  0  0  0  0  0  0  0  0  0  0  0  0  0  0  0  0  0  0  0  0  0  0  0  0  0  427  0  0  0  0  1  0  0  40  0  14  0  0  8  2  28064  177  0  0  0  0  0  34542  172  1  0  0  0  0  0  18914  377  5871  2  1373  4  95  3837  0  55  1  377  0  1  262  6149  23  0  16  0  0  35797  122317  0  1430  21  25  11  0  0  0  612  0  204  1376  0  0  160  346  190673  36  0  0  0  0  0  0  166  21  24  20  75  2  
0  0  0  0  0  0  0  0  0  0  0  0  0  0  0  0  0  0  0  0  0  0  0  0  0  0  0  0  0  0  0  0  0  0  0  0  0  0  0  0  0  0  0  0  0  0  0  0  0  0  0  0  0  0  0  0  0  0  0  0  0  0  0  0  0  0  0  0  0  0  0  0  0  0  1  0  0  79856  0  0  0  0  0  0  0  84  0  1  0  0  81  7  0  0  0  0  0  0  30520  0  42  4620  0  0  0  0  1206  4367  30  104235  0  1  0  33  70168  0  5  0  300  0  0  89  3022  1  0  5  0  1  62052  10455  0  0  1  0  0  0  0  0  0  0  104866  408  0  0  0  31  5229  17  0  0  0  0  0  0  22  106  3  3  294  0  
0  0  0  0  0  0  0  0  0  0  0  0  0  0  0  0  0  0  0  0  0  0  0  0  0  0  7  0  0  205  0  0  0  0  0  0  0  0  0  0  0  0  0  0  0  1  0  0  0  0  0  0  0  0  0  0  0  0  0  0  0  0  0  0  0  0  0  0  0  0  0  0  0  0  0  0  18863  0  0  1  1  2  25  0  0  0  0  0  0  0  0  0  0  30727  0  0  0  0  255  29  0  21  0  141903  0  0  0  0  0  0  0  0  0  1  6  0  0  0  74  12803  0  0  9  0  0  0  0  0  0  204552  0  3  0  0  0  0  0  0  16710  13  38111  0  5  0  33610  0  1  0  0  0  0  0  0  0  0  29  0  0  9  0  
0  0  0  0  0  0  0  0  0  0  0  0  0  0  0  0  0  0  0  0  0  0  0  0  0  0  0  0  0  0  0  0  0  0  0  0  0  0  0  0  0  0  0  0  0  0  0  0  0  0  0  0  0  0  0  0  0  0  0  0  0  0  0  0  0  0  0  0  0  0  0  0  0  0  1  0  28160  33564  0  0  1  151  1  0  0  36  0  1  1  4  2  3  0  0  0  0  0  0  2  4503  28  0  3586  3  0  0  0  0  0  4  0  0  0  3  18  0  0  0  239527  3480  0  1  866  0  0  1  0  12  3  27  0  0  0  0  0  0  0  0  0  3  102784  170  19  0  2  0  0  0  0  0  0  0  0  0  0  58  0  0  8  0  
0  0  0  0  0  0  0  0  0  0  0  0  0  0  0  0  0  0  0  0  0  0  0  0  0  0  0  0  0  0  0  0  0  0  0  0  0  0  0  0  0  0  0  0  0  0  0  0  0  0  0  0  0  0  0  0  0  0  0  0  0  0  0  0  0  0  0  0  0  0  0  0  0  0  0  0  29424  27614  0  0  4  2707  6  0  0  9046  0  0  10077  7855  0  0  0  0  0  0  0  0  0  1  0  5025  0  0  0  0  0  0  0  0  0  0  0  0  0  0  0  0  158032  92  0  0  2  0  0  38  0  10  0  0  0  0  0  0  0  0  0  0  0  6  99  72239  110950  0  4  0  0  0  0  0  0  0  0  0  0  8  0  0  0  0  
0  0  37  0  0  0  0  5  279  2  5  0  0  0  0  14  0  0  0  0  0  23  0  0  0  0  39  0  0  16153  0  0  0  0  0  0  0  0  0  0  0  0  0  0  0  158  0  0  0  0  0  0  0  0  0  0  0  0  0  0  0  0  0  0  9  47  0  0  0  0  1582  0  0  0  0  0  15295  0  0  0  0  8  5308  12356  1126  0  0  0  0  0  0  0  0  3670  0  1113  3  0  0  0  159666  0  0  0  0  0  0  0  0  0  0  0  0  0  0  0  0  2399  1  38626  0  0  0  0  0  0  0  0  0  12201  0  0  0  0  0  0  0  0  102138  2  885  0  1  0  110111  0  0  0  0  0  0  0  0  0  0  0  9  0  0  0  
0  0  0  0  0  1  0  0  0  0  0  0  0  0  0  0  0  0  0  0  0  0  0  32  0  0  0  0  0  0  2779  2  0  0  0  0  0  0  0  0  0  0  0  0  0  0  0  0  0  0  0  0  0  0  0  0  0  0  0  0  0  0  14  0  0  0  0  0  0  226  0  0  0  0  13837  0  0  0  0  1000  0  0  0  0  0  0  0  0  0  3816  0  0  0  0  0  0  0  15107  0  0  0  0  0  0  0  45678  0  0  0  0  0  0  0  0  0  0  0  0  0  0  43  0  0  0  0  0  0  0  0  0  0  0  0  0  0  0  79630  0  0  0  0  0  0  46801  0  0  0  0  0  0  0  0  0  0  1  250  0  8  6077  1031  
0  0  0  0  0  0  0  0  0  0  0  0  0  0  0  2  0  0  0  0  0  0  0  0  0  0  0  0  0  0  168  421  0  0  0  0  0  0  0  0  0  0  0  0  0  0  0  0  0  0  0  0  0  0  0  0  0  0  0  0  0  0  0  0  0  99  0  0  0  102  0  0  0  0  0  0  0  0  0  18369  0  0  0  0  0  0  0  0  0  0  0  2  0  0  0  0  0  152  0  0  0  0  0  0  40361  0  0  0  0  0  0  0  0  0  0  0  0  0  0  0  138  0  0  0  0  0  0  0  0  0  0  0  0  0  0  0  36116  2  0  15352  0  0  0  11982  0  0  0  0  0  0  0  2  0  0  55  15994  25  1145  10112  4396  
0  0  0  0  0  0  0  0  0  0  0  0  0  0  0  0  0  0  0  0  0  0  0  0  0  0  0  0  0  0  0  0  0  0  0  0  0  0  0  0  0  0  0  0  0  0  0  0  0  0  0  0  0  0  0  0  0  0  0  0  0  0  0  0  0  0  0  0  0  0  0  0  0  0  0  0  0  386  0  0  0  0  0  0  0  54  0  0  0  0  93  9  0  0  0  0  0  0  0  1208  0  0  0  0  0  0  0  8669  11029  2029  0  0  0  0  18779  0  0  0  0  0  0  41999  9  0  0  0  0  0  0  0  0  0  0  0  0  0  0  0  0  0  0  0  0  0  0  1  55  34770  0  0  0  0  0  0  15  0  0  94  1  0  
0  0  0  0  0  0  0  0  0  0  0  0  0  0  0  0  0  0  0  0  0  0  0  0  0  0  0  0  0  0  0  0  0  0  0  0  0  0  0  0  0  0  0  0  0  0  0  0  0  0  0  0  0  0  0  0  0  0  0  0  0  0  0  0  0  0  0  0  0  0  0  0  0  0  0  0  0  199  0  0  0  0  0  0  0  291  0  0  0  0  0  2  0  0  0  0  0  6  16739  3087  0  0  0  0  0  0  9889  0  53760  50423  0  19567  0  0  1183  0  19404  0  0  0  0  6521  1  28  0  0  0  0  2  0  0  0  1  3  0  0  1  0  0  0  0  1  0  0  0  65  72524  18853  0  0  0  0  0  0  0  0  0  0  0  0  
0  0  0  0  0  0  0  0  0  0  0  0  0  0  0  0  0  0  0  0  0  0  0  0  0  0  0  0  0  0  0  0  0  0  0  0  0  0  0  0  0  0  0  0  0  0  0  0  0  0  0  0  0  0  0  0  0  0  0  0  0  0  0  0  0  0  0  0  0  0  0  0  0  0  0  0  0  82  0  0  0  0  0  0  0  88  0  0  0  0  27740  3288  0  0  0  0  40885  13  9  1  0  0  0  0  0  0  14284  58796  0  14  12  3018  0  0  14  0  45628  0  0  0  0  65870  9  2620  0  0  0  0  0  0  0  1  80  206  3  0  0  0  0  0  0  0  0  0  0  2805  48604  6487  0  0  0  0  0  0  36496  0  3  0  1  0  
0  0  0  0  0  0  0  0  0  0  0  0  0  0  0  0  0  0  0  0  0  0  0  0  0  0  0  0  0  0  0  0  0  0  0  0  0  0  0  0  0  0  0  0  0  0  0  0  0  0  0  0  0  0  0  0  0  0  0  0  0  0  0  0  0  0  0  0  0  0  0  0  0  0  0  0  0  178  0  0  0  0  0  0  0  5  0  8  0  0  17  1  0  0  0  0  0  0  10251  86422  0  2  0  0  0  0  2220  57096  56  0  1  3  0  35  39317  0  6  0  128  0  0  164  1688  1  0  4  0  0  7849  126  0  0  0  0  0  0  0  1  0  0  2199  546  0  0  0  47  2935  26993  0  0  0  0  0  0  34  11  2  1  44  0  
0  0  0  0  0  0  0  0  0  0  0  0  0  0  0  0  0  0  0  0  0  0  0  0  0  0  0  0  0  0  0  0  0  0  0  0  0  0  0  0  0  0  0  0  0  0  0  0  0  0  0  0  0  0  0  0  0  0  0  0  0  0  0  0  0  0  0  0  0  0  0  0  0  0  0  9599  0  0  0  0  0  0  0  0  0  0  0  0  0  0  0  0  0  0  5650  0  5582  0  0  0  0  0  0  0  0  0  0  0  8  0  0  23022  0  0  0  0  27795  0  0  0  0  21  0  72600  0  0  0  0  0  0  0  0  6680  76318  19  0  0  0  0  0  0  0  0  0  0  203360  261  0  0  0  0  0  0  0  71  0  1  0  0  0  
0  0  0  0  0  0  0  0  0  0  0  0  0  0  0  0  0  0  0  0  0  0  0  0  0  0  0  0  0  0  0  0  0  0  0  0  0  0  0  0  0  0  0  0  0  0  0  0  0  0  0  0  0  0  0  0  0  0  0  0  0  0  0  0  0  0  0  0  0  0  0  0  0  0  0  982  0  0  0  0  0  0  0  0  0  0  0  0  0  0  0  0  19  0  104  0  0  0  552  1  0  0  0  0  0  0  0  14251  1765  3  25727  0  0  0  1  0  31415  2  0  0  0  9194  0  8961  6  0  0  0  0  0  2  81  33168  2842  522  0  0  0  0  0  0  0  0  0  0  219760  168919  0  0  0  0  0  0  0  1  0  6  0  0  0  
0  0  0  0  0  0  0  0  0  0  0  0  0  0  0  0  0  0  0  0  0  0  0  0  0  0  0  0  0  0  0  0  0  0  0  0  0  0  0  0  0  0  0  0  0  0  0  0  0  0  0  0  0  0  0  0  0  0  0  0  0  0  0  0  0  0  0  0  0  0  0  0  0  0  12  0  0  0  8  337  2  0  0  0  0  144  20930  51787  3  0  0  150  0  0  0  0  0  5507  0  0  0  0  0  0  0  0  0  0  0  0  0  0  0  3283  1  0  0  0  0  0  12122  0  27920  0  0  17062  23  1  0  0  0  0  0  0  0  2551  0  20260  0  8  1  94  0  0  0  0  0  0  0  0  0  0  0  0  0  79  0  0  29  0  
0  0  0  0  0  0  0  0  0  0  0  0  0  0  0  0  0  0  0  0  0  0  0  0  0  0  0  0  0  0  0  0  0  0  0  0  0  0  0  0  0  0  0  0  0  0  0  0  0  0  0  0  0  0  0  0  0  0  0  0  0  0  0  0  0  0  0  0  0  0  0  0  0  0  0  0  0  1  0  1  3  0  0  0  0  33063  0  28061  0  0  0  6  0  0  0  0  0  1  3  8  0  0  3  0  0  0  0  0  0  3  0  0  2253  0  11  0  0  0  15  0  15  0  26719  0  0  11833  1  0  1  0  0  0  0  0  0  4  0  1  0  5  82  1067  0  0  0  0  0  0  0  0  0  0  0  0  0  0  0  0  21  0  
0  0  0  0  0  0  0  0  0  0  0  0  0  0  0  0  0  0  0  0  0  0  0  0  0  0  0  0  0  0  0  0  0  0  0  0  0  0  0  0  0  0  0  0  0  0  0  0  0  0  0  0  0  0  0  0  0  0  0  0  0  0  0  0  0  0  0  0  0  0  0  0  0  0  0  0  0  24232  0  1  0  0  0  0  0  96  0  32  0  0  4832  76  0  39  0  0  1  0  6014  68436  23  6  0  0  0  0  17812  270  259  32427  3  8  2  120  0  0  79  0  995  1  2  38183  53714  19  0  22  0  2  2859  5031  0  10  5  7  4  0  1  0  62  1  10759  3806  0  0  101  401  15229  12407  0  0  0  0  0  0  808  124  47  1536  19016  0  
0  0  0  0  0  0  0  0  0  0  7  0  0  0  0  0  0  0  0  0  0  852  0  0  0  0  0  0  0  0  0  0  0  0  0  0  0  0  0  0  0  424  0  36  0  0  0  0  0  0  0  0  0  0  0  0  0  0  0  0  0  0  0  0  0  0  0  0  0  0  0  0  0  0  0  31500  0  0  0  0  0  0  0  0  50290  0  0  0  0  0  0  0  34703  27540  9  92194  0  0  0  0  0  0  0  0  0  0  0  0  0  0  0  0  0  0  0  0  0  63718  0  0  0  0  0  0  23567  0  0  0  0  0  79548  1742  11  0  981  0  0  0  13  0  0  0  0  0  0  0  0  0  0  0  0  0  0  0  0  0  0  0  0  0  
0  0  0  0  0  0  0  0  0  0  0  0  0  0  0  0  0  0  0  0  0  0  0  0  0  0  0  0  0  0  0  0  0  0  0  0  0  0  0  0  0  0  0  0  0  0  0  0  0  0  0  0  0  0  0  0  0  0  0  0  0  0  0  0  0  0  0  0  0  0  0  0  0  0  0  0  0  0  0  0  0  0  0  0  0  0  0  0  0  0  1  1  0  0  0  0  29644  11  2  1  0  0  0  0  0  0  0  21130  55448  0  30950  35057  0  0  7  0  0  0  0  0  1  4809  1  24353  0  0  0  0  0  0  0  0  45  118  38  0  0  0  0  0  0  0  0  0  0  10917  4292  0  0  0  0  0  0  0  18900  0  251  0  0  0  
0  0  0  0  0  0  0  0  0  2  1917  0  0  0  0  0  0  0  0  0  0  429  0  0  0  0  0  0  0  3  0  0  0  0  0  0  0  0  0  0  0  7  0  235  0  0  0  0  0  0  0  0  0  0  0  0  0  0  0  0  0  0  0  0  0  0  0  0  0  0  0  0  0  0  0  0  0  0  0  0  0  0  1291  33933  114077  0  0  0  0  0  0  0  1025  12829  2  168383  3640  0  6  0  0  0  0  2143  0  0  0  0  0  0  0  1  0  0  0  89279  0  0  0  0  0  0  0  0  237  0  0  0  0  2  2844  22582  23  0  17350  0  0  0  69005  38  0  0  0  0  51  0  114  0  0  0  0  0  0  0  0  0  948  0  0  0  
0  0  0  0  0  0  0  0  0  0  0  0  0  0  0  0  0  0  0  0  0  0  0  0  0  0  0  0  0  0  0  0  0  0  0  0  0  0  0  0  0  0  0  0  0  0  0  0  0  0  0  0  0  0  0  0  0  0  0  0  0  0  0  0  0  0  0  0  0  0  0  0  0  0  1  0  45450  28883  0  3  98  36223  230  0  0  4126  0  18  143  1038  69  111  0  0  0  0  0  0  53  441  7  219045  116932  1  0  0  0  0  0  82  0  0  4  61  412  0  0  0  0  26971  2  5  14505  0  0  128  0  5097  55  28  0  0  0  0  0  1  0  0  0  374  81839  86747  65163  0  196  0  2  0  0  0  0  0  0  0  0  1418  0  0  488  0  
0  0  55  0  0  0  0  34  62  0  0  0  0  0  0  29  0  0  0  0  0  0  0  0  0  0  0  0  0  38  0  0  0  0  0  0  0  0  0  0  0  0  0  0  0  7  0  0  0  0  0  0  0  0  0  0  0  0  0  0  0  0  0  0  0  50  0  0  0  0  90  0  0  0  0  0  40188  0  0  17  602  35182  28412  0  0  0  0  0  0  143  0  0  0  11  0  0  0  0  1  0  35362  1432  232  51067  0  0  0  0  0  0  0  0  0  0  1  0  0  0  27801  0  0  0  0  0  0  72  2  14  0  14628  0  0  0  0  0  0  0  0  2  4757  15168  45  1578  0  35561  0  0  0  0  0  0  0  0  0  0  263  0  0  5  0  
0  0  0  0  0  0  0  0  0  0  0  0  0  0  0  0  0  0  0  0  0  0  0  0  0  0  0  0  0  0  0  0  0  0  0  0  0  0  0  0  0  0  0  0  0  0  0  0  0  0  0  0  0  0  0  0  0  0  0  0  0  0  0  0  0  0  0  0  0  0  0  0  0  0  78  0  0  0  70  5043  21  0  1  0  0  0  20710  200  17  5  10  28539  0  0  0  0  150  48509  0  0  0  0  0  0  30  428  0  0  0  0  0  0  19616  5  0  0  1  0  1  0  0  0  9407  0  0  1474  536  11  0  0  0  0  0  0  0  216  6665  19605  0  115  1  100  0  0  0  0  0  0  0  0  0  0  0  0  3  103  0  0  66043  0  
0  0  0  0  0  0  0  0  0  0  0  0  0  0  0  0  0  0  0  0  0  0  0  0  0  0  0  0  0  0  0  0  0  0  0  0  0  0  0  0  0  0  0  0  0  0  0  0  0  0  0  0  0  0  0  0  0  0  0  0  0  0  0  0  0  0  0  0  0  0  0  0  0  0  0  0  0  9  0  0  1  0  0  0  0  6  0  0  0  0  40792  1994  0  0  0  0  1169  0  225  72  1  0  0  0  0  0  28643  5200  76873  33  36  11924  0  0  44008  0  3350  0  3  0  0  0  94  721  0  0  0  1  35  124  0  0  20  34  1  0  3  0  0  0  36  1  0  0  0  11178  70717  28919  0  0  0  0  0  0  29427  5  133  11266  43690  2  
0  0  0  0  0  0  0  0  0  0  0  0  0  0  0  0  0  0  0  0  0  0  0  0  0  0  0  0  0  0  0  0  0  0  0  0  0  0  0  0  0  0  0  0  0  0  0  0  0  0  0  0  0  0  0  0  0  0  0  0  0  0  0  0  0  0  0  0  0  0  0  0  0  0  35  0  0  27298  19  1421  829  29  29  0  0  51553  14  12763  27  1  19204  56736  0  2  0  0  12  11  838  1683  4  440  0  0  0  0  11  3  10  456  0  0  19501  17538  38753  0  1  0  16113  6  10828  248  0  0  0  39626  159  328  734  781  0  1  0  0  0  151  0  255  4  1338  44422  46933  53  0  17  6  36  0  0  0  0  0  0  0  26  4846  1  28  69374  0  
0  0  0  0  0  0  0  0  0  0  0  0  0  0  0  0  0  0  0  0  0  0  0  0  0  0  0  0  0  0  0  0  0  0  0  0  0  0  0  0  0  0  0  0  0  0  0  0  0  0  0  0  0  0  0  0  0  0  0  0  0  0  0  0  0  0  0  0  0  0  0  0  0  0  0  790  0  0  0  0  0  0  0  0  0  0  0  0  0  0  0  0  6  1  28082  0  23425  0  5  0  0  0  0  0  0  0  0  3  2243  0  57641  6804  0  0  0  1  23398  1  0  0  0  140  0  0  9  0  0  0  0  0  26  80  3428  45058  19488  0  0  0  0  0  0  0  0  0  0  38294  8704  0  0  0  0  0  0  0  5545  0  8560  0  0  0  
0  0  0  0  0  0  0  0  0  0  0  0  0  0  0  0  0  0  0  0  0  0  0  0  0  0  0  0  0  0  0  0  0  0  0  0  0  0  0  0  0  0  0  0  0  0  0  0  0  0  0  0  0  0  0  0  0  0  0  0  0  0  0  0  0  0  0  0  0  0  0  0  0  0  0  20377  0  0  0  0  0  0  0  0  8  0  0  0  0  0  0  0  11951  202  23558  47751  0  0  0  0  0  0  0  0  0  0  0  0  0  0  0  0  0  0  0  54661  0  219  0  0  0  0  0  29  0  0  0  0  0  0  12607  745  9619  27  59644  0  0  0  3  0  0  0  0  0  0  0  11  0  0  0  0  0  0  0  0  0  3  0  0  0  
0  0  0  0  0  0  0  0  0  0  0  0  0  0  0  0  0  0  0  0  0  0  0  0  0  0  0  0  0  0  0  0  0  0  0  0  0  0  0  0  0  0  0  0  0  0  0  0  0  0  0  0  0  0  0  0  0  0  0  0  0  0  0  0  0  0  0  0  0  0  0  0  0  0  2306  0  1  1  39  4635  6745  61  97  0  0  13627  1  71792  155528  9  2  43  0  0  0  0  0  407  0  2  0  6  432  0  0  0  0  0  0  2  0  0  14486  10329  3  0  0  0  117  14  2142  0  29668  0  0  0  77733  23583  0  0  0  0  0  0  0  17502  0  1488  0  8570  556  47671  85  0  30  0  0  0  0  1  0  0  0  0  0  9920  0  0  10143  0  
0  0  0  0  0  0  0  0  0  0  0  0  0  0  0  0  0  0  0  0  0  0  0  0  0  0  0  0  0  0  0  0  0  0  0  0  0  0  0  0  0  0  0  0  0  0  0  0  0  0  0  0  0  0  0  0  0  0  0  0  0  0  0  0  0  0  0  0  0  0  0  0  0  0  24577  0  0  0  29302  19602  2041  0  2  0  0  0  0  49  162598  1686  0  0  0  0  0  0  0  141  0  0  0  0  0  0  0  0  0  0  0  0  0  0  7  0  0  0  0  0  0  1  273  0  29  0  0  75762  0  39775  0  0  0  0  0  0  0  4986  0  100  0  1113  0  4  1  0  1  0  0  0  0  0  0  0  0  0  0  315  0  0  121  0  
0  0  0  0  0  0  0  0  0  0  0  0  0  0  0  0  0  0  0  0  0  0  0  0  0  0  0  0  0  0  0  0  0  0  0  0  0  0  0  0  0  0  0  0  0  0  0  0  0  0  0  0  0  0  0  0  0  0  0  0  0  0  0  0  0  0  0  0  0  0  0  0  0  0  49  0  14  0  1290  16807  49914  9829  27  0  0  0  0  0  90119  155173  0  2  0  0  0  0  0  0  0  2  1  28  53  0  0  0  0  0  0  1  0  0  0  0  3  0  0  0  916  89  0  0  51  0  0  23579  45621  0  1  0  0  0  0  0  0  4  0  40  0  1772  3435  9892  33329  0  10  0  0  0  0  1  0  0  0  0  0  134  0  0  45  0  
0  0  0  0  0  0  0  0  0  0  0  0  0  0  0  0  0  0  0  0  0  0  0  0  0  0  0  0  0  0  0  0  0  0  0  0  0  0  0  0  0  0  0  0  0  0  0  0  0  0  0  0  0  0  0  0  0  0  0  0  0  0  0  0  0  0  0  0  0  0  0  0  0  0  0  0  0  331  0  0  1  0  10  0  0  16  0  8  0  0  54  2  0  1  0  0  0  0  32086  61974  2  3  0  0  0  0  0  3  25  20798  0  2  1  55  9681  0  8  0  167  0  1  25  3676  1  0  10  0  1  0  46102  0  0  0  2  0  0  0  0  1  15  11506  529  1  0  17  37  10738  0  0  0  0  0  0  0  11  567  2  1  1167  0  
0  0  0  0  0  0  0  0  0  0  0  0  0  0  0  0  0  0  0  0  0  0  0  0  0  0  0  0  0  0  0  0  0  0  0  0  0  0  0  0  0  0  0  0  0  0  0  0  0  0  0  0  0  0  0  0  0  0  0  0  0  0  0  0  0  0  0  0  0  0  0  0  0  0  0  0  52  2  0  1  11  0  314  0  0  3  0  1  0  1  40  9  5881  27953  0  0  0  0  139267  9473  244861  24  0  13516  0  0  0  0  3  783  0  0  2  29  2762  0  0  0  245  8768  0  10  4972  0  0  9  0  0  42006  0  0  30659  0  0  4  0  0  0  28048  108  41377  156  17  0  33881  1  6228  0  0  0  0  0  0  0  3  3937  0  1  1863  0  
0  0  0  0  0  0  0  0  0  0  0  0  0  0  0  0  0  0  0  0  0  0  0  0  0  0  0  0  0  0  0  0  0  0  0  0  0  0  0  0  0  0  0  0  0  0  0  0  0  0  0  0  0  0  0  0  0  0  0  0  0  0  0  0  0  0  0  0  0  0  0  0  0  0  0  0  0  0  0  0  0  0  0  0  133  0  0  0  0  0  0  0  120328  16950  5  13694  0  0  1  0  0  0  0  0  0  0  0  0  0  0  0  1  0  0  0  84160  0  689  0  0  0  0  0  5  3624  0  0  0  0  0  0  23414  11775  2  1980  0  0  0  27  0  0  0  0  0  0  0  2593  0  0  0  0  0  0  0  0  0  0  0  0  0  
0  0  0  0  0  0  0  0  0  0  0  0  0  0  0  0  0  0  0  0  0  0  0  0  0  0  0  0  0  0  0  0  0  0  0  0  0  0  0  0  0  0  0  0  0  0  0  0  0  0  0  0  0  0  0  0  0  0  0  0  0  0  0  0  0  0  0  0  0  0  0  0  0  0  0  8  0  0  0  0  0  0  0  0  7118  0  0  0  0  0  3  0  102234  84347  1  1311  0  0  7337  0  1  0  0  0  0  0  0  0  1  0  0  0  0  0  84  941  0  18413  1  0  0  0  49  6  118  0  0  0  0  28095  19291  0  7381  22  1909  0  0  0  15741  0  1  0  0  0  2  0  28302  0  0  0  0  0  0  0  0  2  1  1  3  0  
0  0  0  0  0  0  0  0  0  0  0  0  0  0  0  0  0  0  0  0  0  0  0  0  0  0  0  0  0  0  0  0  0  0  0  0  0  0  0  0  0  0  0  0  0  0  0  0  0  0  0  0  0  0  0  0  0  0  0  0  0  0  0  0  0  0  0  0  0  0  0  0  0  0  0  50630  0  0  0  0  0  0  0  0  0  0  0  0  0  0  0  0  39997  11  4289  10  0  0  19  0  0  0  0  0  0  0  0  0  11  0  2703  38691  0  0  0  66  2  33  0  0  0  1  0  1097  17528  0  0  0  0  1  17693  10383  0  6772  13187  0  0  0  1  0  0  0  0  0  0  50793  34926  0  0  0  0  0  0  0  1  0  64  0  0  0  
0  0  0  0  0  0  0  0  0  0  0  0  0  0  0  0  0  0  0  0  0  0  0  0  0  0  0  0  0  0  0  0  0  0  0  0  0  0  0  0  0  0  0  0  0  0  0  0  0  0  0  0  0  0  0  0  0  0  0  0  0  0  0  0  0  0  0  0  0  0  0  0  0  0  0  29441  0  0  0  0  0  0  0  0  0  0  0  0  0  0  0  0  14  0  84526  0  1  0  5  0  0  0  0  0  0  0  0  1  1582  0  74538  2979  0  0  0  0  152  1  0  0  0  36  0  43628  12  0  0  0  0  1  17  228  15074  0  1512  0  0  0  0  0  0  0  0  0  0  53561  13655  0  0  0  0  0  0  0  49  0  459  0  0  0  
0  0  0  0  0  0  0  0  0  1  0  0  0  0  0  0  0  0  0  0  0  0  0  0  0  0  0  0  0  0  0  0  0  0  0  0  0  0  0  0  0  0  0  0  0  0  0  0  0  0  0  0  0  0  0  0  0  0  0  0  0  0  0  0  0  0  0  0  0  0  0  0  0  0  0  4360  0  0  0  0  0  0  0  0  53  0  0  0  0  0  0  0  3191  550  85906  86576  59212  0  46  0  0  0  0  0  0  0  0  0  35  0  10  239  0  0  1  4824  5  19762  0  0  0  1  0  14947  65919  0  0  0  0  3  7255  3865  21072  5045  0  0  0  0  45  0  0  0  0  0  0  98  1327  0  0  0  0  2  0  0  45  0  18877  2  0  0  
0  0  0  0  0  0  0  0  0  0  0  0  0  0  0  0  0  0  0  0  0  0  0  0  0  0  0  0  0  0  0  0  0  0  0  0  0  0  0  0  0  0  0  0  0  0  0  0  0  0  0  0  0  0  0  0  0  0  0  0  0  0  0  0  0  0  0  0  0  0  0  0  0  0  5431  0  0  0  3  137  2  0  0  0  0  1  12084  10593  16584  0  0  0  0  0  0  0  0  36188  0  0  0  0  0  0  0  0  0  0  0  0  0  0  6826  6  0  0  0  0  0  0  321  0  118  0  0  19426  2497  0  0  0  0  0  0  0  0  0  0  21241  0  11  0  208  0  0  0  0  0  0  0  0  0  0  0  0  0  49  0  0  22  0  
0  0  0  0  0  0  0  0  0  0  0  0  0  0  0  0  0  0  0  0  0  0  0  10  0  0  0  0  0  0  101  0  0  0  0  0  0  0  0  0  0  0  0  0  0  0  0  0  0  0  0  0  0  0  0  0  0  0  0  0  0  0  0  0  0  0  0  0  0  6  0  0  0  0  385  0  0  0  0  4373  0  0  0  0  0  0  0  0  0  130  0  594  0  0  0  0  3074  115349  0  0  0  0  0  0  68632  33984  0  0  0  0  0  0  0  0  1  0  0  0  0  0  4800  5  0  0  0  0  0  0  0  0  0  0  0  0  0  0  0  42872  0  0  0  0  0  17236  0  0  0  0  0  0  0  0  0  0  3611  12294  74  952  63785  28058  
0  0  0  0  0  0  0  0  0  0  0  0  0  0  0  0  0  0  0  0  0  0  0  0  0  0  0  0  0  0  0  0  0  0  0  0  0  0  0  0  0  0  0  0  0  0  0  0  0  0  0  0  0  0  0  0  0  0  0  0  0  0  0  0  0  0  0  0  0  0  0  0  0  0  13737  0  0  0  7  25692  1  0  0  0  0  1  2732  792  9  41  0  0  0  0  0  0  1  181417  0  0  0  0  0  0  5  23  0  0  0  0  0  0  19259  2  0  0  0  0  0  0  15700  0  26  0  0  1033  7  2  0  0  0  0  0  0  0  32363  37374  0  0  3  0  53  0  1248  0  0  0  0  0  0  0  0  0  0  0  7592  0  0  7285  0  
0  0  0  0  0  0  0  0  0  0  30  0  0  0  0  0  0  0  0  0  0  5  0  0  0  0  0  0  0  30  0  0  0  0  0  0  0  0  0  0  0  0  0  0  0  0  0  0  0  0  0  0  0  0  0  0  0  0  0  0  0  0  0  0  0  0  0  0  0  0  0  0  0  0  0  0  0  0  0  0  1  0  4168  11400  76668  0  0  0  0  0  0  0  13  104855  0  908  41  0  700  0  17499  0  0  95790  0  0  0  0  1  0  0  0  0  0  41  0  0  83425  12  8  0  1  32  2  1  3  0  0  2  26834  24  20532  3  0  24  0  0  0  0  30  64  3  0  0  55376  0  734  0  0  0  0  0  0  0  0  5  141  0  8  0  
0  0  0  0  0  1559  334  908  51  6989  0  0  0  0  0  272  0  0  0  0  0  0  0  0  0  0  0  0  0  0  0  325  0  0  0  0  0  0  0  0  0  0  0  0  0  0  0  0  2  0  0  6  0  0  0  0  0  0  0  0  0  0  0  0  0  18361  0  0  0  10  6  0  0  0  38  0  0  0  1  49860  27746  44712  90937  26300  0  0  0  5  23  0  0  0  0  0  0  2  6  1  0  0  4  7  1  15  0  8919  0  0  0  0  0  0  1  0  0  0  0  206  146  1106  21  0  28  0  0  4791  549  99  2  21  0  0  0  0  0  1  0  3  11  0  422  358  42  0  2301  0  0  0  0  1030  0  7  1  5  0  1480  68  573  57  1  
0  0  0  0  0  0  0  0  0  0  0  0  0  0  0  0  0  0  0  0  0  0  0  0  0  0  0  0  0  0  0  0  0  0  0  0  0  0  0  0  0  0  0  0  0  0  0  0  0  0  0  0  0  0  0  0  0  0  0  0  0  0  0  0  0  0  0  0  0  0  0  0  0  0  1  0  24209  33323  0  0  38  566  353  0  0  605  0  52  11  39  1204  418  0  1  0  0  0  0  203  115783  48025  106065  12  1448  0  0  0  0  0  7835  0  0  8  208  7028  0  0  0  76277  41366  2  75  23895  0  0  105  0  1070  7591  49957  0  0  0  0  0  0  0  0  11  478  0  4619  403  0  1056  2  10  0  0  0  0  0  0  0  0  17065  1  0  8301  0  
0  0  0  0  0  0  0  0  0  0  0  0  0  0  0  0  0  0  0  0  0  0  0  0  0  0  0  0  0  0  0  0  0  0  0  0  0  0  0  0  0  0  0  0  0  0  0  0  0  0  0  0  0  0  0  0  0  0  0  0  0  0  0  0  0  0  0  0  0  0  0  0  0  0  23  0  0  20482  2  69  1583  55  53  0  0  69367  0  238  31780  0  29  196  0  1  0  0  0  4  422  327  1  16  68740  0  0  0  0  0  0  136  0  0  50  699  1598  0  0  0  103238  17  428  34  61371  0  0  50914  7  15558  191  35  0  0  0  0  0  66  0  45  0  2451  4725  0  34063  0  21  1  8  0  0  2  0  0  0  0  0  717  0  0  8769  0  
0  0  0  0  0  0  0  0  0  0  0  0  0  0  0  0  0  0  0  0  0  0  0  0  0  0  0  0  0  0  0  0  0  0  0  0  0  0  0  0  0  0  0  0  0  0  0  0  0  0  0  0  0  0  0  0  0  0  0  0  0  0  0  0  0  0  0  0  0  0  0  0  0  0  0  0  2207  0  0  85  1609  7943  79  0  0  0  0  0  35740  24775  3  4  0  0  0  0  0  0  0  0  0  60  97966  1  0  0  0  0  0  0  0  0  0  0  1  0  0  0  83012  488  0  0  7  0  0  50  1  41580  0  0  0  0  0  0  0  0  0  0  0  195  2065  36070  0  0  56  0  0  0  0  2  0  0  0  0  0  113  0  0  42  0  
0  0  0  0  0  19  0  0  0  0  0  0  0  0  0  26  0  0  0  0  0  0  0  1  0  0  0  0  0  0  472  0  0  0  0  0  0  0  0  0  0  0  0  0  0  0  0  0  0  0  0  0  0  0  0  0  0  0  0  0  0  0  0  0  0  1  0  0  0  203  0  0  0  0  13010  0  0  0  1471  38523  0  0  0  0  0  0  0  0  0  26494  0  0  0  0  0  0  0  8395  0  0  0  0  0  0  44907  14187  0  0  0  0  0  0  0  0  0  0  0  0  0  0  0  0  0  0  0  0  0  0  0  0  0  0  0  0  0  0  26947  1502  0  0  0  0  0  0  0  0  0  0  0  0  0  0  0  0  0  356  0  0  74  2  
0  0  2  0  0  0  0  2  522  0  0  0  0  0  0  0  0  0  0  0  0  0  0  0  0  0  0  0  0  846  0  0  0  0  0  0  0  0  0  0  0  0  0  0  0  2  0  0  0  0  0  0  0  0  0  0  0  0  0  0  0  0  0  0  0  589  0  0  0  0  497  0  0  0  0  0  2  0  0  17  400  17  50073  31  0  0  0  0  0  0  0  0  0  7623  0  2  2  0  85  0  48018  15  4  99922  0  0  0  0  0  0  0  0  0  0  7  0  0  26  428  24878  0  0  10  0  0  87  8  1  1  28509  0  2  0  0  0  0  0  0  42895  5384  1062  95  62  0  0  0  0  0  0  0  0  1  0  0  0  33  11  0  11  0  
0  0  0  0  0  0  0  0  0  0  0  0  0  0  0  0  0  0  0  0  0  0  0  0  0  0  0  0  0  0  0  0  0  0  0  0  0  0  0  0  0  0  0  0  0  0  0  0  0  0  0  0  0  0  0  0  0  0  0  0  0  0  0  0  0  0  0  0  0  0  0  0  0  0  0  5779  0  0  0  0  0  0  0  0  0  0  0  0  0  0  1  0  6  0  1379  0  2  0  3  0  0  0  0  0  0  0  0  50  3826  0  165220  220455  0  0  12  0  10141  0  0  0  0  10362  0  39033  4  0  0  0  1  0  0  54  38168  46477  254  0  0  0  0  0  0  0  0  0  0  0  34490  0  0  0  0  0  0  0  544  0  9  0  0  0  
0  0  0  0  0  0  0  0  0  0  0  0  0  0  0  0  0  0  0  0  0  0  0  0  0  0  0  0  0  0  0  0  0  0  0  0  0  0  0  0  0  0  0  0  0  0  0  0  0  0  0  0  0  0  0  0  0  0  0  0  0  0  0  0  0  0  0  0  0  0  0  0  0  0  0  397  0  1187  0  0  0  0  0  0  0  8  0  1  0  0  1  0  48313  85  35  1  0  0  214206  10028  0  0  0  0  0  0  77  77781  68811  3988  307  202786  0  5  50318  0  1675  240  76  0  0  79246  927  12693  2  0  0  0  5838  7655  5049  19422  42767  9822  2523  0  0  0  326  0  141  190  0  0  0  32464  0  10195  0  0  0  0  0  0  647  2  292  31  7  0  
0  0  0  0  0  0  0  0  0  0  0  0  0  0  0  0  0  0  0  0  0  0  0  0  0  0  0  0  0  0  0  0  0  0  0  0  0  0  0  0  0  0  0  0  0  0  0  0  0  0  0  0  0  0  0  0  0  0  0  0  0  0  0  0  0  0  0  0  0  0  0  0  0  0  0  0  0  4  0  0  0  0  0  0  0  0  0  0  0  0  2  0  0  0  0  0  0  0  416  90  0  0  0  0  0  0  26586  22907  5302  22064  0  0  0  0  11328  0  2  0  0  0  0  36090  2  1  0  0  0  0  3  0  0  0  0  0  0  0  0  0  0  0  1  0  0  0  0  3  7820  0  0  0  0  0  0  0  115  0  2  126  1  0  
0  0  0  0  0  3  0  0  0  0  0  0  0  0  0  0  9254  21230  0  0  0  0  35799  0  0  0  0  0  0  0  0  14601  0  0  22830  4  0  1  0  0  7  0  34205  0  0  0  0  39635  5  28  0  0  0  0  0  0  0  0  0  0  2  0  2  0  0  1  0  0  0  17  0  0  11  26  0  0  0  0  0  0  0  0  0  0  0  0  0  0  0  0  0  0  0  0  0  0  0  0  0  0  0  0  0  0  0  0  0  0  0  0  0  0  0  0  0  0  0  0  0  0  0  0  0  0  0  0  0  0  0  0  0  0  0  0  0  0  0  0  0  0  0  0  0  0  0  0  0  0  0  0  148565  1493  14427  178  0  0  0  0  0  0  
3  0  0  0  1  25161  235447  8747  476  0  0  0  0  0  9  69296  0  0  0  0  0  0  0  0  0  0  0  0  56  4  0  0  0  0  0  0  0  0  0  0  0  0  0  0  118  12  0  0  2  0  0  2295  1188  80920  0  0  0  0  0  0  0  0  0  1  0  35047  122  11  297  17  1  0  0  0  0  0  0  0  0  32  391  68  0  0  0  0  0  1  0  319  0  0  0  0  0  0  0  0  0  0  0  0  0  0  0  0  0  0  0  0  0  0  0  0  0  0  0  0  15  0  1  0  0  0  0  15  0  0  0  0  0  0  0  0  0  0  0  0  0  463  3  9  7  0  0  0  0  0  0  0  0  0  11  0  0  3  0  0  1  0  
0  0  0  0  0  0  0  0  229  3832  0  0  0  0  0  0  1  22  1  0  1  424  68859  0  11  3  4  0  0  1  0  18  4  3  306  37  0  35  0  0  41  0  6861  2182  0  0  0  6247  0  7906  0  0  0  0  0  5  1  6  2  5  24166  0  0  0  21  14  0  0  0  2  382  24  267  152  0  0  0  0  0  0  0  0  0  0  0  0  0  0  0  0  0  0  0  0  0  0  0  0  0  0  0  0  0  0  0  0  0  0  0  0  0  0  0  0  0  0  0  0  0  0  0  0  0  0  0  0  0  0  0  0  0  0  0  0  0  0  0  0  0  0  0  0  0  0  0  0  0  0  81679  0  0  2279  25  12  0  0  0  4  0  0  
0  0  0  0  0  4  0  0  22  26  0  0  0  0  0  0  28  702  0  0  0  0  30  0  1  1  0  0  0  0  1  2664  3  1  1  18  0  0  0  0  31  0  0  0  13  0  0  24552  0  0  0  4  0  0  0  0  0  0  0  0  0  0  67  5  0  347  56  0  1  122  15  0  44  180  0  0  0  0  0  0  0  0  0  0  0  0  0  0  0  0  0  0  0  0  0  1  1  0  0  0  0  0  0  0  0  0  0  0  0  0  0  0  0  0  0  0  0  0  0  0  0  0  0  0  0  0  0  0  0  0  0  0  0  0  0  0  0  0  0  10  0  0  0  0  0  0  0  0  929  0  1756  0  15273  58626  0  0  0  355  0  0  
576  0  0  11  22  842  3  4  25  0  0  102  0  2  63  3  60198  104058  0  0  0  0  191  11413  4  1  2  36  3  0  425  28771  88  2  358  1  0  0  32  1  404  0  7  0  7379  0  31716  46215  31247  0  0  21250  458  311  0  7  0  0  0  0  0  179  19872  8137  0  123  9454  5188  242  1594  10  0  23  2  0  0  0  0  0  0  0  0  0  0  0  0  0  0  0  0  0  0  0  0  0  0  0  0  0  0  0  0  0  0  0  0  0  0  0  0  0  0  0  0  0  0  0  0  0  0  0  0  0  0  0  0  0  0  0  0  0  0  0  0  0  0  0  0  0  0  0  0  0  0  0  0  0  0  4860  33  29  7442  0  144374  0  0  0  0  0  0  
5  0  0  0  0  29  0  2  23  0  0  1  0  0  0  0  50  1255  0  0  0  0  0  5  1  0  1  3  0  0  0  39432  0  0  0  3  0  0  1  0  1  0  0  0  327  0  5  1332  0  0  0  121  2  14  0  2  0  0  0  0  1  0  3957  276  0  102  1238  13  68  833  9  0  5  4  0  0  0  0  0  0  0  0  0  0  0  0  0  0  0  0  0  0  0  0  0  0  0  0  0  0  0  0  0  0  0  0  0  0  0  0  0  0  0  0  0  0  0  0  0  0  0  0  0  0  0  0  0  0  0  0  0  0  0  0  0  0  0  0  0  1  0  0  0  0  0  0  0  0  681  1  140  59579  323167  0  0  0  0  5  0  0  
0  0  0  0  0  0  0  0  0  0  0  0  0  0  0  0  0  0  0  0  0  0  0  0  0  0  0  0  0  0  0  0  0  0  0  0  0  0  0  0  0  0  0  0  0  0  0  0  0  0  0  0  0  0  0  0  0  0  0  0  0  0  0  0  0  0  0  0  0  0  0  0  0  0  0  0  0  2  0  0  0  0  0  0  0  0  0  0  0  0  16946  1810  0  0  0  0  45591  38  19  4  0  0  0  0  0  108  0  1  32071  0  24  2  0  0  276  0  16112  0  0  0  4  42275  4  7956  0  0  0  0  0  0  0  0  0  29  10  0  8835  0  0  0  0  0  0  0  0  459  301  21  0  0  0  0  0  0  0  2  40979  3655  22323  843  
0  0  0  0  0  0  0  0  0  0  0  0  0  0  0  0  0  0  0  0  0  0  0  0  0  0  0  0  0  0  0  0  0  0  0  0  0  0  0  0  0  0  0  0  0  0  0  0  0  0  0  0  0  0  0  0  0  0  0  0  0  0  0  0  0  10  0  0  0  0  0  0  0  0  113  0  9  2  41  10133  999  48  72  0  0  0  0  8  18  7  13  8  0  0  0  0  0  32  1  7  7  179  13  0  68  6161  0  0  0  4  0  0  14  2  45  0  0  0  3590  27  64  2  1565  0  0  19801  304  117  193  594  0  0  0  0  0  131  9132  6942  0  4031  17154  1100  907  30  19  0  0  0  0  6  0  0  0  0  3  0  0  3914  188614  31334  
0  0  0  0  0  0  0  0  0  0  0  0  0  0  0  0  0  0  0  0  0  0  0  0  0  0  0  0  0  0  0  0  0  0  0  0  0  0  0  0  0  0  0  0  0  0  0  0  0  0  0  0  0  0  0  0  0  0  0  0  0  0  0  0  0  0  0  0  0  0  0  0  0  0  0  20  0  0  0  0  0  0  115  2978  0  0  0  0  0  0  1  0  2  0  1  6589  69188  0  10  1  0  0  0  7  0  40  0  0  88  0  1  8  0  0  16  0  122  1159  0  0  0  142  0  10909  0  0  0  0  1  3  0  1  63  832  20358  0  55  0  121  117  0  0  0  0  11  151  135  1  0  0  0  4  0  0  28073  0  0  2942  8  18  
0  0  0  0  0  0  0  0  0  0  0  0  0  0  0  0  0  0  0  0  0  0  0  0  0  0  0  0  0  0  0  1  0  0  0  0  0  0  0  0  0  0  0  0  0  0  0  0  0  0  0  0  0  0  0  0  0  0  0  0  0  0  0  0  0  2  0  0  0  0  0  0  0  0  0  0  0  0  0  1  0  0  5  7  0  0  0  0  0  0  180  271  0  0  1  7  114  0  6  1  0  0  0  0  3  1712  3  0  27  0  1  1  0  0  362  0  15  0  0  0  0  13606  0  2  0  0  0  0  0  2  0  0  0  0  0  0  920  0  0  486  0  0  0  0  0  44  40  101  0  0  0  317  0  1  5172  17505  2229  0  40005  41973  
0  0  0  0  0  0  0  0  0  0  0  0  0  0  0  0  0  0  0  0  0  0  0  0  0  0  0  0  0  0  0  0  0  0  0  0  0  0  0  0  0  0  0  0  0  0  0  0  0  0  0  0  0  0  0  0  0  0  0  0  0  0  0  0  0  0  0  0  0  0  0  0  0  0  99  0  1  0  35  2118  324  17  18  0  0  0  0  33  23  2  21371  50955  0  0  0  0  8375  15664  11  9  3  23  4  0  3487  7090  0  0  0  13  0  0  12  1  4303  0  0  0  803  5  27779  20547  23493  0  0  6593  245  165  118  412  0  0  0  0  0  92  45110  7500  0  576  7460  1311  165  2  8  0  0  0  0  0  0  0  0  0  16323  164685  3  17475  0  122438  
0  0  0  0  0  0  0  0  0  0  0  0  0  0  0  0  0  0  0  0  0  0  0  0  0  0  0  0  0  0  0  0  0  0  0  0  0  0  0  0  0  0  0  0  0  0  0  0  0  0  0  0  0  0  0  0  0  0  0  0  0  0  0  0  0  0  0  0  0  0  0  0  0  0  0  0  0  0  0  1  0  0  0  0  0  0  0  0  0  0  3  1  0  0  0  0  1  0  0  0  0  0  0  0  609  3541  0  0  0  0  0  0  0  0  0  0  1  0  0  0  0  25  0  0  0  0  0  0  0  0  0  0  0  0  0  0  50360  0  0  3  0  0  0  1  0  0  1  0  0  0  0  0  0  0  3734  169770  82  55410  320125  0  
