0  0  0  0  97709  12227  32  0  0  0  0  102  0  62  15805  2643  0  4  0  0  0  0  0  110561  0  3  0  0  9  0  13394  6  0  0  0  0  0  0  7  4  16  0  0  0  20  0  85  67  1220  0  0  4290  25751  143  1  0  0  0  0  0  0  33756  808  8775  0  614  5  162  0  7335  0  0  1  0  1  0  0  0  0  0  0  0  0  0  0  0  0  0  0  0  0  0  0  0  0  0  0  0  0  0  0  0  0  0  13  0  0  0  0  0  0  0  0  0  0  0  0  0  0  0  0  0  0  0  0  0  0  0  0  0  0  0  0  0  0  0  0  0  0  0  0  0  0  0  0  0  0  0  0  204  0  0  6052  431  0  0  0  0  0  0  
0  0  0  0  0  0  0  0  0  0  5  0  0  0  0  0  0  0  68856  1  84610  3642  0  0  0  0  0  0  0  0  0  0  0  0  0  0  3587  0  0  0  0  72055  0  319  0  0  0  0  0  4  22045  0  0  0  0  0  13573  0  23937  11410  8022  0  0  0  0  0  0  0  0  0  0  14860  16  0  0  0  0  0  0  0  0  0  0  0  0  0  0  0  0  0  0  0  0  0  0  4  0  0  0  0  0  0  0  0  0  0  0  0  0  0  0  0  0  0  0  2  0  0  0  0  0  0  0  0  0  0  0  0  0  0  0  0  0  0  0  0  0  0  0  0  0  0  0  0  0  0  0  0  0  0  0  0  0  0  0  0  0  0  0  0  
0  0  0  0  0  0  49  672  27  0  0  0  0  0  0  38155  0  0  0  0  0  0  0  0  0  0  25390  35924  37640  18902  0  0  0  0  0  0  0  0  0  0  0  0  0  0  47501  69549  0  0  0  0  0  0  0  193  0  31  0  0  0  0  0  0  0  0  0  0  16568  0  11524  0  67  0  0  0  0  0  3091  0  0  0  1  0  3  0  0  0  0  0  0  228  0  0  0  0  0  0  0  0  0  0  0  2  72  175  0  0  0  0  0  0  0  0  0  0  0  0  0  0  6  245  0  0  0  0  0  0  0  0  0  0  0  0  0  0  0  0  0  0  0  0  0  0  0  0  10  0  0  0  0  7  0  0  1  0  0  0  0  0  0  0  
0  0  0  0  0  0  0  0  0  0  0  39174  0  0  1  0  30  5  0  0  0  0  0  0  4  56053  0  51341  14030  0  0  0  2566  779  63  1  0  1  0  0  1389  0  0  0  27161  0  0  49  39393  0  0  11  0  0  2  23  0  0  0  0  0  0  0  0  0  0  5672  14615  0  0  2  0  9  7  0  0  0  0  0  0  0  0  0  0  0  0  0  0  0  0  0  0  0  0  0  0  0  0  0  0  0  0  0  0  0  0  0  0  0  0  0  0  0  0  0  0  0  0  0  0  0  0  0  0  0  0  0  0  0  0  0  0  0  0  0  0  0  0  0  0  0  0  0  0  0  0  0  0  0  0  0  1  147  1  0  0  0  0  0  0  
81092  0  0  0  0  3927  47  0  0  0  0  0  0  1  16444  46536  0  0  0  0  0  0  0  2224  0  0  0  0  0  0  6587  0  0  0  0  0  0  0  0  0  0  0  0  0  0  0  0  0  1  0  0  15  20136  207  0  0  0  0  0  0  0  5  173  93  0  32  0  2  0  12274  0  0  0  0  2  0  0  0  14  0  0  0  0  0  0  0  0  0  0  33  0  0  0  0  0  0  0  1  0  0  0  0  0  0  7  0  0  0  0  0  0  0  0  0  0  0  0  0  0  0  0  0  0  0  0  0  0  0  0  0  0  0  0  0  0  0  0  0  0  0  0  0  0  5  0  0  0  0  0  139  0  0  9  14  0  0  0  0  0  0  
23370  0  0  0  25411  0  38280  26  2  0  0  7  0  1  16607  106186  0  0  0  0  0  0  0  7588  0  1  0  0  5  0  230  666  0  0  0  0  0  0  0  0  1  0  0  0  5  0  6  7  65  0  0  3533  31932  41035  0  0  0  0  0  0  0  295  3056  3843  0  64820  0  73  13  59716  0  0  0  0  0  0  0  0  1  464  44  0  0  0  0  0  0  0  0  49  0  0  0  0  0  0  0  0  0  0  0  0  0  0  10  5  0  0  0  0  0  0  0  0  0  0  0  0  0  0  0  0  0  0  0  0  0  0  0  0  0  0  0  0  0  0  0  0  0  3270  0  0  0  36  0  0  0  0  0  47190  0  0  709  313  0  0  0  0  0  0  
20  0  30  0  41  32969  0  35094  4893  180  0  0  0  0  263  87425  0  0  0  0  0  0  0  0  0  0  13  1  417  6  0  2  0  0  0  0  0  0  0  0  0  0  0  13  187  424  0  0  0  0  0  11  49  38935  0  18  0  0  0  0  0  0  0  0  16  39416  18  37  3894  6  551  0  0  0  0  0  0  0  0  403  1587  476  1  0  0  0  0  0  0  316  0  0  0  0  0  0  0  0  0  0  0  0  0  0  0  0  0  0  0  0  0  0  0  0  0  0  0  0  0  6  0  0  0  0  0  0  0  0  0  0  0  0  0  0  0  0  0  0  0  867  0  0  0  0  0  0  0  0  0  131153  0  7  36  12  0  0  0  0  0  0  
0  0  420  0  0  5  35652  0  42013  1879  0  0  0  0  9  61232  0  0  0  0  0  0  0  0  2  0  283  155  12281  31  0  0  0  0  0  0  0  0  0  0  0  0  0  72  6179  28294  0  0  0  0  0  8  0  11901  0  505  0  0  0  0  0  0  0  0  62  29625  1367  14  57089  0  922  0  0  0  0  0  147  0  0  61  714  5826  334  0  0  0  0  0  0  899  0  0  0  0  0  0  0  0  0  0  0  0  0  0  0  0  0  0  0  0  0  0  0  0  0  0  0  0  0  840  0  0  0  0  0  0  0  0  0  0  0  0  0  0  0  0  0  0  0  409  0  0  0  0  21  0  0  0  0  846  0  14  85  25  0  0  0  0  0  0  
0  0  0  0  0  0  1410  31688  0  11822  0  0  0  0  0  50  0  0  0  0  0  0  0  0  0  0  20  66  410  5374  0  0  0  0  0  0  0  0  0  0  0  0  0  408  1119  21686  0  0  0  0  0  0  0  40  0  87  0  0  0  0  0  0  0  0  1866  58718  393  0  976  0  42732  0  0  0  0  0  11  0  0  9  131  1411  1632  50  11  0  0  0  0  16  0  0  0  0  0  2  0  0  0  0  0  0  0  157  0  0  0  0  0  0  0  0  0  0  0  0  0  0  0  113  0  0  0  0  0  0  0  0  0  0  0  0  0  0  0  0  0  0  0  291  0  0  0  0  2301  0  0  0  0  96  0  1  0  2  0  0  1  0  0  0  
0  0  0  0  0  0  303  3794  9416  0  0  0  0  0  0  0  0  0  0  0  0  98  6633  0  0  0  0  0  8  17662  0  0  0  0  0  0  0  0  0  0  0  0  0  24459  1  0  0  1  0  0  0  0  0  0  0  3  0  0  0  0  0  0  0  0  1540  87086  0  0  2  0  109  0  0  0  0  0  0  0  0  0  0  0  1  17  6  0  0  0  0  0  0  0  0  0  1  26  0  0  0  0  0  0  0  2  0  3  0  0  0  0  0  0  0  0  0  0  0  0  0  0  0  0  0  0  0  0  0  0  0  0  0  0  0  0  0  0  0  0  0  30989  0  0  0  0  0  0  0  0  0  1  14  9561  4  3  0  0  10  6844  481  3  
0  2  0  0  0  0  0  0  2  7  0  0  0  0  0  0  0  0  950  86226  0  13431  1  0  1  0  256  0  0  4725  0  0  0  0  0  0  0  0  0  0  0  32337  0  108599  0  0  0  0  0  0  2  0  0  0  0  0  253  912  0  0  8  0  0  0  85108  1  0  0  0  0  1  0  3  0  0  0  0  0  0  0  0  0  0  1  3838  0  0  0  0  0  0  0  0  8  2  1825  0  0  0  0  0  0  0  1  0  0  0  0  0  0  0  0  0  0  0  444  0  507  0  0  0  0  0  0  0  0  0  0  0  0  0  0  0  0  1  0  0  0  0  0  0  0  0  0  0  0  0  0  0  0  0  0  0  0  0  0  0  0  0  0  
148  0  0  55469  0  4  0  0  0  0  0  0  32  53224  3052  0  511  2748  0  0  0  0  0  6  0  166  0  210  5247  0  0  0  75  336  281  0  0  0  218  39416  157  0  0  0  3667  0  20  193  66612  0  0  44107  49  0  0  0  0  0  0  0  0  445  0  12  0  2  121  52948  0  0  0  0  0  0  0  0  0  0  0  0  0  0  0  0  0  0  0  0  0  0  0  0  0  0  0  0  0  0  0  0  0  0  0  0  0  0  0  0  0  0  0  0  0  0  0  0  0  0  0  0  0  0  0  0  0  0  0  0  0  0  0  0  0  0  0  0  0  0  0  0  0  0  0  0  0  0  0  0  0  0  0  2  1273  0  0  0  0  0  0  0  
96  0  0  0  0  1  0  0  0  0  0  31  0  15164  1  0  0  68  0  0  0  0  0  36945  0  0  0  0  0  0  0  0  0  152  17  0  0  0  17131  846  0  0  7  0  0  0  9332  11  146  0  0  15  3  0  0  0  0  0  0  0  0  18084  2  1812  0  1  0  5  0  0  0  0  0  0  0  0  0  0  0  0  0  0  0  0  0  0  0  0  0  0  0  0  0  0  0  0  0  0  0  0  0  0  0  0  0  0  0  0  0  0  0  0  0  0  0  0  0  0  0  0  0  0  0  0  0  0  0  0  0  0  0  0  0  0  0  0  0  0  0  0  0  0  0  0  0  0  0  0  0  0  0  0  51  6  0  0  0  0  0  0  
384  0  0  0  0  3  0  0  0  0  0  52175  18782  0  6280  0  0  146  0  0  0  0  0  1873  0  1  0  0  0  0  0  0  0  5  0  0  0  0  18960  56912  1  0  0  0  3  0  76  5  8194  0  0  56552  85  0  0  0  0  0  0  0  0  35095  3  310  0  0  2  352  0  0  0  0  0  0  0  0  0  0  0  0  0  0  0  0  0  0  0  0  0  0  0  0  0  0  0  0  0  0  0  0  0  0  0  0  0  0  0  0  0  0  0  0  0  0  0  0  0  0  0  0  0  0  0  0  0  0  0  0  0  0  0  0  0  0  0  0  0  0  0  0  0  0  0  0  0  0  0  0  0  2  0  0  742  10  0  0  0  0  0  0  
18316  0  0  0  25815  6976  524  0  6  0  0  4343  0  11307  0  72621  0  0  0  0  0  0  0  17852  0  0  0  0  10419  0  1  0  0  0  0  0  0  0  0  1  0  0  0  0  194  0  0  0  29  0  0  190425  213113  157481  0  0  0  0  0  0  0  27581  2  1  0  18  5  74820  7041  43  2  0  0  0  0  0  0  0  0  0  0  0  0  0  0  0  0  0  0  0  0  0  0  0  0  0  0  0  0  0  0  0  0  0  0  0  0  0  0  0  0  0  0  0  0  0  0  0  0  0  0  0  0  0  0  0  0  0  0  0  0  0  0  0  0  0  0  0  0  0  0  0  0  0  0  0  0  0  0  9450  0  136  2763  251  0  0  0  0  0  0  
3714  0  41945  0  81016  94427  88314  72318  126  1  0  0  0  0  67737  0  0  0  0  0  0  0  0  1296  0  0  16  142  6460  9  13  120  0  0  0  0  0  0  0  0  0  0  0  0  4838  6462  0  0  1  0  0  30  14708  243010  0  16  0  0  0  0  0  5  28  459  0  3987  175  3  69776  11455  7  0  0  0  0  0  836  0  55  534  924  533  51  0  0  0  0  0  0  13808  0  0  0  0  0  0  0  0  0  0  0  0  7  5  1  1  0  0  0  0  0  0  0  0  0  0  0  0  1  1303  0  0  0  0  0  0  0  0  0  0  0  0  0  0  0  0  0  0  0  29  0  0  0  4  0  0  0  0  0  4366  0  0  11  37  0  0  0  0  0  0  
0  0  0  108  0  0  0  0  0  0  0  162  3  0  0  0  0  41217  3  0  0  0  11077  76  1  24  0  0  2  0  0  0  51  4  19985  2  0  0  0  0  18358  0  2933  0  278  0  6  46314  35020  0  0  0  0  0  46  7  2  0  0  0  0  0  3981  0  5  0  173  5  11  0  3  0  57  0  0  0  0  0  0  0  0  0  0  0  0  0  0  0  0  0  0  0  0  0  0  0  0  0  0  0  0  0  0  0  0  0  0  0  0  0  0  0  0  0  0  0  0  0  0  0  0  0  0  0  0  0  0  0  0  0  0  0  0  0  0  0  0  0  0  0  0  0  0  0  0  0  0  0  4806  0  6  82  141928  27  0  0  0  0  0  0  
3  0  0  2  0  0  0  0  0  0  0  1587  467  168  0  0  46294  0  0  0  0  0  5984  3169  0  2  0  0  1  0  2  3  0  16  229  0  0  0  897  144  17  0  4  0  73  0  40197  2849  69795  0  0  35  1  0  1  0  0  0  0  0  0  1  21035  0  1  0  2  5  0  0  0  0  0  0  0  0  0  0  0  0  0  0  0  0  0  0  0  0  0  0  0  0  0  0  0  0  0  0  0  0  0  0  0  0  0  0  0  0  0  0  0  0  0  0  0  0  0  0  0  0  0  0  0  0  0  0  0  0  0  0  0  0  0  0  0  0  0  0  0  0  0  0  0  0  0  0  0  0  4128  0  5  254  106559  17  0  0  0  0  0  0  
0  69224  0  0  0  0  0  0  0  0  448  0  0  0  0  0  0  0  0  31583  627  192  0  0  48937  3  361  0  7  21  0  0  0  0  0  0  857  778  0  0  6  33904  0  3333  28  0  0  1  4  0  18  0  0  0  94  6716  169626  82484  58377  1588  520  0  0  0  2563  0  309  14  11  0  989  961  71490  0  0  0  0  0  0  0  0  0  0  0  25  0  0  0  0  0  0  0  0  1  0  0  0  0  0  0  0  0  0  0  0  0  0  0  0  0  0  0  0  0  0  0  0  0  0  0  0  0  0  0  0  0  0  0  0  0  0  0  0  0  0  0  0  0  0  0  0  0  0  0  0  0  0  0  0  0  0  256  132  108  0  0  0  0  0  0  
0  3  0  0  0  0  1  0  0  0  92207  0  0  0  0  0  0  0  32858  0  0  403  0  0  62  0  14076  1  0  154  0  0  0  0  0  0  0  0  0  0  0  19626  0  7801  14  0  0  0  0  0  2  0  0  0  2  4968  3036  45105  0  0  21  0  0  0  47254  0  29  0  2  0  934  0  53  0  0  0  0  0  0  0  0  0  0  0  57  0  0  0  0  0  0  0  0  0  0  6  0  0  0  0  0  0  0  0  0  0  0  0  0  0  0  0  0  0  0  37  0  23  0  0  0  0  0  0  0  0  0  0  0  0  0  0  0  0  0  0  0  0  0  0  0  0  0  0  0  0  0  0  0  0  0  0  1  0  0  0  0  0  0  0  
0  81923  0  0  0  0  0  0  0  0  0  0  0  0  0  0  0  0  146  0  0  193  407  0  0  0  0  0  0  0  0  0  0  0  1  0  784  0  0  0  0  5  1  1  0  0  0  0  0  30621  9884  0  0  0  0  0  653  0  15773  67262  131202  0  0  0  0  0  0  0  0  0  0  284  25  0  0  0  0  0  0  0  0  0  0  0  0  0  0  0  0  0  0  0  0  0  0  0  1  0  0  0  0  0  0  0  0  0  0  0  0  0  0  0  0  0  0  0  0  0  0  0  0  0  0  0  0  0  0  0  0  0  0  0  0  0  0  0  0  0  0  0  0  0  0  0  0  0  0  0  2  0  9  0  0  0  0  0  0  0  0  0  
0  4403  0  0  0  0  0  0  0  1787  12297  0  0  0  0  0  0  0  185  196  228  0  8096  0  1  0  0  0  0  472  0  0  0  0  0  0  0  0  0  0  0  31599  0  135112  0  0  0  0  0  0  39911  0  0  0  0  0  6799  327  7  0  105347  0  0  0  304  4  0  0  0  0  0  0  28  0  0  1  0  0  0  0  0  0  0  0  74  0  0  0  0  0  0  0  0  0  367  9660  0  0  0  0  0  0  0  0  0  0  0  0  0  0  0  0  0  0  0  1340  0  87  0  0  0  0  0  0  64  0  0  0  0  0  0  0  0  0  756  0  0  0  0  0  0  0  0  0  0  0  0  0  0  0  74  66  2  0  0  0  0  0  0  0  
0  0  0  0  0  0  1  0  0  6929  0  1  0  0  0  0  13787  12899  0  0  226  7674  0  16  0  0  0  0  0  0  0  0  0  0  26319  0  3272  0  0  0  0  0  66499  6863  0  0  1  3355  0  27761  0  0  0  0  0  0  0  0  0  44  54459  0  6600  0  2  9  0  0  0  0  0  0  0  0  0  0  0  0  0  0  0  0  0  0  0  0  0  0  0  0  0  0  0  0  0  0  2  0  0  0  0  0  0  0  0  0  0  0  0  0  0  0  0  0  0  0  0  0  0  0  0  0  0  0  0  0  0  0  0  0  0  0  0  0  0  0  0  0  0  0  0  0  0  0  0  0  0  0  58950  0  108873  1028  670  17  0  0  1  1  0  0  
103319  0  0  0  1605  3499  0  0  0  0  0  5  26970  1035  17743  305  4  3932  0  0  0  0  7  0  0  0  0  0  0  0  23027  300  0  52  17  0  0  0  384  29  0  0  12  0  0  0  40734  1735  69  0  0  30  9  2  0  0  0  0  0  0  0  50532  112618  153395  0  0  0  9  0  7656  0  0  0  0  0  0  0  0  0  0  0  0  0  0  0  0  0  0  0  0  0  0  0  0  0  0  0  1  0  0  0  0  0  0  33  0  0  0  0  0  0  0  0  0  0  0  0  0  0  0  0  0  0  0  0  0  0  0  0  0  0  0  0  0  0  0  5  0  0  0  0  0  0  1  0  0  0  0  30  0  2  3  5676  788  0  0  0  0  0  0  
0  0  0  1  0  0  1  1  3  0  0  1  0  0  0  0  0  0  42750  86  0  0  0  0  0  31016  31702  5  30  83  0  0  20  13895  0  1034  0  1407  0  0  3406  0  0  25  466  0  0  2777  89  0  0  24  0  0  88215  94032  33  17366  23  0  3  1  0  0  5264  0  1005  76  63  0  3205  0  137912  8  0  0  0  0  0  0  0  0  0  0  0  0  0  0  0  0  0  0  0  0  0  0  0  0  0  0  0  0  0  0  0  0  0  0  0  0  0  0  0  0  0  0  0  0  0  0  0  0  0  0  0  0  0  0  0  0  0  0  0  0  0  0  0  0  0  0  0  0  0  0  0  0  0  0  13  1  7  442  1442  377  0  0  0  0  0  0  
21  0  0  67487  1  2  0  0  0  0  0  335  0  6  0  0  9  1  6  0  0  0  0  0  36861  0  569  9839  88  0  0  0  2053  26928  5  128297  0  103  0  0  89770  0  6  0  2698  0  0  2816  18056  0  0  480  4  0  36983  52468  0  2  4  0  6  35  0  0  10  0  135698  267  10  0  61  0  3180  2322  0  0  0  0  0  0  0  0  0  0  0  0  0  0  0  0  0  0  0  0  0  0  0  0  0  0  0  0  0  0  0  0  0  0  0  0  0  0  0  0  0  0  0  0  0  0  0  0  0  0  0  0  0  0  0  0  0  0  0  0  0  0  0  0  0  0  0  0  0  0  0  0  0  0  17  0  13  11  2765  62  0  0  0  0  0  0  
0  0  16086  0  0  0  20  1047  327  5  573  0  0  0  0  4  0  0  373  15765  0  0  0  0  29711  2048  0  1565  902  169578  0  0  0  0  0  1  0  0  0  0  3  0  0  1  1590  5689  0  1  3  0  0  0  0  125  28  262698  2  626  0  0  0  0  0  0  37483  4  87860  4  4203  0  7255  0  19  0  0  0  0  0  0  0  0  0  0  0  81  0  0  0  0  0  0  0  0  2  0  0  0  0  0  0  3  0  0  35  0  0  0  0  0  0  0  0  0  0  0  0  0  0  0  0  0  0  0  0  0  0  0  0  0  0  0  0  0  0  0  0  0  0  2  0  0  0  0  0  1  0  0  0  0  23  0  42  67  28  0  0  0  0  0  0  
2  0  38747  47659  0  0  9  103  710  0  0  46  0  0  2  44  0  0  0  0  0  0  0  0  6  9926  1989  0  2216  49  0  0  0  0  0  2  0  0  0  0  166  0  0  0  227386  4687  0  34  2208  0  0  25  1  25  2  2554  0  1  0  0  0  1  0  0  8  1  150485  8  731  0  852  0  3  0  0  0  0  0  0  0  0  0  0  0  0  0  0  0  0  0  0  0  0  0  0  0  0  0  0  0  0  0  0  0  0  0  0  0  0  0  0  0  0  0  0  0  0  0  0  0  0  0  0  0  0  0  0  0  0  0  0  0  0  0  0  0  0  0  0  0  0  0  0  0  0  0  0  0  0  7  0  88  184  118  0  0  0  0  0  0  
12  0  34198  22731  0  0  313  5732  4465  311  0  5728  0  2  7590  7348  0  0  0  0  0  0  0  0  1  15  140  3055  0  8  0  0  1  0  0  0  0  0  0  0  14  0  0  22  216435  2677  0  16  337  0  0  281  2  902  0  470  1  0  0  0  0  13  0  0  12  89  1628  130584  148417  0  301  0  2  0  0  0  0  0  0  0  0  0  0  0  0  0  0  0  0  0  0  0  0  0  0  0  0  0  0  0  0  0  0  0  0  0  0  0  0  0  0  0  0  0  0  0  0  0  0  0  0  0  0  0  0  0  0  0  0  0  0  0  0  0  0  0  0  0  0  0  0  0  0  0  0  0  0  0  0  172  0  149  1218  279  0  0  0  0  0  0  
0  0  18352  0  0  0  53  166  7368  20915  5812  0  0  0  0  14  0  0  160  225  0  250  0  0  237  0  158265  24  26  0  0  0  0  0  0  0  0  0  0  0  0  0  0  9265  411  52247  0  0  0  0  0  1  0  2  34  33826  11  127  0  0  0  0  0  0  88856  1680  22366  4  23  0  104267  0  164  0  0  0  70  0  0  0  0  0  11  5  1017  0  0  0  0  0  0  0  0  0  2  177  0  0  0  0  2  0  1  3578  0  0  0  0  0  0  0  0  0  0  0  0  0  1  0  210  0  0  0  0  0  0  0  0  0  0  0  0  0  0  1  0  0  0  6  0  0  0  0  0  660  0  0  0  0  0  0  20  14  11  0  0  0  0  0  0  
18962  0  0  0  5099  26  0  0  0  0  0  0  0  0  0  22  0  0  0  0  0  0  0  25650  0  0  0  0  0  0  0  15088  0  0  0  0  0  0  0  0  0  0  0  0  0  0  14  0  0  0  0  1  0  0  0  0  0  0  0  0  0  6  76096  121  0  0  0  0  0  49508  0  0  0  0  17  0  0  0  1  17  0  0  0  0  0  0  0  0  0  9  0  0  0  0  0  0  0  62  0  0  0  0  0  0  2015  0  0  0  0  0  0  0  0  0  0  0  0  0  0  0  0  0  0  0  0  0  0  0  0  0  0  0  0  0  0  0  98  0  0  0  0  0  0  232  0  0  0  0  0  0  3  4  1429  100  0  0  0  0  0  0  
481  0  0  0  1  887  35  0  0  2  0  0  0  0  0  9  0  13  0  0  0  0  1  268  0  0  0  0  0  0  14142  0  0  0  0  0  0  0  0  0  0  0  0  0  0  0  54  0  0  0  0  2  1  0  0  0  0  0  0  0  0  15  26379  330  0  16506  0  0  0  16124  0  0  0  0  0  0  0  0  0  52  0  0  0  0  0  0  0  0  0  0  0  0  0  0  0  0  0  1  0  0  0  0  0  0  57  1781  0  0  0  0  0  0  0  0  0  0  0  0  0  0  0  4  0  0  0  0  0  0  0  0  0  0  0  0  0  0  7  0  0  865  0  0  0  43  0  0  1  0  51  0  439  415  13179  9122  57  2185  12  205  106  900  
0  0  0  3736  0  0  0  0  0  0  0  35  0  0  0  0  54  0  0  0  0  0  0  0  2  3057  0  0  0  0  0  0  0  23610  12989  34  0  0  0  0  15288  0  0  0  2  0  0  65381  26  0  0  1  0  0  7  3  0  0  0  0  0  0  0  0  0  0  0  0  0  0  0  0  5977  24411  0  0  0  0  0  0  0  0  0  0  0  0  0  0  0  0  0  0  0  0  0  0  0  0  0  0  0  0  0  0  0  0  0  0  0  0  0  0  0  0  0  0  0  0  0  0  0  0  0  0  0  0  0  0  0  0  0  0  0  0  0  0  0  0  0  0  0  0  0  0  0  0  0  0  5  0  8  23  74  0  0  0  0  0  0  0  
0  0  0  1003  0  0  0  0  0  0  0  151  113  5  0  0  5  3  0  0  0  0  6  51  7291  16348  0  0  0  0  0  0  30654  0  69125  80126  10  22733  0  0  755  0  41090  0  0  0  2  43656  1  118  0  0  0  0  185  1  0  0  8  0  2  0  0  0  0  0  0  1  0  0  0  721  106535  24294  0  0  0  0  0  0  0  0  0  0  0  0  0  0  0  0  0  0  0  0  0  0  0  0  0  0  0  0  0  0  0  0  0  0  0  0  0  0  0  0  0  0  0  0  0  0  0  0  0  0  0  0  0  0  0  0  0  0  0  0  0  0  0  0  0  0  0  0  0  0  0  0  0  0  9  0  1  0  0  0  0  0  0  0  0  0  
0  0  0  143  0  0  0  0  0  0  0  120  28  0  0  0  25696  364  0  0  0  0  31908  29  0  0  0  0  1  0  0  0  7198  53141  0  13  1  452  0  0  6  0  40159  0  0  0  2  50838  13  17  0  0  0  0  0  0  0  0  3  0  0  0  0  0  0  0  0  1  0  0  0  411  23185  19  0  0  0  0  0  0  0  0  0  0  0  0  0  0  0  0  0  0  0  0  0  0  0  0  0  0  0  0  0  0  0  0  0  0  0  0  0  0  0  0  0  0  0  0  0  0  0  0  0  0  0  0  0  0  0  0  0  0  0  0  0  0  0  0  0  0  0  0  0  0  0  0  0  0  9790  0  16  3  53  0  0  0  0  0  0  0  
0  0  0  0  0  0  0  0  0  0  0  0  0  0  0  0  0  0  1  0  0  0  0  0  873  99353  0  0  0  0  0  0  6  65403  9  0  0  39  0  0  41864  0  20  0  13  0  0  3257  13  0  0  1  0  0  14702  10445  0  0  2  0  4  0  0  0  1  0  1364  3  0  0  1  0  6452  13943  0  0  0  0  0  0  0  0  0  0  0  0  0  0  0  0  0  0  0  0  0  0  0  0  0  0  0  0  0  0  0  0  0  0  0  0  0  0  0  0  0  0  0  0  0  0  0  0  0  0  0  0  0  0  0  0  0  0  0  0  0  0  0  0  0  0  0  0  0  0  0  0  0  0  57  0  55  10  36  10  0  0  0  0  0  0  
0  3702  0  0  0  0  0  0  0  0  0  0  0  0  0  0  0  0  345  0  495  0  892  0  0  0  0  0  0  0  0  0  0  85  13  0  0  41192  0  0  0  0  50359  0  0  0  0  13  0  43593  0  0  0  0  1  0  0  0  28354  51874  11  0  0  0  0  0  0  0  0  0  0  151624  605  0  0  0  0  0  0  0  0  0  0  0  0  0  0  0  0  0  0  0  0  0  0  0  0  0  0  0  0  0  0  0  0  0  0  0  0  0  0  0  0  0  0  0  0  0  0  0  0  0  0  0  0  0  0  0  0  0  0  0  0  0  0  0  0  0  0  0  0  0  0  0  0  0  0  0  455  0  61  0  0  0  0  0  0  0  0  0  
0  0  0  0  0  0  0  0  0  0  0  0  0  0  0  0  1  0  705  0  2  0  0  0  1839  26  0  0  0  0  0  0  0  19283  974  12  43248  0  0  0  0  0  18816  0  0  0  0  1485  0  7072  0  0  0  0  5  0  1  0  13161  32  6  0  0  0  0  0  0  0  0  0  0  119758  169424  0  0  0  0  0  0  0  0  0  0  0  0  0  0  0  0  0  0  0  0  0  0  0  0  0  0  0  0  0  0  0  0  0  0  0  0  0  0  0  0  0  0  0  0  0  0  0  0  0  0  0  0  0  0  0  0  0  0  0  0  0  0  0  0  0  0  0  0  0  0  0  0  0  0  0  0  0  6  0  0  0  0  0  0  0  0  0  
840  0  0  0  9  5  0  0  0  0  0  898  17654  20816  13  0  0  227  0  0  0  0  0  253  0  0  0  0  1  0  0  0  0  0  0  0  0  0  0  2119  1  0  0  0  2  0  7136  7  14246  0  0  662  15  0  0  0  0  0  0  0  0  6102  5  538  0  4  1  154  0  0  0  0  0  0  0  0  0  0  0  0  0  0  0  0  0  0  0  0  0  0  0  0  0  0  0  0  0  0  0  0  0  0  0  0  0  0  0  0  0  0  0  0  0  0  0  0  0  0  0  0  0  0  0  0  0  0  0  0  0  0  0  0  0  0  0  0  0  0  0  0  0  0  0  0  0  0  0  0  0  0  0  0  674  20  0  0  0  0  0  0  
71  0  0  0  0  0  0  0  0  0  0  42681  1350  56013  5  0  0  258  0  0  0  0  0  15  0  1  0  0  2  0  0  0  0  0  0  0  0  0  5773  0  16  0  0  0  6  0  23  5  32632  0  0  522  7  0  0  0  0  0  0  0  0  814  1  53  0  0  3  955  0  0  0  0  0  0  0  0  0  0  0  0  0  0  0  0  0  0  0  0  0  0  0  0  0  0  0  0  0  0  0  0  0  0  0  0  0  0  0  0  0  0  0  0  0  0  0  0  0  0  0  0  0  0  0  0  0  0  0  0  0  0  0  0  0  0  0  0  0  0  0  0  0  0  0  0  0  0  0  0  0  0  0  0  354  4  0  0  0  0  0  0  
43  0  0  5769  0  1  1  0  1  0  0  100  0  10  2  1  16115  11  8  1  0  0  1  0  1887  94181  14  185  86  1  0  0  13394  657  2  47607  0  0  0  1  0  0  14  4  4196  0  3  99156  41360  0  0  1886  12  0  2380  5762  46  4  0  0  2  91  0  0  115  0  6855  824  26  0  124  0  4842  19430  0  0  0  0  0  0  0  0  0  0  0  0  0  0  0  0  0  0  0  0  0  0  0  0  0  0  0  0  0  0  0  0  0  0  0  0  0  0  0  0  0  0  0  0  0  0  0  0  0  0  0  0  0  0  0  0  0  0  0  0  0  0  0  0  0  0  0  0  0  0  0  0  0  0  348  0  127  226  46925  3059  0  0  0  0  0  0  
0  77725  0  0  0  0  0  0  0  0  36055  0  0  0  0  0  0  0  43424  21631  110  33209  0  0  0  0  0  0  0  0  0  0  0  0  0  0  0  0  0  0  0  0  0  41181  0  0  0  0  0  0  2710  0  0  0  0  0  40016  0  0  0  158  0  0  0  0  0  0  0  0  0  0  0  2  0  0  0  0  0  0  0  0  0  0  0  366  0  0  0  0  0  0  0  0  0  0  81  0  0  0  0  0  0  0  0  0  0  0  0  0  0  0  0  0  0  0  184  0  42  0  0  0  0  0  0  0  0  0  0  0  0  0  0  0  0  0  0  0  0  0  0  0  0  0  0  0  0  0  0  0  0  0  0  0  0  0  0  0  0  0  0  
0  0  0  0  0  0  0  0  0  0  0  0  13  0  0  0  62  0  0  0  2  0  63030  25  0  1  0  0  0  0  0  0  0  33436  40117  18  40086  18131  0  0  7  0  0  0  0  0  0  4412  0  19192  0  0  0  0  1  0  0  0  51  2  39  0  0  0  0  0  0  0  0  0  0  2928  1391  0  0  0  0  0  0  0  0  0  0  0  0  0  0  0  0  0  0  0  0  0  0  0  0  0  0  0  0  0  0  0  0  0  0  0  0  0  0  0  0  0  0  0  0  0  0  0  0  0  0  0  0  0  0  0  0  0  0  0  0  0  0  0  0  0  0  0  0  0  0  0  0  0  0  0  43169  0  719  0  0  0  0  0  0  0  0  0  
0  124  0  0  0  0  74  221  464  22657  102931  0  0  0  0  0  0  0  7159  9525  2  143231  9810  0  207  0  0  0  0  7900  0  0  1  0  0  2  0  0  0  0  3  34867  0  0  2  0  0  3  0  0  61  0  0  0  12  23  23083  14028  4  0  4554  0  0  0  88893  935  7  0  3  0  144  0  1583  0  0  0  0  0  0  0  0  0  0  0  16  0  0  0  0  0  0  0  0  0  1  305  0  0  0  0  0  0  0  0  0  0  0  0  0  0  0  0  0  0  0  73  0  8  0  0  0  0  0  0  0  0  0  0  0  0  0  0  0  0  0  0  0  0  0  0  0  0  0  0  0  0  0  0  0  0  244  114  13  5  0  0  0  1  0  0  
35  0  45506  37483  0  0  257  3254  4518  131  0  2164  0  3  133  4413  40  3  4  1  0  0  0  0  128  3150  1380  196672  224132  103  0  0  2  0  0  11  0  0  0  0  2547  0  0  8  0  26216  0  1067  44415  0  0  645  11  319  309  3725  4  1  0  0  0  34  0  0  38  47  177281  68487  36506  0  1882  0  237  0  0  0  0  0  0  0  0  0  0  0  0  0  0  0  0  0  0  0  0  0  0  0  0  0  0  0  0  0  0  0  0  0  0  0  0  0  0  0  0  0  0  0  0  0  0  0  0  0  0  0  0  0  0  0  0  0  0  0  0  0  0  0  0  0  0  0  0  0  0  0  0  0  0  0  4  237  1  3749  22264  3792  0  0  0  0  0  0  
0  0  47818  0  0  1  210  26311  35805  4  0  0  0  0  0  10588  0  0  0  3  0  0  0  0  1  0  13444  2361  12490  59799  0  0  0  0  0  0  0  0  0  0  0  0  0  0  33057  0  0  0  0  0  0  0  0  1412  2  8751  0  1  0  0  0  0  0  0  11  0  47465  0  13463  0  24028  0  0  0  0  0  192  0  0  0  0  1  106  0  0  0  0  0  0  22  0  0  0  0  0  0  0  0  0  0  0  0  0  148  0  0  0  0  0  0  0  0  0  0  0  0  0  0  0  423  0  0  0  0  0  0  0  0  0  0  0  0  0  0  0  0  0  0  0  1  0  0  0  0  156  0  0  0  0  192  0  4  7  4  0  0  0  0  0  0  
2250  0  0  0  5  20  1  0  0  0  0  67  10890  491  46  0  0  38528  0  0  0  0  0  42900  0  0  0  0  9  0  53  61  0  8  1  0  0  0  9463  42  6  0  3  0  14  0  0  2075  8316  0  0  690  51  0  0  0  0  0  0  0  0  7844  9879  18910  0  3  0  59  0  1  0  0  0  0  0  0  0  0  0  0  0  0  0  0  0  0  0  0  0  0  0  0  0  0  0  0  0  0  0  0  0  0  0  0  0  0  0  0  0  0  0  0  0  0  0  0  0  0  0  0  0  0  0  0  0  0  0  0  0  0  0  0  0  0  0  0  0  0  0  0  0  0  0  0  0  0  0  0  19  0  0  4  64319  33  0  0  0  0  0  0  
2  0  0  40  0  0  0  0  0  0  0  24  9  0  0  0  53638  6948  1  0  0  0  2338  3311  84  194  1  2  11  0  1  2  59925  36699  58100  3222  41  933  1  0  46066  0  10333  0  247  0  5557  0  287  36  0  9  1  0  393  85  5  0  9  1  0  2  5243  0  12  0  382  37  2  0  13  571  89100  21435  0  0  0  0  0  0  0  0  0  0  0  0  0  0  0  0  0  0  0  0  0  0  0  0  0  0  0  0  0  0  0  0  0  0  0  0  0  0  0  0  0  0  0  0  0  0  0  0  0  0  0  0  0  0  0  0  0  0  0  0  0  0  0  0  0  0  0  0  0  0  0  0  0  0  7422  0  353  2521  137615  706  0  0  0  2  0  0  
1590  0  0  33949  12  37  35  4  6  0  0  52159  140  7095  283  0  26697  57082  4  1  0  0  1  79  139  7137  9  908  656  1  0  0  33  11  16  37  0  0  17561  22209  36130  0  0  2  34609  0  7511  4121  0  0  0  27770  390  26  539  726  22  3  0  0  0  6304  1  166  55  15  4143  43600  731  1  48  0  657  2  0  0  0  0  0  0  0  0  0  0  0  0  0  0  0  0  0  0  0  0  0  0  0  0  0  0  0  0  0  0  0  0  0  0  0  0  0  0  0  0  0  0  0  0  0  0  0  0  0  0  0  0  0  0  0  0  0  0  0  0  0  0  0  0  0  0  0  0  0  0  0  0  0  0  6  50  1  48  155165  391  0  0  0  0  0  0  
0  0  0  0  0  0  0  0  0  0  0  0  0  0  0  0  0  0  4  0  23470  0  28268  0  0  0  0  0  0  0  0  0  0  46  11  1  37068  8469  0  0  0  0  18340  0  0  0  0  10  0  0  0  0  0  0  7  0  0  0  2126  43646  17246  0  0  0  0  0  0  0  0  0  0  3156  1680  0  0  0  0  0  0  0  0  0  0  0  0  0  0  0  0  0  0  0  0  0  0  0  0  0  0  0  0  0  0  0  0  0  0  0  0  0  0  0  0  0  0  0  0  0  0  0  0  0  0  0  0  0  0  0  0  0  0  0  0  0  0  0  0  0  0  0  0  0  0  0  0  0  0  0  17  0  558  0  0  0  0  0  0  0  0  0  
0  24391  0  0  0  0  0  0  0  0  1  0  0  0  0  0  0  0  20  0  17184  25478  0  0  0  0  0  0  0  0  0  0  0  0  0  0  0  0  0  0  0  3163  0  410  0  0  0  0  0  0  0  0  0  0  0  0  3221  0  4  0  25291  0  0  0  0  0  0  0  0  0  0  0  0  0  0  0  0  0  0  0  0  0  0  0  0  0  0  0  0  0  0  0  0  0  0  4  0  0  0  0  0  0  0  0  0  0  0  0  0  0  0  0  0  0  0  0  0  0  0  0  0  0  0  0  0  0  0  0  0  0  0  0  0  0  0  0  0  0  0  0  0  0  0  0  0  0  0  0  0  0  0  0  0  0  0  0  0  0  0  0  
4682  0  0  1  26  1182  7  0  0  0  0  45250  2  57705  161367  34  0  18  0  0  0  0  0  14  1  23  0  0  228  0  0  0  3  0  0  1  0  0  137  47  268  0  0  0  454  0  16  655  9067  0  0  0  30822  10479  1  3  0  0  0  0  0  13100  5  32  0  803  33  71871  52  5  0  0  0  0  0  0  0  0  0  0  0  0  0  0  0  0  0  0  0  0  0  0  0  0  0  0  0  0  0  0  0  0  0  0  0  0  0  0  0  0  0  0  0  0  0  0  0  0  0  0  0  0  0  0  0  0  0  0  0  0  0  0  0  0  0  0  0  0  0  0  0  0  0  0  0  0  0  0  0  10210  0  440  118601  1609  0  0  0  0  0  0  
28589  0  0  0  26819  45669  299  0  0  0  0  27  0  22  237067  25350  0  1  0  0  0  0  0  22  0  0  0  0  2  0  4  3  0  0  0  0  0  0  1  0  4  0  0  0  4  0  4  6  208  0  0  39474  0  34996  0  0  0  0  0  0  0  631  48  9  0  1009  0  483  2  252  0  0  0  0  0  0  0  0  0  0  0  0  0  0  0  0  0  0  0  0  0  0  0  0  0  0  0  0  0  0  0  0  0  0  0  0  0  0  0  0  0  0  0  0  0  0  0  0  0  0  0  0  0  0  0  0  0  0  0  0  0  0  0  0  0  0  0  0  0  0  0  0  0  0  0  0  0  0  0  7804  0  0  1164  9  0  0  0  0  0  0  
92  0  4  0  183  25606  37371  2316  668  13  0  0  0  0  149825  209655  0  0  0  0  0  0  0  3  0  0  7  3  1883  1  0  0  0  0  0  0  0  0  0  0  0  0  0  1  196  618  0  0  1  0  0  7800  46211  0  0  20  0  0  0  0  0  4  1  0  1  25  34  15946  45576  40  35  0  0  0  0  0  0  0  0  0  0  0  0  0  0  0  0  0  0  0  0  0  0  0  0  0  0  0  0  0  0  0  0  0  0  0  0  0  0  0  0  0  0  0  0  0  0  0  0  0  0  0  0  0  0  0  0  0  0  0  0  0  0  0  0  0  0  0  0  0  0  0  0  0  0  0  0  0  0  141396  0  100  2221  289  0  0  0  0  0  0  
0  0  0  0  0  0  0  1  0  0  0  1  0  0  0  0  0  0  16  1  3  0  0  0  78698  40403  13  2  32  5  0  0  8  859  1  27563  0  3  0  0  2178  0  2  2  557  2  0  2193  82  0  0  12  0  1  0  8148  46  4  13  0  10  1  0  0  347  0  220  179  22  0  661  1  39360  40  0  0  0  0  0  0  0  0  0  0  0  0  0  0  0  0  0  0  0  0  0  0  0  0  0  0  0  0  0  0  0  0  0  0  0  0  0  0  0  0  0  0  0  0  0  0  0  0  0  0  0  0  0  0  0  0  0  0  0  0  0  0  0  0  0  0  0  0  0  0  0  0  0  0  35  1  9  30  2116  224  0  0  0  0  0  0  
0  0  4  4  0  0  48  889  553  13  0  2  0  0  2  13  0  0  2773  7568  0  0  0  0  111619  39263  222493  227  1982  21774  0  0  4  0  0  10657  0  0  0  0  9876  0  0  23  4704  3079  0  975  341  0  0  39  0  281  4278  0  24  30163  0  0  0  1  0  0  82510  10  119786  220  6310  0  42645  0  1046  7  0  0  0  0  0  0  0  0  0  0  0  0  0  0  0  0  0  0  0  0  0  0  0  0  0  0  0  0  0  0  0  0  0  0  0  0  0  0  0  0  0  0  0  0  0  0  0  0  0  0  0  0  0  0  0  0  0  0  0  0  0  0  0  0  0  0  0  0  0  0  0  0  0  0  12  90  0  353  2418  518  0  0  0  0  0  0  
0  18968  0  0  0  0  0  0  0  0  533  0  0  0  0  0  0  0  182673  2896  2894  2912  0  0  230  0  0  0  1  1  0  0  0  0  0  1  0  0  0  0  0  46024  0  14475  4  0  0  0  0  0  590  0  0  0  87  18  0  1527  17349  5  6776  0  0  0  2552  0  11  3  0  0  28  0  10229  0  0  0  0  0  0  0  0  0  0  0  0  0  0  0  0  0  0  0  0  0  0  0  0  0  0  0  0  0  0  0  0  0  0  0  0  0  0  0  0  0  0  0  0  0  0  0  0  0  0  0  0  0  0  0  0  0  0  0  0  0  0  0  0  0  0  0  0  0  0  0  0  0  0  0  0  0  0  18  16  5  0  0  0  0  0  0  
0  1  0  0  0  0  0  0  0  0  847  0  0  0  0  0  0  0  91732  45886  0  1569  0  0  9319  3  557  0  3  43  0  0  0  0  0  0  0  0  0  0  5  15  0  18915  22  0  0  2  5  0  0  0  0  2  99  39359  1471  0  0  0  147  0  0  0  61634  0  404  5  15  0  1206  0  1386  0  0  0  0  0  0  0  0  0  0  0  0  0  0  0  0  0  0  0  0  0  0  0  0  0  0  0  0  0  0  0  0  0  0  0  0  0  0  0  0  0  0  0  0  0  0  0  0  0  0  0  0  0  0  0  0  0  0  0  0  0  0  0  0  0  0  0  0  0  0  0  0  0  0  0  0  0  0  427  71  125  0  0  0  0  0  0  
0  21878  0  0  0  0  0  0  0  0  0  0  0  0  0  0  0  0  58478  0  13370  4  0  0  85  3  0  0  0  0  0  0  0  3  0  0  25167  15018  0  0  0  5  2  0  0  0  0  10  0  105  16  0  0  0  156  0  13375  0  0  12647  9777  0  0  0  0  0  0  0  0  0  0  18785  10673  0  0  0  0  0  0  0  0  0  0  0  0  0  0  0  0  0  0  0  0  0  0  0  0  0  0  0  0  0  0  0  0  0  0  0  0  0  0  0  0  0  0  0  0  0  0  0  0  0  0  0  0  0  0  0  0  0  0  0  0  0  0  0  0  0  0  0  0  0  0  0  0  0  0  0  0  0  0  0  1  0  0  0  0  0  0  0  
0  7739  0  0  0  0  0  0  0  0  0  0  0  0  0  0  0  0  805  0  66563  0  37  0  0  0  0  0  0  0  0  0  0  3  0  0  53453  439  0  0  0  0  15  0  0  0  0  0  0  24595  0  0  0  0  6  0  1  0  24742  0  2746  0  0  0  0  0  0  0  0  0  0  32993  69  0  0  0  0  0  0  0  0  0  0  0  0  0  0  0  0  0  0  0  0  0  0  0  0  0  0  0  0  0  0  0  0  0  0  0  0  0  0  0  0  0  0  0  0  0  0  0  0  0  0  0  0  0  0  0  0  0  0  0  0  0  0  0  0  0  0  0  0  0  0  0  0  0  0  0  0  0  10  0  0  0  0  0  0  0  0  0  
0  14472  0  0  0  0  0  0  0  0  2  0  0  0  0  0  0  0  1170  91  130818  114031  37803  0  1  4  0  0  0  0  0  0  0  1  0  3  14  5  0  0  0  136  34  6286  0  0  0  6  0  7041  21643  0  0  0  47  0  10577  112  17058  1551  0  0  0  0  7  0  0  0  0  0  0  56  700  0  0  0  0  0  0  0  0  0  0  0  0  0  0  0  0  0  0  0  0  0  0  2  0  0  0  0  0  0  0  0  0  0  0  0  0  0  0  0  0  0  0  1  0  0  0  0  0  0  0  0  0  0  0  0  0  0  0  0  0  0  0  0  0  0  0  0  0  0  0  0  0  0  0  0  1  0  29478  0  0  0  0  0  0  1  0  0  
28554  0  0  0  10  99  0  0  0  0  0  538  9486  44342  27462  0  0  5  0  0  0  0  0  29895  0  1  0  0  3  0  1  0  0  0  0  0  0  0  8778  175  6  0  0  0  7  0  251  12  4373  0  0  12786  823  0  0  0  0  0  0  0  0  0  13  14893  0  23  0  156  0  5  0  0  0  0  0  0  0  0  0  0  0  0  0  0  0  0  0  0  0  0  0  0  0  0  0  0  0  0  0  0  0  0  0  0  0  0  0  0  0  0  0  0  0  0  0  0  0  0  0  0  0  0  0  0  0  0  0  0  0  0  0  0  0  0  0  0  0  0  0  0  0  0  0  0  0  0  0  0  0  3  0  0  4059  22  0  0  0  0  0  0  
9700  0  0  0  38  851  1  0  0  0  0  0  6  0  7  5  1867  23449  0  0  0  0  8028  107548  0  0  0  0  0  0  72790  26527  0  1  0  0  0  0  1  0  0  0  1  0  0  0  10168  1525  0  0  0  6  11  0  0  0  0  0  0  0  0  209  0  38135  0  0  0  0  0  36916  0  0  0  0  0  0  0  0  0  0  0  0  0  0  0  0  0  0  0  0  0  0  0  0  0  0  0  0  0  0  0  0  0  0  13  1  0  0  0  0  0  0  0  0  0  0  0  0  0  0  0  0  0  0  0  0  0  0  0  0  0  0  0  0  0  0  0  0  0  0  0  0  0  1  0  0  0  0  4968  1  91  147  52084  5902  0  2  0  0  0  0  
29369  0  0  0  206  2276  0  0  0  0  0  43  241  529  27  102  0  3  0  0  0  0  0  152686  0  1  0  0  0  0  89  115  0  0  0  0  0  0  568  35  0  0  0  0  0  0  11793  2  281  0  0  149  20  0  0  0  0  0  0  0  0  44390  51905  0  0  3  0  30  0  777  0  0  0  0  0  0  0  0  0  0  0  0  0  0  0  0  0  0  0  0  0  0  0  0  0  0  0  0  0  0  0  0  0  0  0  0  0  0  0  0  0  0  0  0  0  0  0  0  0  0  0  0  0  0  0  0  0  0  0  0  0  0  0  0  0  0  0  0  0  0  0  0  0  0  0  0  0  0  0  3  0  0  15576  3520  0  0  0  0  0  0  
1  0  0  0  0  0  53  187  1080  1098  100965  0  0  0  0  0  0  0  2763  53998  0  300  3  0  3972  7  27844  3  22  93427  0  0  1  0  0  0  0  0  0  0  7  0  0  65010  201  12  0  3  13  0  1  1  0  2  629  71153  4762  49563  0  0  12  1  0  0  0  17  409  47  28  0  19497  0  9660  0  0  0  0  0  0  0  0  0  0  0  272  0  0  0  0  0  0  0  0  1  0  7  0  0  0  0  1  0  0  1  0  0  0  0  0  0  0  0  0  0  0  0  0  1  0  0  0  0  0  0  0  0  0  0  0  0  0  0  0  0  0  0  0  0  1  0  0  0  0  0  0  0  0  0  0  0  0  276  514  120  0  0  0  0  0  0  
417  0  0  0  9  64980  50549  32702  67833  97336  0  0  0  0  6  1782  0  0  0  0  0  0  122  1  0  0  0  1  57  168  2  20050  0  0  0  0  0  0  0  0  0  0  0  353  15  0  0  1  5  0  0  753  148  34  0  2  0  0  0  0  0  29  9  1  139  0  3  20  105  4976  1251  0  0  0  0  0  0  0  0  470  962  2149  424  64  2  0  0  0  0  1  0  0  0  0  0  4  0  0  0  0  0  0  0  14  1  102  0  0  0  0  0  0  0  0  0  0  0  0  0  1  0  0  0  0  0  0  0  0  0  0  0  0  0  0  0  0  0  0  0  14142  0  0  0  10  18  0  0  0  0  73064  0  2211  192  13  0  14  1  10  1  0  
38  0  22278  6923  0  0  49  2603  2200  17  0  107  0  2  15  336  6  2  81  3  0  0  0  0  849  136142  105863  126580  2737  29765  0  0  5  0  0  1283  0  0  0  0  5720  0  0  5  158369  46002  1  861  6233  0  0  679  13  301  534  125845  12  23  0  0  0  46  0  2  150  9  0  688  7022  0  7307  0  797  0  0  0  0  0  0  0  0  0  0  0  0  0  0  0  0  0  0  0  0  0  0  0  0  0  0  0  0  0  0  0  0  0  0  0  0  0  0  0  0  0  0  0  0  0  0  0  0  0  0  0  0  0  0  0  0  0  0  0  0  0  0  0  0  0  0  0  0  0  0  0  0  0  0  0  1  83  0  4135  10918  5024  0  0  0  0  0  0  
115  0  0  19042  0  14  58  8  17  1  0  41263  0  22  57387  1  0  0  0  0  0  0  0  0  5  63  1  5  131700  0  0  0  0  0  0  1  0  0  8  90  432  0  0  0  71572  0  1  599  31734  0  0  71210  284  17522  6  34  0  0  0  0  0  172  0  2  0  4  264  0  11162  0  2  0  2  0  0  0  0  0  0  0  0  0  0  0  0  0  0  0  0  0  0  0  0  0  0  0  0  0  0  0  0  0  0  0  0  0  0  0  0  0  0  0  0  0  0  0  0  0  0  0  0  0  0  0  0  0  0  0  0  0  0  0  0  0  0  0  0  0  0  0  0  0  0  0  0  0  0  0  0  2908  0  2736  37705  8534  0  0  0  0  0  0  
0  0  4492  0  0  1  6519  55442  13570  273  0  0  0  0  8795  51036  0  0  0  0  0  0  0  0  5  0  337  578  157149  20  0  0  0  0  0  0  0  0  0  0  1  0  0  11  49888  4122  0  0  7  0  0  161  3  53488  0  966  0  1  0  0  0  0  0  0  12  217  2804  7889  0  0  708  0  3  0  0  0  0  0  0  0  0  0  0  0  0  0  0  0  0  0  0  0  0  0  0  0  0  0  0  0  0  0  0  0  0  0  0  0  0  0  0  0  0  0  0  0  0  0  0  0  0  0  0  0  0  0  0  0  0  0  0  0  0  0  0  0  0  0  0  0  0  0  0  0  0  0  0  0  0  1380  0  939  2514  1785  0  0  0  0  0  0  
7867  0  0  0  18009  53787  1  0  0  0  0  1  0  1  61  10543  0  0  0  0  0  0  0  19361  0  0  0  0  0  0  46098  14043  0  0  0  0  0  0  0  0  0  0  0  0  0  0  0  0  6  0  0  106  81  6  0  0  0  0  0  0  0  11  44484  1072  0  3953  0  2  0  0  0  0  0  0  1  0  0  0  2  106  0  0  0  0  0  0  0  0  0  22  0  0  0  0  0  0  0  0  0  0  0  0  0  0  192  6  0  0  0  0  0  0  0  0  0  0  0  0  0  0  0  0  0  0  0  0  0  0  0  0  0  0  0  0  0  0  0  0  0  2  0  0  0  210  0  0  0  0  0  13  0  1  312  382  0  2  0  0  0  1  
0  0  0  0  0  0  458  769  58274  33  0  0  0  0  0  5  0  0  731  405  0  0  0  0  2094  11  20689  348  456  128662  0  0  0  0  0  3  0  0  0  0  17  0  0  47  6978  23846  0  6  23  0  0  2  0  13  1412  53601  45  392  0  0  0  0  0  0  14462  212  9690  47  192  0  0  0  1875  0  0  0  0  0  0  0  0  0  44  0  14  0  0  0  0  0  0  0  0  0  0  0  0  0  0  0  0  0  0  529  0  0  0  0  0  0  0  0  0  0  0  0  0  0  0  0  0  0  0  0  0  0  0  0  0  0  0  0  0  0  0  0  0  0  1  1  0  0  0  0  478  0  0  0  0  3  0  159  689  129  0  0  0  0  0  0  
0  8250  0  0  0  0  0  0  0  0  0  0  0  0  0  0  1  0  1145  0  344  0  0  0  0  0  0  0  0  0  0  0  0  753  423  0  165112  133057  0  0  0  0  5238  0  0  0  0  396  0  2166  0  0  0  0  22  0  1  0  22085  32088  131  0  0  0  0  0  0  0  0  0  0  0  20571  0  0  0  0  0  0  0  0  0  0  0  0  0  0  0  0  0  0  0  0  0  0  0  0  0  0  0  0  0  0  0  0  0  0  0  0  0  0  0  0  0  0  0  0  0  0  0  0  0  0  0  0  0  0  0  0  0  0  0  0  0  0  0  0  0  0  0  0  0  0  0  0  0  0  0  0  0  4  0  0  0  0  0  0  0  0  0  
0  20  0  1  0  0  1  0  1  0  1  0  0  0  1  0  8  0  78514  15  113  43  4  0  130439  5832  5  0  139  10  0  0  9438  113956  35438  21110  648  172183  0  0  6649  8  2914  846  947  0  0  90913  58  127  0  11  0  1  82106  494  15535  6211  11200  26  659  0  0  0  12939  0  504  552  38  0  1172  17311  0  9766  0  0  0  0  0  0  0  0  0  0  0  0  0  0  0  0  0  0  0  0  0  0  0  0  0  0  0  0  0  0  0  0  0  0  0  0  0  0  0  0  0  0  0  0  0  0  0  0  0  0  0  0  0  0  0  0  0  0  0  0  0  0  0  0  0  0  0  0  0  0  0  0  0  0  47  1  207  225  5116  700  0  0  0  0  0  0  
0  0  0  15  0  0  0  0  0  0  0  0  0  0  0  0  0  0  0  0  0  0  0  0  5  1073  0  0  0  0  0  0  24122  23186  4  14842  0  0  0  0  14736  0  3  0  2  0  0  22299  1  0  0  0  0  0  260  2  0  0  0  0  0  0  0  0  0  0  1  0  0  0  0  0  11730  0  0  0  0  0  0  0  0  0  0  0  0  0  0  0  0  0  0  0  0  0  0  0  0  0  0  0  0  0  0  0  0  0  0  0  0  0  0  0  0  0  0  0  0  0  0  0  0  0  0  0  0  0  0  0  0  0  0  0  0  0  0  0  0  0  0  0  0  0  0  0  0  0  0  0  44  0  20  5  1  0  0  0  0  0  0  0  
1  0  0  0  7  0  0  0  0  0  0  0  0  0  0  0  0  0  0  0  0  0  0  0  0  0  0  0  0  0  16  0  0  0  0  0  0  0  0  0  0  0  0  0  0  0  0  0  0  0  0  0  0  0  0  0  0  0  0  0  0  0  0  0  0  0  0  0  0  2  0  0  0  0  0  0  0  0  61109  20872  44  0  0  0  0  1  0  9  33104  7134  0  0  0  0  0  0  0  113598  0  0  0  0  0  0  17926  4  0  0  0  0  0  0  1  2  0  0  0  0  0  0  11  0  4  0  0  168  27351  336  0  0  0  0  0  0  0  9829  273  8889  0  3  0  0  1  15932  0  0  0  0  0  0  0  0  0  0  0  1043  0  0  758  0  
0  0  0  0  0  0  0  0  0  0  0  0  0  0  0  0  0  0  0  0  0  0  0  0  0  0  0  0  0  0  0  0  0  0  0  0  0  0  0  0  0  0  0  0  0  0  0  0  0  0  0  0  0  0  0  0  0  0  0  0  0  0  0  0  0  0  0  0  0  0  0  0  0  0  0  0  0  0  0  0  0  0  0  0  0  0  0  0  0  0  0  0  67544  210  16818  170  0  0  0  0  0  0  0  0  0  0  0  0  0  0  7995  44  0  0  0  26090  2  731  0  0  0  0  0  8  16060  0  0  0  0  0  16818  604  49292  88023  10593  0  0  0  2  0  0  0  0  0  0  53  5  0  0  0  0  0  0  0  0  0  0  0  0  0  
0  0  3505  0  0  0  1  74  1  0  0  0  0  0  0  920  0  0  0  0  0  0  0  0  0  0  3  0  0  78  0  0  0  0  0  0  0  0  0  0  0  0  0  0  0  196  0  0  0  0  0  0  0  0  0  0  0  0  0  0  0  0  0  0  0  0  0  0  0  0  0  0  0  0  0  0  0  0  0  0  3  211  47  15  0  0  0  0  0  61184  0  0  0  0  0  0  0  0  0  0  20122  22341  43866  9567  0  0  0  0  0  0  0  0  0  0  0  0  0  0  42718  50421  0  0  0  0  0  0  0  3  0  8  0  0  0  0  0  0  0  0  1  5  23547  0  7213  0  35  0  0  0  0  0  0  0  0  0  0  0  0  0  0  0  
0  0  0  0  0  0  0  0  0  0  0  0  0  0  0  0  0  0  0  0  0  0  0  0  0  0  0  0  0  0  0  0  0  0  0  0  0  0  0  0  0  0  0  0  0  0  0  0  0  0  0  0  0  0  0  0  0  0  0  0  0  0  0  0  0  0  0  0  0  0  0  0  0  0  0  0  0  0  0  1  3  2  1  0  0  36541  0  14  1  0  2  3  0  1  0  0  0  0  6  53432  20  33300  34515  1  0  0  648  550  5  184  0  0  14  32  23669  0  1  0  50480  1  3  453  60237  0  0  47  0  43  33  658  0  1  0  0  0  2  0  2  56  1  1755  27223  34  0  3  0  11  245  0  0  0  0  0  0  1  18  0  3  227  1  
0  0  0  0  7  1  0  0  0  0  0  0  0  0  0  55  0  0  0  0  0  0  0  0  0  0  0  0  0  0  2  0  0  0  0  0  0  0  0  0  0  0  0  0  0  0  0  0  0  0  0  0  0  0  0  0  0  0  0  0  0  0  0  0  0  0  0  0  0  4  0  0  0  0  55849  0  0  0  0  22200  335  0  0  0  0  0  0  0  3017  124104  0  0  0  0  0  0  0  790  0  0  0  0  0  0  303  0  0  0  0  0  0  0  0  0  0  0  0  0  1  0  0  0  0  0  0  3  78162  2889  0  1  0  0  0  0  0  1  72  398  0  1  0  4  0  13971  0  0  0  0  0  0  0  0  0  0  0  158  0  0  18  0  
0  0  0  0  1  1402  188  16  7  0  0  0  0  0  0  1209  0  0  0  0  0  0  0  0  0  0  0  0  0  0  213  154  0  0  0  0  0  0  0  0  0  0  0  0  0  0  0  0  0  0  0  0  1  0  0  0  0  0  0  0  0  0  1  0  0  473  0  0  0  793  0  0  0  0  33101  0  0  0  44500  0  41767  626  17  0  0  1  0  1  290  155792  0  0  0  0  0  0  0  4823  0  0  2  0  5  0  97  7686  0  0  0  0  0  0  0  0  0  0  0  0  82  0  0  0  18  0  0  7131  35428  22068  0  4  0  0  0  0  0  216  14523  3535  2  57383  4  524  78  57341  3  0  0  0  0  124  0  0  0  0  0  9108  0  1  461  7  
0  0  0  0  0  25  2853  748  67  0  0  0  0  0  0  971  0  0  0  0  0  0  0  0  0  0  0  0  0  0  0  0  0  0  0  0  0  0  0  0  0  0  0  0  0  0  0  0  0  0  0  0  0  0  0  0  0  0  0  0  0  0  0  0  0  743  0  0  0  0  0  0  0  0  53  0  0  3  285  54265  0  56055  1127  44  0  0  0  0  93  119977  0  0  0  0  0  0  0  2  0  0  9  1  75  0  0  1  0  0  0  0  0  0  0  0  2  0  0  1  317  13  0  1  70  0  0  4015  3279  47594  0  23  0  1  0  0  0  11  0  0  2  31596  21  2370  642  0  124  0  0  0  0  67  0  0  0  0  0  234  0  0  200  2  
0  0  0  0  0  0  1252  4201  1283  0  0  0  0  0  0  400  0  0  0  0  0  0  0  0  0  0  0  0  0  0  0  0  0  0  0  0  0  0  0  0  0  0  0  0  0  3  0  0  0  0  0  0  0  0  0  0  0  0  0  0  0  0  0  0  0  2070  0  1  0  0  0  0  0  0  0  0  161  0  5  6482  72518  0  25434  134  0  0  0  0  10  117489  0  0  0  6  0  0  0  0  0  0  160  22  9019  68  0  0  0  0  0  0  0  0  0  0  0  0  0  1  3370  29206  0  0  18  0  0  985  501  30842  0  215  0  0  0  0  0  1  0  0  36  36500  248  605  31085  0  457  0  0  0  0  25  0  0  0  0  0  68  0  0  57  0  
0  0  7  0  0  0  0  314  2768  12  0  0  0  0  0  43  0  0  0  0  0  0  0  0  0  0  0  0  0  29  0  0  0  0  0  0  0  0  0  0  0  0  0  0  0  164  0  0  0  0  0  0  0  0  0  0  0  0  0  0  0  0  0  0  0  801  0  0  0  0  36  0  0  0  0  0  5  0  0  1944  3534  16250  0  13340  1  1  0  0  5  503  0  0  0  3  0  0  0  0  4  0  331  44  380  5785  0  0  0  0  0  0  0  0  0  0  4  0  0  500  1824  38782  0  0  6  0  0  328  171  879  0  240  0  1  0  0  0  3  0  0  4012  43610  1775  187  541  0  35756  0  1  0  0  1  0  0  0  0  0  25  6  0  35  2  
0  0  0  0  0  0  0  0  46  74  0  0  0  0  0  0  0  0  0  0  0  0  0  0  0  0  0  0  0  0  0  0  0  0  0  0  0  0  0  0  0  0  0  0  0  0  0  0  0  0  0  0  0  0  0  0  0  0  0  0  0  0  0  0  0  80  0  0  0  0  0  0  0  0  0  0  1  0  0  111  519  38  19076  0  1171  0  0  0  1  40  0  0  0  1  0  338  4555  0  0  0  194  54  222  21042  0  0  0  0  0  1  0  0  0  0  11  0  0  26112  1198  16  0  8  0  0  0  27  12  65  0  120  2  4  0  0  0  0  0  0  9351  29403  3624  9  238  0  602  0  0  0  0  0  0  21  0  0  0  4  8415  223  604  4  
0  0  0  0  0  0  0  0  30  9  3955  0  0  0  0  0  0  0  62  18  0  191  0  0  0  0  25  0  0  1259  0  0  0  0  0  0  0  0  0  0  0  522  0  44  0  0  0  0  0  0  0  0  0  0  0  0  0  0  0  0  0  0  0  0  330  6  0  0  0  0  11  0  0  0  0  0  0  0  0  0  0  0  0  275  0  0  0  0  0  0  0  0  10  89384  0  9396  0  0  0  0  216  0  0  4778  0  0  0  0  0  0  0  0  0  0  0  32119  0  114452  0  0  0  0  0  0  0  0  0  0  0  4  0  7413  0  0  6  0  0  0  91881  0  0  0  0  0  1  0  0  0  0  0  0  0  0  0  0  0  1  0  0  0  
0  0  0  0  0  0  0  0  0  0  0  0  0  0  0  0  0  0  0  0  0  0  0  0  0  0  0  0  0  0  0  0  0  0  0  0  0  0  0  0  0  0  0  0  0  0  0  0  0  0  0  0  0  0  0  0  0  0  0  0  0  0  0  0  0  0  0  0  0  0  0  0  0  0  0  0  0  33677  0  2  1  0  0  0  0  0  0  18500  337  1  0  43  0  0  0  0  0  0  0  40  2  0  4754  0  0  0  551  2796  1556  0  0  0  421  23561  253  0  0  0  393  0  13  53  52835  0  0  16814  0  23  1  28  0  0  0  0  0  33  0  9  1  1  24  60252  16  0  0  0  1  2  0  0  0  0  0  0  0  31  1  0  2083  0  
0  0  0  0  0  0  0  0  0  0  0  0  0  0  0  0  0  0  0  0  0  0  0  0  0  0  0  0  0  0  0  0  0  0  0  0  0  0  0  0  0  0  0  0  0  0  0  0  0  0  0  0  0  0  0  0  0  0  0  0  0  0  0  0  0  0  0  0  0  0  0  0  0  0  3  0  0  0  0  0  0  0  0  0  0  0  0  13010  0  0  0  9  0  0  0  0  0  26907  0  0  0  0  0  0  0  0  0  0  0  0  0  0  14665  0  0  0  0  0  0  0  2254  0  0  0  0  1  0  0  0  0  0  0  0  0  0  10567  0  3262  0  0  0  0  0  0  0  0  0  0  0  0  0  0  0  0  0  0  0  0  6  0  
0  0  0  0  0  0  0  0  0  0  0  0  0  0  0  0  0  0  0  0  0  0  0  0  0  0  0  0  0  0  0  0  0  0  0  0  0  0  0  0  0  0  0  0  0  0  0  0  0  0  0  0  0  0  0  0  0  0  0  0  0  0  0  0  0  0  0  0  0  0  0  0  0  0  45  0  0  9  0  1  0  0  0  0  0  20586  11332  0  1729  0  0  105  0  0  0  0  0  399  0  1  0  0  0  0  0  0  0  34  21  0  0  0  41087  16265  0  0  0  0  18  0  963  3  2074  0  0  53419  1  0  0  1  0  0  0  0  0  9910  0  455  0  0  0  73  1  0  0  0  0  0  0  0  0  0  0  0  0  90  0  0  5809  0  
0  0  0  0  0  0  0  0  0  0  0  0  0  0  0  0  0  0  0  0  0  0  0  0  0  0  0  0  0  0  0  0  0  0  0  0  0  0  0  0  0  0  0  0  0  0  0  0  0  0  0  0  0  0  0  0  0  0  0  0  0  0  0  0  0  0  0  0  0  0  0  0  0  0  37637  0  0  0  405  429  424  24  5  0  0  359  1  2263  0  2089  0  0  0  0  0  0  0  36085  0  0  1  0  29916  0  0  0  0  0  0  0  0  0  0  0  1  0  0  0  78  0  0  1  20  0  0  162092  149612  124119  0  11  0  0  0  0  0  15301  0  0  3  162  1  61031  23997  0  0  0  0  0  0  0  0  0  0  0  0  108  0  0  71  1  
1  0  68  0  16  88  357  1373  4  0  0  0  0  0  1  11626  0  0  0  0  0  0  0  0  0  0  0  0  0  0  10  0  0  0  0  0  0  0  0  0  0  0  0  0  0  32  0  0  0  0  0  0  0  0  0  0  0  0  0  0  0  0  0  0  0  0  0  0  0  23  0  0  0  0  8174  0  52290  1  117906  149961  91778  98818  495  30  0  0  0  0  2087  0  0  0  0  2  0  0  0  208  0  0  36  190  6856  3  2084  0  0  0  0  0  0  0  0  0  0  0  0  1  1420  11211  0  0  1  0  0  129  14698  234240  0  24  0  0  0  0  0  1  17  36  8  333  1042  59  77575  24101  88  0  0  0  0  1  0  0  0  0  0  56  0  0  9  0  
0  0  0  0  0  0  0  0  0  0  0  0  0  0  0  0  0  0  0  0  0  0  0  0  0  0  0  0  0  0  0  0  0  0  0  0  0  0  0  0  0  0  0  0  0  0  0  0  0  0  0  0  0  0  0  0  0  0  0  0  0  0  0  0  0  0  0  0  0  0  0  0  0  0  0  0  0  3  0  0  0  0  0  0  0  3  0  0  1  0  0  65243  0  0  0  0  18837  1687  1  1  81  0  1  1  0  2  507  0  14212  9  0  1  0  0  14375  0  741  0  237  2  328  50179  17647  0  0  2  0  7  0  667  0  0  0  0  0  0  24  1  26  0  345  10  1  0  3  1  18  8  0  0  0  0  0  0  2338  1  11  65  93584  0  
0  0  0  0  0  0  0  0  0  0  0  0  0  0  0  0  0  0  0  0  0  0  0  0  0  0  0  0  0  0  0  0  0  0  0  0  0  0  0  0  0  0  0  0  0  0  0  0  0  0  0  0  0  0  0  0  0  0  0  0  0  0  0  0  0  0  0  0  0  0  0  0  0  0  0  0  0  14  0  0  0  0  1  0  0  178  6  71  1  0  52121  0  0  0  0  0  29666  19215  0  0  25  0  0  0  0  53  199  67  4165  0  0  0  810  1  128  0  10  0  107  1  34031  738  60247  0  0  1  0  3  0  286  0  0  0  0  0  0  2563  3  20  0  148  11  0  0  1  0  0  1  0  0  0  0  0  0  1800  2  6  34  57267  0  
0  0  0  0  0  0  0  0  0  0  0  0  0  0  0  0  0  0  0  0  0  0  0  0  0  0  0  0  0  0  0  0  0  0  0  0  0  0  0  0  0  0  0  0  0  0  0  0  0  0  0  0  0  0  0  0  0  0  0  0  0  0  0  0  0  0  0  0  0  0  0  0  0  0  0  81587  0  0  0  0  0  0  0  0  22  0  0  0  0  0  0  0  0  36444  703  96  0  0  40463  0  0  0  0  0  0  0  0  0  0  0  16  291  0  0  0  46467  0  6210  0  0  0  1  0  2  756  0  0  0  0  9877  204701  138773  41169  2222  5375  0  0  0  35  0  0  0  0  0  0  13  69606  0  0  0  0  0  0  0  0  0  0  0  0  0  
0  0  0  0  0  0  0  0  0  0  18  0  0  0  0  0  0  0  0  0  0  0  0  0  0  0  1  0  0  1  0  0  0  0  0  0  0  0  0  0  0  1  0  0  0  0  0  0  0  0  0  0  0  0  0  0  0  0  0  0  0  0  0  0  0  0  0  0  0  0  0  0  0  0  0  427  0  0  0  0  0  0  1  0  96451  0  0  0  0  0  0  0  30700  0  493  694  0  0  4  0  27568  0  1  332  0  0  0  0  0  1  0  0  0  0  4  59115  0  42377  18  0  0  0  3  0  969  1  0  7  1  12398  814  109659  0  10  1369  0  0  0  47712  0  0  1  7  0  10  0  7  0  0  0  0  0  0  0  0  0  0  0  7  0  
0  0  0  0  0  0  0  0  0  0  0  0  0  0  0  0  0  0  0  0  0  376  0  0  0  0  0  0  0  0  0  0  0  0  0  0  0  0  0  0  0  0  0  1  0  0  0  0  0  0  0  0  0  0  0  0  0  0  0  0  0  0  0  0  0  0  0  0  0  0  0  0  0  0  0  21053  0  0  0  0  0  0  0  0  0  0  0  0  0  0  0  0  442  132  0  1215  13461  0  0  0  0  0  0  0  0  0  0  0  0  0  5373  0  0  0  0  25537  3  231  0  0  0  0  0  46468  42474  0  0  0  0  0  4905  60  841  113057  105392  0  0  0  1  0  0  0  0  0  0  14  5  0  0  0  0  0  0  0  0  0  7  0  0  0  
0  1  0  0  0  0  0  0  4  58  1561  0  0  0  0  0  0  0  0  0  0  8915  0  0  0  0  0  0  0  267  0  0  0  0  0  0  0  0  0  0  0  68  0  173  0  0  0  0  0  0  2  0  0  0  0  0  0  0  0  0  13  0  0  0  8  25  0  0  0  0  0  0  0  0  0  938  0  0  0  0  0  0  0  107  4336  0  0  0  0  0  0  0  388  136  1337  0  8213  0  0  0  0  0  0  19  0  0  0  0  0  0  0  0  0  0  0  105091  0  105393  0  0  0  7  0  0  5382  0  0  0  0  0  250  64  9  1  90173  0  1  0  70  0  0  0  0  0  0  0  0  0  0  0  0  0  0  0  0  0  1524  36  1  0  
0  0  0  0  0  0  0  0  0  0  0  0  0  0  0  0  0  0  0  0  1  0  2  0  0  0  0  0  0  0  0  0  0  0  0  0  0  0  0  0  0  0  0  0  0  0  0  0  0  0  0  0  0  0  0  0  0  0  0  0  0  0  0  0  0  0  0  0  0  0  0  0  0  0  0  0  0  0  0  0  0  0  3  5355  0  0  0  0  0  0  24960  31626  0  0  10355  5949  0  16661  1  0  0  0  0  0  0  67  0  0  31189  0  1354  2  0  0  15  0  56686  7739  0  0  69  5022  165  26786  0  0  0  0  0  0  1  0  1  32  52791  0  7927  0  15  0  1  0  0  0  1  2  9  0  0  0  2  3  0  0  60003  0  95880  1146  3692  4  
1  0  0  0  0  0  0  0  0  0  0  0  0  0  0  0  0  0  0  0  0  0  0  2  0  0  0  0  0  0  116  2  0  0  0  0  0  0  0  0  0  0  0  0  0  0  0  0  0  0  0  0  0  0  0  0  0  0  0  0  0  0  0  0  0  0  0  0  0  0  0  0  0  0  107457  0  0  0  1926  4148  0  0  0  0  0  0  25834  479  14669  77  838  25091  0  0  0  0  12730  0  0  0  0  0  0  0  39517  898  0  1  142  0  0  0  2435  1  0  0  22  0  0  0  48735  59  5  0  0  125  389  0  0  0  0  0  0  0  0  45208  102106  175654  0  0  0  0  0  15751  0  0  0  0  0  0  1  0  0  0  60  2950  17  38  2027  2  
0  0  0  0  0  0  0  0  0  0  0  0  0  0  0  0  0  0  0  0  0  0  0  0  0  0  0  0  0  0  0  0  0  0  0  0  0  0  0  0  0  0  0  0  0  0  0  0  0  0  0  0  0  0  0  0  0  0  0  0  0  0  0  0  0  0  0  0  0  0  0  0  0  0  0  0  0  60  0  0  0  0  1  0  0  11  0  0  0  0  0  0  31669  91  0  0  0  0  0  1325  1017  0  0  60  0  0  0  4  49  18  0  512  1  0  406  0  111  3  372  0  0  1564  115  3  0  4  0  7  19535  135751  15  2168  2  55  51  0  0  0  7065  0  63  266  3  0  100  1  207843  1  0  0  0  0  0  0  14  4  7  3  99  1  
0  0  0  0  0  0  0  0  0  0  0  0  0  0  0  0  0  0  0  0  0  0  0  0  0  0  0  0  0  0  0  0  0  0  0  0  0  0  0  0  0  0  0  0  0  0  0  0  0  0  0  0  0  0  0  0  0  0  0  0  0  0  0  0  0  0  0  0  0  0  0  0  0  0  0  0  0  85810  0  1  0  2  0  0  0  274  0  5  1  0  4  0  0  0  0  1  1  0  1717  0  458  5451  17  0  0  0  1416  17820  27  108396  0  0  3  7  71706  0  34  0  4966  1  0  1977  2164  0  0  24  1  21  67098  21117  1  12  0  1  2  0  0  0  60  0  115445  1782  12  0  3  0  16134  4088  0  0  0  0  0  0  3  12  9  13  725  0  
0  0  0  0  0  0  0  0  0  0  0  0  0  0  0  0  0  0  0  0  0  0  0  0  0  0  5  0  0  23  0  0  0  0  0  0  0  0  0  0  0  0  0  0  0  0  0  0  0  0  0  0  0  0  0  0  0  0  0  0  0  0  0  0  2  0  0  0  0  0  0  0  0  0  0  0  23056  2  0  7  29  87  517  29  212  0  0  0  6  23  0  0  0  24842  0  0  0  0  1069  377  0  1275  345  130062  0  0  0  0  1  1  0  0  0  0  86  0  4  0  2886  22740  0  36  28  0  0  22  0  186  72  255826  1  147  0  0  1  0  0  0  24356  59  70378  98  786  0  11013  0  1517  0  0  0  0  0  0  0  0  60  0  0  280  37  
0  0  13  0  0  0  0  0  0  0  0  0  0  0  0  0  0  0  0  0  0  0  0  0  0  0  0  0  0  1  0  0  0  0  0  0  0  0  0  0  0  0  0  0  0  0  0  0  0  0  0  0  0  0  0  0  0  0  0  0  0  0  0  0  0  0  0  0  0  0  0  0  0  0  0  0  21070  38753  0  0  1  3  179  56  0  3  0  0  1  120  0  0  0  1  0  0  0  0  0  5413  2041  0  7567  5  0  0  0  0  0  0  0  0  0  0  6  0  0  2  182803  620  0  2  48  0  0  1  0  0  0  2095  0  0  0  0  0  0  0  0  0  4  148014  39  102  0  164  0  0  0  0  0  0  0  0  0  0  0  0  1  3  0  
0  0  22  0  0  0  0  0  0  0  0  0  0  0  0  1  0  0  0  0  0  0  0  0  0  0  0  0  0  0  0  0  0  0  0  0  0  0  0  0  0  0  0  0  0  0  0  0  0  0  0  0  0  0  0  0  0  0  0  0  0  0  0  0  0  0  0  0  0  0  0  0  0  0  0  0  31939  38630  0  41  110  6051  1138  271  0  4568  0  0  29532  7128  0  0  0  40  0  0  0  0  0  7  1271  7789  0  40  0  0  0  0  0  0  0  0  0  1  7  0  0  8  183772  5619  0  1  17  0  0  204  1  496  0  658  0  2  0  0  0  0  0  0  175  1471  2542  114324  134828  0  266  0  0  0  0  0  0  0  0  0  0  704  0  0  204  86  
0  0  180  0  0  0  0  2  220  4  1  0  0  0  0  3  0  0  0  0  0  0  0  0  0  0  43  0  0  5929  0  0  0  0  0  0  0  0  0  0  0  0  0  0  0  343  0  0  0  0  0  0  0  0  0  0  0  0  0  0  0  0  0  0  57  22  0  0  0  0  383  0  0  0  0  0  10937  1  0  3  44  103  6422  26320  5852  4  0  1  6  28  0  0  0  1062  0  81  0  0  57  2  158590  30  169  0  0  0  0  0  0  4  0  0  0  1  178  0  0  827  630  50462  0  4  45  0  0  12  0  220  42  15044  1  92  0  0  0  0  0  0  119849  40  785  112  1146  0  150773  0  42  0  0  0  0  0  0  0  0  25  0  0  146  7  
13  0  0  0  17  5  0  0  0  0  0  0  0  0  0  0  0  0  0  0  0  0  0  24  0  0  0  0  0  0  1845  174  0  0  0  0  0  0  0  0  0  0  0  0  0  0  0  0  0  0  0  0  0  0  0  0  0  0  0  0  0  0  4  0  0  0  0  0  0  208  0  0  0  0  14044  0  0  0  212  149  0  0  0  0  0  0  0  0  0  1465  0  0  0  0  0  0  0  36001  0  0  0  0  0  0  0  19605  0  0  0  0  0  0  0  0  0  0  0  0  0  0  0  0  0  0  0  0  0  0  0  0  0  0  0  0  0  0  83842  12  0  0  0  0  0  51438  0  0  0  0  0  0  0  0  0  0  0  35  0  3  11976  115  
1  0  0  0  0  11  0  0  0  20  0  0  0  0  0  0  0  0  0  0  0  0  0  0  0  0  0  0  0  0  0  3649  0  0  0  0  0  0  0  0  0  0  0  0  0  0  0  0  0  0  0  0  0  0  0  0  0  0  0  0  0  0  0  0  0  95  0  0  0  15  0  0  0  0  3  0  0  0  0  10786  1  0  0  0  0  0  0  0  0  0  7  22  0  0  0  0  129  360  0  0  0  0  0  0  19027  0  0  0  2  0  0  0  0  0  0  0  0  0  0  0  137  2  1  0  0  0  0  0  0  0  0  0  0  0  0  0  38467  44  0  17060  0  0  0  7900  0  0  0  0  0  5  0  10  5  107  150  10398  552  3460  53611  8810  
0  0  0  0  0  0  0  0  0  0  0  0  0  0  0  0  0  0  0  0  0  0  0  0  0  0  0  0  0  0  0  0  0  0  0  0  0  0  0  0  0  0  0  0  0  0  0  0  0  0  0  0  0  0  0  0  0  0  0  0  0  0  0  0  0  0  0  0  0  0  0  0  0  0  0  0  0  220  0  0  0  0  0  0  0  326  0  0  0  0  336  34  0  0  0  0  2  0  5  696  0  0  0  0  0  0  0  24317  6058  2915  0  0  0  0  22158  0  1  3  2  0  0  33736  317  0  0  0  0  0  7  1  0  1  0  0  0  0  0  0  5  0  1  1  0  0  0  0  13637  32455  0  0  0  0  0  0  0  0  10  6  28  0  
0  0  0  0  0  0  0  0  0  0  0  0  0  0  0  0  0  0  0  0  0  0  0  0  0  0  0  0  0  0  0  0  0  0  0  0  0  0  0  0  0  0  0  0  0  0  0  0  0  0  0  0  0  0  0  0  0  0  0  0  0  0  0  0  0  0  0  0  0  0  0  0  0  0  0  0  0  698  0  0  0  0  0  0  0  1791  0  22  0  0  1  9  0  0  0  0  0  1  4  17564  0  0  0  0  0  0  19554  0  93507  84758  0  4771  3  0  285  0  10014  0  4  0  0  24741  166  0  0  0  0  0  30  0  0  0  0  0  0  0  0  0  0  0  2  2  0  0  0  1  108002  13389  0  0  0  0  0  0  1  0  0  1  0  0  
0  0  0  0  0  0  0  0  0  0  0  0  0  0  0  0  0  0  0  0  0  0  0  0  0  0  0  0  0  0  0  0  0  0  0  0  0  0  0  0  0  0  0  0  0  0  0  0  0  0  0  0  0  0  0  0  0  0  0  0  0  0  0  0  0  0  0  0  0  0  0  0  0  0  0  0  0  0  0  0  0  0  0  0  0  632  0  12  0  0  13682  4833  0  0  0  0  35736  275  71  1  1  0  0  0  0  0  6418  73529  0  59  1  105  2  0  26  0  65391  0  2  0  28  54543  79  16  0  0  0  0  3  3  0  10  0  6  11  0  15  0  8  0  2  0  0  0  0  3  42946  13  0  0  0  0  0  0  3283  0  5  0  69  0  
0  0  0  0  0  0  0  0  0  0  0  0  0  0  0  0  0  0  0  0  0  0  0  0  0  0  0  0  0  0  0  0  0  0  0  0  0  0  0  0  0  0  0  0  0  0  0  0  0  0  0  0  0  0  0  0  0  0  0  0  0  0  0  0  0  0  0  0  0  0  0  0  0  0  0  0  0  127  0  0  0  0  0  0  0  9  0  1  0  0  0  0  0  0  0  0  0  0  13  97980  3  1  0  0  0  0  1888  60591  44  0  0  4  1  0  45991  0  34  0  422  0  0  2556  147  0  0  1  0  2  23328  1748  0  2  0  2  2  0  0  0  20  0  2084  316  1  0  0  1  17158  36251  0  0  0  0  0  0  9  1  2  7  83  0  
0  0  0  0  0  0  0  0  0  0  0  0  0  0  0  0  0  0  0  0  0  0  0  0  0  0  0  0  0  0  0  0  0  0  0  0  0  0  0  0  0  0  0  0  0  0  0  0  0  0  0  0  0  0  0  0  0  0  0  0  0  0  0  0  0  0  0  0  0  0  0  0  0  0  0  8109  0  0  0  0  0  0  0  0  0  0  0  0  0  0  0  0  3  0  5340  0  792  0  0  0  0  0  0  0  0  0  0  0  0  0  0  21659  0  0  0  0  29232  0  0  0  0  0  0  70220  0  0  0  0  0  0  0  0  15579  65920  2  0  0  0  0  0  0  0  0  0  0  166916  67  0  0  0  0  0  0  0  2  0  0  0  0  0  
0  0  0  0  0  0  0  0  0  0  0  0  0  0  0  0  0  0  0  0  0  0  0  0  0  0  0  0  0  0  0  0  0  0  0  0  0  0  0  0  0  0  0  0  0  0  0  0  0  0  0  0  0  0  0  0  0  0  0  0  0  0  0  0  0  0  0  0  0  0  0  0  0  0  0  48  0  1  0  0  0  0  0  0  0  0  0  0  0  0  1  0  206  0  0  0  0  0  781  0  0  0  0  0  0  0  0  5704  49  3  15327  0  0  0  2  0  26469  0  0  0  0  3  0  10044  0  0  0  0  0  1  0  0  10898  11721  56  0  0  1  1  0  0  0  0  0  0  162950  193937  0  0  0  0  0  0  0  0  0  3  0  0  0  
0  0  0  0  0  0  0  0  0  0  0  0  0  0  0  0  0  0  0  0  0  0  0  0  0  0  0  0  0  0  0  0  0  0  0  0  0  0  0  0  0  0  0  0  0  0  0  0  0  0  0  0  0  0  0  0  0  0  0  0  0  0  0  0  0  0  0  0  0  0  0  0  0  0  45  0  0  17  0  0  1  0  0  0  0  615  14860  46446  0  0  0  392  0  0  0  0  0  3771  0  0  0  0  0  0  0  0  0  14  10  0  0  0  0  8668  1  0  0  0  69  0  25639  1  18968  0  0  182  0  5  0  0  0  0  0  0  0  4827  0  9784  0  0  0  236  1  0  0  0  0  0  0  0  0  0  0  0  0  14  0  0  5675  0  
0  0  0  0  0  0  0  0  0  0  0  0  0  0  0  0  0  0  0  0  0  0  0  0  0  0  0  0  0  0  0  0  0  0  0  0  0  0  0  0  0  0  0  0  0  0  0  0  0  0  0  0  0  0  0  0  0  0  0  0  0  0  0  0  0  0  0  0  0  0  0  0  0  0  17  0  0  32  0  1  0  1  0  0  0  22671  0  22128  0  0  0  4  0  0  0  0  0  0  0  0  0  0  0  0  0  0  0  0  0  0  0  0  6927  0  2  0  0  0  77  0  466  1  11442  0  0  2873  0  3  0  1  0  0  0  0  0  323  0  101  0  0  0  376  4  0  0  0  0  0  0  0  0  0  0  0  0  19  0  0  3101  0  
0  0  0  0  0  0  0  0  0  0  0  0  0  0  0  0  0  0  0  0  0  0  0  0  0  0  0  0  0  0  0  0  0  0  0  0  0  0  0  0  0  0  0  0  0  0  0  0  0  0  0  0  0  0  0  0  0  0  0  0  0  0  0  0  0  0  0  0  0  0  0  0  0  0  1  0  0  22335  0  8  7  9  9  8  0  1433  0  6  32  1  10961  32  1  8  0  0  13  0  224  83053  450  8  13  21  0  0  17900  334  520  50661  1  0  9  18  0  0  381  9  7691  4  1  51875  29562  0  0  120  0  591  4217  17278  3  109  0  4  2  6  0  1  1522  27  6409  4605  81  0  112  2  11988  13536  0  0  0  0  0  0  204  75  290  308  61840  26  
0  1  0  0  0  0  0  0  0  0  588  0  0  0  0  0  0  0  0  2  0  1414  0  0  0  0  0  0  0  0  0  0  0  0  0  0  0  0  0  0  0  149  0  32  0  0  0  0  0  0  1  0  0  0  0  0  0  0  0  0  1  0  0  0  0  0  0  0  0  0  0  0  0  0  0  26353  0  0  0  0  0  0  0  0  30807  0  0  0  0  0  0  0  41387  56865  25202  81628  0  0  0  0  0  0  0  0  0  0  0  0  0  0  0  0  0  0  0  0  0  65551  0  0  0  0  0  0  34131  0  0  0  0  0  16520  362  0  6  12777  0  0  0  5  0  0  0  0  0  0  0  0  0  0  0  0  0  0  0  0  0  0  0  0  0  
0  0  0  0  0  0  0  0  0  0  0  0  0  0  0  0  0  0  0  0  0  0  0  0  0  0  0  0  0  0  0  0  0  0  0  0  0  0  0  0  0  0  0  0  0  0  0  0  0  0  0  0  0  0  0  0  0  0  0  0  0  0  0  0  0  0  0  0  0  0  0  0  0  0  0  0  0  1  0  0  0  0  0  0  0  0  0  0  0  0  139  11  0  0  2  0  55532  7  124  7  1  0  0  0  0  0  1  10007  47445  19  34357  25371  0  0  65  0  0  0  3  0  1  3300  1  19592  0  0  0  0  6  5  1  6  5  141  66  0  0  2  24  0  4  0  0  0  0  7566  11710  6  0  0  0  0  0  0  51900  0  226  0  27  0  
0  0  0  0  0  0  0  0  0  3  312  0  0  0  0  0  0  0  1  5  0  83  0  0  0  0  0  0  0  5  0  0  0  0  0  0  0  0  0  0  0  25  0  16  0  0  0  0  0  0  0  0  0  0  0  0  0  0  0  0  0  0  0  0  1  1  0  0  0  0  0  0  0  0  0  579  0  0  0  1  9  2  6293  29323  116371  0  0  0  0  2  0  0  2023  27866  276  112036  8073  0  2  0  62  11  3  390  0  0  0  0  0  0  0  0  0  0  13  51513  0  0  77  3  0  36  1  0  1619  0  0  4  4  53  1542  27897  43  10  27579  0  0  0  80781  21  633  3  4  0  976  0  20  0  0  0  0  4  0  0  0  0  3524  106  15  1  
0  0  22  0  0  0  0  0  0  0  0  0  0  0  0  1  0  0  0  0  0  0  0  0  0  0  0  0  0  0  0  0  0  0  0  0  0  0  0  0  0  0  0  0  0  0  0  0  0  0  0  0  0  0  0  0  0  0  0  0  0  0  0  0  0  0  0  0  0  0  0  0  0  0  1  0  32089  55630  1  116  224  1805  2622  823  0  536  0  19  361  1511  2  7  0  211  0  0  0  0  9  2670  3520  158046  158552  112  0  0  2  0  0  42  0  0  20  72  3467  0  0  14  0  17636  0  417  8460  0  0  1190  13  7205  145  9338  0  9  0  0  0  6  0  1  1122  797  252661  42510  58790  0  1330  0  37  4  0  0  0  0  0  0  0  8299  0  4  14537  559  
0  0  200  0  0  0  5  331  112  0  0  0  0  0  0  843  0  0  0  0  0  0  0  0  0  0  0  0  0  395  0  0  0  0  0  0  0  0  0  0  0  0  0  0  0  380  0  0  0  0  0  0  0  0  0  0  0  0  0  0  0  0  0  0  0  0  0  0  0  0  7  0  0  0  0  0  52704  0  0  66  320  28057  36743  166  0  0  0  0  0  13237  0  0  0  4  0  0  0  0  1  0  40250  3124  18950  51418  0  0  0  0  0  0  0  0  0  0  1  0  0  3  37064  0  0  0  4  0  0  11  6  1129  0  5554  0  0  0  0  0  0  0  0  114  446  18709  17  9777  0  28241  0  0  0  0  0  0  0  0  0  0  31  0  0  27  10  
0  0  0  0  0  0  0  0  0  0  0  0  0  0  0  0  0  0  0  0  0  0  0  0  0  0  0  0  0  0  0  0  0  0  0  0  0  0  0  0  0  0  0  0  0  0  0  0  0  0  0  0  0  0  0  0  0  0  0  0  0  0  0  0  0  0  0  0  0  0  0  0  0  0  379  0  0  1  1  10  0  0  0  0  0  7  2658  1109  0  0  38  28533  0  0  0  0  27  57598  0  0  0  0  0  0  0  961  0  2  1  0  0  0  17630  70  0  0  1  0  2  0  0  2  14004  0  0  1383  21  1  0  0  0  0  0  0  0  1920  19439  31719  0  0  0  8  1  0  0  0  0  0  0  0  0  0  0  0  0  216  0  1  69847  0  
0  0  0  0  0  0  0  0  0  0  0  0  0  0  0  0  0  0  0  0  0  0  0  0  0  0  0  0  0  0  0  0  0  0  0  0  0  0  0  0  0  0  0  0  0  0  0  0  0  0  0  0  0  0  0  0  0  0  0  0  0  0  0  0  0  0  0  0  0  0  0  0  0  0  0  0  0  7  0  0  0  0  1  11  0  10  0  4  0  0  56448  3425  0  1  0  2  4314  214  166  153  5  0  0  0  0  0  28000  31157  63855  4043  5  4  0  0  25864  0  8817  13  78  0  6  0  27  6  0  3  0  5  177  46  2  44  0  1  1  0  10  1  77  1  54  68  0  0  3  1  119343  8718  0  0  0  0  0  0  2144  3  1090  12302  59727  0  
0  0  0  0  0  0  0  0  0  0  0  0  0  0  0  0  0  0  0  0  0  0  0  0  0  0  0  0  0  0  0  0  0  0  0  0  0  0  0  0  0  0  0  0  0  0  0  0  0  0  0  0  0  0  0  0  0  0  0  0  0  0  0  0  0  0  0  0  0  0  0  0  0  0  42  0  0  50699  1  48  33  48  7  2  0  48439  0  2805  51  12  14157  42439  0  4  0  0  676  7  9  282  953  11  38  8  0  0  592  224  168  12  0  0  17334  9890  30392  0  0  0  12286  18  9167  569  0  0  0  3329  8  901  28  10653  1  1  0  0  0  1293  1  458  647  72  4621  29155  429  0  60  0  7  3  0  0  0  0  0  0  95  569  3  2  95695  23  
0  0  0  0  0  0  0  0  0  0  0  0  0  0  0  0  0  0  0  0  0  0  0  0  0  0  0  0  0  0  0  0  0  0  0  0  0  0  0  0  0  0  0  0  0  0  0  0  0  0  0  0  0  0  0  0  0  0  0  0  0  0  0  0  0  0  0  0  0  0  0  0  0  0  0  207  0  0  0  0  0  0  0  0  0  0  0  0  0  0  0  0  6  0  35251  0  21186  0  0  2  0  0  0  0  0  0  0  0  46  1  51334  13818  0  0  3  0  30167  0  0  0  0  34  0  0  0  0  0  0  0  0  350  1  697  40539  11087  0  0  0  0  0  2  1  0  0  0  68002  9083  0  0  0  0  0  0  0  139  0  835  0  0  0  
0  0  0  0  0  0  0  0  0  0  0  0  0  0  0  0  0  0  0  0  0  135  0  0  0  0  0  0  0  0  0  0  0  0  0  0  0  0  0  0  0  0  0  0  0  0  0  0  0  0  0  0  0  0  0  0  0  0  0  0  3  0  0  0  0  0  0  0  0  0  0  0  0  0  0  18558  0  0  0  0  0  0  0  0  0  0  0  0  0  0  0  0  1055  540  54645  12511  0  0  0  0  0  0  0  0  0  0  0  0  0  0  0  0  0  0  0  38388  0  1446  0  0  0  0  0  0  0  0  0  0  0  0  932  87  0  5131  20107  0  0  0  4  0  0  0  0  0  0  0  0  0  0  0  0  0  0  0  0  0  0  0  0  0  
0  0  0  0  0  0  0  0  0  0  0  0  0  0  0  0  0  0  0  0  0  0  0  0  0  0  0  0  0  0  0  0  0  0  0  0  0  0  0  0  0  0  0  0  0  0  0  0  0  0  0  0  0  0  0  0  0  0  0  0  0  0  0  0  0  0  0  0  0  0  0  0  0  0  413  0  0  59  86  3018  2117  420  71  1  0  18471  0  65974  149096  655  0  1  0  1  0  0  0  500  0  1  2  0  1499  0  0  0  0  0  0  0  0  0  28  6747  8  0  0  0  797  0  273  2  1679  0  0  0  92797  38008  0  45  0  0  0  0  0  31192  0  31  3  2302  37  64501  893  0  2  0  0  0  0  0  0  0  0  0  0  34577  0  0  69487  7  
0  0  0  0  0  0  0  0  0  0  0  0  0  0  0  0  0  0  0  0  0  0  0  0  0  0  0  0  0  0  0  0  0  0  0  0  0  0  0  0  0  0  0  0  0  0  0  0  0  0  0  0  0  0  0  0  0  0  0  0  0  0  0  0  0  0  0  0  0  0  0  0  0  0  19179  0  0  0  94709  38963  6472  120  16  0  0  0  0  3  141285  32767  0  0  0  0  0  0  0  718  0  0  2  0  2  0  0  0  0  0  0  0  0  0  0  0  0  0  0  0  48  0  0  0  16  0  0  102685  0  146404  0  4  0  0  0  0  0  5871  0  33  0  3259  5  570  92  0  0  0  0  0  0  0  0  0  0  0  0  276  0  0  113  0  
0  0  0  0  0  0  0  0  0  0  0  0  0  0  0  0  0  0  0  0  0  0  0  0  0  0  0  0  0  0  0  0  0  0  0  0  0  0  0  0  0  0  0  0  0  0  0  0  0  0  0  0  0  0  0  0  0  0  0  0  0  0  0  0  0  0  0  0  0  0  0  0  0  0  583  0  1  19  5769  26653  35403  17841  2016  79  0  19  0  2  106020  291030  0  0  0  2  0  0  0  6  0  1  46  0  360  8  0  0  0  0  0  1  0  0  1  1  9  0  0  2  4420  114  0  3  607  0  0  28326  127313  0  0  253  0  0  0  0  0  1  0  15  47  7993  88  31919  46268  0  164  0  0  0  0  0  0  0  0  0  0  1438  0  0  1601  2  
0  0  0  0  0  0  0  0  0  0  0  0  0  0  0  0  0  0  0  0  0  0  0  0  0  0  0  0  0  0  0  0  0  0  0  0  0  0  0  0  0  0  0  0  0  0  0  0  0  0  0  0  0  0  0  0  0  0  0  0  0  0  0  0  0  0  0  0  0  0  0  0  0  0  0  0  0  306  0  2  0  0  1  0  0  71  0  1  4  0  2  0  1  43  0  0  1  0  18054  54658  290  1  0  31  0  0  6  66  36  30257  0  0  4  12  7540  0  48  0  3929  0  0  1683  1179  0  0  19  1  31  0  38178  4  467  0  0  2  1  0  1  3919  2  9407  1688  13  0  76  0  5617  10  0  0  0  0  0  0  8  25  3  2  962  3  
0  0  0  0  0  0  0  0  0  0  0  0  0  0  0  0  0  0  0  0  0  0  0  0  0  0  0  0  0  0  0  0  0  0  0  0  0  0  0  0  0  0  0  0  0  0  0  0  0  0  0  0  0  0  0  0  0  0  0  0  0  0  0  0  0  0  0  0  0  0  0  0  0  0  0  0  13  119  0  59  92  245  1104  86  4  59  0  4  173  70  2  0  8668  17083  0  0  0  0  137635  16906  240253  1273  1340  11815  0  0  2  5  26  5849  0  0  5  10  5355  0  40  6  34703  3093  0  665  1176  1  0  405  8  3215  38067  0  10  45072  0  0  2  0  0  1  32858  209  69202  2070  3084  0  12217  1  93527  3  0  0  0  0  0  0  2  707  4  0  8241  351  
0  0  0  0  0  0  0  0  0  0  0  0  0  0  0  0  0  0  0  0  0  0  0  0  0  0  0  0  0  0  0  0  0  0  0  0  0  0  0  0  0  0  0  0  0  0  0  0  0  0  0  0  0  0  0  0  0  0  0  0  0  0  0  0  0  0  0  0  0  0  0  0  0  0  0  21305  0  0  0  0  0  0  0  0  2  0  0  0  0  0  0  0  196018  1299  1491  99  0  0  3  0  0  0  0  0  0  0  0  0  0  0  1  0  0  0  0  21875  0  3448  0  0  0  1  1  3  710  0  0  0  0  7  0  40439  15581  9900  8978  0  0  0  887  0  0  0  0  0  0  0  13096  0  0  0  0  0  0  0  0  0  0  0  0  0  
0  0  0  0  0  0  0  0  0  0  0  0  0  0  0  0  0  0  0  0  0  0  0  0  0  0  0  0  0  0  0  0  0  0  0  0  0  0  0  0  0  0  0  0  0  0  0  0  0  0  0  0  0  0  0  0  0  0  0  0  0  0  0  0  0  0  0  0  0  0  0  0  0  0  0  705  0  9  0  0  0  0  1  0  12672  4  0  0  0  0  0  0  150649  110984  9  367  0  0  2787  2  214  0  0  72  0  0  0  0  10  10  0  0  0  0  114  453  8  26381  222  1  0  139  33  0  189  0  0  12  99  46622  35101  0  6  140  3115  0  0  0  29797  0  7  21  1  0  170  0  41745  0  0  0  0  0  0  0  1  4  1  0  31  1  
0  0  0  0  0  0  0  0  0  0  0  0  0  0  0  0  0  0  0  0  0  0  0  0  0  0  0  0  0  0  0  0  0  0  0  0  0  0  0  0  0  0  0  0  0  0  0  0  0  0  0  0  0  0  0  0  0  0  0  0  0  0  0  0  0  0  0  0  0  0  0  0  0  0  0  52576  0  0  0  0  0  0  0  0  0  0  0  0  0  0  0  0  37818  0  667  2  0  0  1  0  0  0  0  0  0  0  0  0  1  0  13426  9183  0  0  0  0  1  3  0  0  0  0  0  13  0  0  0  0  0  0  13445  153  0  23459  14861  0  0  0  0  0  0  0  0  0  0  49057  17933  0  0  0  0  0  0  0  0  0  0  0  0  0  
0  0  0  0  0  0  0  0  0  0  0  0  0  0  0  0  0  0  0  0  0  0  0  0  0  0  0  0  0  0  0  0  0  0  0  0  0  0  0  0  0  0  0  0  0  0  0  0  0  0  0  0  0  0  0  0  0  0  0  0  0  0  0  0  0  0  0  0  0  0  0  0  0  0  0  74069  0  1  0  0  0  0  0  0  0  0  0  0  0  0  0  0  1956  5  92392  1  1  0  4  1  0  0  0  0  0  0  0  0  16  3  62035  5126  0  0  5  21  1127  5  2  0  0  22  0  38870  7551  0  0  0  2  0  5541  292  12487  0  13501  0  0  0  3  0  0  0  0  0  0  29983  6356  0  0  0  0  0  0  0  0  0  42  0  0  0  
0  0  0  0  0  0  0  0  0  1  3  0  0  0  0  0  0  0  0  0  0  765  1  0  0  0  0  0  0  0  0  0  0  0  0  0  0  0  0  0  0  0  0  1  0  0  0  0  0  0  0  0  0  0  0  0  0  0  0  0  2  0  0  0  0  0  0  0  0  0  0  0  0  0  0  6790  0  0  0  0  0  0  0  0  1  0  0  0  0  0  0  0  1636  199  107487  80942  53960  0  13  2  0  0  0  0  0  1  0  0  4  4  0  109  0  0  10  12938  235  11224  0  0  0  16  1  25955  17641  0  0  0  0  0  12445  1231  11785  16032  0  0  0  0  124  0  0  1  0  0  0  300  3517  0  0  0  0  0  0  0  50  0  21810  3  0  0  
0  0  0  0  0  0  0  0  0  0  0  0  0  0  0  0  0  0  0  0  0  0  0  0  0  0  0  0  0  0  0  0  0  0  0  0  0  0  0  0  0  0  0  0  0  0  0  0  0  0  0  0  0  0  0  0  0  0  0  0  0  0  0  0  0  0  0  0  0  0  0  0  0  0  5098  0  0  2  12  648  2  2  0  0  0  11  13543  17423  11361  0  0  0  0  0  0  0  0  36990  0  1  0  0  0  0  0  0  0  0  0  0  0  0  3572  201  0  0  0  0  6  0  658  0  693  0  0  32561  10041  1  0  0  0  0  0  0  0  0  0  12923  0  6  1  17  0  0  0  0  0  0  0  0  0  0  0  0  0  5880  0  0  11922  0  
0  0  0  0  0  1  0  0  0  0  0  0  0  0  0  0  0  0  0  0  0  0  0  3  0  0  0  0  0  0  92  20  0  0  0  0  0  0  0  0  0  0  0  0  0  0  0  0  0  0  0  0  0  0  0  0  0  0  0  0  0  0  0  0  0  0  0  0  0  5  0  0  0  0  295  0  0  0  2  7159  0  0  0  0  0  0  0  4  0  0  170  909  0  0  0  0  5505  98544  0  0  0  0  0  0  79888  39209  0  0  64  0  0  0  6  1  0  0  1  0  0  0  6424  27  4  0  0  0  0  0  0  0  0  0  0  0  0  29  0  49532  0  0  0  0  0  28839  0  0  0  0  0  0  0  0  0  0  44  1530  107  363  113292  1002  
0  0  0  0  0  0  0  0  0  0  0  0  0  0  0  0  0  0  0  0  0  0  0  0  0  0  0  0  0  0  0  0  0  0  0  0  0  0  0  0  0  0  0  0  0  0  0  0  0  0  0  0  0  0  0  0  0  0  0  0  0  0  0  0  0  0  0  0  0  0  0  0  0  0  18510  0  0  1  264  1903  0  0  0  0  0  0  1961  816  1  19  1  3  0  0  0  0  1  154273  0  0  0  0  0  0  24  148  0  0  2  0  0  0  6711  39  0  0  0  0  2  0  10255  0  183  0  0  60  5  0  0  0  0  0  0  0  0  16153  49305  0  0  0  0  0  0  123  0  0  0  0  0  0  0  0  0  0  3  11004  0  0  33098  5  
0  0  0  0  0  0  0  0  2  0  0  0  0  0  0  0  0  0  0  0  0  0  0  0  0  0  2  0  0  133  0  0  0  0  0  0  0  0  0  0  0  0  0  0  0  0  0  0  0  0  0  0  0  0  0  0  0  0  0  0  0  0  0  0  2  0  0  0  0  0  7  0  0  0  0  10  0  79  0  10  18  22  3014  9576  82674  44  0  1  13  2  0  0  32  60045  0  91  0  0  4502  39  20565  1  74  109984  0  0  1  0  5  118  0  0  1  9  2023  2  8  86569  4675  34  0  260  744  0  7  37  0  312  2497  15833  776  41858  6  4  296  1  0  0  0  19  288  494  282  0  14435  0  5068  0  0  0  0  0  0  0  1  64  4  0  861  12  
0  0  0  0  0  2721  653  214  316  42727  0  0  0  0  0  15  0  0  0  0  0  0  0  0  0  0  0  0  0  0  0  426  0  0  0  0  0  0  0  0  0  0  0  0  0  0  0  0  0  0  0  5  0  0  0  0  0  0  0  0  0  0  0  0  0  14981  0  0  0  0  0  0  0  0  11  0  0  1  7  67135  36758  33517  43204  45701  0  1  0  1  41  880  0  0  0  0  0  0  0  1  0  0  22  9  593  2  0  13099  0  0  0  0  0  0  0  0  1  0  0  11  1038  17  0  1  30  0  0  2238  1165  2981  0  30  0  0  0  0  0  9  0  0  5  0  810  1039  668  4  260  0  0  0  0  5565  0  719  0  1  0  1011  847  21884  6463  10  
0  0  0  0  0  0  0  0  0  0  0  0  0  0  0  0  0  0  0  0  0  0  0  0  0  0  0  0  0  0  0  0  0  0  0  0  0  0  0  0  0  0  0  0  0  0  0  0  0  0  0  0  0  0  0  0  0  0  0  0  0  0  0  0  0  0  0  0  0  0  0  0  0  0  1  0  26600  7851  0  40  43  108  696  240  0  279  0  5  105  178  2  0  0  49  0  0  0  0  29  139347  72945  118582  754  647  0  0  23  1  4  678  0  0  12  18  5719  0  8  10  230134  24043  0  1552  2657  0  0  229  3  2267  12151  91112  1  18  0  1  0  4  0  0  180  104  0  4698  503  0  2730  0  174  17  0  0  0  0  0  0  1  389  9  8  6104  506  
0  0  0  0  0  0  0  0  0  0  0  0  0  0  0  0  0  0  0  0  0  0  0  0  0  0  0  0  0  0  0  0  0  0  0  0  0  0  0  0  0  0  0  0  0  0  0  0  0  0  0  0  0  0  0  0  0  0  0  0  0  0  0  0  0  0  0  0  0  0  0  0  0  0  1  0  0  39741  1  361  382  427  72  0  0  66184  0  223  42086  129  0  4  0  0  0  0  0  0  2  186  31  4  103513  0  0  0  1  0  0  15  0  0  150  458  786  0  0  0  38749  2  20  353  14819  0  0  56071  87  24425  23  517  0  0  0  0  0  68  0  11  47  805  621  0  16591  0  2  0  3  2  0  1  0  0  0  0  0  1585  1  2  34289  18  
0  0  0  0  0  0  0  0  0  0  0  0  0  0  0  0  0  0  0  0  0  0  0  0  0  0  0  0  0  0  0  0  0  0  0  0  0  0  0  0  0  0  0  0  0  0  0  0  0  0  0  0  0  0  0  0  0  0  0  0  0  0  0  0  0  0  0  0  0  0  0  0  0  0  1  0  3521  18  0  538  2657  30381  2995  372  0  1  0  0  23273  105658  0  0  0  34  0  0  0  0  0  1  1178  69  127661  230  0  0  0  0  0  0  0  0  0  1  7  0  0  8  71287  4290  0  5  78  0  0  283  56  51757  0  559  0  0  0  0  0  0  0  0  362  3475  1060  16103  0  0  555  0  0  0  0  0  0  0  0  0  0  1102  0  0  530  75  
0  0  0  0  1  11  0  0  0  0  0  0  0  0  0  0  0  0  0  0  0  0  0  0  0  0  0  0  0  0  334  66  0  0  0  0  0  0  0  0  0  0  0  0  0  0  0  0  0  0  0  0  0  0  0  0  0  0  0  0  0  0  0  0  0  6  0  0  0  544  0  0  0  0  8809  0  0  0  10012  50477  0  0  0  0  0  0  0  0  0  15100  0  0  0  0  0  0  0  16259  0  0  0  0  0  0  42969  9164  0  0  0  0  0  0  0  0  0  0  0  0  0  0  0  0  0  0  0  0  0  0  0  0  0  0  0  0  0  0  42313  111  0  3  0  0  0  0  0  0  0  0  0  0  0  0  0  0  0  1197  0  1  985  23  
0  0  6  0  0  0  0  9  2192  0  0  0  0  0  0  2  0  0  0  0  0  0  0  0  0  0  1  0  0  311  0  0  0  0  0  0  0  0  0  0  0  0  0  0  0  197  0  0  0  0  0  0  0  0  0  0  0  0  0  0  0  0  0  0  1  109  0  0  0  0  235  0  0  0  0  0  13  5  0  80  300  175  40381  120  5  7  0  1  18  73  0  0  0  139  0  0  0  0  82  4  36605  187  769  137694  0  0  0  0  0  5  0  0  1  0  488  0  0  55  4974  26479  0  5  78  0  0  63  6  434  51  12782  0  45  0  0  0  0  0  0  10337  402  6071  247  869  0  0  0  60  0  0  0  0  0  0  0  0  82  0  0  375  23  
0  0  0  0  0  0  0  0  0  0  0  0  0  0  0  0  0  0  0  0  0  0  0  0  0  0  0  0  0  0  0  0  0  0  0  0  0  0  0  0  0  0  0  0  0  0  0  0  0  0  0  0  0  0  0  0  0  0  0  0  0  0  0  0  0  0  0  0  0  0  0  0  0  0  0  138  0  0  0  0  0  0  0  0  0  0  0  0  0  0  0  0  15  0  6  0  0  0  2  0  0  0  0  0  0  0  0  0  14  1  152745  172110  0  0  6  0  13549  0  0  0  0  5  0  53897  0  0  0  0  0  1  5  1  38761  56744  126  0  0  0  0  0  1  1  0  0  0  0  18598  1  0  0  0  0  0  0  4  0  30  0  0  0  
0  0  0  0  0  0  0  0  0  0  0  0  0  0  0  0  0  0  0  0  0  0  0  0  0  0  0  0  0  0  0  0  0  0  0  0  0  0  0  0  0  0  0  0  0  0  0  0  0  0  0  0  0  0  0  0  0  0  0  0  0  0  0  0  0  0  0  0  0  0  0  0  0  0  0  10  0  242  0  0  0  0  0  0  0  17  0  0  0  0  8  0  63367  49  1  0  5  0  202693  19578  453  0  1  21  0  0  20357  103681  44104  21388  27  217808  1  2  10840  0  18634  95  770  0  0  128395  252  10181  0  5  1  10  11330  33689  6722  47181  23776  17407  5170  0  0  0  4841  0  690  933  6  0  39  19958  0  1006  0  0  0  0  0  0  100  8  60  39  215  2  
0  0  0  0  0  0  0  0  0  0  0  0  0  0  0  0  0  0  0  0  0  0  0  0  0  0  0  0  0  0  0  0  0  0  0  0  0  0  0  0  0  0  0  0  0  0  0  0  0  0  0  0  0  0  0  0  0  0  0  0  0  0  0  0  0  0  0  0  0  0  0  0  0  0  0  0  0  173  0  0  0  0  0  0  0  0  0  0  0  0  0  0  0  0  0  0  0  0  9  610  0  0  0  0  0  0  37224  13441  32  42029  0  0  0  0  15414  0  9  2  4  0  0  17589  7  0  0  0  0  0  24  5  0  5  0  0  1  0  0  0  7  0  9  4  0  0  0  0  1069  0  0  0  0  0  0  0  6  0  37  40  6  0  
0  0  0  0  0  0  0  0  0  0  0  0  0  0  0  0  9471  11634  0  0  1  0  86302  47  0  0  0  0  0  0  1  381  0  3  14596  4  313  0  0  0  8  0  61874  0  0  0  2  24998  0  12  0  0  0  0  1  0  0  0  0  0  4  0  8134  0  0  0  0  0  0  0  0  1  24  4  0  0  0  0  0  0  0  0  0  0  0  0  0  0  0  0  0  0  0  0  0  0  0  0  0  0  0  0  0  0  0  0  0  0  0  0  0  0  0  0  0  0  0  0  0  0  0  0  0  0  0  0  0  0  0  0  0  0  0  0  0  0  0  0  0  0  0  0  0  0  0  0  0  0  0  0  117383  14045  18480  1252  0  1  0  1  0  0  
112  0  0  0  59  19765  124247  308  453  9  0  1  0  0  2357  7756  0  0  0  0  0  0  0  2  0  0  4  0  777  0  0  0  0  0  0  0  0  0  0  0  0  0  0  0  294  16  0  1  5  0  0  6425  5095  83369  0  2  0  0  0  0  0  27  0  1  0  50114  15  4640  1013  17  40  0  0  0  0  0  0  0  0  36  63  7  0  0  0  0  0  0  0  2  0  0  0  0  0  0  0  0  0  0  0  0  0  0  0  1  0  0  0  0  0  0  0  0  0  0  0  0  0  0  0  0  0  0  0  1  0  0  0  0  0  0  0  0  0  0  0  0  0  1519  0  0  0  0  0  0  0  0  0  0  0  42  1559  119  0  0  0  0  0  0  
0  0  0  0  0  0  0  0  0  151  0  0  0  0  0  0  45  53  0  0  28  157  80361  0  2  4  0  0  0  0  0  331  0  4  45  36  90  1  0  0  23  0  509  642  0  0  0  2239  0  937  0  0  0  0  10  0  0  0  4  14  31658  0  70  0  1  0  0  0  0  0  1  7  104  6  0  0  0  0  0  0  0  0  0  0  0  0  0  0  0  0  0  0  0  0  0  0  0  0  0  0  0  0  0  0  0  0  0  0  0  0  0  0  0  0  0  0  0  0  0  0  0  0  0  0  0  0  0  0  0  0  0  0  0  0  0  0  0  0  0  0  0  0  0  0  0  0  0  0  60168  0  0  11399  227  137  0  0  0  4  0  0  
11  0  0  0  0  1  3  0  9  4351  0  0  0  0  21  0  73  619  1  0  0  4  579  6  4  1  36  25  43  1  7  1463  0  0  2  4  0  0  0  0  10  0  0  18  4151  0  1  6599  9  0  0  52  0  55  3  398  0  6  0  0  0  0  326  5  6  328  3678  379  200  5  7  0  17  10  0  0  0  0  0  0  0  0  0  2  0  0  0  0  0  0  0  0  0  0  0  0  2  0  0  0  0  0  0  0  0  5  0  0  0  0  0  0  0  0  0  0  0  1  0  0  0  2  0  0  0  0  0  0  0  0  0  0  0  0  0  0  0  0  0  393  0  0  0  0  0  0  0  0  20470  38  7503  0  25622  69194  3  254  35  2973  88  47  
11213  0  0  4  8  138  27  2  8  0  0  101  1  24  254  0  83270  59255  5  0  0  0  535  3362  51  71  53  24  416  1  1567  7320  40  0  50  6  0  0  5  1  1880  0  12  2  6742  1  21805  64792  53277  0  0  23820  219  335  224  1468  4  5  0  0  0  2729  37093  6219  28  77  6078  6363  765  89  53  0  546  0  0  0  0  0  0  0  0  0  0  0  0  0  0  0  0  0  0  0  0  0  0  0  0  0  0  0  0  0  0  0  0  0  0  0  0  0  0  0  0  0  0  0  0  0  0  0  0  0  0  0  0  0  0  0  0  0  0  0  0  0  0  0  0  0  0  0  0  0  0  0  0  0  0  0  10535  409  67  7569  0  190063  0  3  1  2  0  0  
6209  0  0  0  8  75  9  1  9  0  0  1  0  0  51  2  1  208  4  0  0  0  94  514  8  2  22  10  111  1  41  6468  0  0  0  0  0  0  0  0  32  0  0  1  3229  0  0  366  11  0  0  159  0  66  11  302  0  0  0  0  0  38  9373  1344  2  3  2343  891  330  125  18  0  17  0  0  0  0  0  0  0  0  0  0  0  0  0  0  0  0  0  0  0  0  0  0  0  0  0  0  0  0  0  0  0  0  7  0  0  0  0  0  0  0  0  0  0  0  0  0  0  0  0  0  0  0  0  0  0  0  0  0  0  0  0  0  0  0  0  0  0  0  0  0  0  0  0  0  0  7005  80  372  92944  413608  0  5  273  1  7  6  50  
0  0  0  0  0  0  0  0  0  0  0  0  0  0  0  0  0  0  0  0  0  0  0  0  0  0  0  0  0  0  0  140  0  0  0  0  0  0  0  0  0  0  0  0  0  0  0  0  0  0  0  0  0  0  0  0  0  0  0  0  0  0  0  0  0  0  0  0  0  0  0  0  0  0  0  0  0  0  0  0  0  0  0  0  0  0  0  0  0  0  11518  4132  0  0  0  0  67168  220  12  1  0  0  0  0  1  1789  0  0  14370  4  32  1  0  0  11  0  52359  0  0  0  0  5945  64  196  0  0  0  0  1  1  0  3  0  0  5  0  94  3  6  0  2  0  0  0  0  0  73  0  0  0  0  1  1  41  0  1514  99189  15264  36263  1602  
1  0  0  0  0  0  0  0  0  0  0  0  0  0  0  0  0  2  0  0  0  0  0  0  0  0  0  0  0  0  0  272  0  0  0  0  0  0  0  0  0  0  0  0  0  0  0  0  0  0  0  0  0  0  0  0  0  0  0  0  0  0  0  1  0  0  0  0  0  1  0  0  0  0  1485  0  0  16  12  7383  156  55  52  6  0  11  0  60  73  305  0  0  0  2  0  0  1  1236  1  1  255  10  763  3  114  11838  0  0  0  0  0  0  1  16  6  0  0  0  3412  7  23  3  486  0  0  20344  875  3985  0  286  0  0  0  0  0  4045  1200  5512  26  704  2988  5072  1424  470  11  0  1  0  0  0  0  28  12  301  117  0  15  13364  129072  50072  
0  0  0  0  0  0  0  0  0  60  0  0  0  0  0  0  0  0  0  0  0  0  1  0  0  0  0  0  0  0  0  24  0  0  0  0  0  0  0  0  0  0  0  0  0  0  0  0  0  0  0  0  0  0  0  0  0  0  0  0  0  0  0  0  0  0  0  0  0  0  0  0  0  0  0  3  0  5  0  0  1  0  372  5947  0  1  0  0  0  0  116  0  0  2  2  2024  63005  2  194  9  9  0  0  3  0  684  1  0  76  4  1  14  0  0  256  0  564  3055  26  0  0  2295  7  1470  0  1  0  0  50  29  4  60  9  184  22627  0  50  0  116  162  11  9  0  0  26  42  262  1  0  0  1  86  1  8  53096  152  0  23317  4201  278  
0  0  0  0  0  0  0  0  0  3212  0  0  0  0  0  0  0  0  0  0  0  0  1  0  0  0  0  0  0  0  0  78  0  0  0  0  0  0  0  0  0  0  0  0  0  0  0  6  0  0  0  0  0  0  0  0  0  0  0  0  0  0  0  0  0  14  0  0  0  0  0  0  0  0  0  0  0  1  0  0  0  0  0  45  0  1  0  0  0  0  236  78  0  0  0  3  402  9  3  2  5  0  4  0  0  2840  0  0  55  8  0  0  0  0  143  0  38  17  33  0  0  14384  8  0  0  1  0  6  26  26  1  5  0  0  1  0  146  0  11  5734  20  6  0  0  0  0  319  4  3  0  5  1653  5  29  12389  41251  19008  0  46968  50562  
0  0  0  0  0  0  0  0  0  6  0  0  0  0  0  0  0  0  0  0  0  0  1  0  0  0  0  0  0  0  0  8  0  0  0  0  0  0  0  0  0  0  0  0  0  0  0  0  0  0  0  0  0  0  0  0  0  0  0  0  0  0  0  0  0  0  0  0  0  0  0  0  0  0  1457  0  0  9  2  137  34  47  25  14  0  23  0  347  87  13  55604  37387  0  14  0  0  5431  887  5  4  1412  5  959  11  2626  19122  13  0  133  1  0  0  173  66  9927  0  13  0  5698  23  18970  19828  31068  0  0  15776  259  1137  5  5691  0  2  0  0  0  3131  56574  13767  302  128  7430  6694  583  323  51  0  8  0  0  0  0  6  0  6  12081  96466  357  18749  0  153547  
0  0  0  0  0  0  0  0  0  1  0  0  0  0  0  0  0  0  0  0  0  0  0  0  0  0  0  0  0  0  0  349  0  0  0  0  0  0  0  0  0  0  0  0  0  0  0  0  0  0  0  0  0  0  0  0  0  0  0  0  0  0  0  1  0  0  0  0  0  0  0  0  0  0  0  0  0  0  0  2  1  0  3  2  0  0  0  0  2  0  3  7  0  4  0  0  13  3  0  0  158  2  384  2  158  10920  0  0  0  1  0  0  0  1  3  0  0  0  1012  2  0  144  7  0  0  7  0  27  0  179  0  0  0  0  0  0  1419  1  14  5  1691  10  60  35  2  0  3  0  0  0  0  4  3  79  4614  164267  400  73455  417664  0  
