0  0  0  0  54129  33314  279  1  2  0  0  0  38  233  21816  4729  0  0  0  0  0  0  0  63146  0  0  0  0  2  0  19749  0  0  0  0  0  0  0  86  4  0  0  0  0  7  0  137  0  219  0  0  2830  15482  517  0  0  0  0  0  0  0  24948  853  13484  0  89  0  48  6  15729  3  0  0  0  0  0  0  0  0  0  0  0  0  0  0  0  0  0  0  1  0  0  0  0  0  0  0  0  0  0  0  0  0  0  0  0  0  0  0  0  0  0  0  0  0  0  0  0  0  0  0  0  0  0  0  0  0  0  0  0  0  0  0  0  0  0  0  0  0  0  0  0  0  0  0  0  0  0  0  2  0  0  721  0  0  0  0  0  0  0  
0  0  0  0  0  0  0  0  0  0  47  0  0  0  0  0  0  0  30243  224  85644  23292  0  0  156  0  0  0  0  0  0  0  0  0  0  0  418  122  0  0  0  54406  0  372  0  0  0  0  0  0  57336  0  0  0  0  2  24194  1547  38245  370  885  0  0  0  23  0  0  0  0  0  0  669  468  0  0  1  0  0  0  0  0  0  0  0  0  0  0  0  0  0  0  0  0  0  0  4  0  0  0  0  0  0  0  0  0  0  0  0  0  0  0  0  0  0  0  0  0  0  0  0  0  0  0  0  4  0  0  0  0  0  0  0  0  0  0  0  0  0  0  0  0  0  0  0  0  0  0  0  0  0  0  1  0  0  0  0  0  0  0  0  
0  0  0  0  0  0  1  4795  732  0  0  0  0  0  0  77984  0  0  0  0  0  0  0  0  0  0  11222  65967  30835  54325  0  0  0  0  0  0  0  0  0  0  0  0  0  0  35275  59951  0  0  0  0  0  0  0  0  0  0  0  0  0  0  0  0  0  0  0  20  20613  0  1026  0  590  0  0  0  0  0  2657  0  0  0  9  63  64  0  1  0  0  0  0  111  0  0  0  0  0  0  0  0  0  0  23  0  0  4945  0  0  0  0  0  0  0  0  0  0  0  0  0  0  0  244  0  0  0  0  0  0  0  0  0  0  0  0  0  0  0  0  0  0  0  16  0  0  0  0  439  0  0  0  0  0  0  0  0  0  0  0  0  0  0  0  
0  0  0  0  0  4  0  0  0  0  0  33249  0  5  1  0  106  21  0  0  0  0  0  8  0  58477  0  31001  16212  0  0  0  2065  722  65  28  0  0  1  40  1924  0  0  0  61810  0  1  139  53066  0  0  207  0  0  2  12  0  0  0  0  0  39  0  2  2  0  4193  20267  6  0  0  0  10  1  0  0  0  0  0  0  0  0  0  0  0  0  0  0  0  0  0  0  0  0  0  0  0  0  0  0  0  0  0  0  0  0  0  0  0  0  0  0  0  0  0  0  0  0  0  0  0  0  0  0  0  0  0  0  0  0  0  0  0  0  0  0  0  0  0  0  0  0  0  0  0  0  0  0  0  1  0  0  641  3  0  0  0  0  0  0  
54015  0  0  0  0  30117  329  0  0  0  0  0  0  3  12985  65273  0  0  0  0  0  0  0  203  0  0  0  0  0  0  13662  0  0  0  0  0  0  0  0  1  0  0  0  0  1  0  29  0  52  0  0  295  19668  248  0  0  0  0  0  0  0  428  13  322  0  10  0  3  0  4543  0  0  0  0  0  0  0  0  0  0  0  0  0  0  0  0  0  0  0  0  0  0  0  0  0  0  0  0  0  0  0  0  0  0  0  0  0  0  0  0  0  0  0  0  0  0  0  0  0  0  0  0  0  0  0  0  0  0  0  0  0  0  0  0  0  0  0  0  0  0  0  0  0  0  0  0  0  0  0  0  0  0  67  0  0  0  0  0  0  0  
23384  0  0  0  28651  0  52578  180  407  2  0  0  2  61  30589  108325  0  0  0  0  0  0  0  10179  1  0  2  3  17  10  3763  4628  0  0  0  0  0  0  27  3  0  0  0  0  162  166  321  0  549  0  0  12870  38882  41429  0  10  0  1  0  0  0  5716  2838  9397  5  53475  13  999  544  62748  601  0  3  0  0  0  0  0  0  225  59  3  0  0  0  0  0  0  0  12  0  0  0  0  0  0  0  0  0  0  0  0  0  0  10  0  0  0  0  0  0  0  0  0  0  0  0  0  0  0  0  0  0  0  0  0  0  0  0  0  0  0  0  0  0  0  0  0  0  560  0  0  0  3  0  0  0  0  0  167  0  0  922  1  0  0  0  0  0  0  
546  0  5  0  212  60193  0  41238  14876  92  0  0  0  0  153  87032  0  0  0  0  0  0  0  33  3  0  21  9  37  185  1  0  0  0  0  0  0  0  0  0  0  0  0  0  216  4353  1  0  2  0  0  3203  352  73576  0  10  0  1  0  0  0  45  17  22  26  39809  41  587  1010  14  8748  0  2  0  0  0  2  0  0  65  659  311  39  0  0  0  0  0  0  207  0  0  0  0  0  0  0  0  0  0  0  0  0  1  0  0  0  0  0  0  0  0  0  0  0  0  0  0  0  2  0  0  0  0  0  0  0  0  0  0  0  0  0  0  0  0  0  0  0  465  0  0  0  0  2  0  0  0  0  105  0  0  68  2  0  0  0  0  0  0  
25  0  5542  1  0  2813  84709  0  44987  2  0  0  0  0  105  82678  0  0  0  2  0  0  0  0  4  0  14  38  15256  201  0  0  0  0  0  0  0  0  0  0  0  0  0  0  2645  49200  0  0  0  0  0  286  8  29399  0  23  0  7  0  0  0  7  0  0  48  28441  168  1007  32591  0  4267  0  20  0  0  0  3  0  0  16  963  1490  243  0  0  0  0  0  0  126  0  0  0  0  0  0  0  0  0  0  0  0  0  2  0  0  0  0  0  0  0  0  0  0  0  0  0  0  0  9  0  0  0  0  0  0  0  0  0  0  0  0  0  0  0  0  0  0  0  368  0  0  0  0  41  0  0  0  0  13  0  5  35  14  0  0  0  0  0  0  
6  0  849  0  0  489  22188  37085  0  15299  1  0  0  0  3  1274  0  0  0  0  0  3  0  0  0  0  8  209  195  10798  0  0  0  0  0  0  0  0  0  0  0  0  0  2829  628  20681  0  0  0  0  0  56  2  621  0  433  0  0  0  0  0  0  0  0  796  82885  811  37  1685  0  33480  0  4  0  0  0  16  0  0  2  10  270  658  25  1  0  0  0  0  11  0  0  0  0  0  11  0  0  0  0  0  0  0  84  0  0  0  0  0  0  0  0  0  0  0  0  0  0  0  36  0  0  0  0  0  0  0  0  0  0  0  0  0  0  0  0  0  0  1  1009  0  0  0  0  248  0  0  0  0  3  0  1  5  0  0  0  0  0  0  0  
0  0  1  0  0  3  87  0  14349  0  0  0  0  0  3  0  0  0  0  0  0  58  1947  0  0  0  3  167  29  11624  0  0  1  0  0  0  0  0  0  0  3  0  0  28993  244  12  0  3  0  0  0  3  0  7  0  323  0  0  0  0  2  0  0  0  973  69818  1008  3  137  0  1270  0  21  0  0  0  0  0  0  0  0  0  29  25  0  0  0  0  0  0  0  0  0  0  0  0  0  0  0  0  0  0  0  3  0  0  0  0  0  0  0  0  0  0  0  0  0  0  0  0  0  0  0  0  0  0  0  0  0  0  0  0  0  0  0  0  0  0  0  6523  0  0  0  0  6  0  0  0  0  0  3662  425  14  10  0  0  0  26  0  0  
0  306  0  0  0  0  0  0  0  0  0  0  0  0  0  0  0  0  118  83379  0  39346  0  0  5  0  3404  0  0  1007  0  0  0  0  0  0  0  0  0  0  0  23542  0  112015  0  0  0  0  0  0  434  0  0  0  0  2  71  1072  0  0  16  0  0  0  67250  0  1  0  0  0  1  0  2  0  0  0  0  0  0  0  0  0  0  0  9073  0  0  0  0  0  0  0  0  98  0  3678  0  0  0  0  0  0  0  60  0  0  0  0  0  0  0  0  0  0  0  2  0  2  0  0  0  0  0  0  0  0  0  0  0  0  0  0  0  0  0  0  0  0  1  0  0  0  0  0  0  0  0  0  0  0  0  0  0  0  0  0  0  0  0  0  
10  0  0  41303  0  2  0  0  0  0  0  0  0  27534  336  0  6  158  0  0  0  0  0  2  0  182  0  0  1903  0  0  0  0  41  33  8  0  1  1  48523  101  0  0  0  191  0  0  4  50023  0  0  57482  1  1  0  3  0  0  0  0  0  7  0  4  0  0  4  48174  1  0  0  0  3  0  0  0  0  0  0  0  0  0  0  0  0  0  0  0  0  0  0  0  0  0  0  0  0  0  0  0  0  0  0  0  0  0  0  0  0  0  0  0  0  0  0  0  0  0  0  0  0  0  0  0  0  0  0  0  0  0  0  0  0  0  0  0  0  0  0  0  0  0  0  0  0  0  0  0  0  0  0  0  492  0  0  0  0  0  0  0  
37  0  0  0  0  29  1  0  0  0  0  16  0  14417  1  0  0  77  0  0  0  0  0  47262  0  11  0  0  0  0  0  0  0  0  0  1  0  0  30884  130  10  0  0  0  0  0  9215  0  2892  0  0  690  0  0  0  1  0  0  0  0  0  785  1  15792  0  1  0  3  0  0  0  0  0  0  0  0  0  0  0  0  0  0  0  0  0  0  0  0  0  0  0  0  0  0  0  0  0  0  0  0  0  0  0  0  0  0  0  0  0  0  0  0  0  0  0  0  0  0  0  0  0  0  0  0  0  0  0  0  0  0  0  0  0  0  0  0  0  0  0  0  0  0  0  0  0  0  0  0  0  3  0  0  536  4  0  0  0  0  0  0  
561  0  0  0  0  342  0  0  0  0  0  36986  12346  0  1580  0  0  32  0  0  0  0  0  5083  0  101  0  0  1  0  0  0  0  0  0  8  0  0  18659  46883  83  0  0  0  2  0  413  1  23793  0  0  52626  16  1  0  2  0  0  0  0  0  17369  1  2228  0  1  5  121  1  4  0  0  0  0  0  0  0  0  0  0  0  0  0  0  0  0  0  0  0  0  0  0  0  0  0  0  0  0  0  0  0  0  0  0  0  0  0  0  0  0  0  0  0  0  0  0  0  0  0  0  0  0  0  0  0  0  0  0  0  0  0  0  0  0  0  0  0  0  0  0  0  0  0  0  0  0  0  0  0  2  0  0  365  1  0  0  0  0  0  0  
26454  4  0  0  13121  17858  513  13  65  1  2  398  2  1476  0  42652  0  0  1  11  0  4  0  843  151  17  29  5  23443  0  0  0  0  0  0  1  0  0  0  1  2  0  0  2  6491  12  6  0  91  0  2  187051  146182  169972  0  473  1  163  0  1  3  28295  1  269  911  599  125  37738  36603  3  53  0  437  0  0  0  0  0  0  0  0  0  0  0  0  0  0  0  0  0  0  0  0  0  0  0  0  0  0  0  0  0  0  0  0  0  0  0  0  0  0  0  0  0  0  0  0  0  0  0  0  0  0  0  0  0  0  0  0  0  0  0  0  0  0  0  0  0  0  0  0  0  0  0  0  0  0  0  0  2717  0  42  1818  412  0  0  0  0  0  0  
6870  0  71412  0  74820  129252  94056  92601  580  0  0  0  0  0  39491  0  0  0  0  0  0  0  0  446  0  0  23  737  28341  16  3005  78  0  0  0  0  0  0  0  0  0  0  0  0  1814  13481  0  0  0  0  0  417  3500  205058  0  2  0  1  0  0  0  11  379  42  1  3191  3779  291  31697  16925  60  0  3  0  0  0  1596  0  0  109  474  1542  42  0  0  0  0  0  0  3285  0  0  0  0  0  0  0  0  0  0  0  0  0  1072  1  1  0  0  0  0  0  0  0  0  0  0  0  0  0  52  0  0  0  0  0  0  0  0  0  0  0  0  0  0  0  0  0  0  0  153  0  0  3  0  35  0  0  0  0  68  0  0  8  1  0  0  0  0  0  0  
0  0  0  210  0  0  0  0  0  0  0  6  0  0  1  0  0  46947  1  0  0  0  14929  286  1  9  0  0  1  0  0  14  24  7  14672  10  0  2  0  0  7661  0  391  0  183  0  1441  35316  24110  0  0  1  0  0  1  0  0  0  2  0  2  0  1808  0  0  0  71  45  8  0  0  3  187  23  0  0  0  0  0  0  0  0  0  0  0  0  0  0  0  0  0  0  0  0  0  0  0  0  0  0  0  0  0  0  0  0  0  0  0  0  0  0  0  0  0  0  0  0  0  0  0  0  0  0  0  0  0  0  0  0  0  0  0  0  0  0  0  0  0  0  0  0  0  0  0  0  0  0  15578  4  44  465  134750  56  0  0  0  0  0  0  
0  0  0  20  0  0  0  0  0  0  0  224  238  23  0  0  41590  0  0  0  0  0  7821  5142  0  0  0  0  0  0  1  23  0  2  182  0  0  0  171  1  27  0  21  0  28  0  34099  4446  62653  0  0  2  0  0  0  0  0  0  0  0  0  0  13045  0  0  0  0  1  0  0  0  0  1  0  0  0  0  0  0  0  0  0  0  0  0  0  0  0  0  0  0  0  0  0  0  0  0  0  0  0  0  0  0  0  0  0  0  0  0  0  0  0  0  0  0  0  0  0  0  0  0  0  0  0  0  0  0  0  0  0  0  0  0  0  0  0  0  0  0  0  0  0  0  0  0  0  0  0  5015  3  5  251  181261  3917  0  0  0  0  0  0  
0  24253  0  0  0  0  0  0  0  0  146  0  0  0  0  0  0  0  0  24017  4741  112  0  0  36599  0  9  0  0  0  0  0  0  0  0  0  2  3452  0  0  4  25587  0  1423  2  0  0  0  0  0  6658  0  0  1  0  4559  123026  105680  38461  165  1710  0  0  0  110  0  39  1  0  0  2  383  29108  0  0  0  0  0  0  0  0  0  0  0  0  0  0  0  0  0  0  0  0  0  0  0  0  0  0  0  0  0  0  0  0  0  0  0  0  0  0  0  0  0  0  0  0  0  0  0  0  0  0  0  0  0  0  0  0  0  0  0  0  0  0  0  0  0  0  0  0  0  0  0  0  0  0  0  0  0  0  2  4  14  0  0  0  0  0  0  
0  790  0  0  0  0  0  0  0  0  96542  0  0  0  0  0  0  0  24741  0  0  145  0  0  1286  2  10789  0  0  4  0  0  0  0  0  1  0  0  0  0  1  6566  0  29367  1  0  0  0  0  0  1137  0  0  0  0  7373  188  62067  0  0  39  0  0  0  35618  0  26  1  0  0  1  0  75  0  0  0  0  0  0  0  0  0  0  0  4  0  0  0  0  0  0  0  0  1  0  0  0  0  0  0  0  0  0  0  0  0  0  0  0  0  0  0  0  0  0  0  0  0  0  0  0  0  0  0  0  0  0  0  0  0  0  0  0  0  0  0  0  0  0  0  0  0  0  0  0  0  0  0  0  1  0  1  2  8  0  0  0  0  0  0  
0  52445  0  0  0  0  0  0  0  0  0  0  0  0  0  0  0  0  2175  1  0  263  302  0  46  0  0  0  0  0  0  1  0  0  0  0  2231  18  0  0  0  0  69  2  0  0  0  2  0  20873  20186  0  0  0  0  0  1321  1154  14042  69720  125487  0  3  0  0  0  0  0  0  0  0  216  162  0  0  0  0  0  0  0  0  0  0  1  0  0  0  0  0  0  0  0  0  0  0  17  0  0  0  0  0  0  0  0  1  5  0  0  0  0  0  0  0  0  0  2  0  0  0  0  0  0  0  0  3  0  0  0  0  0  0  0  0  0  0  0  1  0  0  0  0  0  0  0  0  0  0  0  3  0  190  176  3  0  0  0  24  28  3  0  
0  13998  0  0  0  0  0  0  16  868  32425  0  0  0  0  0  0  0  22  1179  208  0  7085  0  14  0  10  0  0  1833  0  0  0  0  0  0  0  1  0  0  0  36426  0  217130  0  0  0  1  0  0  37671  0  0  0  0  4  150  1732  1  0  72679  0  0  0  3002  1  0  0  0  0  4  0  25  0  0  0  0  0  0  0  0  0  0  5  696  0  0  0  0  0  0  0  0  4  2  5975  0  0  0  0  0  0  0  5  0  0  0  0  0  0  0  0  0  0  0  8  0  5  0  0  0  0  0  0  12  0  0  0  0  0  0  0  0  0  7  0  0  0  0  0  0  0  0  0  0  0  0  0  0  0  223  24  0  0  0  0  0  4  0  0  
0  1  0  0  0  0  0  0  0  1753  0  0  0  0  0  0  11593  11536  0  0  657  2999  0  59  0  0  0  0  0  0  0  4  0  0  15808  0  54  5  0  0  0  0  42433  5764  0  0  256  998  1  552  0  0  0  0  0  0  0  0  0  57  65856  0  71  0  52  0  0  0  0  0  0  15  152  0  0  1  0  0  0  0  0  0  0  0  0  0  0  0  0  0  0  0  0  0  0  2  1  0  0  0  0  0  0  0  0  0  0  0  0  0  0  0  0  0  0  0  0  0  0  0  0  0  0  0  0  0  0  0  0  0  0  0  0  0  0  0  0  0  0  0  0  0  0  0  0  0  0  0  49002  0  116606  1021  2104  32  0  0  5  18  0  0  
49490  0  0  0  520  6194  9  0  0  0  0  11  55517  11262  573  524  18  5300  0  0  0  0  1  0  0  26  0  0  2  0  35089  292  0  0  0  2  0  0  29729  230  39  0  11  0  4  0  47280  1794  3145  0  0  3368  721  42  1  2  0  0  0  0  0  28910  116477  153237  0  3  0  21  0  9142  0  0  0  0  0  0  0  0  0  0  0  0  0  0  0  0  0  0  0  0  0  0  0  0  0  0  0  0  0  0  0  0  0  0  8  0  0  0  0  0  0  0  0  0  0  0  0  0  0  0  0  0  0  0  0  0  0  0  0  0  0  0  0  0  0  0  0  0  0  1  0  0  0  0  0  0  0  0  1  68  1  30  37400  1326  0  1  0  0  0  0  
0  84  0  0  0  0  2  9  3  0  7  0  0  0  55  1  0  0  32795  1311  142  44  1  0  0  13614  12824  78  788  11  0  0  6  1  0  2497  0  14  0  3  2304  10  0  69  865  87  0  70  18  0  120  19  0  21  40370  128887  486  16783  75  12  60  0  0  0  2322  0  4154  1066  137  0  571  42  155363  1  0  0  0  0  0  0  0  0  0  0  0  0  0  0  0  0  0  0  0  0  0  0  0  0  0  0  0  0  0  0  0  0  0  0  0  0  0  0  0  0  0  0  0  0  0  0  0  0  0  0  0  0  0  0  0  0  0  0  0  0  0  0  0  0  0  0  0  0  0  0  0  0  0  0  2  29  2  31  359  237  0  0  0  0  0  0  
0  0  0  43713  0  5  0  0  0  0  0  18  1  41  40  0  17  0  0  2  0  1  0  20  13407  0  5  14217  314  0  0  0  3099  13106  0  91429  0  3592  44  348  66521  0  0  0  3779  0  2  307  21789  0  0  934  1  29  30918  25867  0  39  0  0  0  17  0  2  15  0  83199  2300  106  0  0  0  29555  22  0  0  0  0  0  0  0  0  0  0  0  0  0  0  0  0  0  0  0  0  0  0  0  0  0  0  0  0  0  0  0  0  0  0  0  0  0  0  0  0  0  0  0  0  0  0  0  0  0  0  0  0  0  0  0  0  0  0  0  0  0  0  0  0  0  0  0  0  0  0  0  0  0  0  0  28  2  15  6136  122  0  0  0  0  0  0  
0  1  12578  0  0  1  8  14  9  0  2213  0  0  0  2  6  0  0  5  14228  0  3  0  0  4589  9  0  1946  873  185438  0  0  3  0  0  1  0  1  0  0  11  0  0  1  293  31871  0  46  0  0  0  1  0  4  2  185801  1  139  0  0  1  0  0  0  41814  13  88204  72  508  0  15528  0  544  0  0  0  0  0  0  0  0  0  0  0  62  0  0  0  0  0  0  0  0  1  0  0  0  0  0  0  4  0  0  441  0  0  0  0  0  0  0  0  0  0  0  0  0  0  0  0  0  0  0  0  0  0  0  0  0  0  0  0  0  0  0  0  0  0  0  0  0  0  0  0  0  0  0  0  0  0  0  3  196  22  0  0  0  0  0  0  
0  0  44944  42419  0  0  68  82  340  4  0  0  0  0  3  1901  0  1  0  0  0  0  2  0  2  17962  2234  0  22763  81  0  0  0  3  0  11  0  0  0  1  17  0  0  0  186660  9125  0  13  14  0  0  0  0  5  0  71  0  1  0  0  0  0  0  0  53  26  115148  129  1523  0  642  0  5  0  0  0  16  0  0  0  0  0  0  0  0  0  0  0  0  0  0  0  0  0  0  0  0  0  0  0  0  0  0  13  0  0  0  0  0  0  0  0  0  0  0  0  0  0  0  0  0  0  0  0  0  0  0  0  0  0  0  0  0  0  0  0  0  0  0  0  0  0  0  0  0  0  0  0  9  6  0  540  262  797  0  0  0  0  0  0  
1  0  25376  18222  0  16  79  16515  436  0  0  2706  1  5  17839  28043  0  0  0  0  0  0  0  3  35  514  248  17928  0  3  0  0  0  1  0  78  0  0  1  62  123  0  0  0  196980  6340  0  11  1574  0  0  568  0  485  21  155  0  13  0  0  0  13  0  2  84  107  7389  139414  144677  0  138  0  241  1  0  0  3  0  0  0  0  0  0  0  0  0  0  0  0  1  0  0  0  0  0  0  0  0  0  0  0  0  0  1  0  0  0  0  0  0  0  0  0  0  0  0  0  0  0  0  0  0  0  0  0  0  0  0  0  0  0  0  0  0  0  0  0  0  0  0  0  0  0  0  0  0  0  0  0  524  0  5  971  45  0  0  0  0  0  0  
1  0  58148  0  0  78  522  41  21130  10446  1772  0  0  0  2  23  0  0  0  4  0  3638  0  0  12  0  168254  240  1987  0  0  0  1  0  0  0  0  0  0  0  0  0  0  9006  452  69722  0  2  0  0  0  5  0  45  0  25597  0  6  0  0  0  0  0  0  88818  442  1319  4  776  0  111701  0  21  0  0  0  23  0  0  0  0  0  301  49  1075  0  0  0  0  0  0  0  0  1  0  66  0  0  0  0  44  0  0  23112  0  0  0  0  0  0  0  0  0  0  0  0  0  0  0  159  0  0  0  0  0  0  0  0  0  0  0  0  0  0  0  0  0  0  6  102  0  0  0  0  1858  0  0  0  0  0  0  2  7  2  0  0  0  0  0  0  
22324  0  0  0  14536  3167  4  0  0  0  0  0  0  1  1  3034  0  4  0  0  0  0  0  37371  0  0  0  0  0  0  0  18343  0  0  0  0  0  0  1  0  0  0  0  0  0  0  150  1  0  0  0  1  13  3  0  0  0  0  0  0  0  0  95083  1232  0  15  0  0  0  73385  0  0  0  0  0  0  0  0  0  8  0  0  0  0  0  0  0  0  0  7  0  0  0  0  0  0  0  0  0  0  0  0  0  0  311  0  0  0  0  0  0  0  0  0  0  0  0  0  0  0  0  0  0  0  0  0  0  0  0  0  0  0  0  0  0  0  0  0  0  11  0  0  0  44  0  0  0  0  0  296  1  1132  4707  2897  0  2  0  1  0  0  
2  0  0  0  0  3432  0  0  0  0  0  0  0  0  0  94  12  106  0  0  3  0  7  278  0  0  0  0  0  0  15089  0  0  0  0  0  0  0  0  0  0  0  1  0  0  0  79  5  0  0  0  0  0  0  0  0  0  0  0  0  0  0  15719  184  0  23378  0  0  0  24486  0  0  0  0  0  0  0  0  0  0  0  0  0  0  0  0  0  0  0  0  0  0  0  0  0  1  0  0  0  0  0  0  0  0  4  194  0  0  0  0  0  0  0  0  0  0  0  0  0  0  0  0  0  0  0  0  0  0  0  0  0  0  0  0  1  0  8  0  0  544  0  0  0  0  0  0  0  0  89  28446  525  11221  10142  15450  0  180  7  19  11  20  
0  0  0  1484  0  0  0  0  0  0  0  1  0  0  0  0  25  0  0  0  0  0  0  0  11  3455  5  1  7  0  0  0  0  39872  3404  3346  0  0  0  0  13480  0  6  0  13  1  0  48311  77  0  0  0  0  0  0  68  0  1  0  0  0  0  0  0  1  0  4  10  6  0  0  0  453  52374  0  0  0  0  0  0  0  0  0  0  0  0  0  0  0  0  0  0  0  0  0  0  0  0  0  0  0  0  0  0  0  0  0  0  0  0  0  0  0  0  0  0  0  0  0  0  0  0  0  0  0  0  0  0  0  0  0  0  0  0  0  0  0  0  0  0  0  0  0  0  0  0  0  0  7  0  7  115  1413  2  0  0  0  0  0  0  
1  0  0  554  0  0  0  0  0  0  0  72  0  1  0  0  0  1  0  0  0  0  39  0  1  10160  0  0  1  0  0  0  40562  0  97387  92630  5  8968  0  2  7502  0  19152  0  11  0  1  64948  67  234  0  25  0  0  93  1  0  0  1  12  13  2  0  0  0  0  0  3  0  0  0  427  136007  19306  0  0  0  0  0  0  0  0  0  0  0  0  0  0  0  0  0  0  0  0  0  0  0  0  0  0  0  0  0  0  0  0  0  0  0  0  0  0  0  0  0  0  0  0  0  0  0  0  0  0  0  0  0  0  0  0  0  0  0  0  0  0  0  0  0  0  0  0  0  0  0  0  0  0  130  0  169  120  85  1  0  0  0  0  0  0  
0  0  0  131  0  0  0  0  0  0  0  20  1  2  0  0  15431  501  0  0  0  0  25682  39  0  0  0  0  0  0  0  1  3252  92981  0  11  30  393  0  0  6  0  51865  0  0  0  174  64567  1  278  0  0  0  0  0  0  0  0  3  12  372  0  10  0  0  0  0  0  0  0  0  294  42165  223  0  0  0  0  0  0  0  0  0  0  0  0  0  0  0  0  0  0  0  0  0  0  0  0  0  0  0  0  0  0  0  0  0  0  0  0  0  0  0  0  0  0  0  0  0  0  0  0  0  0  0  0  0  0  0  0  0  0  0  0  0  0  0  0  0  0  0  0  0  0  0  0  0  0  11553  0  38  4  441  0  0  0  0  1  0  0  
0  0  0  8  0  3  0  0  0  0  0  0  0  2  8  0  2  0  1  1  0  0  1  1  357  64798  2  6  75  0  0  0  1455  94306  3  0  0  13  0  25  43128  0  20  1  754  0  0  3402  222  0  0  197  0  5  11658  5491  0  2  2  0  1  1  0  1  5  0  7235  451  30  0  4  2  33650  16173  0  0  0  0  0  0  0  0  0  0  0  0  0  0  0  0  0  0  0  0  0  0  0  0  0  0  0  0  0  0  0  0  0  0  0  0  0  0  0  0  0  0  0  0  0  0  0  0  0  0  0  0  0  0  0  0  0  0  0  0  0  0  0  0  0  0  0  0  0  0  0  0  0  0  69  3  62  156  543  8  0  0  0  0  0  0  
0  412  0  0  0  0  0  0  0  0  0  0  0  0  0  0  1  0  4  0  533  0  360  0  0  0  0  0  0  0  0  0  0  1  125  0  0  64688  0  0  0  0  18502  0  0  0  0  22  0  60113  0  0  0  0  0  0  0  0  427  49927  835  0  0  0  0  0  0  0  0  0  0  130229  2508  0  0  0  0  0  0  0  0  0  0  0  0  0  0  0  0  0  0  0  0  0  0  0  0  0  0  0  0  0  0  0  0  0  0  0  0  0  0  0  0  0  0  0  0  0  0  0  0  0  0  0  0  0  0  0  0  0  0  0  0  0  0  0  0  0  0  0  0  0  0  0  0  0  0  0  41  0  20  0  0  0  0  0  0  0  0  0  
0  51  0  0  0  0  0  0  0  0  0  2  0  0  0  0  0  0  2345  0  39  0  7  0  6  1355  0  0  0  0  0  0  0  10555  225  3  57512  0  0  0  0  0  15446  3  0  0  0  126  0  1440  3  0  0  0  0  0  14  41  15255  9139  618  0  0  0  0  0  0  0  0  0  0  121848  202981  1  0  0  0  0  0  0  0  0  0  0  0  0  0  0  0  0  0  0  0  0  0  0  0  0  0  0  0  0  0  0  0  0  0  0  0  0  0  0  0  0  0  0  0  0  0  0  0  0  0  0  0  0  0  0  0  0  0  0  0  0  0  0  0  0  0  0  0  0  0  0  0  0  0  0  11  0  211  3  0  0  0  0  0  0  0  0  
278  0  0  1  0  249  0  0  0  0  0  99  29689  26249  2  0  0  35  0  0  0  0  0  27936  0  201  0  0  0  0  0  0  0  0  0  10  0  0  0  1384  310  0  0  0  1  0  2011  0  31558  0  0  8063  1  1  0  6  0  0  0  0  0  1305  0  32515  0  0  10  76  0  0  0  0  0  0  0  0  0  0  0  0  0  0  0  0  0  0  0  0  0  0  0  0  0  0  0  0  0  0  0  0  0  0  0  0  0  0  0  0  0  0  0  0  0  0  0  0  0  0  0  0  0  0  0  0  0  0  0  0  0  0  0  0  0  0  0  0  0  0  0  0  0  0  0  0  0  0  0  0  0  7  0  0  1149  2  0  0  0  0  0  0  
105  0  0  4  0  15  1  0  0  0  0  39898  100  62445  33  0  0  7  0  0  0  0  0  257  0  2201  0  0  11  0  0  0  0  0  0  249  0  0  760  0  1191  0  0  0  54  0  1  3  41044  0  0  15163  34  6  3  131  0  0  0  0  0  51  0  125  0  1  177  1747  1  0  0  0  2  0  0  0  0  0  0  0  0  0  0  0  0  0  0  0  0  0  0  0  0  0  0  0  0  0  0  0  0  0  0  0  0  0  0  0  0  0  0  0  0  0  0  0  0  0  0  0  0  0  0  0  0  0  0  0  0  0  0  0  0  0  0  0  0  0  0  0  0  0  0  0  0  0  0  0  0  0  0  0  2440  1  0  0  0  0  0  0  
4  0  0  637  0  10  0  0  0  3  0  6  2  176  25  0  5107  10  6  0  0  0  2  43  300  51040  9  43  180  0  0  0  15221  5918  1  52548  0  13  77  365  0  0  64  6  2568  0  6  59439  36103  0  0  6948  1  10  1341  3026  2  34  4  2  4  185  0  30  60  0  5153  1557  94  0  11  15  20731  16196  0  0  0  0  0  0  0  0  0  0  0  0  0  0  0  0  0  0  0  0  0  0  0  0  0  0  0  0  0  0  0  0  0  0  0  0  0  0  0  0  0  0  0  0  0  0  0  0  0  0  0  0  0  0  0  0  0  0  0  0  0  0  0  0  0  0  0  0  0  0  0  0  0  0  290  15  549  1924  61740  13944  0  0  0  0  0  0  
0  44284  0  0  0  0  0  0  0  0  19273  0  0  0  0  0  0  0  28134  5605  0  44408  0  0  4  0  0  0  0  0  0  0  0  0  0  0  0  0  0  0  0  0  0  36880  0  0  0  0  0  0  6604  0  0  0  0  0  52534  1705  0  0  50  0  0  0  131  0  0  0  0  0  0  0  13  0  0  0  0  0  0  0  0  0  0  0  1  0  0  0  0  0  0  0  0  0  0  0  0  0  0  0  0  0  0  0  0  0  0  0  0  0  0  0  0  0  0  0  0  0  0  0  0  0  0  0  0  0  0  0  0  0  0  0  0  0  0  0  0  0  0  0  0  0  0  0  0  0  0  0  0  0  0  0  0  0  0  0  0  0  0  0  
0  0  0  0  0  0  0  0  0  0  0  0  0  0  0  0  71  0  0  0  11  0  35995  6  0  0  0  0  0  0  0  0  0  18238  26879  6  24291  20686  0  0  4  0  0  0  0  0  0  2570  0  7772  0  0  0  0  0  0  0  1  15  94  10553  0  0  1  0  0  0  0  0  0  0  15673  12874  4  0  0  0  0  0  0  0  0  0  0  0  0  0  0  0  0  0  0  0  0  0  0  0  0  0  0  0  0  0  0  0  0  0  0  0  0  0  0  0  0  0  0  0  0  0  0  0  0  0  0  0  0  0  0  0  0  0  0  0  0  0  0  0  0  0  0  0  0  0  0  0  0  0  0  52525  0  1367  1  0  0  0  0  0  0  0  0  
0  929  0  0  0  0  1  4  3460  21259  107649  0  0  0  1  0  0  0  756  31123  12  190869  14619  0  153  0  3  2  1  9648  0  0  1  0  0  1  0  0  0  0  1  34777  0  0  3  0  0  1  0  0  12576  0  0  0  0  708  1767  12394  27  731  25446  0  0  0  72614  71  493  1  6  0  3257  377  1118  1  0  0  0  0  0  0  0  0  0  1  237  0  0  0  0  0  0  0  0  0  0  966  0  0  0  0  0  0  0  1  0  0  0  0  0  0  0  0  0  0  0  0  0  0  0  0  0  0  0  0  0  0  0  0  0  0  0  0  0  0  0  0  0  0  0  8  0  0  0  0  0  0  0  0  0  0  1081  49  0  2  0  0  0  8  0  0  
17  2  42761  91546  0  37  353  4604  956  8  0  18  2  26  4327  3378  47  15  3  7  0  3  24  23  379  2804  383  181544  221390  37  0  0  13  6  0  406  0  1  6  142  1798  1  0  5  0  31544  5  650  23899  0  3  1933  2  1107  227  1155  1  208  1  0  1  82  0  14  680  495  90305  40659  58210  0  671  0  3013  3  0  0  0  0  0  0  0  0  0  0  0  0  0  0  0  0  0  0  0  0  0  0  0  0  0  0  0  0  0  0  0  0  0  0  0  0  0  0  0  0  0  0  0  0  0  0  0  0  0  0  0  0  0  0  0  0  0  0  0  0  0  0  0  0  0  0  0  0  0  0  0  0  0  0  48  2467  1  5494  28719  11323  0  0  0  0  0  0  
8  0  67002  0  0  302  4975  44398  17530  5  0  0  0  0  20  14610  0  0  0  3  0  0  0  0  112  0  24605  9243  28881  60275  0  0  2  0  0  0  0  0  0  0  2  0  0  1  12919  0  0  7  0  0  0  75  1  2788  0  3391  0  20  0  0  0  1  0  0  10708  901  29640  157  24193  0  35970  0  376  1  0  0  12  0  0  0  1  9  150  1  0  0  0  0  0  0  0  0  0  0  0  0  0  0  0  0  0  0  0  12  0  0  0  0  0  0  0  0  0  0  0  0  0  0  0  36  0  0  0  0  0  0  0  0  0  0  0  0  0  0  0  0  0  0  0  410  0  0  0  0  65  0  0  0  0  4  0  0  40  6  0  0  0  0  0  0  
505  0  0  0  0  220  0  1  0  0  0  2  12713  22  35  0  90  25931  0  0  0  0  3  44377  0  0  0  0  0  0  33  28  0  0  4  0  0  0  975  1  0  0  1  0  0  0  0  1798  18779  0  0  1206  30  10  0  0  0  0  0  0  0  1815  192  21052  0  2  0  4  0  2  0  0  0  0  0  0  0  0  0  0  0  0  0  0  0  0  0  0  0  0  0  0  0  0  0  0  0  0  0  0  0  0  0  0  0  0  0  0  0  0  0  0  0  0  0  0  0  0  0  0  0  0  0  0  0  0  0  0  0  0  0  0  0  0  0  0  0  0  0  0  0  0  0  0  0  0  0  0  6  107  0  0  101886  347  0  0  0  0  0  0  
0  0  0  142  0  1  0  0  0  2  0  2  0  0  6  0  50022  7162  2  0  2  1  986  2303  46  78  5  7  32  0  1  2  42812  58633  62531  601  4  113  0  3  27355  0  8727  1  276  0  3941  0  753  51  0  52  0  1  42  80  1  1  31  18  81  0  1198  1  3  0  171  284  13  0  2  344  112159  31510  0  0  0  0  0  0  0  0  0  0  0  0  0  0  0  0  0  0  0  0  0  0  0  0  0  0  0  0  0  0  0  0  0  0  0  0  0  0  0  0  0  0  0  0  0  0  0  0  0  0  0  0  0  0  0  0  0  0  0  0  0  0  0  0  0  0  0  0  0  0  0  0  0  0  12125  1  2925  5923  102647  4947  0  0  0  0  0  0  
1113  0  0  51083  1  704  44  1  12  0  0  39450  1877  25385  544  2  24072  48292  0  0  0  0  0  3931  12  20805  0  4  754  0  0  0  190  15  3  711  0  0  24306  35747  60592  0  0  0  39564  2  15410  2001  0  0  0  58771  969  346  37  366  0  3  0  0  0  5916  0  6769  10  27  2744  31572  727  2  4  0  399  16  0  0  0  0  0  0  0  0  0  0  0  0  0  0  0  0  0  0  0  0  0  0  0  0  0  0  0  0  0  0  0  0  0  0  0  0  0  0  0  0  0  0  0  0  0  0  0  0  0  0  0  0  0  0  0  0  0  0  0  0  0  0  0  0  0  0  0  0  0  0  0  0  0  0  0  74  10  20  154972  107  0  0  0  0  0  0  
0  0  0  0  0  0  0  0  0  0  0  0  0  0  0  0  1  0  1  0  19879  0  775  0  0  0  0  0  0  0  0  0  0  7  194  0  84359  4110  0  0  0  0  13504  0  0  0  0  137  0  0  0  0  0  0  0  0  0  0  10  35164  45191  0  0  0  0  0  0  0  0  0  0  54041  7912  0  0  0  0  0  0  0  0  0  0  0  0  0  0  0  0  0  0  0  0  0  0  0  0  0  0  0  0  0  0  0  0  0  0  0  0  0  0  0  0  0  0  0  0  0  0  0  0  0  0  0  0  0  0  0  0  0  0  0  0  0  0  0  0  0  0  0  0  0  0  0  0  0  0  0  147  0  71  0  2  0  0  0  1  0  0  0  
0  62443  0  0  0  0  0  0  0  0  58  0  0  0  0  0  0  0  6957  1149  18201  32982  0  0  98  0  0  0  0  0  0  0  0  0  0  0  0  4  0  0  0  9236  0  12589  0  0  0  0  0  0  0  0  0  0  0  5  7775  3163  4  1  26116  0  0  0  204  0  0  0  0  0  1  3  211  0  0  0  0  0  0  0  0  0  0  0  0  0  0  0  0  0  0  0  0  0  0  0  0  0  0  0  0  0  0  0  0  0  0  0  0  0  0  0  0  0  0  0  0  0  0  0  0  0  0  0  1  0  0  0  0  0  0  0  0  0  0  0  0  0  0  0  0  0  0  0  0  0  0  0  0  0  0  0  0  0  0  0  0  0  0  0  
16389  0  0  2  7  6425  1665  38  178  2  0  45463  187  65294  166201  44  0  2  0  2  0  0  0  2786  5  2014  4  1  355  2  0  0  0  2  0  141  0  0  3650  25902  4134  0  0  0  1046  30  356  45  34681  0  0  0  34511  46945  6  183  0  21  0  0  0  23237  0  5588  72  2517  128  67045  548  0  131  0  58  0  0  0  0  0  0  0  0  0  0  0  0  0  0  0  0  0  0  0  0  0  0  0  0  0  0  0  0  0  0  0  0  0  0  0  0  0  0  0  0  0  0  0  0  0  0  0  0  0  0  0  0  0  0  0  0  0  0  0  0  0  0  0  0  0  0  0  0  0  0  0  0  0  0  0  0  2322  0  96  86764  427  0  0  0  0  0  0  
42515  0  0  0  28568  38437  856  9  54  0  0  0  0  9  143297  4852  0  0  0  0  0  0  0  907  1  0  1  2  4  1  2  0  0  0  0  0  0  0  0  1  0  0  0  0  23  13  24  0  309  0  0  35825  0  53791  0  4  0  0  0  0  0  14945  19  1025  0  769  2  905  112  10  66  0  0  0  0  0  0  0  0  0  0  0  0  0  0  0  0  0  0  0  0  0  0  0  0  0  0  0  0  0  0  0  0  0  0  0  0  0  0  0  0  0  0  0  0  0  0  0  0  0  0  0  0  0  0  0  0  0  0  0  0  0  0  0  0  0  0  0  0  0  0  0  0  0  0  0  0  0  0  10  0  0  681  0  0  0  0  0  0  0  
5410  0  0  0  1401  46293  56211  9398  4006  24  0  0  0  1  157530  187478  0  0  0  2  1  1  0  226  40  1  61  43  914  89  1  0  0  0  0  1  0  0  0  0  0  0  0  0  4084  4797  3  0  26  0  1  52796  46891  0  1  236  0  65  0  0  0  518  55  264  269  14326  142  15065  33721  34  2645  0  127  0  0  0  0  0  0  0  0  0  0  0  0  0  0  0  0  0  0  0  0  0  0  0  0  0  0  0  0  0  0  0  0  0  0  0  0  0  0  0  0  0  0  0  0  0  0  0  0  0  0  0  0  0  0  0  0  0  0  0  0  0  0  0  0  0  0  0  0  0  0  0  0  0  0  0  0  1745  0  18  1832  152  0  0  0  0  0  0  
0  0  0  0  0  0  1  0  0  0  0  0  0  1  19  0  0  0  1  0  0  0  0  0  44168  31521  8  4  123  0  0  0  1  19  0  25166  0  0  0  13  3348  0  0  0  1217  1  0  490  74  0  0  122  0  8  0  23150  1  10  0  0  0  0  0  0  11  0  1256  678  51  0  17  1  25813  10  0  0  0  0  0  0  0  0  0  0  0  0  0  0  0  0  0  0  0  0  0  0  0  0  0  0  0  0  0  0  0  0  0  0  0  0  0  0  0  0  0  0  0  0  0  0  0  0  0  0  0  0  0  0  0  0  0  0  0  0  0  0  0  0  0  0  0  0  0  0  0  0  0  0  2  18  5  38  417  31  0  0  0  0  0  0  
0  48  0  0  0  4  108  186  207  0  12  1  0  0  138  5  0  0  1351  9569  22  171  1  1  174871  27510  211619  826  5339  37402  0  0  6  13  0  10073  0  11  0  20  12643  23  0  237  4052  1317  0  397  142  0  93  169  0  87  10072  0  142  38806  16  4  69  2  0  1  94776  411  82007  2760  2439  0  22246  6  29322  12  0  0  0  0  0  0  0  0  0  0  0  0  0  0  0  0  0  0  0  0  0  0  0  0  0  0  0  0  0  0  0  0  0  0  0  0  0  0  0  0  0  0  0  0  0  0  0  0  0  0  0  0  0  0  0  0  0  0  0  0  0  0  0  0  0  0  0  0  0  0  0  0  0  0  4  103  7  182  1310  1189  0  0  0  0  0  0  
0  21287  0  0  0  0  0  0  0  0  129  0  0  0  0  0  0  0  118082  694  12254  223  0  0  1174  0  0  0  0  0  0  0  0  0  0  0  0  132  0  0  1  45076  0  2724  0  0  0  0  0  0  12102  0  0  0  0  23  0  23100  10002  576  2823  0  0  0  87  0  7  0  0  0  0  582  3060  0  0  0  0  0  0  0  0  0  0  0  0  0  0  0  0  0  0  0  0  0  0  0  0  0  0  0  0  0  0  0  0  0  0  0  0  0  0  0  0  0  0  0  0  0  0  0  0  0  0  0  0  0  0  0  0  0  0  0  0  0  0  0  0  0  0  0  0  0  0  0  0  0  0  0  0  0  0  0  0  0  0  0  0  0  0  0  
0  7417  0  0  0  0  1  0  0  0  705  0  0  0  29  0  0  0  97747  80193  4663  5988  0  0  12193  42  193  14  14  0  0  0  0  0  0  8  0  44  0  2  70  5558  0  10135  162  3  0  1  1  0  12011  4  0  22  1  35675  19693  0  158  56  2592  0  0  0  17805  0  1753  33  26  0  78  81  21713  0  0  0  0  0  0  0  0  0  0  0  0  0  0  0  0  0  0  0  0  0  0  0  0  0  0  0  0  0  0  0  0  0  0  0  0  0  0  0  0  0  0  0  0  0  0  0  0  0  0  0  0  0  0  0  0  0  0  0  0  0  0  0  0  0  0  0  0  0  0  0  0  0  0  0  4  5  0  96  111  789  0  0  0  0  0  0  
0  32529  0  0  0  0  0  0  0  0  0  0  0  0  0  0  0  0  32605  0  31536  2  2  0  315  0  0  0  0  0  0  0  0  0  0  0  426  15907  0  0  2  0  0  337  0  0  0  2  0  2  74  0  0  0  0  5  17974  2323  0  41633  2432  0  0  0  1  0  2  0  0  0  0  44397  18232  0  0  0  0  0  0  0  0  0  0  0  0  0  0  0  0  0  0  0  0  0  0  0  0  0  0  0  0  0  0  0  0  0  0  0  0  0  0  0  0  0  0  0  0  0  0  0  0  0  0  0  0  0  0  0  0  0  0  0  0  0  0  0  0  0  0  0  0  0  0  0  0  0  0  0  0  0  138  0  0  2  0  0  0  0  0  0  
0  1308  0  0  0  0  0  0  0  0  0  0  0  0  0  0  0  0  2466  0  81028  2  2  0  220  0  0  0  0  0  0  0  0  0  0  0  45598  17512  0  0  0  1  15  197  0  0  0  8  0  21063  17  0  0  0  0  5  3602  1240  29105  0  36176  0  0  0  0  0  0  0  0  0  0  46328  2283  0  0  0  0  0  0  0  0  0  0  0  0  0  0  0  0  0  0  0  0  0  0  0  0  0  0  0  0  0  0  0  0  0  0  0  0  0  0  0  0  0  0  0  0  0  0  0  0  0  0  0  0  0  0  0  0  0  0  0  0  0  0  0  0  0  0  0  0  0  0  0  0  0  0  0  0  0  861  3  1  0  0  0  0  0  0  0  
0  5830  0  0  0  0  0  0  0  1  14  0  0  0  0  0  0  0  10535  639  119299  77054  57855  0  254  0  0  0  1  0  0  0  0  0  531  9  4680  3745  0  0  0  76  20770  38296  0  0  0  145  0  45774  33089  0  0  0  0  5  4258  3488  2102  58544  0  0  0  0  280  0  1  0  0  0  0  8492  7085  0  0  1  0  0  0  0  0  0  0  0  0  0  0  0  0  0  0  0  0  0  0  10  0  0  0  0  0  0  0  0  0  1  0  0  0  0  0  0  0  0  0  0  0  0  0  0  0  0  0  0  1  0  0  0  0  0  0  0  0  0  2  0  0  0  0  0  0  0  0  0  0  0  0  0  605  0  49180  26  1  0  0  0  7  2  1  0  
14176  0  0  0  1  2274  15  0  0  0  0  1  506  19185  18905  2  0  0  0  0  0  0  0  28421  0  1  0  0  0  0  0  0  0  0  0  0  0  0  430  40  14  0  0  0  12  0  2527  0  3339  0  0  13219  7610  40  0  1  0  0  0  0  0  0  4  9766  0  30  0  21  5  8  1  0  0  0  0  0  0  0  0  0  0  0  0  0  0  0  0  0  0  0  0  0  0  0  0  0  0  0  0  0  0  0  0  0  0  0  0  0  0  0  0  0  0  0  0  0  0  0  0  0  0  0  0  0  0  0  0  0  0  0  0  0  0  0  0  0  0  0  0  0  0  0  0  0  0  0  0  0  0  3  0  0  1444  1  0  0  0  0  0  0  
404  0  0  0  11  156  0  0  0  0  0  0  61  0  0  5  767  10654  0  0  2  0  320  96705  0  0  0  0  0  0  88633  15897  0  0  15  0  0  0  0  0  0  0  7  0  0  0  4731  105  0  0  0  0  9  0  0  0  0  0  0  0  0  1  0  50162  0  0  0  0  0  12842  0  0  0  0  0  0  0  0  0  0  0  0  0  0  0  0  0  0  0  1  0  0  0  0  0  1  0  0  0  0  0  0  0  0  11  25  0  0  0  0  0  0  0  0  0  0  0  0  0  0  0  0  0  0  0  0  0  0  0  0  0  0  0  0  1  0  15  0  0  0  0  0  0  0  0  0  0  0  155  509  725  5221  46423  10330  0  6  3  4  28  1  
13265  0  0  0  65  4852  8  0  0  0  0  4  18258  3605  37  9  0  1  0  0  0  0  0  155301  0  6  0  0  0  0  1019  291  0  0  0  0  0  0  27910  30  11  0  3  0  1  1  13335  0  2982  0  0  2228  1075  51  0  0  0  0  0  0  0  8015  55684  0  0  8  0  8  2  9668  1  0  0  0  0  0  0  0  0  0  0  0  0  0  0  0  0  0  0  0  0  0  0  0  0  0  0  0  0  0  0  0  0  0  0  0  0  0  0  0  0  0  0  0  0  0  0  0  0  0  0  0  0  0  0  0  0  0  0  0  0  0  0  0  0  0  0  0  0  0  0  0  0  0  0  0  0  0  0  2305  0  2  15648  973  0  0  0  0  0  0  
0  141  0  0  0  1  6  3  916  71  62677  0  0  0  18  2  0  0  102  50784  7  3884  9  0  1704  25  43076  37  196  93825  0  0  0  0  0  3  0  8  0  1  94  676  0  84299  199  387  0  5  2  0  1020  4  0  12  1  92563  149  18240  8  6  224  0  0  0  0  9  1209  48  117  0  26420  1  3585  0  0  0  0  0  0  0  0  0  0  0  215  0  0  0  0  0  0  0  0  0  0  6  0  0  0  0  0  0  0  24  0  0  0  0  0  0  0  0  0  0  0  0  0  0  0  0  0  0  0  0  0  0  0  0  0  0  0  0  0  0  0  0  0  0  0  0  0  0  0  0  1  0  0  0  3  23  7  73  91  475  0  0  0  0  0  0  
139  0  28  0  0  63800  75085  28524  104931  70647  0  0  0  0  59  2109  0  0  0  0  0  0  0  5  0  0  2  131  97  359  19  20445  0  0  0  0  0  0  0  0  3  0  0  745  702  811  5  5  4  0  0  517  120  352  0  16  0  1  0  0  0  50  3  32  51  0  103  196  1486  1315  3079  0  16  0  0  0  0  0  0  2193  404  305  517  85  0  0  0  0  0  3  0  0  0  0  0  0  0  0  0  0  0  0  0  13  0  7  0  0  0  0  0  0  0  0  0  0  0  0  0  9  0  0  0  0  0  0  0  0  0  0  0  0  0  0  0  0  0  0  0  27293  0  0  0  0  71  0  0  0  0  2252  105  255  37  16  0  1  0  21  0  0  
6  3  18585  6603  0  23  323  445  917  17  1  6  0  23  297  1321  60  16  6  14  0  5  31  7  2998  83213  92081  135257  10642  688  0  0  14  2  1  18015  0  2  21  206  9669  1  0  8  72388  42783  0  590  11251  0  3  867  3  237  455  72839  5  731  2  0  4  6  0  6  2492  867  0  7230  5706  0  25189  0  2599  2  0  0  0  0  0  0  0  0  0  0  0  0  0  0  0  0  0  0  0  0  0  0  0  0  0  0  0  0  0  0  0  0  0  0  0  0  0  0  0  0  0  0  0  0  0  0  0  0  0  0  0  0  0  0  0  0  0  0  0  0  0  0  0  0  0  1  0  0  0  0  0  0  0  0  128  274  3  6223  16914  21046  0  0  0  0  0  0  
415  0  0  30797  0  833  734  34  171  1  0  39480  3  168  30123  9  4  1  0  0  0  1  0  62  89  5374  43  54  128579  1  0  0  0  0  0  763  0  0  81  2246  3606  0  0  0  37988  10  5  28  34718  0  1  67335  122  11570  63  616  0  45  0  2  0  144  0  64  126  1503  1585  0  33053  0  98  0  929  0  0  0  0  0  0  0  0  0  0  0  0  0  0  0  0  0  0  0  0  0  0  0  0  0  0  0  0  0  0  0  0  0  0  0  0  0  0  0  0  0  0  0  0  0  0  0  0  0  0  0  0  0  0  0  0  0  0  0  0  0  0  0  0  0  0  0  0  0  0  0  0  0  0  0  1  7599  2  254  48687  1777  0  0  0  0  0  0  
34  0  214  19  0  231  2605  38780  4900  16  0  0  0  0  39196  42806  0  0  0  6  0  2  0  0  84  51  396  517  126717  12  0  0  0  0  0  21  0  0  0  3  17  2  0  2  82621  17228  0  1  154  0  0  678  9  32506  5  457  0  90  1  0  0  7  0  2  629  8887  1399  23291  0  0  1099  0  244  0  0  0  0  0  0  0  0  0  0  0  0  0  0  0  0  0  0  0  0  0  0  0  0  0  0  0  0  0  0  0  0  0  0  0  0  0  0  0  0  0  0  0  0  0  0  0  0  0  0  0  0  0  0  0  0  0  0  0  0  0  0  0  0  0  0  0  0  0  0  0  0  0  0  0  0  355  0  30  736  190  0  0  0  0  0  0  
15168  0  0  0  11095  61058  9  0  0  0  0  0  1  1  7  14880  0  1  0  0  0  0  0  11829  0  0  0  0  0  0  67972  24080  0  0  0  0  0  0  1  0  0  0  0  0  0  0  15  0  1  0  0  1  44  6  0  0  0  0  0  0  0  2  20106  5299  0  705  0  0  0  0  0  0  0  0  0  0  0  0  0  9  0  0  0  0  0  0  0  0  0  1  0  0  0  0  0  0  0  0  0  0  0  0  0  0  6  2  0  0  0  0  0  0  0  0  0  0  0  0  0  0  0  0  0  0  0  0  0  0  0  0  0  0  0  0  0  0  0  0  0  15  0  0  0  1  0  0  0  0  0  2360  0  3  248  1222  0  0  0  0  0  0  
6  1  1395  0  0  268  2820  106  36894  66  1  0  0  0  1  11  0  0  1  5  0  1  0  0  178  1  11061  1061  1575  92866  0  0  0  0  0  0  0  0  0  0  2  0  0  717  1681  20937  0  2  0  0  2  48  0  183  2  13543  1  151  0  0  0  1  0  0  28580  1838  12904  23  5068  0  0  0  678  0  0  0  13  0  0  0  0  0  71  3  4  0  0  0  0  0  0  0  0  0  0  2  0  0  0  0  1  0  0  537  0  0  0  0  0  0  0  0  0  0  0  0  0  0  0  34  0  0  0  0  0  0  0  0  0  0  0  0  0  0  0  0  0  0  0  18  0  0  0  0  172  0  0  0  0  0  1  4  35  8  0  0  0  0  0  0  
0  432  0  0  0  0  0  0  0  0  0  0  0  0  0  0  1  0  956  0  1707  0  15  0  141  0  0  0  0  0  0  0  0  46  261  0  119497  134673  0  0  0  0  21689  354  0  0  0  119  0  38921  10  0  0  0  0  6  1322  422  42009  59732  3359  0  0  0  1  0  0  0  0  0  0  0  41636  0  0  0  0  0  0  0  0  0  0  0  0  0  0  0  0  0  0  0  0  0  0  0  0  0  0  0  0  0  0  0  0  0  0  0  0  0  0  0  0  0  0  0  0  0  0  0  0  0  0  0  0  0  0  0  0  0  0  0  0  0  0  0  0  0  0  0  0  0  0  0  0  0  0  0  29  0  450  2  0  0  0  0  0  0  0  0  
1  479  0  0  0  3  5  1  1  2  24  0  0  2  279  0  7  2  34191  148  938  317  259  3  149049  29347  894  59  1611  3  0  0  174  133357  38506  43478  3403  207434  0  30  7202  63  31339  533  5533  54  0  116948  703  5353  702  413  0  151  26707  22201  3594  29300  5184  4015  5016  3  0  5  1126  3  3112  6925  368  0  925  39839  0  17370  0  0  0  0  0  0  0  0  0  0  0  0  0  0  0  0  0  0  0  0  0  0  0  0  0  0  0  0  0  0  0  0  0  0  0  0  0  0  0  0  0  0  0  0  0  0  0  0  0  0  0  0  0  0  0  0  0  0  0  0  0  0  0  0  0  0  0  0  0  0  0  0  0  0  1926  69  6648  1784  5551  815  0  0  0  0  0  0  
0  0  0  0  0  0  0  0  0  0  0  0  0  0  0  0  1  1  0  0  0  0  3  0  1  21  0  0  0  0  0  0  49391  16339  35  16183  0  4  0  0  14924  0  41  0  21  0  0  31514  3  0  0  3  0  0  59  15  0  0  1  0  5  0  0  0  0  0  1  11  0  0  0  22  18804  0  0  0  0  0  0  0  0  0  0  0  0  0  0  0  0  0  0  0  0  0  0  0  0  0  0  0  0  0  0  0  0  0  0  0  0  0  0  0  0  0  0  0  0  0  0  0  0  0  0  0  0  0  0  0  0  0  0  0  0  0  0  0  0  0  0  0  0  0  0  0  0  0  0  0  669  0  381  2865  347  0  0  0  0  0  0  0  
0  0  0  0  0  0  0  0  0  0  0  0  0  0  0  0  0  0  0  0  0  0  0  0  0  0  0  0  0  0  0  0  0  0  0  0  0  0  0  0  0  0  0  0  0  0  0  0  0  0  0  0  0  0  0  0  0  0  0  0  0  0  0  0  0  0  0  0  0  0  0  0  0  0  0  0  0  0  44962  22321  113  11  0  0  0  0  1  0  19167  17428  0  0  0  0  0  0  0  76791  0  0  1  0  9  0  3644  2  0  0  0  0  0  0  14  0  0  0  0  0  10  1  858  0  34  0  0  1811  40401  1529  0  0  0  0  0  0  0  8420  417  5336  0  252  8  45  7  495  2  0  0  0  0  0  0  0  0  0  0  3159  0  0  655  0  
0  1  0  0  0  0  0  0  0  0  0  0  0  0  0  0  0  0  0  0  0  0  0  0  0  0  0  0  0  0  0  0  0  0  0  0  0  0  0  0  0  0  0  0  0  0  0  0  0  0  0  0  0  0  0  0  0  0  0  0  0  0  0  0  0  0  0  0  0  0  0  0  0  0  0  0  0  0  0  0  0  0  0  0  2  0  0  0  0  0  0  0  48053  53  67203  34  0  0  0  0  0  0  0  0  0  0  0  1  7  0  12736  86  0  0  2  46343  15  40  0  0  0  12  0  1  26915  0  0  0  0  0  31130  1179  43188  43809  1994  0  0  0  0  0  1  0  0  0  0  28763  648  0  0  0  0  1  0  0  0  0  1  0  1  0  
0  0  3770  0  0  0  0  32  11  0  0  0  0  0  0  1259  0  0  0  0  0  0  0  0  0  0  0  6  1  53  0  0  0  0  0  0  0  0  0  0  0  0  0  0  0  10  0  0  0  0  0  0  0  0  0  0  0  0  0  0  0  0  0  0  0  3  0  0  0  0  9  0  0  0  0  0  0  0  0  15  79  5081  877  2  0  0  0  0  6  61548  0  0  0  1  0  0  0  0  2  0  23311  38518  26238  36155  0  0  0  0  0  0  0  0  0  0  3  0  0  57  30831  84004  0  2  0  0  5  2  3  61  0  229  2  9  0  0  0  0  0  0  48  446  28503  16  11281  0  1311  0  3  0  0  0  0  0  0  0  0  106  0  0  2  0  
0  0  0  0  0  0  0  0  0  0  0  0  0  0  0  0  0  0  0  0  0  0  0  0  0  0  0  0  0  0  0  0  0  0  0  0  0  0  0  0  0  0  0  0  0  0  0  0  0  0  0  0  0  0  0  0  0  0  0  0  0  0  0  0  0  0  0  0  0  0  0  0  0  0  0  0  0  0  0  0  0  0  0  0  0  40402  0  3  0  0  30  1  0  0  0  0  0  0  1  84363  0  30166  23100  0  0  0  492  865  79  822  0  0  1  3  17424  0  0  0  28674  0  0  38  24076  0  0  21  0  0  0  0  0  0  0  0  0  0  0  0  0  0  2424  20576  1  0  0  0  13  510  0  0  0  0  0  0  0  11  2  0  127  0  
0  0  0  0  0  0  0  0  0  0  0  0  0  0  0  1  0  0  0  0  0  0  0  0  0  0  0  0  0  0  0  0  0  0  0  0  0  0  0  0  0  0  0  0  0  0  0  0  0  0  0  0  0  0  0  0  0  0  0  0  0  0  0  0  0  0  0  0  0  0  0  0  0  0  37275  0  0  0  0  13707  102  9  0  0  0  0  0  0  19868  95777  0  0  0  0  0  0  0  1049  0  0  1  1  3  0  9  0  0  0  0  0  0  0  0  0  0  0  0  0  2  1  146  0  5  0  0  419  21698  1242  0  0  0  0  0  0  0  23  20  666  0  149  5  21  6  2  0  0  0  0  0  0  0  0  0  0  0  458  0  0  268  0  
0  0  0  0  0  162  96  55  1  0  0  0  0  0  0  114  0  0  0  0  0  0  0  0  0  0  0  0  0  0  18  6  0  0  0  0  0  0  0  0  0  0  0  0  0  1  0  0  0  0  0  0  0  0  0  0  0  0  0  0  0  0  0  0  0  2285  0  0  0  7  0  0  0  0  12736  0  3  0  33037  0  67198  1256  37  0  0  0  0  0  3288  156292  0  0  0  0  0  0  0  21586  0  0  0  8  33  0  5890  8165  0  0  0  0  0  0  2  0  0  0  0  0  84  18  1105  0  29  0  0  2183  20632  56021  0  3  0  0  0  0  0  332  19670  10642  10  47495  38  216  52  48501  104  0  0  0  0  4  0  0  0  7  0  15453  0  3  793  7  
0  0  12  0  0  26  546  1182  51  0  0  0  0  0  0  642  0  0  0  0  0  0  0  0  0  0  0  0  0  2  0  0  0  0  0  0  0  0  0  0  0  0  0  0  0  1  0  0  0  0  0  0  0  0  0  0  0  0  0  0  0  0  0  0  0  533  0  0  0  0  0  0  0  0  12  1  37  0  8  103694  0  42595  710  2  0  0  0  0  412  74049  0  0  0  0  0  0  0  16  0  0  13  33  102  14  1  9  0  0  0  0  0  0  0  0  2  0  0  40  300  949  1  0  1  0  2  1895  1766  60713  0  62  1  2  0  1  0  0  0  36  134  55973  133  185  227  2  2035  0  3  0  0  0  0  0  0  0  0  646  0  0  1  0  
0  0  64  0  0  7  256  769  172  0  0  0  0  0  0  1043  0  0  0  0  0  0  0  0  0  0  0  0  0  3  0  0  0  0  0  0  0  0  0  0  0  0  0  0  0  14  0  0  0  0  0  0  0  0  0  0  0  0  0  0  0  0  0  0  0  295  0  0  0  0  1  0  0  0  1  0  7434  0  2  2334  102954  0  13981  4  0  0  0  0  269  92876  0  0  1  1  0  0  0  0  2  0  42  12  6258  25  0  0  0  0  0  0  0  0  0  0  1  1  0  90  232  30689  1  0  0  0  1  435  144  22260  2  104  0  0  0  0  0  1  0  0  249  40861  160  143  30684  0  9310  0  4  0  0  0  0  0  0  0  0  1227  0  0  6  0  
0  0  159  0  0  2  60  174  551  3  0  0  0  0  0  400  0  0  0  0  0  0  0  0  0  0  0  0  0  493  0  0  0  0  0  0  0  0  0  0  0  0  0  1  0  254  0  0  0  0  0  0  0  0  0  0  0  0  0  0  0  0  0  0  0  735  0  0  0  0  77  0  0  0  0  0  2488  0  0  226  3188  31024  0  19496  0  0  0  0  7  704  0  0  0  0  0  0  0  0  0  0  6  4  4  7585  0  0  0  0  0  0  0  0  0  0  0  0  0  2035  63  26556  0  0  0  0  0  13  7  13  0  45  0  0  0  0  1  0  0  0  5875  80716  2  11  8  0  59604  0  0  0  0  0  0  0  0  0  0  18  10  2  0  0  
0  0  0  0  0  0  0  0  48  18  2  0  0  0  0  0  0  0  0  0  0  7  0  0  0  0  0  0  0  128  0  0  0  0  0  0  0  0  0  0  0  0  0  4  0  0  0  0  0  0  0  0  0  0  0  0  0  0  0  0  2  0  0  0  0  68  0  0  0  0  12  0  0  0  0  0  0  0  0  0  1  1  33902  0  38  0  0  0  0  0  0  0  0  0  0  675  7176  0  0  0  0  0  0  18747  0  0  0  0  0  0  0  0  0  0  0  0  0  33848  1  1  0  0  0  0  0  0  0  0  0  15  0  0  0  0  0  0  0  0  3668  22398  0  0  0  0  1259  0  0  0  0  0  0  0  0  0  0  0  2364  82  19  0  
0  0  0  0  0  0  0  0  1  0  6603  0  0  0  0  0  0  0  0  1  0  817  0  0  0  0  241  0  0  748  0  0  0  0  0  0  0  0  0  0  0  0  0  207  0  0  0  0  0  0  0  0  0  0  0  0  0  0  0  0  0  0  0  0  69  0  0  0  0  0  3  0  0  0  0  0  0  0  0  0  0  0  0  36  0  0  0  0  0  0  0  0  3  82363  6  49525  4  0  1  0  178  0  0  10437  0  0  0  0  0  0  0  0  0  0  0  33287  0  155117  0  0  0  0  0  0  327  0  0  0  0  8  141  11727  0  0  119  0  0  0  90925  0  2  0  0  0  5  0  2  0  0  0  0  0  0  0  0  1  0  0  0  0  
0  0  0  0  0  0  0  0  0  0  0  0  0  0  0  0  0  0  0  0  0  0  0  0  0  0  0  0  0  0  0  0  0  0  0  0  0  0  0  0  0  0  0  0  0  0  0  0  0  0  0  0  0  0  0  0  0  0  0  0  0  0  0  0  0  0  0  0  0  0  0  0  0  0  0  0  0  47295  0  1  0  0  0  0  0  0  12  15315  46  0  4  133  0  0  0  0  0  2  0  393  0  120  1411  0  0  0  61  38  94  0  0  0  479  38615  50  0  0  0  8417  0  108  24  75027  0  0  9997  0  0  2  0  0  0  0  2  3  0  0  2  0  0  5  53720  2  0  0  0  6  0  0  0  0  0  0  0  0  423  6  0  0  0  
0  0  0  0  0  0  0  0  0  0  0  0  0  0  0  0  0  0  0  0  0  0  0  0  0  0  0  0  0  0  0  0  0  0  0  0  0  0  0  0  0  0  0  0  0  0  0  0  0  0  0  0  0  0  0  0  0  0  0  0  0  0  0  0  0  0  0  0  0  0  0  0  0  0  25  0  0  0  3  13  0  0  0  0  0  3  0  16983  162  0  0  30  0  0  0  0  0  17397  0  0  0  0  0  0  0  0  0  0  0  0  0  0  33722  103  1  0  0  0  0  0  29689  0  808  0  0  1562  45  2  0  0  0  0  0  0  0  14067  0  9823  0  1  0  3  0  0  0  0  0  0  0  0  0  0  0  0  0  11  0  0  14  0  
0  0  0  0  0  0  0  0  0  0  0  0  0  0  0  0  0  0  0  0  0  0  0  0  0  0  0  0  0  0  0  0  0  0  0  0  0  0  0  0  0  0  0  0  0  0  0  0  0  0  0  0  0  0  0  0  0  0  0  0  0  0  0  0  0  0  0  0  0  0  0  0  0  0  0  0  0  0  0  0  0  0  0  0  0  13590  21540  0  19766  0  0  2  0  0  0  0  0  20  0  0  0  0  81  0  0  0  0  0  0  0  0  0  49532  29338  36  0  0  0  42  0  83  6  3087  0  0  77579  3  0  0  0  0  0  0  0  6  3694  0  447  0  0  0  120  0  0  0  0  12  0  0  0  0  0  0  0  0  1785  15  0  5  0  
0  0  0  0  0  0  0  0  0  0  0  0  0  0  0  0  0  0  0  0  0  0  0  0  0  0  0  0  0  0  0  0  0  0  0  0  0  0  0  0  0  0  0  0  0  0  0  0  0  0  0  0  0  0  0  0  0  0  0  0  0  0  0  0  0  0  0  0  0  0  0  0  0  0  16343  0  25  0  22688  9249  628  96  3  0  0  30  96  19588  0  33856  15  24  0  0  0  0  0  10136  3  1  2  71  14145  0  0  0  0  0  0  0  0  0  841  788  83  0  0  0  2482  7  34  6  2552  0  0  238303  177853  152813  3  3  0  0  0  0  1  18876  2  573  0  2748  554  37200  23268  0  7  0  44  0  0  0  0  0  0  0  0  18273  2  0  1180  0  
0  0  318  0  0  12  376  321  10  0  0  0  0  0  0  5254  0  0  0  0  0  0  0  0  0  0  0  0  1  1  6  0  0  0  0  0  0  0  0  0  0  0  0  0  0  2  0  0  0  0  0  0  0  0  0  0  0  0  0  0  0  0  0  0  0  2  0  0  0  1  1  0  0  0  20038  0  64744  0  116443  137982  75083  75989  269  1  0  0  0  0  37868  0  0  0  0  0  0  0  0  6905  0  0  133  2  5720  356  7956  0  0  0  0  0  0  0  0  0  0  0  0  9  153  12971  6  0  0  0  1  167  2233  174908  0  32  0  1  0  0  0  22  363  233  14  796  125  50  57145  7271  312  0  0  0  0  0  0  0  0  0  0  725  0  0  11  0  
0  0  0  0  0  0  0  0  0  0  0  0  0  0  0  0  0  0  0  0  0  0  0  0  0  0  0  0  0  0  0  0  0  0  0  0  0  0  0  0  0  0  0  0  0  0  0  0  0  0  0  0  0  0  0  0  0  0  0  0  0  0  0  0  0  0  0  0  0  0  0  0  0  0  0  0  0  42  0  0  0  0  0  0  0  3  0  0  21  0  0  60254  0  0  0  0  12305  49  3  58  0  3  164  0  0  0  63  12  12721  5  1  2  0  0  13268  0  5815  0  357  0  328  51210  30190  16  0  73  0  0  0  0  0  0  0  1  9  0  0  0  0  0  53  694  23  0  0  8  879  90  0  0  0  0  0  0  3331  127  886  406  47791  0  
0  0  0  0  0  0  0  0  0  0  0  0  0  0  0  0  0  0  0  0  0  0  0  0  0  0  0  0  0  0  0  0  0  0  0  0  0  0  0  0  0  0  0  0  0  0  0  0  0  0  0  0  0  0  0  0  0  0  0  0  0  0  0  0  0  0  0  0  0  0  0  0  0  0  0  0  0  4  0  1  0  0  0  0  0  254  9  1  55  0  50176  0  1  0  0  0  15225  14474  6  2  0  0  65  0  1  3  7  3  5358  0  0  0  255  5  143  0  337  0  85  0  31787  5536  88548  1  0  679  21  0  0  5  0  0  0  0  1  0  43  1  0  0  1  386  11  0  0  0  175  3  0  0  0  0  0  0  2081  224  131  808  62365  25  
0  0  0  0  0  0  0  0  0  0  0  0  0  0  0  0  0  0  0  0  0  0  0  0  0  0  0  0  0  0  0  0  0  0  0  0  0  0  0  0  0  0  0  0  0  0  0  0  0  0  0  0  0  0  0  0  0  0  0  0  0  0  0  0  0  0  0  0  0  0  0  0  0  0  0  40830  0  0  0  0  0  0  0  0  3  0  0  0  0  0  0  0  0  10262  4903  271  0  0  27449  0  15  0  0  0  0  0  0  0  0  0  240  48  0  0  36  27287  0  2218  4  1  0  4  0  0  4363  0  0  0  11  7377  152100  95394  62813  486  8790  0  0  0  121  0  112  4  0  0  2  86  46583  0  0  0  0  0  0  0  0  55  3  0  25  0  
0  0  0  0  0  0  0  0  0  0  92  0  0  0  0  0  0  0  0  0  0  1  0  0  0  0  4  0  0  6  0  0  0  0  0  0  0  0  0  0  0  0  0  0  0  0  0  0  0  0  0  0  0  0  0  0  0  0  0  0  0  0  0  0  0  0  0  0  0  0  0  0  0  0  0  5  0  0  0  0  0  0  1  0  84631  0  0  0  0  0  0  0  5462  0  227  1483  0  0  547  0  17936  0  2  176  0  0  0  0  0  0  0  0  0  0  4  42515  0  40588  0  23  0  0  0  0  8234  0  0  1  2  9185  8442  98540  1  1  2375  0  0  0  46815  1  98  0  6  0  124  0  117  0  0  0  0  0  0  0  0  21  2  0  7  0  
0  0  0  0  0  0  0  0  0  0  0  0  0  0  0  0  0  0  0  0  1  2  0  0  0  0  0  0  0  0  0  0  0  0  0  0  0  0  0  0  0  0  0  0  0  0  0  0  0  0  0  0  0  0  0  0  0  0  0  0  0  0  0  0  0  0  0  0  0  0  0  0  0  0  0  69478  0  0  0  0  0  0  0  0  0  0  0  0  0  0  0  0  7530  67  0  382  323  1  0  0  0  0  0  0  1  6  0  0  7  0  4607  10  0  0  0  325  26  14  0  0  0  0  0  27411  19757  0  0  0  0  0  6998  643  4010  95014  97370  0  1  0  1  0  0  0  0  0  0  145  170  0  0  0  0  0  0  0  0  0  65  23  6  0  
0  7  0  0  0  0  0  0  9  2  4331  0  0  0  0  0  0  0  0  0  27  7840  0  0  0  0  4  0  0  39  0  0  0  0  0  0  0  0  0  0  0  0  0  214  0  0  0  0  0  0  0  0  0  0  0  0  0  0  0  0  15  0  0  0  45  0  0  0  0  0  8  0  0  0  0  46  0  0  0  0  0  0  1  252  22501  0  0  0  0  0  1  1  273  1152  531  0  18898  6  1  0  0  0  0  508  22  88  1  0  0  0  0  0  0  0  5  74952  0  167394  0  0  0  3  0  1  19813  0  0  0  0  19  1375  3259  45  7  108915  0  48  0  928  1  10  0  0  0  0  0  19  0  0  0  0  12  0  0  0  4  1974  769  81  1  
0  0  0  0  0  0  0  0  0  0  0  0  0  0  0  0  0  0  0  0  1  0  0  0  0  0  0  0  0  0  0  0  0  0  0  0  0  0  0  0  0  0  0  0  0  0  0  0  0  0  0  0  0  0  0  0  0  0  0  0  0  0  0  0  0  0  0  0  0  0  0  0  0  0  0  0  0  0  0  0  0  0  13  5609  0  0  0  0  0  0  17262  23333  0  0  271  9381  0  10006  1  0  0  0  0  0  11  46  2  1  19131  0  573  0  0  0  57  0  58345  10878  2  0  36  1257  71  10447  1  5  0  0  0  0  0  0  0  4  51619  0  389  0  4  4  0  0  0  0  2  5  391  3  0  0  0  1  0  1  58447  7  106310  809  4473  68  
0  0  0  0  0  0  0  0  0  0  0  0  0  0  0  0  0  0  0  0  0  0  0  0  0  0  0  0  0  0  0  0  0  0  0  0  0  0  0  0  0  0  0  0  0  0  0  0  0  0  0  0  0  0  0  0  0  0  0  0  0  0  0  0  0  0  0  0  0  0  0  0  0  0  65218  0  0  0  347  14434  26  0  0  0  0  6  29704  10  11882  827  11  22117  0  0  0  0  12380  0  0  0  0  0  0  0  12607  784  0  0  22  0  0  0  2616  1  1  0  55  0  1  0  61023  1  144  0  0  351  1942  367  0  0  0  0  0  0  0  60837  92703  158132  0  15  1  2  0  2025  0  0  0  0  0  0  0  0  0  0  708  11059  29  131  30500  192  
0  0  0  0  0  0  0  0  0  0  0  0  0  0  0  0  0  0  0  0  0  0  0  0  0  0  0  0  0  0  0  0  0  0  0  0  0  0  0  0  0  0  0  0  0  0  0  0  0  0  0  0  0  0  0  0  0  0  0  0  0  0  0  0  0  0  0  0  0  0  0  0  0  0  0  0  0  0  0  0  1  1  6  1  0  0  0  0  4  0  2  0  25729  3267  59  33  0  0  0  86303  105  1  7  4  0  0  1  9271  0  10589  0  1176  0  1  5359  46  1  677  349  15  0  9  34  0  868  6  0  0  52215  125391  356  4209  13  18  319  0  0  0  424  1  1728  129  6  0  57  1  138444  1  0  0  0  0  0  0  1  691  9  0  596  0  
0  0  0  0  0  0  0  0  0  0  0  0  0  0  0  0  0  0  0  0  0  0  0  0  0  0  0  0  0  0  0  0  0  0  0  0  0  0  0  0  0  0  0  0  0  0  0  0  0  0  0  0  0  0  0  0  0  0  0  0  0  0  0  0  0  0  0  0  0  0  0  0  0  0  0  0  0  76601  0  0  0  0  0  0  0  195  0  47  71  0  159  5  2  0  0  0  0  1  71959  0  142  6413  391  0  0  0  196  845  0  91980  0  34  109  328  82623  0  9  1  8740  0  5  311  15459  1  3  603  0  0  35298  8380  0  3  0  1  21  0  0  4  0  1  122250  2203  24  0  0  3  18267  586  0  0  0  0  0  0  19  325  61  1  1099  0  
0  0  311  0  0  0  0  0  0  0  0  0  0  0  0  0  0  0  0  0  0  0  0  0  0  0  2  9  0  259  0  0  0  0  0  0  0  0  0  0  0  0  0  0  0  2  0  0  0  0  0  0  0  0  0  0  0  0  0  0  0  0  0  0  0  0  0  0  0  0  1  0  0  0  0  1  25591  0  0  10  66  65  122  0  20  0  0  0  8  46  0  0  16  15129  1  3  0  0  232  158  0  3518  355  151318  0  0  0  0  0  0  0  0  0  0  9  2  0  223  270  2081  0  0  0  0  58  8  7  35  36  137882  7  604  2  2  9  0  0  0  14593  240  50223  8  1926  0  10545  0  72  0  0  0  0  0  0  0  0  64  0  0  7  0  
0  0  0  0  0  0  0  0  0  0  0  0  0  0  0  0  0  0  0  0  0  0  0  0  0  0  0  0  0  0  0  0  0  0  0  0  0  0  0  0  0  0  0  0  0  0  0  0  0  0  0  0  0  0  0  0  0  0  0  0  0  0  0  0  0  0  0  0  0  0  0  0  0  0  0  0  38040  34265  0  19  21  4  22  0  0  12  0  0  5  1  3  2  1  2  0  0  0  0  1  5536  2246  0  6659  5  0  0  0  1  0  0  0  0  1  1  254  1  0  67  222871  3513  0  4  1149  0  4  12  4  2  46  494  1  3  1  0  2  0  0  0  37  32  126257  467  99  0  299  0  19  0  0  0  0  0  0  0  0  455  0  0  445  0  
0  0  0  0  0  0  0  0  0  0  0  0  0  0  0  0  0  0  0  0  0  0  0  0  0  0  0  0  0  0  0  0  0  0  0  0  0  0  0  0  0  0  0  0  0  0  0  0  0  0  0  0  0  0  0  0  0  0  0  0  0  0  0  0  0  0  0  0  0  0  0  0  0  0  0  0  32495  17995  0  16  55  2303  35  0  0  1125  0  254  13147  5516  36  35  0  0  0  0  0  0  19  507  34  5369  0  4  0  0  0  0  0  0  0  0  17  6  361  0  0  4  156100  1488  1  9  450  0  3  586  11  122  36  16  0  0  0  0  1  0  0  0  4  663  724  96498  135750  0  55  0  218  0  0  0  0  0  0  0  0  1985  1  0  1146  0  
0  0  5077  0  0  0  0  2  34  5  31  0  0  0  0  1199  0  0  0  0  0  5  0  0  0  0  56  31  1  18879  0  0  0  0  0  0  0  0  0  0  0  0  0  0  0  13  0  0  0  0  0  0  0  0  0  0  0  0  0  0  2  0  0  0  12  14  0  0  0  0  570  0  0  0  0  0  24873  0  0  2  34  83  9504  23187  11243  0  0  0  0  80  0  0  1  263  0  578  0  0  1  0  130464  8  62  0  0  0  0  0  0  0  0  0  0  0  0  0  0  4007  195  28758  0  0  0  0  4  2  0  6  0  20878  1  14  1  0  1  0  0  0  127073  70  16035  1  403  0  106563  0  4  0  0  0  0  0  0  0  0  13  0  0  0  0  
0  0  0  0  0  3  0  0  0  0  0  0  0  0  0  0  0  0  0  0  0  0  0  5  0  0  0  0  0  0  175  0  0  0  0  0  0  0  0  0  0  0  0  0  0  0  0  0  0  0  0  0  0  0  0  0  0  0  0  0  0  0  2  0  0  0  0  0  0  4  0  0  0  0  2078  0  0  0  3  2223  0  0  0  0  0  0  0  0  0  7316  0  0  0  0  0  1  1  10968  0  0  0  0  0  0  0  24720  0  0  0  0  0  0  0  0  0  0  0  0  0  0  0  0  0  0  0  0  0  0  0  0  0  0  0  0  0  0  87683  419  0  11  0  0  0  41542  0  0  0  0  0  0  0  0  0  0  14  3677  71  833  11851  652  
0  0  0  0  0  1  0  0  0  0  0  0  0  0  0  0  0  1  0  0  0  0  0  0  0  0  0  0  0  0  2  239  0  0  0  0  0  0  0  0  0  0  0  0  0  0  0  0  0  0  0  0  0  0  0  0  0  0  0  0  0  0  1  0  0  6  0  0  0  0  0  0  0  0  0  0  0  0  0  7201  0  0  0  0  0  0  0  0  0  0  0  0  0  0  0  3  16  3067  0  0  0  0  0  0  23180  0  0  0  0  0  0  0  0  0  1  0  0  0  0  0  0  0  0  0  0  0  0  0  0  0  0  0  0  0  0  0  30947  192  0  15287  0  0  0  4755  0  0  0  0  0  221  0  7  1  559  282  21992  1211  3485  21810  6234  
0  0  0  0  0  0  0  0  0  0  0  0  0  0  0  0  0  0  0  0  0  0  0  0  0  0  0  0  0  0  0  0  0  0  0  0  0  0  0  0  0  0  0  0  0  0  0  0  0  0  0  0  0  0  0  0  0  0  0  0  0  0  0  0  0  0  0  0  0  0  0  0  0  0  0  0  0  748  0  0  0  0  0  0  0  61  0  0  0  0  300  281  1  0  0  0  14  0  10  249  0  0  0  0  0  0  0  21065  8404  1862  0  5  0  0  33280  0  21  0  4  0  0  20935  88  1  0  4  0  0  0  13  0  1  0  0  5  0  0  0  0  0  1  2  0  0  0  0  5002  60965  0  0  0  0  0  0  70  8  56  35  232  0  
0  0  0  0  0  0  0  0  0  0  0  0  0  0  0  0  0  0  0  0  0  0  0  0  0  0  0  0  0  0  0  0  0  0  0  0  0  0  0  0  0  0  0  0  0  0  0  0  0  0  0  0  0  0  0  0  0  0  0  0  0  0  0  0  0  0  0  0  0  0  0  0  0  0  0  0  0  2539  0  0  0  0  0  0  0  95  0  0  0  0  65  15  0  0  0  0  1  2  7287  634  0  0  0  0  0  0  36867  0  86284  47852  4  9703  1  0  2983  0  12666  0  7  0  0  49997  53  19  0  2  0  0  2  3  0  0  0  7  9  0  0  0  0  0  1  6  0  0  1  34  116531  20257  0  0  0  0  0  0  200  5  577  2  50  0  
0  0  0  0  0  0  0  0  0  0  0  0  0  0  0  0  0  0  0  0  0  0  0  0  0  0  0  0  0  0  0  0  0  0  0  0  0  0  0  0  0  0  0  0  0  0  0  0  0  0  0  0  0  0  0  0  0  0  0  0  0  0  0  0  0  0  0  0  0  0  0  0  0  0  0  1  0  17  0  0  0  0  0  0  0  31  0  0  0  0  11223  2717  1  0  0  0  25247  9  1  1  0  0  0  0  0  0  10331  87618  0  47  4  21  0  0  97  0  41121  0  0  0  6  47914  14  37  0  1  0  0  0  0  0  1  1  34  5  0  0  0  0  0  0  1  0  0  0  47  25685  1575  0  0  0  0  0  0  5124  2  113  36  887  0  
0  0  0  0  0  0  0  0  0  0  0  0  0  0  0  0  0  0  0  0  0  0  0  0  0  0  0  0  0  0  0  0  0  0  0  0  0  0  0  0  0  0  0  0  0  0  0  0  0  0  0  0  0  0  0  0  0  0  0  0  0  0  0  0  0  0  0  0  0  0  0  0  0  0  0  0  0  1496  0  0  0  0  0  0  0  0  0  2  1  0  24  3  0  0  0  0  1  0  6893  87942  0  0  4  0  0  0  761  55417  21  0  1  6  12  2  47108  0  85  0  31  0  0  991  295  6  0  31  0  0  3844  1  0  0  0  3  21  0  0  0  0  0  6069  36  2  0  0  15  16568  40686  0  0  0  0  0  0  97  40  293  1  90  0  
0  0  0  0  0  0  0  0  0  0  0  0  0  0  0  0  0  0  0  0  0  0  0  0  0  0  0  0  0  0  0  0  0  0  0  0  0  0  0  0  0  0  0  0  0  0  0  0  0  0  0  0  0  0  0  0  0  0  0  0  0  0  0  0  0  0  0  0  0  0  0  0  0  0  0  16609  0  0  0  0  0  0  0  0  0  0  0  0  0  0  0  0  118  0  2075  0  1539  0  0  0  0  0  0  0  0  0  0  16  425  0  0  47102  0  0  53  0  27081  0  0  0  0  331  5  65803  0  0  0  0  0  0  2  0  8669  81980  522  0  0  0  0  0  0  0  0  0  0  178193  2727  1  0  0  0  0  0  0  67  2  484  0  2  0  
0  0  0  0  0  0  0  0  0  0  0  0  0  0  0  0  0  0  0  0  0  0  0  0  0  0  0  0  0  0  0  0  0  0  0  0  0  0  0  0  0  0  0  0  0  0  0  0  0  0  0  0  0  0  0  0  0  0  0  0  0  0  0  0  0  0  0  0  0  0  0  0  0  0  0  24  0  1  0  0  0  0  0  0  0  0  0  0  0  0  0  0  24  0  19  0  1  0  360  4  0  0  0  0  0  0  12  7314  504  3  45553  0  0  0  15  0  20932  0  0  0  0  201  2  3480  0  0  0  0  0  0  5  8  15201  6614  983  0  0  0  0  0  0  0  0  0  0  139973  211232  2  0  0  0  0  0  0  2  2  51  0  0  0  
0  0  0  0  0  0  0  0  0  0  0  0  0  0  0  0  0  0  0  0  0  0  0  0  0  0  0  0  0  0  0  0  0  0  0  0  0  0  0  0  0  0  0  0  0  0  0  0  0  0  0  0  0  0  0  0  0  0  0  0  0  0  0  0  0  0  0  0  0  0  0  0  0  0  276  0  0  0  50  159  1  0  0  0  0  55  31367  50651  131  5  0  299  0  0  0  0  1  2342  0  1  0  0  1  0  0  0  0  0  0  0  0  0  0  9623  53  0  1  0  35  0  25477  2  43648  1  0  12042  789  42  2  0  0  0  0  0  0  4857  2  16465  0  3  2  235  1  0  0  0  4  0  0  0  0  0  0  0  2  647  6  1  2049  0  
0  0  0  0  0  0  0  0  0  0  0  0  0  0  0  0  0  0  0  0  0  0  0  0  0  0  0  0  0  0  0  0  0  0  0  0  0  0  0  0  0  0  0  0  0  0  0  0  0  0  0  0  0  0  0  0  0  0  0  0  0  0  0  0  0  0  0  0  0  0  0  0  0  0  0  0  0  0  0  0  0  0  0  0  0  36285  87  28937  132  0  1  4  0  0  0  0  0  9  3  19  0  0  19  0  0  0  0  0  0  0  0  0  17323  0  164  0  3  0  158  0  57  10  27405  0  0  5076  1  0  8  0  0  0  0  0  10  0  0  10  0  0  10  2628  1  0  0  0  20  0  0  0  0  0  0  0  1  1622  22  0  7  0  
0  0  0  0  0  0  0  0  0  0  0  0  0  0  0  0  0  0  0  0  0  0  0  0  0  0  0  0  0  0  0  0  0  0  0  0  0  0  0  0  0  0  0  0  0  0  0  0  0  0  0  0  0  0  0  0  0  0  0  0  0  0  0  0  0  0  0  0  0  0  0  0  0  0  1  5  4  15664  0  0  0  0  1  0  0  59  2  76  271  0  15728  931  27  3  2  0  45  8  952  57934  1  506  543  0  0  0  26302  4528  85  52572  8  6  2004  339  0  1  1108  17  10286  13  94  45488  52615  160  25  2484  2  1  8388  543  6  20  1  55  922  5  0  18  13  6  46658  2111  378  0  6  207  39852  12841  0  0  0  0  0  0  2413  3733  4857  299  58633  0  
0  0  0  0  0  0  0  0  0  0  2  0  0  0  0  0  0  0  0  0  1  7  0  0  0  0  0  0  0  0  0  0  0  0  0  0  0  0  0  0  0  0  0  0  0  0  0  0  0  0  0  0  0  0  0  0  0  0  0  0  0  0  0  0  0  0  0  0  0  0  0  0  0  0  0  56821  0  0  0  0  0  0  0  0  30580  0  0  0  0  0  0  0  22074  47658  104  96699  0  0  4  0  1  0  0  2  0  1  0  0  0  0  0  0  0  0  3  0  0  55510  0  0  0  0  0  0  65376  0  0  0  0  53  49908  4825  26  3  5921  0  0  0  83  0  38  0  1  0  2  0  39  0  0  0  0  2  0  0  0  5  1  3  2  0  
0  0  0  0  0  0  0  0  0  0  0  0  0  0  0  0  0  0  0  0  0  0  0  0  0  0  0  0  0  0  0  0  0  0  0  0  0  0  0  0  0  0  0  0  0  0  0  0  0  0  0  0  0  0  0  0  0  0  0  0  0  0  0  0  0  0  0  0  0  0  0  0  0  0  0  0  0  0  0  0  0  0  0  0  0  0  0  0  0  0  735  39  3  0  0  0  38158  24  2  0  0  0  0  0  0  0  3  16384  32710  2  26292  26803  0  0  481  0  0  0  3  0  0  9128  55  18090  0  5  0  0  3  0  3  1  3  2316  343  0  0  2  0  0  0  5  0  0  0  7873  27199  11  0  0  0  0  0  0  30536  9  5606  15  166  0  
0  0  0  0  0  0  0  0  2  0  6  0  0  0  0  0  0  0  0  0  0  7  0  0  0  0  0  0  0  0  0  0  0  0  0  0  0  0  0  0  0  0  0  0  0  0  0  0  0  0  0  0  0  0  0  0  0  0  0  0  0  0  0  0  0  0  0  0  0  0  0  0  0  0  0  35  0  0  0  1  0  0  3869  29654  114303  0  0  0  0  0  0  0  2306  16925  162  168606  13235  0  116  1  40  0  1  4163  0  0  0  0  0  0  0  2  0  1  246  70281  1  0  19  2  0  1  1  1  8829  0  0  0  86  1671  6752  36019  323  892  20703  0  0  0  63318  24  2472  17  0  0  804  1  1711  0  0  0  0  0  0  0  0  555  2245  41  227  0  
0  0  0  0  0  0  0  0  0  0  0  0  0  0  0  0  0  0  0  0  0  0  0  0  0  0  0  0  0  0  0  0  0  0  0  0  0  0  0  0  0  0  0  0  0  0  0  0  0  0  0  0  0  0  0  0  0  0  0  0  0  0  0  0  0  0  0  0  0  0  0  0  0  0  0  0  37927  25638  0  64  165  227  313  8  0  491  0  404  6463  118  295  189  3  2  0  0  1  0  197  3326  4991  177633  163418  109  0  0  0  0  0  20  0  0  329  875  10426  0  5  94  0  17103  4  227  34180  1  8  5027  35  75  537  369  3  13  1  0  43  0  0  3  112  1505  142671  62549  49927  0  1266  2  2645  0  0  0  0  0  0  0  9  14699  60  0  21059  0  
0  0  752  0  0  0  0  58  87  0  0  0  0  0  0  348  0  0  0  0  0  0  0  0  0  0  0  0  0  268  0  0  0  0  0  0  0  0  0  0  0  0  0  0  0  29  0  0  0  0  0  0  0  0  0  0  0  0  0  0  0  0  0  0  0  70  0  0  0  0  28  0  0  0  0  0  55664  0  0  86  3113  34511  28557  0  0  0  0  0  36  8488  0  0  20  37  4  10  0  0  38  0  11581  1105  1801  35141  0  0  0  0  0  0  0  0  0  0  17  6  0  507  24159  0  0  1  1  0  169  33  10  1292  8  5599  43  337  2  2  38  0  0  0  1934  2682  16867  30  31765  0  70559  0  86  0  0  0  0  0  0  0  0  514  0  0  17  0  
0  0  0  0  0  0  0  0  0  0  0  0  0  0  0  0  0  0  0  0  0  0  0  0  0  0  0  0  0  0  0  0  0  0  0  0  0  0  0  0  0  0  0  0  0  0  0  0  0  0  0  0  0  0  0  0  0  0  0  0  0  0  0  0  0  0  0  0  0  0  0  0  0  0  1708  0  0  0  441  1071  13  3  0  0  0  8  20076  18  22  20  12  26789  0  0  0  0  366  64893  0  0  0  0  3  0  0  0  0  0  1  0  0  0  20258  5  0  0  0  0  2  0  0  1  9963  0  0  8835  6189  167  0  0  0  0  0  0  0  3014  14421  39308  0  54  3  10  3  0  0  0  0  0  0  0  0  0  0  0  20  884  0  10  63687  0  
0  0  0  0  0  0  0  0  0  0  0  0  0  0  0  0  0  0  0  0  0  0  0  0  0  0  0  0  0  0  0  0  0  0  0  0  0  0  0  0  0  0  0  0  0  0  0  0  0  0  0  0  0  0  0  0  0  0  0  0  0  0  0  0  0  0  0  0  0  0  0  0  0  0  0  2  0  16  0  0  0  0  0  0  0  14  0  1  10  0  55016  7908  9  1  1  0  445  4  133  22  0  6  36  0  0  0  20208  47005  51669  2556  43  35  5  7  31199  0  22156  8  842  0  7  0  3165  211  4  101  0  1  7  67  8  14  5  35  148  0  0  0  0  1  173  151  30  0  1  909  142412  9368  0  0  0  0  0  0  3709  893  6801  1207  30453  0  
0  0  0  0  0  0  0  0  0  0  0  0  0  0  0  0  0  0  0  0  0  0  0  0  0  0  0  0  0  0  0  0  0  0  0  0  0  0  0  0  0  0  0  0  0  0  0  0  0  0  0  0  0  0  0  0  0  0  0  0  0  0  0  0  0  0  0  0  0  0  0  0  0  0  102  0  0  20627  33  84  1  0  1  0  0  56009  742  2459  2075  1  22646  66405  0  0  0  0  296  151  15  8090  0  1291  2684  0  0  0  19  5  38  10  1  0  29743  19962  41283  0  152  0  38937  1  13771  4006  0  11  0  53859  1791  13  67  6  0  0  1  2  314  575  0  1563  0  24  2255  57369  740  0  0  20  855  3  0  0  0  0  0  0  542  27302  1073  438  59041  4  
0  0  0  0  0  0  0  0  0  0  0  0  0  0  0  0  0  0  0  0  0  0  0  0  0  0  0  0  0  0  0  0  0  0  0  0  0  0  0  0  0  0  0  0  0  0  0  0  0  0  0  0  0  0  0  0  0  0  0  0  0  0  0  0  0  0  0  0  0  0  0  0  0  0  0  6  0  0  0  0  0  0  0  0  0  0  0  0  0  0  4  1  1  0  29521  0  11217  0  2  0  0  0  0  0  0  0  0  51  664  1  76561  6310  0  0  33  0  28626  0  0  0  0  514  3  0  0  1  0  0  1  0  0  1  1  53955  26178  0  0  0  0  0  0  0  0  0  0  53245  1786  1  0  0  0  0  0  0  1864  1  24481  11  64  0  
0  5  0  0  0  0  0  0  0  0  0  0  0  0  0  0  0  0  0  0  3  7  0  0  0  0  0  0  0  0  0  0  0  0  0  0  0  0  0  0  0  0  0  0  0  0  0  0  0  0  0  0  0  0  0  0  0  0  0  0  0  0  0  0  0  0  0  0  0  0  0  0  0  0  0  31934  0  0  0  0  0  0  0  0  5  0  0  0  0  0  0  0  3758  7446  11443  24554  0  0  13  0  0  0  0  2  0  1  0  0  0  0  0  0  0  0  1  50804  0  4452  0  0  0  0  0  0  0  0  0  0  1  107  25862  1552  116  29  37320  0  0  0  79  0  37  1  0  0  1  0  111  0  0  0  1  0  0  0  0  13  1  2  7  1  
0  0  0  0  0  0  0  0  0  0  0  0  0  0  0  0  0  0  0  0  0  0  0  0  0  0  0  0  0  0  0  0  0  0  0  0  0  0  0  0  0  0  0  0  0  0  0  0  0  0  0  0  0  0  0  0  0  0  0  0  0  0  0  0  0  0  0  0  0  0  0  0  0  0  278  0  22  0  32  406  759  281  8  0  0  12469  709  83700  203473  71  65  825  0  0  0  0  15  758  1  3  1  21  502  0  0  0  0  0  0  4  0  0  27444  5443  272  0  12  0  898  10  10061  184  47719  1  0  0  86101  20902  15  2  0  0  0  3  57  21711  2  3261  0  4591  275  70573  302  0  14  2  581  0  0  0  0  0  0  0  19  96729  119  40  16850  0  
0  0  0  0  0  0  0  0  0  0  0  0  0  0  0  0  0  0  0  0  0  0  0  0  0  0  0  0  0  0  0  0  0  0  0  0  0  0  0  0  0  0  0  0  0  0  0  0  0  0  0  0  0  0  0  0  0  0  0  0  0  0  0  0  0  0  0  0  0  0  0  0  0  0  28673  0  17  0  41912  33868  2125  262  10  0  0  0  0  0  152060  3501  0  3  0  0  0  0  0  4554  0  0  2  14  105  0  2  3  0  0  0  0  0  0  19  1  0  0  0  2  148  15  637  0  162  0  0  85440  0  75382  0  4  0  1  0  0  0  9675  37  8277  3  8400  191  1270  176  3  12  0  0  0  0  0  0  0  0  0  0  7895  0  0  1904  1  
0  0  0  0  0  0  0  0  0  0  0  0  0  0  0  0  0  0  0  0  0  0  0  0  0  0  0  0  0  0  0  0  0  0  0  0  0  0  0  0  0  0  0  0  0  0  0  0  0  0  0  0  0  0  0  0  0  0  0  0  0  0  0  0  0  0  0  0  0  0  0  0  0  0  801  0  111  0  756  57944  60926  13898  483  5  0  0  0  0  166519  195606  1  0  2  2  0  0  0  655  2  0  8  142  785  11  0  1  0  0  0  0  0  0  0  0  6  1  0  88  1437  712  14  0  0  0  2  48550  81928  0  0  95  2  0  0  1  0  29  11  1649  77  38243  613  2276  39203  0  865  0  5  0  0  0  0  0  0  0  0  20927  0  0  96  0  
0  0  0  0  0  0  0  0  0  0  0  0  0  0  0  0  0  0  0  0  0  0  0  0  0  0  0  0  0  0  0  0  0  0  0  0  0  0  0  0  0  0  0  0  0  0  0  0  0  0  0  0  0  0  0  0  0  0  0  0  0  0  0  0  0  0  0  0  0  0  0  0  0  0  0  0  0  0  0  0  0  0  1  0  0  1  0  0  4  0  3  0  10  2  0  1  0  0  57115  38550  15  45  15  0  0  0  0  0  0  2219  0  0  1  3  9107  1  0  8  117  0  0  9  98  0  18  16  0  0  0  20660  2  16  0  0  17  0  0  0  6  0  7973  44  4  0  6  1  39610  1  0  0  0  0  0  0  0  109  11  1  823  0  
0  0  0  0  0  0  0  0  0  0  0  0  0  0  0  0  0  0  0  0  0  0  0  0  0  0  0  0  0  0  0  0  0  0  0  0  0  0  0  0  0  0  0  0  0  0  0  0  0  0  0  0  0  0  0  0  0  0  0  0  0  0  0  0  0  0  0  0  0  0  0  0  0  0  0  2  231  0  0  14  65  87  375  3  2  0  0  0  5  36  0  0  9444  21366  100  97  0  0  131336  12136  158575  931  181  19830  0  0  0  0  0  1  0  0  0  1  1615  81  1  5688  815  3958  0  8  28  0  1631  3  0  20  22115  0  609  40693  20  35  597  0  0  0  50849  188  49580  171  1372  0  33599  0  37545  0  0  0  0  0  0  0  0  1805  5  2  1608  0  
0  0  0  0  0  0  0  0  0  0  0  0  0  0  0  0  0  0  0  0  0  0  0  0  0  0  0  0  0  0  0  0  0  0  0  0  0  0  0  0  0  0  0  0  0  0  0  0  0  0  0  0  0  0  0  0  0  0  0  0  0  0  0  0  0  0  0  0  0  0  0  0  0  0  0  24171  0  0  0  0  0  0  0  0  23  0  0  0  0  0  0  0  131024  10568  9031  920  0  0  9  0  0  0  0  0  0  0  0  0  0  0  0  8  0  0  9  50403  0  3568  1  0  0  13  0  0  25303  0  0  0  3  79  0  32585  8212  122  23828  0  0  0  100  0  74  1  0  0  0  145  12728  0  0  0  0  0  0  0  0  25  5  0  8  0  
0  0  0  0  0  0  0  0  0  0  0  0  0  0  0  0  0  0  0  0  0  0  0  0  0  0  0  0  0  0  0  0  0  0  0  0  0  0  0  0  0  0  0  0  0  0  0  0  0  0  0  0  0  0  0  0  0  0  0  0  0  0  0  0  0  0  0  0  0  0  0  0  0  0  0  104  1  0  0  0  2  0  1  0  11516  0  0  0  0  1  0  0  100885  105831  5854  1543  1  0  1327  1  508  0  4  52  0  0  0  0  0  1  0  1  0  0  315  4656  0  81068  37  92  0  3  0  0  4719  0  0  0  134  38158  40545  0  3412  263  10453  0  0  0  33479  5  2563  37  28  0  399  21  11574  0  0  0  0  0  0  0  0  938  10  0  267  0  
0  0  0  0  0  0  0  0  0  0  0  0  0  0  0  0  0  0  0  0  0  0  0  0  0  0  0  0  0  0  0  0  0  0  0  0  0  0  0  0  0  0  0  0  0  0  0  0  0  0  0  0  0  0  0  0  0  0  0  0  0  0  0  0  0  0  0  0  0  0  0  0  0  0  0  51693  0  0  0  0  0  0  0  0  0  0  0  0  0  0  0  0  56320  15  9142  1  1  0  14  0  0  0  0  0  0  0  0  0  0  0  13726  17826  0  0  8  49  23  91  0  0  0  205  0  2  1321  0  0  0  0  2  5404  7740  0  14035  8648  0  0  0  0  0  5  0  0  0  0  27894  25799  0  0  0  0  0  0  0  2  4  99  0  1  0  
0  0  0  0  0  0  0  0  0  0  0  0  0  0  0  0  0  0  0  0  0  0  0  0  0  0  0  0  0  0  0  0  0  0  0  0  0  0  0  0  0  0  0  0  0  0  0  0  0  0  0  0  0  0  0  0  0  0  0  0  0  0  0  0  0  0  0  0  0  0  0  0  0  0  0  62573  0  0  0  0  0  0  0  0  0  0  0  0  0  0  0  0  1499  4  114195  0  0  0  0  1  0  0  0  0  0  0  0  36  996  3  75029  6240  0  0  52  0  2109  30  0  0  0  161  4  20533  15  0  0  0  1  1  541  1585  11689  0  42769  0  0  0  0  0  1  0  0  0  0  44388  10818  1  0  0  0  0  0  0  2  1  167  0  4  0  
0  0  0  0  0  0  0  0  0  0  0  0  0  0  0  0  0  0  0  0  1  1  0  0  0  0  0  0  0  0  0  0  0  0  0  0  0  0  0  0  0  0  0  0  0  0  0  0  0  0  0  0  0  0  0  0  0  0  0  0  1  0  0  0  0  0  0  0  0  0  0  0  0  0  0  1455  0  0  0  0  0  0  0  0  8  0  0  0  0  0  2  0  11411  3677  81186  96365  47366  1  10  0  0  0  1  2  8  20  0  21  440  2  295  180  2  0  166  3367  1794  35161  4  1  0  70  18  24212  38400  1  0  0  5  75  27334  9867  4831  37538  0  0  15  0  316  0  68  6  0  0  1  5039  11337  0  0  0  0  1  0  0  77  36  50872  154  45  0  
0  0  0  0  0  0  0  0  0  0  0  0  0  0  0  0  0  0  0  0  0  0  0  0  0  0  0  0  0  0  0  0  0  0  0  0  0  0  0  0  0  0  0  0  0  0  0  0  0  0  0  0  0  0  0  0  0  0  0  0  0  0  0  0  0  0  0  0  0  0  0  0  0  0  2141  0  0  0  16  48  2  0  0  0  0  1  22804  4487  11385  0  0  7  0  0  0  0  0  44808  0  0  0  0  0  0  0  1  0  0  0  0  0  0  11836  0  1  0  0  0  0  0  7524  0  857  0  0  19504  9678  9  0  0  0  0  0  0  0  0  1  29387  0  2  0  0  0  0  0  0  0  0  0  0  0  0  0  0  0  188  0  0  677  0  
0  0  0  0  0  0  0  0  0  0  0  0  0  0  0  0  0  0  0  0  0  0  0  0  0  0  0  0  0  0  1  0  0  0  0  0  0  0  0  0  0  0  0  0  0  0  0  0  0  0  0  0  0  0  0  0  0  0  0  0  0  0  0  0  0  0  0  0  0  0  0  0  0  0  51  0  0  0  1  10895  0  0  0  0  0  0  0  0  0  70  3  124  0  0  0  1  3652  92071  0  0  0  0  0  0  73107  28040  0  0  0  0  0  0  0  0  0  0  2  0  0  0  10946  0  0  0  0  0  1  0  0  0  0  0  0  0  0  12  0  41361  0  3  0  0  0  17903  0  0  0  0  0  1  0  2  0  1  1700  32904  325  1021  65655  2472  
0  0  0  0  0  0  0  0  0  0  0  0  0  0  0  0  0  0  0  0  0  0  0  0  0  0  0  0  0  0  0  0  0  0  0  0  0  0  0  0  0  0  0  0  0  0  0  0  0  0  0  0  0  0  0  0  0  0  0  0  0  0  0  0  0  0  0  0  0  0  0  0  0  0  3394  0  0  0  72  7459  11  2  0  0  0  0  11727  218  163  14  0  3  0  0  0  0  0  155503  0  0  0  0  1  0  446  1992  0  0  0  0  0  0  14427  1  1  0  6  0  0  0  32137  0  507  0  0  1124  1434  181  0  0  0  0  0  0  0  32701  35889  0  0  14  1  2  0  1108  0  0  0  0  0  0  0  0  0  0  0  38517  0  0  8385  247  
0  0  0  0  0  0  0  0  1  0  5  0  0  0  0  0  0  0  0  0  0  0  0  0  0  0  7  0  0  32  0  0  0  0  0  0  0  0  0  0  0  0  0  0  0  0  0  0  0  0  0  0  0  0  0  0  0  0  0  0  0  0  0  0  2  0  0  0  0  0  0  0  0  0  0  2  28  0  0  17  127  60  6264  4089  83198  0  0  0  3  11  0  0  176  64914  187  466  18  0  264  0  21851  11  70  88663  0  0  0  0  0  0  0  0  0  0  472  67  0  86918  177  1050  0  0  0  0  644  3  2  21  177  35395  687  26388  13  20  623  0  0  0  0  53  3187  56  461  0  34662  0  858  0  0  0  0  0  0  0  0  2325  3  1  396  0  
0  0  8  0  0  213  308  400  686  6237  0  0  0  0  0  126  0  0  0  0  0  1  0  0  0  0  0  0  0  43  6  240  0  0  0  0  0  0  0  0  0  0  0  5  0  277  0  2  0  0  0  1  0  0  0  0  0  0  0  0  0  0  0  0  0  23922  0  0  2  8  5  0  0  0  0  0  7  0  0  78654  71787  37210  100951  41166  0  0  0  0  321  21  0  0  0  0  0  0  8  0  3  0  2  21  115  47  1  12806  0  0  0  0  0  0  0  0  6  0  0  874  178  22  0  0  0  0  0  641  1023  1120  0  18  0  0  0  0  0  0  1  1  99  0  202  399  217  1  4205  0  7  0  0  169  0  126  0  36  0  729  146  726  45  1  
0  0  0  0  0  0  0  0  0  0  0  0  0  0  0  0  0  0  0  0  0  0  0  0  0  0  0  0  0  1  0  0  0  0  0  0  0  0  0  0  0  0  0  0  0  0  0  0  0  0  0  0  0  0  0  0  0  0  0  0  0  0  0  0  0  0  0  0  0  0  0  0  0  0  0  0  31327  3087  0  72  116  184  138  0  0  23  0  57  264  83  75  39  12  23  0  3  0  0  707  117600  64777  104421  2889  10285  0  0  2  0  0  2001  0  0  40  128  42446  3  9  345  121484  11004  1  108  7227  0  46  876  71  103  8620  50928  16  32  0  4  37  0  0  1  262  1844  0  2359  8641  0  9814  4  1528  0  0  0  0  0  0  0  7  4982  38  2  11106  0  
0  0  0  0  0  0  0  0  0  0  0  0  0  0  0  0  0  0  0  0  0  0  0  0  0  0  0  0  0  0  0  0  0  0  0  0  0  0  0  0  0  0  0  0  0  0  0  0  0  0  0  0  0  0  0  0  0  0  0  0  0  0  0  0  0  0  0  0  0  0  0  0  0  0  0  0  26  14224  0  120  353  157  9  0  0  45651  4  715  61563  16  538  529  2  0  0  0  3  15  40  964  11  320  94477  0  0  0  0  0  0  1  0  0  3696  2240  1616  0  6  0  73040  22  124  126  66317  0  1  66557  2194  3073  107  14  0  0  0  1  22  8  0  46  3  1284  2466  0  2884  0  13  1  971  0  0  0  0  0  0  0  7  61206  30  8  10450  0  
0  0  1  0  0  0  0  0  0  0  0  0  0  0  0  2  0  0  0  0  0  0  0  0  0  0  0  0  0  0  0  0  0  0  0  0  0  0  0  0  0  0  0  0  0  0  0  0  0  0  0  0  0  0  0  0  0  0  0  0  0  0  0  0  0  0  0  0  0  0  0  0  0  0  0  0  2217  0  0  337  670  15240  730  1  0  0  0  0  27333  52439  19  12  1  4  0  2  0  0  19  7  1451  404  122979  40  0  0  0  0  0  0  0  0  1  0  294  1  0  93  54102  8819  0  9  203  0  16  219  107  38870  17  564  5  24  0  0  6  0  0  0  237  10115  2205  3608  0  0  811  0  129  0  0  0  0  0  0  0  0  7487  0  1  1027  0  
0  0  0  0  0  4  0  0  0  0  0  0  0  0  0  1  0  0  0  0  0  0  0  0  0  0  0  0  0  0  23  0  0  0  0  0  0  0  0  0  0  0  0  0  0  0  0  0  0  0  0  0  0  0  0  0  0  0  0  0  0  0  0  0  0  0  0  0  0  1  0  0  0  0  38  0  0  0  3  45052  0  0  0  0  0  0  0  0  0  6046  0  0  0  0  0  0  0  3429  0  0  0  0  0  0  39873  7555  0  0  0  0  0  0  0  0  0  0  0  0  0  0  0  0  0  0  0  0  0  0  0  0  0  0  0  0  0  0  22231  13  0  0  0  0  0  0  0  0  0  0  0  0  0  0  0  0  0  2297  0  0  2  5  
0  0  379  0  0  0  0  25  591  3  0  0  0  0  0  81  0  0  0  0  0  0  0  0  0  0  1  2  0  2183  0  0  0  0  0  0  0  0  0  0  0  0  0  0  0  183  0  0  0  0  0  0  0  0  0  0  0  0  0  0  0  0  0  0  0  520  0  0  0  0  232  0  0  0  0  1  1270  0  0  153  2287  4226  57262  251  5  0  0  0  32  221  0  0  50  194  7  21  0  0  37  0  30535  293  845  97593  0  0  0  0  0  0  0  0  0  0  8  15  0  1249  1900  63496  0  0  0  0  450  42  11  482  8  40665  75  476  3  6  77  0  0  0  34467  2913  16106  30  7745  0  0  0  113  0  0  0  0  0  0  0  0  386  0  0  8  0  
0  0  0  0  0  0  0  0  0  0  0  0  0  0  0  0  0  0  0  0  0  0  0  0  0  0  0  0  0  0  0  0  0  0  0  0  0  0  0  0  0  0  0  0  0  0  0  0  0  0  0  0  0  0  0  0  0  0  0  0  0  0  0  0  0  0  0  0  0  0  0  0  0  0  0  28007  0  0  0  0  0  0  0  0  0  0  0  0  0  0  0  0  885  1  301  0  2  0  1  0  0  0  0  0  0  0  0  41  1261  2  143182  145997  0  1  121  0  13302  7  2  0  0  1614  11  24596  4  1  0  0  1  3  660  346  28616  33839  8065  0  0  0  0  0  1  0  0  0  0  0  35872  1  0  0  0  0  0  0  57  2  1371  2  5  0  
0  0  0  0  0  0  0  0  0  0  0  0  0  0  0  0  0  0  0  0  0  0  0  0  0  0  0  0  0  0  0  0  0  0  0  0  0  0  0  0  0  0  0  0  0  0  0  0  0  0  0  0  0  0  0  0  0  0  0  0  0  0  0  0  0  0  0  0  0  0  0  0  0  0  0  267  0  0  0  0  0  0  1  0  1  6  0  46  151  2  1038  361  55627  575  3778  34  29  0  132944  18698  4  2  486  0  0  0  9797  126666  30645  29987  2133  239057  119  96  55566  72  26879  1236  3596  16  2  152606  11071  6753  698  632  0  1  21608  18608  10644  22305  16423  12192  30709  0  0  0  309  11  1461  2421  143  0  37  47733  0  8303  0  0  0  0  0  0  2619  5596  10921  10  4910  0  
0  0  0  0  0  0  0  0  0  0  0  0  0  0  0  0  0  0  0  0  0  0  0  0  0  0  0  0  0  0  0  0  0  0  0  0  0  0  0  0  0  0  0  0  0  0  0  0  0  0  0  0  0  0  0  0  0  0  0  0  0  0  0  0  0  0  0  0  0  0  0  0  0  0  0  1  0  343  0  0  0  0  0  0  0  0  0  0  0  0  107  68  0  0  0  0  5  0  3  158  0  0  0  0  0  0  53056  27108  433  29253  0  1  0  1  14888  0  22  0  4  0  0  9863  55  1  1  2  0  0  4  3  0  0  0  1  0  0  0  0  0  0  0  2  0  0  0  2  4666  0  0  0  0  0  0  0  68  3  84  6  45  0  
0  0  0  0  0  0  0  0  0  0  0  0  0  0  0  0  14441  11807  1  0  0  0  93305  68  0  0  0  0  0  0  13  625  1  34  15298  52  52  29  0  0  45  0  83026  0  1  0  245  34725  0  173  0  0  0  0  1  0  0  0  3  5  570  0  614  0  0  0  0  1  0  0  0  57  1703  186  0  0  0  0  0  0  0  0  0  0  0  0  0  0  0  0  0  0  0  0  0  0  0  0  0  0  0  0  0  0  0  0  0  0  0  0  0  0  0  0  0  0  0  0  0  0  0  0  0  0  0  0  0  0  0  0  0  0  0  0  0  0  0  0  0  0  0  0  0  0  0  0  0  0  0  7  247824  38575  24281  1031  0  0  1  0  0  0  
33  0  0  1  0  278  110  13  15  0  0  0  2  0  1153  35  11  176  0  1  0  1  6  55  10  15  5  3  902  0  76  18416  0  0  0  6  0  0  1  2  9  0  0  0  1470  1  36  2  31  0  0  1625  3  2473  7  101  0  32  0  0  0  1  492  4354  117  1597  49  8926  563  3846  14  0  57  0  0  0  0  0  0  3  0  0  0  0  0  0  0  0  0  0  0  0  0  0  0  0  0  0  0  0  0  0  0  0  3  241  0  0  0  0  0  0  0  0  0  0  0  0  0  0  0  0  0  0  0  0  0  0  0  0  0  0  0  0  0  0  4  0  0  51  0  0  0  0  0  0  0  0  48  0  2  22219  42425  65673  0  483  0  43  5  42  
0  0  0  0  0  0  0  0  3  3613  0  0  0  0  0  0  31  8  11  0  44  110  106376  1  3  1  1  0  2  2  14  147  2  127  155  217  24  563  0  0  393  0  8738  5486  10  0  0  3364  7  60  2  2  0  0  27  6  2  5  177  847  67461  0  233  0  41  59  0  6  0  0  4  1774  11507  267  0  0  0  0  0  0  0  0  0  0  0  0  0  0  0  0  0  0  0  0  0  0  0  0  0  0  0  0  0  0  1  1  0  0  0  0  0  0  0  0  0  0  0  0  0  0  0  0  0  0  0  0  0  0  0  0  0  0  0  0  0  0  1  0  0  1  0  0  0  0  0  0  0  0  128819  0  0  17140  368  97  0  0  3  61  1  0  
3  2  0  0  0  2  0  0  2  129  0  0  0  0  131  0  181  3152  0  3  110  4  4370  21  28  17  7  113  82  0  162  1391  122  18  5  100  0  5  1  1  1074  0  6  18  7195  1  24  4256  25  0  1  385  0  81  12  458  0  128  1  0  11  0  1091  2  320  43  4062  857  180  0  5  8  2645  335  0  0  0  0  0  0  0  0  0  0  0  0  0  0  0  0  0  0  0  0  0  2  0  2  0  0  0  0  0  0  3  46  0  0  0  0  0  0  0  0  0  0  0  0  0  0  0  1  0  0  0  0  0  0  0  0  0  0  0  0  0  0  6  0  0  76  0  0  0  0  0  0  0  0  19276  41439  20180  0  27819  55837  0  39  18  8583  18  4  
2012  0  0  20  2  344  75  5  27  4  0  17  58  8  1154  3  62811  85100  1  8  0  6  3012  13863  131  691  2  167  417  0  3761  7104  68  21  907  122  0  8  9  825  12048  0  17  4  15705  1  36134  53551  54504  0  3  21779  550  1211  45  814  0  198  0  1  2  794  25568  17056  1207  60  5298  12504  657  458  18  12  2724  155  0  0  0  0  0  0  0  0  0  0  0  0  0  0  0  0  0  0  0  0  0  0  0  0  0  0  0  0  0  0  0  5  0  0  0  0  0  0  0  0  0  0  0  0  0  0  0  0  0  0  0  0  0  0  0  0  0  0  0  0  0  0  0  0  0  1  0  0  0  0  0  0  0  0  10025  17316  98  18457  0  215941  0  0  0  0  1  0  
0  1  0  0  0  1  2  0  0  2  0  0  3  0  233  0  252  9321  1  7  0  2  2364  1321  40  24  0  203  147  0  132  9252  0  0  2  3  0  0  0  0  709  2  1  3  5881  0  165  309  8  0  1  376  0  155  4  478  0  146  0  0  2  0  31308  1101  669  1  4424  926  271  394  1  0  174  1  0  0  0  0  0  0  0  0  0  0  0  0  0  0  0  0  0  0  0  0  0  0  0  0  0  0  0  0  0  0  4  87  0  0  0  0  0  0  0  0  0  0  0  0  0  0  0  0  0  0  0  0  0  0  0  0  0  0  0  0  1  0  2  0  0  1  0  0  0  0  0  0  0  0  1418  105979  1275  91871  376296  0  0  916  1  15  7  57  
0  0  0  0  0  0  0  0  0  0  0  0  0  0  0  0  0  0  0  0  1  0  0  0  0  0  0  0  0  0  0  0  0  0  0  0  0  0  0  0  0  0  0  0  0  0  0  0  0  0  0  0  0  0  0  0  0  0  0  0  0  0  0  0  0  0  0  0  0  0  0  0  0  0  0  0  0  0  0  0  0  0  0  0  0  0  0  0  0  0  8994  5432  0  1  2  2  126000  4739  8  0  0  0  0  0  574  2992  12  4  7513  0  8  0  0  0  207  0  51504  0  8  0  6  6323  59  4351  0  1  0  0  0  1  0  0  0  2  132  0  4318  0  0  0  0  2  0  0  0  152  616  34  0  0  0  0  0  0  0  46  269555  21902  29258  548  
0  0  0  0  0  0  0  0  0  0  0  0  0  0  0  0  0  0  0  0  0  0  0  0  0  0  0  0  0  0  1  21  0  0  0  0  0  0  0  0  0  0  0  0  0  0  0  0  0  0  0  0  0  0  0  0  0  0  0  0  0  0  0  0  0  1  0  0  0  0  0  0  0  0  475  0  51  0  128  3397  615  471  51  2  0  4  0  41  10894  25  70  648  2  0  0  0  14  3246  2  0  7  216  2050  0  1318  11243  3  0  0  0  0  0  12  74  1792  0  2  7  17356  44  734  475  12643  1  1  33978  4683  3219  10  20  0  4  0  0  6  1533  10176  10422  9  3668  3281  20004  6541  1117  116  0  58  1  0  26  0  0  0  884  30  0  18  3715  166085  29837  
0  0  0  0  0  0  0  0  1  0  0  0  0  0  0  0  0  0  0  0  13  0  3  0  0  0  0  0  0  0  0  0  0  0  0  0  0  0  0  0  0  0  0  0  0  0  0  0  0  0  0  0  0  0  0  0  0  0  0  0  0  0  1  0  0  1  0  0  0  0  0  0  0  0  0  6  0  0  0  0  0  0  38  2486  0  0  0  3  1  1  283  118  6  2  7  791  73788  43  25  2  0  0  2  0  475  3220  61  38  647  18  165  29  1  6  2569  0  10133  8169  18  0  0  4185  249  13563  0  16  0  0  6  22  6  6  8  368  61969  0  775  0  11  176  1  15  1  0  11  2601  4595  95  0  0  1  6  0  1  152464  60  0  14709  4490  275  
0  0  0  0  0  0  0  0  0  3  0  0  0  0  0  0  0  0  0  0  3  0  14  0  0  0  0  0  0  0  0  8  0  0  0  0  0  0  0  0  0  0  0  0  0  0  0  0  0  0  0  0  0  0  0  0  0  0  0  0  0  0  1  0  0  8  0  0  0  0  0  0  2  0  0  0  0  0  0  0  0  0  0  34  0  0  0  0  0  0  1467  2345  0  0  12  90  5488  627  1  0  0  0  1  0  1337  4982  18  0  37  0  0  0  0  0  498  0  87  17  1  0  3  4455  111  6  0  5  0  0  1  0  0  0  0  0  47  0  1986  0  0  250  1  2  0  0  0  3  102  5  0  184  42  9192  2  69  9666  23508  13860  0  74718  58632  
0  0  0  0  0  0  0  0  0  0  0  0  0  0  0  0  0  0  0  0  0  0  1  0  0  0  0  0  0  0  0  0  0  0  0  0  0  0  0  0  0  0  0  0  0  0  0  0  0  0  0  0  0  0  0  0  0  0  0  0  0  0  0  0  0  0  0  0  0  0  0  0  0  0  294  0  4  0  96  190  4  2  0  0  0  0  0  1  784  2  44316  36240  1  0  0  0  8013  16963  28  5  0  166  1754  0  2846  9727  15  8  96  1  0  0  7  4  15621  0  334  2  9731  4  25794  20048  17573  33  0  6788  1820  40  46  39  0  2  0  0  9  652  35902  6716  2  50  4550  13368  970  2  2  3  629  4  0  0  0  0  0  0  12711  166099  853  32342  0  171742  
0  0  0  0  0  0  0  0  0  0  0  0  0  0  0  0  0  0  0  0  0  0  0  0  0  0  0  0  0  0  0  3  0  0  0  0  0  0  0  0  0  0  0  0  0  0  0  0  0  0  0  0  0  0  0  0  0  0  0  0  0  0  1  0  0  0  0  0  0  0  0  0  0  0  0  0  0  0  0  0  0  0  0  0  0  0  0  0  0  0  6  2270  0  0  0  1  5799  853  0  0  0  0  0  0  1818  5734  0  0  12  0  0  0  0  0  0  0  0  0  0  0  8  1  0  0  0  0  0  0  0  0  0  0  0  0  0  0  3711  2  0  0  0  0  0  0  0  0  0  0  0  14  0  2  0  253  1633  124952  1143  138140  429163  0  
