0  0  0  0  58  1142  7  1  0  0  0  1  0  38  9113  2  0  0  0  0  0  0  0  2522  0  0  0  0  0  0  0  1  0  0  0  0  0  0  27  1  0  0  0  0  0  0  1  0  2062  0  0  158  11460  99  0  0  0  0  0  0  0  349  0  216  0  62  0  2  0  10  0  0  0  0  0  0  0  0  0  18  1  0  0  0  0  0  0  1  2  0  0  0  0  0  0  0  0  0  0  0  0  0  0  0  0  0  0  0  0  0  0  0  0  0  0  0  0  0  0  0  0  0  1  0  0  4  0  0  0  0  0  0  0  0  0  0  0  0  0  23  0  0  0  0  0  0  0  0  0  780  0  0  0  0  0  7  0  0  0  0  
0  0  0  0  0  0  0  0  0  0  0  0  0  0  0  0  0  0  73076  0  92215  35818  0  0  0  0  0  0  0  0  0  0  0  0  0  0  6307  1  0  0  0  86159  0  18801  0  0  0  32  0  0  26244  0  0  0  0  0  2999  29  9832  39975  10337  0  0  0  0  0  0  0  0  0  0  23300  5  1  0  0  0  0  0  0  0  0  0  0  0  0  0  0  0  0  0  0  0  0  0  0  0  0  0  0  0  0  0  0  0  0  0  0  0  0  0  0  0  0  0  0  0  0  0  0  0  0  0  0  0  0  0  0  0  0  0  0  0  0  0  0  0  0  0  0  0  0  0  0  0  0  0  0  0  0  50  88  19  9  0  0  0  0  0  0  
0  0  0  0  0  0  2  6136  357  0  0  0  0  0  0  46536  0  0  0  0  0  0  0  0  0  0  22818  16578  58369  12039  0  0  0  0  0  0  0  0  0  0  0  0  0  0  69802  36145  0  0  0  0  0  1  0  1  0  8  0  0  0  0  0  0  0  0  0  1  5300  0  78  0  7  0  0  0  0  0  813  0  0  0  0  103  260  0  0  0  0  0  0  12  0  0  0  0  0  0  0  0  0  0  0  0  0  277  0  0  0  0  0  0  0  0  0  0  0  0  0  0  0  52  0  0  0  0  0  0  0  0  0  0  0  0  0  0  0  0  0  0  0  26  0  0  0  0  149  0  0  0  0  2  0  0  1  0  0  0  0  0  0  0  
0  0  0  0  0  19  36  126  0  15  0  15562  0  0  1  0  91  32  0  0  0  0  0  0  3  36688  0  27415  17466  2  0  0  643  210  2  220  0  0  0  0  1355  0  0  29  11880  0  8  7  41138  0  0  275  1  34  3  29  0  10  0  0  0  0  0  0  0  14  1617  20111  162  4  1  0  1195  37  0  0  0  0  0  3  0  0  0  0  0  0  0  0  0  1  0  0  0  0  0  0  0  0  0  0  0  0  0  0  0  0  0  0  0  0  0  0  0  0  0  0  0  0  0  0  0  0  0  0  0  1  0  0  0  0  0  0  0  0  0  0  0  0  0  1  0  0  0  0  0  0  0  0  0  46  0  110  548  1  0  6  0  0  0  0  
214  0  0  0  0  1  0  0  0  0  0  0  0  0  0  0  0  0  0  0  0  0  0  0  0  0  0  0  0  0  0  0  0  0  0  0  0  0  0  0  0  0  0  0  0  0  0  0  0  0  0  0  1895  0  0  0  0  0  0  0  0  0  0  0  0  0  0  0  0  0  0  0  0  0  0  0  0  0  0  0  0  0  0  0  0  0  0  0  0  0  0  0  0  0  0  0  0  0  0  0  0  0  0  0  0  0  0  0  0  0  0  0  0  0  0  0  0  0  0  0  0  0  0  0  0  0  0  0  0  0  0  0  0  0  0  0  0  0  0  0  0  0  0  0  0  0  0  0  0  0  0  0  0  0  0  0  0  0  0  0  
1679  0  0  0  0  0  39032  36  0  0  0  3  0  36  3022  53667  0  32  0  0  0  0  0  10  0  0  0  0  0  0  0  224  0  0  0  0  0  0  26  5  0  0  0  0  23  0  117  0  3622  0  0  889  7770  7018  0  1  0  0  0  0  0  0  1  583  0  66179  2  22  7  25958  0  0  6  0  0  0  0  0  0  5095  1311  1  0  0  0  0  0  1  1  555  0  0  0  0  0  0  0  0  0  0  0  0  0  0  0  2  0  0  0  0  0  0  0  0  0  0  0  0  0  1  0  0  2  0  0  27  0  6  0  0  0  0  0  0  0  1  0  0  0  297  0  0  0  0  0  0  0  0  0  30680  0  2300  340  658  0  383  0  0  1  0  
0  0  3  50  0  36442  0  26018  0  6  0  4  0  1  1  88726  0  5  0  0  0  0  0  0  1  6  0  0  79  0  0  0  0  0  0  0  0  0  1  3  93  0  0  4  2536  9  14  0  33  0  0  1203  5  2369  1  14  1  1  0  0  0  0  0  0  0  41676  31  393  3997  3  0  0  278  0  0  0  0  0  0  3594  12050  685  0  0  0  0  0  1  0  4126  0  0  0  0  0  0  0  0  0  0  0  0  0  0  0  0  0  0  0  0  0  0  0  0  0  0  0  0  0  0  0  0  0  0  0  3  0  3  0  0  0  0  0  0  0  0  0  0  0  116  0  0  0  0  0  0  0  0  0  229231  0  41  311  0  0  6  0  0  0  0  
0  0  7965  36  0  17  20630  0  13152  122  0  0  0  2  0  39209  0  10  2  0  0  0  0  0  1  60  27  3  14797  748  0  0  0  0  0  0  0  0  0  1  207  0  0  8  26219  44626  8  0  20  0  0  1027  4  579  18  935  0  1  0  0  0  0  0  2  2  41899  674  712  22495  0  176  0  205  0  0  0  16  0  0  2  1389  11898  2638  0  0  0  0  0  0  17  0  1  0  0  0  0  0  0  0  0  0  0  0  1  0  0  0  0  0  0  0  0  0  0  0  0  0  0  30  2  0  0  5  0  0  43  1  43  3  2  0  1  0  0  0  0  0  0  0  21765  1  1  0  0  0  0  0  0  0  16659  1  195  160  0  0  19  0  2  1  0  
0  0  2606  1  0  0  1  10077  0  2640  7  0  0  0  0  74  0  0  0  133  0  1  0  0  117  0  65  0  28  24076  0  0  0  0  0  0  0  0  0  0  1  0  0  4  1632  38165  1  0  0  0  0  0  0  2  84  26127  0  48  0  0  0  0  0  0  8928  23661  476  3  43  0  43318  0  234  0  0  0  276  0  0  0  0  82  61821  1  21  0  0  0  0  0  0  0  0  0  0  17  0  0  0  0  0  0  0  350  0  0  0  0  0  0  0  0  0  0  0  0  0  0  0  29  0  0  0  0  0  1  0  0  0  0  0  0  0  0  0  0  0  0  0  19620  0  0  0  0  11622  0  0  0  0  6  0  6  3  0  0  0  0  1  0  0  
0  0  0  45  0  24  6  181  3750  0  30  0  0  0  0  0  2  3  21  0  6  6920  7543  0  2  4  2  1  11  14956  0  2  0  0  0  0  0  0  1  0  453  0  0  39316  1552  2  6  105  29  0  0  223  0  20  35  13752  1  104  4  7  24  0  1  0  1397  60302  163  41  81  20  7  0  7586  0  0  0  0  0  0  0  2  0  566  223  0  0  0  0  1  2  0  0  53  0  0  143  64  0  66  5  0  0  0  176  0  10  0  0  0  2  0  0  0  0  4  0  0  170  35  1  0  0  0  0  0  11  0  5  224  330  0  350  0  0  0  0  0  0  321  2959  9  2  2  0  10  0  453  0  0  109  20843  2589  1287  15  31  151  98  9797  21  1  
0  2  0  0  0  0  0  0  8  7  0  0  0  0  0  0  0  0  597  97485  0  10709  0  0  1  0  1170  0  0  5136  0  0  0  0  0  0  0  0  0  0  1  45276  0  98249  0  0  0  2  0  0  0  0  0  0  0  114  111  14043  0  1  0  0  0  0  63719  1  0  0  0  0  9  0  0  0  0  0  0  0  0  0  0  0  1  796  8960  0  0  0  0  0  0  0  0  1  0  17603  0  0  0  0  0  0  0  755  0  0  0  0  0  0  0  0  0  0  0  856  0  78  0  0  0  0  0  0  0  0  0  0  0  0  0  0  0  0  0  0  0  0  291  13  0  0  0  0  2  0  0  0  0  0  0  0  0  0  0  0  0  0  0  0  
0  0  0  16747  0  24  6  6  0  0  0  0  18  23930  243  0  260  2034  0  0  0  0  0  37  0  8  0  0  13  0  0  0  1036  1470  76  0  0  0  0  38979  20  0  0  0  16  0  218  37  37334  0  0  57298  15  939  0  1  0  0  0  0  0  0  0  2  0  5  13  42715  1  0  0  0  9  3  0  0  0  0  0  27  4  0  0  0  0  0  0  4  2  1  0  0  0  0  0  0  0  0  0  0  0  0  0  0  0  0  0  0  0  0  0  0  0  0  0  0  0  0  1  1  0  0  3  0  0  54  0  8  0  0  0  0  0  0  0  1  0  0  0  24  0  0  0  0  0  0  0  0  0  154  0  7  351  0  0  14  0  0  0  0  
0  0  0  0  0  0  0  0  0  0  0  5  0  2242  0  0  0  66  0  0  0  0  0  8614  0  0  0  0  0  0  0  0  0  0  0  0  0  0  15633  2  0  0  0  0  0  0  24042  0  527  0  0  0  0  0  0  0  0  0  0  0  0  0  0  3481  0  0  0  0  0  0  0  0  0  0  0  0  0  0  0  0  0  0  0  0  0  0  0  0  0  0  0  0  0  0  0  0  0  0  0  0  0  0  0  0  0  0  0  0  0  0  0  0  0  0  0  0  0  0  0  0  0  0  0  0  0  0  0  0  0  0  0  0  0  0  0  0  0  0  0  0  0  0  0  0  0  0  0  0  0  0  0  0  0  0  0  0  0  0  0  0  
8  0  0  0  0  150  0  1  0  0  0  22147  738  0  60  1  0  3605  0  0  0  0  0  21  0  0  0  0  0  0  0  0  0  0  0  0  0  0  18118  31572  0  0  0  0  5  0  10708  0  43789  0  0  57612  341  45  0  0  0  0  0  0  0  0  0  0  0  34  4  24  0  2  0  0  7  0  0  0  0  0  0  101  7  0  0  0  0  0  0  0  3  1  0  0  0  0  0  0  0  0  0  0  0  0  0  0  0  0  0  0  0  0  0  0  0  0  0  0  0  0  0  1  1  0  3  0  0  41  0  6  0  0  0  0  0  0  0  1  0  0  0  78  0  0  0  0  0  0  0  0  0  389  0  2  24  0  0  13  0  0  0  0  
9043  0  0  0  0  4693  1  1  0  0  0  95  0  201  0  43033  0  0  0  0  0  0  0  82  0  0  0  0  9528  0  0  0  0  0  0  0  0  0  2  0  0  0  0  0  29  0  1  0  257  0  0  75658  156327  111616  0  0  0  0  0  0  0  198  0  2  0  6  1  26841  12493  0  0  0  1  0  0  0  0  0  0  3  0  0  0  0  0  0  0  0  0  0  0  0  0  0  0  0  0  0  0  0  0  0  0  0  0  0  0  0  0  0  0  0  0  0  0  0  0  0  0  0  0  0  0  0  0  2  0  0  0  0  0  0  0  0  0  0  0  0  0  8  0  0  0  0  0  0  0  0  0  2183  0  1  1  0  0  1  0  0  0  0  
0  0  63473  6  0  50944  86815  58550  162  1  0  0  0  0  47768  0  0  3  0  0  0  0  0  0  0  0  18  4  42732  16  0  723  0  0  0  0  0  0  0  1  21  0  0  0  1904  6154  12  0  26  0  0  29  8253  146276  0  14  0  0  0  0  0  0  0  0  0  5235  21  15  75753  50  10  0  39  0  0  0  294  0  0  843  1109  7076  499  0  0  0  0  0  0  7237  0  0  0  0  0  0  0  0  0  0  0  0  0  1  0  182  0  0  0  0  0  0  0  0  0  0  0  0  0  3  0  0  0  0  0  1  0  0  0  0  0  0  0  0  0  0  0  0  0  909  0  0  0  0  1  0  0  0  0  49996  0  11  13  3  0  137  0  0  0  0  
0  0  0  75  0  1  0  0  0  0  0  53  0  0  0  0  0  36799  0  0  0  0  2395  56  0  65  0  0  0  0  0  2  5857  47  7374  0  4  1  0  0  3948  0  2  0  1  0  17  45006  19765  72  0  2  0  4  0  0  0  0  0  0  1260  0  5858  0  0  0  0  5  1  0  0  6  181  8  0  0  0  0  0  0  0  0  0  0  0  0  0  0  0  0  0  0  0  0  0  0  0  0  0  0  0  0  0  0  0  0  0  0  0  0  0  0  0  0  0  0  0  0  0  0  0  0  0  0  0  0  0  0  0  0  0  0  0  0  0  0  0  0  0  1  0  0  0  0  0  0  0  0  484  1  179  0  64644  470  0  0  0  0  0  0  
4  0  0  31  0  492  216  91  0  0  0  1469  201  5004  1  1  28744  0  0  0  0  0  63  3968  0  6  0  0  2  0  0  3  676  241  199  1  0  0  16  1645  34  0  0  0  133  2  43136  3888  53215  0  0  491  48  432  0  1  0  1  0  0  27  0  14811  65  0  132  2  66  49  60  0  0  14  6  0  0  0  0  0  1  1  0  0  0  0  0  0  0  1  0  0  0  0  0  0  0  0  0  0  0  0  0  0  0  0  0  0  0  0  0  0  0  0  0  0  0  0  0  0  0  0  0  0  0  0  7  0  2  0  0  0  0  0  0  0  0  0  0  0  14  0  0  0  0  0  0  0  0  202  633  9  115  85531  132  0  463  0  0  0  0  
0  85432  0  0  0  0  0  1  3  6  571  0  0  0  0  0  0  0  0  33676  120  17  0  0  19160  0  119  0  2  196  0  0  1  0  0  1  850  685  0  0  142  80692  0  5878  18  6  0  5894  0  0  0  1  0  0  5  6938  151004  133195  55977  703  660  0  0  0  13  7  2  0  1  0  24  265  103443  144  0  0  0  0  0  0  0  0  0  0  0  0  0  0  0  0  0  0  0  1  0  0  0  0  0  0  0  0  0  0  0  0  0  0  0  0  0  0  0  0  0  0  0  0  0  0  0  0  0  0  0  0  0  0  0  0  0  0  0  0  0  0  0  0  0  0  0  0  0  0  0  0  0  0  0  0  709  56  869  91  0  1  0  0  0  0  
0  0  0  0  0  0  0  0  3  0  102671  0  0  0  0  0  0  0  26891  0  0  0  0  0  212  0  14145  0  0  203  0  0  0  0  0  0  0  0  0  0  0  36525  0  3820  0  0  0  0  0  0  0  0  0  0  0  50359  318  79796  0  0  0  0  0  0  35066  0  0  0  0  0  2  0  31  0  0  0  0  0  0  0  0  0  0  0  629  0  0  0  0  0  0  0  0  4  0  0  0  0  0  0  1  0  0  117  0  0  0  0  0  0  0  0  0  0  0  5  0  0  0  0  0  0  0  0  0  0  0  0  0  0  0  0  0  0  0  0  0  0  73  0  0  0  0  0  0  0  0  0  0  0  1  0  0  0  0  0  0  0  0  0  
0  73192  0  0  0  0  0  0  0  8  0  0  0  0  0  0  0  0  402  0  0  18215  15346  0  0  0  0  0  0  0  0  0  0  0  0  0  100  0  0  0  0  57  0  1  0  0  0  2860  0  26911  28131  0  0  0  0  0  9  4  47  78110  163840  0  0  0  0  0  0  0  0  0  0  24  123  1  0  0  0  0  0  0  0  0  0  14  0  0  0  0  0  0  0  0  0  0  1  17  26  0  0  0  0  0  0  0  0  0  0  0  0  0  0  0  0  0  0  1  0  10  0  0  0  0  0  0  0  0  0  0  0  0  0  0  0  0  5  0  0  0  0  1  0  0  0  0  0  0  0  0  0  0  1673  7  27  1  0  0  57  3  0  0  
0  31599  0  0  0  0  0  0  6  16789  7903  0  0  0  0  0  0  0  228  0  18227  0  7539  0  0  0  0  0  0  189  0  0  0  0  0  0  0  0  0  0  0  70837  0  138197  0  0  0  1  0  0  66033  0  0  0  0  0  2  3  49  29  114872  0  0  0  840  36  0  0  0  0  0  0  1  0  0  0  0  0  0  0  0  0  0  4057  11  0  0  0  0  0  0  0  0  0  523  59122  315  0  0  0  0  0  0  13  0  0  0  0  0  0  0  0  0  0  0  538  0  3308  1  0  0  0  0  0  54  0  0  0  0  0  0  0  0  0  1229  0  0  0  1  142  0  0  0  0  0  0  0  0  0  0  3158  363  1  0  0  0  599  50  3  0  
0  0  0  0  0  0  0  0  0  8684  0  0  0  0  0  0  3997  9  0  0  2756  3488  0  14  0  0  0  0  0  0  0  14  0  12  22110  0  12  0  0  0  1  0  30080  4552  0  0  0  1641  0  24030  0  0  0  0  0  0  0  0  1  2  49167  0  3527  0  0  3  0  0  0  0  0  70  50  0  0  0  0  0  0  0  0  0  0  100  0  0  0  0  0  0  0  0  0  0  0  59  35  0  0  0  0  0  0  1  1  1  0  0  0  0  0  0  0  0  0  0  0  99  0  0  0  0  0  0  0  0  0  0  0  0  0  0  0  0  0  0  0  0  0  1  0  0  0  0  0  0  0  0  52873  0  122628  5841  60  70  76  0  94  19  0  1  
2482  0  0  0  0  73  0  0  0  0  0  11  11162  18  65  0  17  5160  0  0  0  0  16  0  0  0  0  0  0  0  0  13  0  321  65  0  0  0  546  6  0  0  12  0  2  0  32791  82  356  0  0  9  2  4  0  0  0  0  0  0  0  188  24528  22943  0  1  0  1  0  0  0  0  0  0  0  0  0  0  0  0  0  0  0  0  0  0  0  0  0  0  0  0  0  0  0  0  0  0  0  0  0  0  0  0  0  0  0  0  0  0  0  0  0  0  0  0  0  0  0  0  0  0  0  0  0  0  0  0  0  0  0  0  0  0  0  0  0  0  0  0  0  0  0  0  0  0  0  0  167  8  3  0  4304  0  0  0  0  0  0  0  
0  0  0  0  0  1  0  5  325  13  0  0  0  0  0  0  0  0  25276  58  0  0  0  0  0  21263  5787  43  0  165  0  0  0  0  0  66  4  872  0  0  220  0  0  461  46  16  0  3  0  0  0  2  0  0  58252  164029  0  9519  9  1  0  0  0  0  177  151  9806  0  2  1  180  25  163892  1  0  0  0  0  0  0  0  0  0  0  0  0  0  0  0  0  0  0  0  0  0  0  0  0  0  0  0  0  0  0  0  0  0  0  0  0  0  0  0  0  0  0  0  0  1  0  0  0  0  0  0  0  0  0  8  4  0  1  0  0  0  0  0  0  0  3  0  0  0  0  0  0  3  0  0  2  0  7  2  0  0  3  0  0  0  0  
0  0  0  32564  0  3  19  96  2  10  0  3  0  0  0  0  38  2  0  0  0  0  0  0  22992  0  0  7100  77  51  0  0  2441  19100  0  112649  0  239  0  1  68501  0  0  20  3067  72  3  1  7310  0  0  112  0  20  64056  14490  0  7  0  0  0  0  0  0  1  14  127834  427  83  0  17  2  1563  4653  0  0  0  0  0  0  0  2  0  0  0  0  0  0  0  0  0  0  0  0  0  0  0  0  0  0  0  0  0  0  0  0  0  0  0  0  0  0  0  0  0  0  0  0  0  0  0  0  0  0  0  4  0  1  1  0  0  0  0  0  0  0  0  0  0  0  0  0  0  0  0  0  0  0  0  38  0  26  75  0  0  2  0  0  0  0  
0  0  25494  0  0  0  0  165  210  0  1337  0  0  0  0  49  0  0  109  15829  0  0  0  0  8380  5  0  1358  20  153026  0  0  0  0  0  0  0  0  0  0  0  5  0  0  2588  31668  0  0  1  0  0  0  0  0  4  165435  0  137  0  0  0  0  0  0  31850  3  71092  1  31  0  1475  0  49  0  0  0  9  0  0  0  0  0  0  0  17  0  0  0  0  0  0  0  0  1  0  0  0  0  0  0  0  0  0  617  0  0  0  0  0  0  0  0  0  0  0  0  0  0  0  3  0  0  0  0  0  0  0  0  0  1  0  0  0  0  0  0  0  0  622  1  0  0  0  0  1  0  1  0  0  1  0  0  0  0  0  0  0  0  0  0  
0  0  20127  25639  0  0  0  5  1  0  0  0  0  0  0  7  0  0  0  0  0  0  0  0  8  8248  1070  0  10232  347  0  0  0  0  0  0  0  0  0  0  7  0  0  1  195922  6212  0  0  1  0  0  1  0  1  0  203  0  1  0  0  0  0  0  0  0  0  128728  12  4  0  2  0  11  0  0  0  0  0  0  0  0  0  0  0  0  0  0  0  0  1  0  0  0  0  0  0  0  0  0  0  0  0  0  0  0  0  0  0  0  0  0  0  0  0  0  0  0  0  0  0  0  0  0  0  0  0  0  0  0  0  0  0  0  0  0  0  0  0  0  0  0  0  0  0  0  0  0  0  0  1  0  0  2  0  0  0  0  0  0  0  
0  0  50414  15278  0  5  39  8503  84  2  0  8  0  1  8588  36575  0  0  0  0  0  0  0  0  0  5  11  11427  0  301  0  0  0  0  0  0  0  0  0  0  53  0  0  2  210529  9151  0  1  41  0  0  1675  0  950  0  51  0  0  0  0  0  0  0  0  0  19  80  97034  105862  0  453  0  102  0  0  0  0  0  0  0  1  5  0  0  0  0  0  1  0  4  0  0  0  0  0  0  0  0  0  0  0  0  0  0  0  0  0  0  0  0  0  0  0  0  0  0  0  0  0  1  0  0  1  0  0  19  0  6  0  0  0  0  0  0  0  0  0  0  0  0  0  0  0  0  0  0  0  0  0  75  0  28  48  0  0  13  0  0  0  0  
0  0  9615  0  0  0  1  482  30602  21472  12380  0  0  0  0  13  0  0  94  743  0  1745  0  0  66  0  156571  3  63  0  0  0  0  0  0  0  0  0  0  0  2  0  0  2159  6750  109624  0  0  1  0  0  0  0  0  54  24595  0  102  0  0  0  0  0  0  95487  6519  816  1  136  0  133621  0  435  0  0  0  265  0  0  0  0  0  495  37  2697  0  0  0  0  0  0  0  0  7  0  527  0  0  0  0  0  0  0  12156  0  0  0  0  0  0  0  0  0  0  0  0  0  0  1  100  0  0  0  0  0  0  0  0  10  6  0  0  0  0  0  0  0  0  1805  20  1  0  0  0  3551  0  2  0  0  8  0  6  0  0  0  1  0  0  0  0  
0  0  0  0  0  0  0  0  0  0  0  0  0  0  0  0  0  0  0  0  0  0  1  2  0  0  0  0  0  0  0  2537  0  0  1  0  0  0  0  0  0  0  1  0  0  0  0  0  0  0  0  0  0  0  0  0  0  0  0  0  0  0  2829  0  0  0  0  0  0  0  0  0  0  0  0  0  0  0  0  0  0  0  0  0  0  0  0  0  0  0  0  0  0  0  0  0  0  0  0  0  0  0  0  0  0  0  0  0  0  0  0  0  0  0  0  0  0  0  0  0  0  0  0  0  0  0  0  0  0  0  0  0  0  0  0  0  0  0  0  0  0  0  0  0  0  0  0  0  1  0  0  1  1079  6  0  0  0  0  0  0  
0  0  0  0  0  570  2  1  0  6  0  0  0  0  0  312  0  13  0  0  0  0  71  12  0  0  0  0  0  0  1552  0  0  1  5  0  0  0  0  0  0  0  1  0  1  0  58  0  221  0  0  4  0  2  0  0  0  0  0  0  2  0  13116  0  0  13269  0  0  0  1728  0  0  0  0  0  0  0  0  0  24  1  0  0  0  0  0  0  0  0  0  0  0  0  0  0  0  0  0  0  0  0  0  0  0  0  1359  0  0  0  0  0  0  0  0  0  0  0  0  0  0  0  0  0  0  0  1  0  2  0  0  0  0  0  0  0  0  0  0  0  51  0  0  0  0  0  0  0  0  9  2  63  858  6794  2438  9  2395  7  2  0  0  
0  0  0  904  0  0  0  0  0  0  0  144  0  0  0  0  9172  905  0  0  0  0  0  0  0  2414  0  0  0  0  0  0  0  11130  6412  1344  1  0  0  0  19268  0  0  0  0  0  0  32506  750  0  0  0  0  0  0  0  0  3  18  10  0  0  0  0  0  0  0  0  0  0  0  58  3373  45786  0  0  0  0  0  0  0  0  0  0  0  0  0  0  0  0  0  0  0  0  0  0  0  0  0  0  0  0  0  0  0  0  0  0  0  0  0  0  0  0  0  0  0  0  0  0  0  0  0  0  0  0  0  0  0  0  0  0  0  0  0  0  0  0  0  0  0  0  0  0  0  0  0  0  0  0  0  0  2792  0  0  0  0  0  0  0  
0  0  0  372  0  0  0  0  0  0  0  646  0  0  0  0  70  119  0  0  0  0  7  141  1  26185  0  1  0  0  0  0  14108  0  85958  97583  0  15028  0  0  224  0  27034  0  0  0  32  6579  14  16  0  0  0  0  2454  0  0  0  0  0  0  0  4  0  0  0  4  0  0  0  0  5  121725  12426  0  0  0  0  0  0  0  0  0  0  0  0  0  0  0  0  0  0  0  0  0  0  0  0  0  0  0  0  0  0  0  0  0  0  0  0  0  0  0  0  0  0  0  0  0  0  0  0  0  0  0  0  0  0  0  0  0  0  0  0  0  0  0  0  0  0  0  0  0  0  0  0  0  0  5  0  0  0  112  0  0  0  0  0  0  0  
0  0  0  3  0  0  0  0  0  0  0  37  0  0  0  0  10375  87  0  0  0  0  15756  85  0  1  0  0  0  0  0  0  6084  83301  0  2  12  2  0  0  9  0  26865  0  0  0  5  55482  4  6112  0  0  0  0  0  0  0  0  0  0  5181  0  510  0  0  0  0  0  0  0  0  1169  26137  19  0  0  0  0  0  0  0  0  0  0  0  0  0  0  0  0  0  0  0  0  0  0  0  0  0  0  0  0  0  0  0  0  0  0  0  0  0  0  0  0  0  0  0  0  0  0  0  0  0  0  0  0  0  0  0  0  0  0  0  0  0  0  0  0  0  0  0  0  0  0  0  0  0  0  7449  0  80  0  268  0  0  0  0  0  0  0  
0  0  0  184  0  0  0  2  0  0  0  2  0  0  0  0  0  0  6  0  0  0  0  0  40  107460  0  1  0  6  0  0  2703  83515  8  0  0  2  0  0  39783  0  0  4  77  5  0  0  8  0  0  3  0  1  19397  78  0  1  0  0  0  0  0  0  3  2  1809  9  1  0  4  0  17331  24014  0  0  0  0  0  0  0  0  0  0  0  0  0  0  0  0  0  0  0  0  0  0  0  0  0  0  0  0  0  0  0  0  0  0  0  0  0  0  0  0  0  0  0  0  0  0  0  0  0  0  0  0  0  0  0  0  0  0  0  0  0  0  0  0  0  0  0  0  0  0  0  0  0  0  0  0  0  0  1  0  0  0  0  0  0  0  
0  6991  0  0  0  0  0  0  0  0  0  0  0  0  0  0  0  0  440  0  198  0  76  0  3  0  0  0  0  0  0  0  0  1  97  0  0  22124  0  0  0  0  17044  0  0  0  0  6327  0  24382  0  0  0  0  0  0  1  0  14485  56295  693  0  0  0  0  0  0  0  0  0  0  66520  2840  0  0  0  0  0  0  0  0  0  0  0  0  0  0  0  0  0  0  0  0  0  0  0  0  0  0  0  0  0  0  0  0  0  0  0  0  0  0  0  0  0  0  0  0  0  0  0  0  0  0  0  0  0  0  0  0  0  0  0  0  0  0  0  0  0  0  0  0  0  0  0  0  0  0  0  4  0  463  2  3  0  0  0  0  0  0  0  
0  0  0  0  0  0  0  0  0  0  0  0  0  0  0  0  0  0  440  0  8  0  0  0  1706  513  0  0  0  0  0  0  0  16547  6  2  19923  0  0  0  0  0  19373  0  0  0  0  384  0  343  0  0  0  0  1951  0  31  8  6664  1505  14  0  0  0  0  0  0  0  0  0  0  61394  192644  0  0  0  0  0  0  0  0  0  0  0  0  0  0  0  0  0  0  0  0  0  0  0  0  0  0  0  0  0  0  0  0  0  0  0  0  0  0  0  0  0  0  0  0  0  0  0  0  0  0  0  0  0  0  0  0  0  0  0  0  0  0  0  0  0  0  0  0  0  0  0  0  0  0  0  1  0  22  0  52  1  0  0  0  0  0  0  
31  0  0  0  0  135  2  2  0  0  0  0  10791  16464  2  0  0  229  0  0  0  0  0  350  0  0  0  0  0  0  0  0  0  0  0  0  0  0  0  0  0  0  0  0  3  0  14271  0  23938  0  0  34  68  15  0  0  0  0  0  0  0  0  0  7052  0  19  0  1  1  6  0  0  0  0  0  0  0  0  0  3  2  0  0  0  0  0  0  0  1  0  0  0  0  0  0  0  0  0  0  0  0  0  0  0  0  0  0  0  0  0  0  0  0  0  0  0  0  0  0  0  0  0  0  0  0  2  0  0  0  0  0  0  0  0  0  0  0  0  0  2  0  0  0  0  0  0  0  0  0  69  0  0  1  0  0  5  0  0  0  0  
0  0  0  0  0  6  1  1  0  0  0  42079  1  26724  1  0  0  971  0  0  0  0  0  1  0  1  0  0  0  0  0  0  0  0  0  0  0  0  0  0  0  0  0  0  8  0  207  0  28427  0  0  2290  8  102  0  0  0  0  0  0  0  0  0  0  0  7  5  208  0  0  0  0  6  0  0  0  0  0  0  71  1  2  0  0  0  0  0  1  4  2  0  0  0  0  0  0  0  0  0  0  0  0  0  0  0  0  0  0  0  0  0  0  0  0  0  0  0  0  1  0  2  0  2  0  0  105  0  14  0  0  0  0  0  0  0  1  0  0  0  65  0  0  0  0  0  0  0  0  0  101  0  1  57  0  0  13  0  0  0  0  
1  0  0  2753  0  62  247  882  6  29  0  15  0  5  0  1  4399  14  267  0  2  0  0  0  309  62248  1  4  289  38  0  0  12616  207  0  34358  0  1  0  12  0  0  0  215  3756  43  21  28808  36087  0  0  1699  2  168  22989  1061  35  1032  402  19  5  0  0  3  39  79  10297  1266  619  5  16  51  85376  31954  0  0  0  0  0  1  5  1  0  0  0  0  0  0  0  0  0  0  0  0  0  0  0  0  0  0  0  0  0  0  0  0  0  0  0  0  0  0  0  0  0  0  0  0  1  0  0  0  0  0  0  4  0  3  1  1  0  0  0  0  0  0  0  0  0  4  0  0  0  0  0  0  0  0  0  292  16  437  2255  5  0  23  0  0  0  0  
0  79298  0  0  0  0  0  0  0  0  29589  0  0  0  0  0  0  0  92936  22139  82  58234  0  0  0  0  1  0  0  0  0  0  0  0  0  0  0  0  0  0  0  0  0  39032  0  0  0  0  0  0  4424  0  0  0  0  8  27182  22116  0  0  0  0  0  0  0  0  0  0  0  0  0  0  0  0  0  0  0  0  0  0  0  0  0  0  0  0  0  0  0  0  0  0  0  2  1  24  0  0  0  0  0  0  0  0  0  0  0  0  0  0  0  0  0  0  0  1  0  0  0  0  0  0  0  0  0  0  0  0  0  0  0  0  0  0  0  0  0  0  0  0  0  0  0  0  0  0  0  0  0  0  0  0  0  0  0  0  0  0  0  0  
0  0  0  0  0  0  0  0  0  0  0  0  0  0  0  0  3  0  0  0  0  0  30279  7  0  0  0  0  0  0  0  0  0  20976  28255  0  24217  15930  0  0  0  0  0  0  0  0  1  134  0  23908  0  0  0  0  0  0  0  0  0  0  44  0  1  0  0  0  0  0  0  0  0  477  7180  0  0  0  0  0  0  0  0  0  0  0  0  0  0  0  0  0  0  0  0  0  0  0  0  0  0  0  0  0  0  0  0  0  0  0  0  0  0  0  0  0  0  0  0  0  0  0  0  0  0  0  0  0  0  0  0  0  0  0  0  0  0  0  0  0  0  0  0  0  0  0  0  0  0  0  15647  0  30  0  0  0  0  0  0  0  0  0  
0  13881  0  15  0  0  1  36  2  38634  89487  1  0  0  0  0  0  1  6930  5927  6  148153  5377  0  17  0  0  0  2  1908  0  0  0  0  0  0  0  0  1  0  278  46535  0  0  216  0  1  721  5  0  593  45  0  7  2  346  11592  9493  356  861  24241  0  0  0  58907  4359  13  9  10  0  0  9  3738  37  0  0  0  0  0  0  1  0  0  20  1  0  0  0  0  0  0  0  0  0  0  1115  8  0  0  0  0  0  0  0  0  0  0  0  0  0  0  0  0  0  0  3  0  16  0  0  0  0  0  0  0  0  0  0  0  0  0  0  0  0  0  0  0  0  0  3  0  0  0  0  0  0  0  0  0  13  20429  571  880  25  0  0  4  3  0  0  
0  0  62129  14178  0  85  117  27274  453  284  0  22  0  1  26  4009  0  53  8  0  0  0  0  0  11  2312  527  155980  212422  20225  0  0  0  0  0  0  0  0  0  16  635  0  0  113  0  45714  102  6  438  0  0  1970  7  653  22  12342  0  76  0  1  0  0  0  12  2  348  155958  31872  53227  11  8272  0  5158  0  0  0  0  0  0  3  19  9  0  0  0  1  0  1  2  37  0  0  0  0  0  0  0  0  0  0  0  0  0  0  0  0  0  0  0  0  0  0  0  1  0  0  0  0  5  2  0  0  1  0  0  98  0  53  17  10  0  2  0  0  0  0  0  0  0  25  1  2  0  0  1  0  9  0  0  1217  2  817  1574  0  0  71  0  1  0  0  
0  0  33584  2  0  2  3  54712  46039  6  1  0  0  0  0  1750  0  1  1  0  0  0  0  0  12  8  18228  929  5395  87085  0  0  0  0  0  0  0  0  0  0  49  0  0  1  47040  0  4  0  14  0  0  25  1  18  3  6028  0  1  0  0  0  0  0  2  1  713  16927  28  7137  0  32188  0  34  0  0  0  22  0  0  1  2  2  489  0  0  0  0  0  0  1  0  0  0  0  0  0  0  0  0  0  0  0  0  490  0  0  0  0  0  0  0  0  0  0  0  0  0  0  0  18  0  0  0  0  0  7  0  3  4  1  0  0  0  0  0  0  0  0  0  5  0  0  0  0  502  0  0  0  0  154  0  16  67  0  0  3  0  0  0  0  
13  0  0  4  0  442  139  79  0  0  0  66  15040  7998  2  4  16  47779  0  0  0  0  15  32602  0  0  0  0  4  0  0  4  0  40  35  0  0  0  18015  121  1  0  0  0  124  1  0  196  10799  0  0  1072  116  458  0  0  0  0  0  0  0  0  800  15590  0  106  2  17  38  80  0  0  13  0  0  0  0  0  0  5  1  0  0  0  0  0  0  0  0  2  0  0  0  0  0  0  0  0  0  0  0  0  0  0  0  1  0  0  0  0  0  0  0  0  0  0  0  0  0  0  1  0  0  0  0  3  0  1  0  0  0  0  0  0  0  0  0  0  0  25  0  0  0  0  0  0  0  0  40  726  0  15  11157  11  0  725  0  0  0  0  
0  3  0  3  0  0  0  1  0  5  0  6  0  0  0  0  45833  5965  233  0  788  0  1191  83  0  3  0  0  0  0  0  0  28083  10920  62427  0  935  58  0  0  20271  0  350  30  1  0  207  0  4938  4244  0  0  0  0  1  2  49  736  2485  4048  19708  0  958  0  1  2  1  2  0  0  0  11244  57954  9678  0  0  0  0  0  0  0  0  0  0  0  0  0  0  0  0  0  0  0  0  0  0  0  0  0  0  0  0  0  0  0  0  0  0  0  0  0  0  0  0  0  0  0  0  0  0  0  0  0  0  0  0  0  0  0  0  0  0  0  0  0  0  0  0  0  0  0  0  0  0  0  0  0  0  346  0  11075  61  121955  314  0  0  0  0  0  0  
1110  0  0  44740  0  1920  715  496  1  14  0  50050  342  31871  61  5  15549  61359  2  0  0  0  0  79  0  7803  0  1  384  3  0  8  288  10  9  5  0  0  23148  31863  29070  0  0  14  1573  6  10279  4657  0  0  0  5578  646  4757  0  62  0  102  0  0  0  4  0  108  0  449  3273  35101  291  75  1  0  10170  33  1  0  0  0  0  729  40  11  0  0  0  2  1  56  82  15  0  1  0  0  0  0  0  0  0  0  1  0  0  0  0  1  0  0  0  0  0  0  0  3  2  0  0  1  20  4  7  0  73  0  0  901  14  71  0  1  0  1  0  0  0  45  0  1  0  416  0  4  2  0  0  0  0  0  0  3130  1  285  60240  39  0  4580  0  0  4  0  
0  16  0  0  0  0  0  0  0  0  0  0  0  0  0  0  11  0  0  0  30365  0  12014  0  0  0  0  0  0  0  0  0  0  17  10486  0  21532  128  0  0  0  0  12916  0  0  0  0  7381  0  0  0  0  0  0  0  0  0  0  1  27519  34839  0  0  0  0  0  0  0  0  0  0  3453  2659  0  0  0  0  0  0  0  0  0  0  0  0  0  0  0  0  0  0  0  0  0  0  0  0  0  0  0  0  0  0  0  0  0  0  0  0  0  0  0  0  0  0  0  0  0  0  0  0  0  0  0  0  0  0  0  0  0  0  0  0  0  0  0  0  0  0  0  0  0  0  0  0  0  0  0  613  0  487  0  5  0  0  0  0  0  0  0  
0  30417  0  0  0  0  0  0  0  1  0  0  0  0  0  0  0  0  4  0  36034  69350  4  0  0  0  0  0  0  0  0  0  0  0  0  0  0  0  0  0  0  5010  0  3033  0  0  0  0  0  0  0  0  0  0  0  0  1  1  0  1147  37290  0  0  0  0  0  0  0  0  0  0  0  0  0  0  0  0  0  0  0  0  0  0  1  0  0  0  0  0  0  0  0  0  0  10  26  3  0  0  0  0  0  0  0  0  0  0  0  0  0  0  0  0  0  0  3  0  3  0  0  0  0  0  0  4  0  0  0  0  0  0  0  0  0  48  0  0  0  0  1  0  0  0  0  0  0  0  0  0  0  0  0  0  0  0  0  0  0  0  0  
381  0  0  153  0  1904  585  426  0  3  0  41458  0  67490  67745  21  0  404  0  0  0  0  0  5  0  5  0  0  3569  0  0  1  0  0  0  0  0  0  10  3114  27  0  0  2  871  12  582  1  4903  0  0  0  49627  51264  0  19  0  4  0  0  0  61  0  56  0  527  262  53631  1178  147  0  0  244  0  0  0  0  0  0  392  70  7  0  0  0  1  0  17  21  8  0  2  0  0  0  0  0  0  0  0  0  0  0  0  0  0  0  0  0  0  0  0  0  3  0  0  0  1  13  2  5  0  21  0  0  610  2  73  0  1  0  0  0  0  0  8  0  1  0  817  0  2  3  0  0  0  0  0  0  10539  0  167  14856  2  0  321  0  0  2  0  
16487  0  0  0  1191  9902  5  1  0  0  0  0  0  257  140804  2401  0  0  0  0  0  0  0  1  0  0  0  0  0  0  0  0  0  0  0  0  0  0  5  1  0  0  0  0  4  0  2  0  328  0  0  45185  0  82038  0  0  0  0  0  0  0  3  0  3  0  154  0  4  0  2  0  0  0  0  0  0  0  0  0  11  3  0  0  0  0  0  0  0  1  0  0  0  0  0  0  0  0  0  0  0  0  0  0  0  0  0  0  0  0  0  0  0  0  0  0  0  0  0  0  0  0  0  0  0  0  2  0  0  0  0  0  0  0  0  0  0  0  0  0  41  0  0  0  0  0  0  0  0  0  6947  0  1  8  0  0  2  0  0  0  0  
10  0  2  33  0  5557  3524  3223  0  4  0  31  0  27  95965  150034  0  26  1  0  0  0  0  1  1  7  0  0  1223  0  0  0  0  0  0  0  0  0  0  10  68  0  0  3  1961  16  34  0  441  0  0  40367  50526  0  1  23  0  2  0  0  0  0  0  2  0  279  28  7878  43155  6  0  0  119  0  0  0  0  0  0  12  2  0  0  0  0  0  0  0  0  1  0  0  0  0  0  0  0  0  0  0  0  0  0  0  0  0  0  0  0  0  0  0  0  0  0  0  0  0  0  0  0  0  2  0  0  16  0  1  0  0  0  0  0  0  0  0  0  0  0  51  0  0  0  0  0  0  0  0  0  208897  0  27  671  0  0  13  0  0  0  0  
0  0  0  1  0  1  1  29  2  15  0  0  0  0  0  0  0  0  59  0  0  0  0  0  62953  55081  0  0  0  5  0  0  0  1737  0  20090  0  709  0  0  26379  0  0  87  144  5  1  1  1  0  0  19  0  2  0  35048  6  50  26  0  0  0  0  0  14  41  3313  3  10  0  2  0  53803  1  0  0  0  0  0  0  0  0  0  0  0  0  0  0  0  0  0  0  0  0  0  0  0  0  1  0  0  0  0  0  0  0  0  0  0  0  0  0  0  0  0  0  0  0  0  0  0  0  0  0  0  0  0  0  3  2  0  1  0  0  0  0  0  0  0  1  0  0  0  0  0  0  2  0  0  18  0  40  5  0  0  1  0  1  0  0  
0  0  46  19  0  4  7  945  14120  2541  21  1  0  2  0  53  0  5  7831  34415  0  0  0  0  166434  14319  149778  29  97  40452  0  0  0  0  0  15  0  0  0  1  262  7  0  2038  29639  8135  10  6  37  0  0  275  0  31  32004  0  0  55160  0  1  0  0  0  0  26346  9149  82518  59  342  0  7619  0  17796  0  0  0  0  0  0  0  1  1  0  0  0  0  0  0  0  2  0  0  4  0  0  0  0  0  6  3  0  0  0  1  0  0  0  0  0  3  0  0  0  0  2  0  0  1  26  1  0  0  0  0  0  13  0  5  275  138  0  20  0  0  0  0  0  0  13  35  12  1  0  0  2  0  125  0  0  263  5  731  142  0  0  96  0  9  0  0  
0  6891  0  0  0  0  0  0  0  1  107  0  0  0  0  0  0  0  168547  251  17  1  0  0  0  0  0  0  0  0  0  0  3  0  0  0  0  161  0  0  92  25381  0  15316  0  0  0  7222  0  0  4  0  0  0  0  0  0  9915  5609  2001  1166  0  0  0  7  0  0  0  0  0  0  178  18296  125  0  0  0  0  0  0  0  0  0  0  0  0  0  0  0  0  0  0  0  0  0  0  0  0  0  0  0  0  0  0  0  0  0  0  0  0  0  0  0  0  0  0  0  0  0  0  0  0  0  0  0  0  0  0  0  0  0  0  0  0  0  0  0  0  0  0  0  0  0  0  0  0  0  0  0  0  606  21  2444  262  0  0  0  0  0  0  
0  192  0  1  0  0  0  4  5  51  5720  0  0  0  0  0  0  0  135199  132854  4  0  0  0  19532  1  88  0  3  1377  0  0  6  0  0  2  0  1  0  0  558  9756  0  6096  39  26  0  6004  0  0  1  2  0  0  15  60141  10267  0  243  242  280  0  0  0  16091  185  8  4  0  0  155  30  16316  352  0  0  0  0  0  0  0  0  0  0  3  0  0  0  0  0  0  0  0  0  0  0  0  0  0  0  0  0  0  0  0  0  0  0  0  0  0  0  0  0  0  1  0  0  0  0  0  0  0  0  0  0  0  0  0  1  0  0  0  0  0  0  0  0  0  0  0  0  0  0  0  0  1  0  0  2  1163  156  1597  100  0  0  0  0  0  0  
0  7417  0  0  0  0  0  0  0  0  0  0  0  0  0  0  0  0  56192  0  10  3  0  0  5  0  0  0  0  0  0  0  0  0  0  0  16622  12059  0  0  93  0  0  125  0  0  0  4184  0  0  0  1  0  0  0  0  3389  156  0  2660  5479  0  0  0  1  0  1  1  0  0  0  37915  31620  92  0  0  0  0  0  0  0  0  0  0  0  0  0  0  0  0  0  0  0  0  0  0  0  0  0  0  0  0  0  0  0  0  0  0  0  0  0  0  0  0  0  0  0  0  0  0  0  0  0  0  0  0  0  0  0  0  0  0  0  0  0  0  0  0  0  0  0  0  0  0  0  0  0  0  0  0  1295  848  4351  329  0  0  0  0  0  0  
0  44754  0  0  0  0  0  0  0  1  0  0  0  0  0  0  0  0  972  0  86645  424  4  0  0  0  0  0  0  0  0  0  0  0  0  0  52235  4053  0  0  6  0  0  2364  0  0  0  11639  0  26276  210  0  0  0  0  0  1210  66  3283  0  38106  0  0  0  0  0  0  0  0  0  0  34279  7146  29  0  0  0  0  0  0  0  0  0  0  0  0  0  0  0  0  0  0  0  0  0  0  0  0  0  0  0  0  0  0  0  0  0  0  0  0  0  0  0  0  0  0  0  0  0  0  0  0  0  0  0  0  0  0  0  0  0  0  0  0  0  0  0  0  0  0  0  0  0  0  0  0  0  0  0  0  4491  1042  390  177  0  0  0  0  0  0  
0  6206  0  0  0  0  0  0  0  14  2  0  0  0  0  0  105  2  799  0  126985  120182  49531  0  0  0  0  0  0  0  0  0  0  0  4113  0  169  11  0  0  0  0  26  31584  0  0  0  17932  0  29830  45354  0  0  0  0  0  385  166  4731  38167  0  0  3  0  4  1  0  0  0  0  0  425  724  14  0  0  0  0  0  0  0  0  0  48  0  0  0  0  0  0  0  0  0  0  0  37  21  0  0  0  0  0  0  1  0  0  0  0  0  0  0  0  0  0  0  0  0  27  0  0  0  0  0  0  0  0  0  0  0  0  0  0  0  0  2  0  0  0  0  1  0  0  0  0  0  0  1  0  4207  0  103512  1933  351  119  9  0  52  3  1  0  
718  0  0  0  0  33  0  0  0  0  0  0  0  0  139  0  0  0  0  0  0  0  0  316  0  0  0  0  0  0  0  0  0  0  0  0  0  0  7  0  0  0  0  0  0  0  1  0  132  0  0  5  15  0  0  0  0  0  0  0  0  0  0  1  0  2  0  0  0  0  0  0  0  0  0  0  0  0  0  1  0  0  0  0  0  0  0  0  0  0  0  0  0  0  0  0  0  0  0  0  0  0  0  0  0  0  0  0  0  0  0  0  0  0  0  0  0  0  0  0  0  0  0  0  0  0  0  0  0  0  0  0  0  0  0  0  0  0  0  2  0  0  0  0  0  0  0  0  0  11  0  0  0  0  0  0  0  0  0  0  
0  0  0  0  0  3  0  0  0  0  0  0  0  0  0  0  6542  17069  0  0  0  0  4412  25450  0  0  0  0  0  0  2031  10910  0  32  661  0  0  0  0  0  0  0  1  0  0  0  1191  952  0  14  0  0  0  0  0  0  0  0  0  0  203  0  0  0  0  3  0  0  0  5  0  1  8  0  0  0  0  0  0  0  0  0  0  0  0  0  0  0  0  0  0  0  0  0  0  0  0  0  0  0  0  0  0  0  0  0  0  0  0  0  0  0  0  0  0  0  0  0  0  0  0  0  0  0  0  0  0  0  0  0  0  0  0  0  0  0  0  0  0  1  0  0  0  0  0  0  0  0  14123  0  493  8  75604  5782  3  1  7  0  0  0  
48  0  0  0  0  954  17  23  0  1  0  2  1413  8  0  0  0  9  0  0  0  0  0  25181  0  0  0  0  1  0  0  0  0  0  0  0  0  0  7851  1  0  0  0  0  21  2  13853  0  369  0  0  492  69  139  0  0  0  0  0  0  0  0  1  0  0  66  0  4  4  184  0  0  2  0  0  0  0  0  0  3  1  0  0  0  0  0  0  0  0  0  0  0  0  0  0  0  0  0  0  0  0  0  0  0  0  0  0  0  0  0  0  0  0  0  0  0  0  0  0  0  0  0  0  0  0  1  0  1  0  0  0  0  0  0  0  0  0  0  0  9  0  0  0  0  0  0  0  0  0  340  0  1  12  0  0  7  0  0  0  0  
0  0  0  0  0  0  1  0  16309  8121  74743  0  0  0  0  0  0  0  42  51975  0  891  0  0  63  0  19212  0  0  79940  0  0  0  0  0  0  0  0  0  0  18  0  0  56493  8  0  0  35  0  0  0  4  0  0  12  39099  21  33834  2  1  0  0  0  0  0  15078  0  2  2  0  13975  0  205  0  0  0  0  0  0  0  0  0  1  2  126  0  0  0  0  0  0  0  0  0  0  1  0  0  0  0  0  0  0  20  0  0  0  0  0  0  0  0  0  0  0  0  0  0  0  0  0  0  0  0  0  0  0  0  0  0  0  0  0  0  0  0  0  0  2  0  0  0  0  0  0  0  0  0  0  0  25  10  14  0  0  0  0  0  0  0  
100  0  5  9  0  64906  34224  40416  24042  52372  12  1  0  31  8  4348  1  22  20  9  0  29  9  1  68  3  6  0  416  2908  0  14330  0  0  0  0  0  0  6  1  171  0  0  1979  3331  5253  73  48  1118  0  0  372  218  253  419  62785  0  51  1  2  0  0  4  12  2021  0  976  110  2927  1082  174  1  3385  0  0  0  0  0  0  14038  17693  4111  5249  8  1  1  0  3  4  322  0  2  82  0  0  32  5  0  193  5  2  0  0  61  0  279  0  0  0  1  0  0  0  0  1  0  0  3  59  3  0  0  8  0  0  161  0  96  3905  1437  0  578  0  0  0  2  0  0  299  73875  11  4  1  0  31  0  3217  0  0  26742  336  1983  1053  460  9  1540  14  160  7  0  
0  0  3443  1569  0  12  33  535  220  43  0  6  0  0  0  17  0  10  8  0  0  0  0  0  6409  157810  55715  119780  114  3415  0  0  0  1  0  360  0  0  0  3  8967  0  0  15  167122  14053  15  3  175  0  0  322  0  67  3253  115286  0  11  0  0  0  0  0  2  0  340  0  1732  228  2  108  0  1191  0  0  0  0  0  0  3  1  0  0  0  0  0  0  0  0  1  0  0  0  0  0  0  0  0  0  0  0  0  0  0  0  0  0  0  0  0  0  0  0  0  0  0  0  0  1  0  0  0  0  0  0  3  0  4  2  2  0  0  0  0  0  0  0  0  0  3  0  0  0  0  0  0  2  0  0  236  2  75  296  0  0  11  0  0  0  0  
5  0  0  18952  0  253  313  410  1  12  0  58395  0  14  37467  1  0  69  0  0  0  0  0  0  0  47  0  1  90723  1  0  0  0  0  0  0  0  0  2  329  131  0  0  13  15421  5  147  1  20978  0  0  54133  47  7691  0  34  0  10  1  0  0  0  0  20  0  132  690  0  19342  29  1  0  1002  0  0  0  0  0  0  14  5  2  0  0  0  0  0  0  4  1  0  0  0  0  0  0  0  0  0  0  0  0  0  0  0  0  0  0  0  0  0  0  0  0  0  0  0  0  0  0  1  0  2  0  0  19  0  3  0  0  0  0  0  0  0  0  0  0  0  35  0  0  0  0  0  0  0  0  0  852  1  849  14429  2  0  39  0  0  0  0  
1  0  216  143  0  25  3916  28075  76  34  0  7  0  1  16478  58008  0  10  0  0  0  0  0  0  2  23  21  3  110057  613  0  0  0  0  0  0  0  0  1  7  259  0  0  6  46740  7667  12  0  44  0  0  2303  5  52535  7  284  0  4  0  0  0  0  0  0  0  120  231  30048  0  5  903  0  506  0  0  0  0  0  0  2  13  13  0  0  0  0  0  0  0  33  0  0  0  0  0  0  0  0  0  0  0  0  0  0  0  0  0  0  0  0  0  0  0  0  0  0  0  0  0  2  0  0  0  0  0  71  0  53  1  1  0  0  0  0  0  0  0  0  0  22  0  0  1  0  0  0  0  0  0  10715  1  190  295  1  0  24  0  1  0  0  
1  0  0  0  0  18887  3  2  0  0  0  0  0  0  0  1  0  7  0  0  0  0  0  0  0  0  0  0  0  0  1  308  0  0  0  0  0  0  0  0  0  0  0  0  1  0  41  0  99  0  0  25  11  8  0  1  0  0  0  0  0  0  2  154  0  428  0  0  0  0  0  0  3  0  0  0  0  0  0  0  1  1  0  0  0  0  0  0  0  0  0  0  0  0  0  0  0  0  0  0  0  0  0  0  0  0  0  0  0  0  0  0  0  0  0  0  0  0  0  1  0  0  0  0  0  14  0  6  0  0  0  0  0  0  0  0  0  0  0  2  0  0  1  0  0  0  0  0  0  23  0  3660  553  881  0  351  0  0  2  0  
0  0  11  1  0  0  0  399  51231  16  40  0  0  0  0  1  0  0  7  45  0  3  0  0  73  0  10327  0  128  160677  0  0  0  0  0  0  0  0  0  0  1  0  0  1  1481  37025  0  0  0  0  0  2  0  1  103  22408  0  50  0  0  0  0  0  0  23861  111  81  2  180  0  0  0  322  0  0  0  9  0  0  0  0  0  7274  0  503  0  0  0  0  0  0  0  0  0  0  4  0  0  1  0  0  0  0  2246  0  0  0  0  0  0  0  0  0  0  0  0  0  0  2  1  0  0  0  0  0  0  0  0  6  5  0  0  0  0  0  0  0  0  22  0  0  0  0  0  7760  0  2  0  0  5  0  9  2  0  0  1  0  1  0  0  
0  31710  0  0  0  0  0  0  0  0  0  0  0  0  0  0  1  0  85  0  17  3  1  0  4  0  0  0  0  0  0  0  0  0  1465  0  57620  62068  0  0  1  0  1045  14  0  0  0  7163  0  8070  0  0  0  0  1  0  31  6  27939  43547  2657  0  0  0  0  0  0  0  0  0  0  0  49088  7  0  0  0  0  0  0  0  0  0  0  0  0  0  0  0  0  0  0  0  0  0  0  0  0  0  0  0  0  0  0  0  0  0  0  0  0  0  0  0  0  0  0  0  0  0  0  0  0  0  0  0  0  0  0  0  0  0  0  0  0  0  0  0  0  0  0  0  0  0  0  0  0  0  0  17  0  322  147  123  29  0  0  0  0  0  0  
0  12  0  17  0  2  5  59  130  123  0  0  0  0  0  0  0  0  104749  9  113  0  1  0  136513  1911  8  0  7  168  0  0  6109  125359  30657  20543  2143  179900  0  0  62878  1  9726  2498  372  13  0  45766  57  1859  0  44  0  4  55086  42094  8693  26756  32222  7993  544  0  0  0  471  347  1163  45  30  0  135  53769  0  47432  0  0  0  0  0  0  0  0  0  0  0  0  0  0  0  0  0  0  0  0  0  0  0  0  0  0  0  0  0  0  0  0  0  0  0  0  0  0  0  0  0  0  0  0  2  0  0  0  0  0  0  0  0  0  25  10  0  6  0  0  0  0  0  0  0  2  0  0  0  0  0  0  21  0  0  29  871  597  4106  184  0  4  0  0  0  0  
0  2  0  38  0  0  0  0  0  0  0  3  0  0  0  0  9  1  110  0  3  0  0  0  0  2205  0  0  0  0  0  0  54135  9595  16  25609  24  2  0  0  23883  0  0  22  0  0  0  11303  56  0  0  0  0  0  1  0  34  659  1065  323  12  0  0  0  1  0  0  0  0  0  0  1363  47466  0  0  0  0  0  0  0  0  0  0  0  0  0  0  0  0  0  0  0  0  0  0  0  0  0  0  0  0  0  0  0  0  0  0  0  0  0  0  0  0  0  0  0  0  0  0  0  0  0  0  0  0  0  0  0  0  0  0  0  0  0  0  0  0  0  0  0  0  0  0  0  0  0  0  0  0  0  50  8  96  4  0  0  0  0  0  0  
0  0  0  0  0  0  0  0  0  0  0  0  0  0  0  0  0  0  0  0  0  0  0  0  0  0  0  0  0  0  0  0  0  0  0  0  0  0  0  0  0  0  0  0  0  0  0  0  5  0  0  0  0  0  0  0  0  0  0  0  0  0  0  0  0  0  0  0  0  0  0  0  0  0  0  0  0  0  0  5  1  1  0  0  0  0  1  7  1978  0  0  0  0  0  0  0  0  64  0  0  0  0  0  0  0  0  0  0  0  0  0  0  1  0  0  0  0  0  0  0  12  0  7  0  0  32  15589  5  0  0  0  0  0  0  0  4040  0  149  0  1  0  0  0  0  0  0  0  0  0  0  0  0  0  0  0  162  0  0  0  0  
0  0  0  0  0  0  0  0  0  0  0  0  0  0  0  0  0  0  0  0  0  1  0  0  0  0  0  0  0  0  0  0  0  0  0  0  0  0  0  0  0  0  0  0  0  0  0  0  0  0  0  0  0  0  0  0  0  0  0  0  0  0  0  0  0  0  0  0  0  0  0  0  0  0  0  0  0  0  0  0  0  0  0  0  1  0  0  0  0  0  3  0  50328  0  55102  69  0  0  0  1  0  0  0  0  0  0  4  0  0  48  5211  4276  0  0  416  68511  0  6464  0  0  0  8919  0  0  5485  0  0  0  0  0  15691  51  62531  45169  71  0  0  0  0  0  2  0  0  0  0  6392  1671  30  0  0  0  0  0  0  0  0  52  3  94  0  
0  0  568  0  0  0  0  7  89  0  0  0  0  0  0  47  0  0  0  0  0  0  0  0  0  0  0  0  0  42  0  0  0  0  0  0  0  0  0  0  0  0  0  0  2  11  0  0  0  0  0  0  0  0  0  0  0  0  0  0  0  0  0  0  0  0  0  0  0  0  2  0  0  0  0  0  0  0  0  0  2  16698  1440  0  0  0  0  0  0  88884  0  0  0  0  0  0  0  0  0  0  8321  19385  36705  18127  0  0  0  0  0  0  0  0  0  0  0  0  0  0  40666  40257  0  0  0  0  0  1  0  2  1  105  0  0  0  0  0  0  0  0  0  29  22557  0  3916  0  146  0  0  0  0  0  0  0  0  0  0  1  0  0  0  0  
0  0  0  0  0  0  0  0  0  0  0  0  0  0  0  0  0  0  0  0  0  0  0  0  0  0  0  0  0  0  0  0  0  0  0  0  0  0  0  0  0  0  0  0  0  0  0  0  0  0  0  0  0  0  0  0  0  0  0  0  0  0  0  0  0  0  0  0  0  0  0  0  0  0  0  0  0  0  0  1  46  108  5  11  1  31299  0  1  6  40  280  0  0  0  0  0  0  0  0  54077  2  21129  23429  0  0  0  528  481  59  388  0  0  0  1  39431  0  0  92  50549  46  1  61  23357  0  0  40  0  169  17  443  0  26  0  0  0  0  0  0  3  29  2413  3377  200  0  12  0  108  16  0  0  0  0  0  0  0  32  1  0  19  0  
0  0  0  0  0  0  0  0  0  0  0  0  0  0  0  0  0  0  0  0  0  0  0  0  0  0  0  0  0  0  0  0  0  0  0  0  0  0  0  0  0  0  0  0  0  0  0  0  0  0  0  0  0  0  0  0  0  0  0  0  0  0  0  0  0  0  0  0  0  0  0  0  0  0  0  0  0  0  0  2281  0  0  0  0  0  0  0  0  9111  15292  0  0  0  0  0  0  0  0  0  0  0  0  0  0  0  0  0  0  0  0  0  0  0  0  0  0  0  0  0  0  0  0  0  0  0  0  8343  3942  0  0  0  0  0  0  0  0  0  0  0  0  0  0  0  0  0  0  0  0  0  0  0  0  0  0  0  0  0  0  0  0  
5  0  0  0  0  3825  329  1  0  1  0  0  0  8  1  549  0  1  0  0  0  0  0  0  0  0  0  0  0  0  0  36  0  0  0  0  0  0  1  1  0  0  0  1  3  0  5  0  886  0  0  18  3  10  0  2  0  0  0  0  0  0  0  0  0  6379  0  0  0  4  0  0  1  0  18  0  2  0  698  0  44034  92  1  0  0  7  0  87  2907  76889  0  1  0  0  0  0  0  0  0  0  2  0  0  0  0  4469  0  0  0  0  0  0  0  9  0  0  0  2  14  16  45  0  55  0  0  2133  1841  7081  0  3  0  0  0  0  0  552  3  1  0  48000  2  7  16  0  5  0  0  0  0  2067  0  2  6  1  0  1036  0  0  5  0  
4  0  1  0  0  70  8939  570  0  1  0  2  0  5  0  824  0  1  0  0  0  0  0  0  0  1  0  0  0  0  0  0  0  0  0  0  0  0  0  3  1  0  0  0  94  1  1  0  295  0  0  53  1  22  0  14  0  1  0  0  0  0  0  0  0  10037  5  30  31  1  0  0  3  0  1  0  2  2  0  45729  0  41771  5  4  0  92  0  215  217  90437  0  42  0  0  0  0  0  0  0  10  1  0  0  0  0  0  0  0  0  0  0  0  0  98  37  0  0  9  956  71  11  0  660  0  0  11454  73  15360  0  41  0  6  0  0  0  16  0  0  1  30550  20  140  220  0  9  0  3  0  0  6819  0  16  14  0  0  423  0  4  415  0  
0  0  179  0  0  2  412  4569  214  3  0  0  0  0  0  1484  0  0  0  0  0  0  0  0  0  0  0  0  1  2  0  0  0  0  0  0  0  0  0  0  0  0  0  1  64  81  0  0  37  0  0  21  0  7  0  7  0  0  0  0  0  0  0  0  0  3175  0  18  34  0  0  0  1  0  0  0  12058  9  0  15  38527  0  24021  19  0  15  0  30  75  77212  1  97  3  1  0  0  0  0  2  24  62  2  1117  47  0  0  1  0  0  0  0  0  0  9  171  0  0  71  9345  59960  18  0  210  0  0  3131  0  2708  10  658  0  28  0  0  2  1  0  0  11  29025  211  218  12466  0  633  0  14  0  0  92  0  1  0  0  0  359  0  17  469  0  
0  0  572  0  0  0  0  2987  44788  1272  0  0  0  0  0  147  0  0  0  0  0  0  0  0  0  0  0  0  0  220  0  0  0  0  0  0  0  0  0  0  0  0  0  0  0  343  0  0  0  0  0  0  0  0  0  0  0  0  0  0  0  0  0  0  0  17443  0  0  0  0  4514  0  0  0  0  0  8370  1  0  0  5  17512  0  3291  4  5  0  1  0  20  0  1  121  37  0  7  0  0  391  93  4  0  0  4717  0  0  0  0  0  43  0  0  0  1  75  0  0  102  1296  30730  0  2  9  0  0  9  0  19  2529  6063  0  9095  1  0  1  0  0  0  5210  32024  334  17  2091  0  48404  0  2752  0  0  0  0  0  0  0  0  29  0  8  17  0  
0  0  0  0  0  0  0  0  92  369  1252  0  0  0  0  0  0  0  0  0  3  8044  9  0  0  0  0  0  0  47  0  0  0  0  0  0  0  0  0  0  0  0  0  17  0  0  0  0  0  0  0  0  0  0  0  2  0  0  0  0  6  0  0  0  11  412  0  0  0  0  0  0  0  0  0  0  0  1  0  0  7  22  4690  0  108  0  0  0  0  3  139  10  181  1  0  11321  5785  0  26  5  0  1  0  15602  0  0  61  0  0  2  0  0  0  0  719  0  0  32514  1985  8  0  48  71  0  0  5  0  8  105  298  21  908  0  0  40  0  0  0  13263  38806  47  2  38  0  245  0  340  0  0  0  0  0  0  0  0  469  8761  3145  2153  0  
0  0  0  0  0  0  0  0  8  0  5685  0  0  0  0  0  0  0  1  641  0  19  0  0  0  0  23  0  0  1113  0  0  0  0  0  0  0  0  0  0  0  0  0  3  0  2  0  0  0  0  0  0  0  0  0  4  0  24  0  0  0  0  0  0  37  0  0  0  0  0  96  0  0  0  0  10  2  0  0  0  0  0  1  48  0  0  0  0  0  0  41  0  9  91098  0  12985  0  0  0  0  7719  0  0  28615  0  0  9  0  0  1  0  0  0  0  337  62392  0  160263  0  0  0  772  2  0  0  0  0  0  1  5029  2875  12842  6  17  137  0  0  0  87510  7  0  0  0  0  4  0  17  12  0  0  0  0  0  0  0  9  12  24  316  0  
0  0  0  0  0  0  0  0  0  0  0  0  0  0  0  0  0  0  0  0  0  0  0  0  0  0  0  0  0  0  0  0  0  0  0  0  0  0  0  0  0  0  0  0  0  0  0  0  17  0  0  1  0  1  0  0  0  0  0  0  0  0  0  0  0  1  0  0  0  0  0  0  0  0  0  0  1  31972  0  0  220  206  0  0  0  0  0  14454  191  184  2421  4289  0  0  0  0  1  11  0  11  1  0  7843  0  0  0  192  1296  159  46  0  0  87  36524  124  0  0  3  38  57  31  277  69680  0  0  28197  2  632  0  3  0  0  0  0  0  3  0  0  0  21  5  58413  36  0  0  0  0  28  0  0  0  0  0  0  3  68  0  0  767  0  
0  0  0  0  0  0  0  0  0  0  0  0  0  0  0  0  0  0  0  0  0  0  0  0  0  0  0  0  0  0  0  0  0  0  0  0  0  0  0  0  0  0  0  0  0  0  0  0  0  0  0  0  0  0  0  0  0  0  0  0  0  0  0  0  0  0  0  0  0  0  0  0  0  0  1  0  0  0  0  0  0  0  0  0  0  4  0  7999  1  0  13  52  0  0  0  0  0  15927  0  0  0  0  0  0  0  0  0  8  5  0  0  0  19338  2  0  0  0  0  0  0  16722  2  515  0  0  3  1  0  0  0  0  0  0  0  0  9944  2  1758  0  0  0  0  0  0  0  0  0  0  0  0  0  0  0  0  0  89  0  0  30  0  
0  0  0  0  0  0  0  0  0  0  0  0  0  0  0  0  0  0  0  0  0  0  0  0  0  0  0  0  0  0  0  0  0  0  0  0  0  0  0  0  0  0  0  0  0  0  0  0  15  0  0  1  0  0  0  0  0  0  0  0  0  0  0  0  0  0  0  0  0  0  0  0  0  0  1  0  0  4  0  86  21  21  0  0  0  14002  8262  0  343  9  131  3579  0  0  0  0  0  192  0  0  0  0  0  0  0  0  0  18  4  0  0  0  40174  39558  1  0  0  0  27  2  6598  9  30355  0  0  51271  62  92  1  7  0  1  0  0  0  18987  0  18  0  12  5  25  5  0  0  0  0  0  0  0  0  0  0  0  0  160  0  0  18  0  
1  0  0  0  0  1  0  0  0  0  0  0  0  0  0  0  0  0  0  0  0  0  0  0  0  0  0  0  0  0  0  0  0  0  0  0  0  0  0  0  0  0  0  0  0  0  0  0  107  0  0  0  0  2  0  0  0  0  0  0  0  0  0  0  0  1  0  1  0  0  0  0  0  0  2151  0  0  0  9944  2166  48  29  0  0  0  765  5  511  0  5376  0  1  0  0  0  0  0  113  0  0  0  0  37256  0  0  0  0  0  0  0  0  0  0  4  15  0  0  13  575  7  8  0  63  0  0  137934  150429  101517  1  5  0  4  0  0  0  10968  0  0  0  31  5  39635  37804  0  1  0  1  0  0  2  0  0  0  0  0  73  0  0  11  0  
0  0  7  0  0  486  2796  2  1  0  0  0  0  0  0  6913  0  0  0  0  0  0  0  0  0  0  0  1  1  0  0  0  0  0  0  0  0  0  0  0  0  0  0  0  6  0  0  0  28  0  0  0  0  0  0  0  0  0  0  0  0  0  0  0  0  333  0  0  1  0  0  0  0  0  0  0  74322  10  11923  77535  92550  97899  13  12  0  12  0  11  3032  0  0  22  0  0  0  0  0  0  0  66  15  2  18788  6  0  0  0  0  0  3  0  0  0  8  50  0  0  63  6719  1478  8  0  121  0  0  2295  1330  173797  22  414  0  18  0  0  0  0  0  0  2  116  219  58  32186  0  25  0  8  0  0  1880  0  1  0  0  0  264  1  4  239  0  
0  0  0  0  0  0  0  0  0  0  0  0  0  0  0  0  0  0  0  0  0  0  0  0  0  0  0  0  0  0  0  0  0  0  0  0  0  0  0  0  0  0  0  0  0  0  0  0  0  0  0  0  0  0  0  0  0  0  0  0  0  0  0  0  0  0  0  0  0  0  0  0  0  0  0  8  0  335  0  0  0  2  0  84  15  1179  0  15  0  0  0  40414  1  11  0  298  7741  164  0  0  0  0  0  0  0  0  1067  625  8890  6  0  0  0  0  36693  4  15  2138  11  0  13  55878  16419  0  0  1  0  0  2  2  225  4594  171  3  1089  0  2  0  29  82  3  3  1  0  0  0  168  2  0  0  0  0  0  0  1566  53  3874  835  34724  7  
0  0  0  0  0  0  0  0  0  0  0  0  0  0  0  0  0  0  0  0  0  0  0  0  0  0  0  0  0  0  0  0  0  0  0  0  0  0  0  0  0  0  0  0  0  0  0  0  11  0  0  1  0  0  0  0  0  0  0  0  0  0  0  0  0  0  0  0  0  0  0  0  0  0  4  0  0  9  0  3  17  33  0  3  0  5150  31  11328  1  10  49240  0  0  0  0  9  11167  13836  0  0  0  0  0  0  0  1  15  246  2728  0  0  0  3907  218  91  0  2  69  96  8  42602  911  67138  0  0  282  7  52  0  1  1  110  0  0  36  48  14  199  0  14  2  13  14  0  0  0  2  0  0  0  0  0  0  0  2453  14624  600  46  91941  7  
0  0  0  0  0  0  0  0  0  0  0  0  0  0  0  0  0  0  0  0  0  0  0  0  0  0  0  0  0  0  0  0  0  0  0  0  0  0  0  0  0  0  0  0  0  0  0  0  0  0  0  0  0  0  0  0  0  0  0  0  0  0  0  0  0  0  0  0  0  0  0  0  0  0  0  63194  0  0  0  0  0  1  14  237  119  0  0  0  0  1  5  0  0  30476  0  35  0  0  48031  4  145  0  0  6  0  0  0  1  0  5  17  4732  0  0  64  57107  0  779  11  13  0  246  0  0  0  1  0  0  28  22670  211903  113426  63986  13  9  0  0  0  688  58  2  0  1  0  32  97  82333  3  0  0  0  0  0  0  0  0  6  2  27  0  
0  0  0  0  0  0  0  0  0  0  2  0  0  0  0  0  0  0  0  20  0  0  0  0  0  0  14  0  0  3  0  0  0  0  0  0  0  0  0  0  0  0  0  0  0  0  0  0  0  0  0  0  0  0  0  3  0  0  0  0  0  0  0  0  0  0  0  0  0  0  0  0  0  0  0  0  0  0  0  0  0  15  12  1  111623  0  0  0  0  9  3  0  35563  0  1  4  0  0  77  0  13123  0  0  1266  0  0  0  0  0  3  0  0  0  0  48  48651  0  826  26  84  0  534  0  0  0  0  0  0  2  47429  3843  146891  5  9  15  0  0  0  69683  1  15  0  29  0  96  0  57  5  0  0  0  0  0  0  0  0  12  1  50  0  
0  0  0  0  0  0  0  0  0  0  0  0  0  0  0  0  0  0  0  0  6  5722  0  0  0  0  0  0  0  0  0  0  0  0  0  0  0  0  0  0  0  0  0  0  0  0  0  0  0  0  42  0  0  0  0  0  0  0  0  0  0  0  0  0  0  0  0  0  0  0  0  0  0  0  0  79243  0  0  0  0  0  0  0  0  0  0  0  0  0  0  4  0  0  0  0  28679  4598  0  0  0  0  0  0  0  0  0  0  0  0  0  280  4  0  0  3  34135  43  283  0  0  0  2157  0  45546  69246  0  0  0  0  0  5  9  39  70319  126500  0  0  0  0  0  0  0  0  0  0  1  1778  1  0  0  0  0  0  0  0  0  40  2  53  0  
0  0  0  0  0  0  0  0  71  31  19394  0  0  0  0  0  0  0  0  1  30  83322  28  0  0  0  0  0  0  62  0  0  0  0  0  0  0  0  0  0  0  39  0  289  0  0  0  0  0  0  49  0  0  0  0  0  0  0  0  0  24  0  0  0  2  14  0  0  0  0  4  0  0  0  0  915  0  0  0  0  0  0  8  11346  8942  0  0  0  0  0  60  2  30  0  6899  0  11696  0  0  0  0  0  0  520  0  0  33  0  0  0  1  0  0  0  233  55157  0  177510  1  0  0  1859  30  0  19379  0  0  0  0  0  127  169  16  1252  165358  0  0  0  284  153  0  0  0  0  4  0  14  15  0  0  2  1  0  0  0  23  13179  205  798  0  
0  0  0  0  0  0  0  0  0  34  2  0  0  0  0  0  0  0  0  0  11  910  36  0  0  0  0  0  0  0  0  0  0  0  0  0  0  0  0  0  0  0  0  1  0  0  0  0  0  0  14  0  0  0  0  0  0  0  0  0  8  0  0  0  0  0  0  0  0  0  0  0  0  0  0  0  0  1  0  0  0  0  0  7114  0  3  0  0  0  0  11918  15673  0  0  5628  6257  0  13682  0  0  0  0  0  0  4496  4602  0  350  12710  0  6  0  0  0  0  1  18462  10331  0  0  112  6156  0  18905  0  0  0  0  0  0  0  0  0  1  27596  0  7939  0  0  10  0  0  0  0  0  0  210  0  0  0  1  2  0  0  40830  1  127956  3466  59850  7235  
0  0  0  0  0  0  0  0  0  0  0  0  0  0  0  0  0  0  0  0  0  0  0  0  0  0  0  0  0  0  0  0  0  0  0  0  0  0  0  0  0  0  0  0  0  0  0  0  0  0  0  0  0  0  0  0  0  0  0  0  0  0  0  0  0  0  0  0  0  0  0  0  0  0  38  0  0  0  0  0  0  0  0  0  0  3  12573  17  251  0  77  15298  0  0  0  0  14017  0  0  0  0  0  0  0  0  11  0  970  716  0  0  0  21  2  0  0  10  0  0  0  23532  57  37  0  0  0  7  0  0  0  0  0  0  0  0  5628  15443  15962  0  0  0  0  0  0  0  0  0  0  0  0  0  0  0  0  1956  11  9  1  12379  1  
0  0  0  0  0  0  0  0  0  1  0  0  0  0  0  0  0  0  0  0  0  0  0  0  0  0  0  0  0  0  0  0  0  0  0  0  0  0  0  0  0  0  0  0  2  0  0  0  0  0  0  0  0  0  5  86  0  0  0  0  0  0  0  0  0  3  1  0  0  0  0  0  2  0  0  0  0  0  0  0  0  0  805  9  0  0  0  0  0  0  0  0  42580  220  0  0  0  0  0  55272  2173  166  0  308  0  0  0  16722  0  1145  0  2711  0  0  96  0  0  10  7  17  0  0  0  0  0  0  0  0  53856  127320  19  154  653  0  0  0  0  0  332  390  4851  0  0  0  1683  0  146277  0  0  0  0  1  0  0  0  1  0  7  0  0  
0  0  0  0  0  0  0  0  0  1  0  0  0  0  0  0  0  0  0  0  0  0  0  0  0  0  0  0  0  0  0  0  0  0  0  0  0  0  0  0  0  0  0  0  0  0  0  0  0  0  0  0  0  0  0  15  0  0  0  0  0  0  0  0  0  2  0  0  0  0  0  0  0  0  0  32  0  55770  0  0  4  35  204  11  0  9  0  2  0  27  0  0  93  1  0  0  0  0  55838  0  9  18864  0  2  0  0  20  9329  0  94035  0  13  0  0  71167  0  0  34  7659  82  0  1  27  0  0  10  0  29  86414  977  37  1874  128  0  2  0  0  0  12  459  117485  72  51  0  50  0  27769  297  0  1  0  0  0  0  0  14  1  52  16  0  
0  0  0  0  0  0  0  0  0  0  0  0  0  0  0  0  0  0  0  1  0  0  0  0  0  0  0  0  0  1  0  0  0  0  0  0  0  0  0  0  0  0  0  0  0  0  0  0  0  0  0  0  0  0  0  0  0  0  0  0  0  0  0  0  0  0  0  0  0  0  0  0  0  0  0  0  8092  0  0  0  0  278  2  0  13395  0  0  0  0  225  0  0  325  11644  0  0  0  0  3084  0  0  2925  4  106726  0  0  0  0  0  0  0  0  0  0  1  4  0  1  15956  5835  0  0  0  0  0  1  0  3  0  127164  0  1  0  0  0  0  0  0  13831  0  54397  0  447  0  3285  0  3  0  0  0  0  0  0  0  0  0  0  0  0  0  
0  0  0  0  0  0  0  0  0  0  0  0  0  0  0  0  0  0  0  0  0  0  0  0  0  0  0  0  0  0  0  0  0  0  0  0  0  0  0  0  0  0  0  0  0  0  0  0  0  0  0  0  0  0  0  0  0  0  0  0  0  0  0  0  0  0  0  0  0  0  0  0  0  0  0  0  21183  25018  0  0  1  3  0  0  0  1  0  0  0  3  0  0  0  0  0  0  0  0  60  18427  1570  0  4461  17  0  0  0  0  0  3  0  0  0  0  34  0  0  2  188575  667  0  0  5  0  0  2  0  4  2  291  0  1  0  0  0  0  0  0  0  4  110494  15  8  0  1  0  2  0  0  0  0  0  0  0  0  1  0  0  0  0  
0  0  0  0  0  0  0  0  0  0  0  0  0  0  0  0  0  0  0  0  0  0  0  0  0  0  0  0  0  0  0  0  0  0  0  0  0  0  0  0  0  0  0  0  0  0  0  0  0  0  0  0  0  0  0  0  0  0  0  0  0  0  0  0  0  0  0  0  0  0  0  0  0  0  0  0  24657  22810  0  0  1  1168  2  0  0  5497  0  2  45419  16910  0  0  0  0  0  0  0  0  0  1  2  2653  0  1  0  0  1  6  0  2  0  0  0  3  8  0  0  8  265726  474  0  0  45  0  0  288  0  250  0  11  0  3  0  0  0  0  0  0  1  0  7  79243  117960  0  0  0  1  0  0  0  0  0  0  0  0  8  0  1  5  0  
0  0  385  0  0  0  0  1  1492  667  805  0  0  0  0  3  0  0  0  90  0  71  0  0  0  0  776  0  0  10226  0  0  0  0  0  0  0  0  0  0  0  0  0  0  0  388  0  0  0  0  0  0  0  0  0  4  0  1  0  0  0  0  0  0  9  549  0  0  0  0  1410  0  0  0  0  0  20893  0  0  0  0  407  7090  12290  26797  1  0  0  0  313  0  0  1  847  0  3937  0  0  22  3  101620  78  6  0  0  0  0  0  0  2  0  0  0  0  4  7  0  91  17082  84559  0  0  0  0  0  0  0  5  120  8328  0  216  0  0  0  0  0  0  74045  4180  1368  1  490  0  150654  0  148  0  0  0  0  0  0  0  0  3  1  2  0  0  
0  0  0  0  0  0  0  0  0  0  0  0  0  0  0  0  0  0  0  0  0  0  0  0  0  0  0  0  0  0  0  0  0  0  0  0  0  0  0  0  0  0  0  0  0  0  0  0  0  0  0  0  0  0  0  0  0  0  0  0  0  0  0  0  0  0  0  0  0  0  0  0  0  0  0  0  0  0  0  0  0  0  0  0  0  0  0  0  0  0  0  0  0  0  0  0  4015  0  0  0  0  0  0  0  0  14952  0  0  0  0  0  0  0  0  0  0  0  0  0  0  0  0  0  0  0  0  0  0  0  0  0  0  0  0  0  0  5867  0  0  0  0  0  0  0  0  0  0  0  0  0  0  1  0  0  1  38  0  2  12836  401  
0  0  0  0  0  22  0  0  0  46  0  0  0  0  0  248  0  9  0  0  0  0  0  0  0  0  0  0  0  0  0  2471  0  0  0  0  0  0  0  0  0  0  0  0  7  0  17  0  91  0  0  4  0  2  0  5  0  0  0  0  0  0  1  0  0  262  1  0  0  19  0  0  1  0  0  0  0  0  0  3541  0  0  0  0  0  0  0  0  0  0  0  0  0  0  0  0  3618  4  0  0  0  0  0  0  13247  0  0  0  0  0  0  0  0  0  0  0  0  0  0  0  0  0  0  0  0  2  0  1  0  0  0  0  0  0  0  0  13656  0  0  7583  0  0  0  0  0  0  0  0  0  3  1  1569  21  43  54  12733  1  87  18751  1940  
0  0  0  0  0  0  0  0  0  0  0  0  0  0  0  0  0  0  0  0  0  0  0  0  0  0  0  0  0  0  0  0  0  0  0  0  0  0  0  0  0  0  0  0  0  0  0  0  0  0  0  0  0  0  0  0  0  0  0  0  0  0  0  0  0  0  0  0  0  0  0  0  0  0  0  84  0  364  0  0  0  0  0  14  0  108  0  0  0  0  1255  7  0  1  0  79  0  0  0  561  0  0  0  0  0  0  0  31167  12064  327  0  0  0  0  27581  5  0  292  1  0  0  31083  76  0  0  0  0  0  0  0  147  690  444  69  325  0  0  0  3  6  1  1  0  0  1  0  4157  40146  0  0  0  0  0  0  0  38  27  39  775  0  
0  0  0  0  0  0  0  0  0  0  0  0  0  0  0  0  0  0  0  0  0  0  0  0  0  0  0  0  0  0  0  0  0  0  0  0  0  0  0  0  0  0  0  0  0  0  0  0  0  0  0  0  0  0  0  0  0  0  0  0  0  0  0  0  0  0  0  0  0  0  0  0  0  0  0  0  0  228  0  0  0  0  0  0  0  803  0  11  0  0  224  53  11  0  0  0  97  1372  17545  9470  0  0  1  0  0  0  15838  0  54687  62691  0  8299  0  0  296  0  18730  0  0  0  4  25654  23  6287  0  0  0  0  0  0  0  4  7  0  0  0  0  0  0  0  0  3  0  0  0  169  84483  14640  0  0  0  0  0  0  476  0  2  0  5  0  
0  0  0  0  0  0  0  0  0  0  0  0  0  0  0  0  0  0  0  0  0  0  0  0  0  0  0  0  0  0  0  0  0  0  0  0  0  0  0  0  0  0  0  0  0  0  0  0  0  0  0  0  0  0  0  0  0  0  0  0  0  0  0  0  0  0  0  0  0  0  0  0  0  0  0  0  0  55  0  0  0  0  0  0  0  86  3  1  0  0  7351  2456  0  0  0  0  12004  759  0  0  0  0  0  0  0  0  7642  74057  0  0  0  0  0  0  24  0  17367  0  0  0  5  56432  13  3718  0  0  0  0  0  0  0  0  0  0  9  0  0  0  0  0  0  0  0  0  0  0  6467  1  0  0  0  0  0  0  16485  0  1237  0  3  0  
0  0  0  0  0  0  0  0  0  0  0  0  0  0  0  0  0  0  0  0  0  0  0  0  0  0  0  0  0  0  0  0  0  0  0  0  0  0  0  0  0  0  0  0  0  0  0  0  0  0  0  0  0  0  0  8  0  0  0  0  0  0  0  0  0  2  0  0  0  0  0  0  1  0  0  53  0  235  0  0  0  1  64  8  1  11  0  0  0  0  1  0  8  1  0  0  0  0  3688  83183  0  1  0  0  0  0  57  67367  0  0  0  1  0  0  48558  1  0  11  101  11  0  21  0  0  0  1  0  0  1381  73  45  832  100  11  0  0  0  0  2  99  705  7  2  0  6  0  25711  23727  0  0  0  0  0  0  0  1  1  29  7  0  
0  0  0  0  0  0  0  0  0  0  0  0  0  0  0  0  0  0  0  0  0  0  0  0  0  0  0  0  0  0  0  0  0  0  0  0  0  0  0  0  0  0  0  0  0  0  0  0  0  0  0  0  0  0  0  0  0  0  0  0  0  0  0  0  0  0  0  0  0  0  0  0  0  0  0  5291  0  0  0  0  0  0  0  0  0  0  0  0  0  0  0  0  3  1  90  0  1  0  0  0  0  0  0  0  0  0  0  2  0  0  0  2728  0  0  0  2  5960  2  0  0  0  631  0  1483  0  0  0  0  0  0  4  1  7845  28555  7  0  0  0  0  0  0  0  0  0  0  10479  4013  1  0  0  0  0  0  0  0  0  4  0  2  0  
0  0  0  0  0  0  0  0  0  0  0  0  0  0  0  0  0  0  0  0  0  0  0  0  0  0  0  0  0  0  0  0  0  0  0  0  0  0  0  0  0  0  0  0  0  0  0  0  0  0  0  0  0  0  0  0  0  0  0  0  0  0  0  0  0  0  0  0  0  0  0  0  0  0  0  557  0  0  0  0  0  0  0  0  0  0  0  0  0  0  0  0  4995  0  0  0  1  2  2505  7  0  0  0  0  0  0  1  6758  0  2  3814  0  0  0  24  1  12892  1  0  0  0  198  0  1223  0  0  0  0  0  0  70  0  18767  36  15  0  0  0  0  0  0  0  0  0  0  38098  141562  17  0  0  0  0  0  0  0  0  2  0  1  0  
0  0  0  0  0  0  0  0  0  0  0  0  0  0  0  0  0  0  0  0  0  0  0  0  0  0  0  0  0  0  0  0  0  0  0  0  0  0  0  0  0  0  0  0  0  0  0  0  4  0  0  0  0  0  0  0  0  0  0  0  0  0  0  0  0  0  0  0  0  0  0  0  0  0  0  0  0  0  0  0  1  1  0  0  0  58  17803  41087  1  2  2  2597  0  0  0  0  0  22  0  0  0  0  0  0  0  0  0  0  0  0  0  0  0  3121  1  0  0  1  4  0  19728  0  31436  0  0  36  22  1  0  0  0  0  0  0  0  5962  3  811  0  0  0  0  0  0  0  0  0  0  0  0  0  0  0  0  0  697  0  2  36  0  
0  0  0  0  0  0  0  0  0  0  0  0  0  0  0  0  0  0  0  0  0  0  0  0  0  0  0  0  0  0  0  0  0  0  0  0  0  0  0  0  0  0  0  0  0  0  0  0  7  0  0  0  0  0  0  0  0  0  0  0  0  0  0  0  0  0  0  0  0  0  0  0  0  0  0  0  0  0  0  0  12  7  0  0  0  28641  2  44038  4  3  32  563  0  0  0  0  0  18  0  0  0  0  1  0  0  0  0  3  0  0  0  0  2576  0  1  0  0  0  5  2  164  2  22793  0  0  1388  2  41  0  1  0  1  0  0  0  11  0  0  0  2  1  264  4  0  0  0  0  0  0  0  0  0  0  0  0  9  0  0  16  0  
0  0  0  0  0  1  0  0  0  0  0  0  0  0  0  0  0  0  0  0  0  0  0  0  0  0  0  0  0  0  0  0  0  0  0  0  0  0  0  0  0  0  0  0  0  0  0  0  2  0  0  0  0  0  0  3  0  0  0  0  0  0  0  0  0  0  0  0  0  0  0  0  0  0  0  1059  0  23865  0  2  294  906  90  188  117  46  0  3  22  222  28197  36  103  81  1  369  0  1  495  49789  9  38  1  7  0  0  20359  914  211  59136  0  1  0  2  0  48  0  11214  11306  885  0  14373  22632  0  0  214  0  1086  1866  2075  1296  41055  2280  72  1610  0  0  0  688  239  10547  323  1489  0  190  1  42899  21238  0  0  0  0  0  0  0  671  10  248  1751  0  
0  0  0  0  0  0  0  0  0  0  915  0  0  0  0  0  0  0  0  2  0  1873  0  0  0  0  0  0  0  0  0  0  0  0  0  0  0  0  0  0  0  1  0  0  0  0  0  0  0  0  0  0  0  0  0  0  0  0  0  0  0  0  0  0  0  0  0  0  0  0  0  0  0  0  0  78754  0  0  0  0  0  0  0  0  60071  0  0  0  0  0  3  0  74396  36274  31850  63075  0  0  0  0  0  0  0  0  0  0  1  0  0  0  0  0  0  0  34  0  0  55440  0  0  0  297  0  0  44739  0  0  0  0  0  41204  16932  2  4016  2795  0  0  0  2  0  0  0  0  0  0  0  10  3  0  0  0  0  0  0  0  0  5  1  47  0  
0  0  0  0  0  0  0  0  0  0  0  0  0  0  0  0  0  0  0  0  0  0  0  0  0  0  0  0  0  0  0  0  0  0  0  0  0  0  0  0  0  0  0  0  0  0  0  0  0  0  0  0  0  0  0  0  0  0  0  0  0  0  0  0  0  0  0  0  0  0  0  0  0  0  0  0  0  0  0  0  0  0  0  0  0  0  0  0  0  0  1  0  0  0  8  0  17398  3  0  0  0  0  0  0  0  0  0  22955  19028  0  6764  12742  0  0  0  0  0  0  0  0  0  104  0  24360  0  0  0  0  0  0  0  0  0  0  0  0  0  0  0  0  0  0  0  0  0  4784  2823  0  0  0  0  0  0  0  16238  0  64  0  0  0  
0  0  0  0  0  0  0  0  0  1  269  0  0  0  0  0  0  0  0  0  1  5243  6  0  0  0  0  0  0  1  0  0  0  0  0  0  0  0  0  0  0  0  0  4  0  0  0  0  0  0  3  0  0  0  0  1  0  0  0  0  11  0  0  0  0  0  0  0  0  0  0  0  0  0  0  4229  0  12  0  0  8  44  89  38494  152065  0  0  0  4  19  919  22  994  201  97  151790  9653  0  56  14  0  0  1  69  0  0  221  0  0  7  0  0  0  0  15669  51096  0  0  4346  25  0  1896  508  0  58  19  0  55  155  738  16335  10151  63  1305  14208  1  0  0  103480  7756  39  16  79  0  21  0  1825  41  0  0  1  0  0  0  0  902  34518  986  2563  0  
0  0  0  0  0  0  0  0  0  0  0  0  0  0  0  0  0  0  0  0  0  0  0  0  0  0  0  0  0  0  0  0  0  0  0  0  0  0  0  0  0  0  0  0  0  0  0  0  14  0  0  2  0  0  0  8  0  0  0  0  0  0  0  0  0  0  1  0  0  0  0  0  0  0  0  0  54400  38468  0  2  411  3382  210  171  6  77  0  107  75  4004  3  137  6  8  0  2  0  0  1  5824  3389  160381  239163  2544  0  0  5  0  0  1  0  0  0  31  4316  0  0  2585  0  43961  27  2  2843  0  0  1370  3  2431  97  16496  0  474  0  0  8  0  0  0  153  284  135849  7205  92388  0  1890  0  189  0  0  0  0  0  0  0  0  791  0  65  589  0  
0  0  58  0  0  0  0  0  38  0  0  0  0  0  0  6  0  0  0  0  0  0  0  0  0  0  1  0  0  13  0  0  0  0  0  0  0  0  0  0  0  0  0  0  0  8  0  0  0  0  0  0  0  0  0  0  0  0  0  0  0  0  0  0  0  0  0  0  0  0  0  0  0  0  0  0  41000  7  0  0  54  56768  25389  4  0  1  0  3  3  7859  0  0  0  1  0  0  0  0  4  115  7683  56  2215  72220  0  0  0  0  0  45  0  0  0  0  208  0  0  76  49407  0  0  0  18  0  0  69  0  85  513  6945  0  32  0  0  0  0  0  0  464  350  28283  16  7281  0  67438  0  44  0  0  0  0  0  0  0  0  118  0  20  19  0  
0  0  0  0  0  0  0  0  0  0  0  0  0  0  0  0  0  0  0  0  0  0  0  0  0  0  0  0  0  0  0  0  0  0  0  0  0  0  0  0  0  0  0  0  0  0  0  0  49  0  0  0  0  0  0  0  0  0  0  0  0  0  0  0  0  0  0  0  0  0  0  0  0  0  16  0  0  0  0  37  2  5  0  0  0  2  16333  8990  5  2  16  39027  0  0  0  0  339  30371  0  0  0  0  0  0  0  0  0  5  6  0  0  0  16137  15  1  0  0  2  22  1  0  4  8288  0  0  60  29  6  0  0  0  0  0  0  0  7051  109  2825  0  2  0  4  7  0  0  0  0  0  0  0  0  0  0  0  147  17014  1  12  8773  0  
0  0  0  0  0  0  0  0  0  0  0  0  0  0  0  0  0  0  0  0  0  0  0  0  0  0  0  0  0  0  0  0  0  0  0  0  0  0  0  0  0  0  0  0  0  0  0  0  0  0  0  0  0  0  0  0  0  0  0  0  0  0  0  0  0  0  0  0  0  0  0  0  0  0  0  2979  0  31  0  0  0  0  0  15  137  85  0  1  0  0  55966  569  17  48  689  447  1121  37  0  0  0  0  0  0  0  0  29252  34141  48822  30  72  15  0  1  18262  353  252  1403  5  0  2  0  55  4330  0  0  0  0  0  0  2528  8576  7960  3822  9798  0  0  0  44  8  0  0  0  0  0  19  64683  7272  0  0  0  0  0  0  824  29  22030  1055  13895  0  
0  0  0  0  0  0  0  1  0  0  0  0  0  0  0  0  0  0  0  0  0  0  0  0  0  0  0  0  0  0  0  0  0  0  0  0  0  0  0  0  0  0  0  0  5  0  0  0  69  0  0  10  0  2  0  1  0  0  0  0  0  0  0  0  0  1  0  2  1  0  0  0  0  0  8  0  0  23003  0  21  2126  4544  11  29  5  72818  83  32295  139  1130  14488  51786  5  2  0  120  0  11  0  9  2  2  53  1  0  0  64  64  16  1  0  0  18689  21897  23742  0  0  3823  10420  464  7482  40  0  0  0  20170  85  6439  1  48  3  1117  0  0  513  6700  1  34  33  659  32  58919  1252  0  26  0  102  0  0  0  0  2  0  0  0  11636  2  43  30380  0  
0  0  0  0  0  0  0  0  0  0  0  0  0  0  0  0  0  0  0  0  0  0  0  0  0  0  0  0  0  0  0  0  0  0  0  0  0  0  0  0  0  0  0  0  0  0  0  0  0  0  0  0  0  0  0  0  0  0  0  0  0  0  0  0  0  0  0  0  0  0  0  0  0  0  0  0  0  0  0  0  0  0  0  0  0  0  0  0  0  0  3  0  0  0  34943  0  15075  0  0  0  0  0  0  0  0  0  0  4213  1750  0  1140  771  0  0  0  0  23559  0  0  0  0  10128  0  0  0  0  0  0  0  0  0  0  0  112  31792  0  0  0  0  0  0  0  0  0  0  2366  27559  0  0  0  0  0  0  0  2294  0  1221  0  0  0  
0  0  0  0  0  0  0  0  0  0  0  0  0  0  0  0  0  0  0  0  0  212  0  0  0  0  0  0  0  0  0  0  0  0  0  0  0  0  0  0  0  0  0  0  0  0  0  0  0  0  1  0  0  0  0  0  0  0  0  0  0  0  0  0  0  0  0  0  0  0  0  0  0  0  0  4177  0  0  0  0  0  0  0  0  0  0  0  0  0  0  0  0  0  0  54749  13728  0  0  0  0  0  0  0  0  0  0  0  0  0  0  0  0  0  0  0  58246  0  746  0  0  0  0  0  0  0  0  0  0  0  0  0  0  0  4625  17105  0  0  0  0  0  0  0  0  0  0  0  0  0  0  0  0  0  0  0  0  0  0  0  0  0  
0  0  0  0  0  5  2  3  1  1  0  0  0  0  0  0  0  0  0  0  0  0  0  0  0  0  0  0  0  0  0  0  0  0  0  0  0  0  0  0  0  0  0  0  10  0  2  0  428  0  0  9  0  2  0  1  0  0  0  0  0  0  0  0  1  6  2  1  2  0  0  0  0  0  3  0  0  1  0  1818  2165  1771  2  1  1  29324  0  63462  115592  1635  0  337  0  0  0  0  0  0  0  3  2  0  712  1  0  0  0  0  0  0  0  0  13  573  48  0  0  41  1101  331  71  0  15237  0  0  0  35800  26930  1  48  0  13  0  0  0  2328  0  1  3  834  23  50876  5054  0  17  0  4  0  0  5  0  1  2  0  0  1200  0  3  2926  0  
0  0  0  0  0  0  0  0  1  0  0  0  0  0  0  0  0  0  0  0  0  0  0  0  0  0  0  0  0  0  0  0  0  0  0  0  0  0  0  0  0  0  0  0  1  0  0  0  13  0  0  0  0  0  0  0  0  0  0  0  0  0  0  0  0  0  0  0  2  0  0  0  0  0  16299  0  0  0  5737  6193  187  28  0  0  0  6  2  45  132105  3858  0  2  0  0  0  0  0  12  0  0  0  0  0  0  0  0  0  0  0  0  0  0  23  9  0  0  0  0  7  1  20  0  113  0  0  28285  0  64036  0  0  0  1  0  0  0  5404  1  295  0  73  0  19  7  0  0  0  0  0  0  0  0  1  0  0  0  405  0  0  11  0  
0  0  0  0  0  1  0  4  0  1  0  0  0  0  0  0  0  0  0  0  0  0  0  0  0  0  0  0  1  0  0  0  0  0  0  0  0  0  0  2  0  0  0  0  6  0  0  0  113  0  0  4  1  7  0  3  0  0  0  0  0  0  0  0  0  4  1  0  4  1  0  0  1  0  0  0  2  14  3929  8188  12240  5330  34  14  0  81  0  96  99224  210560  1  194  0  0  0  2  0  0  1  116  4  2  291  4  0  0  1  0  0  3  0  0  0  49  443  0  0  353  11175  296  26  0  809  0  0  44850  65658  0  16  340  0  98  0  0  3  12  0  0  14  412  252  13723  50092  0  70  0  32  0  0  5  0  2  0  0  0  2318  0  22  1294  0  
0  0  0  0  0  0  0  1  1  1  0  0  0  0  0  0  0  0  0  0  0  0  0  0  0  0  1  0  0  2  0  0  0  0  0  0  0  0  0  0  0  0  0  0  27  0  0  0  0  0  0  1  0  0  20  808  0  0  0  0  0  0  0  0  0  32  4  0  0  0  4  0  10  0  0  4  0  24  0  0  1  11  3029  71  0  7  0  3  0  7  0  0  13  15  0  0  0  0  58699  90526  2  2  0  121  0  0  0  0  0  4076  0  0  0  1  3696  0  0  52  596  212  0  0  28  0  0  4  0  12  0  39660  19  2808  42  1  0  0  0  0  323  2879  45808  61  25  0  2006  0  35578  0  0  0  0  1  1  0  0  14  0  63  8  0  
0  0  0  0  0  0  0  1  0  7  1  0  0  0  0  0  0  0  0  0  0  0  0  0  0  0  2  0  0  1  0  0  0  0  0  0  0  0  0  0  0  0  0  0  18  1  0  0  0  0  0  0  0  0  12  561  0  0  0  0  0  0  0  0  0  15  2  0  1  0  0  0  11  0  0  0  61  125  0  0  21  1132  3319  558  1718  15  0  6  0  692  0  2  29503  22643  0  0  0  0  128144  152  120711  706  21  12615  0  0  0  0  0  10  0  0  0  2  641  1  0  1715  16694  4100  0  2  234  0  0  34  0  39  40356  0  0  30861  0  0  2  0  0  0  28010  2538  126822  351  2212  0  9540  0  37969  0  0  1  0  2  0  0  0  44  3  106  23  0  
0  0  0  0  0  0  0  0  0  0  0  0  0  0  0  0  0  0  0  0  0  0  0  0  0  0  0  0  0  0  0  0  0  0  0  0  0  0  0  0  0  0  0  0  0  0  0  0  0  0  0  0  0  0  0  0  0  0  0  0  0  0  0  0  0  0  0  0  0  0  0  0  0  0  0  25271  0  0  0  0  0  0  0  1  1998  0  0  0  0  0  41  0  176147  1024  6  195  0  0  18  0  0  0  0  0  0  0  33  1  0  59  0  3  0  0  1414  45046  0  19200  2  0  0  3531  4  0  0  0  0  0  0  0  0  38062  11734  5074  270  0  0  0  5  1  0  0  0  0  0  1  20216  48  0  0  0  0  0  0  0  9  91  25  666  0  
0  0  0  0  0  0  0  0  0  0  0  0  0  0  0  0  0  0  0  0  0  0  0  0  0  0  0  0  0  0  0  0  0  0  0  0  0  0  0  0  0  0  0  0  2  0  0  0  0  0  0  0  0  0  0  17  0  0  0  0  0  0  0  0  0  1  0  0  0  0  0  0  0  0  0  13  0  48  0  0  0  5  571  480  14960  0  0  0  0  7  176  1  108173  157259  30  171  0  0  334  35  2  1  0  40  0  0  65  4  0  162  0  0  0  0  4689  18378  0  12325  248  3  0  22115  12  0  0  0  0  2  468  49805  44204  0  84  114  912  0  0  0  40144  405  150  1  0  0  580  0  23911  164  0  0  0  0  0  0  0  34  523  123  2761  0  
0  0  0  0  0  0  0  0  0  0  0  0  0  0  0  0  0  0  0  0  0  0  0  0  0  0  0  0  0  0  0  0  0  0  0  0  0  0  0  0  0  0  0  0  0  0  0  0  0  0  0  0  0  0  0  0  0  0  0  0  0  0  0  0  0  0  0  0  0  0  0  0  0  0  0  69126  0  0  0  0  0  0  0  0  5  0  0  0  0  0  8  0  74473  1  16  22  0  0  295  5  0  0  0  0  0  0  23  3  0  57  9190  21090  0  0  1021  5  0  76  1  0  0  10993  3  0  0  0  0  0  2  1  19200  194  0  11493  188  0  0  0  0  0  6  0  0  0  0  36742  73381  131  0  0  0  0  0  0  0  2  89  15  306  0  
0  0  0  0  0  0  0  0  0  0  0  0  0  0  0  0  0  0  0  0  0  0  0  0  0  0  0  0  0  0  0  0  0  0  0  0  0  0  0  0  0  0  0  0  0  0  0  0  0  0  0  0  0  0  0  0  0  0  0  0  0  0  0  0  0  0  0  0  0  0  0  0  0  0  0  46353  0  0  0  0  0  0  0  0  24  0  0  0  0  0  12  0  31  3  57079  112  0  0  0  0  0  0  0  0  0  0  9  0  0  38  25552  38  0  0  208  771  0  690  1  0  0  16729  0  146  7611  0  0  0  0  0  8289  436  7873  0  12430  0  0  0  1  0  0  0  0  0  0  643  13376  57  0  0  0  0  0  0  0  0  108  7  184  0  
0  0  0  0  0  0  0  0  0  1  0  0  0  0  0  0  0  0  0  0  5  3902  12  0  0  0  0  0  0  0  0  0  0  0  0  0  0  0  0  0  0  0  0  0  0  0  0  0  0  0  30  0  0  0  0  0  0  0  0  0  1  0  0  0  0  0  0  0  0  0  0  0  0  0  0  533  0  0  0  0  0  0  0  12  7  0  0  0  0  0  397  0  1  1  113535  196802  25819  0  0  0  0  0  0  0  0  0  98  1  2  4  17  0  0  0  902  5590  0  25548  2  0  0  37437  40  25343  17976  1  0  1  0  0  450  670  290  18165  0  0  0  0  5  0  0  0  0  0  0  1  1871  192  0  0  0  0  0  0  2  46  42383  189  4066  0  
0  0  0  0  0  0  0  0  0  0  0  0  0  0  0  0  0  0  0  0  0  0  0  0  0  0  0  0  0  0  0  0  0  0  0  0  0  0  0  0  0  0  0  0  0  0  0  0  10  0  0  0  0  0  0  0  0  0  0  0  0  0  0  0  0  0  0  0  0  0  0  0  0  0  3664  0  0  0  0  9  3  8  0  0  0  0  8172  15036  9448  4  0  6  0  0  0  0  0  6542  0  0  0  0  0  0  0  0  0  0  0  0  0  0  2854  7  1  0  0  2  15  0  574  0  3402  0  0  1058  4551  20  0  1  0  0  0  0  0  0  7  4037  0  5  0  0  2  0  0  0  0  0  0  0  0  0  0  0  0  1410  0  1  66  0  
0  0  0  0  0  0  0  0  0  0  0  0  0  0  0  0  0  0  0  0  0  0  0  0  0  0  0  0  0  0  0  0  0  0  0  0  0  0  0  0  0  0  0  0  0  0  0  0  0  0  0  0  0  0  0  0  0  0  0  0  0  0  0  0  0  0  0  0  0  0  0  0  0  0  0  0  0  0  0  2  0  0  0  0  0  0  1  0  0  0  2  9  0  0  0  0  9240  12111  0  0  0  0  0  0  6341  15204  0  0  0  0  0  0  1  0  0  0  0  0  0  0  48  0  0  0  0  0  0  0  0  0  0  0  0  0  0  0  0  652  0  4  0  0  0  0  0  0  0  0  0  0  0  0  0  0  471  2277  0  0  36035  127  
0  0  0  0  0  1  0  0  0  0  0  0  0  0  0  0  0  0  0  0  0  0  0  0  0  0  0  0  0  0  0  0  0  0  0  0  0  0  0  0  0  0  0  0  0  0  0  0  3  0  0  0  1  0  0  0  0  0  0  0  0  0  0  0  0  0  0  0  0  0  0  0  0  0  45  0  0  0  0  1  0  0  0  0  0  0  3266  7  0  0  0  4  0  0  0  0  0  13542  0  0  0  0  0  0  0  0  0  0  0  0  0  0  978  0  0  0  0  0  0  0  3076  0  2  0  0  0  85  0  0  0  0  0  0  0  0  2806  459  0  0  1  0  0  0  0  0  0  0  0  0  1  0  0  0  0  0  4861  0  2  942  0  
0  0  0  0  0  0  0  0  1  21  251  0  0  0  0  0  0  0  0  48  0  0  0  0  0  0  312  0  0  711  0  0  0  0  0  0  0  0  0  0  0  0  0  0  5  0  0  0  0  0  0  0  0  0  5  381  0  0  0  0  0  0  0  0  0  20  2  0  0  0  9  0  2  0  0  0  2  1  0  0  0  55  12753  12912  114487  1  0  0  0  40  17  0  2145  68421  0  1141  0  0  545  3  14893  0  1  71151  0  0  6  0  0  1  0  0  0  0  248  31  0  125705  198  708  0  621  5  0  0  1  0  2  1579  32422  77  82510  6  3  73  0  0  0  0  17419  445  3  121  0  58384  0  7016  17  0  0  0  0  0  0  0  4  23  10  214  0  
16  0  19  3  0  608  137  9562  12902  2503  91  2  0  10  1  244  0  8  0  0  0  172  0  0  5  2  0  0  73  6  0  115  0  0  0  0  0  0  1  4  6  0  0  1  1068  94  22  0  380  0  0  466  57  161  127  7412  0  1  0  1  0  0  0  0  2  77946  40  245  958  14  5  0  132  0  0  0  1  2  0  53289  48954  35249  29247  23184  1  17  0  30  100  393  11  9  465  31  0  299  4  0  1134  284  10  1  0  947  0  7176  6  0  0  134  0  0  1  16  204  0  0  730  2593  50  17  9  102  0  0  2310  5  4288  9177  9932  2  8582  0  0  21  12  3  1  10625  0  782  48  297  0  138  0  12240  0  0  1218  0  87  58  2  0  1736  3642  36254  1053  0  
0  0  0  0  0  0  0  0  0  0  0  0  0  0  0  0  0  0  0  0  0  0  0  0  0  0  0  0  0  0  0  0  0  0  0  0  0  0  0  0  0  0  0  0  3  0  0  0  2  0  0  1  0  0  2  65  0  0  0  0  0  0  0  0  0  3  0  0  1  0  0  0  4  0  0  0  20356  3211  0  0  109  256  191  51  4  287  0  221  5  114  3  3  11  24  0  0  0  0  9775  122013  36712  112808  9  2153  0  0  0  0  0  953  0  0  0  51  10890  0  0  617  170678  24437  1  2  2641  0  0  1049  2  352  41879  140024  0  796  4  0  2  1  0  0  349  605  0  1065  1812  0  2569  0  1774  1  0  0  0  2  0  0  0  389  1  145  149  0  
0  0  0  0  0  0  0  0  0  0  0  0  0  0  0  0  0  0  0  0  0  0  0  0  0  0  0  0  0  0  0  0  0  0  0  0  0  0  0  0  0  0  0  0  1  0  0  0  17  0  0  1  0  1  0  0  0  0  0  0  0  0  0  0  0  0  0  0  0  0  0  0  0  0  0  0  0  2984  0  3  720  1718  1  5  0  70314  0  173  46444  420  8  168  0  0  0  0  0  1  0  7  2  0  69442  1  0  0  2  8  0  2  0  0  0  529  259  0  0  170  12767  174  8  1  37120  0  0  47730  19  10047  3  141  0  68  0  0  2  4  0  0  6  80  260  0  9801  0  18  0  22  0  0  1  0  1  1  0  0  1196  0  18  11024  0  
0  0  0  0  0  0  0  0  0  0  0  0  0  0  0  0  0  0  0  0  0  0  0  0  0  0  0  0  0  0  0  0  0  0  0  0  0  0  0  0  0  0  0  0  0  0  0  0  3  0  0  0  0  0  0  2  0  0  0  0  0  0  0  0  0  1  0  0  0  0  0  0  0  0  0  0  1986  18  0  2  185  14453  660  21  1  11  0  22  37514  34003  1  35  0  3  0  2  0  0  0  76  198  2  109289  172  0  0  1  0  0  2  0  0  0  7  722  0  0  440  78881  2863  7  2  162  0  0  1090  0  46703  20  1383  0  132  0  0  4  0  0  0  56  83  1477  11995  0  0  1561  0  46  0  0  0  0  0  0  0  0  463  2  123  193  0  
0  0  0  0  0  0  0  0  0  0  0  0  0  0  0  0  0  0  0  0  0  0  0  0  0  0  0  0  0  0  0  0  0  0  0  0  0  0  0  0  0  0  0  0  0  0  0  0  0  0  0  0  0  0  0  0  0  0  0  0  0  0  0  0  0  0  0  0  0  0  0  0  0  0  0  0  0  0  0  0  0  0  0  0  0  0  0  0  0  0  0  0  0  0  0  0  0  0  0  0  0  0  0  0  0  0  0  0  0  0  0  0  0  0  0  0  0  0  0  0  0  0  0  0  0  0  0  0  0  0  0  0  0  0  0  0  0  0  0  0  0  0  0  0  0  0  0  0  0  0  0  0  0  0  0  0  0  0  0  0  
0  0  317  0  0  0  0  1  6955  4  17  0  0  0  0  0  0  0  0  0  0  0  0  0  0  0  6  0  0  2034  0  0  0  0  0  0  0  0  0  0  0  0  0  0  0  369  0  0  1  0  0  0  0  0  1  1  0  0  0  0  0  0  0  0  0  4  0  0  0  0  3013  0  0  0  0  0  619  1  0  0  4  311  58659  28  31  5  0  1  1  183  0  0  44  144  0  4  0  0  300  14  3659  0  10  128645  0  0  0  0  0  14  0  0  0  1  71  0  0  120  8836  69447  0  1  18  0  0  15  0  17  2646  12497  0  9903  0  0  1  0  0  0  25256  36  1779  16  2383  0  0  0  1875  0  0  0  0  0  0  0  0  29  0  4  16  0  
0  0  0  0  0  0  0  0  0  0  0  0  0  0  0  0  0  0  0  0  0  0  0  0  0  0  0  0  0  0  0  0  0  0  0  0  0  0  0  0  0  0  0  0  0  0  0  0  0  0  0  0  0  0  0  0  0  0  0  0  0  0  0  0  0  0  0  0  0  0  0  0  0  0  0  6327  0  0  0  0  0  0  0  0  0  0  0  0  0  0  0  0  30  0  2  0  0  0  0  0  0  0  0  0  0  0  3  400  0  0  11069  37017  0  0  21  0  6036  1  0  0  0  335  0  2772  0  0  0  0  0  0  2  0  34830  902  3  0  0  0  0  0  0  0  0  0  0  0  35490  12  0  0  0  0  0  0  0  0  0  0  3  0  
0  0  0  0  0  0  0  1  0  3  0  0  0  0  0  0  0  0  0  0  0  0  0  0  0  0  0  0  0  0  0  0  0  0  0  0  0  0  0  0  0  0  0  0  18  0  0  0  0  0  0  0  0  0  18  546  0  0  0  0  0  0  0  0  0  13  3  0  0  0  1  0  6  0  0  18404  0  54  0  0  1  5  3262  269  48  3  0  0  1  2  165  1  91150  95  758  14  30  1  144866  22553  1  0  0  584  0  0  3527  81957  8898  12148  1260  145475  0  0  27392  108  2588  866  212  40  0  48669  5  5244  0  1  0  1  35328  55749  30221  41308  111992  8372  1246  0  0  0  1502  2095  569  2  6  0  4360  24032  0  25796  0  0  0  4  0  0  8  23  144  76  403  0  
0  0  0  0  0  0  0  0  0  0  0  0  0  0  0  0  0  0  0  0  0  0  0  0  0  0  0  0  0  0  0  0  0  0  0  0  0  0  0  0  0  0  0  0  0  0  0  0  0  0  0  0  0  0  0  0  0  0  0  0  0  0  0  0  0  0  0  0  0  0  0  0  0  0  0  213  0  14  0  0  0  0  0  0  5  17  0  0  0  0  6  0  1  0  4  15  0  0  0  292  0  0  0  0  0  0  33897  15722  8  28054  2  1  0  0  22170  19  0  86  1  0  0  10788  6  0  0  0  0  0  0  0  104  317  1093  259  48  0  0  0  2  0  0  0  0  0  0  0  22122  0  0  0  0  0  0  0  0  8  4  0  69  0  
0  0  0  0  0  0  0  0  0  3  0  0  0  0  0  0  2527  169  0  0  0  1  95082  223  0  0  0  0  0  0  0  5  0  24  30878  0  14  10  0  0  0  0  33140  0  0  0  2  2415  0  11413  0  0  0  0  0  0  0  0  0  0  16531  0  13958  0  0  0  0  0  0  0  0  196  273  0  0  0  0  0  0  0  0  0  0  0  0  0  0  0  0  0  0  0  0  0  0  0  0  0  0  0  0  0  0  0  0  0  0  0  0  0  0  0  0  0  0  0  0  0  0  0  0  0  0  0  0  0  0  0  0  0  0  0  0  0  0  0  0  0  0  0  0  0  0  0  0  0  0  0  0  0  318057  4  34502  9404  18  0  58  1  0  0  
139  0  0  57  0  22725  181316  24374  0  43  0  28  0  557  2163  58523  0  32  1  0  0  0  0  0  1  34  0  0  65  7  0  1  0  0  0  0  0  0  19  104  197  0  0  4  10227  31  49  3  1509  0  0  14742  3344  146439  6  143  0  3  0  0  0  0  0  4  0  20247  102  655  18443  19  2  0  437  0  0  0  1  0  0  201  2793  7  0  0  0  0  0  2  5  296  0  0  0  0  0  0  0  0  0  0  0  0  0  0  0  0  0  0  0  0  0  0  0  0  0  0  0  0  2  3  1  0  2  0  0  98  0  17  1  0  0  0  0  0  0  0  0  0  0  2578  0  2  0  0  0  0  0  0  0  0  1  119  913  0  0  43  0  2  0  0  
0  49  0  1  0  0  0  3  0  7206  0  1  0  0  0  0  88  13  149  0  577  682  133029  7  0  0  0  0  0  1  0  64  3  0  144  0  135  8  0  0  25  0  0  9114  50  0  1  14362  0  338  0  5  0  1  0  55  54  316  1031  2949  110486  0  157  0  0  234  18  2  3  0  2  323  1472  153  0  0  0  0  0  0  0  0  0  11  0  0  0  0  0  0  0  0  0  0  0  3  3  0  0  0  0  0  0  0  0  1  0  0  0  0  0  0  0  0  0  0  0  4  0  0  0  0  0  0  0  0  0  0  0  0  0  0  0  0  0  0  0  0  0  1  0  0  0  0  0  0  0  0  153304  0  0  52181  27803  7100  145  0  110  101  2  0  
1  21  0  252  0  3515  33  416  19  1556  0  3  0  2  0  1  1  10  182  0  4  527  2230  0  4  6  0  0  90  112  0  397  0  0  0  0  0  0  1  1  733  0  0  540  5663  41  30  728  180  0  1  492  6  78  83  2340  47  957  252  454  1074  0  17  2  5  939  1306  651  284  8167  60  7  12045  8  0  0  0  0  0  2  11  10  0  0  0  0  0  4  2  10  0  1  0  0  0  1  1  0  1  0  0  0  0  0  0  154  0  0  0  0  0  0  0  0  2  0  0  1  7  2  0  0  4  0  0  141  0  46  7  6  0  2  0  0  0  0  0  0  0  23  1  0  0  0  0  0  2  0  9  414  63171  0  10047  14195  101  2363  13  6836  17  4  
17  1  0  242  0  849  909  471  0  52  0  25  0  23  4  5  40802  62835  39  0  1  0  153  4510  0  8  0  0  20  0  189  3042  533  78  129  0  3  2  1  6  480  0  0  30  1023  3  8774  82147  39503  7  0  1509  373  2648  1  20  12  148  239  395  915  0  45966  101  1  270  26  4569  151  882  0  59  10800  99  0  0  0  0  0  23  3  1  0  0  0  0  0  2  1  1  0  0  0  0  0  0  0  0  0  0  0  0  0  0  0  0  0  0  0  0  0  0  0  0  0  0  0  0  0  0  1  0  0  0  0  31  0  5  0  0  0  0  0  0  0  3  0  0  0  84  0  1  0  0  0  0  1  0  10557  2505  26741  4761  0  154918  5  504  5  1  0  0  
0  0  0  1  0  1578  1  0  0  4  0  0  0  0  0  2  1632  231  7  0  1  1  1369  3  0  0  0  0  0  0  5  2337  1  0  1  0  0  0  0  0  7  0  0  0  2  0  279  1549  8  0  0  4  0  1  0  0  1  23  62  240  93  0  14674  10  0  213  1  3  0  4439  0  4  323  23  0  0  0  0  0  1  0  0  0  0  0  0  0  0  0  0  0  0  0  0  0  1  0  0  0  0  0  0  0  0  0  10  0  0  0  0  0  0  0  0  0  0  0  0  0  0  0  0  0  0  0  1  0  0  0  0  0  0  0  0  0  0  0  0  0  1  0  0  0  0  0  0  0  0  12234  4  20522  34820  448478  0  38  47  71  1  0  0  
0  0  0  0  0  0  0  0  0  33  0  0  0  0  0  0  0  0  0  0  1  1  112  0  0  0  0  0  0  0  0  1  0  0  0  0  0  0  0  0  0  0  0  0  0  0  0  0  0  0  0  0  0  0  0  0  0  0  0  0  4  0  2  0  0  5  0  0  0  0  0  0  3  0  0  0  0  0  0  0  0  0  0  0  0  6  0  0  0  0  1648  4112  0  0  0  1  52005  912  0  0  0  0  0  0  1  34  0  863  21556  0  0  0  0  0  0  0  30215  0  0  0  21  5040  0  6044  0  0  0  0  0  0  0  0  0  0  48  0  52  0  0  0  0  0  0  0  0  0  20  0  1  0  32  69  1  0  0  1  336303  3370  23419  1847  
26  0  0  4  0  719  88  39  2  15  0  0  0  4  0  14  0  170  0  0  0  0  0  0  0  0  0  0  1  0  0  1304  0  0  0  0  0  0  1  5  3  0  0  0  103  1  959  0  17765  0  0  322  27  157  2  73  0  0  0  0  0  0  1  2  0  347  1  13  25  293  0  0  27  0  18  0  0  5  0  966  304  474  27  587  9  27  8  361  100  333  99  5603  4  9  0  100  0  1  1  29  1  0  0  1  16  9716  79  0  0  3  0  0  39  19  4837  0  0  5288  9323  135  13060  32  4594  0  0  6801  146  1905  39  142  7  2546  1  0  509  860  1888  1761  72  1634  125  189  433  0  18  0  249  0  0  244  0  222  58  12  0  0  1  31802  47002  7020  
0  0  0  0  0  0  0  0  0  147  0  0  0  0  0  0  0  0  0  0  6  87  503  0  0  0  0  0  0  0  0  1  0  0  0  0  0  0  0  0  0  0  0  1  0  0  0  0  0  0  1  0  0  0  0  1  0  0  0  0  9  0  1  0  0  8  0  0  0  0  0  0  7  0  0  4  0  0  0  0  0  0  0  3091  0  0  0  0  0  0  1557  247  0  0  14  6606  101813  16  0  1  0  0  0  0  0  3  1  24  1949  1  0  1  0  0  7  0  32  22134  0  0  0  33237  0  2343  0  0  0  0  1  1  4  8  5  29  45797  0  0  0  0  2470  2  0  0  0  0  0  303  1  4  1  65  181  3  4  172987  0  0  55012  33587  28  
0  0  0  1  0  4  0  9  0  7606  1  0  0  0  0  0  0  0  0  0  1  1  31  0  0  0  1  0  0  3  0  0  0  0  0  0  0  0  0  0  7  0  0  4  84  2  0  2  1  0  0  9  0  0  6  227  0  0  0  0  1  0  0  0  0  56  17  1  4  4  0  0  145  0  0  2  0  2  0  0  46  87  18  694  11  2  0  1  3  11  228  37  1  4  0  674  643  1  2  75  2  0  0  4  1  52  76  0  0  38  0  0  0  0  2175  0  0  2835  2103  27  4  257  74  0  0  62  0  111  404  760  35  2670  1  0  2077  0  1  1  40  20857  490  24  375  0  21  0  153  3  0  3  281  4858  33  2  1427  44435  44971  0  45537  33924  
0  0  0  0  0  0  0  0  0  4  0  0  0  0  0  0  0  0  0  0  0  0  1  0  0  0  0  0  0  0  0  0  0  0  0  0  0  0  0  0  0  0  0  0  0  0  0  0  21  0  0  0  0  1  0  1  0  0  0  0  0  0  0  0  0  1  0  0  0  0  0  0  0  0  0  71  0  6  0  2  656  1722  9  288  31  3  2  6  72  353  27866  59442  5  23  1  932  30463  5590  0  10  1  0  0  1  4890  9779  219  0  3  10  0  0  2  4  3469  24  0  3517  954  156  11836  10255  27098  0  0  3611  2  1878  7  42  825  10958  426  33  3802  5  21257  120  45  372  37  665  387  0  16  0  355  8  0  1  1  2  0  0  11867  43439  23365  31799  0  130092  
0  0  0  0  0  0  0  0  0  1  0  0  0  0  0  0  0  0  0  0  0  0  2  0  0  0  0  0  0  0  0  0  0  0  0  0  0  0  0  0  0  0  0  0  0  0  0  0  0  0  0  0  0  0  0  0  0  0  0  0  0  0  0  0  0  0  0  0  0  0  0  0  0  0  0  0  0  0  0  0  0  0  0  2  0  0  0  0  0  0  6  6  0  0  0  0  5485  1  0  1  0  0  0  0  585  2767  0  0  0  1  0  0  0  0  1  0  0  1  0  0  2  0  0  0  0  0  0  0  0  1  0  0  0  0  2  0  284  0  0  1  1  0  0  0  0  0  0  0  0  0  4  5  0  2  2439  25617  90  137977  484422  0  
