0  0  0  0  28913  16268  9  0  2  0  0  0  1  6  23740  9433  0  0  0  0  0  0  0  84093  0  0  0  0  0  0  10409  119  0  0  0  0  0  0  7  0  0  0  0  0  7  0  64  0  8  0  0  8076  9930  890  0  0  0  0  0  0  0  37057  7  2189  0  2592  0  12  4  40448  0  0  0  0  0  0  0  0  0  0  0  0  0  0  0  0  0  0  0  0  0  0  0  0  0  0  0  0  0  0  0  0  0  0  0  0  0  0  0  0  0  0  0  0  0  0  0  0  0  0  0  0  0  0  0  0  0  0  0  0  0  0  0  0  0  0  0  0  0  0  0  0  0  0  0  0  0  0  0  517  0  0  149  0  0  0  0  0  0  0  
0  0  0  0  0  0  0  0  0  0  0  0  0  0  0  0  0  0  38198  31  55272  9840  0  0  69  0  0  0  0  0  0  0  0  0  0  0  3019  31  0  0  5  42507  0  484  0  0  0  0  0  0  43799  0  0  0  0  38  9757  5647  39992  10126  4957  0  0  0  35  0  0  0  0  0  0  1303  70  0  0  1  0  0  0  0  0  0  0  0  0  0  0  0  0  0  0  0  0  0  3  1  0  0  0  0  0  0  0  0  0  0  0  0  0  0  0  0  0  0  0  0  0  0  0  0  0  0  0  0  0  0  0  0  0  0  0  0  0  0  1  0  0  0  0  0  0  0  0  0  0  0  0  0  0  0  0  0  0  0  0  0  0  0  0  0  
0  0  0  0  0  1  14  8124  58  0  0  0  0  0  0  47085  1  0  0  0  0  0  0  0  0  0  20627  23603  37332  9745  0  0  0  0  0  0  0  0  0  0  6  0  0  0  64762  58809  0  11  0  0  0  2  0  172  0  9  0  0  0  0  0  0  0  0  0  19  10749  1  3815  0  38  0  0  0  0  0  675  0  0  0  0  109  10  0  0  0  0  0  0  235  0  0  0  0  0  0  0  0  0  0  9  0  0  221  0  0  0  0  0  0  0  0  0  0  0  0  0  0  0  175  0  0  0  0  0  0  0  0  0  0  0  0  0  0  0  0  0  0  0  2  0  0  0  0  91  0  0  0  0  43  0  0  9  0  0  0  0  0  0  0  
0  0  0  0  0  0  0  5  2  0  0  32571  0  6  0  0  9  5  0  0  0  0  0  0  36  58535  2  39985  24977  0  0  0  8550  698  1  458  0  0  0  3  2133  0  0  0  74709  0  0  903  47333  1  0  11  0  5  244  172  0  3  1  0  1  0  0  0  11  3  35389  30118  4  0  133  0  9  21  0  0  0  0  0  0  0  0  0  0  0  0  0  0  0  0  0  0  0  0  0  0  0  0  0  0  0  0  0  0  0  0  0  0  0  0  0  0  0  0  0  0  0  0  0  0  0  0  0  0  0  0  0  0  0  0  0  0  0  0  0  0  0  0  0  0  0  0  0  0  0  0  0  0  0  21  1  0  144  0  0  0  0  0  0  0  
36395  0  0  0  0  13839  3  0  0  0  0  0  0  1  14243  65855  0  0  0  0  0  0  0  1365  0  0  0  0  0  0  11336  46  0  0  0  0  0  0  0  0  0  0  0  0  3  1  1  0  1  0  0  1660  19994  623  0  0  0  0  0  0  0  37  0  61  0  453  0  3  1  3526  0  0  0  0  7  0  0  0  6  0  0  0  0  0  0  0  0  0  0  1  0  0  0  0  0  0  0  0  0  0  0  0  0  0  0  0  0  0  0  0  0  0  0  0  0  0  0  0  0  0  0  0  0  0  0  0  0  0  0  0  0  0  0  0  0  0  0  0  0  0  0  0  0  14  0  0  0  0  0  50  0  0  43  0  0  0  0  0  0  0  
20018  0  0  0  16006  0  29547  49  5  0  0  23  2  285  13516  104774  0  1  0  0  0  0  0  5453  0  0  0  0  1  0  3267  18313  0  0  0  0  0  0  111  8  1  0  0  0  257  3  63  1  92  0  0  23622  29241  29671  0  0  0  0  0  0  0  1890  17  2855  0  106030  3  937  231  67148  0  0  0  0  40  0  0  0  1  819  408  1  0  0  0  0  0  0  0  336  0  0  0  0  0  0  0  16  0  0  0  0  0  0  139  55  0  0  0  0  0  0  0  0  0  0  0  0  0  0  0  0  0  0  0  0  0  0  0  0  0  0  0  0  0  0  0  6  0  11437  0  0  0  115  0  0  0  0  0  1841  0  2  2275  0  0  2  0  0  1  0  
5  0  99  0  1  34481  0  51967  86  0  0  6  0  10  135  101569  4  0  0  0  0  0  0  9  0  0  0  1  20  5  0  0  0  0  0  0  0  0  9  1  3  0  0  0  1725  317  1  18  38  0  0  4165  181  47050  0  0  0  0  0  0  0  50  0  13  0  67569  13  759  2270  4  1  0  0  0  0  0  1  0  0  50  2562  851  1  0  0  0  0  0  0  203  0  0  0  0  0  0  0  0  0  0  0  0  0  0  0  0  0  0  0  0  0  0  0  0  0  0  0  0  0  2  0  0  0  0  0  0  0  0  0  0  0  0  0  0  0  0  0  0  0  221  0  0  0  0  0  0  0  0  0  3831  0  0  1363  0  0  0  0  0  0  0  
0  0  8613  1  0  130  35395  0  40406  0  0  5  0  0  8  79720  52  0  0  0  0  0  0  0  0  2  39  2  5499  1062  0  0  0  0  0  0  0  0  1  0  91  0  0  0  10397  35942  0  662  72  0  0  366  0  8669  0  19  0  0  0  0  0  2  0  0  0  64457  202  225  13499  0  24  0  0  0  0  0  38  0  0  0  237  2739  457  0  0  0  0  0  0  133  0  0  0  0  0  0  0  0  0  0  0  0  0  8  0  0  0  0  0  0  0  0  0  0  0  0  0  0  0  95  0  0  0  0  0  0  0  0  0  0  0  0  0  0  0  0  0  0  0  1164  0  0  1  0  16  0  0  0  0  3103  0  1  708  0  0  0  0  3  0  0  
0  0  78  0  0  0  5  19874  0  15358  0  0  0  0  0  91  1  0  0  0  0  3  7  0  4  3  85  0  31  20103  0  0  0  0  0  0  0  0  0  0  57  0  0  1999  485  15471  0  37  37  0  0  4  0  14  12  192  0  0  0  0  3  0  0  0  2695  72642  700  2  666  0  47483  0  11  0  0  0  11  0  0  0  1  103  7631  2  0  0  0  0  0  4  0  0  0  0  0  10  0  0  0  0  0  0  0  369  0  0  0  0  0  0  0  0  0  0  0  0  0  0  0  303  0  0  0  0  0  0  0  0  0  0  0  0  0  0  0  0  0  0  0  2503  0  0  0  0  456  0  0  0  0  209  15  6  25  0  0  0  0  9  0  0  
0  0  0  0  0  0  0  1  20900  0  37  0  0  0  0  0  0  0  0  0  0  872  7677  0  0  0  0  0  0  15406  0  0  0  0  0  0  0  0  0  0  0  0  0  25690  4  0  0  49  0  0  0  0  0  0  1  1  0  0  0  0  2  0  0  0  5397  90456  11  0  0  0  146  0  0  0  0  0  0  0  0  0  0  0  297  59  1  0  0  0  0  0  0  0  0  0  0  25  0  0  0  0  0  0  0  27  0  0  0  0  0  0  0  0  0  0  0  0  0  0  0  0  0  0  0  0  0  0  0  0  0  0  0  0  0  0  1  0  0  0  0  5576  0  0  0  0  32  0  0  0  1  23  3411  41107  2030  0  0  0  0  26690  0  0  
0  2  0  0  0  0  0  0  0  9  0  0  0  0  0  0  0  0  0  66724  0  5568  2  0  0  0  2678  0  0  3982  0  0  0  0  0  0  0  0  0  0  0  16984  0  98729  0  0  0  0  0  0  22  0  0  0  0  230  10  2200  3  0  2  0  0  0  52350  0  0  0  0  0  0  0  0  0  0  0  0  0  0  0  0  0  0  0  2760  0  0  0  0  0  0  0  0  1  0  84  0  0  0  0  1  0  0  328  0  0  0  0  0  0  0  0  0  0  0  17  0  30  0  0  0  0  0  0  0  0  0  0  0  0  0  0  0  0  0  0  0  0  63  0  0  0  0  0  1  0  0  0  0  0  0  0  0  0  0  0  0  0  0  0  
0  0  0  46323  0  70  2  4  2  0  0  0  4  40977  4253  4  21  684  0  0  0  0  0  8  1  24  0  31  7356  0  0  0  844  196  12  0  0  0  560  69493  103  0  0  1  3916  1  42  232  41258  0  0  58922  44  144  8  12  0  0  0  0  0  125  0  16  0  9  2253  44921  22  1  15  0  1  0  0  0  0  0  0  0  0  0  0  0  0  0  0  0  0  0  0  0  0  0  0  0  0  0  0  0  0  0  0  0  0  0  0  0  0  0  0  0  0  0  0  0  0  0  0  0  0  0  0  0  0  0  0  0  0  0  0  0  0  0  0  0  0  0  0  0  0  0  0  0  0  0  0  0  0  370  0  0  1857  0  0  0  0  0  0  0  
0  0  0  0  0  11  0  0  0  0  0  5  0  8523  0  0  0  8  0  0  0  0  0  47832  0  0  0  0  0  0  0  0  0  0  0  0  0  0  18764  2  0  0  0  0  0  0  100  0  6  0  0  26  3  4  0  0  0  0  0  0  0  7351  0  705  0  3  0  6  0  0  0  0  0  0  0  0  0  0  0  0  0  0  0  0  0  0  0  0  0  0  0  0  0  0  0  0  0  0  0  0  0  0  0  0  0  0  0  0  0  0  0  0  0  0  0  0  0  0  0  0  0  0  0  0  0  0  0  0  0  0  0  0  0  0  0  0  0  0  0  0  0  0  0  0  0  0  0  0  0  8  0  0  9  0  0  0  0  0  0  0  
58  0  0  7  1  605  36  0  2  0  0  45871  8698  0  312  2  1  40  0  0  0  0  0  920  0  0  0  0  76  0  0  0  0  6  4  0  0  0  46685  35964  0  0  0  0  65  1  1616  4  12361  0  0  79324  84  352  0  0  0  0  0  0  0  25275  1  1140  0  127  1  2921  19  32  0  0  0  0  0  0  0  0  0  0  0  0  0  0  0  0  0  0  0  0  0  0  0  0  0  0  0  0  0  0  0  0  0  0  0  0  0  0  0  0  0  0  0  0  0  0  0  0  0  0  0  0  0  0  0  0  0  0  0  0  0  0  0  0  0  0  0  0  0  0  0  0  0  0  0  0  0  0  0  583  0  0  1326  0  0  0  0  0  0  0  
24303  0  0  0  16756  6627  381  215  6  0  0  4956  0  304  0  50462  2  0  0  0  0  0  0  16682  0  0  0  0  13482  2  0  4  0  0  0  0  0  0  95  3  1  0  0  0  1258  85  13  8  43  0  0  194040  135837  158190  0  0  0  0  0  0  0  26645  0  134  0  177  2  45427  27566  22  0  0  0  0  0  0  0  0  0  0  0  0  0  0  0  0  0  0  0  0  0  0  0  0  0  0  0  0  0  0  0  0  0  0  0  0  0  0  0  0  0  0  0  0  0  0  0  0  0  0  0  0  0  0  0  0  0  0  0  0  0  0  0  0  0  0  0  0  0  0  0  0  0  0  0  0  0  0  0  284  0  0  454  0  0  0  0  0  0  0  
16645  0  62999  0  74038  127007  87699  77084  238  0  0  1  0  1  49880  0  2  0  0  0  0  0  0  7418  0  0  3  1  21061  25  2222  3  0  0  0  0  0  0  1  0  5  0  0  0  7945  1908  2  32  10  0  0  771  7890  239949  0  0  0  0  0  0  0  61  0  1045  0  472  24  185  34484  12097  2  0  0  0  76  0  226  0  17  104  2390  1805  6  0  0  0  0  0  0  4621  0  0  0  0  0  0  0  7  0  0  0  0  0  3  41  0  0  0  0  0  0  0  0  0  0  0  0  0  0  42  0  0  0  0  0  0  0  0  0  0  0  0  0  0  0  0  0  0  0  62  0  0  0  111  0  0  0  0  0  1438  0  0  158  0  0  0  0  0  0  0  
0  0  0  17  0  3  13  46  12  0  0  96  1  4  0  55  0  50678  0  0  0  0  11711  19  0  29  1  0  1  1  1  5728  165  4  20295  0  3  2  0  4  3457  0  5838  0  4933  48  80  40352  27531  17  0  32  0  19  1  4  0  0  0  0  0  2  55  0  0  2  25  237  1160  0  1  81  17  0  0  0  0  0  0  0  0  0  0  0  0  0  0  0  0  0  0  0  0  0  0  0  0  0  0  0  0  0  0  0  0  0  0  0  0  0  0  0  0  0  0  0  0  0  0  0  0  0  0  0  0  0  0  0  0  0  0  0  0  0  0  0  0  0  0  0  0  0  0  0  0  0  0  0  13535  228  1350  428  82144  45  0  0  0  0  0  0  
1  0  0  2  0  7  2  0  0  0  0  1971  31  212  0  0  37752  0  0  0  0  0  4665  7523  0  0  0  0  18  0  1  20782  47  3  2338  0  0  0  3840  393  2  0  34  0  6  0  41067  5343  51050  0  0  286  0  4  0  0  0  0  0  0  0  194  491  7  0  0  5  257  0  2  0  0  0  0  0  0  0  0  0  0  0  0  0  0  0  0  0  0  0  0  0  0  0  0  0  0  0  0  0  0  0  0  0  0  0  0  0  0  0  0  0  0  0  0  0  0  0  0  0  0  0  0  0  0  0  0  0  0  0  0  0  0  0  0  0  0  0  0  0  0  0  0  0  0  0  0  0  0  4866  11  4  61  113694  100  0  0  0  0  0  0  
0  42032  0  0  0  0  0  0  0  0  0  0  0  0  0  0  0  0  0  464  340  175  0  0  21732  0  0  0  0  0  0  0  0  0  0  0  177  23  0  0  1  14664  0  93  0  0  0  0  0  0  3423  0  0  0  0  483  83062  63942  31207  44  538  0  0  0  15  0  0  0  0  0  1  615  37571  0  0  0  0  0  0  0  0  0  0  0  0  0  0  0  0  0  0  0  0  0  0  0  0  0  0  0  0  0  0  0  0  0  0  0  0  0  0  0  0  0  0  0  0  0  0  0  0  0  0  0  0  0  0  0  0  0  0  0  0  0  0  0  0  0  0  0  0  0  0  0  0  0  0  0  0  0  0  0  0  0  0  0  0  0  0  0  
0  6  0  0  0  0  0  0  0  0  77915  0  0  0  0  0  0  0  897  0  0  72  0  0  1116  0  17905  0  0  17  0  0  0  0  0  0  0  0  0  0  0  18845  0  20966  0  0  0  0  0  0  139  0  0  0  0  11053  78  89469  0  0  6  0  0  0  26756  0  0  0  0  0  0  0  0  0  0  0  0  0  0  0  0  0  0  0  0  0  0  0  0  0  0  0  0  0  0  0  0  0  0  0  0  0  0  0  0  0  0  0  0  0  0  0  0  0  0  0  0  0  0  0  0  0  0  0  0  0  0  0  0  0  0  0  0  0  0  0  0  0  0  0  0  0  0  0  0  0  0  0  0  0  0  0  0  0  0  0  0  0  0  0  
0  65585  0  0  0  0  0  0  0  0  0  0  0  0  0  0  0  0  574  0  0  6165  961  0  599  55  1  0  0  0  0  0  0  1  0  40  3863  13  0  0  306  162  0  22  0  0  0  1  0  25810  14916  0  0  0  22  389  322  2350  10997  66956  112010  0  0  0  123  0  17  0  0  0  1  349  4657  0  0  0  0  0  0  0  0  0  0  0  0  0  0  0  0  0  0  0  0  0  1  0  0  0  0  0  0  0  0  0  0  0  0  0  0  0  0  0  0  0  0  0  0  0  0  0  0  0  0  0  0  0  0  0  0  0  0  0  0  0  0  0  0  0  0  0  0  0  0  0  0  0  0  0  0  0  27  14  0  0  0  0  0  5  1  0  
0  6102  0  0  0  0  0  0  6  916  3387  0  0  0  0  0  0  0  258  10  4159  0  11119  0  4  0  0  0  0  521  0  1  0  0  0  0  2  0  0  0  0  31067  0  217046  0  0  0  0  0  1  60127  0  0  0  0  4  616  1619  625  2  100784  0  0  0  128  0  0  0  0  0  4  0  14  0  0  5  0  0  0  0  0  0  2  1  299  0  0  0  0  0  0  0  1  0  28  3310  0  0  0  0  0  0  0  49  0  0  0  0  0  0  0  0  0  0  0  140  0  195  0  0  0  0  0  0  2  0  0  0  0  0  0  0  0  0  16  0  0  0  1  0  0  0  0  0  1  0  0  0  0  0  600  8  0  0  0  0  2  2  0  0  
0  0  0  0  0  0  0  0  75  9971  0  1  0  0  0  0  20935  7831  0  0  852  6490  0  3  3  0  0  0  0  4  0  11085  0  1  7986  0  295  2  0  0  17  0  41706  7849  0  0  7  133  0  16068  0  0  0  0  4  13  0  0  1  5  48205  0  3  0  10  375  1  0  0  0  15  25  15  0  0  0  0  0  0  0  0  0  0  0  0  0  0  0  0  0  0  0  0  0  2  2  0  0  0  0  0  0  0  0  0  0  0  0  0  0  0  0  0  0  0  0  0  0  0  0  0  0  0  0  0  0  0  0  0  0  0  0  0  0  1  0  0  0  0  0  0  0  0  0  0  0  0  0  45333  0  148840  2726  1447  125  0  0  0  6  0  0  
81084  0  0  0  451  2714  5  0  0  0  0  50  43162  1442  20097  1566  118  8615  0  0  0  0  7  0  0  0  0  0  0  0  35380  10287  0  0  13  0  0  0  12040  22  0  0  65  0  6  0  44075  2630  206  0  0  2040  316  55  0  0  0  0  0  0  0  55529  118635  133967  0  675  0  2  7  47653  0  0  0  0  1  0  0  0  0  1  0  0  0  0  0  0  0  0  0  0  0  0  0  0  0  0  0  0  0  0  0  0  0  0  2  5  0  0  0  0  0  0  0  0  0  0  0  0  0  0  0  0  0  0  0  0  0  0  0  0  0  0  0  0  0  0  0  0  0  1  0  0  0  1  0  0  0  0  37  4074  0  0  17934  10  0  0  0  0  0  0  
0  38  0  1  0  0  0  0  5  0  0  0  0  0  0  0  7  0  21135  766  245  0  1  0  0  18926  361  0  0  0  0  0  42  6  13  1  0  2  0  0  2552  29  25  41  1  0  0  69  79  52  105  0  0  0  47931  88784  54  24533  1257  859  985  0  0  0  371  8  100  0  0  0  137  321  106878  12  0  0  0  0  0  0  0  0  0  0  0  0  0  0  0  0  0  0  0  0  0  0  0  0  0  0  0  0  0  0  0  0  0  0  0  0  0  0  0  0  0  0  0  0  0  0  0  0  0  0  0  0  0  0  0  0  0  0  0  0  0  0  0  0  0  0  0  0  0  0  0  0  0  0  0  1  11  0  0  0  0  0  0  0  0  0  
0  0  0  41947  0  0  0  0  2  0  0  138  0  0  0  0  10  1  0  0  54  0  0  0  20356  0  513  4852  3  0  0  0  3054  12968  0  123484  87  2  0  1  66678  0  1  1  3573  0  0  255  12431  741  0  8  0  1  46971  15281  0  8  1  270  147  0  0  0  21  2  114566  250  1  0  100  58  8015  645  0  0  0  0  0  0  0  0  0  0  0  0  0  0  0  0  0  0  0  0  0  0  0  0  0  0  0  0  0  0  0  0  0  0  0  0  0  0  0  0  0  0  0  0  0  0  0  0  0  0  0  0  0  0  0  0  0  0  0  0  0  0  0  0  0  0  0  0  0  0  0  0  0  0  1  22  3  0  114  0  0  0  0  0  0  0  
0  0  24413  0  0  0  0  81  224  0  2206  0  0  0  0  4  0  0  1  9999  0  0  0  0  350  1041  0  226  15  178804  0  0  1  0  0  0  0  3  0  0  769  1  0  123  385  9269  0  8  70  2  1  2  0  3  23  173040  0  77  4  2  9  0  0  0  43896  25  54394  3  189  0  14726  7  205  0  0  0  0  0  0  0  0  0  0  0  2  0  0  0  0  0  0  0  0  0  0  0  0  0  0  0  5  0  0  72  0  0  0  0  0  0  0  0  0  0  0  0  0  0  0  0  0  0  0  0  0  0  0  0  0  0  0  0  0  0  0  0  0  0  0  0  0  0  0  0  1  0  0  0  0  160  0  0  8  0  0  0  0  0  0  0  
0  0  23622  49720  0  0  0  23  16  0  0  101  0  3  0  10  2  0  0  0  0  0  0  0  0  4362  554  0  5601  18  0  0  0  0  0  1  0  0  0  22  10  0  0  0  156623  4979  0  5  178  0  0  5  0  1  0  6  0  0  0  0  0  0  0  0  0  2  146531  38  664  0  13  0  0  0  0  0  1  0  0  0  0  0  0  0  0  0  0  0  0  0  0  0  0  0  0  0  0  0  0  0  0  0  0  0  0  0  0  0  0  0  0  0  0  0  0  0  0  0  0  0  0  0  0  0  0  0  0  0  0  0  0  0  0  0  0  0  0  0  0  0  0  0  0  0  0  0  0  0  0  25  0  0  8  0  0  0  0  0  0  0  
0  0  43577  30514  0  5  28  5569  25  0  0  5557  0  36  3715  18979  4  0  0  0  0  0  0  0  0  2  16  13162  0  9  0  0  0  1  0  0  0  0  0  146  2  0  0  0  226382  1710  0  3  120  0  0  137  1  1122  0  6  0  0  0  0  0  0  0  0  0  38  57  83735  101434  0  0  0  0  0  0  0  3  0  0  0  0  0  0  0  0  0  0  0  0  0  0  0  0  0  0  0  0  0  0  0  0  0  0  0  0  0  0  0  0  0  0  0  0  0  0  0  0  0  0  0  0  0  0  0  0  0  0  0  0  0  0  0  0  0  0  0  0  0  0  0  0  0  0  0  0  0  0  0  0  132  0  0  36  0  0  0  0  0  0  0  
0  0  18653  0  0  0  0  27  19392  18444  6915  0  0  0  0  11  0  0  0  68  0  1384  2  0  10  0  226717  0  34  0  0  0  0  0  0  0  0  0  0  0  284  0  0  5740  171  53247  0  7  12  2  0  0  0  3  4  25713  1  10  0  2  4  0  0  0  69842  1785  1432  0  544  0  91895  2  53  0  0  0  18  0  0  0  0  0  1361  1  270  0  0  0  0  0  0  0  0  1  1  79  0  0  0  0  50  0  0  11989  0  0  0  0  0  0  0  0  0  0  0  0  0  1  0  347  0  0  0  0  0  0  0  0  0  0  0  0  0  0  0  0  0  0  43  10  0  0  0  0  1855  0  0  0  0  106  3  0  3  0  0  0  0  0  0  0  
13577  0  0  0  11696  1927  0  0  0  0  0  1  0  0  0  2966  3  24  0  0  0  0  0  35820  0  0  0  0  0  0  0  24442  0  0  0  0  0  0  0  0  0  0  0  0  0  0  20  6  0  0  0  0  0  0  0  0  0  0  0  0  0  0  72057  68  0  506  0  0  0  60068  0  0  0  0  109  0  0  0  59  116  0  0  0  0  0  0  0  0  0  1  0  0  0  0  0  0  0  32  0  0  0  0  0  0  765  169  0  0  0  0  0  0  0  0  0  0  0  0  0  0  0  0  0  0  0  0  0  0  0  0  0  0  0  0  0  0  2  0  0  45  0  0  0  252  0  0  0  0  14  4246  0  105  7961  261  0  0  0  3  0  1  
0  0  0  0  0  6542  0  0  0  5  0  2  0  0  0  0  4755  40003  0  0  0  0  8620  8127  0  0  0  0  0  0  22201  0  0  0  50  0  0  0  0  0  0  0  4  0  0  0  4993  2546  0  0  0  8  1  1  0  0  0  0  0  0  0  0  31952  38  0  25208  0  0  0  23677  0  0  0  0  0  0  0  0  0  120  0  0  0  0  0  0  0  0  0  0  0  0  0  0  1  0  0  4  0  0  0  0  0  0  273  8415  0  0  0  0  0  0  0  0  0  0  0  0  0  0  0  0  0  0  0  0  0  0  0  0  0  0  0  0  0  0  41  0  0  344  0  0  0  20  0  0  0  0  15532  28384  318  17030  82730  27256  26  1879  115  177  37  2313  
0  0  0  4492  0  0  0  0  0  0  0  273  0  0  0  0  43  5  0  0  0  0  0  0  6  8274  0  0  0  1  0  0  0  26255  91  3263  1  1  0  1  26455  0  0  0  0  0  0  49047  391  22  0  0  0  0  9  32  0  2  2  2  6  0  0  0  0  0  1  0  0  0  1  6  9144  63727  0  0  0  0  0  0  0  0  0  0  0  0  0  0  0  0  0  0  0  0  0  0  0  0  0  0  0  0  0  0  0  0  0  0  0  0  0  0  0  0  0  0  0  0  0  0  0  0  0  0  0  0  0  0  0  0  0  0  0  0  0  0  0  0  0  0  0  0  0  0  0  0  0  0  1  0  370  17  0  0  0  0  0  0  0  0  
0  0  0  1263  0  0  0  0  0  0  0  215  0  25  0  0  11  1  0  0  17  0  1  0  2  14373  0  0  0  0  0  0  38791  0  31216  83983  4  14311  0  11  10597  0  21261  0  0  0  0  74454  24  211  0  0  0  0  8  3  0  0  3  9  167  0  0  0  0  0  3  0  0  0  1  229  152072  23699  0  0  0  0  0  0  0  0  0  0  0  0  0  0  0  0  0  0  0  0  0  0  0  0  0  0  0  0  0  0  0  0  0  0  0  0  0  0  0  0  0  0  0  0  0  0  0  0  0  0  0  0  0  0  0  0  0  0  0  0  0  0  0  0  0  0  0  0  0  0  0  0  0  0  1  0  3  0  0  0  0  0  0  0  0  0  
0  0  0  6  0  0  0  0  0  0  0  74  1  4  0  0  24100  1122  0  0  5  0  7536  12  11  4  0  0  0  0  0  37  1506  36124  0  17  3  147  0  1  275  0  46320  0  0  0  23  50649  4  69  0  0  0  0  13  54  0  0  10  28  12  0  2  0  2  0  1  1  0  0  3  1064  9564  11  0  0  0  0  0  0  0  0  0  0  0  0  0  0  0  0  0  0  0  0  0  0  0  0  0  0  0  0  0  0  0  0  0  0  0  0  0  0  0  0  0  0  0  0  0  0  0  0  0  0  0  0  0  0  0  0  0  0  0  0  0  0  0  0  0  0  0  0  0  0  0  0  0  0  21241  0  10  1  93  0  0  0  0  0  0  0  
0  0  0  43  0  0  0  0  0  0  0  0  0  0  0  0  2  0  0  0  16  0  0  0  7  115178  0  0  0  0  0  0  221  79565  0  0  57  4  0  0  36688  0  3  0  2  0  0  316  45  282  0  0  0  0  1867  150  0  1  0  78  179  0  0  0  1  0  23614  0  0  0  1  14  13079  15622  0  0  0  0  0  0  0  0  0  0  0  0  0  0  0  0  0  0  0  0  0  0  0  0  0  0  0  0  0  0  0  0  0  0  0  0  0  0  0  0  0  0  0  0  0  0  0  0  0  0  0  0  0  0  0  0  0  0  0  0  0  0  0  0  0  0  0  0  0  0  0  0  0  0  0  1  6  3  3  0  0  0  0  0  0  0  
0  781  0  0  0  0  0  0  0  0  0  0  0  0  0  0  7  0  59  0  3525  0  521  0  11  3093  0  0  0  0  0  0  1  92  3  2373  0  113220  0  0  6895  0  22312  0  0  0  0  417  0  47300  0  0  0  0  963  30  0  0  10456  56138  631  0  0  0  1  0  904  0  0  0  0  92988  37771  0  0  0  0  0  0  0  0  0  0  0  0  0  0  0  0  0  0  0  0  0  0  0  0  0  0  0  0  0  0  0  0  0  0  0  0  0  0  0  0  0  0  0  0  0  0  0  0  0  0  0  0  0  0  0  0  0  0  0  0  0  0  0  0  0  0  0  0  0  0  0  0  0  0  0  1  0  91  3  0  0  0  0  0  0  0  0  
0  35  0  0  0  0  0  0  0  0  0  0  0  0  0  0  48  0  30  0  13  0  1  0  21  309  0  0  0  0  0  0  3  15558  94  234  148292  0  0  0  773  0  8188  0  0  0  0  2007  0  365  0  0  0  0  77  33  0  0  15312  12897  201  0  0  0  0  0  74  0  0  0  0  99665  219620  3  0  0  0  0  0  0  0  0  0  0  0  0  0  0  0  0  0  0  0  0  0  0  0  0  0  0  0  0  0  0  0  0  0  0  0  0  0  0  0  0  0  0  0  0  0  0  0  0  0  0  0  0  0  0  0  0  0  0  0  0  0  0  0  0  0  0  0  0  0  0  0  0  0  0  1  0  10  0  0  0  0  0  0  0  0  0  
101  0  0  0  0  184  25  3  2  0  0  174  19501  32838  3  1  0  295  0  0  0  0  0  18520  0  0  0  0  1  2  0  0  0  0  0  0  0  0  0  202  0  0  0  0  48  0  26685  0  13605  0  0  7514  30  86  0  0  0  0  0  0  0  39699  0  10888  0  35  2  407  30  49  0  0  0  0  0  0  0  0  0  0  0  0  0  0  0  0  0  0  0  0  0  0  0  0  0  0  0  0  0  0  0  0  0  0  0  0  0  0  0  0  0  0  0  0  0  0  0  0  0  0  0  0  0  0  0  0  0  0  0  0  0  0  0  0  0  0  0  0  0  0  0  0  0  0  0  0  0  0  0  737  0  0  2187  0  0  0  0  0  0  0  
2  0  0  0  0  27  4  0  0  0  0  44472  0  59800  6  0  1  50  0  0  0  0  0  39  0  0  0  3  209  0  0  0  0  0  0  0  0  0  1543  0  2  0  0  0  46  0  188  3  21440  0  0  11115  6  33  0  0  0  0  0  0  0  60  0  121  0  3  47  1680  2  1  0  0  0  0  0  0  0  0  0  0  0  0  0  0  0  0  0  0  0  0  0  0  0  0  0  0  0  0  0  0  0  0  0  0  0  0  0  0  0  0  0  0  0  0  0  0  0  0  0  0  0  0  0  0  0  0  0  0  0  0  0  0  0  0  0  0  0  0  0  0  0  0  0  0  0  0  0  0  0  67  0  0  405  0  0  0  0  0  0  0  
0  13  2  2607  0  1  6  27  47  0  0  79  0  0  0  14  4209  1  1  0  372  1  9  0  1078  72554  40  0  28  7  0  4  19565  6034  399  43090  401  116  0  0  0  3  460  55  8131  152  0  78859  17785  6873  11  15  0  3  10348  8382  4  543  192  1202  7788  0  0  0  926  44  33390  52  2383  0  1050  4423  43505  10843  0  0  0  0  0  0  0  0  0  0  0  0  0  0  0  0  0  0  0  0  0  0  0  0  0  0  0  0  0  0  0  0  0  0  0  0  0  0  0  0  0  0  0  0  0  0  0  0  0  0  0  0  0  0  0  0  0  0  0  0  0  0  0  0  0  0  0  0  0  0  0  0  0  0  40  1750  5222  431  4012  0  0  0  0  0  0  0  
0  42956  0  0  0  0  0  0  0  0  17542  0  0  0  0  0  0  0  11565  18362  19  45045  0  0  6  0  1  0  0  0  0  0  0  0  0  0  0  0  0  0  1  0  0  28716  0  0  0  0  0  0  22278  0  0  0  0  22  37402  18390  195  2  975  0  0  0  408  0  0  0  0  0  0  0  6  0  0  0  0  0  0  0  0  0  0  0  0  0  0  0  0  0  0  0  0  0  0  1  0  0  0  0  0  0  0  0  0  0  0  0  0  0  0  0  0  0  0  0  0  0  0  0  0  0  0  0  0  0  0  0  0  0  0  0  0  0  2  0  0  0  0  0  0  0  0  0  0  0  0  0  0  0  0  0  0  0  0  0  0  0  0  0  
0  0  0  0  0  0  0  0  0  0  0  0  0  0  0  0  4490  22  0  0  0  0  32335  1  2  0  0  0  0  0  0  13  1  22736  34926  2  23795  9157  0  0  47  0  0  0  0  0  0  15646  0  16501  0  0  0  0  3  5  0  0  2  5  30  0  0  1  0  0  0  0  0  0  1  17798  2377  1  0  0  0  0  0  0  0  0  0  0  0  0  0  0  0  0  0  0  0  0  0  0  0  0  0  0  0  0  0  0  0  0  0  0  0  0  0  0  0  0  0  0  0  0  0  0  0  0  0  0  0  0  0  0  0  0  0  0  0  0  0  0  0  0  0  0  0  0  0  0  0  0  0  0  38770  0  1398  780  114  0  0  0  0  0  0  0  
0  352  0  0  0  0  0  0  8646  22811  103326  0  0  0  0  0  0  0  241  15870  215  181158  12389  0  90  1  91  0  0  3911  0  0  2  0  0  0  0  0  0  0  46  27871  0  0  0  0  0  0  11  0  32321  0  0  0  5  3468  2284  45312  1101  4  33364  0  0  0  110117  8939  20  0  0  0  6533  3  172  0  0  0  0  0  0  0  0  0  0  0  406  0  0  0  0  0  0  0  0  0  0  25  0  0  0  0  0  0  0  19  0  0  0  0  0  0  0  0  0  0  0  35  0  30  0  0  0  0  0  0  0  0  0  0  0  0  0  0  0  0  0  0  0  0  4  0  0  0  0  0  0  0  0  0  0  2  2648  9  2  0  0  0  0  4  0  0  
0  0  49204  76275  0  132  366  7807  1387  0  0  2834  1  25  25  4260  215  0  0  0  0  0  0  0  11  6259  567  148446  161713  317  0  0  0  1  0  10  0  0  3  237  4780  0  0  2  0  34856  0  2844  39956  1  0  3681  3  1998  46  411  0  2  0  0  1  9  0  3  13  359  176600  60945  111964  0  1381  0  12  0  0  0  1  0  0  0  0  0  0  0  0  0  0  0  0  0  0  0  0  0  0  0  0  0  0  0  0  0  0  0  0  0  0  0  0  0  0  0  0  0  0  0  0  0  0  0  0  0  0  0  0  0  0  0  0  0  0  0  0  0  0  0  0  0  0  0  0  0  0  0  0  0  0  0  0  8729  0  0  8473  0  0  0  0  0  0  0  
0  0  51156  0  0  3  41  29383  19389  0  0  0  0  0  3  801  17  0  0  0  0  0  0  0  6  0  30241  1724  3341  66017  0  0  0  0  0  0  0  0  0  0  178  0  0  14  35349  0  0  385  38  0  0  60  1  1734  2  2976  0  2  0  0  1  2  0  0  251  482  17547  46  23524  0  23038  0  13  0  0  0  25  0  0  0  0  29  1222  0  0  0  0  0  0  6  0  0  0  0  0  0  0  0  0  0  2  0  0  572  0  0  0  0  0  0  0  0  0  0  0  0  0  0  0  238  0  0  0  0  0  0  0  0  0  0  0  0  0  0  0  0  0  0  0  26  0  0  0  0  375  0  0  0  0  3960  0  0  286  0  0  0  0  0  0  0  
456  0  0  0  0  350  4  0  2  0  0  52  180  154  2  0  6  33292  0  0  0  0  1  46500  0  0  0  0  2  0  57  2727  0  0  1  0  0  0  18878  17  0  0  0  0  22  0  0  3138  11153  0  0  2217  52  35  0  0  0  0  0  0  0  2974  1054  34431  0  71  0  7  11  199  0  0  0  0  0  0  0  0  0  0  0  0  0  0  0  0  0  0  0  0  0  0  0  0  0  0  0  0  0  0  0  0  0  0  0  0  0  0  0  0  0  0  0  0  0  0  0  0  0  0  0  0  0  0  0  0  0  0  0  0  0  0  0  0  0  0  0  0  0  0  0  0  0  0  0  0  0  0  1  3746  0  0  93390  1  0  0  0  0  0  0  
0  0  0  270  0  1  2  26  7  1  0  94  1  4  0  24  36419  4716  0  0  17  0  54  2106  106  287  3  0  35  9  0  2045  45873  49184  41791  545  594  4037  0  3  48261  0  24908  2  4123  147  4165  0  3364  13959  0  16  0  5  359  452  0  2  45  153  107  0  20  3  25  4  11632  10  3477  0  32  11448  91447  11614  0  0  0  0  0  0  0  0  0  0  0  0  0  0  0  0  0  0  0  0  0  0  0  0  0  0  0  0  0  0  0  0  0  0  0  0  0  0  0  0  0  0  0  0  0  0  0  0  0  0  0  0  0  0  0  0  0  0  0  0  0  0  0  0  0  0  0  0  0  0  0  0  0  0  3179  3088  11285  13444  95334  0  0  0  0  0  0  0  
47  0  0  43908  0  631  288  203  155  0  0  43314  4  21695  54  78  24106  51837  0  0  2  0  0  417  472  7342  95  82  867  12  0  0  921  5  1  53  0  0  30437  17486  13958  0  2  42  55888  48  19476  5231  0  8  2  24744  251  877  1356  6152  1  138  2  4  47  3046  2  644  1112  158  30610  55495  551  34  3260  8  165  1  0  0  0  0  0  0  0  0  0  0  0  0  0  0  0  0  0  0  0  0  0  0  0  0  0  0  0  0  0  0  0  0  0  0  0  0  0  0  0  0  0  0  0  0  0  0  0  0  0  0  0  0  0  0  0  0  0  0  0  0  0  0  0  0  0  0  0  0  0  0  0  0  0  0  0  2793  0  7  117009  0  0  0  0  0  0  0  
0  2  0  0  0  0  0  0  0  0  0  0  0  0  0  0  594  0  0  0  20125  0  13305  0  211  2140  0  0  0  0  0  0  39  94  247  1378  61511  48  0  0  4700  0  20655  1  0  0  0  12331  2  0  0  0  0  0  735  347  0  3  100  20813  16840  0  0  0  22  0  587  0  0  0  1  11604  12434  13  0  0  0  0  0  0  0  0  0  0  0  0  0  0  0  0  0  0  0  0  0  0  0  0  0  0  0  0  0  0  0  0  0  0  0  0  0  0  0  0  0  0  0  0  0  0  0  0  0  0  0  0  0  0  0  0  0  0  0  0  0  0  0  0  0  0  0  0  0  0  0  0  0  0  468  0  10690  348  36  0  0  0  0  0  0  0  
0  34772  0  0  0  0  0  0  0  0  2  0  0  0  0  0  0  0  2808  47  16944  65562  0  0  91  0  0  0  0  0  0  0  0  0  1  0  0  0  0  0  3  19419  1  19471  0  0  0  0  1  0  0  0  0  0  0  41  15441  11277  2085  0  30559  0  0  0  121  0  0  0  0  0  0  0  49  0  0  0  0  0  0  0  0  0  0  0  0  0  0  0  0  0  0  0  0  0  0  1  0  0  0  0  0  0  0  0  0  0  0  0  0  0  0  0  0  0  0  0  0  0  0  0  0  0  0  0  0  0  0  0  0  0  0  0  0  0  0  0  0  0  0  0  0  0  0  0  0  0  0  0  0  0  0  0  0  0  0  0  0  0  0  0  
6015  0  1  0  623  15023  2476  293  31  0  0  51236  33  103023  167427  656  8  17  0  0  0  0  0  2262  0  0  1  1  560  2  0  66  0  0  0  0  0  0  5712  5378  3  0  0  0  3018  47  1141  4  5337  0  0  0  55638  63556  0  0  0  0  0  0  0  27639  3  2722  0  2747  15  40918  926  248  0  0  0  0  0  0  0  0  0  0  0  0  0  0  0  0  0  0  0  0  0  0  0  0  0  0  0  0  0  0  0  0  0  0  0  0  0  0  0  0  0  0  0  0  0  0  0  0  0  0  0  0  0  0  0  0  0  0  0  0  0  0  0  0  0  0  0  0  0  0  0  0  0  0  0  0  0  0  0  12040  0  2  30780  0  0  0  0  0  0  0  
13947  0  0  0  20683  30335  95  1  1  0  0  21  5  591  146235  10455  0  3  0  0  0  0  0  2000  0  0  0  0  2  0  0  95  0  0  0  0  0  0  339  20  0  0  0  0  52  0  49  0  116  0  0  72809  0  51352  0  0  0  0  0  0  0  1269  2  380  0  1683  2  301  17  99  0  0  0  0  0  0  0  0  0  0  0  0  0  0  0  0  0  0  0  0  0  0  0  0  0  0  0  0  0  0  0  0  0  0  0  0  0  0  0  0  0  0  0  0  0  0  0  0  0  0  0  0  0  0  0  0  0  0  0  0  0  0  0  0  0  0  0  0  0  1  0  0  0  0  0  0  0  0  0  723  0  0  1461  0  0  0  0  0  0  0  
934  0  802  1  196  35590  22709  6992  478  0  0  57  3  1111  114947  218349  14  3  0  0  0  0  0  184  0  0  4  1  730  20  0  6  0  0  0  0  0  0  500  37  37  0  0  0  10532  3492  52  82  577  0  0  84021  41662  0  1  1  0  0  0  0  0  849  0  127  0  2692  178  24613  39008  7  5  0  0  0  0  0  0  0  0  0  0  0  0  0  0  0  0  0  0  0  0  0  0  0  0  0  0  0  0  0  0  0  0  0  0  0  0  0  0  0  0  0  0  0  0  0  0  0  0  0  0  0  0  0  0  0  0  0  0  0  0  0  0  0  0  0  0  0  0  1  0  0  0  0  0  0  0  0  0  17469  0  0  5802  0  0  0  0  0  0  0  
0  0  0  170  0  0  0  0  73  0  0  10  0  0  0  0  8  0  0  0  126  0  0  0  44915  47987  18  1  0  4  0  0  17  41  34  946  72  6  0  0  17093  0  24  5  68  0  0  1955  2690  1600  0  5  0  0  0  35618  0  3  10  403  3507  0  0  0  62  12  23634  4  0  0  635  367  25650  6  0  0  0  0  0  0  0  0  0  0  0  0  0  0  0  0  0  0  0  0  0  0  0  0  0  0  0  0  0  0  0  0  0  0  0  0  0  0  0  0  0  0  0  0  0  0  0  0  0  0  0  0  0  0  0  0  0  0  0  0  0  0  0  0  0  0  0  0  0  0  0  0  0  0  5  14  159  28  64  0  0  0  0  0  0  0  
0  47  0  6  0  1  1  154  3064  0  3  2  0  0  0  7  25  0  788  15942  367  1  3  0  124766  15444  196522  0  58  13895  0  0  178  25  52  345  2  15  0  0  21477  66  55  2972  1744  1894  0  424  1213  155  109  6  0  4  24469  0  48  35074  2716  2481  2622  0  0  0  48990  358  83403  11  645  0  41676  962  22360  54  0  0  0  0  0  0  0  0  0  0  0  0  0  0  0  0  0  0  0  0  0  0  0  0  0  0  0  0  0  0  0  0  0  0  0  0  0  0  0  0  0  0  0  0  0  0  0  0  0  0  0  0  0  0  0  0  0  0  0  0  0  0  0  0  0  0  0  0  0  0  0  0  0  0  0  824  52  2  108  0  0  0  0  0  0  0  
0  14317  0  0  0  0  0  0  0  0  0  0  0  0  0  0  0  0  93831  73  244  375  0  0  9  0  0  0  0  0  0  0  0  0  0  0  0  0  0  0  0  53664  0  712  0  0  0  0  0  0  15602  0  0  0  0  11  0  20730  2140  0  979  0  0  0  42  0  0  0  0  0  0  3  39  0  0  0  0  0  0  0  0  0  0  0  0  0  0  0  0  0  0  0  0  0  0  0  0  0  0  0  0  0  0  0  0  0  0  0  0  0  0  0  0  0  0  0  0  0  0  0  0  0  0  0  0  0  0  0  0  0  0  0  0  0  0  0  0  0  0  0  0  0  0  0  0  0  0  0  0  0  0  0  0  0  0  0  0  0  0  0  
0  6513  0  0  0  0  0  0  0  0  867  0  0  0  0  0  0  0  78858  94582  3079  1436  0  0  31131  0  1421  0  0  0  0  0  7  0  0  0  0  0  0  0  330  22228  1  39228  0  0  0  9  4  1  14387  0  0  0  0  42366  15276  0  7645  1224  5822  0  0  0  13419  0  2  0  0  0  16  46  19053  0  0  0  0  0  0  0  0  0  0  0  0  0  0  0  0  0  0  0  0  0  0  0  0  0  0  0  0  0  0  0  0  0  0  0  0  0  0  0  0  0  0  0  0  0  0  0  0  0  0  0  0  0  0  0  0  0  0  0  0  0  0  0  0  0  0  0  0  0  0  0  0  0  0  0  0  0  1  0  0  0  0  0  0  0  0  0  
0  36312  0  0  0  0  0  0  0  0  0  0  0  0  0  0  0  0  38484  1  17675  145  0  0  973  2  0  0  0  0  0  0  2  3  1  1  8812  19763  0  0  1124  276  2  142  0  0  0  6  0  4  4226  0  0  0  2  823  3563  22999  0  9215  22815  0  0  0  252  0  0  0  0  0  0  37782  41909  2  0  0  0  0  0  0  0  0  0  0  0  0  0  0  0  0  0  0  0  0  0  0  0  0  0  0  0  0  0  0  0  0  0  0  0  0  0  0  0  0  0  0  0  0  0  0  0  0  0  0  0  0  0  0  0  0  0  0  0  0  0  0  0  0  0  0  0  0  0  0  0  0  0  0  0  0  0  0  0  0  0  0  0  0  0  0  
0  10182  0  0  0  0  0  0  0  0  0  0  0  0  0  0  1  0  141  0  63880  0  4  0  743  1605  0  0  0  0  0  0  10  41  1  803  67612  3172  0  0  2251  27  6  3  0  0  0  13  0  11868  69  0  0  0  314  892  39  694  13767  0  19087  0  0  0  84  0  145  0  0  0  4  19111  40779  1  0  0  0  0  0  0  0  0  0  0  0  0  0  0  0  0  0  0  0  0  0  0  0  0  0  0  0  0  0  0  0  0  0  0  0  0  0  0  0  0  0  0  0  0  0  0  0  0  0  0  0  0  0  0  0  0  0  0  0  0  0  0  0  0  0  0  0  0  0  0  0  0  0  0  0  0  1  0  0  0  0  0  0  0  0  0  
0  8377  0  0  0  0  0  0  0  2  1  0  0  0  0  0  3  0  1148  2  120613  92545  45955  0  1919  90  1  0  0  0  0  0  8  10  10  62  159  74  0  0  5277  478  62  36300  0  0  0  103  6  25542  35610  0  0  0  191  1733  841  8749  32893  13105  0  0  0  0  376  1  32  0  0  0  8  3161  19949  4  0  0  0  0  0  0  0  0  0  0  0  0  0  0  0  0  0  0  0  0  3  24  0  0  0  0  0  0  0  0  0  0  0  0  0  0  0  0  0  0  0  0  0  0  0  0  0  0  0  0  0  0  0  0  0  0  0  0  0  0  0  0  0  0  0  0  0  0  0  0  0  0  0  0  0  1  26826  11  2  0  0  0  1  5  0  0  
13550  0  0  0  7  1622  74  1  3  0  0  0  3584  24111  14421  2  0  1  0  0  0  0  0  28007  0  0  0  0  4  0  0  20  0  0  0  0  0  0  26711  2  0  0  0  0  47  0  387  0  104  0  0  29136  180  260  0  0  0  0  0  0  0  0  1  10038  0  348  2  29  28  168  0  0  0  0  0  0  0  0  0  0  0  0  0  0  0  0  0  0  0  0  0  0  0  0  0  0  0  0  0  0  0  0  0  0  0  0  0  0  0  0  0  0  0  0  0  0  0  0  0  0  0  0  0  0  0  0  0  0  0  0  0  0  0  0  0  0  0  0  0  1  0  0  0  0  0  0  0  0  0  1096  0  0  629  0  0  0  0  0  0  0  
11  0  0  0  0  11  0  0  0  0  0  7  0  0  0  0  209  1172  0  0  0  0  19  110268  0  0  0  0  0  0  81014  32633  0  0  17  0  0  0  0  0  0  0  0  0  0  0  2271  159  0  0  0  1  2  1  0  0  0  0  0  0  0  1  0  26154  0  20  0  0  0  36772  0  0  0  0  0  0  0  0  0  0  0  0  0  0  0  0  0  0  0  0  0  0  0  0  0  0  0  0  0  0  0  0  0  0  27  49  0  0  0  0  0  0  0  0  0  0  0  0  0  0  0  0  0  0  0  0  0  0  0  0  0  0  0  0  0  0  0  0  0  1  0  0  0  0  0  0  0  0  47  5264  21  355  51304  3063  0  0  0  6  0  5  
1757  0  0  0  14  2124  9  0  1  0  0  4  104  452  22  26  0  3  0  0  0  0  0  144613  0  0  0  0  0  1  154  83  0  0  1  0  0  0  2327  2  0  0  3  0  10  0  13740  0  168  0  0  1529  178  38  0  0  0  0  0  0  0  20543  26869  0  0  814  0  1  11  6552  0  0  0  0  0  0  0  0  0  0  0  0  0  0  0  0  0  0  0  0  0  0  0  0  0  0  0  0  0  0  0  0  0  0  0  0  0  0  0  0  0  0  0  0  0  0  0  0  0  0  0  0  0  0  0  0  0  0  0  0  0  0  0  0  0  0  0  0  0  0  0  0  0  0  0  0  0  0  0  24739  0  0  7132  5  0  0  0  0  0  0  
0  18  0  0  0  0  0  3  4935  6305  43595  0  0  0  0  0  1  0  3  28621  25  259  1  0  1012  6  65231  0  1  62704  0  0  6  1  0  0  0  0  0  0  1788  652  0  132766  9  5  0  24  151  0  221  0  0  0  26  98312  111  15951  73  49  258  0  0  0  0  2159  91  0  5  0  17568  22  350  2  0  0  0  0  0  0  0  0  0  0  42  0  0  0  0  0  0  0  0  0  0  2  0  0  0  0  0  0  0  180  0  0  0  0  0  0  0  0  0  0  0  0  0  0  0  0  0  0  0  0  0  0  0  0  0  0  0  0  0  0  0  0  0  0  8  0  0  0  0  0  1  0  0  0  0  8  4  2  4  0  0  0  0  0  0  0  
196  0  6  0  2  66251  48396  61620  78598  78364  0  2  1  29  8  122  0  0  0  0  0  1  14  305  2  0  14  0  0  240  191  26963  0  0  0  0  0  0  8  1  17  0  1  4514  320  137  4  49  20  0  0  1376  154  527  1  367  0  0  0  0  0  147  8  346  1223  0  304  88  63  1178  7554  0  5  0  0  0  0  0  0  1000  1602  2831  519  3  0  0  0  0  0  30  0  0  0  0  0  3  0  5  0  0  0  0  1  23  32  1686  0  0  0  0  0  0  0  0  0  0  0  0  1  21  0  0  0  0  0  2  0  1  0  0  0  0  0  0  0  0  2  5  0  29110  0  5  0  27  36  0  0  0  0  1170  98  9806  1771  2  0  33  0  710  0  3  
0  0  13141  20890  0  2  2  188  1660  0  0  2920  0  4  0  22  26  0  0  0  5  0  0  1  696  102199  55410  129013  59  2646  0  0  1  2  0  20929  2  0  0  162  24246  0  1  6  133829  18489  0  3451  27537  118  0  61  0  25  11734  75366  0  20  2  34  76  0  0  0  136  128  0  1770  987  0  6448  14  243  1  0  0  0  0  0  0  0  0  0  0  0  0  0  0  0  0  0  0  0  0  0  0  0  0  0  0  0  0  0  0  0  0  0  0  0  0  0  0  0  0  0  0  0  0  0  0  0  0  0  0  0  0  0  0  0  0  0  0  0  0  0  0  0  0  0  0  0  0  0  0  0  0  0  0  0  5825  3  14  7526  0  0  0  0  0  0  0  
2  0  0  30177  0  804  435  1313  171  0  0  52465  6  1454  29289  454  55  0  0  0  0  0  0  14  4  31  2  104  90428  8  0  0  1  1  0  0  0  0  1052  3693  478  0  0  0  89942  342  26  143  37808  0  0  53955  71  20147  8  25  0  0  0  0  0  378  0  17  1  145  4510  0  19478  0  16  0  2  0  0  0  0  0  0  0  0  0  0  0  0  0  0  0  0  0  0  0  0  0  0  0  0  0  0  0  0  0  0  0  0  0  0  0  0  0  0  0  0  0  0  0  0  0  0  0  0  0  0  0  0  0  0  0  0  0  0  0  0  0  0  0  0  0  0  0  0  0  0  0  0  0  0  0  0  2610  0  0  22169  0  0  0  0  0  0  0  
0  0  1672  1  0  75  734  11712  450  0  0  1  0  0  21967  43718  139  0  0  0  0  0  0  1  0  5  153  5  81045  269  0  0  0  0  0  0  0  0  2  1  442  0  0  0  101398  20494  1  1394  128  0  0  822  5  45243  0  59  0  0  0  0  0  9  0  2  1  744  453  13880  0  1  63  0  0  0  0  0  0  0  0  0  0  0  0  0  0  0  0  0  0  0  0  0  0  0  0  0  0  0  0  0  0  0  0  0  0  0  0  0  0  0  0  0  0  0  0  0  0  0  0  0  0  0  0  0  0  0  0  0  0  0  0  0  0  0  0  0  0  0  0  0  0  0  0  0  0  0  0  0  0  4094  0  0  1100  0  0  0  0  0  0  0  
26072  0  0  0  4548  60356  0  0  0  0  0  0  0  0  2  13012  0  5  0  0  0  0  0  53778  0  0  0  0  1  0  52426  28192  0  0  0  0  0  0  3  0  0  0  0  0  1  0  24  0  7  0  0  119  11  5  0  0  0  0  0  0  0  107  28230  6920  0  1750  0  0  2  0  0  0  0  0  55  0  0  0  16  16  0  0  0  0  0  0  0  0  0  8  0  0  0  0  0  0  0  13  0  0  0  0  0  0  122  211  0  0  0  0  0  0  0  0  0  0  0  0  0  0  0  0  0  0  0  0  0  0  0  0  0  0  0  0  0  0  6  0  0  15  0  0  0  87  0  0  0  0  82  10754  0  795  6056  1279  2  110  8  17  2  201  
0  1  0  1  0  0  1  83  54491  80  2  0  0  0  0  3  0  0  0  0  2  0  0  0  154  28  55318  0  37  113260  0  0  4  0  1  1  0  0  0  0  3692  1  3  2455  1579  23134  0  27  663  3  0  5  1  1  169  38552  0  12  2  8  31  0  0  0  14782  4607  16337  6  398  0  0  13  685  0  0  0  1  0  0  0  0  4  1671  0  0  0  0  0  0  0  0  0  0  0  0  1  0  0  0  0  0  0  0  1105  0  0  0  0  0  0  0  0  0  0  0  0  0  0  0  66  0  0  0  0  0  0  0  0  0  0  0  0  0  0  0  0  0  0  0  166  0  0  0  0  1018  0  0  0  0  385  4  1  16  0  0  0  0  2  0  0  
0  370  0  0  0  0  0  0  1  0  0  0  0  0  0  0  2185  13  1242  0  433  0  76  0  504  2169  1  0  0  0  0  1  8  248  2479  1599  102722  112731  0  0  7947  0  19679  0  0  0  0  9622  2  8330  0  0  0  0  658  947  0  6  43089  18590  3255  0  0  0  46  1  602  0  0  0  7  0  63076  15  0  0  0  0  0  0  0  0  0  0  0  0  0  0  0  0  0  0  0  0  0  0  0  0  0  0  0  0  0  0  0  0  0  0  0  0  0  0  0  0  0  0  0  0  0  0  0  0  0  0  0  0  0  0  0  0  0  0  0  0  0  0  0  0  0  0  0  0  0  0  0  0  0  0  69  0  384  22  16  0  0  0  0  0  0  0  
0  356  0  2  0  0  0  1  32  0  0  0  0  0  0  0  422  2  43303  1  4403  4  19  0  116629  11127  58  0  0  2  0  0  17682  157255  1884  19011  35010  225516  0  0  78016  201  2437  85  3  1  0  96900  140  15472  570  0  0  0  22778  30875  478  20391  41361  42367  24676  0  0  0  850  30  1107  0  0  0  1427  71727  0  14451  0  0  0  0  0  0  0  0  0  0  0  0  0  0  0  0  0  0  0  0  0  0  0  0  0  0  0  0  0  0  0  0  0  0  0  0  0  0  0  0  0  0  0  0  0  0  0  0  0  0  0  0  0  0  0  0  0  0  0  0  0  0  0  0  0  0  0  0  0  0  0  0  0  0  3  13  342  11  39  0  0  0  0  0  0  0  
0  0  0  70  0  0  0  0  0  0  0  1  0  0  0  0  1  0  0  0  1  0  0  0  7  1782  0  0  0  0  0  0  47946  19599  1  15824  0  3  0  0  10471  0  12  0  0  0  0  9717  1  27  0  0  0  0  1  33  0  0  8  16  4  0  0  0  0  0  0  0  0  0  1  25  15405  0  0  0  0  0  0  0  0  0  0  0  0  0  0  0  0  0  0  0  0  0  0  0  0  0  0  0  0  0  0  0  0  0  0  0  0  0  0  0  0  0  0  0  0  0  0  0  0  0  0  0  0  0  0  0  0  0  0  0  0  0  0  0  0  0  0  0  0  0  0  0  0  0  0  0  0  0  15  0  0  0  0  0  0  0  0  0  
0  0  0  0  0  12  0  0  0  0  0  0  0  0  0  8  0  0  0  0  0  0  0  1  0  0  0  0  0  0  136  0  0  0  0  0  0  0  0  0  0  0  0  0  0  0  0  0  0  0  0  0  0  0  0  0  0  0  0  0  0  0  0  0  0  7  0  0  0  16  0  0  0  0  0  0  0  0  58535  33394  101  0  0  0  0  0  1  3  14149  565  0  0  0  0  0  0  0  108430  0  0  0  0  1  0  6502  7  0  0  0  0  0  0  2  2  0  0  0  0  2  0  136  0  20  0  0  1103  22370  1074  0  0  0  0  0  0  0  9779  143  6142  0  5273  0  4  0  33903  0  0  0  0  0  0  0  0  0  0  0  511  0  0  501  0  
0  0  0  0  0  0  0  0  0  0  0  0  0  0  0  0  0  0  0  0  0  0  0  0  0  0  0  0  0  0  0  0  0  0  0  0  0  0  0  0  0  0  0  0  0  0  0  0  0  0  0  0  0  0  0  0  0  0  0  0  0  0  0  0  0  0  0  0  0  0  0  0  0  0  0  0  0  0  0  0  0  0  0  0  78  0  0  0  0  0  0  0  68114  19  96274  612  0  0  38  2  1  0  0  0  0  0  0  0  0  0  16715  9014  0  0  12  28379  5  1674  0  0  0  2  0  10  27936  0  0  0  13  7  9553  513  28258  38069  13872  0  0  0  280  0  0  0  0  0  0  6491  13099  0  0  0  0  1  0  0  0  0  0  3  0  0  
0  0  1599  0  0  0  4  47  2  0  0  0  0  0  0  170  0  0  0  0  0  0  0  0  0  0  0  0  1  36  0  0  0  0  0  0  0  0  0  0  0  0  0  0  1  16  0  0  0  0  0  0  0  0  0  0  0  0  0  0  0  0  0  0  0  1  0  0  0  0  0  0  0  0  0  0  0  0  0  12  309  2866  7  0  0  0  0  0  0  63269  0  0  0  0  0  0  0  0  0  0  16483  26022  32422  14080  0  0  0  0  0  0  0  0  0  0  0  0  0  0  58923  46941  0  0  0  0  0  14  1  114  0  0  0  0  0  0  0  0  0  0  0  1  9165  1  5206  0  16  0  0  0  0  0  0  0  0  0  0  12  0  0  2  0  
0  0  0  0  0  0  0  0  0  0  0  0  0  0  0  0  0  0  0  0  0  0  0  0  0  0  0  0  0  0  0  0  0  0  0  0  0  0  0  0  0  0  0  0  0  0  0  0  0  0  0  0  0  0  0  0  0  0  0  0  0  0  0  0  0  0  0  0  0  0  0  0  0  0  0  0  0  0  0  0  0  0  2  0  0  44336  1  44  0  0  8  2  0  1  0  0  0  0  5  58843  5  27325  24415  3  0  0  1558  111  21  275  0  0  3  106  23992  0  0  0  46664  33  1  268  29353  0  0  0  0  0  860  648  0  0  0  0  0  0  0  0  10  10  17854  22544  2  0  175  0  3  331  0  0  0  0  0  0  71  23  0  19  464  0  
0  0  0  0  1  3  0  0  0  0  0  0  0  0  0  17  0  0  0  0  0  0  0  0  0  0  0  0  0  0  6  0  0  0  0  0  0  0  0  0  0  0  0  0  0  0  0  0  0  0  0  0  0  0  0  0  0  0  0  0  0  0  0  0  0  1  0  0  0  0  0  0  0  0  41905  0  0  0  0  39640  34  0  0  0  0  0  0  0  2448  61135  0  0  0  0  0  0  0  2120  0  0  0  0  0  0  34  1  0  0  0  0  0  0  0  0  0  0  0  0  0  0  4  0  0  0  0  433  63850  4498  0  0  0  0  0  0  0  320  2  1381  0  753  0  6  0  30777  0  0  0  0  0  0  0  0  0  0  0  64  0  0  39  0  
1  0  0  0  0  826  157  1  0  0  0  0  0  0  0  262  0  0  0  0  0  0  0  1  0  0  0  0  0  0  276  131  0  0  0  0  0  0  0  0  0  0  0  0  0  0  0  0  0  0  0  0  0  0  0  0  0  0  0  0  0  0  2  1  0  3001  0  0  0  46  0  0  0  0  29603  0  0  0  65750  0  31908  41  0  0  0  1  4  23  1613  144040  0  0  0  0  0  0  0  18920  0  0  0  0  98  0  9157  17544  0  0  0  0  0  0  5  3  0  0  0  0  78  1  436  0  21  0  0  8034  44941  49522  0  0  0  0  0  0  0  8309  4976  15321  0  78202  1  145  81  66100  0  0  0  0  0  2  0  0  0  0  1  2112  0  0  1895  1  
0  0  5  0  0  342  3416  381  2  0  0  0  0  0  0  1359  0  0  0  0  0  0  0  0  0  0  0  0  0  0  0  0  0  0  0  0  0  0  1  0  0  0  0  0  1  0  0  0  0  0  0  19  0  8  0  0  0  0  0  0  0  1  0  0  0  2062  0  3  1  1  0  0  0  0  42  0  26  0  2  51931  0  55127  13  0  0  0  0  2  306  131310  0  0  0  0  0  0  0  31  0  0  10  0  625  18  0  0  0  0  0  0  0  0  1  0  2  0  0  0  1729  94  19  0  64  0  0  2525  428  20394  2  1  0  0  0  0  0  83  0  29  0  45910  179  444  3523  0  1  0  0  0  0  32  0  0  4  0  27  3184  0  0  1532  16  
0  0  166  0  0  2  709  3535  200  0  0  1  0  0  0  984  0  0  0  0  0  0  0  0  0  0  0  0  0  8  0  0  0  0  0  0  0  0  0  0  0  0  0  0  9  41  0  0  0  0  0  4  0  5  0  0  0  0  0  0  0  0  0  0  0  4089  0  0  0  0  4  0  0  0  0  0  1386  0  0  475  59680  0  30102  0  0  2  0  0  0  123270  0  0  0  0  0  0  0  0  0  0  80  2  1745  642  0  1  0  0  0  0  0  0  0  3  2  0  0  0  6510  46344  0  1  69  0  0  493  7  16640  0  23  0  0  0  0  0  0  0  0  1  44576  950  678  41421  0  110  0  0  0  0  13  0  0  4  0  39  1908  0  0  521  0  
0  0  31  0  0  0  0  148  8822  524  0  0  0  0  0  2  0  0  0  0  0  0  1  0  0  0  0  0  0  1106  0  0  0  0  0  0  0  0  0  0  0  0  0  0  2  994  0  0  0  0  0  0  0  0  0  0  0  0  0  0  0  0  0  0  0  565  0  0  0  0  759  0  0  0  0  0  17  0  0  1  1  12513  0  16848  1  0  0  0  0  14  0  0  0  0  0  47  0  0  0  0  51  0  35  13779  0  0  0  0  0  0  0  0  0  0  1  0  0  5313  114  20357  0  5  0  0  0  4  0  0  1  199  0  0  0  0  0  0  0  0  838  70900  13  16  202  0  48809  0  0  0  0  0  1  7  2  0  0  135  0  85  4  0  
0  0  0  0  0  0  0  0  10  152  0  0  0  0  0  0  0  0  0  0  0  0  0  0  0  0  0  0  0  0  0  0  0  0  0  0  0  0  0  0  0  0  0  0  0  1  0  0  0  0  0  0  0  0  0  0  0  0  0  0  0  0  0  0  0  22  0  0  0  0  0  0  0  0  0  0  0  0  0  0  0  0  22954  0  0  0  0  0  0  0  1  0  0  0  0  670  2792  0  0  0  6  0  0  13701  0  0  0  0  0  0  0  0  0  0  2  0  0  29325  1  1  0  64  0  0  0  0  0  0  4  48  0  0  0  0  0  0  0  0  45  26517  14  0  0  0  2429  0  0  0  0  0  0  17  2  0  12  3  281  993  6  0  
0  0  0  0  0  0  0  0  0  0  1279  0  0  0  0  0  0  0  0  0  0  214  0  0  0  0  56  0  0  287  0  0  0  0  0  0  0  0  0  0  0  0  0  210  0  0  0  0  0  0  0  0  0  0  0  0  0  0  0  0  0  0  0  0  179  0  0  0  0  0  0  0  0  0  0  4  0  0  0  0  0  0  0  1  0  0  0  0  0  0  0  0  0  94860  0  2103  0  0  0  0  1344  0  0  4283  0  0  0  0  0  0  0  0  0  0  0  42554  0  79227  0  0  0  0  0  0  17  0  0  0  0  0  763  3660  3  0  1  0  0  0  84449  0  0  0  0  0  1  0  0  0  0  0  0  0  0  0  0  0  0  0  0  0  
0  0  0  0  0  0  0  0  0  0  0  0  0  0  0  0  0  0  0  0  0  0  0  0  0  0  0  0  0  0  0  0  0  0  0  0  0  0  0  0  0  0  0  0  0  0  0  0  0  0  0  0  0  0  0  0  0  0  0  0  0  0  0  0  0  0  0  0  0  0  0  0  0  0  0  0  0  49490  0  3  0  25  0  0  0  0  87  14160  36  1  243  444  0  0  0  0  0  8  0  226  1  1  5446  1  0  0  70  112  69  1  0  0  723  18662  385  0  0  0  7183  53  48  40  52778  0  0  17391  1  1  1  4  0  0  0  0  0  6  0  4  0  1  409  49914  111  0  1  0  0  4  0  0  0  0  0  0  9  180  0  0  1160  1  
0  0  0  0  0  0  0  0  0  0  0  0  0  0  0  0  0  0  0  0  0  0  0  0  0  0  0  0  0  0  0  0  0  0  0  0  0  0  0  0  0  0  0  0  0  0  0  0  0  0  0  0  0  0  0  0  0  0  0  0  0  0  0  0  0  0  0  0  0  0  0  0  0  0  20  0  0  0  1  39  3  1  0  0  0  42  0  33085  61  0  0  50  0  0  0  0  0  32151  0  0  0  0  0  0  0  0  0  8  0  0  0  0  13602  171  0  0  1  0  0  0  27401  0  525  0  0  7262  22  0  0  0  0  0  0  0  0  31504  1  601  0  4  0  171  0  0  0  0  0  0  0  0  0  0  0  0  0  24  0  0  160  0  
0  0  0  0  0  0  0  0  0  0  0  0  0  0  0  0  0  0  0  0  0  0  0  0  0  0  0  0  0  0  0  0  0  0  0  0  0  0  0  0  0  0  0  0  0  0  0  0  0  0  0  0  0  0  0  0  0  0  0  0  0  0  0  0  0  0  0  0  0  0  0  0  0  0  114  0  0  30  2  213  13  1  0  0  0  16056  30443  0  1139  0  1  38  0  0  0  0  0  912  0  0  0  0  39  0  0  0  0  1  0  0  0  0  30928  23111  0  0  0  0  0  0  3032  0  12275  0  0  62687  94  8  0  0  0  0  0  0  0  2791  0  332  0  35  0  88  0  0  0  0  0  0  0  0  0  0  0  0  0  156  0  0  4209  0  
0  0  0  0  0  0  0  0  0  0  0  0  0  0  0  0  0  0  0  0  0  0  0  0  0  0  0  0  0  0  0  0  0  0  0  0  0  0  0  0  0  0  0  0  0  0  0  0  0  0  0  0  0  0  0  0  0  0  0  0  0  0  0  0  0  0  0  0  0  0  0  0  0  0  21998  0  0  0  547  3880  1167  20  0  0  0  4  72  864  0  712  0  0  0  0  0  0  0  11404  0  0  0  0  6599  0  0  0  0  0  0  0  0  0  1  2  0  0  0  0  811  1  29  0  9  0  0  189204  178164  81615  0  0  0  0  0  0  0  30948  0  326  0  551  2  51514  13129  0  0  0  0  0  0  0  0  0  0  0  1  2686  0  0  747  0  
0  0  1001  0  0  812  321  217  0  0  0  0  0  0  0  5793  0  0  0  0  0  0  0  0  0  0  0  0  0  0  45  0  0  0  0  0  0  0  0  0  0  0  0  0  0  7  0  0  0  0  0  0  0  0  0  0  0  0  0  0  0  0  0  0  0  66  0  0  0  66  0  0  0  0  477  0  62752  0  92977  163595  115189  123579  16  0  0  0  0  0  1366  0  0  0  0  0  0  0  0  648  0  0  18  1  11364  518  8  0  0  0  0  0  0  0  0  0  0  0  0  0  4153  18888  8  0  11  0  0  332  12843  258566  0  0  0  0  0  0  0  13  0  677  0  490  485  76  57545  16187  1  0  0  0  0  0  0  0  0  0  5  446  0  0  178  2  
0  0  0  0  0  0  0  0  0  0  0  0  0  0  0  0  0  0  0  0  0  0  0  0  0  0  0  0  0  0  0  0  0  0  0  0  0  0  0  0  0  0  0  0  0  0  0  0  0  0  0  0  0  0  0  0  0  0  0  0  0  0  0  0  0  0  0  0  0  0  0  0  0  0  0  0  0  40  0  0  0  5  0  0  0  408  1  3  0  1  0  73814  0  0  0  0  16113  568  0  1  0  0  10  0  0  4  35  123  20546  0  0  0  0  0  14139  0  5453  0  622  5  23  53510  19880  31  0  0  0  0  8  1  0  0  0  0  0  0  9  0  1  2  198  6  81  0  1  0  1  1  0  0  0  0  0  0  12031  68  31  51  66061  28  
0  0  0  0  0  0  0  0  0  0  0  0  0  0  0  0  0  0  0  0  0  0  0  0  0  0  0  0  0  0  0  0  0  0  0  0  0  0  0  0  0  0  0  0  0  0  0  0  0  0  0  0  0  0  0  0  0  0  0  0  0  0  0  0  0  0  0  0  0  0  0  0  0  0  8  0  0  20  0  25  2  2  0  1  0  963  250  136  10  0  55758  0  0  0  0  0  20583  19167  0  0  0  1  5  0  0  5  4  55  8151  0  0  0  30  5  374  0  872  0  43  4  27765  3923  71980  5  0  123  7  2  4  3  0  0  0  0  0  50  121  14  0  4  51  60  22  0  1  0  0  0  0  0  0  0  0  0  2895  62  2  23  100281  720  
0  0  0  0  0  0  0  0  0  0  0  0  0  0  0  0  0  0  0  0  0  0  0  0  0  0  0  0  0  0  0  0  0  0  0  0  0  0  0  0  0  0  0  0  0  0  0  0  0  0  0  0  0  0  0  0  0  0  0  0  0  0  0  0  0  0  0  0  0  0  0  0  0  0  0  73667  0  0  0  0  0  0  0  0  30  0  0  0  0  0  0  0  0  494  3090  420  0  0  21395  0  5  0  0  0  0  0  0  0  0  0  73  105  0  0  7  8118  2  486  0  1  0  0  0  1  2757  0  0  0  5  3013  45688  68097  38360  0  1845  0  0  0  467  0  0  0  0  0  0  343  46473  0  0  0  0  0  0  0  0  0  0  0  0  0  
0  0  0  0  0  0  0  0  0  0  15  0  0  0  0  0  0  0  0  0  0  0  0  0  0  0  1  0  0  0  0  0  0  0  0  0  0  0  0  0  0  0  0  1  0  0  0  0  0  0  0  0  0  0  0  0  0  0  0  0  0  0  0  0  0  0  0  0  0  0  0  0  0  0  0  14  0  0  0  0  0  0  0  0  83669  0  0  0  0  0  0  0  510  0  1  235  0  0  172  0  28038  0  0  448  0  0  0  0  0  0  0  0  0  0  0  33746  0  12625  0  0  0  0  0  0  332  0  0  0  0  6850  34201  102569  2  0  13  0  0  0  31439  0  0  0  0  0  0  0  2  0  0  0  0  0  0  0  0  0  0  0  0  0  
0  3  0  0  0  0  0  0  0  0  0  0  0  0  0  0  0  0  0  0  0  41  2  0  0  0  0  0  0  0  0  0  0  0  0  0  0  0  0  0  0  1  0  0  0  0  0  0  0  0  0  0  0  0  0  0  0  0  0  0  2  0  0  0  0  0  0  0  0  0  0  0  0  0  0  97938  0  0  0  0  0  0  0  0  49  0  0  0  0  0  0  0  4699  6  0  10787  87  0  52  1  0  0  0  0  0  0  0  0  0  0  414  106  0  0  13  12938  1  1764  0  0  0  0  0  16417  47104  0  0  0  8  9  2349  179  12857  40374  118091  0  0  0  443  0  0  0  0  0  0  7  3448  0  0  0  4  36  0  0  0  0  25  383  0  0  
0  0  0  0  0  0  0  0  2  16  14  0  0  0  0  0  0  0  0  0  1  3256  3  0  0  0  0  0  0  15  0  0  0  0  0  0  0  0  0  0  0  0  0  15  0  0  0  0  0  0  0  0  0  0  0  0  0  0  0  0  33  0  0  0  0  1  0  0  0  0  0  0  0  0  0  426  0  0  0  0  0  0  15  1283  4363  0  0  0  0  0  0  0  87  134  6565  0  18782  0  35  0  3  0  0  2589  0  0  0  0  0  0  0  0  0  0  15  41826  5  210106  0  0  0  186  0  2  39587  0  0  0  4  4  1068  3502  914  0  101564  0  0  0  11821  19  1  0  0  0  39  0  434  0  0  0  1  17  0  0  3  0  12571  1206  0  0  
0  0  0  0  0  0  0  0  0  0  0  0  0  0  0  0  0  0  0  0  0  1  0  0  0  0  0  0  0  0  0  1  0  0  0  0  0  0  0  0  0  0  0  0  0  0  0  0  0  0  0  0  0  0  0  0  0  0  0  0  0  0  0  0  0  0  0  0  0  1  0  0  0  0  0  0  0  0  0  0  0  0  1  2916  0  0  0  0  0  0  27423  34338  0  0  216  16986  0  14872  0  0  2  0  1  1  0  9  0  9  19707  0  2150  0  0  0  27  0  39693  8898  7  1  1  3106  1  19264  0  0  0  0  4  24  0  0  1  0  47963  0  10388  0  2  8  5  0  0  0  90  17  18  2  0  0  0  17  0  1  42957  170  129907  1481  13414  3650  
0  0  0  0  0  9  0  0  0  0  0  0  0  0  0  3  0  0  0  0  0  0  0  0  0  0  0  0  0  0  29  19  0  0  0  0  0  0  0  0  0  0  0  0  0  0  0  0  0  0  0  0  0  0  0  0  0  0  0  0  0  0  3  0  0  5  0  0  0  7  0  0  0  0  82959  0  0  0  1786  16510  5  0  0  0  0  1  35374  79  9405  12  584  21911  0  0  0  0  10591  0  0  0  0  0  1  0  11194  3150  0  11  21  0  0  0  5  1  0  0  15  0  0  0  48119  35  16  0  0  575  2760  11  0  0  0  0  0  0  0  27563  95910  134911  0  1095  0  0  0  6872  0  0  0  0  0  0  0  2  1  0  25  3418  15  27  44789  21  
0  0  0  0  0  0  0  0  0  0  0  0  0  0  0  0  0  0  0  0  0  0  0  0  0  0  0  0  0  0  0  0  0  0  0  0  0  0  0  0  0  0  0  0  0  0  0  0  0  0  0  0  0  0  0  0  0  0  0  0  0  0  0  0  0  0  0  0  0  0  0  0  0  0  0  87  0  6  0  0  0  0  0  0  6  0  0  0  0  0  0  0  19413  121  75  421  0  0  0  25730  354  0  0  73  0  0  0  18559  2  17156  5  1340  0  0  3034  41  303  199  1  157  0  28  3  45  226  0  0  0  68133  91988  151  6114  492  3  1429  0  0  0  4648  2  214  0  0  0  97  133  166364  1  0  0  0  0  0  0  0  2  7  1  2  0  
0  0  0  0  0  0  0  0  0  0  0  0  0  0  0  0  0  0  0  0  0  0  0  0  0  0  0  0  0  0  0  0  0  0  0  0  0  0  0  0  0  0  0  0  0  0  0  0  0  0  0  0  0  0  0  0  0  0  0  0  0  0  0  0  0  0  0  0  0  0  0  0  0  0  0  6  0  60490  0  0  0  0  3  0  0  276  0  0  0  0  10  4  0  0  7  0  0  0  29759  0  23  10127  2  16  0  0  326  4704  0  110181  2  1  0  1  85509  0  208  1  20864  112  0  170  2784  31  0  0  0  0  46878  4989  0  2  1  12  63  0  0  0  86  26  112882  132  9  0  477  110  1815  1065  0  0  0  0  0  0  62  28  9  35  885  0  
0  0  9  0  0  0  0  0  0  0  6  0  0  0  0  0  0  0  0  0  0  0  0  0  0  0  0  0  0  22  0  0  0  0  0  0  0  0  0  0  0  0  0  0  0  1  0  0  0  0  0  0  0  0  0  0  0  0  0  0  0  0  0  0  0  0  0  0  0  0  0  0  0  0  0  0  13578  3  0  1  2  17  6  1  1880  0  0  0  0  16  0  0  4  26568  0  0  0  0  48  18  0  1358  49  170024  0  0  0  0  0  0  0  0  0  0  46  1  0  52  508  20328  0  0  8  0  1  2  0  12  66  150329  1  3425  0  0  0  0  0  0  61766  6  54597  1  317  0  15319  0  32  0  0  0  0  0  0  0  0  15  0  0  0  0  
0  0  0  0  0  0  0  0  0  0  0  0  0  0  0  0  0  0  0  0  0  0  0  0  0  0  0  0  0  0  0  0  0  0  0  0  0  0  0  0  0  0  0  0  0  0  0  0  0  0  0  0  0  0  0  0  0  0  0  0  0  0  0  0  0  0  0  0  0  0  0  0  0  0  0  0  21214  27375  0  0  0  3  10  0  0  15  0  0  0  2  0  0  0  1  0  0  0  0  0  21076  783  0  4305  434  0  0  0  0  0  0  0  0  0  0  74  0  0  0  172321  5742  0  0  306  0  0  1  0  0  34  1543  0  0  0  0  0  0  0  0  16  70  130693  23  28  0  2426  0  0  0  0  0  0  0  0  0  3  78  0  0  38  0  
0  0  1  0  0  0  1  0  0  0  0  0  0  0  0  0  0  0  0  0  0  0  0  0  0  0  0  0  0  0  0  0  0  0  0  0  0  0  0  0  0  0  0  0  0  0  0  0  0  0  0  0  0  0  0  0  0  0  0  0  0  0  0  0  0  0  0  0  0  0  0  0  0  0  0  0  38324  23400  0  13  153  3594  42  0  0  1887  0  17  5518  12073  0  1  0  0  0  0  0  0  0  1  156  12412  0  227  0  0  0  0  0  0  0  0  0  175  0  0  0  0  205473  5366  0  1  255  0  0  3279  2  77  0  30  0  0  0  0  0  0  0  0  0  73  2892  103615  108435  0  10  0  0  0  0  0  0  0  0  0  20  1097  0  1  424  6  
0  0  180  0  0  0  0  1  537  57  248  0  0  0  0  2  0  0  0  1  0  39  0  0  0  0  446  0  0  11611  0  0  0  0  0  0  0  0  0  0  0  0  0  18  0  357  0  0  0  0  0  0  0  0  0  0  0  0  0  0  0  0  0  0  591  14  0  0  0  0  965  0  0  0  0  0  21638  0  0  0  4  21  14705  13148  2615  0  0  0  0  48  0  0  1  773  0  2904  1  0  0  2  199824  2028  0  0  0  0  0  0  0  0  0  0  0  0  11  0  0  8586  822  81708  0  3  3  0  0  1  0  19  18  12771  0  2  0  0  0  0  0  0  68160  806  6042  1  182  0  106840  0  4  0  0  0  1  3  0  0  2  7  0  44  0  0  
0  0  0  0  0  52  0  0  0  0  0  0  0  0  0  0  0  0  0  0  0  0  0  0  0  0  0  0  0  0  642  734  0  0  0  0  0  0  0  0  0  0  0  0  0  0  0  0  0  0  0  0  0  0  0  0  0  0  0  0  0  0  4  0  0  84  0  0  0  161  0  0  0  0  5530  0  0  0  33  3092  0  0  0  0  0  0  0  0  0  1  0  1  0  0  0  0  0  12951  0  0  0  0  0  0  0  28017  0  0  0  0  0  0  0  0  0  0  0  0  0  0  9  0  0  0  0  0  0  0  0  0  0  0  0  0  0  0  83359  110  0  235  0  0  0  36985  0  0  0  0  2  1  0  8  3  6  0  5952  3  178  11316  29  
0  0  0  0  0  162  0  0  0  0  0  0  0  0  0  0  0  1  0  0  0  0  0  1  0  0  0  0  0  0  214  14833  0  0  0  0  0  0  0  0  0  0  0  0  0  0  0  0  0  0  0  0  0  0  0  0  0  0  0  0  0  0  19  0  0  711  0  0  0  405  0  0  0  0  0  0  0  0  0  16387  0  0  0  0  0  0  0  0  0  0  2  12  0  0  0  0  6  663  0  0  0  0  0  0  25208  0  0  0  1  0  0  0  0  0  0  0  0  0  0  0  0  0  0  0  0  0  0  0  0  0  0  0  0  0  0  0  40071  589  0  15992  0  0  0  10686  0  0  0  0  0  9  0  108  17  34  14  29849  127  3854  19909  1301  
0  0  0  0  0  0  0  0  0  0  0  0  0  0  0  0  0  0  0  0  0  0  0  0  0  0  0  0  0  0  0  0  0  0  0  0  0  0  0  0  0  0  0  0  0  0  0  0  0  0  0  0  0  0  0  0  0  0  0  0  0  0  0  0  0  0  0  0  0  0  0  0  0  0  0  0  0  8174  0  0  0  0  0  0  0  83  0  0  0  0  6  0  0  0  0  0  2  0  4  567  0  1  0  0  0  0  0  20622  13154  458  1  0  0  0  14472  0  117  1  2  0  0  45079  106  18  0  0  0  0  18  17  0  0  0  0  1  0  0  0  0  0  0  0  0  0  1  32  2567  58170  0  0  0  0  0  0  0  0  4  11  0  0  
0  0  0  0  0  0  0  0  0  0  0  0  0  0  0  0  0  0  0  0  0  0  0  0  0  0  0  0  0  0  0  0  0  0  0  0  0  0  0  0  0  0  0  0  0  0  0  0  0  0  0  0  0  0  0  0  0  0  0  0  0  0  0  0  0  0  0  0  0  0  0  0  0  0  0  0  0  308  0  0  0  0  0  0  0  101  3  0  0  0  150  33  0  0  0  0  9  2  23934  5441  0  0  0  0  0  0  27403  0  57118  74588  1  8454  0  0  1636  0  10797  0  0  0  0  13238  6  30  0  0  0  0  2  1  0  0  0  0  0  0  0  0  0  0  0  0  0  0  0  28  85529  31744  0  0  0  0  0  0  3  0  2  6  3  0  
0  0  0  0  0  0  0  0  0  0  0  0  0  0  0  0  0  0  0  0  0  0  0  0  0  0  0  0  0  0  0  0  0  0  0  0  0  0  0  0  0  0  0  0  0  0  0  0  0  0  0  0  0  0  0  0  0  0  0  0  0  0  0  0  0  0  0  0  0  0  0  0  0  0  0  0  0  15  0  0  0  0  0  0  0  30  3  0  0  0  24889  13142  0  0  0  0  21189  53  0  0  0  0  0  0  0  0  12028  65900  0  71  1  36  0  0  4  0  70422  0  1  0  5  85547  6  408  0  0  0  0  0  0  0  0  0  0  0  0  2  0  0  0  0  0  0  0  0  7  37779  1049  0  0  0  0  0  0  5025  0  6  11  43  0  
0  0  0  0  0  0  0  0  0  0  0  0  0  0  0  0  0  0  0  0  0  0  0  0  0  0  0  0  0  0  0  0  0  0  0  0  0  0  0  0  0  0  0  0  0  0  0  0  0  0  0  0  0  0  0  0  0  0  0  0  0  0  0  0  0  0  0  0  0  0  0  0  0  0  0  0  0  660  0  0  0  0  0  0  0  0  0  0  0  0  0  0  0  0  0  0  0  0  19454  105018  3  0  0  0  0  0  222  67787  1  0  1  1  0  0  36736  0  79  0  0  7  0  1096  2  15  0  0  0  0  6226  1157  0  0  0  0  1  0  0  0  11  0  4051  0  0  0  21  33  7528  20670  0  0  0  0  0  0  1  0  2  18  1  0  
0  0  0  0  0  0  0  0  0  0  0  0  0  0  0  0  0  0  0  0  0  0  0  0  0  0  0  0  0  0  0  0  0  0  0  0  0  0  0  0  0  0  0  0  0  0  0  0  0  0  0  0  0  0  0  0  0  0  0  0  0  0  0  0  0  0  0  0  0  0  0  0  0  0  0  15566  0  0  0  0  0  0  0  0  0  0  0  0  0  0  0  0  11  0  365  0  1379  0  0  0  0  0  0  0  0  0  0  1  0  0  0  38004  0  0  3  0  19805  0  0  0  0  17  0  68430  0  0  0  0  1  0  0  0  4106  59354  220  0  0  0  0  0  0  0  0  0  0  163415  19980  1  0  0  0  0  0  0  0  0  7  1  0  0  
0  0  0  0  0  0  0  0  0  0  0  0  0  0  0  0  0  0  0  0  0  0  0  0  0  0  0  0  0  0  0  0  0  0  0  0  0  0  0  0  0  0  0  0  0  0  0  0  0  0  0  0  0  0  0  0  0  0  0  0  0  0  0  0  0  0  0  0  0  0  0  0  0  0  0  9893  0  2  0  0  0  0  0  0  0  0  0  0  0  0  0  0  18  0  66  0  0  0  442  2  0  0  0  0  0  0  0  8448  138  0  35655  0  0  0  21  0  21261  0  0  0  0  764  0  4545  0  0  0  0  10  0  0  0  25000  13318  2549  0  0  0  0  0  0  0  0  0  0  126823  191039  1  0  0  0  0  0  0  0  0  25  0  0  0  
0  0  0  0  0  0  0  0  0  0  0  0  0  0  0  0  0  0  0  0  0  0  0  0  0  0  0  0  0  0  0  0  0  0  0  0  0  0  0  0  0  0  0  0  0  0  0  0  0  0  0  0  0  0  0  0  0  0  0  0  0  0  0  0  0  0  0  0  0  0  0  0  0  0  171  0  0  0  0  188  11  8  0  0  0  358  26030  46692  49  1  0  36  0  0  0  0  0  741  0  0  0  0  1  0  0  0  0  0  0  0  0  0  0  943  0  0  0  0  0  0  9436  0  34566  0  0  16180  81  4  0  0  0  0  0  0  0  871  0  580  0  31  0  782  0  0  0  0  0  0  0  0  0  0  0  0  0  307  0  1  1031  2  
0  0  0  0  0  0  0  0  0  0  0  0  0  0  0  0  0  0  0  0  0  0  0  0  0  0  0  0  0  0  0  0  0  0  0  0  0  0  0  0  0  0  0  0  0  0  0  0  0  0  0  0  0  0  0  0  0  0  0  0  0  0  0  0  0  0  0  0  0  0  0  0  0  0  9  0  0  36  0  20  2  21  0  0  0  20577  45  31656  15  1  0  12  0  0  0  0  0  31  0  0  0  0  339  1  0  0  0  0  0  0  0  0  1077  0  0  0  0  0  363  62  48  0  17860  0  0  9171  10  2  0  2  0  0  0  0  0  44  0  28  0  5  148  3968  126  0  0  0  0  0  0  0  0  0  0  0  5  194  0  1  4964  2  
0  0  0  0  0  0  0  0  0  0  0  0  0  0  0  0  0  0  0  0  0  0  0  0  0  0  0  0  0  0  0  0  0  0  0  0  0  0  0  0  0  0  0  0  0  0  0  0  0  0  0  0  0  0  0  0  0  0  0  0  0  0  0  0  0  0  0  0  0  0  0  0  0  0  0  28  0  30211  0  0  0  3  6  1  0  1258  0  0  0  0  8115  219  10  24  12  3  4  0  7788  100227  162  31  0  49  0  0  12166  3118  11  37898  201  4  0  0  0  1  10856  35  1755  268  0  38349  24334  1670  3  1  0  0  34558  16391  2  71  46  13  81  0  0  0  1518  64  25839  28  55  0  1117  5132  28642  15745  0  0  0  0  0  0  1810  347  602  1103  42712  0  
0  0  0  0  0  0  0  0  0  0  6  0  0  0  0  0  0  0  0  0  0  237  0  0  0  0  0  0  0  0  0  0  0  0  0  0  0  0  0  0  0  0  0  54  0  0  0  0  0  0  0  0  0  0  0  0  0  0  0  0  0  0  0  0  0  0  0  0  0  0  0  0  0  0  0  26468  0  0  0  0  0  0  0  0  38775  0  0  0  0  0  0  0  9552  29372  11853  53407  0  0  6  0  0  0  0  0  0  0  0  0  0  0  0  0  0  0  3  0  0  65911  0  0  0  0  0  0  31233  0  0  0  2  9  50772  1844  59  0  159  0  0  0  455  0  0  0  0  0  0  0  42  0  0  0  0  0  0  0  0  0  0  0  0  0  
0  0  0  0  0  0  0  0  0  0  0  0  0  0  0  0  0  0  0  0  0  0  0  0  0  0  0  0  0  0  0  0  0  0  0  0  0  0  0  0  0  0  0  0  0  0  0  0  0  0  0  0  0  0  0  0  0  0  0  0  0  0  0  0  0  0  0  0  0  0  0  0  0  0  0  0  0  0  0  0  0  0  0  0  0  0  0  0  0  0  1302  114  0  0  1  0  34439  1  1  3  0  0  0  0  0  0  2  10683  61328  5  21378  18161  0  0  77  0  0  0  0  0  0  35913  0  21422  0  0  0  0  6  0  0  0  0  5  14  0  0  1  0  0  0  0  0  0  0  8309  24625  37  0  0  0  0  0  0  26236  0  725  197  2  2  
0  0  0  0  0  0  0  0  0  3  12  0  0  0  0  0  0  0  0  0  0  149  0  0  0  0  0  0  0  2  0  0  0  0  0  0  0  0  0  0  0  0  0  16  0  0  0  0  0  0  0  0  0  0  0  0  0  0  0  0  0  0  0  0  0  0  0  0  0  0  0  0  0  0  0  2107  0  0  0  0  0  0  9026  23304  80802  0  0  0  0  0  1  0  219  10400  207  169622  6326  0  63  3  92  0  0  8809  0  0  1  0  0  1  0  0  0  0  57  39172  2  0  6  21  0  83  2  0  15618  0  0  0  80  937  11888  12082  1559  8  19058  0  0  0  99566  623  18  0  0  0  11799  3  606  1  0  0  0  5  0  0  3  20  3150  579  3  0  
0  0  0  0  0  0  0  0  0  0  0  0  0  0  0  0  0  0  0  0  0  0  0  0  0  0  0  0  0  0  0  0  0  0  0  0  0  0  0  0  0  0  0  0  0  0  0  0  0  0  0  0  0  0  0  0  0  0  0  0  0  0  0  0  0  7  0  0  0  0  0  0  0  0  0  0  50575  48376  0  21  253  4614  225  0  0  1872  0  0  844  3021  7  3  0  3  0  0  1  0  0  22381  335  146833  181140  468  0  0  0  0  0  1  0  0  0  36  539  0  0  3  0  46126  0  223  14141  0  0  233  1  60  187  2328  0  0  0  0  0  0  0  0  35  472  112302  42084  113472  0  5552  0  1  0  0  0  0  0  0  0  626  8245  2  31  8204  14  
0  0  222  0  0  0  2  55  1345  0  1  0  0  0  0  48  0  0  0  0  0  0  0  0  0  0  0  0  0  716  0  0  0  0  0  0  0  0  0  0  0  0  0  0  0  383  0  0  0  0  0  0  0  0  0  0  0  0  0  0  0  0  0  0  0  23  0  0  0  0  222  0  0  0  0  0  33887  13  0  47  387  35128  16892  0  0  10  0  0  0  9192  2  1  1  18  0  0  0  0  3  49  11100  1587  4299  70607  0  0  0  0  0  0  0  0  0  9  149  0  0  9  43957  0  0  1  332  0  0  220  1  1381  278  27134  0  5  0  0  0  1  0  0  314  1866  34810  518  16961  0  51947  1  6  0  0  1  0  0  0  0  8  3571  0  2  326  0  
0  0  0  0  0  0  0  0  0  0  0  0  0  0  0  0  0  0  0  0  0  0  0  0  0  0  0  0  0  0  0  0  0  0  0  0  0  0  0  0  0  0  0  0  0  0  0  0  0  0  0  0  0  0  0  0  0  0  0  0  0  0  0  0  0  0  0  0  0  0  0  0  0  0  874  0  0  0  9  1020  20  1  0  0  0  44  19747  3001  189  0  0  22379  0  0  0  0  0  65356  0  0  0  0  1  0  0  0  0  0  1  0  0  0  4093  243  0  0  0  0  4  1  0  0  11536  0  0  10094  557  32  0  0  0  0  0  0  0  19563  3  19505  0  200  0  183  1  1  0  0  0  0  0  0  0  0  0  0  0  279  0  0  76792  0  
0  0  0  0  0  0  0  0  0  1  0  0  0  0  0  0  0  0  0  0  0  0  0  0  0  0  0  0  0  0  0  0  0  0  0  0  0  0  0  0  0  0  0  0  0  0  0  0  0  0  0  0  0  0  0  0  0  0  0  0  0  0  0  0  0  0  0  0  0  0  0  0  0  0  0  0  0  311  0  0  0  0  2  15  0  27  3  0  0  0  44472  5540  1  1  0  2  873  28  47  37  2  0  0  2  0  0  32094  15323  61642  1832  105  209  0  0  39126  0  31054  37  24  1  2  0  355  4370  0  0  0  0  302  65  0  2  0  1  0  0  4  0  26  128  115  1  1  0  6  2660  105196  30762  0  0  0  1  0  0  9830  80  1222  12269  35704  0  
0  0  0  0  0  0  0  0  0  0  0  0  0  0  0  0  0  0  0  0  0  0  0  0  0  0  0  0  0  0  0  0  0  0  0  0  0  0  0  0  0  0  0  0  0  0  0  0  0  0  0  0  0  0  0  0  0  0  0  0  0  0  0  0  0  2  0  0  0  0  0  0  0  0  387  0  1  13682  3  659  56  832  41  0  0  46705  292  12259  326  18  13720  55726  0  0  0  0  1  907  2  602  45  44  611  32  0  0  11  13  16  10  0  0  21869  15164  20596  0  0  0  34128  1351  21377  558  0  0  0  12143  246  66  3234  794  0  1  0  0  0  2162  0  772  44  143  22900  53394  3762  0  377  0  2  0  0  0  0  0  0  0  280  3740  1  51  103969  22  
0  0  0  0  0  0  0  0  0  0  0  0  0  0  0  0  0  0  0  0  0  0  0  0  0  0  0  0  0  0  0  0  0  0  0  0  0  0  0  0  0  0  0  0  0  0  0  0  0  0  0  0  0  0  0  0  0  0  0  0  0  0  0  0  0  0  0  0  0  0  0  0  0  0  0  52  0  0  0  0  0  0  0  0  0  0  0  0  0  0  15  0  0  0  15344  0  16318  0  0  6  0  0  0  0  0  0  0  6  23  4  77284  4322  0  0  93  0  23807  0  0  0  0  7042  0  0  0  0  0  0  20  1  0  0  14  25554  20405  0  0  0  0  0  0  0  0  0  0  13152  19056  17  0  0  0  0  0  0  191  0  4257  137  0  0  
0  0  0  0  0  0  0  0  0  0  0  0  0  0  0  0  0  0  0  0  0  3  0  0  0  0  0  0  0  0  0  0  0  0  0  0  0  0  0  0  0  0  0  0  0  0  0  0  0  0  0  0  0  0  0  0  0  0  0  0  0  0  0  0  0  0  0  0  0  0  0  0  0  0  0  26246  0  0  0  0  0  0  0  0  116  0  0  0  0  0  0  0  2793  72  45677  34047  0  0  76  0  1  0  0  0  0  0  0  0  0  0  0  0  0  0  35  28000  4  17128  0  0  0  0  0  0  0  0  0  0  7  17  15542  2304  3981  1  24301  0  0  0  477  0  0  0  0  0  1  2  1648  0  0  0  0  0  0  0  0  0  0  0  0  0  
0  0  0  0  0  0  0  0  0  0  0  0  0  0  0  0  0  0  0  0  0  0  0  0  0  0  0  0  0  0  0  0  0  0  0  0  0  0  0  0  0  0  0  0  0  0  0  0  0  0  0  0  0  0  0  0  0  0  0  0  0  0  0  0  0  0  0  0  0  0  0  0  0  0  1938  0  0  1  108  16970  5343  319  8  0  0  18542  4695  68200  130972  27  0  1  0  0  0  0  0  3216  0  0  2  2  7853  3  0  0  0  0  0  0  0  0  9041  6733  0  0  0  0  3068  89  4793  0  5608  0  0  0  34257  63566  0  0  0  0  0  0  0  30060  0  1988  0  1996  68  71675  2605  0  0  0  0  0  0  0  0  0  0  0  22  11071  0  1  43823  38  
0  0  0  0  0  0  0  0  0  0  0  0  0  0  0  0  0  0  0  0  0  0  0  0  0  0  0  0  0  0  0  0  0  0  0  0  0  0  0  0  0  0  0  0  0  0  0  0  0  0  0  0  0  0  0  0  0  0  0  0  0  0  0  0  0  0  0  0  0  0  0  0  0  0  23284  0  0  0  64852  43527  988  4  0  0  0  0  2  23  174473  12700  0  0  0  0  0  0  0  5825  0  0  0  0  216  0  0  0  0  0  0  0  0  0  0  3  0  0  0  0  145  1  125  0  12  0  0  40148  0  85213  0  0  0  0  0  0  0  21589  0  407  0  3433  1  621  103  0  0  0  0  0  0  0  0  0  0  0  0  2514  0  0  834  1  
0  0  0  0  0  0  2  0  0  0  0  0  0  0  0  0  0  0  0  0  0  0  0  0  0  0  0  0  0  0  0  0  0  0  0  0  0  0  0  0  0  0  0  0  0  0  0  0  0  0  0  0  0  0  0  0  0  0  0  0  0  0  0  0  0  25  0  0  0  0  0  0  0  0  338  0  195  0  3936  52407  51089  22379  39  0  0  0  1  11  63888  271427  0  0  0  0  0  0  1  126  0  0  309  0  3652  850  0  0  0  0  0  0  0  0  1  2  0  0  0  0  3702  4134  24  0  29  0  0  56845  66232  0  0  2  0  0  0  0  0  320  0  132  0  6135  772  18074  41434  0  0  0  0  0  0  0  0  0  0  0  24  6744  1  1  3916  31  
0  0  0  0  0  0  0  0  0  0  0  0  0  0  0  0  0  0  0  0  0  0  0  0  0  0  0  0  0  0  0  0  0  0  0  0  0  0  0  0  0  0  0  0  0  0  0  0  0  0  0  0  0  0  0  0  0  0  0  0  0  0  0  0  0  0  0  0  0  0  0  0  0  0  0  93  0  170  0  0  0  0  6  0  0  0  0  0  0  0  1  0  1  14  33  0  0  0  49504  41356  119  0  1  39  0  0  0  3  2  4974  18  1  0  0  17447  0  1165  14  53  173  0  202  292  199  1  0  0  0  0  36767  1  63  9  62  279  0  0  0  2031  71  12261  0  10  0  911  602  41655  3  0  0  0  0  0  0  27  64  41  16  125  0  
0  0  0  0  0  0  0  0  0  0  0  0  0  0  0  0  0  0  0  0  0  0  0  0  0  0  0  0  0  0  0  0  0  0  0  0  0  0  0  0  0  0  0  0  0  0  0  0  0  0  0  0  0  0  0  0  0  0  0  0  0  0  0  0  0  0  0  0  0  0  0  0  0  0  0  31  8  751  0  0  8  276  84  2  3  0  0  0  0  125  3  0  3535  7071  14  16  0  0  105754  2413  156662  90  860  17846  0  0  12  1  0  176  3  1  0  0  13988  9  397  1209  5062  38586  0  113  462  49  46  0  0  3  35681  0  40  35499  74  12  91  0  0  0  71877  347  67639  4  4147  0  33971  195  22107  6  0  0  0  0  0  0  20  385  9  9  100  0  
0  0  0  0  0  0  0  0  0  0  0  0  0  0  0  0  0  0  0  0  0  0  0  0  0  0  0  0  0  0  0  0  0  0  0  0  0  0  0  0  0  0  0  0  0  0  0  0  0  0  0  0  0  0  0  0  0  0  0  0  0  0  0  0  0  0  0  0  0  0  0  0  0  0  0  9309  0  0  0  0  0  0  0  0  375  0  0  0  0  0  0  0  47020  32153  659  777  0  0  38  0  4  0  0  1  0  0  0  0  0  0  0  0  0  0  8  37470  1  12047  0  0  0  0  0  0  15883  0  0  0  4  10  0  29177  7147  0  252  0  0  0  766  0  0  0  0  0  1  1  386  1  0  0  0  0  0  0  0  0  0  0  0  0  
0  0  0  0  0  0  0  0  0  0  0  0  0  0  0  0  0  0  0  0  0  0  0  0  0  0  0  0  0  0  0  0  0  0  0  0  0  0  0  0  0  0  0  0  0  0  0  0  0  0  0  0  0  0  0  0  0  0  0  0  0  0  0  0  0  0  0  0  0  0  0  0  0  0  0  544  0  0  0  0  0  0  1  0  3552  0  0  0  0  0  0  0  74068  98805  308  5099  0  0  10426  1  3259  0  0  10  0  0  0  0  0  0  0  0  0  0  108  942  11  7038  2  12  0  3  1  5  1897  0  0  0  95  35564  25562  0  10508  0  2825  0  0  0  67550  1  3  0  1  0  39  4  18370  0  0  0  0  0  0  0  0  1  1  0  0  0  
0  0  0  0  0  0  0  0  0  0  0  0  0  0  0  0  0  0  0  0  0  0  0  0  0  0  0  0  0  0  0  0  0  0  0  0  0  0  0  0  0  0  0  0  0  0  0  0  0  0  0  0  0  0  0  0  0  0  0  0  0  0  0  0  0  0  0  0  0  0  0  0  0  0  0  31641  0  0  0  0  0  0  0  0  19  0  0  0  0  0  0  0  30925  2  19237  1660  0  0  643  3  2  0  0  0  0  0  0  1  0  0  5116  31243  0  0  278  145  14  2055  0  0  0  2  0  1  2439  0  0  0  39  58  3076  8096  0  407  24911  0  0  0  1145  0  0  0  0  0  2  40956  59613  0  0  0  0  0  0  0  0  0  0  0  1  0  
0  0  0  0  0  0  0  0  0  0  0  0  0  0  0  0  0  0  0  0  0  0  0  0  0  0  0  0  0  0  0  0  0  0  0  0  0  0  0  0  0  0  0  0  0  0  0  0  0  0  0  0  0  0  0  0  0  0  0  0  0  0  0  0  0  0  0  0  0  0  0  0  0  0  0  36119  0  0  0  0  0  0  0  0  0  0  0  0  0  0  0  0  0  0  49021  0  1  0  2  9  0  0  0  0  0  0  0  0  0  0  62097  13794  0  0  27  0  21  1  0  0  0  5  0  19493  0  0  0  0  42  1  0  0  1060  0  15400  0  0  0  0  0  1  0  0  0  2  10939  18896  0  0  0  0  0  0  0  0  0  11  0  0  0  
0  2  0  0  0  0  0  0  0  0  0  0  0  0  0  0  0  0  0  0  0  37  0  0  0  0  0  0  0  0  0  0  0  0  0  0  0  0  0  0  0  1  0  3  0  0  0  1  0  0  0  0  0  0  0  0  0  0  0  0  2  0  0  0  0  0  0  0  0  0  0  0  0  0  0  19450  0  1  0  0  0  0  0  0  242  0  0  0  0  0  0  0  912  51  110715  116775  38219  0  724  26  3  0  0  1  0  0  0  0  0  0  2011  1429  0  0  216  121  53  29322  0  0  0  4  0  24215  28351  0  0  0  117  89  2165  3158  25471  15532  0  0  0  0  5003  0  2  0  0  0  1  43  25505  0  0  0  0  4  0  0  0  0  38671  63  0  0  
0  0  0  0  0  0  0  0  0  0  0  0  0  0  0  0  0  0  0  0  0  0  0  0  0  0  0  0  0  0  0  0  0  0  0  0  0  0  0  0  0  0  0  0  0  0  0  0  0  0  0  0  0  0  0  0  0  0  0  0  0  0  0  0  0  0  0  0  0  0  0  0  0  0  6247  0  0  0  34  2875  36  1  0  0  0  11  23024  2608  27085  1  0  1  0  0  0  0  0  25770  0  0  0  0  1  0  0  0  0  0  0  0  0  0  42  36  0  0  0  0  2  0  5641  0  290  0  0  28678  13168  115  0  0  0  0  0  0  0  0  0  6043  0  437  0  18  1  0  0  0  0  0  0  0  0  0  0  0  1  780  0  0  1011  1  
0  0  0  0  0  1  0  0  0  0  0  0  0  0  0  0  0  0  0  0  0  0  0  0  0  0  0  0  0  0  16  315  0  0  0  0  0  0  0  0  0  0  0  0  0  0  0  0  0  0  0  0  0  0  0  0  0  0  0  0  0  0  1  0  0  0  0  0  0  66  0  0  0  0  45  0  0  0  2  5987  0  0  0  0  0  0  1  0  0  0  21  477  0  0  0  0  15531  91783  0  0  0  0  0  0  74369  33050  0  11  9  0  0  0  0  0  0  0  10  0  0  0  40  9  0  0  0  0  2  0  0  0  0  0  0  0  0  0  0  23228  0  83  0  0  0  11747  0  0  0  0  0  0  0  20  6  11  97  16284  348  6759  69861  19218  
0  0  0  0  0  0  0  0  0  0  0  0  0  0  0  0  0  0  0  0  0  0  0  0  0  0  0  0  0  0  0  0  0  0  0  0  0  0  0  0  0  0  0  0  0  0  0  0  0  0  0  0  0  0  0  0  0  0  0  0  0  0  0  0  0  0  0  0  0  0  0  0  0  0  10704  0  0  0  148  15407  13  0  0  0  0  0  439  13  221  4  0  0  0  0  0  0  0  130326  0  0  0  0  0  0  39  1598  0  0  0  0  0  0  4  2  0  0  0  0  0  0  8272  0  5  0  0  440  824  29  0  0  0  0  0  0  0  9613  16083  0  0  1454  0  0  0  660  0  0  0  0  0  0  0  0  0  0  0  15869  0  1  17510  8  
0  0  0  0  0  0  0  0  0  0  209  0  0  0  0  0  0  0  0  1  0  2  0  0  0  0  108  0  0  314  0  0  0  0  0  0  0  0  0  0  0  0  0  14  0  0  0  0  0  0  0  0  0  0  0  0  0  0  0  0  0  0  0  0  215  0  0  0  0  0  1  0  0  0  0  161  0  11  0  0  0  0  221  24  87625  0  0  0  0  0  0  0  166  52516  60  7387  0  0  1616  29  94436  0  0  69416  0  0  1  0  0  0  0  0  0  0  1450  358  48  70974  8  138  0  10  21  5  268  0  0  0  3028  47749  2933  65442  586  1  2727  0  0  0  0  47  45  0  4  0  15865  15  3715  1  0  0  0  0  0  0  1  6  1  2  5  0  
0  0  2  0  0  6785  155  682  1195  12939  0  0  0  0  1  4  0  0  0  0  0  0  0  0  0  0  0  0  0  3  12  412  0  0  0  0  0  0  0  0  0  0  0  0  4  35  0  0  0  0  0  7  0  4  0  0  0  0  0  0  0  1  2  1  0  34684  1  1  0  26  68  0  0  0  48  0  0  0  1  41996  40621  44752  58186  36195  0  0  0  0  22  91  2  0  0  1  0  16  3  113  0  1  6  0  539  1364  62  13222  0  1  0  1  0  0  1  0  16  0  2  2343  1114  7145  3  1791  17  1  0  605  44  551  15  34  0  0  0  0  0  24  64  281  60  0  149  197  1386  113  28424  0  0  0  0  38  0  617  8  0  136  1826  17  17068  439  6  
0  0  0  0  0  0  0  0  0  0  0  0  0  0  0  0  0  0  0  0  0  0  0  0  0  0  0  0  0  0  0  0  0  0  0  0  0  0  0  0  0  0  0  0  0  0  0  0  0  0  0  0  0  0  0  0  0  0  0  0  0  0  0  0  0  0  0  0  0  0  0  0  0  0  0  30  9286  7198  0  9  57  105  57  0  0  359  0  0  0  187  4  0  0  7  17  0  0  0  370  106087  45854  120575  271  8057  0  0  0  0  0  6630  0  0  0  1  22582  0  74  4  138349  41818  0  137  10863  12  0  7  0  28  14635  78759  0  5  0  20  59  0  0  0  153  284  0  327  1374  0  8375  34  543  0  0  0  0  0  0  0  79  632  2  17  2969  0  
0  0  0  0  0  0  0  0  0  0  0  0  0  0  0  0  0  0  0  0  0  0  0  0  0  0  0  0  0  0  0  0  0  0  0  0  0  0  0  0  0  0  0  0  0  0  0  0  0  0  0  0  0  0  0  0  0  0  0  0  0  0  0  0  0  1  0  0  0  0  0  0  0  0  6  0  0  18017  0  757  1891  1701  55  0  0  42945  17  503  50335  36  1  21  0  0  0  0  3  44  0  32  44  6  103206  38  0  0  0  0  0  0  0  0  194  1643  2  0  0  0  74863  889  113  6  40241  0  0  74540  86  17774  3  9  0  0  0  0  0  89  0  49  0  1191  1547  0  23824  0  8  0  0  0  0  0  0  0  0  0  133  5597  0  4  14609  83  
0  0  0  0  0  0  1  0  0  0  0  0  0  0  0  0  0  0  0  0  0  0  0  0  0  0  0  0  0  0  0  0  0  0  0  0  0  0  0  0  0  0  0  0  0  0  0  0  0  0  0  0  0  0  0  0  0  0  0  0  0  0  0  0  0  12  0  0  0  0  0  0  0  0  1  0  1556  0  0  613  4958  29121  245  0  0  2  0  0  22591  72665  1  0  0  0  0  0  0  2  0  0  2447  19  103806  5105  0  0  0  0  0  0  0  0  0  3  10  0  0  0  123732  15388  1  1  78  0  0  4459  46  44351  3  63  0  0  0  0  0  2  0  0  1  1720  6432  18185  0  0  28  0  0  0  0  0  0  0  0  0  74  7172  0  2  1480  2  
0  0  0  0  0  101  0  0  0  0  0  0  0  0  0  15  0  0  0  0  0  0  0  0  0  0  0  0  0  0  301  58  0  0  0  0  0  0  0  0  0  0  0  0  0  0  0  0  0  0  0  0  0  0  0  0  0  0  0  0  0  0  0  0  0  86  0  0  0  60  0  0  0  0  29985  0  0  0  37452  60315  0  0  0  0  0  0  0  0  0  12733  0  0  0  0  0  0  0  15449  0  0  0  0  0  0  55352  12080  0  0  0  0  0  0  0  0  0  0  0  0  0  0  2  0  0  0  0  0  0  0  0  0  0  0  0  0  0  2  20333  7729  0  433  0  0  0  0  0  0  0  0  0  0  0  0  0  0  0  404  0  0  25  0  
0  0  14  0  0  0  0  10  430  38  0  0  0  0  0  1  0  0  0  0  0  0  0  0  0  0  2  0  0  2279  0  0  0  0  0  0  0  0  0  0  0  0  0  0  0  119  0  0  0  0  0  0  0  0  0  0  0  0  0  0  0  0  0  0  0  38  0  0  0  0  1524  0  0  0  0  0  19  35  0  1  0  62  41737  112  0  0  0  0  0  5  0  0  0  28  0  44  0  0  29  277  20268  6  26  99032  0  0  0  0  0  8  0  0  0  0  703  0  0  4195  474  56941  0  13  129  0  0  2  0  1  1306  44502  0  28  0  0  0  0  0  0  19620  18831  5591  4  72  0  0  0  80  0  0  0  0  0  0  0  7  283  0  49  15  0  
0  0  0  0  0  0  0  0  0  0  0  0  0  0  0  0  0  0  0  0  0  0  0  0  0  0  0  0  0  0  0  0  0  0  0  0  0  0  0  0  0  0  0  0  0  0  0  0  0  0  0  0  0  0  0  0  0  0  0  0  0  0  0  0  0  0  0  0  0  0  0  0  0  0  0  17907  0  0  0  0  0  0  0  0  0  0  0  0  0  0  0  0  26  0  14  0  1  0  2  2  0  0  0  0  0  0  0  7  4  3  151455  148253  0  0  73  0  11248  0  0  0  0  775  0  9413  0  0  0  0  18  1  0  0  41008  13688  509  0  0  0  0  0  0  0  0  0  0  0  71678  17  0  0  0  0  0  0  1  0  42  19  0  0  
0  0  0  0  0  0  0  0  0  0  0  0  0  0  0  0  0  0  0  0  0  0  0  0  0  0  0  0  0  0  0  0  0  0  0  0  0  0  0  0  0  0  0  0  0  0  0  0  0  0  0  0  0  0  0  0  0  0  0  0  0  0  0  0  0  0  0  0  0  0  0  0  0  0  0  5987  0  15  0  0  0  0  0  0  22  1  0  0  0  0  0  0  58316  54  8899  2580  6  0  192624  3766  578  0  0  131  0  0  2653  94515  37864  14273  7252  211509  0  0  40552  101  27710  1489  3  212  0  88713  9  7625  872  0  0  0  52438  17743  904  13626  59066  14857  31937  0  0  0  10149  3  62  0  0  0  259  51604  0  9093  0  0  0  0  0  0  7  1  455  230  4  0  
0  0  0  0  0  0  0  0  0  0  0  0  0  0  0  0  0  0  0  0  0  0  0  0  0  0  0  0  0  0  0  0  0  0  0  0  0  0  0  0  0  0  0  0  0  0  0  0  0  0  0  0  0  0  0  0  0  0  0  0  0  0  0  0  0  0  0  0  0  0  0  0  0  0  0  0  0  834  0  0  0  0  0  0  0  2  0  0  0  0  0  0  0  0  0  2  0  0  87  313  1  0  0  0  0  0  36731  26256  66  24267  12  1  0  0  13365  0  584  0  0  0  0  25008  2  97  0  0  0  0  86  47  0  0  2  0  3  0  0  0  2  0  1  0  0  0  1  288  7416  0  0  0  0  0  0  0  5  0  41  65  0  0  
0  0  0  0  0  0  0  0  0  0  0  7  0  0  0  0  29343  20723  0  0  0  0  51917  8  0  0  0  0  0  0  21  14136  0  2  38786  0  1  2  0  0  1  0  65944  0  0  0  4  13811  0  1031  0  0  0  0  0  0  0  0  0  0  1  0  358  2  0  0  0  0  0  122  0  17  6  0  0  0  0  0  0  0  0  0  0  0  0  0  0  0  0  0  0  0  0  0  0  0  0  0  0  0  0  0  0  0  0  0  0  0  0  0  0  0  0  0  0  0  0  0  0  0  0  0  0  0  0  0  0  0  0  0  0  0  0  0  0  0  0  0  0  0  0  0  0  0  0  0  0  0  0  6  200838  34086  44831  2854  0  3  0  3  0  11  
482  0  3  0  3  1198  953  321  153  0  0  10  0  121  47  231  52  289  0  0  0  0  23  4819  1  3  67  3  867  80  5824  15568  0  0  0  0  0  0  123  2  1591  0  0  0  25735  1141  2427  3032  323  0  0  18315  517  1720  3  31  0  0  0  0  1  3759  5964  24809  0  1101  4089  1219  14969  12617  27  0  1  0  0  0  0  0  0  0  3  0  0  0  0  0  0  0  0  0  0  0  0  0  0  0  0  0  0  0  0  0  0  0  0  0  0  0  0  0  0  0  0  0  0  0  0  0  0  0  0  0  0  0  0  0  0  0  0  0  0  0  0  0  0  0  0  0  0  6  0  0  0  0  0  0  0  0  1154  0  6  20583  166502  30947  0  1  0  1  0  1  
0  2  0  0  0  0  0  0  17  4370  0  1  0  0  0  0  136  0  0  0  35  236  120118  0  296  33  0  0  0  0  4  1652  72  27  14  19  16  5  0  0  2987  1  2894  5405  4  0  0  28170  29  16424  0  0  0  0  214  879  0  8  58  245  36467  0  173  0  64  105  46  1  0  22  33  233  813  18  0  0  0  0  0  0  0  0  1  0  0  0  0  0  0  0  0  0  0  0  0  1  0  0  0  0  0  0  0  0  0  0  0  0  0  0  0  0  0  0  0  0  0  0  0  0  0  0  0  0  0  0  0  0  0  0  0  0  0  0  0  0  0  0  0  0  0  0  0  0  0  0  0  0  79655  3  0  13889  669  65  0  3  1  13  0  2  
0  0  0  0  0  0  0  1  4  15774  0  1  0  0  0  1  890  1076  0  0  1  1  328  0  0  2  0  0  0  0  360  16216  2  0  4  0  0  0  0  0  17  0  230  5  32  1  0  35835  5  61  0  0  0  0  3  6  0  1  0  0  1  0  477  0  0  6344  151  0  0  1792  3  2  0  0  0  1  0  0  0  0  0  0  3  11  0  0  0  0  0  0  0  1  0  0  7  8  5  2  0  0  0  0  0  1  0  5  0  0  0  0  0  0  0  0  0  0  4  3  0  0  0  1  0  0  0  0  0  0  0  0  0  0  0  1  1  0  0  0  0  120  0  0  0  0  0  2  1  0  27440  56979  9623  0  52122  15967  0  26  10  9230  0  44  
203  0  0  0  0  689  518  69  6  18  0  13  1  363  107  44  62219  71207  0  0  0  0  349  5646  1  1  1  0  6  0  10627  40484  4  0  394  0  0  0  586  4  1320  0  847  0  4493  35  36415  60194  51385  21  0  13059  160  1664  4  10  0  0  0  0  3  5211  29911  16328  5  153  1861  4025  815  2137  6  2  1  0  0  0  0  0  0  0  0  0  0  0  0  0  0  0  0  0  0  0  0  0  0  0  0  0  0  0  0  0  0  0  0  2  0  0  0  0  0  0  0  0  0  0  0  0  0  0  0  0  0  0  0  0  0  0  0  0  0  0  0  0  0  0  0  0  0  1  0  0  0  0  0  0  0  0  13424  98133  876  29980  0  187053  0  0  0  0  0  10  
0  0  0  0  0  0  0  0  0  0  0  0  0  0  0  0  825  5622  0  0  0  0  666  1  0  0  0  0  0  0  1187  62282  0  0  0  0  0  0  0  0  0  0  0  0  0  0  0  26  0  0  0  0  0  0  0  0  0  0  0  0  0  0  1187  6  0  0  0  0  0  3597  0  0  0  0  0  0  0  0  0  0  0  0  0  0  0  0  0  0  0  0  0  0  0  0  0  0  0  0  0  0  0  0  0  0  0  9  0  0  0  0  0  0  0  0  0  0  0  0  0  0  0  0  0  0  0  0  0  0  0  0  0  0  0  0  0  0  0  0  0  0  0  0  0  0  0  0  0  0  22460  82415  506  74104  472102  0  0  15  4  3  3  64  
0  0  0  0  0  0  0  0  0  0  0  0  0  0  0  0  0  0  0  0  0  0  0  0  0  0  0  0  0  0  0  159  0  0  0  0  0  0  0  0  0  0  0  0  0  0  0  0  0  0  0  0  0  0  0  0  0  0  0  0  0  0  0  0  0  0  0  0  0  33  0  0  0  0  1  0  0  1  0  3  22  3  0  3  0  0  0  0  0  0  22765  6678  0  0  0  0  115069  46  0  1  0  0  34  0  0  219  0  4  8785  3  5  0  0  0  194  0  35052  2  207  4  0  43306  4  1390  0  24  0  18  21  7  0  0  0  0  69  0  809  0  0  44  29  15  85  0  0  81  203  7  0  1  0  25  2  5  0  15727  161974  12205  22025  15375  
0  0  0  0  0  0  2  0  0  0  0  0  0  0  0  0  0  0  0  0  0  0  0  0  0  0  0  0  0  0  1  554  0  0  0  0  0  0  0  0  0  0  0  0  1  0  0  0  0  0  0  0  0  0  0  0  0  0  0  0  0  0  0  0  0  13  0  0  0  81  0  0  0  0  1315  0  0  0  18  1874  2720  522  69  3  0  4  1  12  430  44  84  16  0  0  0  0  55  5883  0  0  13  0  3040  16  391  16039  0  0  0  0  1  0  3  9  92  0  22  0  16324  325  40  1064  164  2  0  4879  1587  3128  27  20  0  0  0  0  0  3072  7030  32455  3  1682  289  2949  9795  20  41  4  18  2  4  3  0  98  4  11  8688  0  326  7467  135706  50111  
0  0  0  0  0  0  0  0  0  0  0  0  0  0  0  0  0  0  0  0  0  0  0  0  0  0  0  0  0  0  1  103  0  0  0  0  0  0  0  0  0  0  0  0  0  0  0  0  0  0  0  0  0  0  0  0  0  0  0  0  0  0  0  0  0  0  0  0  0  18  0  0  0  0  0  5  0  0  0  0  0  0  0  26  0  0  0  0  0  0  0  5  0  0  2  9811  124725  136  113  36  1  0  0  0  0  108  3  15  3  14  129  141  0  0  3778  0  3872  6079  0  0  0  5055  1  9952  0  0  0  0  470  27  0  0  1  90  52352  0  876  0  4  9  2  0  0  0  4  1266  1034  54  0  1  2  26  3  1  79010  164  0  4932  247  450  
0  0  0  0  0  0  0  0  1  11083  0  0  0  0  0  0  0  1  0  0  0  0  5  0  0  0  0  0  0  0  1  866  0  0  0  0  0  0  0  0  0  0  0  0  0  0  0  0  0  0  0  0  0  0  0  0  0  0  0  0  1  0  3  0  0  815  0  0  0  136  0  0  0  0  0  1  0  0  0  0  1  1  70  1183  0  0  0  0  0  0  197  21  0  0  135  116  321  29  1  4  0  1  1  14  2  1048  3  51  4  15  60  2  0  0  516  0  3191  384  158  4  0  23453  9  542  0  10  0  1  111  14  0  0  0  4  16  0  857  1  2  8309  183  7  16  0  61  1356  2270  139  10  9  4  14905  20  27  14824  40230  6505  0  5931  9374  
0  0  0  0  0  0  0  0  0  0  0  0  0  0  0  0  0  0  0  0  0  0  0  0  0  0  0  0  0  0  0  97  0  0  0  0  0  0  0  0  0  0  0  0  0  0  0  0  0  0  0  0  0  0  0  0  0  0  0  0  0  0  0  0  0  1  0  0  0  22  0  0  0  0  350  0  1  9  5  763  647  371  15  3  0  122  15  221  486  12  41455  59408  0  1  0  0  7204  31051  3  41  21  18  1574  12  2394  8325  0  2  36  0  0  0  21  421  18362  0  7  1  17871  375  32525  28575  38277  1  0  11292  404  1004  1382  302  0  0  0  0  0  1034  39679  10528  33  336  7735  5656  5420  0  38  3  9  0  0  1  0  6  4  1  20664  114239  121  4345  0  192860  
0  0  0  0  0  0  0  0  0  0  0  0  0  0  0  0  0  0  0  0  0  0  0  0  0  0  0  0  0  0  14  2074  0  0  0  0  0  0  0  0  0  0  0  0  0  0  0  0  0  0  0  0  0  0  0  0  0  0  0  0  0  0  2  0  0  1  0  0  0  438  0  0  0  0  0  0  0  0  0  51  536  25  1  0  0  0  0  1  7  4  66  4389  0  0  0  0  24899  140  0  0  1  0  235  0  8  3544  0  2  2  1  0  0  0  0  6  0  57  0  1494  9  2  161  20  9  0  391  4  571  1  1  0  0  0  1  0  6  30284  36  0  165  36  140  586  0  0  24  51  0  4  9  0  214  23  33  54918  183573  4637  19558  355235  0  
