0  0  0  0  110360  1262  0  0  0  0  0  54  0  610  55068  5887  0  0  0  0  0  0  0  120569  0  1  0  0  2  0  28166  1  0  0  0  0  0  0  3346  377  0  0  0  0  8  0  9357  0  10102  0  0  39054  48269  868  0  0  0  0  0  0  0  39583  11  2270  0  1  2  43  0  42635  0  0  0  0  0  0  0  0  1  1  0  0  0  0  0  0  0  0  0  2  0  0  0  0  0  0  0  0  0  0  0  0  0  0  0  0  0  0  0  0  0  0  0  0  0  0  0  0  0  0  0  0  0  0  0  0  0  0  0  0  0  0  0  0  0  0  0  0  0  6  0  0  0  0  0  0  0  0  0  299  0  1  49471  0  0  5  0  0  0  0  
0  0  0  0  0  0  0  0  0  0  0  0  0  0  0  0  0  0  77698  0  72600  11496  0  0  0  0  0  0  0  0  0  0  0  0  0  0  50  97  0  0  0  64336  0  139  0  0  0  0  0  10  64809  0  0  0  0  0  7250  3  20755  22541  1321  0  0  0  0  0  0  0  0  0  0  24302  417  0  0  2  0  0  0  0  0  0  0  0  0  0  0  0  0  0  0  0  0  0  0  0  0  0  0  0  0  0  0  0  0  0  0  0  0  0  0  0  0  0  0  0  0  0  0  0  0  0  0  0  0  0  0  0  0  0  0  0  0  0  0  0  0  0  0  0  0  0  0  0  0  0  0  0  0  0  0  0  0  0  0  0  0  1  0  0  
0  0  0  0  0  0  0  2420  196  0  0  0  0  0  0  107553  0  0  0  0  0  0  0  0  0  0  27439  27959  28843  22909  0  0  0  0  0  0  0  0  0  0  5  0  0  0  88496  70221  0  1  0  0  0  0  0  0  0  395  0  0  0  0  0  0  0  0  16  11  21341  0  37  0  1  0  8  0  0  0  1067  0  0  0  0  8  0  0  0  0  0  0  0  69  0  0  0  0  0  0  0  0  0  0  0  0  0  3  0  0  0  0  0  0  0  0  0  0  0  0  0  0  0  29  0  0  0  0  0  0  0  0  0  0  0  0  0  0  0  0  0  0  0  0  0  0  0  0  0  0  0  0  0  0  1  463  57  185  0  0  0  0  0  0  
0  0  0  0  0  0  0  0  0  0  0  69145  0  1  0  0  456  154  0  0  0  0  0  7  0  102587  0  71808  59131  0  0  0  1453  529  1  138  0  0  0  0  7910  0  0  0  48864  0  1  56  62540  0  0  0  0  0  0  4  0  0  0  0  0  0  0  0  2  0  4684  14373  0  0  0  0  0  193  0  0  0  0  0  0  0  0  0  0  0  0  0  0  0  0  0  0  0  0  0  0  0  0  0  0  0  0  0  0  0  0  0  0  0  0  0  0  0  0  0  0  0  0  0  0  0  0  0  0  0  0  0  0  0  0  0  0  0  0  0  0  0  0  0  0  0  0  0  0  0  0  0  0  0  0  0  0  93  1  0  0  0  0  0  0  
90064  0  0  0  0  4563  1  0  0  0  0  19  0  319  14986  113990  0  0  0  0  0  0  0  254  0  0  0  0  0  0  16147  0  0  0  0  0  0  0  11  177  1  0  0  0  9  0  271  0  1708  0  0  711  50748  466  0  0  0  0  0  0  0  4  0  1  0  1  1  10  0  27157  0  0  0  0  4  0  0  0  5  198  0  0  0  0  0  0  0  0  0  201  0  0  0  0  0  0  0  1  0  0  0  0  0  0  0  0  0  0  0  0  0  0  0  0  0  0  0  0  0  0  0  0  0  0  0  0  1  0  0  0  0  0  0  0  0  0  0  0  0  7  0  0  0  5  0  0  0  0  0  217  0  1  11799  0  0  8  0  0  0  0  
4687  0  0  0  22663  0  88040  3  4  0  0  82  0  1095  22195  220386  0  0  0  0  0  0  0  263  0  2  0  0  3  0  3064  36044  0  0  0  0  0  0  17  572  4  0  0  0  11  1  163  0  12571  0  0  2924  13028  41113  0  1  0  0  0  0  0  9  402  118  0  84207  4  73  2  91510  1  0  0  0  42  0  0  0  0  10199  200  4  0  0  0  0  0  0  0  178  0  0  0  0  0  0  0  10  0  0  0  0  0  0  23  36  0  0  0  0  0  0  0  0  0  0  0  0  0  0  0  0  0  0  0  0  18  0  0  0  0  0  0  0  0  0  0  8  0  14466  0  0  0  44  0  0  0  0  0  144686  0  5  106955  384  0  564  0  0  0  0  
1  0  1  0  2  91798  0  74898  6566  0  0  0  0  0  3  239960  0  0  0  0  0  0  0  0  0  0  19  3  49  17  0  0  0  0  0  0  0  0  0  0  1  0  0  0  49  2198  0  0  7  0  0  4  0  19375  0  30  0  0  0  0  0  0  0  0  9  52783  0  11  404  0  2631  0  0  0  0  0  0  0  0  39  1355  706  1  0  0  0  0  0  0  64  0  0  0  0  0  0  0  0  0  0  0  0  0  0  0  0  0  0  0  0  0  0  0  0  0  0  0  0  0  1  0  0  0  0  0  0  0  0  0  0  0  0  0  0  0  0  0  0  0  460  0  0  0  0  0  0  0  0  0  273814  0  209  802  100  0  1  0  0  0  0  
1  0  1702  0  1  130  87395  0  81412  0  0  0  0  0  0  107797  0  0  0  0  0  0  0  0  0  0  263  217  28343  90  0  0  0  0  0  1  0  0  0  0  18  0  0  2  39189  72035  0  3  61  0  0  2  1  2849  0  692  0  2  0  0  0  0  0  0  119  64217  40  10  31506  0  9555  0  12  0  0  0  12  0  0  16  106  1266  70  0  0  0  0  0  0  12  0  0  0  0  0  0  0  0  0  0  0  0  0  0  0  0  0  0  0  0  0  0  0  0  0  0  0  0  1  4  0  0  0  0  0  0  0  0  0  0  0  0  0  0  0  0  0  0  0  507  0  0  0  0  1  0  0  0  0  29471  0  3261  4212  1226  0  0  0  0  1  0  
7  0  534  0  2  24  2319  36748  0  12068  1  0  0  1  0  24  0  0  0  0  0  2  1  1  1  0  31  11  4  29048  0  0  0  0  0  2  0  0  0  1  9  0  0  1353  44  39790  0  0  1  0  0  0  1  31  0  717  0  0  0  0  0  0  0  0  8216  79893  71  0  3  2  65130  0  20  0  0  0  23  0  0  1  10  161  1913  24  0  0  0  0  0  18  0  0  0  0  0  1  0  0  0  0  0  0  0  55  0  0  0  0  0  0  0  0  0  0  0  0  0  0  1  18  0  0  0  0  0  0  0  0  0  0  0  0  0  0  0  0  0  0  0  1087  1  0  0  0  54  0  0  0  0  397  12  58  80  10  0  7  0  0  2  0  
0  0  1  0  0  1  1  3  33852  0  3  0  0  0  0  0  0  0  0  0  1  353  10225  0  0  0  0  1  0  13685  0  0  0  0  0  0  0  0  0  0  0  0  0  51772  1  2  0  0  0  0  0  0  0  1  0  9  0  0  0  0  36  0  0  0  1853  47710  2  0  0  0  954  0  0  0  0  0  0  0  0  0  0  0  28  332  0  0  0  0  0  0  0  0  0  0  0  0  0  0  0  0  0  0  0  1  0  0  0  0  0  0  0  0  0  0  0  0  0  0  0  0  0  0  0  0  0  0  0  0  0  0  0  0  0  0  0  0  0  0  0  633  1  0  0  0  0  0  0  0  0  6  5377  9675  3  6  0  3  7  16  3  0  
0  0  0  0  0  0  0  0  2  7  0  0  0  0  0  0  0  0  1  149605  0  4965  0  0  0  0  102  0  0  1754  0  0  0  0  0  0  0  0  0  0  0  28164  0  173759  0  0  0  0  0  0  0  0  0  0  0  0  0  1550  0  0  0  0  0  0  108436  0  0  0  0  0  0  0  0  0  0  0  0  0  0  0  0  0  0  1  10301  0  0  0  0  0  0  0  0  31  0  117  0  0  0  0  0  0  0  59  0  0  0  0  0  0  0  0  0  0  0  1  0  14  0  0  0  0  0  0  0  0  0  0  0  0  0  0  0  0  0  0  0  0  0  0  0  0  0  0  0  0  0  0  0  0  0  0  0  0  0  0  0  0  0  0  
95  0  0  83050  3  67  0  0  0  0  0  0  85  49820  470  12  382  1230  0  0  0  0  1  385  3  77  0  174  37012  0  0  0  45  85  15  2  0  0  223  43860  36  0  0  0  27591  0  127  22  90181  0  0  56011  14  275  0  9  0  0  0  0  0  92  0  42  1  0  54  116229  6  0  0  0  1  1  0  0  0  0  0  0  0  0  0  0  0  0  0  0  0  0  0  0  0  0  0  0  0  0  0  0  0  0  0  0  0  0  0  0  0  0  0  0  0  0  0  0  0  0  0  0  0  0  0  0  0  0  0  0  0  0  0  0  0  0  0  0  0  0  0  0  0  0  0  0  0  0  0  0  0  57  0  1  978  0  0  0  0  0  0  0  
0  0  0  0  0  0  0  0  0  0  0  113  0  16299  1  0  0  44  0  0  0  0  0  95736  0  0  0  0  3  0  0  1  0  6  0  0  0  0  59239  68  0  0  0  0  0  0  12151  0  197  0  0  130  0  1  0  0  0  0  0  0  0  27860  0  4858  0  0  1  27  0  0  0  0  0  0  0  0  0  0  0  0  0  0  0  0  0  0  0  0  0  0  0  0  0  0  0  0  0  0  0  0  0  0  0  0  0  0  0  0  0  0  0  0  0  0  0  0  0  0  0  0  0  0  0  0  0  0  0  0  0  0  0  0  0  0  0  0  0  0  0  0  0  0  0  0  0  0  0  0  0  0  0  0  30  0  0  0  0  0  0  0  
570  0  0  0  14  207  0  0  0  0  0  57998  15698  0  1772  15  0  70  0  0  0  0  0  4202  2  0  0  0  16  0  0  2  0  2  0  0  0  0  82589  48608  8  0  0  0  33  0  1451  0  35371  0  0  78108  39  163  0  4  0  0  0  0  0  44798  1  1816  1  0  8  549  2  1  0  0  0  0  0  0  0  0  0  0  0  0  0  0  0  0  0  0  0  0  0  0  0  0  0  0  0  0  0  0  0  0  0  0  0  0  0  0  0  0  0  0  0  0  0  0  0  0  0  0  0  0  0  0  0  0  0  0  0  0  0  0  0  0  0  0  0  0  0  0  0  0  0  0  0  0  0  0  0  46  0  0  298  2  0  0  0  0  0  0  
58936  0  0  0  12331  9987  1  4  1  0  0  379  3  3119  0  168541  0  3  0  0  0  0  0  27893  0  1  0  6  52826  0  0  0  0  0  0  1  0  0  290  320  1  0  0  0  44  0  73  0  4075  0  0  360791  387992  246414  0  1  0  0  0  0  0  54567  0  690  0  1  4  43260  33386  32  0  0  0  0  1  0  0  0  0  12  0  0  0  0  0  0  0  0  0  0  0  0  0  0  0  0  0  0  0  0  0  0  0  0  0  0  0  0  0  0  0  0  0  0  0  0  0  0  0  0  0  0  0  0  0  0  0  0  0  0  0  0  0  0  0  0  0  1  0  15  0  0  0  0  0  0  0  0  0  3635  0  8  4445  6  0  8  0  0  0  0  
9220  0  122060  0  144634  220754  159119  120949  78  0  0  23  0  251  133970  0  0  0  0  0  0  0  0  23  0  0  1  10  42870  1  7770  0  0  0  0  0  0  0  3  144  0  0  0  0  11322  9037  1  0  1243  0  0  925  13221  272381  0  6  0  0  0  0  0  3  0  0  1  18  2  855  46812  44783  0  0  0  0  2  0  140  0  9  3818  72  377  0  0  0  0  0  0  0  6604  0  0  0  0  0  0  0  0  0  0  0  0  3  0  0  0  0  0  0  0  0  0  0  0  0  0  0  0  0  12  0  0  0  0  0  0  0  0  0  0  0  0  0  0  0  0  0  0  0  28  0  0  0  30  0  0  0  0  0  29390  0  388  3990  130  0  4  0  0  0  0  
0  0  0  728  0  0  0  0  0  0  0  1599  0  0  0  0  0  77523  0  0  0  0  12129  677  0  102  0  667  8  0  0  0  7688  299  34842  0  0  0  0  0  7635  0  8376  0  622  0  51  90421  34965  0  0  0  0  0  0  1  0  0  0  0  0  0  1  0  0  0  58  1  16  0  0  0  11  6  0  0  0  0  0  0  0  0  0  0  0  0  0  0  0  0  0  0  0  0  0  0  0  0  0  0  0  0  0  0  0  0  0  0  0  0  0  0  0  0  0  0  0  0  0  0  0  0  0  0  0  0  0  0  0  0  0  0  0  0  0  0  0  0  0  0  0  0  0  0  0  0  0  0  17574  0  232  344  143464  4  0  0  0  0  0  0  
0  0  0  913  0  0  0  0  0  0  0  11032  35  204  1  0  54680  0  0  0  0  0  22005  19565  0  0  0  0  1  0  0  2  123  27  2758  0  0  0  840  16  1  0  718  0  0  0  57025  2788  85133  0  0  15  0  9  0  0  0  0  0  0  0  0  4  0  0  0  0  4  0  0  0  0  0  0  0  0  0  0  0  0  0  0  0  0  0  0  0  0  0  0  0  0  0  0  0  0  0  0  0  0  0  0  0  0  0  0  0  0  0  0  0  0  0  0  0  0  0  0  0  0  0  0  0  0  0  0  0  0  0  0  0  0  0  0  0  0  0  0  0  0  0  0  0  0  0  0  0  0  52941  0  79  2040  189475  386  0  0  0  0  0  0  
0  78861  0  0  0  0  0  0  0  0  0  0  0  0  0  0  0  0  0  15226  27  16  0  0  58361  1  0  0  0  0  0  0  0  1  0  0  0  117  0  0  0  40712  0  7891  0  0  0  0  0  1  1261  0  0  0  0  310  167446  118302  43223  4  660  0  0  0  30  0  0  0  0  0  0  111  50259  0  0  0  0  0  0  0  0  0  0  0  0  0  0  0  0  0  0  0  0  0  0  0  0  0  0  0  0  0  0  0  0  0  0  0  0  0  0  0  0  0  0  0  0  0  0  0  0  0  0  0  0  0  0  0  0  0  0  0  0  0  0  0  0  0  0  0  0  0  0  0  0  0  0  0  0  0  4  0  0  0  0  0  0  0  0  0  
0  4  0  0  0  0  0  0  0  0  146066  0  0  0  0  0  0  0  16217  0  0  6  0  0  1268  0  23061  0  0  1  0  0  0  0  0  0  0  0  0  0  0  38767  0  21412  0  0  0  0  0  0  7  0  0  0  0  22305  1586  66230  0  0  0  0  0  0  40745  0  0  0  0  0  0  0  0  0  0  0  0  0  0  0  0  0  0  0  42  0  0  0  0  0  0  0  0  8  0  0  0  0  0  0  0  0  0  1  0  0  0  0  0  0  0  0  0  0  0  0  0  0  0  0  0  0  0  0  0  0  0  0  0  0  0  0  0  0  0  0  0  0  0  0  0  0  0  0  0  0  0  0  0  0  0  0  0  0  0  0  0  0  0  0  
0  66604  0  0  0  0  0  0  0  0  0  0  0  0  0  0  0  0  47  0  0  1523  743  0  0  0  0  0  0  0  0  0  0  0  0  0  4163  13  0  0  0  18  0  0  0  0  0  0  0  47814  25449  0  0  0  0  0  335  0  387  117393  152098  0  0  0  0  0  0  0  0  0  0  1257  150  0  0  0  0  0  0  0  0  0  0  0  0  0  0  0  0  0  0  0  0  0  0  0  0  0  0  0  0  0  0  0  0  0  0  0  0  0  0  0  0  0  0  0  0  0  0  0  0  0  0  0  0  0  0  0  0  0  0  0  0  0  0  0  0  0  0  0  0  0  0  0  0  0  0  0  0  0  40  59  0  0  0  0  0  2  0  0  
0  11249  0  0  0  0  0  0  0  266  3344  0  0  0  0  0  0  0  17  5  1177  0  9191  0  0  0  0  0  0  33  0  0  0  0  0  0  0  0  0  0  0  69068  0  186820  0  0  0  0  0  0  50102  0  0  0  0  0  2001  25  38  0  183158  0  0  0  377  0  0  0  0  0  0  0  25  0  0  13  0  0  0  0  0  0  1  1  859  0  0  0  0  0  0  0  0  0  2  5479  0  0  0  0  0  0  0  8  0  0  0  0  0  0  0  0  0  0  0  6  0  33  0  0  0  0  0  0  1  0  0  0  0  0  0  0  0  0  0  0  0  0  0  2  0  0  0  0  0  0  0  0  0  0  279  63  0  0  0  0  0  1  0  0  
0  0  0  0  0  0  0  0  268  9185  0  7  0  0  0  0  13837  39173  0  0  1264  10321  0  482  0  0  0  0  0  5  0  0  0  150  52369  0  386  42  0  0  0  0  68917  16765  0  0  1  11260  127  69  0  0  0  0  0  2  0  0  0  1  168753  0  1  0  114  38  0  0  0  0  111  9  79  0  0  0  0  0  0  0  0  0  0  0  0  0  0  0  0  0  0  0  0  0  0  0  1  0  0  0  0  0  0  0  0  0  0  0  0  0  0  0  0  0  0  0  0  0  0  0  0  0  0  0  0  0  0  0  0  0  0  0  0  0  0  0  0  0  0  0  0  0  0  0  0  0  0  0  128086  2  179091  3449  481  0  0  0  0  11  0  0  
139502  0  0  9  145  195  0  0  0  0  0  387  101820  1535  33136  8  26  16134  0  0  0  0  607  0  0  0  0  0  0  0  48976  1551  4  25  74  0  0  0  21507  117  1  0  258  0  1  0  88670  900  715  0  0  4623  109  16  0  0  0  0  0  0  0  120573  105129  255795  2  5  1  35  0  45787  0  0  0  0  0  0  0  0  0  0  0  0  0  0  0  0  0  0  0  0  0  0  0  0  0  0  0  2  0  0  0  0  0  0  15  3  0  0  0  0  0  0  0  0  0  0  0  0  0  0  0  0  0  0  0  0  0  0  0  0  0  0  0  0  0  0  1  0  0  0  0  0  0  0  0  0  0  0  306  6  13  182  119171  77  0  0  0  0  0  0  
0  0  0  0  0  0  0  0  0  0  0  3  0  1  0  0  0  0  62492  1158  0  0  0  1  0  30697  3979  29  0  0  0  0  0  3  0  1055  0  4  1  0  9132  0  0  13  34  0  0  8  31  0  1  13  0  0  97112  138770  12  13233  1  0  1  0  0  0  5  0  218  5  2  0  0  0  141092  0  0  0  0  0  0  0  0  0  0  0  0  0  0  0  0  0  0  0  0  0  0  0  0  0  0  0  0  0  0  0  0  0  0  0  0  0  0  0  0  0  0  0  0  0  0  0  0  0  0  0  0  0  0  0  0  0  0  0  0  0  0  0  0  0  0  0  0  0  0  0  0  0  0  0  0  0  43  0  98  0  0  0  0  0  0  0  
4  0  0  67922  0  0  0  0  0  0  0  108  0  20  0  1  34  0  2  0  0  0  0  4  32270  0  196  22824  6  0  0  0  649  10763  0  103103  0  4  0  4  100062  0  0  3  416  0  0  84  22420  0  0  60  0  6  46496  23888  0  1  0  0  0  0  0  1  80  1  142624  289  5  0  0  0  16330  524  0  0  0  0  0  0  0  0  0  0  0  0  0  0  0  0  0  0  0  0  0  0  0  0  0  0  0  0  0  0  0  0  0  0  0  0  0  0  0  0  0  0  0  0  0  0  0  0  0  0  0  0  0  0  0  0  0  0  0  0  0  0  0  0  0  0  0  0  0  0  0  0  0  0  0  1  0  1  407  0  0  0  0  0  0  0  
0  0  25162  0  0  2  4  80  86  1  56  0  0  0  0  1  0  0  0  23185  0  0  0  0  2631  194  0  1228  124  263545  0  0  0  0  0  0  0  0  0  0  8  0  0  1  443  6110  0  4  0  0  0  1  0  2  0  323895  0  6  0  0  0  0  0  0  47027  434  97406  0  36  0  14383  0  36  0  0  0  0  0  0  0  0  0  0  0  0  0  0  0  0  0  0  0  0  0  0  0  0  0  0  0  0  0  0  19  0  0  0  0  0  0  0  0  0  0  0  0  0  0  0  0  0  0  0  0  0  0  0  0  0  0  0  0  0  0  0  0  0  0  0  1  0  0  0  0  0  0  0  0  0  45  0  338  72  121  0  0  0  0  0  0  
0  0  25620  54681  0  0  0  16  2  0  0  286  0  10  1  2  1  0  0  0  0  0  0  1  24  18680  1519  0  4379  14  0  0  0  0  0  2  0  0  0  2  424  0  0  0  288725  9888  0  32  4978  0  0  25  0  5  1  363  0  0  0  0  0  0  0  0  91  17  241096  87  106  0  0  0  13  0  0  0  0  0  0  0  0  0  0  0  0  0  0  0  0  0  0  0  0  0  0  0  0  0  0  0  0  0  0  0  0  0  0  0  0  0  0  0  0  0  0  0  0  0  0  0  0  0  0  0  0  0  0  0  0  0  0  0  0  0  0  0  0  0  0  0  0  0  0  0  0  0  0  0  0  2  0  1880  1109  2036  0  0  0  0  0  0  
0  0  30575  45085  1  0  17  16933  0  0  0  25110  1  9  36942  20771  0  1  0  0  0  0  0  0  0  7  32  10955  0  16  0  0  0  37  0  0  0  0  0  1  48  0  0  0  306466  4544  0  14  2267  0  0  828  0  13434  0  101  0  1  0  0  0  2  0  1  1  88  547  155215  190154  0  7  0  2  0  0  0  0  0  0  0  0  0  0  0  0  0  0  0  0  0  0  0  0  0  0  0  0  0  0  0  0  0  0  0  0  0  0  0  0  0  0  0  0  0  0  0  0  0  0  0  0  0  0  0  0  0  0  0  0  0  0  0  0  0  0  0  0  0  0  1  0  0  0  0  0  0  0  0  0  216  0  14179  9948  4755  0  0  0  0  0  0  
0  0  19196  0  0  0  4  75  35061  22368  2179  0  0  0  0  0  0  0  0  1  0  368  0  0  0  0  254527  35  83  0  0  0  0  0  0  0  0  0  0  0  1  0  0  9760  188  87147  0  1  0  0  0  0  0  0  0  28390  0  0  0  0  0  0  0  0  109614  369  118  0  17  0  158944  0  0  0  0  0  50  0  0  0  0  21  338  48  86  0  0  0  0  0  0  0  0  0  0  3  0  0  0  0  0  0  0  2944  0  0  0  0  0  0  0  0  0  0  0  0  0  0  0  37  0  0  0  0  0  0  0  0  0  0  0  0  0  0  0  0  0  0  1  73  0  0  0  0  102  0  0  0  0  10  2  264  4  36  0  0  1  0  0  0  
34424  0  0  0  14508  1141  0  0  0  0  0  0  0  0  0  8498  0  0  0  0  0  0  0  42509  0  0  0  0  0  0  0  14643  0  0  0  0  0  0  0  0  0  0  0  0  0  0  20  0  0  0  0  0  0  0  0  0  0  0  0  0  0  0  109019  318  0  12  0  0  0  129408  0  0  0  0  28  0  0  0  48  3051  0  0  0  0  0  0  0  0  0  995  0  0  0  0  0  0  4  22  0  0  0  0  0  0  9291  561  0  0  0  0  0  0  0  0  0  0  0  0  0  0  0  0  0  0  0  0  0  0  0  0  0  0  0  0  0  0  95  0  0  23  0  0  0  3424  0  0  0  0  2  0  1  15  236  7  3  1  0  205  157  0  
1  0  0  0  0  25502  0  0  0  0  0  0  0  2  0  1  7  161  0  0  0  0  1  173  0  0  0  0  0  0  8306  0  0  0  0  0  0  0  4  0  0  0  0  0  0  0  378  0  0  0  0  0  0  0  0  0  0  0  0  0  0  2  8656  1478  0  34874  0  0  0  52921  0  0  0  0  0  0  0  0  0  3586  0  0  0  0  0  0  0  0  0  2  0  2  0  0  0  0  18  4  0  0  0  0  0  0  111  3142  0  0  0  0  0  0  0  0  0  0  0  0  0  0  0  0  0  0  0  0  0  0  0  0  0  0  0  0  0  0  36  0  0  530  0  0  0  241  0  0  0  0  14  0  7  1153  10473  17501  7  325  11  570  74  25  
0  0  0  2093  0  0  0  0  0  0  0  27  0  0  0  0  1778  261  0  0  0  0  0  0  0  598  0  0  0  0  0  0  0  66414  1336  178  0  0  0  0  18020  0  0  0  0  0  0  102055  86  0  0  0  0  0  0  0  0  0  0  0  0  0  0  0  0  0  0  0  0  0  0  0  475  72877  0  0  0  0  0  0  0  0  0  0  0  0  0  0  0  0  0  0  0  0  0  0  0  0  0  0  0  0  0  0  0  0  0  0  0  0  0  0  0  0  0  0  0  0  0  0  0  0  0  0  0  0  0  0  0  0  0  0  0  0  0  0  0  0  0  0  0  0  0  0  0  0  0  0  0  0  0  0  656  0  0  0  0  0  0  0  
0  0  0  586  0  0  0  0  0  0  0  71  7  4  0  0  60  6  12  0  0  0  3  147  0  10768  0  0  23  0  0  0  52899  0  129271  104879  92  50323  1  0  2606  0  63818  0  2  0  1  85378  6  15  0  2  0  0  4  2  0  0  13  0  0  1  0  0  0  0  1  9  0  0  0  5923  184546  49760  0  0  0  0  0  0  0  0  0  0  0  0  0  0  0  0  0  0  0  0  0  0  0  0  0  0  0  0  0  0  0  0  0  0  0  0  0  0  0  0  0  0  0  0  0  0  0  0  0  0  0  0  0  0  0  0  0  0  0  0  0  0  0  0  0  0  0  0  0  0  0  0  0  0  4  0  17  0  1915  0  0  0  0  0  0  0  
0  0  0  6  0  0  0  0  0  0  0  305  0  0  0  0  40558  10814  0  0  0  0  61768  133  0  0  0  0  0  0  0  0  417  106881  0  6  9  1193  0  0  3  0  98165  0  0  0  7  112199  3  48  0  0  0  0  0  0  0  0  0  0  6  0  0  0  0  0  0  0  0  0  0  706  55333  218  0  0  0  0  0  0  0  0  0  0  0  0  0  0  0  0  0  0  0  0  0  0  0  0  0  0  0  0  0  0  0  0  0  0  0  0  0  0  0  0  0  0  0  0  0  0  0  0  0  0  0  0  0  0  0  0  0  0  0  0  0  0  0  0  0  0  0  0  0  0  0  0  0  0  42441  0  86  1  534  0  0  0  0  0  0  0  
1  0  0  129  0  0  0  1  0  0  0  25  0  7  0  1  0  2  0  0  0  0  0  2  170  85726  0  8  5  0  0  0  126  88854  0  0  0  22  0  4  72885  0  0  0  86  0  0  1398  237  0  0  31  0  3  925  3413  0  0  0  0  0  0  0  0  8  8  22566  45  7  0  1  1  58405  35191  0  0  0  0  0  0  0  0  0  0  0  0  0  0  0  0  0  0  0  0  0  0  0  0  0  0  0  0  0  0  0  0  0  0  0  0  0  0  0  0  0  0  0  0  0  0  0  0  0  0  0  0  0  0  0  0  0  0  0  0  0  0  0  0  0  0  0  0  0  0  0  0  0  0  4  1  30  8  9000  0  0  0  0  0  0  0  
0  42  0  0  0  0  0  0  0  0  0  0  0  0  0  0  0  0  0  0  4848  0  838  0  0  0  0  0  0  0  0  0  0  42  2  0  0  36396  0  0  0  0  110587  0  0  0  0  2  0  155021  0  0  0  0  0  0  1  0  0  77297  64998  0  0  0  0  0  0  0  0  0  0  198888  3703  0  0  0  0  0  0  0  0  0  0  0  0  0  0  0  0  0  0  0  0  0  0  0  0  0  0  0  0  0  0  0  0  0  0  0  0  0  0  0  0  0  0  0  0  0  0  0  0  0  0  0  0  0  0  0  0  0  0  0  0  0  0  0  0  0  0  0  0  0  0  0  0  0  0  0  1  0  4572  0  0  0  0  0  0  0  0  0  
0  241  0  0  0  0  0  0  0  0  0  0  0  0  0  0  4  0  391  0  6  0  0  0  1  4  0  0  0  0  0  0  2  63502  2223  3  33478  0  0  0  0  0  26823  5  0  0  0  385  0  6056  0  0  0  0  0  0  0  0  37503  229  1408  0  0  0  0  0  0  0  0  0  0  285189  259995  0  0  0  0  0  0  0  0  0  0  0  0  0  0  0  0  0  0  0  0  0  0  0  0  0  0  0  0  0  0  0  0  0  0  0  0  0  0  0  0  0  0  0  0  0  0  0  0  0  0  0  0  0  0  0  0  0  0  0  0  0  0  0  0  0  0  0  0  0  0  0  0  0  0  0  5  0  1930  0  0  0  0  0  0  0  0  0  
5499  0  0  0  60  35  1  0  0  0  0  620  57816  52816  43  3  0  82  0  0  0  0  0  33337  1  0  0  0  3  0  0  25  0  0  0  0  0  0  0  3090  5  0  0  0  13  0  20453  0  21400  0  0  19600  18  38  0  0  0  0  0  0  0  24403  2  18378  0  0  1  204  0  0  0  0  0  0  0  0  0  0  0  0  0  0  0  0  0  0  0  0  0  0  0  0  0  0  0  0  0  0  0  0  0  0  0  0  0  0  0  0  0  0  0  0  0  0  0  0  0  0  0  0  0  0  0  0  0  0  0  0  0  0  0  0  0  0  0  0  0  0  0  0  0  0  0  0  0  0  0  0  0  8  0  0  1044  1  0  0  0  0  0  0  
101  0  0  0  6  68  0  0  0  0  0  67143  3  59866  13  5  0  3  0  0  0  0  0  460  0  0  0  0  0  0  0  2  0  0  0  0  0  0  17268  0  1  0  0  0  13  0  30  0  54570  0  0  4988  11  68  0  1  0  0  0  0  0  2162  0  1915  0  0  8  1242  1  0  0  0  0  0  0  0  0  0  0  0  0  0  0  0  0  0  0  0  0  0  0  0  0  0  0  0  0  0  0  0  0  0  0  0  0  0  0  0  0  0  0  0  0  0  0  0  0  0  0  0  0  0  0  0  0  0  0  0  0  0  0  0  0  0  0  0  0  0  0  0  0  0  0  0  0  0  0  0  0  11  0  0  111  0  0  0  0  0  0  0  
5  0  64  4410  0  3  1  13  42  0  0  233  0  131  1  5  6821  8  0  0  0  0  0  17  2807  90745  27  2816  242  3  0  0  16420  3218  0  95798  0  0  3  45  0  0  0  22  4706  18  0  41436  39373  0  0  272  0  44  237  10980  0  7  0  0  0  6  0  5  209  155  34811  619  629  0  2  0  16834  26437  0  0  0  0  0  0  0  0  0  0  0  0  0  0  0  0  0  0  0  0  0  0  0  0  0  0  0  0  0  0  0  0  0  0  0  0  0  0  0  0  0  0  0  0  0  0  0  0  0  0  0  0  0  0  0  0  0  0  0  0  0  0  0  0  0  0  0  0  0  0  0  0  0  0  57  37  295  228  180101  12498  0  0  0  0  0  0  
0  64456  0  0  0  0  0  0  0  0  21353  0  0  0  0  0  0  0  40272  38675  2  66380  0  0  0  0  0  0  0  0  0  0  0  0  0  0  0  0  0  0  0  0  0  52604  0  0  0  0  0  0  9673  0  0  0  0  0  81049  59  25  0  17  0  0  0  0  0  0  0  0  0  0  2  2  0  0  0  0  0  0  0  0  0  0  0  3  0  0  0  0  0  0  0  0  0  0  2  0  0  0  0  0  0  0  0  0  0  0  0  0  0  0  0  0  0  0  0  0  0  0  0  0  0  0  0  0  0  0  0  0  0  0  0  0  0  0  0  0  0  0  0  0  0  0  0  0  0  0  0  0  0  0  0  0  0  0  0  0  0  0  0  
0  0  0  0  0  0  0  0  0  0  0  0  0  0  0  0  1972  143  0  0  2  2  58063  501  0  0  0  0  0  0  0  0  0  63233  54490  0  123140  6425  0  0  0  0  0  0  0  0  0  17530  0  1116  0  0  0  0  0  0  0  0  0  0  41674  0  0  0  0  0  0  0  0  0  0  24696  19111  0  0  0  0  0  0  0  0  0  0  0  0  0  0  0  0  0  0  0  0  0  0  0  0  0  0  0  0  0  0  0  0  0  0  0  0  0  0  0  0  0  0  0  0  0  0  0  0  0  0  0  0  0  0  0  0  0  0  0  0  0  0  0  0  0  0  0  0  0  0  0  0  0  0  0  43547  0  1859  0  14  0  0  0  0  0  0  0  
0  749  1  0  0  0  0  1  4839  53414  157497  0  0  0  0  0  0  0  15751  25147  2  180102  5675  0  238  0  6  109  1  8766  0  0  0  0  0  0  0  4  0  0  20  58350  0  0  55  4  0  0  5  0  4235  0  0  2  0  519  8568  71900  672  3  27052  0  0  0  113991  577  34  0  1  0  2438  4  2968  0  0  0  0  0  0  0  0  0  0  8  145  0  0  0  0  0  0  0  0  0  0  9  0  0  0  0  0  0  0  3  0  0  0  0  0  0  0  0  0  0  0  0  0  0  0  0  0  0  0  0  0  0  0  0  0  0  0  0  0  0  0  0  0  0  0  4  0  0  0  0  0  0  0  0  0  12  11838  228  200  15  0  0  0  2  0  0  
49  0  92895  64157  4  32  17  36491  10  0  0  27481  0  388  14  5147  1  0  0  0  0  0  0  71  226  1958  241  399124  326635  54  0  0  0  0  0  6  0  0  26  127  2037  0  0  3  0  74307  0  209  57647  0  0  1648  16  1893  3  1570  0  2  0  0  0  21  0  18  237  219  146562  24596  92756  0  9  0  55  0  0  0  0  0  0  0  0  0  1  0  0  0  0  0  0  0  0  0  0  0  0  0  0  0  0  0  0  0  0  0  0  0  0  0  0  0  0  0  0  0  0  0  0  0  0  0  0  0  0  0  0  0  0  0  0  0  0  0  0  0  0  0  0  0  0  3  0  0  0  0  0  0  0  0  2  230  3  25554  44894  12526  0  0  0  0  0  0  
1  0  70106  0  0  7  315  57028  31471  0  0  0  0  0  1  6244  0  0  0  0  0  0  0  0  2  0  43062  10421  8837  157248  0  0  0  0  0  2  0  0  0  0  5  0  0  1  66646  0  0  0  1  0  0  0  0  59  0  33297  0  2  0  0  0  0  0  0  42  1837  5737  2  1547  0  30826  0  6  0  0  0  27  0  0  0  0  3  150  0  0  0  0  0  0  17  0  0  0  0  0  0  0  0  0  0  0  0  0  12  0  0  0  0  0  0  0  0  0  0  0  0  0  0  0  33  0  0  0  0  0  0  0  0  0  0  0  0  0  0  0  0  0  0  0  4  0  0  0  0  30  0  0  0  0  62  5  9394  187  581  0  0  0  0  0  0  
8203  0  0  0  628  79  0  0  0  0  0  218  9926  687  4  10  5  48376  0  0  0  0  28  75712  0  0  0  0  0  0  1  200  0  1  1  0  0  0  22804  49  0  0  3  0  2  0  0  997  16279  0  0  184  134  37  0  0  0  0  0  0  0  3657  156  43770  0  0  0  29  0  24  0  0  0  0  0  0  0  0  0  0  0  0  0  0  0  0  0  0  0  0  0  0  0  0  0  0  0  0  0  0  0  0  0  0  0  0  0  0  0  0  0  0  0  0  0  0  0  0  0  0  0  0  0  0  0  0  0  0  0  0  0  0  0  0  0  0  0  0  0  0  0  0  0  0  0  0  0  0  15  9  0  52  138273  6  0  0  0  0  0  0  
0  0  1  90  0  0  0  1  1  0  0  126  0  6  0  0  93452  11680  0  0  0  0  12465  3081  46  75  2  222  53  0  0  0  73796  106599  129475  666  2  397  0  1  45989  0  39065  8  373  0  3274  0  596  13  0  10  0  2  0  29  0  0  4  0  10  1  1  0  1  1  24  10  156  0  0  176  191053  32367  0  0  0  0  0  0  0  0  0  0  0  0  0  0  0  0  0  0  0  0  0  0  0  0  0  0  0  0  0  0  0  0  0  0  0  0  0  0  0  0  0  0  0  0  0  0  0  0  0  0  0  0  0  0  0  0  0  0  0  0  0  0  0  0  0  0  0  0  0  0  0  0  0  0  10011  2  6770  632  190425  489  0  0  0  0  0  0  
8160  0  0  44503  1300  13379  1  33  0  0  0  96110  21  22407  1347  753  28811  82537  0  0  0  0  2  2699  205  21500  0  7541  4446  0  0  2  62  1  0  5  0  0  23744  35077  60028  0  0  3  85692  0  17187  492  0  0  0  21308  3532  5656  7  563  0  2  0  0  0  1801  1  1724  87  7  7510  85121  2525  12  0  0  26  2  1  0  0  0  0  13  0  0  0  0  0  0  0  0  0  0  0  0  0  0  0  0  0  0  0  0  0  0  0  0  0  0  0  0  0  0  0  0  0  0  0  0  0  0  0  0  0  0  0  0  0  0  0  0  0  0  0  0  0  0  0  0  0  0  0  26  0  0  0  0  0  0  0  0  562  1773  6  64  285914  37  0  9  0  0  0  0  
0  75  0  0  0  0  0  0  0  0  0  0  0  0  0  0  0  0  2  0  51146  0  235  0  0  0  0  0  0  0  0  0  0  7  34  0  172589  5205  0  0  0  1  5739  0  0  0  0  30  0  0  70  0  0  0  0  0  19  0  19  27066  122273  0  0  0  0  0  0  0  0  0  0  16653  11181  0  0  0  0  0  0  0  0  0  0  0  0  0  0  0  0  0  0  0  0  0  0  0  0  0  0  0  0  0  0  0  0  0  0  0  0  0  0  0  0  0  0  0  0  0  0  0  0  0  0  0  0  0  0  0  0  0  0  0  0  0  0  0  0  0  0  0  0  0  0  0  0  0  0  0  0  0  5062  0  0  0  0  0  0  0  0  0  
0  74733  0  0  0  0  0  0  0  0  0  0  0  0  0  0  0  0  256  4  24490  57723  0  0  0  0  0  0  0  0  0  0  0  0  0  0  0  1  0  0  0  13312  0  2821  0  0  0  0  0  4  0  0  0  0  0  0  9424  28  13605  456  65668  0  0  0  1  0  0  0  0  0  0  937  2306  0  0  0  0  0  0  0  0  0  0  0  0  0  0  0  0  0  0  0  0  0  0  0  0  0  0  0  0  0  0  0  0  0  0  0  0  0  0  0  0  0  0  0  0  0  0  0  0  0  0  0  0  0  0  0  0  0  0  0  0  0  0  0  0  0  0  0  0  0  0  0  0  0  0  0  0  0  2  0  0  0  0  0  0  0  0  0  
42398  0  0  2  466  2809  17  0  0  0  0  74236  9  120511  327326  6958  0  17  0  0  0  0  0  24890  17  16  0  2  1012  0  0  3  0  0  0  1  0  0  14930  14829  72  0  0  0  561  0  665  3  27654  0  0  0  109363  63473  0  53  0  1  0  0  0  28001  1  3580  8  5  144  127217  27  8  0  0  5  0  0  0  0  0  0  5  0  0  0  0  0  0  0  0  0  0  0  0  0  0  0  0  0  0  0  0  0  0  0  0  0  0  0  0  0  0  0  0  0  0  0  0  0  0  0  0  0  0  0  0  0  0  0  0  0  0  0  0  0  0  0  0  0  0  0  3  0  0  0  0  0  0  0  0  0  19179  0  10  68408  11  0  8  0  0  0  0  
39290  0  0  0  58190  18786  1  0  0  0  0  91  0  1613  358611  39475  0  0  0  0  0  0  0  548  0  1  0  1  2  0  0  0  0  0  0  0  0  0  132  900  7  0  0  0  27  0  168  0  13281  0  0  78328  0  68332  0  1  0  0  0  0  0  73  0  49  1  3  4  564  0  25  0  0  1  0  2  0  0  0  0  31  0  2  0  0  0  0  0  0  0  0  0  0  0  0  0  0  0  0  0  0  0  0  0  0  0  0  0  0  0  0  0  0  0  0  0  0  0  0  0  0  0  0  0  0  0  0  0  0  0  0  0  0  0  0  0  0  0  1  0  107  0  0  0  0  0  0  0  0  0  33403  0  1  27191  0  0  37  0  0  0  0  
379  0  2  0  377  40052  4131  3632  6  0  0  8  0  13  247124  335715  0  2  0  0  0  0  0  20  0  0  2  239  18820  1  0  0  0  0  0  0  0  0  0  8  3  0  0  0  1684  10  10  0  450  0  0  71519  65381  0  0  10  0  0  0  0  0  3  0  2  6  41  24  53999  91617  10  11  0  0  0  0  0  0  0  0  0  0  1  0  0  0  0  0  0  0  0  0  0  0  0  0  0  0  0  0  0  0  0  0  0  0  0  0  0  0  0  0  0  0  0  0  0  0  0  0  0  0  0  0  0  0  0  0  0  0  0  0  0  0  0  0  0  0  0  0  19  0  0  0  0  0  0  0  0  0  206404  0  1294  18997  515  0  4  0  0  0  0  
1  0  0  1  0  0  0  0  0  0  0  2  0  0  0  0  0  0  0  0  0  0  0  0  86310  51656  0  0  0  0  0  0  0  13  0  9244  0  0  0  0  792  0  0  0  8  0  0  0  24  0  0  7  0  0  0  32381  0  0  0  0  0  0  0  0  6  0  3534  7  0  0  0  0  68645  0  0  0  0  0  0  0  0  0  0  0  0  0  0  0  0  0  0  0  0  0  0  0  0  0  0  0  0  0  0  0  0  0  0  0  0  0  0  0  0  0  0  0  0  0  0  0  0  0  0  0  0  0  0  0  0  0  0  0  0  0  0  0  0  0  0  0  0  0  0  0  0  0  0  0  0  1  0  0  3  0  0  0  0  0  0  0  
7  0  2040  1  1  24  38  371  2216  1  0  60  0  54  3  16  2  0  505  21634  0  0  0  10  178703  23723  358159  1307  226  44681  0  0  0  2  0  9545  0  0  4  20  26815  0  0  1308  1814  9108  0  41  548  0  7  214  1  50  22610  0  1  47532  4  0  9  3  0  1  77882  6242  105901  95  133  1  30877  0  10124  0  0  0  0  0  0  1  0  1  1  0  0  0  0  0  0  0  0  0  0  0  0  0  0  0  0  0  0  0  0  0  0  0  0  0  0  0  0  0  0  0  0  0  0  0  0  0  0  0  0  0  0  0  0  0  0  0  0  0  0  0  0  0  0  0  0  22  0  0  0  0  0  0  0  0  0  831  107  590  1559  326  0  0  0  0  0  0  
0  12345  0  0  0  0  0  0  0  0  3  0  0  0  0  0  0  0  182476  708  36  1165  0  0  50  0  0  0  0  0  0  0  0  0  0  0  0  0  0  0  0  80515  0  10080  0  0  0  0  0  1  10919  0  0  0  0  4  0  27615  18713  20  1864  0  0  0  25  0  0  0  0  0  0  32  3238  0  0  0  0  0  0  0  0  0  0  0  0  0  0  0  0  0  0  0  0  0  0  0  0  0  0  0  0  0  0  0  0  0  0  0  0  0  0  0  0  0  0  0  0  0  0  0  0  0  0  0  0  0  0  0  0  0  0  0  0  0  0  0  0  0  0  0  0  0  0  0  0  0  0  0  0  0  1  0  0  0  0  0  0  0  0  0  
0  21  0  0  0  0  0  0  1  0  1482  0  0  0  0  0  0  0  116525  76658  1  23  0  0  11953  0  7  33  0  0  0  0  0  0  0  0  0  0  0  0  7  85  0  72874  25  0  0  1  2  0  387  0  0  0  0  49050  16906  0  96  0  281  0  0  0  9827  0  7  0  1  0  0  0  30598  0  0  0  0  0  0  0  0  0  0  0  0  0  0  0  0  0  0  0  0  0  0  0  0  0  0  0  0  0  0  0  0  0  0  0  0  0  0  0  0  0  0  0  0  0  0  0  0  0  0  0  0  0  0  0  0  0  0  0  0  0  0  0  0  0  0  0  0  0  0  0  0  0  0  0  0  0  38  0  43  1  0  0  0  0  0  0  
0  29474  0  0  0  0  0  0  0  0  0  0  0  0  0  0  0  0  40852  0  830  7  1  0  0  0  0  0  0  0  0  0  0  7  0  0  0  46148  0  0  0  18  0  87  0  0  0  0  0  7  6102  0  0  0  0  0  17341  120  0  319  4176  0  0  0  0  0  0  0  0  0  0  91974  73543  0  0  0  0  0  0  0  0  0  0  0  0  0  0  0  0  0  0  0  0  0  0  0  0  0  0  0  0  0  0  0  0  0  0  0  0  0  0  0  0  0  0  0  0  0  0  0  0  0  0  0  0  0  0  0  0  0  0  0  0  0  0  0  0  0  0  0  0  0  0  0  0  0  0  0  0  0  705  0  0  0  0  0  0  0  0  0  
0  26618  0  0  0  0  0  0  0  0  0  0  0  0  0  0  0  0  31  0  142918  0  0  0  0  0  0  0  0  0  0  0  0  0  0  0  70988  1906  0  0  0  16  0  7  0  0  0  0  0  25078  791  0  0  0  0  0  365  0  459  0  11609  0  0  0  0  0  0  0  0  0  0  57929  1414  0  0  0  0  0  0  0  0  0  0  0  0  0  0  0  0  0  0  0  0  0  0  0  0  0  0  0  0  0  0  0  0  0  0  0  0  0  0  0  0  0  0  0  0  0  0  0  0  0  0  0  0  0  0  0  0  0  0  0  0  0  0  0  0  0  0  0  0  0  0  0  0  0  0  0  0  0  408  0  0  0  0  0  0  0  0  0  
0  5264  0  0  0  0  0  0  0  19  0  0  0  0  0  0  0  0  366  0  139519  173463  118710  0  1  0  0  1  0  0  0  0  0  0  13  0  56022  4279  0  0  0  14  44910  27917  1  0  0  4  1  105404  77536  0  0  0  0  2  1638  95  8104  6664  0  0  0  0  0  0  0  1  0  0  0  7927  33954  0  0  0  0  0  0  0  0  0  0  0  0  0  0  0  0  0  0  0  0  0  0  0  0  0  0  0  0  0  0  0  0  0  0  0  0  0  0  0  0  0  0  0  0  0  0  0  0  0  0  0  0  0  0  0  0  0  0  0  0  0  0  0  0  0  0  0  0  0  0  0  0  0  0  0  549  0  126626  87  3  0  0  0  0  0  0  0  
10807  0  0  0  0  2  0  0  0  0  0  184  29724  65765  42270  0  0  0  0  0  0  0  0  100350  0  0  0  0  0  0  0  9  0  0  0  0  0  0  47295  338  0  0  0  0  4  0  344  0  851  0  0  30478  175  9  0  0  0  0  0  0  0  0  0  41052  0  0  0  137  0  0  0  0  0  0  0  0  0  0  0  0  0  0  0  0  0  0  0  0  0  0  0  0  0  0  0  0  0  0  0  0  0  0  0  0  0  0  0  0  0  0  0  0  0  0  0  0  0  0  0  0  0  0  0  0  0  0  0  0  0  0  0  0  0  0  0  0  0  0  0  0  0  0  0  0  0  0  0  0  0  2  0  0  433  0  0  0  0  0  0  0  
2  0  0  0  0  39  0  0  0  0  0  1  1  6  0  0  4  34  0  0  0  0  5  102866  0  0  0  0  0  0  90799  25907  0  0  0  0  0  0  16  1  0  0  0  0  0  0  3432  0  6  0  0  5  0  0  0  0  0  0  0  0  0  32  0  22696  0  3  0  0  0  41771  0  0  0  0  0  0  0  0  0  4  0  0  0  0  0  0  0  0  0  0  0  0  0  0  0  0  0  0  0  0  0  0  0  0  24  8  0  0  0  0  0  0  0  0  0  0  0  0  0  0  0  0  0  0  0  0  0  0  0  0  0  0  0  0  0  0  1  0  0  2  0  0  0  11  0  0  0  0  31  0  8  283  14385  42  0  0  0  9  1  1  
8146  0  0  0  16  83  0  0  0  0  0  247  1821  3218  2739  1  0  1  0  0  0  0  0  289275  1  1  0  0  0  0  106  4858  0  0  0  0  0  0  11987  326  1  0  0  0  6  0  46333  0  994  0  0  3135  31  14  0  0  0  0  0  0  0  90994  19917  0  0  2  1  119  0  90  0  0  0  0  0  0  0  0  0  0  0  0  0  0  0  0  0  0  0  0  0  0  0  0  0  0  0  0  0  0  0  0  0  0  0  0  0  0  0  0  0  0  0  0  0  0  0  0  0  0  0  0  0  0  0  0  0  0  0  0  0  0  0  0  0  0  0  0  0  0  0  0  0  0  0  0  0  0  0  1  0  2  80252  161  0  0  0  0  0  0  
1  0  1  0  0  7  0  39  6578  1845  93817  15  0  6  0  4  0  0  705  53285  0  418  0  0  30  8  55621  359  6  109053  0  0  0  0  0  5  0  0  0  0  106  0  0  96800  281  5  0  2  247  0  1  19  0  6  0  78429  49  19462  2  0  4  0  0  0  0  1730  571  22  21  1  29587  0  2322  0  0  0  0  0  0  1  0  0  0  2  1  0  0  0  0  0  0  0  0  0  0  0  0  0  0  0  0  0  0  3  0  0  0  0  0  0  0  0  0  0  0  0  0  0  0  0  0  0  0  0  0  0  0  0  0  0  0  0  0  0  0  0  0  0  0  10  0  0  0  0  0  0  0  0  0  216  56  15  557  12  0  1  0  0  0  0  
75  0  191  0  9  61292  60691  50268  102096  44512  0  0  0  3  0  184  0  0  0  0  0  1  0  15  3  1  258  94  55  423  112  43213  0  0  0  5  0  0  0  1  46  0  0  129  478  4005  0  1  22  0  0  11  4  372  0  2504  0  8  0  0  0  0  2  8  2389  0  379  9  154  235  12547  0  64  0  2  0  0  0  0  4395  105  358  615  281  0  0  0  0  4  15  0  0  0  0  0  0  0  0  0  1  1  1  0  2  3  142  0  0  0  0  0  0  0  0  0  0  0  0  10  0  0  0  3  0  0  1  2  19  0  1  0  0  0  0  0  0  1  0  0  13146  9  0  1  0  3  0  0  0  0  42335  440  6643  11773  6106  0  1019  16  13  34  0  
41  0  34701  3179  2  27  0  28  52  0  0  471  0  246  7  18  0  0  6  0  0  0  0  53  617  146814  88719  284034  1099  177  0  0  0  0  0  18266  0  0  13  76  28889  0  0  60  88221  11392  1  79  18533  0  0  1593  11  93  1083  130656  0  67  0  0  1  6  0  7  5976  263  0  2360  288  0  3  0  821  0  0  0  0  0  0  0  0  0  0  0  0  0  0  0  0  0  0  0  0  0  0  0  0  0  0  0  0  0  0  0  0  0  0  0  0  0  0  0  0  0  0  0  0  0  0  0  0  0  0  0  0  0  0  0  0  0  0  0  0  0  0  0  0  0  0  1  0  0  0  0  0  0  0  0  0  61  9  17795  2521  6190  0  0  0  0  0  0  
60  0  0  20851  7  60  13  1  1  0  0  119004  0  415  37225  9216  1  1  0  0  0  0  0  74  32  297  0  18  199310  0  0  0  0  2  0  0  0  0  29  149  211  0  0  1  42032  1  0  5  88406  0  0  113689  44  100187  3  68  0  0  0  0  0  25  0  16  24  7  553  0  452  3  0  0  5  0  0  0  0  0  0  0  0  0  0  0  0  0  0  0  0  0  0  0  0  0  0  0  0  0  0  0  0  0  0  0  0  0  0  0  0  0  0  0  0  0  0  0  0  0  0  0  0  0  0  0  0  0  0  0  0  0  0  0  0  0  0  0  0  0  0  1  0  0  0  0  0  0  0  0  0  4862  0  28  39441  25  0  0  0  0  0  0  
0  0  70  0  0  3  124  34196  3  0  0  8  0  1  28005  68268  0  0  0  0  0  0  0  0  2  8  9  1491  198433  0  0  0  0  0  0  0  0  0  0  0  37  0  0  0  66507  149  0  21  731  0  0  58  1  120763  0  30  0  0  0  0  0  0  0  0  7  341  140  3120  0  0  9  0  0  0  0  0  0  0  0  0  0  0  0  0  0  0  0  0  0  0  0  0  0  0  0  0  0  0  0  0  0  0  0  0  0  0  0  0  0  0  0  0  0  0  0  0  0  0  0  0  0  0  0  0  0  0  0  0  0  0  0  0  0  0  0  0  0  0  0  5  0  0  0  0  0  0  0  0  0  2136  1  13412  25129  5187  0  0  0  0  0  0  
56214  0  0  0  33543  86742  1  0  0  0  0  2  0  34  80  26673  0  1  0  0  0  0  0  59478  0  0  0  0  0  0  116884  56115  0  0  0  0  0  0  4  19  0  0  0  0  0  0  162  0  186  0  0  70  196  5  0  0  0  0  0  0  0  1  61271  862  0  81  0  2  0  0  0  0  0  0  7  0  0  0  3  3791  0  0  0  0  0  0  0  0  0  493  0  0  0  0  0  0  0  0  0  0  0  0  0  0  281  489  0  0  0  0  0  0  0  0  0  0  0  0  0  0  0  0  0  0  0  0  0  0  0  0  0  0  0  0  0  0  1  0  0  27  0  0  0  735  0  0  0  0  0  63  0  0  71335  463  0  3  0  0  0  0  
2  0  80  0  1  19  158  3009  68249  97  0  0  0  0  0  11  0  0  0  0  0  0  3  0  0  0  43768  26  101  149424  0  0  0  0  0  1  0  0  0  0  9  0  0  531  499  23123  0  0  3  0  0  1  0  23  0  52685  0  1  0  0  0  0  0  0  17175  8173  89  0  73  2  0  0  8  0  0  0  0  0  0  1  0  11  85  2  0  0  0  0  0  0  0  0  0  0  0  0  0  0  0  0  0  0  0  74  0  0  0  0  0  0  0  0  0  0  0  0  0  0  0  6  0  0  0  0  0  0  0  0  0  0  0  0  0  0  0  0  0  0  0  37  0  0  0  0  12  0  0  0  0  480  4  151  30  8  0  1  0  0  0  0  
0  29056  0  0  0  0  0  0  0  0  0  0  0  0  0  0  1  0  225  0  1877  0  1  0  0  0  0  0  0  0  0  0  0  11253  1012  0  240327  314243  0  0  0  2  49950  4  0  0  0  196  0  25723  1464  0  0  0  0  0  225  2  95365  55424  13115  0  0  0  0  0  0  0  0  0  0  0  62687  0  0  0  0  0  0  0  0  0  0  0  0  0  0  0  0  0  0  0  0  0  0  0  0  0  0  0  0  0  0  0  0  0  0  0  0  0  0  0  0  0  0  0  0  0  0  0  0  0  0  0  0  0  0  0  0  0  0  0  0  0  0  0  0  0  0  0  0  0  0  0  0  0  0  0  0  0  9379  0  1  0  0  0  0  0  0  0  
6  155  0  0  1  6  1  0  16  0  0  200  0  168  3  0  265  79  58708  0  83  8  6  19  150127  14657  0  86  58  0  0  0  133  211098  60121  78093  818  283643  12  58  18089  0  53057  2238  938  1  0  217114  2474  1489  4371  309  2  33  67408  10847  1578  58438  65628  156  18675  3  0  4  178  89  431  378  104  0  0  61871  0  1351  0  0  0  0  0  0  0  0  0  0  0  0  0  0  0  0  0  0  0  0  0  0  0  0  0  0  0  0  0  0  0  0  0  0  0  0  0  0  0  0  0  0  0  0  0  0  0  0  0  0  0  0  0  0  0  0  0  0  0  0  0  0  0  0  0  0  0  0  0  0  0  0  0  0  659  12  106610  75  13725  6  0  0  0  0  0  0  
0  0  0  192  0  0  0  0  0  0  0  1  0  0  0  0  4  0  0  0  0  0  0  0  0  404  0  0  0  0  0  0  59149  65847  29  34079  0  0  0  0  32419  0  0  0  2  0  0  49544  10  0  0  0  0  0  0  0  0  0  0  0  0  0  0  0  0  0  0  0  0  0  0  0  776  0  0  0  0  0  0  0  0  0  0  0  0  0  0  0  0  0  0  0  0  0  0  0  0  0  0  0  0  0  0  0  0  0  0  0  0  0  0  0  0  0  0  0  0  0  0  0  0  0  0  0  0  0  0  0  0  0  0  0  0  0  0  0  0  0  0  0  0  0  0  0  0  0  0  0  0  0  3  2  3124  0  0  0  0  0  0  0  
0  0  0  0  2  12  0  0  0  0  0  0  0  0  0  8  0  0  0  0  0  0  0  0  0  0  0  0  0  0  69  0  0  0  0  0  0  0  0  0  0  0  0  0  0  0  0  0  0  0  0  0  3  0  0  0  0  0  0  0  0  0  0  0  0  1  0  0  0  5  0  0  0  0  0  0  0  2  87711  56898  29  179  13  0  0  346  1  303  53274  56991  0  1  0  0  0  0  0  130322  0  0  0  1  0  0  5152  0  0  0  0  0  0  0  860  253  1  0  0  0  37  1  2465  0  243  0  0  38556  40362  185  0  0  0  0  0  0  0  8294  58  6141  0  2469  3  1308  0  5067  0  0  0  0  0  0  0  0  4  0  0  18114  0  0  35720  3  
0  4  0  0  0  0  0  0  0  0  0  0  0  0  0  0  0  0  0  0  0  2  0  0  0  0  0  0  0  0  0  0  0  0  0  0  0  0  0  0  0  0  0  0  0  0  0  0  0  0  0  0  0  0  0  0  0  0  0  0  0  0  0  0  0  0  0  0  0  0  0  0  0  0  0  0  0  0  0  0  0  0  0  0  0  0  0  0  0  0  0  0  61964  138  67038  91  0  0  1  0  0  0  0  0  0  0  0  0  0  0  8116  0  0  0  0  56727  0  89  0  0  0  0  0  1  15822  0  0  0  0  0  16690  174  44071  38513  480  0  0  0  0  0  0  0  0  0  0  47  0  0  0  0  0  0  0  0  0  0  5  4  0  0  
0  0  1124  0  0  0  0  5  11  0  0  0  0  0  0  60  0  0  0  0  0  0  0  0  0  0  0  0  0  51  0  0  0  0  0  0  0  0  0  0  0  0  0  0  0  8  0  0  0  0  0  0  0  0  0  0  0  0  0  0  0  0  0  0  0  0  0  0  0  0  0  0  0  0  0  0  0  0  0  0  0  310  77  35  0  0  0  0  1  79566  0  0  0  0  0  0  0  0  0  0  30591  45370  84127  15168  0  0  0  0  0  0  0  0  0  0  0  0  0  0  90970  64288  0  0  1  0  0  0  0  0  0  0  0  0  0  0  0  0  0  0  0  43  17429  0  46  0  7  0  0  0  0  0  0  0  0  0  0  15  0  0  1  1  
0  0  0  0  0  0  0  0  1  0  0  0  0  0  0  0  0  0  0  0  0  0  0  0  0  0  0  0  0  0  0  0  0  0  0  0  0  0  0  0  0  0  0  0  0  0  0  0  0  0  0  0  0  0  0  0  0  0  0  0  0  0  0  0  0  0  0  0  0  0  0  0  0  0  0  0  0  0  0  0  0  0  2  8  0  121647  293  1  11  0  1167  450  0  2  0  0  0  0  7  106317  10  47839  37350  0  0  0  2812  364  46  3  0  0  0  0  28959  0  0  0  48826  2  4  189  82031  0  0  2  0  6  8  178  0  5  0  0  0  1  0  0  33  138  1774  14453  13  0  3  0  323  3  0  0  0  0  0  0  0  1  1  1  5439  2  
0  0  0  0  31  2  0  0  0  0  0  0  0  0  0  81  0  0  0  0  0  0  0  0  0  0  0  0  0  0  32  0  0  0  0  0  0  0  0  0  0  0  0  0  0  0  0  0  0  0  0  0  0  0  0  0  0  0  0  0  0  0  0  0  0  0  0  0  0  1  0  0  0  0  53932  0  0  0  0  60531  357  41  4  0  0  0  0  0  57721  161630  0  0  0  0  0  0  0  750  0  0  0  0  0  0  19  0  0  0  0  0  0  0  0  0  0  0  0  0  0  0  1  0  3  0  0  11  68467  9463  0  0  0  0  0  0  0  0  2  53  0  109  0  0  0  2668  0  0  0  0  0  1  0  0  0  0  0  1782  0  0  1828  0  
5  0  0  0  72  10218  29  0  0  0  0  1  0  13  43  5339  0  0  0  0  0  0  0  2  0  0  0  0  0  0  8003  1986  0  0  0  0  0  0  0  6  0  0  0  0  0  0  0  0  155  0  0  16  150  6  0  0  0  0  0  0  0  0  8  0  0  3483  0  1  0  4879  0  0  0  0  48892  0  0  0  141168  0  84469  22079  427  0  0  1  0  1  42648  256031  0  0  0  0  0  0  1  28976  0  0  0  0  14  0  5503  35646  0  0  0  0  0  0  7  1  0  0  0  0  8  76  36  0  38  0  0  2236  19724  71784  0  0  0  0  0  0  0  24  16713  7690  0  119212  1  398  46  77154  47  0  0  0  0  98  0  3  3736  82  0  93048  2  2  14198  74  
0  0  0  0  0  283  1470  39  2  0  0  0  0  0  0  180  0  0  0  0  0  0  0  0  0  0  0  0  0  0  0  2  0  0  0  0  0  0  0  0  0  0  0  0  0  0  0  0  0  0  0  0  0  0  0  0  0  0  0  0  0  0  0  0  0  63  0  0  0  0  0  0  0  0  51  0  1  0  56  92628  0  101625  654  0  0  0  0  0  389  167250  0  0  0  0  0  0  0  51  0  0  0  1  148  0  0  0  0  0  0  0  0  0  0  0  1  0  0  0  62  133  0  0  4  0  0  909  279  160397  0  0  1  0  0  0  0  1  0  41  0  73600  2  224  1118  0  55  0  0  0  0  71  0  0  0  0  0  7186  8  1  405  87  
0  0  6  0  0  15  484  1351  484  0  0  0  0  0  0  156  0  0  0  0  0  0  0  0  0  0  0  0  0  1  0  0  0  0  0  0  0  0  0  0  0  0  0  0  0  3  0  0  0  0  0  0  1  0  0  0  0  0  0  0  0  0  0  0  0  205  0  0  0  0  2  0  0  0  314  0  401  0  1  30930  85328  0  28120  7  0  0  0  0  45  217400  0  0  0  0  0  0  0  549  0  0  9  104  37376  2  0  1  0  0  0  0  0  0  0  0  0  0  0  0  26305  51107  0  0  5  0  0  124  195  4209  0  2  0  0  0  0  0  3  0  440  0  83799  59  24  20099  0  891  0  0  0  0  23  0  0  6  1  0  4322  3  3  161  23  
0  0  1  0  0  2  4  116  948  18  0  0  0  0  0  0  0  0  0  0  0  0  0  0  0  0  3  0  0  116  0  0  0  0  0  0  0  0  0  0  0  0  0  0  0  93  0  0  0  0  0  0  0  0  0  1  0  0  0  0  0  0  0  0  0  311  1  0  0  1  35  0  0  0  52  0  1  12  1  1280  67  18309  0  22742  1  0  0  0  43  633  0  0  0  0  0  0  14  97  1  20  570  489  377  17563  0  1  0  0  0  0  0  0  0  0  26  0  0  753  2193  41705  0  9  51  0  0  68  40  737  0  116  0  4  0  0  0  1  0  107  11974  75863  1352  18  618  0  73048  0  46  0  0  3  0  1  0  0  1  1210  6  0  169  32  
0  0  0  0  0  0  0  0  42  92  1  0  0  0  0  0  0  0  0  0  0  8  0  0  0  0  0  0  0  48  0  0  0  0  0  0  0  0  0  0  0  0  0  1  0  1  0  0  0  0  0  0  0  0  0  0  0  0  0  0  0  0  0  0  0  74  0  0  0  0  1  0  0  0  0  0  1  34  0  0  0  2  20263  0  9  3  0  0  8  1  2  0  0  0  0  505  10837  0  0  48  1501  297  13  23717  0  0  0  0  0  0  0  0  0  0  113  0  0  52080  666  49  0  60  185  0  0  1  0  2  1  290  0  42  0  0  0  0  0  0  13573  45247  3084  44  9  0  48  0  64  0  0  0  3  46  0  0  1  19  9194  1164  604  0  
0  0  0  0  0  0  0  0  0  0  8558  0  0  0  0  0  0  0  0  17  0  418  0  0  0  0  0  0  0  40  0  0  0  0  0  0  0  0  0  0  0  2  0  67  0  0  0  0  0  0  0  0  0  0  0  0  0  0  0  0  0  0  0  0  4  0  0  0  0  0  0  0  0  0  0  0  0  0  0  0  0  0  1  25  0  0  0  0  0  0  0  0  0  92590  0  11092  0  0  0  0  78  0  0  4085  0  0  0  0  0  0  0  0  0  0  0  62089  0  165842  0  0  0  0  0  0  0  0  0  0  0  0  0  1165  0  0  0  0  0  0  88723  0  0  0  0  0  0  0  1  0  0  0  0  0  0  0  0  0  0  0  0  0  
0  0  0  0  0  0  0  0  0  0  0  0  0  0  0  0  0  0  0  0  0  0  0  0  0  0  0  0  0  0  0  0  0  0  0  0  0  0  0  0  0  0  0  0  0  0  0  0  0  0  0  0  0  0  0  0  0  0  0  0  0  0  0  0  0  0  0  0  0  0  0  0  0  0  20  0  0  160267  0  1  0  0  0  0  0  0  7928  29869  1631  0  781  2156  0  0  0  0  0  6  0  125  0  14  19749  0  0  0  96  611  152  0  0  0  775  50689  12  0  0  0  787  0  806  9  89357  0  0  90214  138  15  0  4  0  0  0  0  0  8  0  0  1  1  45  122285  0  0  0  0  9  0  0  0  0  0  0  0  0  9  0  0  9136  3  
0  0  0  0  0  0  0  0  0  0  0  0  0  0  0  0  0  0  0  0  0  0  0  0  0  0  0  0  0  0  0  0  0  0  0  0  0  0  0  0  0  0  0  0  0  0  0  0  0  0  0  0  0  0  0  0  0  0  0  0  0  0  0  0  0  0  0  0  0  0  0  0  0  0  1  0  0  52  0  0  0  0  0  0  0  9323  0  21292  18  0  0  414  0  0  0  0  0  28036  0  0  0  0  0  0  0  0  0  142  35  0  0  0  21306  475  0  0  0  0  0  0  22499  0  88  0  0  2  1  0  0  0  0  0  0  0  0  62613  0  0  0  0  0  6  0  0  0  0  0  0  0  0  0  0  0  0  0  0  0  0  2  0  
0  0  0  0  0  0  0  0  0  0  0  0  0  0  0  0  0  0  0  0  0  0  0  0  0  0  0  0  0  0  0  0  0  0  0  0  0  0  0  0  0  0  0  0  0  0  0  0  0  0  0  0  0  0  0  0  0  0  0  0  0  0  0  0  0  0  0  0  0  0  0  0  0  0  417  0  0  0  0  4  0  0  0  0  0  36805  17917  0  7910  0  0  0  0  0  0  0  0  243  0  0  0  0  0  0  0  0  0  0  0  0  0  0  44604  30122  0  0  0  0  15  0  18004  0  404  0  0  115556  94  7  0  0  0  0  0  0  0  23411  0  28  0  0  2  279  0  0  0  0  0  0  0  0  0  0  0  0  0  44  0  0  3351  0  
0  0  0  0  0  0  0  0  0  0  0  0  0  0  0  0  0  0  0  0  0  0  0  0  0  0  0  0  0  0  0  0  0  0  0  0  0  0  0  0  0  0  0  0  0  0  0  0  0  0  0  0  0  0  0  0  0  0  0  0  0  0  0  0  0  0  0  0  0  0  0  0  0  0  46961  0  1  5  63403  12211  272  118  39  0  0  1447  10  15646  0  27246  0  0  0  0  0  0  0  25628  0  0  0  4  34042  0  0  0  0  0  0  0  0  0  21  23  1  0  0  0  15461  16  7  0  55  0  0  348516  406541  210206  0  12  0  0  0  0  0  59739  0  67  0  320  48  53098  42268  0  1  0  0  0  0  1  0  0  0  0  9  2088  44  6  8663  896  
0  0  89  0  112  112  65  13  15  0  0  0  0  0  0  6505  0  0  0  0  0  0  0  1  0  0  0  0  0  2  1455  2  0  0  0  0  0  0  0  0  0  0  0  0  0  11  0  0  0  0  0  0  0  1  0  0  0  0  0  0  0  0  0  0  0  0  0  0  0  1702  0  0  0  0  51647  0  81585  0  227847  254757  112322  152712  2333  0  0  0  0  0  28135  0  0  0  0  0  0  0  0  8513  0  0  0  168  130302  4  8019  0  0  0  0  0  0  0  0  0  0  0  0  0  13825  18249  0  0  1  0  0  48  340  298826  0  2  0  0  0  0  0  0  157  28  0  850  28  9  53497  44838  219  0  0  0  0  2  0  0  0  0  0  7782  2  1  301  51  
0  0  0  0  0  0  0  0  0  0  0  0  0  0  0  0  0  0  0  0  0  0  0  0  0  0  0  0  0  0  0  0  0  0  0  0  0  0  0  0  0  0  0  0  0  0  0  0  0  0  0  0  0  0  0  0  0  0  0  0  0  0  0  0  0  0  0  0  0  0  0  0  0  0  0  0  0  583  0  0  0  0  0  1  0  313  16  0  0  0  0  70837  0  1  0  0  25407  337  0  185  0  0  0  0  0  2  5473  191  28987  0  0  0  0  0  15179  0  13101  0  2  0  290  73625  15361  0  0  0  0  0  0  7  0  10  0  0  0  0  1  0  5  1  1  0  0  0  0  0  98  0  0  0  0  0  0  0  23967  2  13  328  60971  17  
0  0  0  0  0  0  0  0  0  0  0  0  0  0  0  0  0  0  0  0  0  0  0  0  0  0  0  0  0  0  0  0  0  0  0  0  0  0  0  0  0  0  0  0  0  0  0  0  0  0  0  0  0  0  0  0  0  0  0  0  0  0  0  0  0  0  0  0  0  0  0  0  0  0  1  0  0  1035  0  0  0  1  0  0  0  4014  3701  0  3  0  65733  0  0  0  0  0  59966  21429  0  13  1  6  15  0  0  28  153  1351  11945  0  0  0  73  127  32  0  1122  0  119  2  59927  586  94476  0  0  25  1  1  0  8  0  2  0  0  0  1  18  2  1  0  61  68  40  0  0  0  0  0  0  0  0  0  0  0  6642  2  5  18  138393  269  
0  0  0  0  0  0  0  0  0  0  0  0  0  0  0  0  0  0  0  0  0  0  0  0  0  0  0  0  0  0  0  0  0  0  0  0  0  0  0  0  0  0  0  0  0  0  0  0  0  0  0  0  0  0  0  0  0  0  0  0  0  0  0  0  0  0  0  0  0  0  0  0  0  0  0  69027  0  0  0  0  0  0  0  0  0  0  0  0  0  0  0  0  0  29229  3710  1  0  0  47755  0  0  0  0  0  0  0  0  0  0  0  26  421  0  0  0  46766  2  195  0  0  0  15  0  0  3108  0  0  0  0  534  193942  127607  68568  8637  14112  0  0  0  10  0  0  0  0  0  0  1423  84322  0  0  0  0  0  0  0  7  0  1160  13  1  0  
0  0  0  0  0  0  0  0  0  0  119  0  0  0  0  0  0  0  0  9  0  0  0  0  0  0  0  0  0  0  0  0  0  0  0  0  0  0  0  0  0  0  0  0  0  0  0  0  0  0  0  0  0  0  0  0  0  0  0  0  0  0  0  0  0  0  0  0  0  0  0  0  0  0  0  15  0  2  0  0  0  0  1  0  93547  0  0  0  0  0  3  0  15207  0  0  10  0  0  1545  5  22684  0  0  570  0  0  0  0  0  0  0  0  0  0  20  67143  1  34178  1  0  0  198  1  0  95  0  0  0  0  29564  7722  127769  0  0  223  0  0  0  57977  0  3  0  0  0  234  0  177  0  0  0  0  0  0  0  1  0  17  0  4  0  
0  0  0  0  0  0  0  0  0  0  0  0  0  0  0  0  0  0  0  0  0  4  0  0  0  0  0  0  0  0  0  0  0  0  0  0  0  0  0  0  0  0  0  0  0  0  0  0  0  0  0  0  0  0  0  0  0  0  0  0  0  0  0  0  0  0  0  0  0  0  0  0  0  0  0  74489  0  0  0  0  0  0  0  0  0  0  0  0  0  0  0  0  1466  14  0  2349  1761  0  0  0  0  0  0  0  0  0  0  0  0  0  5830  4  0  0  0  64  7  256  0  0  0  0  0  38974  38704  0  0  0  0  0  3343  504  838  101875  157718  0  0  0  1  0  0  0  0  0  0  169  35  0  0  0  0  2  0  0  2  0  119  162  0  0  
0  0  0  0  0  0  0  0  0  2  95  0  0  0  0  0  0  0  0  0  0  2822  1  0  0  0  0  0  0  4  0  0  0  0  0  0  0  0  0  0  0  1  0  12  0  0  0  0  0  0  0  0  0  0  0  0  0  0  0  0  0  0  0  0  0  0  0  0  0  0  0  0  0  0  0  517  0  1  0  0  0  0  3  207  8220  0  0  0  0  0  2  0  1  62  2984  0  20849  0  0  1  0  0  0  148  0  0  0  0  0  0  0  0  0  0  5  91195  0  201870  0  0  0  17  0  0  40132  0  0  0  0  5  148  315  0  0  223962  0  0  0  484  3  0  0  0  0  0  0  55  0  0  0  2  5  0  0  2  0  2332  1087  2  1  
0  0  0  0  0  0  0  0  0  0  0  0  0  0  0  0  0  0  0  0  0  1  1  0  0  0  0  0  0  0  5  2  0  0  0  0  0  0  0  0  0  0  0  1  0  0  0  0  0  0  0  0  0  0  0  0  0  0  0  0  0  0  0  0  0  0  0  0  0  0  0  0  0  0  0  1  0  9  0  0  0  0  3  9567  0  1  1  0  0  0  46859  94510  1  5  2663  16560  0  24500  3  7  34  6  0  0  70  1528  1  122  58280  0  50  0  0  0  59  0  94294  20681  16  0  1716  1877  13  3041  0  0  0  0  0  120  7  483  8  0  150146  0  16754  1  1587  49  48  1  0  1  0  23  506  0  0  0  9  30  0  0  117079  42  136733  14554  99794  11057  
0  0  0  0  0  8  0  0  0  0  0  0  0  0  0  1  0  0  0  0  0  0  0  1  0  0  0  0  0  0  26  0  0  0  0  0  0  0  0  0  0  0  0  0  0  0  0  0  0  0  0  0  1  0  0  0  0  0  0  0  0  0  0  0  0  0  0  0  0  0  0  0  0  0  145061  0  0  1  2937  33874  0  26  2  0  0  12  35078  852  25637  5655  227  24699  0  0  0  0  31269  0  0  0  0  0  0  0  51009  1593  1  566  2101  0  0  0  66  15  0  0  34  0  0  0  114709  31  18  0  0  4089  121  17  0  0  0  0  0  0  0  87754  152777  281901  0  441  0  14  1  19115  0  0  0  0  0  0  0  0  1  0  353  37773  1  56  70678  34  
0  0  0  0  0  0  0  0  0  0  0  0  0  0  0  0  0  0  0  0  0  0  0  0  0  0  0  0  0  0  0  0  0  0  0  0  0  0  0  0  0  0  0  0  0  0  0  0  0  0  0  0  0  0  0  0  0  0  0  0  0  0  0  0  0  0  0  0  0  0  0  0  0  0  0  0  0  2  0  0  0  0  0  0  0  1  0  0  1  0  28  1  44250  1792  1  0  2  0  0  34422  1658  61  0  0  0  0  0  0  1  7  0  2  0  0  108  0  3  18  17  0  0  1846  9  0  1  0  0  1  74049  172505  236  20304  2  0  189  0  0  0  185  3  138  22  0  0  3  0  329694  0  0  0  0  0  0  0  78  0  303  45  56  2  
0  0  0  0  0  0  0  0  2  0  0  0  0  0  0  0  0  0  0  0  0  0  0  0  0  0  0  0  0  0  0  0  0  0  0  0  0  0  0  0  0  0  0  0  0  0  0  0  0  0  0  0  0  0  0  0  0  0  0  0  0  0  0  0  0  2  0  0  0  0  0  0  0  0  1  0  0  76617  0  0  0  0  18  33  0  204  0  0  25  0  134  9  0  2  0  0  0  0  30610  0  58  9883  20  0  0  0  6317  10895  0  146151  0  0  1  0  107796  0  0  5  13680  0  1  243  3930  0  0  5  0  18  68891  7270  0  16  0  0  0  1  0  0  173  308  127529  620  3  0  13  0  40872  100  0  0  0  0  0  0  6  2  5  8  4067  11  
0  0  0  0  0  0  0  0  0  0  0  0  0  0  0  0  0  0  0  0  0  0  0  0  0  0  0  0  0  0  0  0  0  0  0  0  0  0  0  0  0  0  0  0  0  0  0  0  0  0  0  0  0  0  0  0  0  0  0  0  0  0  0  0  0  1  0  0  0  0  0  0  0  0  0  0  25470  13  0  0  0  4  349  755  160  2  0  0  9  1  4  0  0  28508  0  0  2  0  1039  26  0  1112  142  210150  0  0  0  0  0  1  0  0  0  0  52  0  1  45  755  36747  0  221  37  0  0  0  0  5  7  255012  0  146  0  0  0  0  0  0  26260  277  99152  14  54  0  60602  0  186  0  0  0  0  0  0  0  9  20  5  6  268  6  
0  0  0  0  0  0  0  0  0  0  0  0  0  0  0  0  0  0  0  0  0  0  0  0  0  0  0  0  0  0  0  0  0  0  0  0  0  0  0  0  0  0  0  0  0  0  0  0  0  0  0  0  0  0  0  0  0  0  0  0  0  0  0  0  0  0  0  0  0  0  0  0  0  0  0  0  45719  62404  0  0  0  31  223  50  0  3  0  1  13  348  2  0  0  0  0  0  0  0  11  12350  554  0  5060  1  0  0  0  0  0  0  0  0  1  0  27  0  0  2  291913  18798  0  7  896  0  0  1  0  4  1  159  0  0  0  0  0  0  0  0  1  224  213045  41  38  0  16  0  3  0  0  0  0  0  0  0  1  82  4  84  973  14  
0  0  1  0  0  0  0  0  0  0  0  0  0  0  0  12  0  0  0  0  0  0  0  0  0  0  0  0  0  0  0  0  0  0  0  0  0  0  0  0  0  0  0  0  0  0  0  0  0  0  0  0  0  0  0  0  0  0  0  0  0  0  0  0  0  0  0  0  0  0  0  0  0  0  0  0  49870  37027  0  10  5  13163  924  12  0  25585  3  1  32553  72206  2  0  0  0  0  0  0  1  0  0  74  4746  0  0  0  0  0  0  0  0  0  0  0  0  1  0  0  1  314395  2067  0  4  410  0  0  15862  2  721  1  235  2  1  0  0  2  0  0  0  0  412  2387  190072  162204  0  33  0  7  0  0  0  0  0  0  0  1  5475  79  43  2675  330  
0  0  7  0  0  0  0  0  41  2  47  0  0  0  0  0  0  0  0  0  0  5  0  0  0  0  22  0  0  3832  0  0  0  0  0  0  0  0  0  0  0  0  0  0  0  26  0  0  0  0  0  0  0  0  0  0  0  0  0  0  0  0  0  0  2  0  0  0  0  0  112  0  0  0  0  0  14022  0  0  0  0  4  15647  22258  3677  0  0  0  0  12  0  0  0  153  0  263  2  0  0  0  244260  15  17  0  0  0  0  0  0  0  0  0  0  0  1  0  0  1941  107  81946  0  0  1  0  0  0  0  1  0  140  0  0  0  0  0  0  0  0  118183  19  238  0  3  0  143167  0  0  0  0  0  0  0  0  0  0  0  0  0  3  0  
0  0  0  0  0  25  0  0  0  0  0  0  0  0  0  1  0  0  0  0  0  0  0  19  0  0  0  0  0  0  9580  65  0  0  0  0  0  0  0  0  0  0  0  0  0  0  0  0  0  0  0  0  0  0  0  0  0  0  0  0  0  0  13  0  0  0  0  0  0  659  0  0  0  0  8302  0  0  0  306  5517  0  0  0  0  0  0  0  0  0  13558  1  83  0  0  0  0  303  46677  0  0  0  0  0  0  0  51035  0  0  1  0  0  0  0  0  0  0  1  0  0  0  90  0  0  0  0  0  0  0  0  0  0  0  0  0  0  0  95248  32  0  5  0  0  0  79216  0  0  0  0  0  0  0  4  2  3  214  244  4  588  22272  17  
0  0  0  0  0  22  0  0  0  0  0  0  0  0  0  0  0  42  0  0  0  0  1  1  0  0  0  0  0  0  924  4405  0  0  0  0  0  0  0  0  0  0  0  0  0  0  0  0  0  0  0  0  0  0  0  0  0  0  0  0  0  0  12  0  0  34  0  0  0  748  0  0  0  0  0  0  0  0  0  37722  0  26  0  0  0  0  0  0  0  0  1  1279  0  0  0  0  6200  965  0  0  0  0  0  0  38394  0  0  0  2  0  0  0  0  0  0  0  0  0  0  0  72  0  0  0  0  2  1  8  0  0  0  0  0  0  0  0  46617  41  0  19858  0  0  0  13542  0  0  0  0  1  0  1  227  215  828  2484  19967  169  7157  44402  2249  
0  0  0  0  0  0  0  0  0  0  0  0  0  0  0  0  0  0  0  0  0  0  0  0  0  0  0  0  0  0  0  0  0  0  0  0  0  0  0  0  0  0  0  0  0  0  0  0  0  0  0  0  0  0  0  0  0  0  0  0  0  0  0  0  0  0  0  0  0  0  0  0  0  0  0  0  0  3081  0  0  0  0  0  0  0  61  0  0  0  0  2265  74  0  0  0  0  0  0  0  9349  0  0  0  0  0  0  0  61782  14834  5209  0  0  0  0  37086  0  0  0  0  0  0  46932  185  0  0  0  0  0  0  1  0  3  0  0  0  0  0  0  0  0  0  0  0  0  0  0  568  73270  0  0  0  0  0  0  0  0  0  1  120  0  
0  0  0  0  0  0  0  0  0  0  0  0  0  0  0  0  0  0  0  0  0  0  0  0  0  0  0  0  0  0  0  0  0  0  0  0  0  0  0  0  0  0  0  0  0  0  0  0  0  0  0  0  0  0  0  0  0  0  0  0  0  0  0  0  0  0  0  0  0  0  0  0  0  0  0  0  0  230  0  0  0  0  0  0  0  335  342  0  0  0  330  197  2  1  0  0  3  96  1  12334  1  0  1  0  0  0  43646  0  159060  76024  0  22072  0  0  3944  0  30515  0  0  0  50  36923  8  7  0  0  0  0  0  16  1  67  6  12  0  0  0  0  12  0  0  5  0  0  0  43  240146  16493  0  0  0  0  0  0  8  0  18  33  55  0  
0  0  0  0  0  0  0  0  0  0  0  0  0  0  0  0  0  0  0  0  0  0  0  0  0  0  0  0  0  0  0  0  0  0  0  0  0  0  0  0  0  0  0  0  0  0  0  0  0  0  0  0  0  0  0  0  0  0  0  0  0  0  0  0  0  0  0  0  0  0  0  0  0  0  0  0  0  53  0  0  0  0  0  0  0  132  49  0  0  0  47640  17059  3  0  0  0  76021  661  0  0  0  0  0  0  0  1  14831  129595  0  1379  0  638  0  0  249  0  68605  0  0  0  200  132323  8  10  0  0  0  0  0  0  0  2  6  7  2  0  34  5  0  0  0  0  0  0  0  16  100435  2613  0  0  0  0  0  0  6450  0  1  3  62  0  
0  0  0  0  0  0  0  0  0  0  0  0  0  0  0  0  0  0  0  0  0  0  0  0  0  0  0  0  0  0  0  0  0  0  0  0  0  0  0  0  0  0  0  0  0  0  0  0  0  0  0  0  0  0  0  0  0  0  0  0  0  0  0  0  0  0  0  0  0  0  0  0  0  0  0  0  0  6  0  0  0  0  0  0  0  0  0  0  0  0  23  4  0  0  0  0  0  0  13  171586  0  0  0  0  0  0  5619  85844  166  0  0  2  0  0  74948  0  0  0  1  0  0  5128  3  0  0  0  0  1  79  91  0  13  0  0  0  0  0  0  5  0  1020  1  0  0  1  0  14494  53164  0  0  0  0  0  0  0  0  2  2  97  0  
0  0  0  0  0  0  0  0  0  0  0  0  0  0  0  0  0  0  0  0  0  0  1  0  0  0  0  0  0  0  0  0  0  0  0  0  0  0  0  0  0  0  0  0  0  0  0  0  0  0  0  0  0  0  0  0  0  0  0  0  0  0  0  0  0  0  0  0  0  0  0  0  0  0  0  8442  0  0  0  0  0  0  0  0  0  0  0  0  0  0  0  0  100  0  2666  0  113  0  0  0  0  0  0  0  0  0  0  0  0  0  0  47605  0  0  0  0  73482  7  0  0  0  0  0  120570  29  0  0  0  0  0  97  7  31537  136438  8716  0  0  0  0  0  0  0  0  0  0  279197  318  0  0  0  1  0  0  0  0  0  691  10  0  0  
0  0  0  0  0  0  0  0  0  0  0  0  0  0  0  0  0  0  0  0  0  0  0  0  0  0  0  0  0  0  0  0  0  0  0  0  0  0  0  0  0  0  0  0  0  0  0  0  0  0  0  0  0  0  0  0  0  0  0  0  0  0  0  0  0  0  0  0  0  0  0  0  0  0  0  0  0  0  0  0  0  0  0  0  0  0  0  0  0  0  6  0  1661  0  2  0  1  0  1  0  0  0  0  0  0  0  0  10283  609  1  45824  0  0  0  2  0  52913  49  0  0  0  6660  1  11339  1  0  0  0  0  0  492  29  9516  10365  153  0  0  0  0  0  0  0  0  0  0  253179  290569  0  0  0  0  0  0  0  522  0  6452  1  18  0  
0  0  0  0  0  0  0  0  0  0  0  0  0  0  0  0  0  0  0  0  0  0  0  0  0  0  0  0  0  0  0  0  0  0  0  0  0  0  0  0  0  0  0  0  0  0  0  0  0  0  0  0  0  0  0  0  0  0  0  0  0  0  0  0  0  0  0  0  0  0  0  0  0  0  1139  0  0  7  1  9  0  1  0  0  0  2927  18117  43946  15  1  0  50  0  0  0  0  0  143  0  1  0  0  3  0  0  0  0  0  0  0  0  0  0  21459  0  0  0  0  155  0  36281  0  37564  0  0  4988  236  12  0  1  0  0  0  0  0  3438  0  68  0  5  2  1418  0  0  0  0  0  0  0  0  0  0  0  0  0  125  0  0  9130  0  
0  0  0  0  0  0  0  0  0  0  0  0  0  0  0  0  0  0  0  0  0  0  0  0  0  0  0  0  0  0  0  0  0  0  0  0  0  0  0  0  0  0  0  0  0  0  0  0  0  0  0  0  0  0  0  0  0  0  0  0  0  0  0  0  0  0  0  0  0  0  0  0  0  0  127  0  0  3  0  5  0  1  1  0  0  47954  543  33580  10  1  0  26  0  0  0  0  0  27  0  0  0  0  5  0  0  0  0  0  0  0  0  0  20403  0  1  0  0  0  114  0  335  0  16406  0  0  3505  82  12  0  1  0  0  0  0  0  28  0  10  0  5  4  1184  0  0  0  0  0  0  0  0  0  0  0  0  0  15  0  0  7994  3  
0  0  0  0  0  0  0  0  2  0  0  0  0  0  0  0  0  0  0  0  0  0  0  0  0  0  0  0  0  0  0  0  0  0  0  0  0  0  0  0  0  0  0  0  0  0  0  0  0  0  0  0  0  0  0  0  0  0  0  0  0  0  0  0  0  1  0  0  0  0  0  0  0  0  0  0  0  32723  0  0  0  1  25  139  0  38  0  0  130  0  12376  209  1  21  0  0  5  0  171  126947  124  515  83  0  0  0  31657  13133  7  66341  0  0  5  4  0  0  0  20  4225  52  0  59035  40785  0  0  2  1  66  323  3903  1  521  0  0  1  0  0  0  675  448  11457  655  30  0  26  0  42553  22335  0  0  0  2  0  0  30  5  171  333  202846  27  
0  2  0  0  0  0  0  0  0  0  0  0  0  0  0  0  0  0  0  0  0  8  0  0  0  0  0  0  0  0  0  0  0  0  0  0  0  0  0  0  0  0  0  0  0  0  0  0  0  0  0  0  0  0  0  0  0  0  0  0  0  0  0  0  0  0  0  0  0  0  0  0  0  0  0  58120  0  0  0  0  0  0  0  0  58887  0  0  0  0  0  0  0  48366  92248  5  86438  2  0  0  0  0  0  0  0  0  0  0  0  0  0  0  0  0  0  0  0  0  96453  0  0  0  0  0  0  41311  0  0  0  0  0  58367  1807  1  1  3148  0  0  0  1  0  0  0  0  0  0  0  1  0  0  0  0  0  0  0  0  0  92  0  0  0  
0  0  0  0  0  0  0  0  0  0  0  0  0  0  0  0  0  0  0  0  0  0  0  0  0  0  0  0  0  0  0  0  0  0  0  0  0  0  0  0  0  0  0  0  0  0  0  0  0  0  0  0  0  0  0  0  0  0  0  0  0  0  0  0  0  0  0  0  0  0  0  0  0  0  0  0  0  0  0  0  0  0  0  0  0  0  0  0  0  0  2740  5  419  3  2  0  80585  23  0  0  0  0  0  0  0  0  0  28241  59997  0  67327  41620  0  0  0  1  0  40  0  0  1  37482  0  13692  3  0  0  0  0  0  283  28  579  761  29602  0  0  1  0  0  0  0  0  0  0  18061  28012  0  0  0  3  0  0  0  9872  1  6756  15  1  0  
0  0  0  0  0  0  0  0  0  0  20  0  0  0  0  0  0  0  0  0  0  24  0  0  0  0  0  0  0  0  0  0  0  0  0  0  0  0  0  0  0  0  0  0  0  0  0  0  0  0  0  0  0  0  0  0  0  0  0  0  0  0  0  0  0  1  0  0  0  0  0  0  0  0  0  78  0  10  0  0  0  0  421  57544  137667  0  0  0  0  0  19  2  204  29653  18  191024  18377  0  39  13  127  20  4  1168  0  0  0  0  0  0  0  0  0  0  122  66064  0  0  39  0  0  526  16  0  1684  0  0  0  0  190  3038  105190  1  44  22353  0  0  0  101698  101  186  1  0  0  7  0  1478  0  0  0  0  16  0  0  139  7  8160  1828  85  7  
0  0  0  0  0  0  0  0  1  0  0  0  0  0  0  0  0  0  0  0  0  0  0  0  0  0  0  0  0  0  0  0  0  0  0  0  0  0  0  0  0  0  0  0  0  0  0  0  0  0  0  0  0  0  0  0  0  0  0  0  0  0  0  0  0  2  0  0  0  0  0  0  0  0  2  0  84719  59780  0  10  4  29895  3593  305  0  651  0  5  26534  9594  24  2  0  1  0  0  1  0  3  16906  415  288900  338339  1  0  0  0  0  0  1  0  0  47  26  522  0  0  20  0  62876  6  72  41849  0  0  119  8  9659  17  2210  2  2  0  0  0  0  0  0  30  2172  174094  69876  71174  0  216  0  327  0  0  0  0  0  0  0  12  2610  127  580  36115  2022  
0  0  29  0  0  1  1  20  267  0  0  0  0  0  0  3  0  0  0  0  0  0  0  0  0  0  0  0  0  55  0  0  0  0  0  0  0  0  0  0  0  0  0  0  0  153  0  0  0  0  0  0  0  0  0  0  0  0  0  0  0  0  0  0  0  0  0  0  0  0  5  0  0  0  4  0  68488  1  0  208  47  48160  60361  285  0  1  0  0  11  24886  0  0  0  2  0  0  1  5  0  2  92475  8487  9376  76476  0  0  0  0  0  0  0  0  0  0  4  0  0  14  69336  0  0  1  6  0  0  2  4  77  0  142  0  0  0  0  0  0  0  8  20  1631  14841  2  2326  0  69585  0  3  0  0  0  0  0  0  0  0  1020  0  16  151  8  
0  0  0  0  0  0  0  0  0  0  0  0  0  0  0  0  0  0  0  0  0  0  0  0  0  0  0  0  0  0  0  0  0  0  0  0  0  0  0  0  0  0  0  0  0  0  0  0  0  0  0  0  0  0  0  0  0  0  0  0  0  0  0  0  0  0  0  0  0  0  0  0  0  0  4259  0  0  3  2  63  0  3  0  0  0  1135  22032  9084  5  0  33  44032  0  0  0  0  1306  122939  0  0  0  0  0  0  269  487  0  424  927  0  0  0  17871  247  0  0  2  0  2  0  0  11  18802  0  0  6038  221  37  0  0  0  0  0  0  0  43088  929  27592  0  25  0  76  0  70  0  0  0  0  0  0  0  0  0  0  0  756  0  0  138613  1  
0  0  0  0  0  0  0  0  0  0  0  0  0  0  0  0  0  0  0  0  0  0  0  0  0  0  0  0  0  0  0  0  0  0  0  0  0  0  0  0  0  0  0  0  0  0  0  0  0  0  0  0  0  0  0  0  0  0  0  0  0  0  0  0  0  0  0  0  0  0  0  0  0  0  0  0  0  317  0  0  0  0  2  8  0  15  1  0  0  0  90522  2789  54  10  0  0  871  21  7  81  16  1  1  0  0  0  47122  35115  120090  1448  0  9892  0  0  43132  0  35407  4  26  0  12  0  187  8  0  0  0  0  0  301  4  1022  320  13  33  0  0  0  210  13  14  44  0  0  4  15  219143  38797  0  0  0  0  0  0  16015  7  1641  5298  51915  2  
0  0  1  0  0  0  0  0  0  0  0  0  0  0  0  0  0  0  0  0  0  0  0  0  0  0  0  0  0  0  0  0  0  0  0  0  0  0  0  0  0  0  0  0  0  1  0  0  0  0  0  0  0  0  0  0  0  0  0  0  0  0  0  0  0  0  0  0  0  0  0  0  0  0  1013  0  1  66846  3  48  1  28  25  46  0  81828  421  2714  885  18  14846  90623  0  0  0  0  38  156  1  2335  28  648  1222  0  0  0  260  14  7  2  0  0  31002  16744  30443  0  0  3  54326  55  25581  27  0  0  0  2671  655  444  6  1294  0  2  0  0  0  354  0  107  27  249  5454  49807  1936  0  0  0  257  1  0  0  0  0  0  0  13  264  7  4  246588  54  
0  0  0  0  0  0  0  0  0  0  0  0  0  0  0  0  0  0  0  0  0  0  0  0  0  0  0  0  0  0  0  0  0  0  0  0  0  0  0  0  0  0  0  0  0  0  0  0  0  0  0  0  0  0  0  0  0  0  0  0  0  0  0  0  0  0  0  0  0  0  0  0  0  0  0  2  0  0  0  0  0  0  0  0  0  0  0  0  0  0  0  0  1448  10  39543  3  1574  0  0  0  0  0  0  0  0  0  0  3  9  0  131297  7815  0  0  0  1  15620  178  0  0  0  11  0  0  3  0  0  0  0  0  1092  90  695  52370  68865  0  0  0  0  0  0  0  0  0  0  40685  1593  0  0  0  1  0  0  0  6  0  639  12  0  0  
0  0  0  0  0  0  0  0  0  0  0  0  0  0  0  0  0  0  0  0  0  1  0  0  0  0  0  0  0  0  0  0  0  0  0  0  0  0  0  0  0  0  0  0  0  0  0  0  0  0  0  0  0  0  0  0  0  0  0  0  0  0  0  0  0  0  0  0  0  0  0  0  0  0  0  22322  0  0  0  0  0  0  0  0  0  0  0  0  0  0  0  0  1099  205  34806  35921  1  0  0  0  0  0  0  0  0  0  0  0  0  0  1  0  0  0  0  40804  0  1967  0  0  0  0  0  0  0  0  0  0  0  0  25770  480  787  90  75969  0  0  0  0  0  0  0  0  0  0  4  1  0  0  0  0  0  0  0  0  0  33  4  0  0  
0  0  0  0  0  0  0  0  0  0  0  0  0  0  0  0  0  0  0  0  0  0  0  0  0  0  0  0  0  0  0  0  0  0  0  0  0  0  0  0  0  0  0  0  0  0  0  0  0  0  0  0  0  0  0  0  0  0  0  0  0  0  0  0  0  0  0  0  0  0  0  0  0  0  16326  0  3  107  10  310  77  232  65  0  0  77659  18  160681  270212  156  0  8  0  0  0  0  0  1672  0  0  0  2  17941  0  0  0  0  0  0  0  0  0  20377  5907  1  0  0  0  580  9  9005  1  654  0  0  0  96191  93824  0  2  0  0  0  0  0  50389  0  577  0  960  9  139332  235  0  0  0  0  0  0  0  0  0  0  0  2  6137  22  6  91451  956  
0  0  0  0  0  5  0  0  0  0  0  0  0  0  0  1  0  0  0  0  0  0  0  0  0  0  0  0  0  0  0  0  0  0  0  0  0  0  0  0  0  0  0  0  0  0  0  0  0  0  0  0  1  2  0  0  0  0  0  0  0  0  0  0  0  7  0  0  0  0  0  0  0  0  46409  0  0  5  92758  21557  421  1034  144  0  0  929  0  197  430903  980  0  2  0  0  0  0  0  463  0  0  0  1  19  0  0  1  0  0  0  0  0  0  102  151  0  0  0  0  73  1  127  0  310  0  0  103596  0  160345  0  1  0  0  0  0  0  841  0  328  0  3919  1  4233  21  0  1  0  0  0  0  15  0  0  1  0  0  40714  3  3  87396  72  
0  0  0  0  0  4  0  0  0  0  0  0  0  0  0  0  0  0  0  0  0  0  0  0  0  0  0  0  0  0  0  0  0  0  0  0  0  0  0  0  0  0  0  0  0  0  0  0  0  0  0  0  0  0  0  0  0  0  0  0  0  0  0  0  0  5  0  0  0  0  0  0  0  0  100  0  21  1  11001  66036  177768  3723  1130  0  0  0  0  0  250381  314668  0  0  0  0  0  0  0  110  0  0  4  19  2038  0  0  0  0  0  0  0  0  0  0  0  0  0  0  0  2863  158  4  0  75  0  0  52816  149105  0  0  17  0  0  0  0  0  0  0  86  0  5553  72  20800  44627  4  30  0  0  0  0  6  0  2  0  0  14  25681  156  40  10412  2887  
0  0  0  0  0  0  0  0  0  0  0  0  0  0  0  0  0  0  0  0  0  0  0  0  0  0  0  0  0  0  0  0  0  0  0  0  0  0  0  0  0  0  0  0  0  0  0  0  0  0  0  0  0  0  0  0  0  0  0  0  0  0  0  0  0  0  0  0  0  0  0  0  0  0  0  0  0  11  0  0  0  0  1  5  0  0  0  0  8  0  0  0  0  0  0  0  0  0  74529  85211  5  7  0  0  0  0  0  0  0  73  0  0  2  1  459  0  0  1  72  0  0  3  31  0  0  0  0  4  0  28476  0  0  0  0  0  0  0  0  0  11  2681  36  0  0  0  0  39541  0  0  0  0  0  0  0  0  0  0  1  80  0  
0  0  0  0  0  0  0  0  0  0  0  0  0  0  0  0  0  0  0  0  0  0  0  0  0  0  0  0  0  0  0  0  0  0  0  0  0  0  0  0  0  0  0  0  0  0  0  0  0  0  0  0  0  0  0  0  0  0  0  0  0  0  0  0  0  1  0  0  0  0  1  0  0  0  0  0  0  134  0  0  0  9  333  1212  0  13  0  3  266  4  349  5  1141  36669  0  0  20  0  195707  7277  309177  927  274  630  0  0  0  2  1  34  0  0  11  4  2510  0  38  304  5655  75  1  17026  1116  0  0  21  0  146  27893  0  2  51749  0  0  0  0  0  0  44744  617  80568  568  122  0  22577  0  136273  0  0  0  0  2  0  0  533  134  182  310  12285  283  
0  0  0  0  0  0  0  0  0  0  0  0  0  0  0  0  0  0  0  0  0  0  0  0  0  0  0  0  0  0  0  0  0  0  0  0  0  0  0  0  0  0  0  0  0  0  0  0  0  0  0  0  0  0  0  0  0  0  0  0  0  0  0  0  0  0  0  0  0  0  0  0  0  0  0  6040  0  0  0  0  0  0  0  0  1  0  0  0  0  0  0  0  198687  21976  2998  40  1  0  1258  0  0  0  0  0  0  0  0  0  0  0  0  1  0  0  0  44563  0  2579  0  0  0  1  0  0  25904  0  0  0  0  0  0  62616  2572  3383  20063  0  0  0  3  0  0  0  0  0  0  269  16714  0  0  0  0  0  0  0  13  1  591  50  0  0  
0  0  0  0  0  0  0  0  0  0  0  0  0  0  0  0  0  0  0  0  0  0  0  0  0  0  0  0  0  0  0  0  0  0  0  0  0  0  0  0  0  0  0  0  0  0  0  0  0  0  0  0  0  0  0  0  0  0  0  0  0  0  0  0  0  0  0  0  0  0  0  0  0  0  0  93  0  12  0  0  0  0  0  2  2059  0  0  0  0  0  78  2  128541  143647  135  122  24  0  24716  22  37  0  0  0  0  0  0  1  0  0  0  0  0  0  154  1311  2  80939  3  0  0  1427  24  0  180  0  0  0  0  51230  22195  0  8  276  1388  0  0  0  30058  2  2  1  0  0  0  4  43203  0  0  0  0  0  0  0  57  3  3770  685  30  2  
0  0  0  0  0  0  0  0  0  0  0  0  0  0  0  0  0  0  0  0  0  0  0  0  0  0  0  0  0  0  0  0  0  0  0  0  0  0  0  0  0  0  0  0  0  0  0  0  0  0  0  0  0  0  0  0  0  0  0  0  0  0  0  0  0  0  0  0  0  0  0  0  0  0  0  31831  0  0  0  0  0  0  0  0  0  0  0  0  0  0  1  0  71531  12  4591  0  0  0  6  0  0  0  0  0  0  0  0  0  0  0  29332  9909  0  0  1  28  73  195  0  0  0  288  0  13  2609  0  0  0  0  0  2339  144  0  52120  12633  0  0  0  0  0  0  0  0  0  0  36605  59183  0  0  0  0  0  0  0  249  0  15533  2  1  0  
0  0  0  0  0  0  0  0  0  0  0  0  0  0  0  0  0  0  0  0  0  0  0  0  0  0  0  0  0  0  0  0  0  0  0  0  0  0  0  0  0  0  0  0  0  0  0  0  0  0  0  0  0  0  0  0  0  0  0  0  0  0  0  0  0  0  0  0  0  0  0  0  0  0  0  41911  0  0  0  0  0  0  0  0  0  0  0  0  0  0  0  0  9185  177  114922  7  0  0  1  0  0  0  0  0  0  0  0  3  9  0  114800  13629  0  0  0  50  2119  3660  0  0  0  11  0  53738  4366  0  0  0  0  0  12114  2657  46950  0  8421  0  0  0  3  0  0  0  0  0  0  74223  11547  0  0  0  0  0  0  0  20  0  3267  44  0  0  
0  0  0  0  0  0  0  0  0  0  0  0  0  0  0  0  0  0  0  0  0  0  0  0  0  0  0  0  0  0  0  0  0  0  0  0  0  0  0  0  0  0  0  0  0  0  0  0  0  0  0  0  0  0  0  0  0  0  0  0  0  0  0  0  0  0  0  0  0  0  0  0  0  0  0  2015  0  0  0  0  0  0  0  0  1  0  0  0  0  0  0  0  14005  371  163349  175997  119778  0  5  0  0  0  0  0  0  0  0  0  1  0  14672  41  0  0  2  3996  25853  22583  0  0  0  17  0  59319  63559  0  0  0  0  0  30362  11834  7953  10266  0  0  0  0  10  0  0  0  0  0  0  15920  15154  0  0  0  0  0  0  0  5238  2  124214  437  6  1  
0  0  0  0  0  0  0  0  0  0  0  0  0  0  0  0  0  0  0  0  0  0  0  0  0  0  0  0  0  0  0  0  0  0  0  0  0  0  0  0  0  0  0  0  0  0  0  0  0  0  0  0  0  0  0  0  0  0  0  0  0  0  0  0  0  0  0  0  0  0  0  0  0  0  22498  0  0  1  0  40  0  3  0  0  0  108  51931  46622  81712  1  0  3  0  0  0  0  0  51178  0  0  0  0  0  0  0  0  0  0  0  0  0  0  1695  30  0  0  0  0  7  0  30312  0  129  0  0  52623  4916  12  0  1  0  0  0  0  0  0  2  53109  0  26  1  367  0  0  0  0  0  0  0  0  0  0  1  0  0  804  0  0  4067  0  
0  0  0  0  0  0  0  0  0  0  0  0  0  0  0  0  0  0  0  0  0  0  0  1  0  0  0  0  0  0  126  18  0  0  0  0  0  0  0  0  0  0  0  0  0  0  0  0  0  0  0  0  0  0  0  0  0  0  0  0  0  0  4  0  0  0  0  0  0  3  0  0  0  0  2  0  0  0  0  15360  0  0  0  0  0  0  0  0  0  20  18  670  0  0  0  0  20550  148042  0  0  0  0  0  0  87020  41357  0  1  21  0  0  0  0  0  0  0  0  0  0  0  1852  0  0  0  0  0  0  0  0  0  0  0  0  0  0  12  0  20840  0  1  0  0  0  21459  0  0  0  0  0  0  0  5  2  5  513  22022  36  972  80104  332  
0  0  0  0  0  15  0  0  0  0  0  0  0  0  0  0  0  0  0  0  0  0  0  0  0  0  0  0  0  0  0  0  0  0  0  0  0  0  0  0  0  0  0  0  0  0  0  0  0  0  0  0  0  0  0  0  0  0  0  0  0  0  0  0  0  0  0  0  0  0  0  0  0  0  3102  0  0  0  175  11906  1  21  0  0  0  0  2  4  7  24  0  0  0  0  0  0  8  295202  0  0  0  0  0  0  119  628  0  0  5  0  0  0  13  5  0  0  2  0  0  0  14601  1  2  0  0  546  105  9  0  0  0  0  0  0  0  99738  26790  0  0  314  0  3  0  231  0  0  0  0  0  0  0  0  2  0  0  67477  0  0  79481  76  
0  0  0  0  0  0  0  0  0  0  0  0  0  0  0  0  0  0  0  0  0  0  0  0  0  0  0  0  0  0  0  0  0  0  0  0  0  0  0  0  0  0  0  0  0  0  0  0  0  0  0  0  0  0  0  0  0  0  0  0  0  0  0  0  0  0  0  0  0  0  0  0  0  0  0  0  0  83  0  0  0  0  5596  11726  97660  0  0  0  12  0  315  24  0  76133  0  467  508  0  105  179  24494  102  6  106576  0  0  0  4  1  0  0  0  0  0  686  0  22  87960  338  19  0  9159  227  0  0  0  0  6  0  33076  7  36897  0  0  6  0  0  0  0  339  785  27  6  0  39443  0  6583  0  0  0  0  0  0  0  164  6  950  184  339  4  
36  0  1  0  47  26281  240  443  1069  205  0  2  0  7  60  155  0  0  0  0  0  2  0  4  0  0  8  4  7  48  40  958  0  0  0  0  0  0  1  5  0  0  0  5  14  17  0  0  207  0  0  36  233  148  0  23  0  0  0  0  0  1  1  0  12  15703  21  2  5  40  52  0  0  0  2175  0  3  151  78  132578  71376  104712  78538  58742  0  10  0  1  481  1142  60  7  0  8  0  0  19  829  3  228  677  869  363  7  1  18247  0  0  0  0  0  0  5  3  380  0  0  177  3930  132  6  199  1213  0  0  658  1447  4784  1  317  0  107  0  0  0  5  1  757  400  0  3090  716  222  3  415  0  70  0  0  23731  8  6027  9384  1186  8  56445  2979  870  8188  43  
0  0  0  0  0  0  0  0  1  0  0  0  0  0  0  0  0  0  0  0  0  0  0  0  0  0  0  0  0  0  0  0  0  0  0  0  0  0  0  0  0  0  0  0  0  0  0  0  0  0  0  0  0  0  0  0  0  0  0  0  0  0  0  0  0  3  0  0  0  0  0  0  0  0  1  0  32633  1700  0  0  0  99  3575  8270  0  153  0  3  385  34  52  3  0  2  0  0  17  0  187  139008  136817  189522  1831  527  0  0  0  0  0  240  0  0  28  14  9028  0  2  328  191824  30217  7  163  2863  0  0  30  6  157  2253  82171  1  10  0  0  0  1  0  0  238  6140  0  1641  518  0  881  1  2948  0  0  0  0  5  0  0  10  1641  66  1551  24444  326  
0  0  0  0  0  0  0  0  0  0  0  0  0  0  0  0  0  0  0  0  0  0  0  0  0  0  0  0  0  0  0  0  0  0  0  0  0  0  0  0  0  0  0  0  0  0  0  0  0  0  0  0  0  0  0  0  0  0  0  0  0  0  0  0  0  1  0  0  0  0  0  0  0  0  102  0  1  37363  3  57  34  104  30  7  0  102163  0  148  98961  45  1  11  0  0  0  0  0  10  0  62  5  29  234946  0  0  0  0  0  0  0  0  0  418  270  73  0  0  0  83186  1  45  3  28286  0  0  133813  910  39380  0  77  0  0  0  0  0  4  0  6  0  453  242  0  1600  0  0  0  29  0  0  2  0  0  0  0  17  1765  48  13  96379  2451  
0  0  0  0  0  1  0  0  0  0  0  0  0  0  0  0  0  0  0  0  0  0  0  0  0  0  0  0  0  0  0  0  0  0  0  0  0  0  0  0  0  0  0  0  0  0  0  0  0  0  0  0  0  0  0  0  0  0  0  0  0  0  0  0  0  0  0  0  0  0  0  0  0  0  6  0  12  0  1  229  236  16832  5939  6  0  0  0  0  71868  57131  1  1  1  0  0  0  1  11  0  0  28  300  165598  0  0  0  0  0  0  0  0  0  0  0  2  0  0  0  104165  1742  0  3  1283  0  0  352  30  48634  0  98  2  0  0  0  0  0  0  7  2  1515  664  4437  0  0  410  0  8  0  0  1  0  0  0  0  0  10049  224  68  4667  1330  
0  0  0  0  1  39  0  0  0  0  0  0  0  0  0  87  0  0  0  0  0  0  0  1  0  0  0  0  0  0  4140  71  0  0  0  0  0  0  0  0  0  0  0  0  0  0  0  0  0  0  0  0  0  0  0  0  0  0  0  0  0  0  9  0  0  1  0  0  0  1362  0  0  0  0  12325  0  0  0  7942  81420  0  0  0  0  0  0  0  0  0  59441  0  0  0  0  0  0  1  19713  0  0  0  0  0  0  80538  11469  0  0  0  0  0  0  0  0  0  0  0  0  0  0  18  0  0  0  0  0  0  2  0  0  0  0  0  0  0  2  28794  514  0  1  0  0  0  0  0  0  0  0  0  0  0  0  0  0  0  5638  0  1  1013  2  
0  0  0  0  0  0  0  13  237  1  0  0  0  0  0  0  0  0  0  0  0  0  0  0  0  0  0  0  0  180  0  0  0  0  0  0  0  0  0  0  0  0  0  0  1  52  0  0  0  0  0  0  0  0  0  0  0  0  0  0  0  0  0  0  0  11  0  0  0  0  38  0  0  0  0  0  7  20  0  2  0  36  82604  1455  0  2  0  0  31  4  5  1  0  2357  0  0  6  0  1  53  105118  230  43  132988  0  0  0  0  0  0  0  0  1  0  70  0  1  75  1222  48865  0  60  170  0  0  1  0  32  3  28164  0  5  0  0  0  0  0  0  45505  307  1924  37  31  0  0  0  548  0  0  0  0  0  0  0  1  16  2  1  352  14  
0  0  0  0  0  0  0  0  0  0  0  0  0  0  0  0  0  0  0  0  0  0  0  0  0  0  0  0  0  0  0  0  0  0  0  0  0  0  0  0  0  0  0  0  0  0  0  0  0  0  0  0  0  0  0  0  0  0  0  0  0  0  0  0  0  0  0  0  0  0  0  0  0  0  0  91  0  0  0  0  0  0  0  0  0  0  0  0  0  0  0  0  2913  18  141  4  3  0  0  0  0  0  0  0  0  0  0  12  33  0  281495  291158  0  0  0  0  38541  495  0  0  0  23  0  62791  94  0  0  0  0  0  2493  283  40356  101269  8834  0  0  0  1  0  0  0  0  0  0  0  17403  0  0  0  0  0  0  0  42  0  10250  10  0  0  
0  0  0  0  0  0  0  0  0  0  0  0  0  0  0  0  0  0  0  0  0  0  0  0  0  0  0  0  0  0  0  0  0  0  0  0  0  0  0  0  0  0  0  0  0  0  0  0  0  0  0  0  0  0  0  0  0  0  0  0  0  0  0  0  0  1  1  0  0  0  0  0  0  0  0  21  0  70  0  0  0  1  34  87  1  8  0  1  22  0  4565  327  90344  107  72  24  155  0  331928  60016  348  16  22  1  0  0  670  248811  105334  9701  42  352271  0  1  54134  2  36335  614  355  2  0  369426  382  423  70  2  0  6  32488  62910  17328  73504  48197  5198  30696  0  0  0  4324  85  2102  179  3  0  364  8975  0  2053  0  0  0  1  0  0  22580  18  77144  2552  12870  28  
0  0  0  0  0  0  0  0  0  0  0  0  0  0  0  0  0  0  0  0  0  0  0  0  0  0  0  0  0  0  0  0  0  0  0  0  0  0  0  0  0  0  0  0  0  0  0  0  0  0  0  0  0  0  0  0  0  0  0  0  0  0  0  0  0  0  0  0  0  0  0  0  0  0  0  0  0  2  0  0  0  0  0  0  0  0  0  0  0  0  9  2  0  0  0  0  0  0  0  49  0  0  0  0  0  0  57920  30260  829  41663  0  0  0  0  19704  0  0  0  0  0  0  59807  1  0  0  0  0  0  0  1  0  6  0  0  0  0  0  0  0  0  0  0  0  0  0  0  1574  0  0  0  0  0  0  0  1  0  1  3  3  0  
0  0  0  0  0  0  0  0  0  0  0  4  0  0  0  0  23594  99609  0  0  0  0  174129  260  0  1  0  0  0  0  0  7  0  28  32070  4  3  9  0  0  13  0  47829  0  9  0  3  23471  430  0  0  0  0  0  0  2  0  0  3  0  234  0  22  0  1  0  0  1  0  0  0  2  1551  1  0  0  0  0  0  0  0  0  0  0  0  0  0  0  0  0  0  0  0  0  0  0  2  0  0  0  0  0  0  0  0  0  0  0  0  0  0  0  0  0  0  0  0  0  0  0  0  0  0  0  0  0  0  0  0  0  0  0  0  0  0  0  0  0  0  0  0  0  0  0  0  0  0  0  0  0  553828  54222  85644  107  0  0  1  0  0  0  
609  0  6  0  214  77738  256137  20508  572  1  0  11  0  32  7229  105421  0  1  0  0  0  0  0  90  0  0  64  18  407  8  2  3  0  0  0  1  0  0  11  17  11  0  0  2  348  149  24  0  628  0  0  11028  12028  144906  0  491  0  2  0  0  0  3  0  6  159  17183  24  8962  2796  115  860  0  8  0  1  0  0  0  0  43  16  68  5  0  0  0  0  0  1  19  0  0  0  0  0  0  0  1  0  0  0  0  0  0  0  0  0  0  0  0  0  0  0  0  0  0  0  1  0  0  0  0  0  0  0  2  4  42  0  0  0  0  0  0  0  0  0  0  0  5587  0  0  1  0  0  0  0  0  0  0  0  2553  58658  1926  0  642  0  0  0  0  
2  0  0  0  0  0  0  1  2653  8043  0  15  0  9  0  0  42  227  3  0  3  20  140837  2  874  4  10  253  4  25  0  2  0  48  52  78  388  6641  1  1  236  0  15097  20815  199  2  0  4844  147  173  6  18  0  2  0  325  0  22  187  85  121518  1  6  0  475  688  48  21  9  0  440  2183  87765  11  0  0  0  0  0  0  0  0  0  8  0  0  0  0  0  0  0  0  0  0  0  0  5  0  0  0  0  0  0  0  0  0  0  0  0  0  0  0  0  0  0  0  0  0  0  0  0  0  0  0  0  0  0  0  0  0  0  0  0  0  0  0  0  0  0  9  0  0  0  0  0  0  0  0  293861  3  0  142242  10632  103  0  0  19  13  2  0  
2  1  328  0  0  5  12  392  196  1966  0  4  0  1  0  179  291  7496  5  0  13  9  351  37  236  1  153  801  6017  40  13  3375  0  0  0  0  0  2  0  0  131  0  0  172  12383  563  1  1102  37  0  2  1  0  208  0  385  0  17  5  0  17  0  348  1  35  1251  2022  3  14635  0  14  2  2585  0  0  0  0  0  0  0  0  0  5  153  0  0  0  0  0  0  16  1  0  0  0  3  9  0  0  0  1  0  0  0  7  961  0  0  0  0  0  0  0  0  1  0  0  10  5  0  0  11  0  0  0  0  0  0  0  0  0  0  0  0  0  0  2  0  0  1024  1  1  0  0  0  0  0  0  12829  85  133136  0  51279  107661  5  322  29  53709  341  1  
11467  0  113  92  1875  19251  34  298  6  0  0  190  2  51  266  3108  69740  127693  1  0  0  0  188  24357  108  75  35  1628  3565  0  251  8809  796  152  202  334  0  1  35  14  15394  0  191  41  8311  55  48308  95626  127787  0  0  5080  1037  9104  0  128  0  4  2  0  0  59  11294  19087  16  2762  247  7648  15573  7236  4  0  4346  213  0  0  0  0  0  100  0  0  1  0  0  0  0  0  0  0  0  0  0  0  0  0  0  0  0  0  0  0  0  0  3  7  0  0  0  0  0  0  0  0  0  0  0  0  0  0  0  0  0  0  0  0  0  0  0  0  0  0  0  0  0  0  0  0  0  327  0  0  0  0  0  0  0  0  45120  3237  9395  21024  0  324154  0  155  0  5  0  0  
0  0  111  0  0  229  1  47  14  0  0  0  0  0  0  19  144  1988  0  0  0  0  2  44  1  0  26  290  851  2  8  18859  0  0  0  0  0  0  0  0  675  0  1  9  1462  35  7  228  8  0  0  0  0  22  0  36  0  2  1  0  0  0  238  9  6  7445  279  3  2134  96  0  0  276  0  0  0  0  0  0  82  0  0  0  0  0  0  0  0  0  0  0  0  0  0  0  0  1  0  0  0  0  0  0  0  2  38  0  0  0  0  0  0  0  0  0  0  0  0  0  0  0  0  0  0  0  0  0  0  0  0  0  0  0  0  0  0  0  0  0  269  0  0  0  0  0  0  0  0  1633  14  245  163247  875057  0  0  187  1  54  3  0  
0  0  0  0  0  0  0  0  0  0  0  0  0  0  0  0  0  0  0  0  0  0  0  0  0  0  0  0  0  0  7  2  0  0  0  0  0  0  0  0  0  0  0  0  0  0  0  0  0  0  0  0  0  0  0  0  0  0  0  0  0  0  0  0  0  1  0  0  0  0  0  0  0  0  0  0  0  3  0  0  0  0  0  0  0  0  0  0  1  0  48403  23247  198  1  0  0  214924  359  2  7  0  0  0  0  256  3691  0  0  10426  0  9  29  0  0  39  0  63348  8  2  0  0  12996  3  15  0  1  0  12  0  3  22  15  1166  2  5292  0  1305  0  2  0  0  0  0  0  0  100  8276  0  0  0  6  0  1  0  0  25316  496630  3372  70862  49976  
2  0  0  0  12  292  0  0  12  0  0  0  0  2  5  8  1  3  0  0  0  0  0  0  0  0  0  0  0  0  15  46  0  0  0  0  0  0  0  3  0  0  0  0  0  0  0  0  8  0  0  4  29  3  0  0  0  0  0  0  0  0  1  0  0  399  0  0  1  3  0  0  0  0  6950  0  49  4  1167  32246  106  2324  1251  52  0  5  0  6  1546  1273  283  14  11  0  0  0  99  9975  1  9  71  404  6885  0  13  18148  0  0  0  0  0  0  18  6  49  0  2  19  3298  361  44  455  26  0  0  2476  12530  17731  0  46  36  20  0  2  7  104  4139  14885  0  28087  579  330  3138  23  30  0  159  0  0  163  0  208  1299  251  2560  0  16556  74078  171696  116493  
0  0  0  0  0  0  0  0  11  7  0  0  0  0  0  0  0  0  0  0  0  0  0  0  0  0  0  0  0  0  0  0  0  0  0  0  0  0  0  0  0  0  0  1  0  1  0  0  0  0  0  0  0  0  0  0  0  0  0  0  0  0  0  0  0  35  0  0  0  0  0  0  0  0  0  24  0  111  0  0  0  1  8  8401  0  2  0  0  9  1  122  32  9490  58  105  1636  132300  1  74  211  62  8  22  0  3  16  0  1  3  0  99  2615  1  1  1013  8  10630  7470  162  3  0  2526  454  75  38  5  0  2  0  514  4858  3615  27666  2581  87681  0  3  0  567  1077  99  117  3  0  2  5806  68567  0  0  0  33  34  0  0  289726  16952  0  143289  4454  1499  
0  0  0  0  0  0  0  0  7  7  0  0  0  0  0  0  1  10  0  0  0  0  2  1  0  0  0  0  0  0  128  436  0  0  0  0  0  0  0  0  0  0  0  0  0  0  0  0  0  0  0  0  0  0  0  0  0  0  0  0  0  0  9  0  1  9  0  0  0  0  0  0  0  0  0  0  1  32  0  1  1  27  3  98  0  0  0  0  67  12  2532  252  66  7  2  60  2441  7  42  43  12  258  224  0  77  13055  0  2  4  0  1  0  0  1  270  0  30  219  1330  33  0  7815  53  0  1  31  6  143  0  253  122  1831  0  1  51  0  92  0  160  324  843  30  120  0  2  0  1901  0  0  0  15  68328  53  176  2651  200462  203336  0  34006  2587  
0  0  0  0  0  0  0  0  1  0  0  0  0  0  0  0  0  0  0  0  0  0  0  0  0  0  0  0  0  0  89  9  0  0  0  0  0  0  0  0  0  0  0  0  0  0  0  0  0  0  0  0  0  0  0  0  0  0  0  0  0  0  1  0  0  2  0  0  0  1  0  0  0  0  4164  0  19  67  305  1325  14  446  96  32  0  824  0  110  3383  238  40434  81510  9  2  0  0  68283  40171  4  60  94  962  5317  0  7571  20710  2  1  40  0  0  0  177  193  31759  0  165  11  10063  267  56251  33898  91853  0  0  7696  6009  10761  1  690  18  168  13  0  13  577  52335  18295  75  311  5228  14338  3745  130  5  0  2877  0  0  0  0  32  0  3  49177  114131  3011  10255  0  372745  
0  0  0  0  0  0  0  0  0  0  0  0  0  0  0  0  2  3  0  0  0  0  0  0  0  0  0  0  0  0  24  6  0  0  0  0  0  0  0  0  0  0  0  0  0  0  0  0  0  0  0  0  0  0  0  0  0  0  0  0  0  0  0  0  0  0  0  0  0  0  0  0  0  0  3  0  36  1  0  29  3  763  40  2  0  0  0  0  1428  347  7  4277  6  1  0  1  59293  58  1  2  11  252  8862  0  82  3407  0  0  2  0  0  0  0  0  28  0  0  10  4295  320  2  32  39  0  0  533  59  3241  0  75  9  7  0  0  4  0  1222  4  0  31  839  185  3837  4  0  0  64  0  0  0  5  4  2  7  71165  341152  38790  4097  727397  0  
