0  0  0  0  108882  3551  0  0  0  0  0  1  78  51  60752  3149  0  0  0  0  0  0  0  162716  0  0  0  0  0  0  25692  0  0  0  0  0  0  0  1322  0  1  0  0  0  9  0  11287  0  1132  0  0  7262  33948  59  0  0  0  0  0  0  0  8833  318  2137  0  53  0  22  1  34648  0  0  0  0  0  0  0  0  0  0  0  0  0  0  0  0  0  0  0  0  0  0  0  0  0  0  0  0  0  0  0  0  0  0  0  0  0  0  0  0  0  0  0  0  0  0  0  0  0  0  0  0  0  0  0  0  0  0  0  0  0  0  0  0  0  0  0  0  0  0  0  0  0  0  0  0  0  0  0  58  0  0  28795  54  0  0  0  0  0  0  
0  0  0  0  0  0  0  0  0  0  31  0  0  0  0  0  0  0  141033  11  58380  33796  0  0  0  0  0  0  0  0  0  0  0  0  0  0  237  1  0  0  0  54484  0  4092  6  0  0  0  0  0  124969  0  0  0  0  0  32014  80  56110  488  264  0  0  0  52  0  0  0  0  0  0  0  133  0  0  0  0  0  0  0  0  0  0  0  0  0  0  0  0  0  0  0  0  0  0  0  0  0  0  0  0  0  0  0  0  0  0  0  0  0  0  0  0  0  0  0  0  0  0  0  0  0  0  0  0  0  0  0  0  0  0  0  0  0  0  0  0  0  0  0  0  0  0  0  0  0  0  0  0  0  0  0  1  0  0  0  0  0  0  0  
0  0  0  0  0  1  35  22411  1  0  0  0  0  0  0  109383  0  0  0  0  0  0  0  0  0  0  39132  34189  66867  22603  0  0  0  0  0  0  0  0  0  0  0  0  0  0  125339  100808  0  0  0  0  0  0  0  0  0  0  0  0  0  0  0  0  0  0  0  0  30949  0  6850  0  2  0  0  0  0  0  239  0  0  0  0  4  1  0  0  0  0  0  0  32  0  0  0  0  0  0  0  0  0  0  144  0  0  411  0  0  0  0  0  0  0  0  0  0  0  0  0  0  0  34  0  0  0  0  0  0  0  0  0  0  0  0  0  0  0  0  0  0  0  0  0  0  0  0  6  0  0  0  0  0  0  0  0  0  0  0  0  0  0  0  
3  2  0  0  2  0  0  0  0  0  0  70311  0  0  7  0  99  6  6  0  23  0  0  1  32  125463  1  58927  25389  0  0  0  1497  963  0  305  0  0  0  144  11267  0  0  0  73445  0  1  207  73777  0  15  19  2  17  222  182  15  15  6  0  10  0  0  2  25  0  6252  3674  21  0  0  0  27  22  0  0  0  0  0  0  0  0  0  0  0  0  0  0  0  0  0  0  0  0  0  0  0  0  0  0  0  0  0  0  0  0  0  0  0  0  0  0  0  0  0  0  0  0  0  0  0  0  0  0  0  0  0  0  0  0  0  0  0  0  0  0  0  0  0  0  0  0  0  0  0  0  0  0  0  4  0  1  381  1  0  0  0  0  0  0  
94716  0  0  0  0  30842  0  0  0  0  0  0  2  1  25393  91872  0  0  0  0  0  0  0  161  0  0  0  0  0  0  22428  0  0  0  0  0  0  0  95  0  0  0  0  0  1  0  1121  0  539  0  0  1040  31373  42  0  0  0  0  0  0  0  120  8  9  0  42  0  9  3  1871  0  0  0  0  0  0  0  0  0  12  0  0  0  0  0  0  0  0  0  59  0  0  0  0  0  0  0  0  0  0  0  0  0  0  0  0  0  0  0  0  0  0  0  0  0  0  0  0  0  0  0  0  0  0  0  0  0  0  0  0  0  0  0  0  0  0  0  0  0  0  0  0  0  0  0  0  0  0  0  31  0  0  12774  31  0  0  0  0  0  0  
10734  0  0  0  29214  0  73216  26  2  0  0  1  0  3  20451  191358  0  1  0  0  1  0  0  331  0  0  0  0  4  0  592  7530  0  0  0  1  0  0  16  14  0  0  0  0  206  12  174  0  413  0  0  4749  49469  71858  0  3  0  1  0  0  0  16  1890  40  7  91404  0  400  307  131506  16  0  1  0  0  0  0  0  1  3102  48  0  0  0  0  0  0  0  3  35  0  0  0  0  0  0  0  0  0  0  0  0  0  0  5  91  0  0  0  0  0  0  0  0  0  0  0  0  0  0  0  0  0  0  0  1  57  1  0  0  0  0  0  0  0  0  0  0  0  13092  0  0  0  12  0  0  0  0  1  28091  0  8  23822  1081  0  37  0  0  1  0  
1  0  3  0  8  82315  0  78806  8925  29  0  1  0  0  47  145580  0  0  1  0  0  0  0  2  0  0  0  0  21  7  0  0  0  0  0  0  0  0  1  4  0  0  0  22  547  513  1  0  30  0  0  416  284  78275  0  23  2  3  1  0  0  1  0  0  390  76134  10  41  7101  0  14186  0  1  0  0  0  0  0  0  131  240  12  0  0  0  0  0  0  7  55  0  0  0  0  0  0  0  0  0  0  0  0  0  0  0  0  0  0  0  0  0  0  0  0  0  0  0  0  0  0  0  0  0  0  0  0  57  6  0  0  0  0  0  0  0  0  0  0  0  1946  0  0  0  0  0  0  0  0  0  183  0  9  45  20  0  6  0  0  1  0  
0  0  16011  0  0  35  102602  0  75682  69  0  0  0  0  0  117959  0  0  0  2  0  0  0  0  0  0  15  1  6569  10  0  0  0  0  0  1  0  0  0  0  0  0  0  39  9312  59636  0  0  0  0  0  0  0  2033  0  269  1  36  0  0  0  0  0  0  354  64477  213  0  69072  0  10397  0  0  0  0  0  4  0  0  3  169  638  125  0  0  0  0  0  0  2  0  0  0  0  0  0  0  0  0  0  0  0  1  0  0  0  0  0  0  0  0  0  0  0  0  0  0  0  1  5  0  0  0  0  0  0  0  1  0  0  0  0  0  0  0  0  0  0  0  240  0  0  1  0  13  0  0  0  0  12  0  2  0  1  0  2  0  0  0  0  
0  0  5  0  0  1  18079  74915  0  12220  0  0  0  0  0  2  0  0  0  1  0  5  0  0  0  0  7  0  26  31436  0  0  0  0  0  0  0  0  0  0  0  0  0  1608  80  96488  0  0  0  0  0  0  1  114  0  93  0  7  0  0  0  0  0  0  17814  102344  8  0  202  0  62046  0  1  0  0  0  0  0  0  0  7  104  276  14  1  0  0  0  0  0  0  0  0  0  0  0  0  0  0  0  0  0  0  27  0  0  0  0  0  0  0  0  0  0  0  0  0  0  0  11  0  0  0  0  0  0  0  0  0  0  0  0  0  0  0  0  0  0  0  124  0  0  0  0  138  0  0  0  0  2  4  4  3  1  0  0  0  0  0  0  
0  0  0  0  0  0  2557  750  19401  0  0  0  0  0  0  0  0  0  0  0  0  6392  25810  0  0  0  0  0  0  19552  0  0  0  0  0  0  0  0  0  0  1  0  0  49793  2  0  0  6  0  0  1  0  0  4  0  0  1  0  1  0  0  0  0  0  1845  133539  0  0  3  0  727  0  0  0  0  0  0  0  0  0  0  0  129  120  0  0  0  0  0  0  0  0  0  0  0  0  0  0  0  0  0  0  0  23  0  0  0  0  0  0  0  0  0  0  0  0  0  0  0  0  0  0  0  0  0  0  0  0  0  0  0  0  0  0  0  0  0  0  0  13813  2  0  0  0  1  0  0  0  0  0  4585  2218  1178  8  0  11  3  65  207  0  
0  3  0  0  0  0  0  0  0  52  0  0  0  0  0  0  0  0  252  220959  0  4579  0  0  0  0  29  0  0  166  0  0  0  0  0  0  0  0  0  0  0  1374  0  162701  0  0  0  0  0  0  7  0  0  0  0  0  1464  1820  0  0  1  0  0  0  146991  1  0  0  0  0  0  0  0  0  0  0  0  0  0  0  0  0  0  0  1453  0  0  0  0  0  0  0  0  15  0  106  0  0  0  0  0  0  0  16  0  0  0  0  0  0  0  0  0  0  0  29  0  25  0  0  0  0  0  0  0  0  0  0  0  0  0  0  0  0  0  0  0  0  0  0  0  0  0  0  0  0  0  0  0  0  0  0  0  0  0  0  0  0  0  0  
44  0  0  83629  49  3  0  0  0  0  0  0  1  25081  33  0  8  224  0  0  3  0  0  4  0  102  0  6  3427  0  0  0  167  816  1  4  0  0  7  63908  273  0  0  0  984  0  19  97  99825  0  2  47663  43  65  1  4  2  0  0  0  2  2  0  4  0  0  110  77781  0  0  0  0  5  2  0  0  0  0  0  0  0  0  0  0  0  0  0  0  0  0  0  0  0  0  0  0  0  0  0  0  0  0  0  0  0  0  0  0  0  0  0  0  0  0  0  0  0  0  0  0  0  0  0  0  0  0  0  0  0  0  0  0  0  0  0  0  0  0  0  0  0  0  0  0  0  0  0  0  0  267  0  1  4464  7  0  0  0  0  0  0  
761  0  0  0  43  0  0  0  0  0  0  2  0  14684  1  0  0  215  0  0  0  0  0  50615  0  0  0  0  0  0  0  0  0  0  0  0  0  0  46350  1  0  0  0  0  0  0  55906  0  202  0  0  140  0  0  0  0  0  0  0  0  0  11396  0  11666  0  0  0  0  0  0  0  0  0  0  0  0  0  0  0  0  0  0  0  0  0  0  0  0  0  0  0  0  0  0  0  0  0  0  0  0  0  0  0  0  0  0  0  0  0  0  0  0  0  0  0  0  0  0  0  0  0  0  0  0  0  0  0  0  0  0  0  0  0  0  0  0  0  0  0  0  0  0  0  0  0  0  0  0  0  0  0  0  156  0  0  0  0  0  0  0  
223  0  0  0  344  33  0  0  0  0  0  21168  17557  0  183  0  0  463  0  0  0  0  0  199  0  0  0  0  0  0  0  0  0  0  0  0  0  0  69287  41743  0  0  0  0  3  0  403  1  26092  0  0  99817  46  10  0  0  0  0  1  0  0  39768  0  957  0  1  0  11  0  0  0  0  0  0  0  0  0  0  0  0  0  0  0  0  0  0  0  0  0  0  0  0  0  0  0  0  0  0  0  0  0  0  0  0  0  0  0  0  0  0  0  0  0  0  0  0  0  0  0  0  0  0  0  0  0  0  0  0  0  0  0  0  0  0  0  0  0  0  0  0  0  0  0  0  0  0  0  0  0  12  0  0  571  0  0  0  0  0  0  0  
60009  0  0  0  28698  12645  29  1  0  0  0  100  1  766  0  93012  0  1  139  1  7  0  0  15880  57  5  1  0  17086  0  0  0  0  0  0  27  0  0  50  19  1  0  0  0  495  0  410  0  976  0  9  328102  353620  149633  6  332  101  294  0  0  3  86184  0  77  1439  77  76  78560  21897  29  0  0  36  0  0  0  0  0  0  0  0  0  0  0  0  0  0  0  0  0  0  0  0  0  0  0  0  0  0  0  0  0  0  0  0  0  0  0  0  0  0  0  0  0  0  0  0  0  0  0  0  0  0  0  0  0  0  0  0  0  0  0  0  0  0  0  0  0  0  0  0  0  0  0  0  0  0  0  0  438  0  2  3011  44  0  0  0  0  0  0  
4881  0  111450  0  126585  221927  130172  97498  7  0  0  0  0  0  95109  0  0  0  0  0  0  0  0  1  0  0  3  2  26707  3  10737  0  0  0  0  0  0  0  0  2  0  0  0  0  2673  23850  2  0  10  0  0  184  9348  206083  0  1  0  0  0  0  0  0  1  1  2  45  15  23  47367  27673  93  0  0  0  0  0  41  0  11  185  229  46  1  0  0  0  0  0  0  1932  0  0  0  0  0  0  0  0  0  0  1  0  0  0  0  0  0  0  0  0  0  0  0  0  0  0  0  0  0  5  0  0  0  0  0  0  0  0  0  0  0  0  0  0  0  0  0  0  0  0  0  0  0  0  2  0  0  0  0  5  0  2  150  4  0  0  0  0  0  0  
0  41  0  125  0  0  0  0  0  0  0  14  3  0  1  0  0  72591  35  0  408  1  16557  507  1  23  0  0  0  0  0  7  24  5  26002  2  0  0  0  1  15129  0  2218  13  159  0  178  71214  39472  0  408  1  0  3  0  10  149  153  161  4  187  0  5  0  19  0  23  15  2  0  3  0  142  0  0  0  0  0  0  0  0  0  0  0  0  0  0  0  0  0  0  0  0  0  0  0  0  0  0  0  0  0  0  0  0  2  0  0  0  0  0  0  0  0  0  0  0  0  0  0  0  0  0  0  0  0  0  0  0  0  0  0  0  0  0  0  0  0  0  0  0  0  0  0  0  0  0  0  20806  46  23  1453  220464  795  0  0  0  0  0  0  
5  0  0  42  8  0  0  0  0  0  0  1273  174  852  0  0  59749  0  0  0  0  0  18691  19997  0  0  0  0  0  0  0  26  11  36  171  0  0  0  32  8  0  0  6  0  10  0  83927  6840  90276  0  0  52  0  0  0  0  0  0  0  0  0  0  2960  1  0  0  0  5  0  0  0  0  0  0  0  0  0  0  0  0  0  0  0  0  0  0  0  0  0  0  0  0  0  0  0  0  0  0  0  0  0  0  0  0  0  0  0  0  0  0  0  0  0  0  0  0  0  0  0  0  0  0  0  0  0  0  0  0  0  0  0  0  0  0  0  0  0  0  0  0  0  0  0  0  0  0  0  0  7627  185  18  5773  200965  3995  0  0  0  0  0  0  
0  151433  0  0  0  0  0  0  0  0  516  0  0  0  2  0  0  0  0  216  263  80  0  0  56600  3  8  0  1  0  0  0  0  1  0  4  124  13  0  0  4  47029  0  2499  713  0  0  3  7  0  6430  0  0  1  0  209  215321  82864  80866  20  190  0  0  0  8710  0  25  0  20  0  4  4  68378  0  0  0  0  0  0  0  0  0  0  0  0  0  0  0  0  0  0  0  0  0  0  0  0  0  0  0  0  0  0  0  0  0  0  0  0  0  0  0  0  0  0  0  0  0  0  0  0  0  0  0  0  0  0  0  0  0  0  0  0  0  0  0  0  0  0  0  0  0  0  0  0  0  0  0  0  1  0  0  13  2  0  0  0  0  0  0  
0  8  0  0  0  0  0  3  0  0  196997  0  0  0  0  0  0  0  249  0  0  1982  0  0  0  0  37056  0  5  4  0  0  0  0  0  0  0  0  0  0  0  7468  0  26189  28  6  0  0  0  0  4  0  0  0  0  11784  677  32953  0  0  0  0  0  0  81528  0  51  0  0  0  22  0  1  0  0  0  0  0  0  0  0  0  0  0  261  0  0  0  0  0  0  0  0  9  0  1  0  0  0  0  0  0  0  0  0  0  0  0  0  0  0  0  0  0  0  45  0  0  0  0  0  0  0  0  0  0  0  0  0  0  0  0  0  0  0  0  0  0  0  0  0  0  0  0  0  0  0  0  0  0  0  0  0  0  0  0  0  0  0  0  
0  46559  0  0  0  0  0  0  0  0  0  0  0  0  0  0  0  0  328  0  0  782  643  0  0  0  0  0  0  0  0  0  0  0  0  0  2934  0  0  0  1  0  16318  18  20  0  0  0  1  69994  26197  0  0  0  0  0  4746  14  24578  116824  168876  0  0  0  20  0  0  0  0  0  1  0  5982  0  0  0  0  0  0  0  0  0  0  0  0  0  0  0  0  0  0  0  0  0  0  0  0  0  0  0  0  0  0  0  0  0  0  0  0  0  0  0  0  0  0  0  0  0  0  0  0  0  0  0  0  0  0  0  0  0  0  0  0  0  0  0  0  0  0  0  0  0  0  0  0  0  0  0  0  0  6  3  1  0  0  0  0  0  0  0  
0  33260  0  0  0  0  0  0  1  8422  3254  0  0  0  0  0  0  0  109  289  903  0  21385  0  0  0  0  0  0  269  0  0  0  0  0  0  0  0  0  0  0  34040  0  303663  0  0  0  0  0  0  75637  0  0  0  0  0  3845  139  149  4  111762  0  0  0  337  8  0  0  0  0  0  0  48  0  0  0  0  0  0  0  0  0  0  0  29  0  0  0  0  0  0  0  0  0  1  1187  0  0  0  0  0  0  0  0  0  0  0  0  0  0  0  0  0  0  0  3  0  1  0  0  0  0  0  0  0  0  0  0  0  0  0  0  0  0  0  0  0  0  0  0  0  0  0  0  0  0  0  0  0  0  2295  22  3  0  0  0  0  0  0  0  
0  2  0  0  0  0  0  0  2  22958  0  1  0  0  0  0  36864  37144  0  0  353  13146  0  318  0  0  0  0  0  1  0  0  0  6  46426  1  3  0  0  0  0  0  45753  10580  2  0  16  12305  0  11399  25  0  0  0  0  0  1  0  17  135  114717  0  0  0  6  8  0  0  0  0  0  0  6  0  0  0  0  0  0  0  0  0  0  0  0  0  0  0  0  0  0  0  0  0  0  0  0  0  0  0  0  0  0  0  0  0  0  0  0  0  0  0  0  0  0  0  0  0  0  0  0  0  0  0  0  0  0  0  0  0  0  0  0  0  0  0  0  0  0  0  0  0  0  0  0  0  0  0  130750  17  161860  8910  6647  915  0  0  0  0  0  0  
135618  0  0  0  332  631  0  0  0  0  0  1  55340  142  16884  1  16  12263  0  0  0  0  4  0  0  0  0  0  0  0  25792  161  0  25  17  0  0  0  2583  5  0  0  21  0  1  0  79059  5341  122  0  0  1810  49  13  0  0  0  0  0  0  0  96396  170044  283906  0  2  0  13  0  27958  0  0  0  0  0  0  0  0  0  0  0  0  0  0  0  0  0  0  0  0  0  0  0  0  0  0  0  0  0  0  0  0  0  0  6  0  0  0  0  0  0  0  0  0  0  0  0  0  0  0  0  0  0  0  0  0  0  0  0  0  0  0  0  0  0  0  0  0  0  0  0  0  0  0  0  0  0  0  58  13  1  17  51676  87  0  0  0  0  0  0  
2  4  0  67  2  3  2  1  1  0  0  3  0  0  126  0  0  0  52128  0  15  0  0  0  0  31450  94  0  20  0  0  0  0  7  0  1677  0  4  1  14  95  1  0  0  3178  4  0  94  480  0  8  47  8  358  76627  169109  32  8272  47  1  7  0  0  0  499  3  1075  88  572  0  17  0  167907  2  0  0  0  0  0  0  0  0  0  0  0  0  0  0  0  0  0  0  0  0  0  0  0  0  0  0  0  0  0  0  0  0  0  0  0  0  0  0  0  0  0  0  0  0  0  0  0  0  0  0  0  0  0  0  0  0  0  0  0  0  0  0  0  0  0  0  0  0  0  0  0  0  0  0  0  99  0  27  258  22  0  0  0  0  0  0  
3  27  0  95200  6  1  0  0  0  0  0  69  0  1  78  0  19  0  69  0  112  0  0  2  36196  0  97  26114  9  0  0  0  515  14637  0  138798  0  6  0  240  109783  0  0  3  12465  0  2  576  27333  0  90  69  2  172  134716  64874  131  160  82  2  57  1  0  3  216  0  175672  656  250  0  2  0  18015  357  0  0  0  0  0  0  0  0  0  0  0  0  0  0  0  0  0  0  0  0  0  0  0  0  0  0  0  0  0  0  0  0  0  0  0  0  0  0  0  0  0  0  0  0  0  0  0  0  0  0  0  0  0  0  0  0  0  0  0  0  0  0  0  0  0  0  0  0  0  0  0  0  0  0  0  38  1  19  1639  37  0  0  0  0  0  0  
0  2  42101  0  0  0  1  21  1  0  12  0  0  0  2  14  0  0  20  34136  1  0  0  0  162  166  0  2183  248  170127  0  0  0  0  0  5  0  0  0  0  0  0  0  0  1871  14771  0  2  4  0  1  1  0  10  64  186930  7  153  3  0  1  0  0  0  93472  0  91335  0  56  0  4402  0  3  0  0  0  0  0  0  0  0  0  0  0  0  0  0  0  0  0  0  0  0  0  0  0  0  0  0  0  0  0  0  4  0  0  0  0  0  0  0  0  0  0  0  0  0  0  0  0  0  0  0  0  0  0  0  0  0  0  0  0  0  0  0  0  0  0  0  0  0  0  0  0  0  0  0  0  0  16  0  32  11  8  0  0  0  0  0  0  
0  0  40876  98874  0  0  0  6  0  0  0  1  0  0  0  15  0  0  0  1  0  0  0  0  0  27156  614  0  963  2  0  0  0  0  0  0  0  0  0  0  1  0  0  0  239797  4427  0  0  18  0  0  0  0  0  0  59  0  1  0  0  0  0  0  0  33  0  193231  0  0  0  16  0  0  0  0  0  0  0  0  0  0  0  0  0  0  0  0  0  0  0  0  0  0  0  0  0  0  0  0  0  0  0  0  0  0  0  0  0  0  0  0  0  0  0  0  0  0  0  0  0  0  0  0  0  0  0  0  0  0  0  0  0  0  0  0  0  0  0  0  0  0  0  0  0  0  0  0  0  0  0  0  0  1  0  0  0  0  0  0  0  
0  0  61571  24928  0  0  12  3585  8  0  0  3808  0  0  20202  29455  0  0  2  4  0  0  0  0  2  0  25  2368  0  0  0  0  0  0  0  0  0  0  0  0  0  0  0  0  328716  12749  0  0  210  0  3  1180  0  8  0  438  7  81  2  0  0  0  0  0  414  3  1095  123013  160925  0  1827  0  2  0  0  0  0  0  0  0  0  0  0  0  0  0  0  0  0  0  0  0  0  0  0  0  0  0  0  0  0  0  0  0  0  0  0  0  0  0  0  0  0  0  0  0  0  0  0  0  0  0  0  0  0  0  0  0  0  0  0  0  0  0  0  0  0  0  0  0  0  0  0  0  0  0  0  0  0  8  0  1  16  1  0  0  0  0  0  0  
0  0  26659  0  0  0  563  126  36279  23409  131  0  0  0  0  18  0  0  0  3  0  83  0  0  0  0  199646  9  7  0  0  0  0  0  0  0  0  0  0  0  0  0  0  12909  104  50265  0  0  0  0  0  0  0  0  0  21721  0  0  0  0  0  0  0  0  152870  3551  16100  0  0  0  114337  0  0  0  0  0  1  0  0  0  0  0  31  14  5  0  0  0  0  0  0  0  0  0  0  0  0  0  0  0  0  0  0  242  0  0  0  0  0  0  0  0  0  0  0  0  0  0  0  14  0  0  0  0  0  0  0  0  0  0  0  0  0  0  0  0  0  0  0  1  0  0  0  0  17  0  0  0  0  1  0  0  0  0  0  0  0  0  0  0  
30174  0  0  0  23455  826  0  0  0  0  0  0  0  0  0  10940  0  0  0  0  0  0  0  27660  0  0  0  0  0  0  0  35777  0  0  0  0  0  0  0  0  0  0  0  0  0  0  0  0  0  0  0  0  0  0  0  0  0  0  0  0  0  0  131208  0  0  6  0  0  0  92400  0  0  0  0  0  0  0  0  0  395  0  0  0  0  0  0  0  0  0  8  0  0  0  0  0  0  0  9  0  0  0  0  0  0  4267  204  0  0  0  0  0  0  0  0  0  0  0  0  0  0  0  0  0  0  0  0  0  0  0  0  0  0  0  0  0  0  4  0  0  0  0  0  0  83  0  0  0  0  10  14  36  119  3256  56  0  4  0  1  0  0  
0  0  0  0  0  8638  0  0  0  0  0  0  0  0  0  0  7  45  0  0  0  0  2  226  0  0  0  0  0  0  32807  0  0  0  1  0  0  0  0  0  0  0  0  0  0  0  1  0  0  0  0  0  0  0  0  0  0  0  0  0  0  0  32556  0  0  17015  0  0  0  12232  0  0  0  0  0  0  0  0  0  38  0  0  0  0  0  0  0  0  0  0  0  0  0  0  0  0  0  0  0  0  0  0  0  0  18  2426  0  0  0  0  0  0  0  0  0  0  0  0  0  0  0  0  0  0  0  0  0  0  0  0  0  0  0  0  0  0  0  0  0  93  0  0  0  13  0  0  0  0  289  60811  382  1401  10863  9711  0  12  0  1  0  2  
0  0  0  1182  0  0  0  0  0  0  0  148  0  0  0  0  23  1  0  0  0  0  0  0  1  459  0  0  0  0  0  0  0  55452  1513  188  0  0  0  0  23846  0  0  0  6  0  0  108997  115  0  0  1  0  0  0  2  0  0  0  0  1  0  0  0  0  0  0  0  0  0  0  0  7676  95839  0  0  0  0  0  0  0  0  0  0  0  0  0  0  0  0  0  0  0  0  0  0  0  0  0  0  0  0  0  0  0  0  0  0  0  0  0  0  0  0  0  0  0  0  0  0  0  0  0  0  0  0  0  0  0  0  0  0  0  0  0  0  0  0  0  0  0  0  0  0  0  0  0  0  0  0  2  2  572  0  0  0  0  0  0  0  
0  0  0  983  0  0  0  0  0  0  0  1323  1  14  0  0  5  8  0  0  0  0  0  30  4  9654  0  0  0  0  0  0  53851  0  99719  172546  0  19235  0  0  977  0  49535  0  4  0  0  70863  27  4  0  0  0  1  15  2  1  0  0  0  0  0  0  0  1  0  0  0  1  0  0  69  235321  49024  0  0  0  0  0  0  0  0  0  0  0  0  0  0  0  0  0  0  0  0  0  0  0  0  0  0  0  0  0  0  0  0  0  0  0  0  0  0  0  0  0  0  0  0  0  0  0  0  0  0  0  0  0  0  0  0  0  0  0  0  0  0  0  0  0  0  0  0  0  0  0  0  0  0  1  0  1  0  0  0  0  0  0  0  0  0  
0  0  0  0  0  0  0  0  0  0  0  2  0  2  0  0  44762  678  0  0  0  0  52752  120  0  0  0  0  0  0  0  0  226  88551  0  128  22  172  0  0  175  0  89398  0  1  0  7  99182  0  409  0  0  0  0  1  0  0  0  2  15  0  0  3  0  0  0  1  0  0  0  0  96  27236  10  0  0  0  0  0  0  0  0  0  0  0  0  0  0  0  0  0  0  0  0  0  0  0  0  0  0  0  0  0  0  0  0  0  0  0  0  0  0  0  0  0  0  0  0  0  0  0  0  0  0  0  0  0  0  0  0  0  0  0  0  0  0  0  0  0  0  0  0  0  0  0  0  0  0  24257  0  2260  3  38  2  0  0  0  0  0  0  
0  6  0  420  1  1  1  0  0  0  0  1  0  0  96  0  0  0  87  0  69  0  0  0  1053  105162  0  0  11  0  0  0  200  192473  34  0  1  7  0  10  91222  0  62  0  2298  2  0  2357  713  0  39  15  3  123  33999  1161  113  215  33  6  21  0  0  0  447  3  800  82  300  0  3  0  122031  40888  0  0  0  0  0  0  0  0  0  0  0  0  0  0  0  0  0  0  0  0  0  0  0  0  0  0  0  0  0  0  0  0  0  0  0  0  0  0  0  0  0  0  0  0  0  0  0  0  0  0  0  0  0  0  0  0  0  0  0  0  0  0  0  0  0  0  0  0  0  0  0  0  0  0  7  27  18  16  470  9  0  0  0  0  0  0  
0  452  0  0  0  0  0  0  0  0  0  0  0  0  0  0  0  0  163  0  1999  0  2  0  0  0  0  0  0  0  0  0  0  0  5  0  0  85585  0  0  0  0  68678  3  0  0  0  289  0  101482  4  0  0  0  0  0  213  0  59477  123533  2930  0  0  0  0  0  0  0  0  0  0  242047  3659  0  0  0  0  0  0  0  0  0  0  0  0  0  0  0  0  0  0  0  0  0  0  0  0  0  0  0  0  0  0  0  0  0  0  0  0  0  0  0  0  0  0  0  0  0  0  0  0  0  0  0  0  0  0  0  0  0  0  0  0  0  0  0  0  0  0  0  0  0  0  0  0  0  0  0  5  0  2909  0  0  0  0  0  0  0  0  0  
0  7  0  1  0  0  0  0  0  0  0  0  0  0  0  0  0  0  21  0  4  0  0  0  1  6  0  0  0  0  0  0  0  18328  984  6  81277  0  0  0  17  0  71999  1  0  0  0  415  0  6961  2  0  0  0  1  0  81  0  17092  17761  0  0  0  0  0  0  0  0  0  0  0  220757  254217  7  0  0  0  0  0  0  0  0  0  0  0  0  0  0  0  0  0  0  0  0  0  0  0  0  0  0  0  0  0  0  0  0  0  0  0  0  0  0  0  0  0  0  0  0  0  0  0  0  0  0  0  0  0  0  0  0  0  0  0  0  0  0  0  0  0  0  0  0  0  0  0  0  0  0  0  0  163  0  0  0  0  0  0  0  0  0  
10868  0  0  0  1372  29  0  0  0  0  0  5  45113  73910  36  0  0  26  0  0  0  0  0  3576  0  0  0  0  1  0  0  0  0  0  0  0  0  0  0  605  0  0  0  0  18  0  25803  1  49917  0  0  20521  33  15  0  0  2  0  0  0  0  7167  4  31392  1  2  0  17  0  0  0  0  0  0  0  0  0  0  0  0  0  0  0  0  0  0  0  0  0  0  0  0  0  0  0  0  0  0  0  0  0  0  0  0  0  0  0  0  0  0  0  0  0  0  0  0  0  0  0  0  0  0  0  0  0  0  0  0  0  0  0  0  0  0  0  0  0  0  0  0  0  0  0  0  0  0  0  0  0  10  0  0  6531  0  0  0  0  0  0  0  
39  0  0  0  55  4  0  0  0  0  0  52839  1  44201  3  0  0  47  1  0  2  0  0  7  1  2  0  0  0  0  0  0  4  0  0  1  0  0  218  0  483  0  0  0  160  0  24  207  40158  0  2  4984  35  37  1  4  0  2  0  0  0  3  0  53  2  1  2  3049  2  0  0  0  7  8  0  0  0  0  0  0  0  0  0  0  0  0  0  0  0  0  0  0  0  0  0  0  0  0  0  0  0  0  0  0  0  0  0  0  0  0  0  0  0  0  0  0  0  0  0  0  0  0  0  0  0  0  0  0  0  0  0  0  0  0  0  0  0  0  0  0  0  0  0  0  0  0  0  0  0  97  0  1  2804  5  0  0  0  0  0  0  
16  530  0  19241  22  5  0  1  1  0  0  390  1  7  56  0  11651  18  626  0  5942  6  2  0  221  112504  1  0  5  0  0  0  21052  1386  37  96006  1  0  13  3165  0  3  74  70  7467  1  18  108876  97464  2  5282  297  9  80  277  843  1042  2033  1500  64  2563  1  0  8  291  1  381  3771  328  0  145  0  28445  30428  0  0  0  0  0  0  0  0  0  0  0  0  0  0  0  0  0  0  0  0  0  0  0  0  0  0  0  0  0  0  0  0  0  0  0  0  0  0  0  0  0  0  0  0  0  0  0  0  0  0  0  0  0  0  0  0  0  0  0  0  0  0  0  0  0  0  0  0  0  0  0  0  0  0  7  32  88  82  110298  215  0  0  0  0  0  0  
0  59465  0  0  0  0  0  0  0  0  1119  0  0  0  0  0  0  0  52515  10177  1  53074  0  0  0  0  0  0  0  0  0  0  0  0  0  0  0  0  0  0  0  0  0  4501  0  0  0  0  0  0  1619  0  0  0  0  0  17018  41  4  0  5  0  0  0  72  0  0  0  0  0  0  0  2  0  0  0  0  0  0  0  0  0  0  0  11  0  0  0  0  0  0  0  0  0  0  0  0  0  0  0  0  0  0  0  0  0  0  0  0  0  0  0  0  0  0  2  0  0  0  0  0  0  0  0  0  0  0  0  0  0  0  0  0  0  0  0  0  0  0  0  0  0  0  0  0  0  0  0  0  0  0  0  0  0  0  0  0  0  0  0  
0  0  0  0  0  0  0  0  0  0  0  0  0  0  0  0  481  0  0  0  11801  0  44070  14  0  1  0  0  0  0  0  0  1  44574  68059  89  69049  57407  0  0  104  0  0  0  2  0  0  4369  0  32952  0  0  0  0  0  0  0  0  0  24  34372  0  1  0  1  0  0  0  0  0  0  31607  30611  31  0  0  0  0  0  0  0  0  0  0  0  0  0  0  0  0  0  0  0  0  0  0  0  0  0  0  0  0  0  0  0  0  0  0  0  0  0  0  0  0  0  0  0  0  0  0  0  0  0  0  0  0  0  0  0  0  0  0  0  0  0  0  0  0  0  0  0  0  0  0  0  0  0  0  111306  0  22364  0  0  1  0  0  0  0  0  0  
0  5054  0  0  0  0  536  130  3218  41360  145041  0  0  0  0  0  0  0  7531  29730  115  288875  13814  0  7  0  0  0  0  13895  0  0  0  0  0  0  0  0  0  0  0  4554  0  0  54  0  0  0  0  0  11649  0  0  1  0  1  36426  11774  5287  14  33830  0  0  0  72723  763  1  1  0  0  388  0  636  0  0  0  0  0  0  0  0  0  1  0  1  0  0  0  0  0  0  0  0  0  0  6  0  0  0  0  0  0  0  1  0  0  0  0  0  0  0  0  0  0  0  0  0  0  0  0  0  0  0  0  0  0  0  0  0  0  0  0  0  0  0  0  0  0  0  0  0  0  0  0  0  0  0  0  0  0  271  16  18  0  0  0  0  0  0  0  
17  368  132770  105836  20  12  131  10482  52  0  0  271  0  2  275  4632  5  4  977  50  1565  2  0  2  452  5689  505  243341  270999  110  0  0  0  0  0  780  0  0  11  534  980  2  0  48  0  142778  17  249  64537  0  1756  495  10  804  134  11891  1779  3057  1173  35  668  1  0  13  6677  93  315034  26485  78332  0  6828  0  1615  9  0  0  0  0  0  0  0  0  0  0  0  0  0  0  0  0  0  0  0  0  0  0  0  0  0  0  0  0  0  0  0  0  0  0  0  0  0  0  0  0  0  0  0  0  0  0  0  0  0  0  0  0  0  0  0  0  0  0  0  0  0  0  0  0  0  0  0  0  0  0  0  0  0  0  0  818  0  609  12040  546  0  0  0  0  0  0  
0  1  69376  0  0  13  2237  65682  115369  0  0  0  0  0  0  15791  0  0  13  240  1  1  0  0  0  0  20106  2039  12745  49340  0  0  0  0  0  2  0  0  0  0  0  0  0  0  104026  0  0  0  1  0  6  0  0  356  0  53839  23  474  0  0  2  0  0  0  5098  61  82890  1  15471  0  86196  0  2  0  0  0  4  0  0  0  0  8  7  0  0  0  0  0  0  1  0  0  0  0  0  0  0  0  0  0  0  0  0  14  0  0  0  0  0  0  0  0  0  0  0  0  0  0  0  11  0  0  0  0  0  0  0  0  0  0  0  0  0  0  0  0  0  0  0  1  0  0  0  0  27  0  0  0  0  18  0  2  3  0  0  0  0  0  0  0  
25366  0  0  0  3507  53  0  0  0  0  0  5  48104  454  60  0  6  71155  0  0  0  0  0  94204  0  0  0  0  0  0  0  0  0  1  4  0  0  0  24497  9  0  0  0  0  7  0  0  2923  20203  0  0  691  68  7  0  0  0  0  0  0  0  144  41  15649  0  1  0  6  0  4  0  0  0  0  0  0  0  0  0  0  0  0  0  0  0  0  0  0  0  0  0  0  0  0  0  0  0  0  0  0  0  0  0  0  0  0  0  0  0  0  0  0  0  0  0  0  0  0  0  0  0  0  0  0  0  0  0  0  0  0  0  0  0  0  0  0  0  0  0  0  0  0  0  0  0  0  0  0  5  5  0  3  176244  6  0  0  0  0  0  0  
1  17  0  16  1  0  0  0  0  3  0  93  0  2  1  0  87445  9473  38  0  291  0  7774  7282  26  30  0  0  0  0  0  1  84284  71668  104639  4624  165  180  0  31  64026  0  14937  6  222  0  4971  0  961  17  221  7  1  1  43  22  38  79  75  59  111  0  137  0  11  1  5  103  6  0  6  50  203519  29275  0  0  0  0  0  0  0  0  0  0  0  0  0  0  0  0  0  0  0  0  0  0  0  0  0  0  0  0  0  0  0  0  0  0  0  0  0  0  0  0  0  0  0  0  0  0  0  0  0  0  0  0  0  0  0  0  0  0  0  0  0  0  0  0  0  0  0  0  0  0  0  0  0  0  22943  2  5137  11602  208856  1931  0  0  0  0  0  0  
9315  252  0  72137  8498  862  5  1  0  0  0  86677  130  24277  532  1  38965  87770  227  0  1680  1  0  542  93  12706  2  29  36  0  0  0  50  50  1  467  0  0  35085  28496  65010  0  0  39  75135  0  22540  1864  0  0  1610  41062  1501  487  404  514  709  782  766  34  742  188  0  2574  157  68  3129  49576  192  14  11  0  1002  60  0  0  0  0  0  0  0  0  0  0  0  0  0  0  0  0  0  0  0  0  0  0  0  0  0  0  0  0  0  0  0  0  0  0  0  0  0  0  0  0  0  0  0  0  0  0  0  0  0  0  0  0  0  0  0  0  0  0  0  0  0  0  0  0  0  0  0  0  0  0  0  0  0  0  0  449  3  6  295799  299  0  0  0  0  0  0  
0  1  0  0  0  0  0  0  0  0  0  0  0  0  0  0  0  0  3  0  69645  0  2064  0  0  0  0  0  0  0  0  0  0  1  336  15  116370  5029  0  0  12  0  34531  0  0  0  0  14  0  0  0  0  0  0  0  0  27  0  422  51888  32630  0  0  0  0  0  0  0  0  0  0  54345  21323  10  0  0  0  0  0  0  0  0  0  0  0  0  0  0  0  0  0  0  0  0  0  0  0  0  0  0  0  0  0  0  0  0  0  0  0  0  0  0  0  0  0  0  0  0  0  0  0  0  0  0  0  0  0  0  0  0  0  0  0  0  0  0  0  0  0  0  0  0  0  0  0  0  0  0  13  0  49252  0  0  0  0  0  0  0  0  0  
0  98832  0  0  0  0  0  0  0  1  15  0  0  0  0  0  0  0  7982  1  21097  68860  1  0  0  1  0  0  0  0  0  0  0  0  0  0  0  0  0  0  0  699  0  10070  2  0  0  0  1  0  0  0  0  0  0  0  6466  10  15351  239  28785  0  0  0  17  0  0  0  0  0  0  0  1650  0  0  0  0  0  0  0  0  0  0  0  0  0  0  0  0  0  0  0  0  0  0  0  0  0  0  0  0  0  0  0  0  0  0  0  0  0  0  0  0  0  0  0  0  0  0  0  0  0  0  0  0  0  0  0  0  0  0  0  0  0  0  0  0  0  0  0  0  0  0  0  0  0  0  0  0  0  0  0  0  0  0  0  0  0  0  0  
11748  2  0  1  13750  1768  51  5  0  0  0  44688  38  89689  291215  0  0  116  12  0  41  0  0  403  7  6  0  0  1924  0  0  0  0  0  0  7  0  0  14230  9135  23  0  0  0  2650  1  3356  42  36841  0  21  0  68340  10587  0  41  15  24  8  1  15  30386  0  2386  56  433  11  94508  268  15  2  0  48  0  0  0  0  0  0  0  0  0  0  0  0  0  0  0  0  0  0  0  0  0  0  0  0  0  0  0  0  0  0  0  0  0  0  0  0  0  0  0  0  0  0  0  0  0  0  0  0  0  0  0  0  0  0  0  0  0  0  0  0  0  0  0  0  0  0  0  0  0  0  0  0  0  0  0  0  5571  0  6  52695  76  0  0  0  0  0  0  
32412  0  0  0  42743  62201  542  1  0  0  0  42  1  37  364832  14278  0  14  0  0  1  0  0  63  1  0  0  0  3  0  0  0  0  0  0  1  0  0  205  661  0  0  0  0  196  0  646  0  6149  0  1  100758  0  130173  0  3  0  2  1  0  2  74  3  55  2  6845  0  1433  81  39  3  0  1  0  0  0  0  0  0  0  0  0  0  0  0  0  0  0  0  0  0  0  0  0  0  0  0  0  0  0  0  0  0  0  0  0  0  0  0  0  0  0  0  0  0  0  0  0  0  0  0  0  0  0  0  0  2  0  0  0  0  0  0  0  0  0  0  0  0  4  0  0  0  0  0  0  0  0  0  432  0  2  14416  21  0  0  0  0  0  0  
295  0  0  0  549  66860  104528  1607  560  0  0  22  0  17  161085  235813  4  6  147  1  6  0  0  17  85  3  1  0  168  0  0  0  0  0  0  27  0  0  78  244  0  0  0  0  9765  210  93  1  2144  0  5  16922  116154  0  10  461  69  351  1  0  2  34  0  23  1561  8891  51  18498  68678  2  1703  0  43  0  0  0  0  0  0  0  0  0  0  0  0  0  0  0  0  0  0  0  0  0  0  0  0  0  0  0  0  0  0  0  0  0  0  0  0  0  0  0  0  0  0  0  0  0  0  0  0  0  0  0  0  0  0  0  0  0  0  0  0  0  0  0  0  0  0  1  0  0  0  0  0  0  0  0  0  10858  0  58  6310  407  0  0  0  0  0  0  
0  0  0  218  2  0  0  1  0  0  0  2  0  0  40  0  0  0  24  0  10  0  0  0  71706  141691  4  0  5  0  0  0  0  0  2  79346  0  0  0  11  96  0  0  1  566  1  0  93  845  0  7  12  1  92  0  12360  16  48  5  1  3  0  0  0  141  0  1908  43  129  0  1  0  38634  1  0  0  0  0  0  0  0  0  0  0  0  0  0  0  0  0  0  0  0  0  0  0  0  0  0  0  0  0  0  0  0  0  0  0  0  0  0  0  0  0  0  0  0  0  0  0  0  0  0  0  0  0  0  0  0  0  0  0  0  0  0  0  0  0  0  0  0  0  0  0  0  0  0  0  0  12  0  5  91  15  0  0  0  0  0  0  
5  55  0  220  8  3  52  467  32  0  0  23  0  1  401  2  0  1  5190  21744  256  1  0  1  139129  75637  204613  67  1665  17544  0  0  0  0  0  4091  0  0  3  127  436  1  0  9  30866  23812  3  262  3062  0  289  145  7  1132  18679  0  987  58887  149  5  107  0  0  0  125130  48  104745  524  4677  1  33594  0  41723  2  0  0  0  0  0  0  0  0  0  0  0  0  0  0  0  0  0  0  0  0  0  0  0  0  0  0  0  0  0  0  0  0  0  0  0  0  0  0  0  0  0  0  0  0  0  0  0  0  0  0  0  0  0  0  0  0  0  0  0  0  0  0  0  0  0  0  0  0  0  0  0  0  0  0  0  623  2  301  1411  146  0  0  0  0  0  0  
0  31697  0  1  0  0  0  0  1  1  688  0  0  0  0  0  0  0  186828  325  4715  9929  2  0  25  0  0  0  0  0  0  0  0  0  0  2  3  2  0  0  0  17190  0  12546  446  0  0  1  3  0  13723  1  0  2  0  12  0  8563  47158  273  2976  0  0  0  5710  0  15  1  11  0  8  1  35213  0  0  0  0  0  0  0  0  0  0  0  0  0  0  0  0  0  0  0  0  0  0  0  0  0  0  0  0  0  0  0  0  0  0  0  0  0  0  0  0  0  0  0  0  0  0  0  0  0  0  0  0  0  0  0  0  0  0  0  0  0  0  0  0  0  0  0  0  0  0  0  0  0  0  0  0  1  0  0  27  2  0  0  0  0  0  0  
0  202  0  7  0  1  1  6  2  3  5190  1  0  0  19  0  1  0  110098  37605  352  39  0  0  12050  48  20  4  15  0  0  0  0  0  0  88  0  0  0  2  36  19  0  10655  11437  5  0  20  53  0  1004  3  0  46  5  48981  7627  0  549  10  224  0  0  0  94256  2  552  41  410  0  108  0  18452  0  0  0  0  0  0  0  0  0  0  0  0  0  0  0  0  0  0  0  0  0  0  0  0  0  0  0  0  0  0  0  0  0  0  0  0  0  0  0  0  0  0  0  0  0  0  0  0  0  0  0  0  0  0  0  0  0  0  0  0  0  0  0  0  0  0  0  0  0  0  0  0  0  0  0  0  13  0  3  174  11  0  0  0  0  0  0  
0  51980  0  0  0  0  0  0  0  0  0  0  0  0  0  0  0  0  73183  0  24435  11  0  0  45  1  0  0  0  0  0  0  0  0  0  0  62773  21677  0  0  0  13  0  620  12  0  0  1  0  15  17232  0  0  0  0  0  67418  28  0  70354  1864  0  0  0  16  0  0  0  1  0  0  1822  57184  0  0  0  0  0  0  0  0  0  0  0  0  0  0  0  0  0  0  0  0  0  0  0  0  0  0  0  0  0  0  0  0  0  0  0  0  0  0  0  0  0  0  0  0  0  0  0  0  0  0  0  0  0  0  0  0  0  0  0  0  0  0  0  0  0  0  0  0  0  0  0  0  0  0  0  0  0  7  0  1  0  0  0  0  0  0  0  
0  2050  0  0  0  0  0  0  0  0  0  0  0  0  0  0  0  0  164  0  150313  1  5  0  0  0  0  0  0  0  0  0  0  0  2  1  106229  7781  0  0  0  1  26  11  5  0  0  232  0  34380  2575  0  0  0  0  0  6051  5  70948  0  35677  0  0  0  14  0  0  0  0  0  0  37274  44048  0  0  0  0  0  0  0  0  0  0  0  0  0  0  0  0  0  0  0  0  0  0  0  0  0  0  0  0  0  0  0  0  0  0  0  0  0  0  0  0  0  0  0  0  0  0  0  0  0  0  0  0  0  0  0  0  0  0  0  0  0  0  0  0  0  0  0  0  0  0  0  0  0  0  0  5  0  4367  0  0  0  0  0  0  0  0  0  
0  2725  0  0  0  0  0  0  0  6  1  0  0  0  0  0  0  0  597  0  179144  112000  93727  0  1  0  0  0  1  0  0  0  0  0  9  1  6504  0  0  1  1  1  45236  24465  106  0  0  3  1  58030  42537  0  0  0  0  2  11593  78  15495  48982  0  0  0  0  140  0  1  3  5  0  1  0  8578  0  0  0  0  0  0  0  0  0  0  0  0  0  0  0  0  0  0  0  0  0  0  0  0  0  0  0  0  0  0  0  0  0  0  0  0  0  0  0  0  0  0  0  0  0  0  0  0  0  0  0  0  0  0  0  0  0  0  0  0  0  0  0  0  0  0  0  0  0  0  0  0  0  0  0  272  1  43789  107  10  0  0  0  0  0  0  0  
10699  0  0  0  468  50  0  0  0  0  0  0  13373  40538  54674  0  0  0  0  0  0  0  0  70551  0  0  0  0  0  0  0  0  0  0  0  0  0  0  16541  4  0  0  0  0  3  0  564  0  417  0  0  36378  79  36  0  0  0  0  0  0  0  0  0  26129  0  5  0  25  0  1  0  0  0  0  0  0  0  0  0  0  0  0  0  0  0  0  0  0  0  0  0  0  0  0  0  0  0  0  0  0  0  0  0  0  0  0  0  0  0  0  0  0  0  0  0  0  0  0  0  0  0  0  0  0  0  0  0  0  0  0  0  0  0  0  0  0  0  0  0  0  0  0  0  0  0  0  0  0  0  25  0  0  1253  1  0  0  0  0  0  0  
91  0  0  0  4  759  0  0  0  0  0  0  0  0  0  0  7  4229  0  0  0  0  1  200542  0  0  0  0  0  0  113319  34329  0  1  6  0  0  0  0  0  0  0  1  0  0  0  98  94  0  0  0  0  0  0  0  0  0  0  0  0  0  0  0  43708  0  0  0  0  0  77315  0  0  0  0  0  0  0  0  0  0  0  0  0  0  0  0  0  0  0  1  0  0  0  0  0  0  0  0  0  0  0  0  0  0  3  1  0  0  0  0  0  0  0  0  0  0  0  0  0  0  0  0  0  0  0  0  0  0  0  0  0  0  0  0  0  0  0  0  0  0  0  0  0  0  0  0  0  0  125  8  48  145  78202  28125  0  0  0  0  0  0  
1856  0  0  0  159  168  0  0  0  0  0  3  5871  308  14  0  0  0  0  0  0  0  0  315029  0  0  0  0  0  0  65  18  0  0  0  0  0  0  21523  50  1  0  1  0  2  0  6473  0  1347  0  0  5823  29  11  0  0  0  0  0  0  0  24385  41912  0  0  1  0  13  0  530  0  0  0  0  0  0  0  0  0  0  0  0  0  0  0  0  0  0  0  0  0  0  0  0  0  0  0  0  0  0  0  0  0  0  0  0  0  0  0  0  0  0  0  0  0  0  0  0  0  0  0  0  0  0  0  0  0  0  0  0  0  0  0  0  0  0  0  0  0  0  0  0  0  0  0  0  0  0  0  12  0  0  59213  10  0  0  0  0  0  0  
1  135  0  1  0  0  1561  811  20595  1381  145673  0  0  0  18  0  0  0  19194  102481  1289  259  3  0  37  12  114958  53  755  168798  0  0  0  0  0  40  0  0  0  1  9  27  0  74423  5822  510  0  4  9  0  1094  9  0  32  2  96564  17166  138037  358  15  579  0  0  0  0  1320  1975  11  1255  0  126492  0  621  0  0  0  0  0  0  0  0  0  0  0  1  0  0  0  0  0  0  0  0  0  0  0  0  0  0  0  0  0  0  0  0  0  0  0  0  0  0  0  0  0  0  0  0  0  0  0  0  0  0  0  0  0  0  0  0  0  0  0  0  0  0  0  0  0  0  0  0  0  0  0  0  0  0  0  0  42  0  15  101  9  0  0  0  0  0  0  
131  0  0  0  154  80168  98838  75577  139013  119810  1  0  0  0  91  5  0  0  3  0  1  6  23  2  1  0  1  0  18  4177  4  17215  0  0  0  0  0  0  1  1  0  0  0  432  1196  41  5  5  11  0  0  297  1787  11579  0  34  5  15  2  0  3  0  0  0  1035  0  15  33  5193  16  12370  0  3  0  3  0  0  0  13  1006  80  227  283  82  0  0  0  0  38  17  0  0  0  0  0  0  0  0  0  0  0  0  6  24  0  674  0  0  0  0  0  0  0  0  0  0  0  1  6  1  0  0  0  0  0  16  919  93  0  0  0  0  0  0  0  0  0  0  0  23109  5  0  41  4  37  0  0  0  0  60392  199  2456  3200  43  0  1308  3  14  72  0  
2  41  41923  11800  4  2  47  214  62  0  0  60  0  0  162  33  0  1  285  61  209  1  0  0  765  180937  87067  177124  1642  26359  0  0  0  0  0  9338  0  0  1  141  2615  0  0  3  301081  97175  3  123  10018  0  203  141  9  316  2401  76358  391  1144  161  3  84  1  0  2  3194  32  0  1051  2963  0  5318  0  301  3  0  0  0  0  0  0  0  0  0  0  0  0  0  0  0  0  0  0  0  0  0  0  0  0  0  0  0  0  0  0  0  0  0  0  0  0  0  0  0  0  0  0  0  0  0  0  0  0  0  0  0  0  0  0  0  0  0  0  0  0  0  0  0  0  0  0  0  0  0  0  0  0  0  0  0  246  0  390  1494  237  0  0  0  0  0  0  
189  11  0  3127  266  84  9  1  0  0  0  67776  0  17  73384  1  3  41  29  0  84  0  0  15  9  43  0  0  111037  0  0  0  0  0  0  17  0  0  40  2404  170  0  0  0  40807  0  76  77  34060  0  63  80127  237  19981  4  59  60  65  32  2  31  15  0  26  137  36  226  0  8758  1  0  0  83  3  0  0  0  0  0  0  0  0  0  0  0  0  0  0  0  0  0  0  0  0  0  0  0  0  0  0  0  0  0  0  0  0  0  0  0  0  0  0  0  0  0  0  0  0  0  0  0  0  0  0  0  0  0  0  0  0  0  0  0  0  0  0  0  0  0  0  0  0  0  0  0  0  0  0  0  2118  0  11  41602  181  0  0  0  0  0  0  
12  17  6090  0  15  138  12119  60420  597  0  0  1  0  0  22354  87326  6  0  249  6  48  0  0  1  121  6  46  4  161668  4  0  0  0  0  0  52  0  0  2  4  1  0  0  2  107871  22814  1  1  54  0  49  513  50  64089  17  2371  249  690  15  1  25  4  0  0  3779  1014  4277  4923  0  0  5748  0  114  0  0  0  0  0  0  0  0  0  0  0  0  0  0  0  0  0  0  0  0  0  0  0  0  0  0  0  0  0  0  0  0  0  0  0  0  0  0  0  0  0  0  0  0  0  0  0  0  0  0  0  0  0  0  0  0  0  0  0  0  0  0  0  0  0  0  0  0  0  0  0  0  0  0  0  0  3072  0  118  3742  697  0  0  0  0  0  0  
49319  0  0  0  8919  138178  0  0  0  0  0  0  0  0  35  24082  0  0  0  0  0  0  0  39267  0  0  0  0  0  0  85797  11392  0  0  0  0  0  0  0  0  0  0  0  0  0  0  154  0  0  0  0  0  23  0  0  0  0  0  0  0  0  0  93080  156  0  29  0  0  0  0  0  0  0  0  0  0  0  0  0  455  0  0  0  0  0  0  0  0  0  0  0  0  0  0  0  0  0  0  0  0  0  0  0  0  34  80  0  0  0  0  0  0  0  0  0  0  0  0  0  0  0  0  0  0  0  0  0  0  0  0  0  0  0  0  0  0  0  0  0  6  0  0  0  23  0  0  0  0  1  1039  0  1  12736  890  0  0  0  0  0  1  
0  51  0  0  0  0  7190  3692  58457  69  0  0  0  0  4  2  0  0  96  159  180  1  0  0  8  2  5380  3  2758  106010  0  0  0  0  0  1  0  0  0  0  1  0  0  103  6536  69311  0  0  1  0  252  0  1  168  2  41110  192  572  135  2  99  0  0  0  108910  771  629  4  2481  0  0  0  54  0  0  0  0  0  0  0  0  1  7  0  0  0  0  0  0  0  0  0  0  0  0  0  0  0  0  0  0  0  0  45  0  0  0  0  0  0  0  0  0  0  0  0  0  0  0  0  0  0  0  0  0  0  0  0  0  0  0  0  0  0  0  0  0  0  1  10  0  0  0  0  49  0  0  0  0  19  0  2  53  16  0  0  0  0  0  0  
0  7  0  0  0  0  0  0  0  0  0  0  0  0  0  0  0  0  27  0  1  0  0  0  0  0  0  0  0  0  0  0  0  93  417  8  280961  223265  0  0  9  0  51592  1  1  0  0  78  0  31581  0  0  0  0  0  0  60  0  1436  83341  2  0  0  0  0  0  0  0  0  0  0  0  27930  7  0  0  0  0  0  0  0  0  0  0  0  0  0  0  0  0  0  0  0  0  0  0  0  0  0  0  0  0  0  0  0  0  0  0  0  0  0  0  0  0  0  0  0  0  0  0  0  0  0  0  0  0  0  0  0  0  0  0  0  0  0  0  0  0  0  0  0  0  0  0  0  0  0  0  0  0  1231  0  0  0  0  0  0  0  0  0  
0  554  0  27  2  0  4  2  0  0  0  2  0  0  130  0  0  0  89731  1  5136  5  0  0  154382  15186  0  0  15  0  0  0  3883  264537  52853  190868  4648  273534  0  12  38435  2  37064  115  11768  1  1  207780  127  26839  4642  31  2  192  35134  67684  36620  36520  40608  28394  2779  0  0  0  963  2  549  120  802  0  20  13939  0  108944  0  0  0  0  0  0  0  0  0  0  0  0  0  0  0  0  0  0  0  0  0  0  0  0  0  0  0  0  0  0  0  0  0  0  0  0  0  0  0  0  0  0  0  0  0  0  0  0  0  0  0  0  0  0  0  0  0  0  0  0  0  0  0  0  0  0  0  0  0  0  0  0  0  0  99  41  6774  48  495  27  0  0  0  0  0  0  
0  0  0  37  2  0  0  0  0  0  0  0  0  0  2  0  0  0  7  0  4  0  0  0  30  238  0  0  0  0  0  0  75021  36603  38  37670  0  0  0  19  29506  0  12  0  140  0  0  27089  65  5  1  1  0  4  15  43  2  3  0  0  2  0  0  0  13  1  4  26  3  0  0  0  79186  0  0  0  0  0  0  0  0  0  0  0  0  0  0  0  0  0  0  0  0  0  0  0  0  0  0  0  0  0  0  0  0  0  0  0  0  0  0  0  0  0  0  0  0  0  0  0  0  0  0  0  0  0  0  0  0  0  0  0  0  0  0  0  0  0  0  0  0  0  0  0  0  0  0  0  0  0  19  13  321  0  0  0  0  0  0  0  
0  0  0  0  0  0  0  0  0  0  0  0  0  0  0  0  0  0  0  0  0  0  0  0  0  0  0  0  0  0  0  0  0  0  0  0  0  0  0  0  0  0  0  0  0  0  0  0  0  0  0  0  0  0  0  0  0  0  0  0  0  0  0  0  0  0  0  0  0  0  0  0  0  0  0  0  0  0  131145  11691  21  0  0  0  0  0  23  678  44224  33672  0  0  0  0  0  0  0  156974  0  0  0  0  0  0  8683  0  0  0  0  0  0  0  38  0  0  0  0  0  0  0  29  0  5  0  0  10818  58776  27  0  0  0  0  0  0  0  27162  3906  11923  0  34  0  0  1  379  0  0  0  0  0  0  0  0  0  0  0  17954  0  0  2471  0  
0  0  0  0  0  0  0  0  0  0  0  0  0  0  0  0  0  0  0  0  0  0  0  0  0  0  0  0  0  0  0  0  0  0  0  0  0  0  0  0  0  0  0  0  0  0  0  0  0  0  0  0  0  0  0  0  0  0  0  0  0  0  0  0  0  0  0  0  0  0  0  0  0  0  0  0  0  0  0  0  0  0  0  0  0  0  0  0  0  0  0  0  116607  1030  224583  949  0  0  0  0  0  0  0  0  0  0  0  0  0  0  89228  2076  0  0  7  89027  4  1266  1  0  0  3  6  22  28964  0  0  0  8  1  12940  69  106096  67752  29815  0  0  0  6  0  0  0  0  0  0  6518  7154  0  0  0  0  0  0  0  0  0  5858  1  0  0  
0  0  220  0  0  0  0  5  0  0  0  0  0  0  0  29  0  0  0  0  0  0  0  0  0  0  0  0  0  1  0  0  0  0  0  0  0  0  0  0  0  0  0  0  0  2  0  0  0  0  0  0  0  0  0  0  0  0  0  0  0  0  0  0  0  0  0  0  0  0  0  0  0  0  0  0  0  0  0  0  1  18794  1  0  0  0  0  0  0  97458  0  0  2  0  0  0  0  0  0  0  16654  39043  36225  33485  0  0  0  0  0  0  0  0  0  0  0  0  0  0  58108  125117  0  0  0  0  0  0  0  1  0  4  0  0  0  0  0  0  0  0  3  10  25313  0  7836  0  20  0  0  0  0  0  0  0  0  0  0  1  0  0  0  0  
0  0  0  0  0  0  0  0  0  0  0  0  0  0  0  0  0  0  0  0  0  0  0  0  0  0  0  0  0  0  0  0  0  0  0  0  0  0  0  0  0  0  0  0  0  0  0  0  0  0  0  0  0  0  0  0  0  0  0  0  0  0  0  0  0  0  0  0  0  0  0  0  0  0  0  0  0  0  0  0  0  0  0  0  0  73086  0  0  0  0  7  22  112  0  1  0  0  0  19  97279  5  45045  40514  1  0  0  1068  1025  92  351  0  0  0  2  38614  0  0  4  87370  0  0  26  42491  0  0  4  0  0  3127  294  7  270  12  1  0  0  0  0  19  0  592  16910  20  0  5  0  12  32  0  0  0  0  0  0  0  7  0  1  55  0  
0  0  0  0  3  0  0  0  0  0  0  0  0  0  0  19  0  0  0  0  0  0  0  0  0  0  0  0  0  0  0  0  0  0  0  0  0  0  0  0  0  0  0  0  0  0  0  0  0  0  0  0  0  0  0  0  0  0  0  0  0  0  0  0  0  1  0  0  0  0  0  0  0  0  92184  0  0  0  0  21787  93  0  0  0  0  0  0  5  41136  174904  0  0  0  0  0  0  0  8  0  0  0  0  0  0  0  0  0  0  0  0  0  0  0  0  0  0  0  0  0  0  1  0  0  0  0  355  64370  65  0  0  0  0  0  0  0  383  1  23  0  184  0  0  0  0  0  0  0  0  0  0  0  0  0  0  0  1442  0  0  120  0  
0  0  0  0  39  2010  12  0  0  0  0  0  0  0  0  406  0  0  0  0  0  0  0  0  0  0  0  0  0  0  1175  73  0  0  0  0  0  0  0  0  0  0  0  0  0  0  0  0  0  0  0  0  1  0  0  0  0  0  0  0  0  0  0  0  0  2463  0  0  0  468  0  0  0  0  39134  0  0  0  88091  0  76052  45  1  0  0  0  0  5  13662  293151  0  0  0  0  0  0  0  152  0  0  0  0  0  0  3345  25961  0  0  0  0  0  0  0  0  0  0  0  0  0  2  1  0  6  0  0  2695  24171  13162  0  0  0  0  0  0  0  75  21169  712  0  118265  1  7  2  72145  24  0  0  0  0  27  0  0  0  2  0  48449  0  8  926  3  
0  0  0  0  0  82  292  225  7  0  0  0  0  0  0  197  0  0  0  0  0  0  0  0  0  0  0  0  0  0  0  0  0  0  0  0  0  0  0  0  0  0  0  0  0  0  0  0  0  0  0  0  0  0  0  0  0  0  0  0  0  0  0  0  0  200  0  0  0  0  0  0  0  0  169  0  2  0  1192  88671  0  111772  2492  0  0  0  0  1  3768  143934  0  0  0  0  0  0  0  0  0  0  141  3  4  7  0  0  0  0  0  0  0  0  0  0  0  0  0  0  66  206  0  0  5  0  0  205  19796  32780  0  21  0  1  0  0  0  0  0  0  6  98824  520  17  1513  0  11407  0  0  0  0  0  0  0  0  0  0  513  0  0  152  0  
0  0  0  0  0  0  8  528  99  0  0  0  0  0  0  77  0  0  0  0  0  0  0  0  0  0  0  0  0  0  0  0  0  0  0  0  0  0  0  0  0  0  0  0  0  1  0  0  0  0  0  0  0  0  0  0  0  0  0  0  0  0  0  0  0  303  0  0  0  0  1  0  0  0  15  0  23870  0  63  1046  114792  0  68279  6  0  0  0  0  174  190784  0  1  59  1  0  0  0  0  0  0  214  7  4746  31  0  0  0  0  0  0  0  0  0  0  3  0  0  49  5461  59166  0  0  3  0  0  115  4651  14506  0  68  11  33  0  0  0  1  0  0  188  86480  530  12  55394  0  18792  0  0  0  0  0  0  0  0  0  0  468  0  0  183  0  
0  0  1  0  0  0  0  224  410  48  0  0  0  0  0  0  0  0  0  0  0  0  0  0  0  0  0  0  0  6  0  0  0  0  0  0  0  0  0  0  0  0  0  1  0  11  0  0  0  0  0  0  0  0  0  0  0  0  0  0  0  0  0  0  0  637  0  0  0  0  33  0  0  0  9  0  0  0  28  345  1810  32521  0  26203  0  0  0  0  35  36  0  3  289  0  2  6  1  0  0  0  88  2  247  14423  0  0  0  0  0  0  0  0  0  1  14  0  0  2401  293  45502  0  0  12  0  1  36  1036  1159  2  74  41  200  6  0  1  3  0  0  6107  118167  131  7  498  0  91001  0  1  0  0  0  0  0  0  0  0  158  344  3  84  0  
0  0  0  0  0  0  0  1  9  43  0  0  0  0  0  0  0  0  0  0  0  0  0  0  0  0  0  0  0  3  0  0  0  0  0  0  0  0  0  0  0  0  0  2  0  0  0  0  0  0  0  0  0  0  0  0  0  0  0  0  0  0  0  0  1  103  0  0  0  0  0  0  0  0  0  0  0  0  0  2  4  119  68385  0  11  0  0  0  0  1  0  2  4  0  0  357  24164  0  0  0  6  0  23  26355  0  0  0  0  0  0  0  0  0  0  63  0  0  70037  31  5  0  9  0  0  0  0  6  54  0  10  2  7  0  0  0  0  0  0  5505  61796  1  1  48  0  8713  0  0  0  0  0  0  6  4  0  0  4  25650  34  118  0  
0  0  0  0  0  0  0  0  0  0  944  0  0  0  0  0  0  0  0  89  0  39  0  0  0  0  0  0  0  5  0  0  0  0  0  0  0  0  0  0  0  0  0  2  0  0  0  0  0  0  0  0  0  0  0  0  0  0  0  0  0  0  0  0  1  0  0  0  0  0  0  0  0  0  0  0  0  0  0  0  0  0  0  8  0  0  0  0  0  0  0  0  1  148134  0  7707  0  0  0  0  3  0  0  1117  0  0  0  0  0  0  0  0  0  0  0  107427  0  205408  0  0  0  0  0  0  159  0  0  0  0  0  6  23528  0  0  0  0  0  0  98984  0  0  0  0  0  3  0  0  0  0  0  0  0  0  0  0  0  0  0  0  0  
0  0  0  0  0  0  0  0  0  0  0  0  0  0  0  0  0  0  0  0  0  0  0  0  0  0  0  0  0  0  0  0  0  0  0  0  0  0  0  0  0  0  0  0  0  0  0  0  0  0  0  0  0  0  0  0  0  0  0  0  0  0  0  0  0  0  0  0  0  0  0  0  0  0  0  0  0  87509  0  1  0  0  0  0  0  0  12  24929  10  0  0  303  1  0  0  0  0  149  0  0  0  0  6449  0  0  0  112  477  358  0  0  0  9  44101  1  0  0  0  26294  0  13  18  72658  0  0  22630  4  1  0  0  0  0  0  0  0  0  0  0  0  0  0  110672  4  0  0  0  0  0  0  0  0  0  0  0  0  0  0  0  721  0  
0  0  0  0  0  0  0  0  0  0  0  0  0  0  0  0  0  0  0  0  0  0  0  0  0  0  0  0  0  0  0  0  0  0  0  0  0  0  0  0  0  0  0  0  0  0  0  0  0  0  0  0  0  0  0  0  0  0  0  0  0  0  0  0  0  0  0  0  0  0  0  0  0  0  1473  0  0  0  1  4  0  0  0  0  0  13  0  28385  2  0  0  35  0  0  0  0  0  90730  0  0  0  0  0  0  0  0  0  0  0  0  0  0  58597  12  0  0  0  0  0  0  30876  0  166  0  0  74  3  0  0  0  0  0  0  0  0  21395  2  5240  0  0  0  0  0  0  0  0  0  0  0  0  0  0  0  0  0  267  0  0  208  0  
0  0  0  0  0  0  0  0  0  0  0  0  0  0  0  0  0  0  0  0  0  0  0  0  0  0  0  0  0  0  0  0  0  0  0  0  0  0  0  0  0  0  0  0  0  0  0  0  0  0  0  0  0  0  0  0  0  0  0  0  0  0  0  0  0  0  0  0  0  0  0  0  0  0  422  0  0  0  7  10  0  0  0  0  0  27559  26478  0  10385  3  0  1  0  0  0  0  0  536  0  0  0  0  0  0  0  0  0  0  0  0  0  0  75269  47220  0  0  0  0  0  0  89  0  7837  0  0  85060  72  13  0  0  0  0  0  0  0  47828  0  357  0  1  0  62  1  0  0  0  0  0  0  0  0  0  0  0  0  374  0  0  577  0  
0  0  0  0  0  2  0  0  0  0  0  0  0  0  0  0  0  0  0  0  0  0  0  0  0  0  0  0  0  0  0  0  0  0  0  0  0  0  0  0  0  0  0  0  0  0  0  0  0  0  0  0  0  0  0  0  0  0  0  0  0  0  0  0  0  19  0  0  0  0  0  0  0  0  34754  0  0  0  39442  4257  1130  28  5  0  0  4  10  11051  0  55762  0  0  0  0  0  0  0  12133  0  0  2  0  24877  0  0  0  0  0  0  0  0  0  2  0  0  0  0  0  4  6  4  0  3  0  0  269689  375964  151882  0  0  0  0  0  0  0  69381  0  112  0  2757  2  52445  29447  0  28  0  0  0  0  0  0  0  0  0  0  327  0  0  86  0  
0  0  15  0  58  62  37  12  0  0  0  0  0  0  0  2700  0  0  0  0  0  0  0  0  0  0  0  0  0  0  6  0  0  0  0  0  0  0  0  0  0  0  0  0  0  0  0  0  0  0  0  0  0  0  0  0  0  0  0  0  0  0  0  0  0  19  0  0  0  1  0  0  0  0  32630  0  87784  0  152514  265031  129059  176874  24  0  0  0  0  0  40033  0  0  0  2  0  0  0  0  318  0  0  23  3  12231  7  9278  0  0  0  0  0  0  0  0  0  0  0  0  0  118  1789  0  0  1  0  0  155  4665  258847  0  15  1  1  0  0  0  3  165  3  7  3429  44  5  98951  10201  600  0  0  0  0  1  0  0  0  0  0  694  0  0  48  0  
0  0  0  0  0  0  0  0  0  0  0  0  0  0  0  0  0  0  0  0  0  0  0  0  0  0  0  0  0  0  0  0  0  0  0  0  0  0  0  0  0  0  0  0  0  0  0  0  0  0  0  0  0  0  0  0  0  0  0  0  0  0  0  0  0  0  0  0  0  0  0  0  0  0  0  0  0  19  0  0  0  1  6  0  0  3  0  0  0  0  0  99540  11  0  0  0  24333  11  0  6  11  0  10  0  0  0  136  0  28963  1  0  0  0  0  40539  0  181  0  249  0  4  93712  20743  0  1  1  0  1  95  173  4  64  0  0  0  0  0  0  13  1  90  2  17  0  32  0  2  0  0  0  0  0  0  0  23271  8  361  356  34174  1  
0  0  0  0  0  0  0  0  0  0  0  0  0  0  0  0  0  0  0  0  0  0  0  0  0  0  0  0  0  0  0  0  0  0  0  0  0  0  0  0  0  0  0  0  0  0  0  0  0  0  0  0  0  0  0  0  0  0  0  0  0  0  0  0  0  0  0  0  0  0  0  0  0  0  0  0  0  60  0  0  0  1  6  0  0  979  48  2  0  0  79548  0  30  0  0  0  60164  21391  0  3  2  0  4  0  0  0  3  4  3414  1  0  0  12  3  247  0  0  1  226  1  47443  494  87223  0  0  20  8  38  390  430  4  138  0  0  0  0  134  614  33  7  62  46  25  0  83  0  0  0  0  0  0  0  0  0  8450  20  2  270  86617  0  
0  0  0  0  0  0  0  0  0  0  0  0  0  0  0  0  0  0  0  0  0  0  0  0  0  0  0  0  0  0  0  0  0  0  0  0  0  0  0  0  0  0  0  0  0  0  0  0  0  0  0  0  0  0  0  0  0  0  0  0  0  0  0  0  0  0  0  0  0  0  0  0  0  0  0  100069  0  51  0  0  0  0  0  0  0  0  0  0  0  0  0  2  0  104  2658  192  0  0  30717  9  4  1  21  0  0  0  2  0  0  0  261  18  0  4  2695  62299  0  2081  893  0  0  6  1024  1  10458  7  1  1  436  685  231991  93010  74778  282  5727  0  0  0  2243  0  2  98  29  0  22  54  129483  0  0  0  0  0  0  0  0  3  1  1  53  0  
0  0  0  0  0  0  0  0  0  0  38  0  0  0  0  0  0  0  0  4  0  0  0  0  0  0  0  0  0  0  0  0  0  0  0  0  0  0  0  0  0  0  0  0  0  0  0  0  0  0  0  0  0  0  0  0  0  0  0  0  0  0  0  0  0  0  0  0  0  0  0  0  0  0  0  390  0  0  0  0  0  0  1  0  164682  0  0  0  0  0  0  0  274  0  1157  1738  0  0  17  0  37810  0  8  69  0  0  0  0  0  0  0  0  0  0  1  127478  0  69770  15  6  0  0  1  0  4466  0  0  1  1  23968  17210  173026  0  0  50  0  0  0  76966  2  2  0  17  0  25  0  0  0  0  0  0  0  0  0  0  8  0  0  0  0  
0  0  0  0  0  0  0  0  0  0  0  0  0  0  0  0  0  0  0  0  0  0  0  0  0  0  0  0  0  0  0  0  0  0  0  0  0  0  0  0  0  0  0  0  0  0  0  0  0  0  0  0  0  0  0  0  0  0  0  0  0  0  0  0  0  0  0  0  0  0  0  0  0  0  0  164295  0  0  0  0  0  0  0  0  1  0  0  0  0  0  0  0  2698  2302  0  1372  29046  0  0  0  0  0  0  0  0  0  0  0  0  0  21120  1  0  0  12  36201  4638  1908  5  0  0  17  12  90543  84985  0  0  0  0  1  12933  214  3425  66186  191072  0  0  0  26  0  0  1  0  0  0  3  11  0  0  0  0  2  0  0  0  0  239  72  0  0  
0  0  0  0  0  0  0  0  0  0  107  0  0  0  0  0  0  0  0  2  0  885  0  0  0  0  0  0  0  0  0  0  0  0  0  0  0  0  0  0  0  0  0  0  0  0  0  0  0  0  0  0  0  0  0  0  0  0  0  0  0  0  0  0  0  0  0  0  0  0  0  0  0  0  0  406  0  0  0  0  0  0  18  173  6453  0  0  0  0  0  0  0  584  380  1750  0  26967  0  0  0  0  0  0  41  0  0  1  0  0  0  0  0  0  0  8  192649  0  281124  1  0  0  0  0  0  49483  0  0  0  1  0  2610  224  337  3  126497  0  0  0  138  1  0  0  0  0  0  0  5  0  0  0  0  0  0  0  0  0  1845  41  0  0  
0  0  0  0  0  0  0  0  0  0  0  0  0  0  0  0  0  0  0  0  0  0  0  0  0  0  0  0  0  0  0  0  0  0  0  0  0  0  0  0  0  0  0  0  0  0  0  0  0  0  0  0  0  0  0  0  0  0  0  0  0  0  0  0  0  0  0  0  0  0  0  0  0  0  0  113  0  0  0  0  0  6  485  22854  0  0  0  0  0  0  47441  117602  1  0  28708  17490  0  24519  0  0  1  0  1  29  2  1663  1  0  32310  0  168  0  0  0  60  0  105505  23067  4  0  468  269  1  12324  4  0  0  3  3  4  0  12  29  2669  152949  0  18616  0  16  2487  0  0  1  0  398  108  32  0  0  1  0  0  0  12  148324  660  255454  778  97614  58498  
0  0  0  0  0  0  0  0  0  0  0  0  0  0  0  0  0  0  0  0  0  0  0  0  0  0  0  0  0  0  14  0  0  0  0  0  0  0  0  0  0  0  0  0  0  0  0  0  0  0  0  0  0  0  0  0  0  0  0  0  0  0  0  0  0  0  0  0  0  0  0  0  0  0  132652  0  0  0  3  664  0  0  0  0  0  57  114264  475  15969  299  0  34371  0  0  0  0  26041  0  0  0  0  0  0  0  13423  315  0  1  19  0  0  0  10589  2  0  0  1  0  0  0  84264  2  3  0  0  229  124  1  0  0  0  0  0  0  0  75983  212998  256278  0  1  0  0  0  661  0  0  0  0  0  0  0  0  0  0  18  7962  0  0  50590  271  
0  0  0  0  0  0  0  0  0  0  0  0  0  0  0  0  0  0  0  0  0  0  0  0  0  0  0  0  0  0  0  0  0  0  0  0  0  0  0  0  0  0  0  0  0  0  0  0  0  0  0  0  0  0  0  0  0  0  0  0  0  0  0  0  0  0  0  0  0  0  0  0  0  0  0  10  0  10  0  0  0  0  0  0  0  1  0  0  0  0  0  0  42381  14  0  0  0  0  0  11135  548  1  16  0  0  0  33  57427  323  7124  0  805  0  2  2592  0  280  2  542  0  0  3836  73  15  0  6  0  2  108367  130989  17  44504  173  1  47  0  0  0  45  2  4  71  10  0  12  2  213614  57  0  0  0  0  0  0  22  14  2033  102  40  0  
0  0  0  0  0  0  0  0  0  0  0  0  0  0  0  0  0  0  0  0  0  0  0  0  0  0  0  0  0  0  0  0  0  0  0  0  0  0  0  0  0  0  0  0  0  0  0  0  0  0  0  0  0  0  0  0  0  0  0  0  0  0  0  0  0  0  0  0  0  0  0  0  0  0  0  0  0  113937  0  0  0  0  3  0  0  5  0  0  0  0  0  2  83  0  1  0  0  0  13044  0  13  52060  22  0  0  0  940  9292  2  175295  0  0  0  12  114942  0  0  5  24805  0  0  149  632  0  0  21  0  0  160188  1899  13  119  10  1  0  0  0  0  8  1  159696  129  73  0  9  0  20  62  0  0  0  0  0  0  0  23  13  48  208  0  
0  0  202  0  0  0  0  0  0  0  0  0  0  0  0  0  0  0  0  0  0  0  0  0  0  0  0  0  0  4  0  0  0  0  0  0  0  0  0  0  0  0  0  0  0  0  0  0  0  0  0  0  0  0  0  0  0  0  0  0  0  0  0  0  0  0  0  0  0  0  0  0  0  0  0  0  16905  0  0  1  1  118  94  0  1  0  0  0  1  39  0  1  1760  38515  4  0  0  0  668  11  0  471  2245  256332  0  0  0  0  0  0  0  0  0  0  61  0  0  49  2926  3667  0  0  11  0  14  7  2  90  15  250807  178  1694  37  0  7  0  0  0  64324  547  80307  8  1891  0  42260  0  6  0  0  0  0  0  0  0  0  322  0  0  68  0  
0  0  0  0  0  0  0  0  0  0  0  0  0  0  0  0  0  0  0  0  0  0  0  0  0  0  0  0  0  0  0  0  0  0  0  0  0  0  0  0  0  0  0  0  0  0  0  0  0  0  0  0  0  0  0  0  0  0  0  0  0  0  0  0  0  0  0  0  0  0  0  0  0  0  0  0  42337  61313  0  0  0  3  0  0  0  0  0  0  0  2  0  0  31  0  1  0  0  0  1  61424  348  0  758  51  0  0  0  0  0  35  0  0  0  2  1369  0  0  0  273211  3702  0  2  122  0  0  0  0  0  136  22  2  33  3  0  0  0  0  0  6  9  185934  12  15  0  8  0  0  0  0  0  0  0  0  0  0  4  1  0  5  0  
0  0  0  0  0  0  0  0  0  0  0  0  0  0  0  0  0  0  0  0  0  0  0  0  0  0  0  0  0  0  0  0  0  0  0  0  0  0  0  0  0  0  0  0  0  0  0  0  0  0  0  0  0  0  0  0  0  0  0  0  0  0  0  0  0  0  0  0  0  0  0  0  0  0  0  0  52272  50353  0  0  1  3024  28  0  0  4256  0  0  19958  10914  0  1  50  16  0  0  0  0  0  2  357  1180  0  5  0  0  0  1  0  0  0  0  0  1  160  0  0  8  319105  78579  0  5  9372  0  0  86  2  159  102  715  7  72  3  0  0  0  0  0  484  2961  1822  136869  171944  0  399  0  0  0  0  0  0  0  0  0  0  1042  0  3  2645  0  
0  0  394  0  0  0  0  0  19  21  9  0  0  0  0  0  0  0  0  0  0  0  0  0  0  0  7  0  0  702  0  0  0  0  0  0  0  0  0  0  0  0  0  5  0  6  0  0  0  0  0  0  0  0  0  0  0  0  0  0  0  0  0  0  2  22  0  0  0  0  28  0  0  0  0  0  29433  0  1  3  5  66  13473  31676  2151  0  0  0  0  3  0  0  63  33  0  42  0  0  0  0  307395  22  134  0  0  0  0  0  0  0  0  0  0  0  3  0  0  6391  250  48682  0  0  3  0  1  1  14  125  0  37280  3  46  0  0  0  0  0  0  198078  303  22512  0  169  0  246901  0  0  0  0  0  0  0  0  0  0  2  0  0  5  0  
0  0  0  0  0  3  0  0  0  0  0  0  0  0  0  0  0  0  0  0  0  0  0  14  0  0  0  0  0  0  3231  36  0  0  0  0  0  0  0  0  0  0  0  0  0  0  0  0  0  0  0  0  0  0  0  0  0  0  0  0  0  0  9  0  0  0  0  0  0  14  0  0  0  0  10304  0  0  0  1  2764  0  0  0  0  0  0  0  0  0  10441  0  0  0  0  0  0  0  14261  0  0  0  0  0  0  0  57732  0  0  0  0  0  0  0  0  0  0  0  0  0  0  0  0  0  0  0  0  0  0  0  0  0  0  0  0  0  0  122972  4  0  0  0  0  0  71556  0  0  0  0  1  1  0  0  0  4  1  170  1  86  13562  12  
0  0  0  0  0  115  0  0  0  0  0  0  0  0  0  0  0  5  0  0  0  0  0  1  0  0  0  0  0  0  136  1327  0  0  1  0  0  0  0  0  0  0  1  0  0  0  1  0  0  0  0  0  0  0  0  0  0  0  0  0  0  0  0  0  0  401  0  0  0  57  0  0  0  0  0  0  0  0  0  29489  0  0  0  0  0  0  0  0  0  0  0  0  0  0  0  0  2367  137  0  0  0  0  0  0  51036  0  0  0  0  0  0  0  0  0  0  0  0  0  0  0  0  0  0  0  0  0  0  0  0  0  0  0  0  0  0  0  58213  12  0  22261  0  0  0  11191  0  0  0  0  9  5058  0  15  8  4669  117  54871  172  1135  46403  13185  
0  0  0  0  0  0  0  0  0  0  0  0  0  0  0  0  0  0  0  0  0  0  0  0  0  0  0  0  0  0  0  0  0  0  0  0  0  0  0  0  0  0  0  0  0  0  0  0  0  0  0  0  0  0  0  0  0  0  0  0  0  0  0  0  0  0  0  0  0  0  0  0  0  0  0  2  0  726  0  0  0  0  0  0  0  95  0  0  0  0  41  1  8  0  0  0  0  0  19  1834  2  0  0  0  0  0  0  33124  25114  9696  0  0  0  0  44904  0  0  0  11  0  0  39246  21  0  0  0  0  0  485  51  1  282  3  0  1  0  0  0  2  0  1  2  1  0  1  0  13283  96390  0  0  0  0  0  0  4  1  34  285  10  0  
0  0  0  0  0  0  0  0  0  0  0  0  0  0  0  0  0  0  0  0  0  0  0  0  0  0  0  0  0  0  0  0  0  0  0  0  0  0  0  0  0  0  0  0  0  0  0  0  0  0  0  0  0  0  0  0  0  0  0  0  0  0  0  0  0  0  0  0  0  0  0  0  0  0  0  2  0  1298  0  0  0  0  0  0  0  243  0  0  0  0  1  1  2  0  0  0  0  0  42223  4252  0  0  1  0  0  0  31105  0  121849  84544  1  255  0  0  5748  0  29621  0  4  0  0  42441  12  767  0  0  0  0  1008  0  0  14  13  108  0  0  0  0  0  0  2  1  0  0  0  4  260607  13790  0  0  0  0  0  0  20  0  1686  87  24  0  
0  0  0  0  0  0  0  0  0  0  0  0  0  0  0  0  0  0  0  0  0  0  0  0  0  0  0  0  0  0  0  0  0  0  0  0  0  0  0  0  0  0  0  0  0  0  0  0  0  0  0  0  0  0  0  0  0  0  0  0  0  0  0  0  0  0  0  0  0  0  0  0  0  0  0  4  0  39  0  0  0  0  0  0  0  210  1  0  0  0  35766  6833  1  0  0  0  31160  31  19  2  0  0  1  0  0  0  20030  118944  0  58  2  77  0  0  49  0  48062  0  0  0  0  147642  4  1752  0  0  0  0  535  1  1  18  33  240  3  0  0  0  0  0  0  1  0  0  0  22  73349  158  0  0  0  0  0  0  17849  0  6424  0  4  0  
0  0  0  0  0  0  0  0  0  0  0  0  0  0  0  0  0  0  0  0  0  0  0  0  0  0  0  0  0  0  0  0  0  0  0  0  0  0  0  0  0  0  0  0  0  0  0  0  0  0  0  0  0  0  0  0  0  0  0  0  0  0  0  0  0  0  0  0  0  0  0  0  0  0  0  1  0  411  0  0  0  1  0  0  0  0  0  0  0  0  1  6  107  0  2  0  0  0  3175  146908  16  44  24  0  0  0  7467  116700  33  0  0  0  0  2  95634  0  7  2  2097  0  0  6528  208  0  0  16  0  2  38909  542  10  360  13  0  2  0  0  0  20  0  10363  91  180  0  21  0  18863  57480  0  0  0  0  0  0  5  60  81  116  460  0  
0  0  0  0  0  0  0  0  0  0  0  0  0  0  0  0  0  0  0  0  0  0  0  0  0  0  0  0  0  0  0  0  0  0  0  0  0  0  0  0  0  0  0  0  0  0  0  0  0  0  0  0  0  0  0  0  0  0  0  0  0  0  0  0  0  0  0  0  0  0  0  0  0  0  0  78736  0  0  0  0  0  0  0  0  0  0  0  0  0  0  0  0  133  0  16775  0  74  0  8  0  0  0  0  0  0  0  0  1  0  0  0  60725  0  0  1  0  39312  0  0  0  0  70  0  83426  0  0  0  0  4  0  2  0  13109  148975  112  0  0  0  0  0  0  0  0  0  0  225053  17039  0  0  0  0  0  0  0  6  0  239  2  0  0  
0  0  0  0  0  0  0  0  0  0  0  0  0  0  0  0  0  0  0  0  0  0  0  0  0  0  0  0  0  0  0  0  0  0  0  0  0  0  0  0  0  0  0  0  0  0  0  0  0  0  0  0  0  0  0  0  0  0  0  0  0  0  0  0  0  0  0  0  0  0  0  0  0  0  0  4623  0  0  0  0  0  0  0  0  0  0  0  0  0  0  0  0  15  0  8  1  2  0  630  0  0  0  0  0  0  0  0  357  65  0  58366  0  0  0  0  0  35009  0  0  0  0  372  0  23869  2  0  0  0  20  0  0  1  26468  7341  322  0  0  0  0  0  0  0  0  0  0  291076  297590  0  0  0  0  0  0  0  0  0  1603  0  0  0  
0  0  0  0  0  0  0  0  0  0  0  0  0  0  0  0  0  0  0  0  0  0  0  0  0  0  0  0  0  0  0  0  0  0  0  0  0  0  0  0  0  0  0  0  0  0  0  0  0  0  0  0  0  0  0  0  0  0  0  0  0  0  0  0  0  0  0  0  0  0  0  0  0  0  5485  0  0  0  6  32  0  0  0  0  0  49  59552  94323  15  2  0  10  0  0  0  0  0  7956  0  0  0  0  1  0  0  0  0  0  0  0  0  0  0  3277  0  0  0  0  1  0  13181  0  37075  0  0  14740  95  97  0  0  0  0  0  0  0  12196  36  30836  0  4  0  11  21  0  0  0  0  0  0  0  0  0  0  0  0  1847  0  0  3864  0  
0  0  0  0  0  0  0  0  0  0  0  0  0  0  0  0  0  0  0  0  0  0  0  0  0  0  0  0  0  0  0  0  0  0  0  0  0  0  0  0  0  0  0  0  0  0  0  0  0  0  0  0  0  0  0  0  0  0  0  0  0  0  0  0  0  0  0  0  0  0  0  0  0  0  0  0  0  0  1  0  0  0  0  0  0  43938  12  47013  0  0  0  10  0  0  0  0  0  2  0  0  0  0  0  0  0  0  0  0  0  0  0  0  4613  0  2  0  0  0  3  0  7  0  32160  0  0  6876  5  1  4  0  0  0  0  0  0  0  0  0  0  0  0  2498  2  0  0  0  0  0  0  0  0  0  0  0  0  3  0  0  1240  0  
0  0  0  0  0  0  0  0  0  0  0  0  0  0  0  0  0  0  0  0  0  0  0  0  0  0  0  0  0  0  0  0  0  0  0  0  0  0  0  0  0  0  0  0  0  0  0  0  0  0  0  0  0  0  0  0  0  0  0  0  0  0  0  0  0  0  0  0  0  0  0  0  0  0  0  13  0  42356  0  1  2  11  66  6  0  2  0  0  0  1  29673  1682  1991  4  36  0  10  0  1056  143764  356  431  853  3  0  0  51713  13402  19  91161  0  0  0  17  0  2  22  101  20041  2  0  71235  81150  0  29  71  4  17  87303  5976  228  5096  208  8  38  0  0  0  390  64  38821  267  1611  0  575  0  26988  33238  0  0  0  0  0  0  390  576  2801  28589  46569  0  
0  0  0  0  0  0  0  0  0  0  51  0  0  0  0  0  0  0  0  18  0  8  0  0  0  0  0  0  0  0  0  0  0  0  0  0  0  0  0  0  0  2  0  0  0  0  0  0  0  0  0  0  0  0  0  0  0  0  0  0  0  0  0  0  0  0  0  0  0  0  0  0  0  0  0  82975  0  0  0  0  0  0  0  0  104858  0  0  0  0  0  0  0  108525  95553  41989  197776  0  0  0  0  0  0  0  0  0  0  0  0  0  0  0  0  0  1  16  0  0  180219  12  0  0  0  12  0  85652  1  0  0  0  1  80299  2378  25  8  457  0  0  0  42  0  0  3  0  0  0  0  1  0  0  0  0  0  0  0  0  0  0  0  0  0  
0  0  0  0  0  0  0  0  0  0  0  0  0  0  0  0  0  0  0  0  0  0  0  0  0  0  0  0  0  0  0  0  0  0  0  0  0  0  0  0  0  0  0  0  0  0  0  0  0  0  0  0  0  0  0  0  0  0  0  0  0  0  0  0  0  0  0  0  0  0  0  0  0  0  0  16  0  0  0  0  0  0  0  0  0  0  0  0  0  0  21  0  1  0  3386  0  89185  3  8  0  0  0  0  0  0  0  0  34145  47089  1  37892  41689  0  0  17  0  0  0  0  0  0  4733  0  22658  0  0  0  0  200  0  0  4  25  568  702  0  0  0  0  0  0  0  0  0  0  8327  15772  0  0  0  0  0  0  0  25316  0  15453  0  0  0  
0  0  0  0  0  0  0  0  0  0  14  0  0  0  0  0  0  0  0  0  0  0  0  0  0  0  0  0  0  0  0  0  0  0  0  0  0  0  0  0  0  0  0  0  0  0  0  0  0  0  0  0  0  0  0  0  0  0  0  0  0  0  0  0  0  0  0  0  0  0  0  0  0  0  1  5946  0  3  0  6  8  247  11174  61317  169547  1  0  0  0  3  0  0  7070  40188  9536  288459  21957  0  0  2  13  0  108  10158  0  0  1  0  0  0  0  0  0  5  386  133623  0  0  410  13  0  6  283  0  24177  8  17  223  17  67  90272  69945  10053  294  19754  0  0  0  118454  1253  13  50  172  0  5402  0  96  0  0  0  0  0  0  0  0  5  1956  19  44  0  
0  0  0  0  0  0  0  0  0  0  0  0  0  0  0  0  0  0  0  0  0  0  0  0  0  0  0  0  0  0  0  0  0  0  0  0  0  0  0  0  0  0  0  0  0  0  0  0  0  0  0  0  0  0  0  0  0  0  0  0  0  0  0  0  0  2  0  0  0  0  0  0  0  0  0  3  64912  89182  0  6  18  479  56  0  0  7391  0  2  1  42  7  197  1432  34  12  0  0  0  27  32750  2637  255571  347321  45  0  0  5  0  0  836  0  0  0  131  13047  0  0  51  0  112836  0  268  60153  0  16  1315  84  235  18938  11569  168  2398  72  6  10  0  0  0  1467  4784  321961  17364  105924  0  1227  0  15  0  0  0  0  0  0  0  0  8707  19  46  19020  0  
0  0  30  0  0  0  0  7  9  0  0  0  0  0  0  4  0  0  0  0  0  0  0  0  0  0  0  0  0  128  0  0  0  0  0  0  0  0  0  0  0  0  0  0  0  23  0  0  0  0  0  0  0  0  0  0  0  0  0  0  0  0  0  0  0  6  0  0  0  0  3  0  0  0  0  2  73957  0  1  27  640  65671  38530  0  0  0  0  0  5  2115  0  1  451  22  0  0  0  0  0  0  18635  6485  38736  59377  0  0  0  0  0  0  0  0  0  0  13  0  0  10  140587  0  0  0  1  0  2  20  262  1639  0  4747  43  319  4  0  1  0  0  0  4129  6112  52381  6  20433  0  122552  0  0  0  0  0  0  0  0  0  0  241  0  0  52  0  
0  0  0  0  0  0  0  0  0  0  0  0  0  0  0  0  0  0  0  0  0  0  0  0  0  0  0  0  0  0  0  0  0  0  0  0  0  0  0  0  0  0  0  0  0  0  0  0  0  0  0  0  0  0  0  0  0  0  0  0  0  0  0  0  0  0  0  0  0  0  0  0  0  0  4494  0  0  0  12  37  1  0  0  0  0  17  47765  376  33  3  0  47930  0  0  0  0  98  92977  0  0  0  0  2  0  0  0  0  0  0  0  0  0  14171  13  0  0  0  0  0  1  0  0  19210  0  0  7483  258  96  0  0  0  0  0  0  0  1532  7193  4616  0  21  0  0  18  0  1  0  0  0  0  0  0  0  0  0  2  1180  0  1  142853  0  
0  0  0  0  0  0  0  0  0  0  0  0  0  0  0  0  0  0  0  0  0  0  0  0  0  0  0  0  0  0  0  0  0  0  0  0  0  0  0  0  0  0  0  0  0  0  0  0  0  0  0  0  0  0  0  0  0  0  0  0  0  0  0  0  0  0  0  0  0  0  0  0  0  0  0  21  0  2  0  0  0  1  1  1  0  5  0  0  0  0  75557  2049  45  0  4  0  58  1  145  5  3  0  11  0  0  0  32602  31092  140168  3278  53  462  0  0  54698  0  7151  4  60  0  0  0  78  8783  1  0  0  1  1835  32  7  149  100  1751  21  0  0  0  11  1  15  6  19  0  2  122  193505  11364  0  0  0  0  0  0  21006  4  23137  19705  53237  12  
0  0  0  0  0  0  0  0  0  0  0  0  0  0  0  0  0  0  0  0  0  0  0  0  0  0  0  0  0  0  0  0  0  0  0  0  0  0  0  0  0  0  0  0  0  0  0  0  0  0  0  0  0  0  0  0  0  0  0  0  0  0  0  0  0  1  0  0  0  0  0  0  0  0  92  0  0  36370  45  128  26  19  57  0  0  64787  250  8407  10  18  17705  82844  565  0  4  1  1  16  34  244  164  40  15102  1  0  0  48  38  19  113  0  0  32101  36122  47580  0  0  10  101907  20  19211  371  0  0  2  24186  1434  3281  4992  2817  42  1358  27  1  7  59  0  2  153  349  748  65660  2649  0  292  0  24  0  0  0  0  0  0  0  3  5444  21  64  87805  0  
0  0  0  0  0  0  0  0  0  0  0  0  0  0  0  0  0  0  0  0  0  0  0  0  0  0  0  0  0  0  0  0  0  0  0  0  0  0  0  0  0  0  0  0  0  0  0  0  0  0  0  0  0  0  0  0  0  0  0  0  0  0  0  0  0  0  0  0  0  0  0  0  0  0  0  1257  0  0  0  0  0  0  0  0  0  0  0  0  0  0  0  0  23  0  80020  0  6342  0  58  0  0  0  0  0  0  0  0  51  907  0  86235  27849  0  0  0  0  31827  1  0  0  0  3454  0  0  25  0  0  0  9  0  1  2  1169  85942  33428  0  0  0  0  0  0  0  0  0  0  25087  26865  0  0  0  0  0  0  0  21  0  24682  0  0  0  
0  0  0  0  0  0  0  0  0  0  0  0  0  0  0  0  0  0  0  0  0  0  0  0  0  0  0  0  0  0  0  0  0  0  0  0  0  0  0  0  0  0  0  0  0  0  0  0  0  0  0  0  0  0  0  0  0  0  0  0  0  0  0  0  0  0  0  0  0  0  0  0  0  0  0  41231  0  1  0  0  0  0  0  0  0  0  0  0  0  0  0  0  4374  3146  108989  68606  0  0  0  0  0  0  2  0  0  0  0  0  0  0  0  0  0  0  54  80350  0  22851  30  0  0  0  53  1  0  1  0  0  0  7  52298  412  1461  198  55672  0  0  0  50  0  0  4  0  0  0  0  2  0  0  0  0  0  0  0  0  0  1  0  0  0  
0  0  0  0  0  0  0  0  0  0  0  0  0  0  0  0  0  0  0  0  0  0  0  0  0  0  0  0  0  0  0  0  0  0  0  0  0  0  0  0  0  0  0  0  0  0  0  0  0  0  0  0  0  0  0  0  0  0  0  0  0  0  0  0  0  4  0  0  0  0  0  0  0  0  7079  0  1  0  1090  1990  457  69  44  0  0  24846  11  96477  247772  432  0  91  1  0  0  0  0  33  0  0  2  0  375  1  0  0  0  0  0  0  0  0  7002  15518  5  0  0  0  274  17  856  1  24427  0  0  0  167235  4220  15  7  0  2  0  0  0  5959  0  48  0  972  19  91941  1257  0  134  0  0  0  0  0  0  0  0  0  0  7399  0  0  21178  0  
0  0  0  0  0  11  0  0  0  0  0  0  0  0  1  0  0  0  0  0  0  0  0  0  0  0  0  0  0  0  0  0  0  0  0  0  0  0  0  0  0  0  0  0  0  0  0  0  0  0  0  0  1  0  0  0  0  0  0  0  0  0  0  0  0  305  0  0  0  0  0  0  0  0  66958  0  0  0  96875  25266  3943  131  36  0  0  0  0  141  364236  10877  0  0  1  0  0  0  0  52  0  0  6  0  19  0  0  0  0  0  0  0  0  0  2  0  0  0  0  0  18  54  5  0  66  0  0  176885  0  62003  0  2  0  0  0  0  0  1286  0  51  1  23251  9  299  284  0  185  0  0  0  0  0  0  0  0  0  0  9265  0  0  2613  0  
0  0  0  0  0  0  3  0  0  0  0  0  0  0  0  0  0  0  0  0  0  0  0  0  0  0  0  0  0  0  0  0  0  0  0  0  0  0  0  0  0  0  0  0  0  0  0  0  0  0  0  0  0  0  0  0  0  0  0  0  0  0  0  0  0  83  0  0  0  0  0  0  0  0  304  0  1  0  879  8135  38559  4463  249  0  0  0  0  3  142068  270173  0  0  16  0  0  0  0  0  0  0  56  2  270  2  0  0  0  0  0  0  0  0  3  3  1  0  0  4  115  448  1  0  26  0  0  7500  58809  0  1  21  3  5  1  0  0  0  0  0  12  24019  208  20021  53562  0  1957  0  0  0  0  1  0  0  0  0  0  2088  0  0  358  0  
0  0  0  0  0  0  0  0  0  0  0  0  0  0  0  0  0  0  0  0  0  0  0  0  0  0  0  0  0  0  0  0  0  0  0  0  0  0  0  0  0  0  0  0  0  0  0  0  0  0  0  0  0  0  0  0  0  0  0  0  0  0  0  0  0  0  0  0  0  0  0  0  0  0  0  31  0  639  0  0  3  4  1  0  0  6  0  0  1  3  3  97  1268  14  14  2  7  0  115084  183046  93  37  405  1  0  0  463  5776  2140  44627  9  4  1  34  74261  0  1735  33  23320  8  0  20776  3569  62  6  281  16  79  0  81470  117  18472  206  9  144  0  0  0  326  34  69641  1112  2429  0  142  9  53924  346  0  0  0  0  0  0  83  1454  8069  701  4286  0  
0  0  0  0  0  0  0  0  0  0  0  0  0  0  0  0  0  0  0  0  0  0  0  0  0  0  0  0  0  0  0  0  0  0  0  0  0  0  0  0  0  0  0  0  0  0  0  0  0  0  0  0  0  0  0  0  0  0  0  0  0  0  0  0  0  0  0  0  0  0  0  0  0  0  1  8  5  41  0  0  16  165  422  2  1  3  0  0  0  30  0  62  5249  27242  18  0  0  0  133037  1686  213226  333  3574  14888  0  0  3  1  0  0  0  0  0  22  702  0  0  176  21231  1947  0  21  675  0  28  196  21  335  72138  0  1211  88644  106  3  20  0  0  0  53292  1345  84879  665  8141  0  12596  0  1398  0  0  0  0  0  0  0  0  6574  4  3  3216  0  
0  0  0  0  0  0  0  0  0  0  0  0  0  0  0  0  0  0  0  0  0  0  0  0  0  0  0  0  0  0  0  0  0  0  0  0  0  0  0  0  0  0  0  0  0  0  0  0  0  0  0  0  0  0  0  0  0  0  0  0  0  0  0  0  0  0  0  0  0  0  0  0  0  0  0  24842  0  7  0  0  0  0  0  0  12  0  0  0  0  0  0  0  238373  15552  6889  10244  0  0  1  0  0  0  3  0  0  0  0  0  0  0  0  1  0  0  283  54079  0  40229  117  0  0  0  158  0  46521  0  0  0  41  46  0  40098  43346  97  3673  0  0  0  10854  0  0  16  4  0  8  1  41793  0  0  0  0  0  0  0  0  0  4  0  2  0  
0  0  0  0  0  0  0  0  0  0  0  0  0  0  0  0  0  0  0  0  0  0  0  0  0  0  0  0  0  0  0  0  0  0  0  0  0  0  0  0  0  0  0  0  0  0  0  0  0  0  0  0  0  0  0  0  0  0  0  0  0  0  0  0  0  0  0  0  0  0  0  0  0  0  0  207  0  128  0  0  1  5  15  0  10708  3  0  0  0  1  0  9  127825  231863  283  4091  0  0  44088  21  809  9  181  3  0  0  8  4  1  3  0  0  0  5  15214  7488  0  76335  2847  12  0  89  1766  0  1073  36  2  23  11631  73760  55343  0  947  16  464  0  0  0  108131  36  215  225  421  0  684  0  45596  5  0  0  0  0  0  0  0  430  16  7  291  0  
0  0  0  0  0  0  0  0  0  0  0  0  0  0  0  0  0  0  0  0  0  0  0  0  0  0  0  0  0  0  0  0  0  0  0  0  0  0  0  0  0  0  0  0  0  0  0  0  0  0  0  0  0  0  0  0  0  0  0  0  0  0  0  0  0  0  0  0  0  0  0  0  0  0  0  108407  0  17  0  0  0  0  0  0  0  0  0  0  0  0  0  0  82958  2  4870  872  2  0  305  1  0  0  0  0  0  0  0  0  5  0  10129  38997  0  1  573  70  6  899  103  0  0  3  457  85  15304  1  0  0  37  28  41885  3043  0  8830  20604  0  0  0  102  0  0  8  1  0  0  62283  129636  0  0  0  0  0  0  0  0  0  3758  0  2  0  
0  0  0  0  0  0  0  0  0  0  0  0  0  0  0  0  0  0  0  0  0  0  0  0  0  0  0  0  0  0  0  0  0  0  0  0  0  0  0  0  0  0  0  0  0  0  0  0  0  0  0  0  0  0  0  0  0  0  0  0  0  0  0  0  0  0  0  0  0  0  0  0  0  0  0  93828  0  0  0  0  0  0  0  0  0  0  0  0  0  0  0  0  966  0  89481  3  32  0  125  0  0  0  0  0  0  0  0  26  223  0  162814  4397  0  0  4  3  317  13  0  0  0  1324  1  57034  498  0  0  0  39  0  76  13  10414  0  31254  0  0  0  0  0  0  0  0  0  0  1217  45855  0  0  0  0  0  0  0  0  0  28026  2  0  0  
0  0  0  0  0  0  0  0  0  0  0  0  0  0  0  0  0  0  0  0  0  0  0  0  0  0  0  0  0  0  0  0  0  0  0  0  0  0  0  0  0  0  0  0  0  0  0  0  0  0  0  0  0  0  0  0  0  0  0  0  0  0  0  0  0  0  0  0  0  0  0  0  0  0  0  55343  0  1  0  0  0  0  0  0  0  0  0  0  0  0  0  0  14415  51  232160  161432  110335  0  7  0  0  0  0  0  0  0  0  0  2  0  48  65  0  0  20  986  7067  14886  7  0  0  112  18  50581  50783  1  0  0  66  9  3664  130  21481  47463  0  0  0  0  5  0  0  0  0  0  0  35  1178  0  0  0  0  0  0  0  14  0  79060  19  1  0  
0  0  0  0  0  0  0  0  0  0  0  0  0  0  0  0  0  0  0  0  0  0  0  0  0  0  0  0  0  0  0  0  0  0  0  0  0  0  0  0  0  0  0  0  0  0  0  0  0  0  0  0  0  0  0  0  0  0  0  0  0  0  0  0  0  0  0  0  0  0  0  0  0  0  14905  0  0  0  68  73  0  0  0  0  0  0  24529  44758  48014  9  0  0  0  0  0  0  0  60040  0  0  0  0  0  0  0  0  0  0  0  0  0  0  10134  0  0  0  0  0  0  0  112  0  3  0  0  5531  1077  0  0  0  0  0  0  0  0  0  1  37288  0  0  0  0  0  0  0  0  0  0  0  0  0  0  0  0  0  1515  0  0  734  0  
0  0  0  0  0  0  0  0  0  0  0  0  0  0  0  0  0  0  0  0  0  0  0  0  0  0  0  0  0  0  5  0  0  0  0  0  0  0  0  0  0  0  0  0  0  0  0  0  0  0  0  0  0  0  0  0  0  0  0  0  0  0  0  0  0  0  0  0  0  0  0  0  0  0  19220  0  0  0  0  17609  0  0  0  0  0  0  1  1  1  85  0  49  0  0  0  0  19827  171721  0  0  0  0  0  0  107947  62587  0  0  0  0  0  0  5  0  0  0  0  0  0  0  2919  0  0  0  0  2  0  0  0  0  0  0  0  0  0  2  0  50507  0  2  0  0  0  20196  0  0  0  0  0  1  0  0  0  0  9  11820  22  101  108012  10049  
0  0  0  0  0  0  0  0  0  0  0  0  0  0  0  0  0  0  0  0  0  0  0  0  0  0  0  0  0  0  0  0  0  0  0  0  0  0  0  0  0  0  0  0  0  0  0  0  0  0  0  0  0  0  0  0  0  0  0  0  0  0  0  0  0  0  0  0  0  0  0  0  0  0  10789  0  0  0  6  306  0  0  0  0  0  0  8070  2766  52  26  0  1645  0  0  0  0  0  264070  0  0  0  0  0  0  14  20  0  0  0  0  0  0  41000  0  0  0  0  0  0  0  5150  0  0  0  0  52  30  0  0  0  0  0  0  0  0  39880  78457  0  0  0  0  0  0  4  0  0  0  0  0  0  0  0  0  0  0  15124  0  0  29257  3  
0  0  0  0  0  0  0  0  0  0  0  0  0  0  0  0  0  0  0  0  0  0  0  0  0  0  0  0  0  0  0  0  0  0  0  0  0  0  0  0  0  0  0  0  0  0  0  0  0  0  0  0  0  0  0  0  0  0  0  0  0  0  0  0  0  0  0  0  0  0  0  0  0  0  0  28  0  2  0  4  9  141  5664  5515  112995  0  0  0  1  13  1  3  13705  106962  95  324  8  0  0  0  99599  11  1930  161417  0  0  1  0  0  0  0  0  0  0  380  183  0  94944  3408  567  0  2  86  0  165  10  30  300  54  42455  41325  101753  567  13  61  0  0  0  0  1049  933  22  2884  0  129551  0  38  0  0  0  0  0  0  0  0  515  9  1  191  0  
6  0  0  0  0  9870  346  247  149  4145  0  0  0  0  2  0  0  0  0  0  0  0  0  0  0  0  0  0  0  3  0  106  0  0  0  0  0  0  0  0  0  0  0  0  0  0  0  0  0  0  0  2  29  0  0  0  0  0  0  0  0  0  0  0  0  38535  0  1  0  4  9  0  0  0  103  0  0  0  762  129530  125016  81114  161259  62233  0  0  0  1  1991  1098  2  17  284  2  0  1  1547  0  0  0  275  5  5340  94  1  28592  0  0  0  0  0  0  0  2  156  0  0  275  3187  530  0  6  16  0  1  786  30402  37872  10  253  29  236  6  0  0  4  11  0  636  0  649  62  18319  4465  5593  0  0  0  0  618  60  1339  256  30  1  23246  1823  186  2402  29  
0  0  0  0  0  0  0  0  0  0  0  0  0  0  0  0  0  0  0  0  0  0  0  0  0  0  0  0  0  0  0  0  0  0  0  0  0  0  0  0  0  0  0  0  0  0  0  0  0  0  0  0  0  0  0  0  0  0  0  0  0  0  0  0  0  0  0  0  0  0  0  0  0  0  0  2  31487  3134  0  1  16  116  159  0  0  1  0  0  0  7  1  19  1390  20  2  2  0  0  0  165096  86516  166733  6494  16567  0  0  2  0  0  11341  0  0  0  5  25043  0  0  62  398028  37604  0  4  259  0  15  250  31  561  76635  92559  218  1081  30  1  2  0  0  0  970  2240  0  461  13388  0  17307  0  4  0  0  0  0  0  0  0  0  8027  1  4  4512  0  
0  0  0  0  0  0  0  0  0  0  0  0  0  0  0  0  0  0  0  0  0  0  0  0  0  0  0  0  0  0  0  0  0  0  0  0  0  0  0  0  0  0  0  0  0  0  0  0  0  0  0  0  0  0  0  0  0  0  0  0  0  0  0  0  0  1  0  0  0  0  0  0  0  0  0  0  0  25024  5  25  256  42  35  0  0  90196  0  22  50634  111  2  77  34  0  0  0  0  0  0  0  2  1  183975  0  0  0  0  3  0  0  0  0  3  1344  718  0  0  2  37685  12  1  41  66619  0  2  90567  1066  41172  112  59  4  23  0  0  1  0  0  0  12  474  14  0  3625  0  73  0  0  0  0  0  0  0  0  0  0  524  6  15  10334  0  
0  0  0  0  0  1  0  0  0  0  0  0  0  0  0  0  0  0  0  0  0  0  0  0  0  0  0  0  0  0  0  0  0  0  0  0  0  0  0  0  0  0  0  0  0  0  0  0  0  0  0  0  0  0  0  0  0  0  0  0  0  0  0  0  0  22  0  0  0  0  0  0  0  0  0  0  5907  0  8  97  6902  40583  326  0  0  0  0  0  28886  80274  0  11  273  58  1  0  0  0  0  2  1991  34  186382  44  0  0  0  0  0  1  0  0  1  2  71  0  0  20  81281  17652  1  0  127  0  0  1889  458  61237  332  2154  44  265  8  1  1  0  0  0  2727  15757  2572  4439  0  0  2980  0  0  0  0  0  0  0  0  0  0  3113  1  1  3815  0  
0  0  0  0  1  17  0  0  0  0  0  0  0  0  0  2  0  0  0  0  0  0  0  0  0  0  0  0  0  0  306  3  0  0  0  0  0  0  0  0  0  0  0  0  0  0  0  0  0  0  0  0  0  0  0  0  0  0  0  0  0  0  0  0  0  66  0  0  0  39  0  0  0  0  602  0  0  0  4  81538  0  0  0  0  0  0  0  0  0  15307  0  0  0  0  0  0  0  694  0  0  0  0  0  0  71752  12839  0  0  0  0  0  0  0  0  0  0  0  0  0  0  0  0  0  0  0  0  0  0  0  0  0  0  0  0  0  0  39487  1  0  4044  0  0  0  0  0  0  0  0  0  73  0  0  0  0  0  416  0  1  0  0  
0  0  1  0  0  0  0  21  182  3  0  0  0  0  0  1  0  0  0  0  0  0  0  0  0  0  0  0  0  47  0  0  0  0  0  0  0  0  0  0  0  0  0  1  0  16  0  0  0  0  0  0  0  0  0  0  0  0  0  0  0  0  0  0  1  263  0  0  0  0  62  0  0  0  3  5  54  0  17  204  2254  2962  82461  329  2  0  0  0  22  395  0  5  4650  28  10  0  0  0  0  0  107080  29  7365  231239  0  0  0  0  0  0  0  0  0  0  127  1  0  443  12404  102735  0  0  25  0  36  33  690  1924  29  34971  525  3125  84  0  7  0  0  0  111118  6500  62897  17  4517  0  0  0  9  0  0  0  0  0  0  0  0  388  0  0  160  0  
0  0  0  0  0  0  0  0  0  0  0  0  0  0  0  0  0  0  0  0  0  0  0  0  0  0  0  0  0  0  0  0  0  0  0  0  0  0  0  0  0  0  0  0  0  0  0  0  0  0  0  0  0  0  0  0  0  0  0  0  0  0  0  0  0  0  0  0  0  0  0  0  0  0  0  16895  0  0  0  0  0  0  0  0  0  0  0  0  0  0  0  0  49  0  5  0  20  0  84  0  0  0  0  0  0  0  0  3  56  0  250341  328565  0  0  1  0  11672  0  0  0  0  284  0  30963  1  0  0  0  15  0  9  3  63763  17833  205  0  0  0  0  0  0  0  0  0  0  0  106835  0  0  0  0  0  0  0  27  0  817  0  0  0  
0  0  0  0  0  0  0  0  0  0  0  0  0  0  0  0  0  0  0  0  0  0  0  0  0  0  0  0  0  0  0  0  0  0  0  0  0  0  0  0  0  0  0  0  0  0  0  0  0  0  0  0  0  0  0  0  0  0  0  0  0  0  0  0  0  0  0  0  0  0  0  0  0  0  0  3801  0  12  0  0  0  1  0  0  0  0  0  1  0  0  1  1  98247  7  57  6  10  0  224184  25  41  2  26  0  0  0  19590  215337  60857  16973  4675  317757  0  0  29709  0  19173  59  332  3  0  255912  107  28167  36  4  1  4  74743  3997  25083  67083  115392  27090  5380  0  0  0  315  6  36  15  85  0  71  56954  0  4168  0  0  0  0  0  0  71  102  33827  347  148  0  
0  0  0  0  0  0  0  0  0  0  0  0  0  0  0  0  0  0  0  0  0  0  0  0  0  0  0  0  0  0  0  0  0  0  0  0  0  0  0  0  0  0  0  0  0  0  0  0  0  0  0  0  0  0  0  0  0  0  0  0  0  0  0  0  0  0  0  0  0  0  0  0  0  0  0  7  0  53  0  0  0  0  0  0  0  0  0  0  0  0  1  0  11  2  0  0  0  0  34  99  1  0  0  0  0  0  83226  28381  173  66252  0  0  0  0  29263  0  1  0  5  1  0  19326  3  0  0  0  0  0  972  27  2  367  2  0  7  0  0  0  4  0  3  1  0  0  2  0  11455  0  0  0  0  0  0  0  8  3  71  116  11  0  
0  0  0  0  0  1  0  0  0  0  0  0  0  0  0  0  51976  25615  0  0  0  0  177988  2574  0  0  0  0  0  0  66  2589  0  9  33081  34  9  0  0  0  40  0  127618  0  0  0  134  41151  0  360  0  0  0  0  0  0  0  0  1  0  1289  0  407  0  0  0  0  0  0  3  0  0  201  0  0  0  0  0  0  0  0  0  0  0  0  0  0  0  0  0  0  0  0  0  0  0  0  0  0  0  0  0  0  0  0  33  0  0  0  0  0  0  0  0  0  0  0  0  0  0  0  0  0  0  0  0  0  0  0  0  0  0  0  0  0  0  0  0  0  0  0  0  0  0  0  0  0  0  0  3841  429279  62083  16849  533  0  7  0  0  0  1  
506  3  0  0  1525  19892  156  53  2  0  0  13  2  7  289  0  105  484  120  1  2  0  134  95  74  2  0  0  99  0  9  47117  0  0  2  14  0  0  57  72  2  0  1  1  9141  5  273  1  807  0  7  9108  466  8833  0  580  53  294  3  0  1  29  6  13  1237  28234  55  1098  2681  1858  27  0  34  1  0  0  0  0  0  8  0  0  0  0  0  0  0  0  0  0  0  0  0  0  0  0  0  0  0  0  0  0  0  0  0  4472  0  0  0  0  0  0  0  0  0  0  0  0  0  0  0  0  0  0  0  0  0  0  0  0  0  0  0  0  0  0  0  0  0  75  0  0  0  3  0  0  0  0  2439  0  161  29945  47787  55448  4  199  1  8  0  33  
0  3  0  0  0  0  0  0  21  7681  0  0  0  0  0  0  44  48  5  0  3  2401  133906  15  2  0  0  0  0  0  5  206  0  1  8651  100  2201  156  0  1  112  0  27982  1801  31  0  0  16904  9  58343  21  0  0  0  3  7  16  2  197  5281  31871  0  9  0  2  209  2  1  0  0  0  239  18573  21  0  0  0  0  0  0  0  0  0  1  0  0  0  0  0  0  0  0  0  0  0  0  0  0  0  0  0  0  0  0  0  0  0  0  0  0  0  0  0  0  0  0  0  0  0  0  0  0  0  0  0  0  0  0  0  0  0  0  0  0  0  0  0  0  0  43  0  0  0  0  0  0  0  0  165552  6  0  101863  2700  147  0  0  0  1  1  0  
2  3  0  1  2  4  3  3  0  359  0  0  0  0  11  0  625  5547  357  1  22  3  5043  234  33  0  0  1  6  0  54  1755  0  3  4  45  0  0  0  0  51  0  15  3  2910  2  14  15680  6  0  28  17  1  89  1  433  242  788  25  0  13  0  73  0  3605  2495  51  6  273  7  19  0  386  1  0  0  0  0  0  0  0  0  0  1  0  0  0  0  0  0  0  0  0  0  1  0  0  0  0  0  0  0  0  0  0  453  0  0  0  0  0  0  0  0  0  0  0  0  0  0  0  0  0  0  0  0  0  0  0  0  0  0  0  0  0  0  0  0  0  264  0  0  0  0  0  0  0  0  28455  77964  83848  0  39110  89373  2  83  1  4253  25  18  
12661  186  0  1  6711  6793  13  0  0  5  0  64  27  18  792  8  137242  135076  332  0  992  1  5107  26536  18  7  0  0  0  0  1335  7841  37  3  725  11  0  0  446  184  4823  1  54  22  2899  0  77408  110115  116991  0  1082  6749  1338  2400  2  89  932  864  612  12  446  56  58084  11271  1272  154  49  4709  334  1346  17  0  428  7  0  0  0  0  0  0  0  0  0  0  0  0  0  0  0  0  0  0  0  0  0  0  0  0  0  0  0  0  0  0  0  4  0  0  0  0  0  0  0  0  0  0  0  0  0  0  0  0  0  0  0  0  0  0  0  0  0  0  0  0  0  0  0  0  0  1  0  0  0  0  0  0  0  0  14091  16478  726  22613  0  412089  0  0  0  0  0  0  
6  4  0  0  6  1041  1  1  0  0  0  0  0  0  4  0  1047  22442  111  1  17  0  3346  1380  4  0  0  0  1  0  203  10281  0  0  31  10  0  0  0  0  15  0  17  0  506  0  104  2701  219  0  15  12  1  71  0  61  93  244  19  0  7  0  29913  0  948  16  8  8  132  328  7  0  101  0  0  0  0  0  0  0  0  0  0  0  0  0  0  0  0  0  0  0  0  0  0  0  11  0  0  0  0  0  0  0  0  2740  0  0  0  0  0  0  0  0  0  0  0  0  0  0  0  0  0  0  0  0  0  0  0  0  0  0  0  0  0  0  0  0  0  1  0  0  0  0  0  0  0  0  1749  77943  1702  116746  780355  0  2  229  4  15  2  201  
0  0  0  0  0  0  0  0  0  0  0  0  0  0  0  0  0  0  0  0  0  0  0  0  0  0  0  0  0  0  0  1  0  0  0  0  0  0  0  0  0  0  0  0  0  0  0  0  0  0  0  0  0  0  0  0  0  0  0  0  0  0  0  0  0  0  0  0  0  0  0  0  0  0  0  0  0  0  0  0  0  0  0  0  0  0  0  0  0  0  41062  26342  9  0  0  0  141299  6  0  0  0  0  1  0  17  2215  1  10  30170  0  18  0  0  0  671  0  62270  0  3  0  0  69889  1  36  0  0  0  0  4  1  4  7  0  7  3  0  79  0  0  0  0  0  0  0  0  59  104  0  0  3  0  0  0  95  0  14169  436220  26497  57668  2974  
0  0  0  0  0  7  0  0  0  0  0  0  0  0  0  0  0  0  0  0  0  0  0  0  0  0  0  0  0  0  0  2  0  0  0  0  0  0  0  0  0  0  0  0  0  0  0  0  0  0  0  0  0  0  0  0  0  0  0  0  0  0  0  0  0  440  0  0  0  0  0  0  0  0  11284  0  0  0  393  26459  122  248  21  1  0  0  0  107  65  118  0  46  29  3  0  0  225  1204  0  0  513  1  2836  1  49  27163  0  0  0  2  0  0  21  0  987  0  0  3  4127  130  11  0  108  0  1  6080  6739  15008  124  2139  25  234  0  0  0  1239  4201  2237  73  10211  1186  241  12963  117  194  0  0  0  0  37  0  1  0  86  673  0  215  22331  253816  66145  
0  0  0  0  0  0  0  0  1  2  0  0  0  0  0  0  0  0  0  0  0  0  0  0  0  0  0  0  0  0  0  0  0  0  0  0  0  0  0  0  0  0  0  0  0  0  0  0  0  0  0  0  0  0  0  0  0  0  0  0  0  0  0  0  0  88  0  0  0  0  0  0  0  0  0  3217  0  0  0  0  0  1  298  6906  0  0  0  0  0  0  158  7  122  0  421  2173  106545  0  92  1  3  0  2  1  4  235  40  201  2069  13  136  286  0  1  3727  0  15226  2615  78  0  0  23538  31  22550  21  1  0  0  1330  126  15  968  715  16916  66258  0  15  0  45  1114  0  6  6  0  55  157  18754  1  0  0  1  22  3  5  187047  580  0  57263  5661  266  
0  0  0  0  0  0  0  0  0  25  0  0  0  0  0  0  0  0  0  0  0  0  2  0  0  0  0  0  0  0  0  1  0  0  0  0  0  0  0  0  0  0  0  0  0  0  0  0  0  0  0  0  0  0  0  0  0  0  0  0  0  0  0  0  0  18  0  0  0  0  0  0  0  0  0  0  0  0  0  0  0  0  3  17  0  0  0  0  0  0  531  1632  8  0  5  0  158  0  4  0  0  0  7  0  42  1472  45  45  2  7  0  0  0  0  18724  0  2  3  34  0  1  14008  4  0  0  0  0  0  46  6  1  27  3  0  0  0  36  0  1  40  13  0  4  0  0  0  224  6  0  24  2  5625  0  39  10072  90076  76779  0  127297  50769  
0  0  0  0  0  0  0  0  0  1  0  0  0  0  0  0  0  0  0  0  0  0  0  0  0  0  0  0  0  0  0  0  0  0  0  0  0  0  0  0  0  0  0  0  0  0  0  0  0  0  0  0  0  0  0  0  0  0  0  0  0  0  0  0  0  4  0  0  0  0  0  0  0  0  7210  0  0  0  51  161  39  44  14  3  0  0  78  157  15  28  41265  95614  88  1  1  0  50094  30616  3  5  202  0  3836  1  4154  26758  0  11  13  1  0  0  69  10  17541  0  3  3  8295  46  66042  51843  28049  0  0  5002  1655  3130  1595  2820  19  711  0  0  0  1076  62143  5001  117  502  1667  902  7542  0  208  0  65  0  0  0  0  1  0  2  25576  182818  1149  35554  0  356051  
0  0  0  0  0  0  0  0  0  0  0  0  0  0  0  0  0  1  0  0  0  0  0  0  0  0  0  0  0  0  0  1  0  0  0  0  0  0  0  0  0  0  0  0  0  0  0  0  0  0  0  0  0  0  0  0  0  0  0  0  0  0  0  0  0  0  0  0  0  0  0  0  0  0  0  0  0  0  0  0  0  0  0  0  0  0  0  0  0  0  7  460  0  0  0  0  95143  93  0  0  1  0  0  0  52  17794  0  0  0  0  0  0  0  0  539  0  0  0  1  0  0  1594  0  0  0  0  0  0  1  1  0  0  0  0  0  0  5028  1  1  16  0  0  0  0  0  0  2  0  0  6  0  0  0  149  1814  246425  553  88400  829816  0  
